"original_url","subject","filename","version"
"s3://hcp-openaccess/HCP_1200/506234/.xdlm/506234_3T_Diffusion_unproc.json","506234",".xdlm/506234_3T_Diffusion_unproc.json",".HVcguP956fyTV.eGDeC0pXihoKKXcJE"
"s3://hcp-openaccess/HCP_1200/506234/.xdlm/506234_3T_Structural_preproc.json","506234",".xdlm/506234_3T_Structural_preproc.json","huadE8cPsJ6IZ9_DDoxQ3RgYSNdR9I_A"
"s3://hcp-openaccess/HCP_1200/506234/.xdlm/506234_3T_Structural_preproc_extended.json","506234",".xdlm/506234_3T_Structural_preproc_extended.json","vLGknu.r5To0TcKDiAXc.Ik.ordvoqmq"
"s3://hcp-openaccess/HCP_1200/506234/.xdlm/506234_3T_Structural_unproc.json","506234",".xdlm/506234_3T_Structural_unproc.json","2wTkQEHYmXWcnuz3Vc6aIfhQPeuiJhsQ"
"s3://hcp-openaccess/HCP_1200/506234/.xdlm/506234_3T_rfMRI_REST1_fixextended.json","506234",".xdlm/506234_3T_rfMRI_REST1_fixextended.json","lyo7KgGs.b7.uMm8RVfTM8DReKr5xXoi"
"s3://hcp-openaccess/HCP_1200/506234/.xdlm/506234_3T_rfMRI_REST1_preproc.json","506234",".xdlm/506234_3T_rfMRI_REST1_preproc.json","VIYZ2iQorIIUnaT3rYvpWKwkx_e4py0Z"
"s3://hcp-openaccess/HCP_1200/506234/.xdlm/506234_3T_rfMRI_REST1_unproc.json","506234",".xdlm/506234_3T_rfMRI_REST1_unproc.json","pY0UCjd2qr4ElZjLqV6F_3oF.c.OiRVA"
"s3://hcp-openaccess/HCP_1200/506234/.xdlm/506234_3T_rfMRI_REST2_fixextended.json","506234",".xdlm/506234_3T_rfMRI_REST2_fixextended.json","SUmEUmosIWrOLvWQWl9gks9tCo4.rkWY"
"s3://hcp-openaccess/HCP_1200/506234/.xdlm/506234_3T_rfMRI_REST2_preproc.json","506234",".xdlm/506234_3T_rfMRI_REST2_preproc.json","C4oPESV.HtHbUTqRxpNXhtRiBY5lexjA"
"s3://hcp-openaccess/HCP_1200/506234/.xdlm/506234_3T_rfMRI_REST2_unproc.json","506234",".xdlm/506234_3T_rfMRI_REST2_unproc.json","DDAd0mZLSrpjuzz2S2O46_8YEkFH6du1"
"s3://hcp-openaccess/HCP_1200/506234/.xdlm/506234_3T_rfMRI_REST_fix.json","506234",".xdlm/506234_3T_rfMRI_REST_fix.json","RJYwdjoDnN8HSwsJgdGsNdM0OqpuJN6K"
"s3://hcp-openaccess/HCP_1200/506234/.xdlm/506234_3T_tfMRI_EMOTION_analysis_s12.json","506234",".xdlm/506234_3T_tfMRI_EMOTION_analysis_s12.json","eE8DLeeYo.e_0aGnefTk1Yd9lApKshE6"
"s3://hcp-openaccess/HCP_1200/506234/.xdlm/506234_3T_tfMRI_EMOTION_analysis_s2.json","506234",".xdlm/506234_3T_tfMRI_EMOTION_analysis_s2.json","iDYrvmCL3r0oVGKpehf_oinJ2cT6Dm.D"
"s3://hcp-openaccess/HCP_1200/506234/.xdlm/506234_3T_tfMRI_EMOTION_analysis_s4.json","506234",".xdlm/506234_3T_tfMRI_EMOTION_analysis_s4.json","q3V4fUc1j53WTf7BtY2iL_ze9oYFwUEF"
"s3://hcp-openaccess/HCP_1200/506234/.xdlm/506234_3T_tfMRI_EMOTION_analysis_s8.json","506234",".xdlm/506234_3T_tfMRI_EMOTION_analysis_s8.json","jHN_6EzV8ztfJf_rcijopoQ.KLjP8IG5"
"s3://hcp-openaccess/HCP_1200/506234/.xdlm/506234_3T_tfMRI_EMOTION_preproc.json","506234",".xdlm/506234_3T_tfMRI_EMOTION_preproc.json","UGQh_EzVrU.lu.b.16OU1MKFy.Y74S_L"
"s3://hcp-openaccess/HCP_1200/506234/.xdlm/506234_3T_tfMRI_EMOTION_unproc.json","506234",".xdlm/506234_3T_tfMRI_EMOTION_unproc.json","6nFr4GbDqu1cozMazRGgek5jSF0LwVPy"
"s3://hcp-openaccess/HCP_1200/506234/.xdlm/506234_3T_tfMRI_GAMBLING_analysis_s12.json","506234",".xdlm/506234_3T_tfMRI_GAMBLING_analysis_s12.json","UzL51b0DOUBPGdpOERZMPv7T8CPvFtt5"
"s3://hcp-openaccess/HCP_1200/506234/.xdlm/506234_3T_tfMRI_GAMBLING_analysis_s2.json","506234",".xdlm/506234_3T_tfMRI_GAMBLING_analysis_s2.json","jR6IUeqIA_GfPE3GrrWgy9MZ_JsyjDV0"
"s3://hcp-openaccess/HCP_1200/506234/.xdlm/506234_3T_tfMRI_GAMBLING_analysis_s4.json","506234",".xdlm/506234_3T_tfMRI_GAMBLING_analysis_s4.json","XwLsViBdvjsElQYJ_rtxzMLDFjS_NAxk"
"s3://hcp-openaccess/HCP_1200/506234/.xdlm/506234_3T_tfMRI_GAMBLING_analysis_s8.json","506234",".xdlm/506234_3T_tfMRI_GAMBLING_analysis_s8.json","SnaNfWTBJpMHKjqtMUCPNKGzuCF02fzC"
"s3://hcp-openaccess/HCP_1200/506234/.xdlm/506234_3T_tfMRI_GAMBLING_preproc.json","506234",".xdlm/506234_3T_tfMRI_GAMBLING_preproc.json","kGUYhyHuEEzH4Yii_jkzKQ1CDrLdyF8v"
"s3://hcp-openaccess/HCP_1200/506234/.xdlm/506234_3T_tfMRI_GAMBLING_unproc.json","506234",".xdlm/506234_3T_tfMRI_GAMBLING_unproc.json","JgFo5VT6u9jWjXg3hhQDH6ZRnlz.35JU"
"s3://hcp-openaccess/HCP_1200/506234/.xdlm/506234_3T_tfMRI_LANGUAGE_analysis_s12.json","506234",".xdlm/506234_3T_tfMRI_LANGUAGE_analysis_s12.json","YiumyuUwtor5IRtt8i7mqnDdTKwXVQmK"
"s3://hcp-openaccess/HCP_1200/506234/.xdlm/506234_3T_tfMRI_LANGUAGE_analysis_s2.json","506234",".xdlm/506234_3T_tfMRI_LANGUAGE_analysis_s2.json",".ULRHXkboNA4ruDcc7d1W1sV8uF9IBhX"
"s3://hcp-openaccess/HCP_1200/506234/.xdlm/506234_3T_tfMRI_LANGUAGE_analysis_s4.json","506234",".xdlm/506234_3T_tfMRI_LANGUAGE_analysis_s4.json","2mIqnmU94g0oYFaHcnsdCosmZFDBJS54"
"s3://hcp-openaccess/HCP_1200/506234/.xdlm/506234_3T_tfMRI_LANGUAGE_analysis_s8.json","506234",".xdlm/506234_3T_tfMRI_LANGUAGE_analysis_s8.json","W2hnxVmZQWkPMVSRKSaOGogjB1VOMMCh"
"s3://hcp-openaccess/HCP_1200/506234/.xdlm/506234_3T_tfMRI_LANGUAGE_preproc.json","506234",".xdlm/506234_3T_tfMRI_LANGUAGE_preproc.json","y_u9xGPHQPqfozHPbLguXuQ0bksSRd48"
"s3://hcp-openaccess/HCP_1200/506234/.xdlm/506234_3T_tfMRI_LANGUAGE_unproc.json","506234",".xdlm/506234_3T_tfMRI_LANGUAGE_unproc.json","1oupbFWQDAjo5dd7mtwm1Jffm6NwBSuS"
"s3://hcp-openaccess/HCP_1200/506234/.xdlm/506234_3T_tfMRI_MOTOR_analysis_s12.json","506234",".xdlm/506234_3T_tfMRI_MOTOR_analysis_s12.json","yGjqHPKPABWhY8RxHETRIr884KGuxos7"
"s3://hcp-openaccess/HCP_1200/506234/.xdlm/506234_3T_tfMRI_MOTOR_analysis_s2.json","506234",".xdlm/506234_3T_tfMRI_MOTOR_analysis_s2.json","p4Ptt5F8Z8.a4mEwDKZSfyqEYSEWGkaO"
"s3://hcp-openaccess/HCP_1200/506234/.xdlm/506234_3T_tfMRI_MOTOR_analysis_s4.json","506234",".xdlm/506234_3T_tfMRI_MOTOR_analysis_s4.json","Ux7aoNXnubjxK1.o2ItbX0G8N4egbOIJ"
"s3://hcp-openaccess/HCP_1200/506234/.xdlm/506234_3T_tfMRI_MOTOR_analysis_s8.json","506234",".xdlm/506234_3T_tfMRI_MOTOR_analysis_s8.json","3yMoyjxtm2r5ZKswBMZOueUKwFSTcCcu"
"s3://hcp-openaccess/HCP_1200/506234/.xdlm/506234_3T_tfMRI_MOTOR_preproc.json","506234",".xdlm/506234_3T_tfMRI_MOTOR_preproc.json","MyhrIEkdOQLxZRv4cwM.Ak10EA3UVz8Z"
"s3://hcp-openaccess/HCP_1200/506234/.xdlm/506234_3T_tfMRI_MOTOR_unproc.json","506234",".xdlm/506234_3T_tfMRI_MOTOR_unproc.json","YGtfPeoI2tCOTm7FTe376AxoNwpiLHdn"
"s3://hcp-openaccess/HCP_1200/506234/.xdlm/506234_3T_tfMRI_RELATIONAL_analysis_s12.json","506234",".xdlm/506234_3T_tfMRI_RELATIONAL_analysis_s12.json","G24XjLJuMIxrz9whUSqpAmrtxKPjVirW"
"s3://hcp-openaccess/HCP_1200/506234/.xdlm/506234_3T_tfMRI_RELATIONAL_analysis_s2.json","506234",".xdlm/506234_3T_tfMRI_RELATIONAL_analysis_s2.json","qw0rpo3dLCPJYermyWVSV4T4hueDS3d9"
"s3://hcp-openaccess/HCP_1200/506234/.xdlm/506234_3T_tfMRI_RELATIONAL_analysis_s4.json","506234",".xdlm/506234_3T_tfMRI_RELATIONAL_analysis_s4.json","pulN5Rvj219Wl4MhIvgWex4qLQug7UZM"
"s3://hcp-openaccess/HCP_1200/506234/.xdlm/506234_3T_tfMRI_RELATIONAL_analysis_s8.json","506234",".xdlm/506234_3T_tfMRI_RELATIONAL_analysis_s8.json","ib_CEvylJJjnJAXOcS69Kbn0USOe9SZO"
"s3://hcp-openaccess/HCP_1200/506234/.xdlm/506234_3T_tfMRI_RELATIONAL_preproc.json","506234",".xdlm/506234_3T_tfMRI_RELATIONAL_preproc.json","JiLx0hDV_cRbidNwzh4Sz0MhHWPS2PQF"
"s3://hcp-openaccess/HCP_1200/506234/.xdlm/506234_3T_tfMRI_RELATIONAL_unproc.json","506234",".xdlm/506234_3T_tfMRI_RELATIONAL_unproc.json","CDokrwfn_A.553Vf_DcUK.m93t0QQC48"
"s3://hcp-openaccess/HCP_1200/506234/.xdlm/506234_3T_tfMRI_SOCIAL_analysis_s12.json","506234",".xdlm/506234_3T_tfMRI_SOCIAL_analysis_s12.json","kkOxAxXren4MUGMF3uaxk7hD_T.I2YOu"
"s3://hcp-openaccess/HCP_1200/506234/.xdlm/506234_3T_tfMRI_SOCIAL_analysis_s2.json","506234",".xdlm/506234_3T_tfMRI_SOCIAL_analysis_s2.json","XI6X5FZFo8Ak7DZFrz25.qgaf4hZqjOk"
"s3://hcp-openaccess/HCP_1200/506234/.xdlm/506234_3T_tfMRI_SOCIAL_analysis_s4.json","506234",".xdlm/506234_3T_tfMRI_SOCIAL_analysis_s4.json","rjmwScnQQEvOIAWc8ploPkLEE2jhtlx8"
"s3://hcp-openaccess/HCP_1200/506234/.xdlm/506234_3T_tfMRI_SOCIAL_analysis_s8.json","506234",".xdlm/506234_3T_tfMRI_SOCIAL_analysis_s8.json","ctF1X4BsvcnqJA0.rshOXyg8rQWFPuTj"
"s3://hcp-openaccess/HCP_1200/506234/.xdlm/506234_3T_tfMRI_SOCIAL_preproc.json","506234",".xdlm/506234_3T_tfMRI_SOCIAL_preproc.json","fSaStrU.QpG7rA5tP10Jum7zDzwJh2SG"
"s3://hcp-openaccess/HCP_1200/506234/.xdlm/506234_3T_tfMRI_SOCIAL_unproc.json","506234",".xdlm/506234_3T_tfMRI_SOCIAL_unproc.json","dJ42QagOEGY_kvbJLBTrMvJ5dYs03yK9"
"s3://hcp-openaccess/HCP_1200/506234/.xdlm/506234_3T_tfMRI_WM_analysis_s12.json","506234",".xdlm/506234_3T_tfMRI_WM_analysis_s12.json","XiyRnOuMfkd6M_5yh1Pu3zAE5SxTFNil"
"s3://hcp-openaccess/HCP_1200/506234/.xdlm/506234_3T_tfMRI_WM_analysis_s2.json","506234",".xdlm/506234_3T_tfMRI_WM_analysis_s2.json","yHxhU_PL3joTHArRubAQsgZirDbg4Fiz"
"s3://hcp-openaccess/HCP_1200/506234/.xdlm/506234_3T_tfMRI_WM_analysis_s4.json","506234",".xdlm/506234_3T_tfMRI_WM_analysis_s4.json","bgqO4ZFPTQ99.03JFuZpPaxTwtW1WuZm"
"s3://hcp-openaccess/HCP_1200/506234/.xdlm/506234_3T_tfMRI_WM_analysis_s8.json","506234",".xdlm/506234_3T_tfMRI_WM_analysis_s8.json","unuSRnWsGHzR4UBtSDnwhi0uQvEheFha"
"s3://hcp-openaccess/HCP_1200/506234/.xdlm/506234_3T_tfMRI_WM_preproc.json","506234",".xdlm/506234_3T_tfMRI_WM_preproc.json","r3p6_Bv5Wis28_c3aTdM._VahD41Z8cP"
"s3://hcp-openaccess/HCP_1200/506234/.xdlm/506234_3T_tfMRI_WM_unproc.json","506234",".xdlm/506234_3T_tfMRI_WM_unproc.json","mnlcehcbuqyxTY0HhNP9WTg9gcOAvAfm"
"s3://hcp-openaccess/HCP_1200/506234/MNINonLinear/506234.164k_fs_LR.wb.spec","506234","MNINonLinear//506234.164k_fs_LR.wb.spec","57lJy9gV5I5jP88whvMo.HJTi5kqpbLg"
"s3://hcp-openaccess/HCP_1200/506234/MNINonLinear/506234.ArealDistortion_FS.164k_fs_LR.dscalar.nii","506234","MNINonLinear//506234.ArealDistortion_FS.164k_fs_LR.dscalar.nii","uGzIrKq2cRcAv5rhG.8qrh_Ku7BOuS0Z"
"s3://hcp-openaccess/HCP_1200/506234/MNINonLinear/506234.ArealDistortion_MSMAll.164k_fs_LR.dscalar.nii","506234","MNINonLinear//506234.ArealDistortion_MSMAll.164k_fs_LR.dscalar.nii","m8ptpQrY4hSbSjbTzgARHN4PFH.hK3Fr"
"s3://hcp-openaccess/HCP_1200/506234/MNINonLinear/506234.ArealDistortion_MSMSulc.164k_fs_LR.dscalar.nii","506234","MNINonLinear//506234.ArealDistortion_MSMSulc.164k_fs_LR.dscalar.nii","7ceEgJU.UcfXCls49OPPZHZQIiY4txSt"
"s3://hcp-openaccess/HCP_1200/506234/MNINonLinear/506234.BA.164k_fs_LR.dlabel.nii","506234","MNINonLinear//506234.BA.164k_fs_LR.dlabel.nii","F48DpEoyfeUTIuI88dDRhRh.TZ8LM3Hq"
"s3://hcp-openaccess/HCP_1200/506234/MNINonLinear/506234.EdgeDistortion_MSMAll.164k_fs_LR.dscalar.nii","506234","MNINonLinear//506234.EdgeDistortion_MSMAll.164k_fs_LR.dscalar.nii","t8wJubqxKsuglIdY9EQNUNDmp1lflYgC"
"s3://hcp-openaccess/HCP_1200/506234/MNINonLinear/506234.L.ArealDistortion_FS.164k_fs_LR.shape.gii","506234","MNINonLinear//506234.L.ArealDistortion_FS.164k_fs_LR.shape.gii","c1VTp3OO4SnrA6jvOX6en71CV2gaeYF1"
"s3://hcp-openaccess/HCP_1200/506234/MNINonLinear/506234.L.ArealDistortion_MSMSulc.164k_fs_LR.shape.gii","506234","MNINonLinear//506234.L.ArealDistortion_MSMSulc.164k_fs_LR.shape.gii",".K.oSxmonKinnn1jhCzOIXlPkeyoOz_F"
"s3://hcp-openaccess/HCP_1200/506234/MNINonLinear/506234.L.BA.164k_fs_LR.label.gii","506234","MNINonLinear//506234.L.BA.164k_fs_LR.label.gii","JGmMl5ZmS2Wq8d39w96SOelfoPpeq5rE"
"s3://hcp-openaccess/HCP_1200/506234/MNINonLinear/506234.L.MyelinMap.164k_fs_LR.func.gii","506234","MNINonLinear//506234.L.MyelinMap.164k_fs_LR.func.gii","zIzCv4QjG_c.J_LXBGY83McdoErCP4sE"
"s3://hcp-openaccess/HCP_1200/506234/MNINonLinear/506234.L.MyelinMap_BC.164k_fs_LR.func.gii","506234","MNINonLinear//506234.L.MyelinMap_BC.164k_fs_LR.func.gii","hp.n.QZ7g_S_hQ2fIXv0zff79nwj4P6X"
"s3://hcp-openaccess/HCP_1200/506234/MNINonLinear/506234.L.RefMyelinMap.164k_fs_LR.func.gii","506234","MNINonLinear//506234.L.RefMyelinMap.164k_fs_LR.func.gii","UVz3oHM1CxHZaiB_N38sQZnUns0V8Q_c"
"s3://hcp-openaccess/HCP_1200/506234/MNINonLinear/506234.L.SmoothedMyelinMap.164k_fs_LR.func.gii","506234","MNINonLinear//506234.L.SmoothedMyelinMap.164k_fs_LR.func.gii","ADKVPi5AGuW.fdAMXl.Bz5N9QYlnaqGx"
"s3://hcp-openaccess/HCP_1200/506234/MNINonLinear/506234.L.SmoothedMyelinMap_BC.164k_fs_LR.func.gii","506234","MNINonLinear//506234.L.SmoothedMyelinMap_BC.164k_fs_LR.func.gii","pxi312wK.3g7gOi4NbhTH3gl1n40WXyJ"
"s3://hcp-openaccess/HCP_1200/506234/MNINonLinear/506234.L.aparc.164k_fs_LR.label.gii","506234","MNINonLinear//506234.L.aparc.164k_fs_LR.label.gii","uYTIOWn2g2gpG2lt.6x9Ff_YXw6Crg3r"
"s3://hcp-openaccess/HCP_1200/506234/MNINonLinear/506234.L.aparc.a2009s.164k_fs_LR.label.gii","506234","MNINonLinear//506234.L.aparc.a2009s.164k_fs_LR.label.gii","k3Bfa8HqjoF8LLQINFAV_acJg.tC2mpg"
"s3://hcp-openaccess/HCP_1200/506234/MNINonLinear/506234.L.atlasroi.164k_fs_LR.shape.gii","506234","MNINonLinear//506234.L.atlasroi.164k_fs_LR.shape.gii","cbOGheUzJSaCBlDDGtPjPIc5gk_a9ZWt"
"s3://hcp-openaccess/HCP_1200/506234/MNINonLinear/506234.L.corrThickness.164k_fs_LR.shape.gii","506234","MNINonLinear//506234.L.corrThickness.164k_fs_LR.shape.gii","63U6f1Z4Wv8uia5TlBLFWqrv01IkvALJ"
"s3://hcp-openaccess/HCP_1200/506234/MNINonLinear/506234.L.curvature.164k_fs_LR.shape.gii","506234","MNINonLinear//506234.L.curvature.164k_fs_LR.shape.gii","iBvLoEMjaD8UyEH8JEt990YW.v_sMPSY"
"s3://hcp-openaccess/HCP_1200/506234/MNINonLinear/506234.L.flat.164k_fs_LR.surf.gii","506234","MNINonLinear//506234.L.flat.164k_fs_LR.surf.gii","rn1Xc5RJ4DbSN75gFJUgEz06AFfMV.ik"
"s3://hcp-openaccess/HCP_1200/506234/MNINonLinear/506234.L.inflated.164k_fs_LR.surf.gii","506234","MNINonLinear//506234.L.inflated.164k_fs_LR.surf.gii","4ASHD5yyE3IvD1kctMnUg2Y2VSBsrtFK"
"s3://hcp-openaccess/HCP_1200/506234/MNINonLinear/506234.L.inflated_MSMAll.164k_fs_LR.surf.gii","506234","MNINonLinear//506234.L.inflated_MSMAll.164k_fs_LR.surf.gii","N4TGaCbQMwNTq_oiT4EmAlxcSXmfmuFE"
"s3://hcp-openaccess/HCP_1200/506234/MNINonLinear/506234.L.midthickness.164k_fs_LR.surf.gii","506234","MNINonLinear//506234.L.midthickness.164k_fs_LR.surf.gii","F8koqJ.TW3tAEVl5NYCmijSfa7gjUiVa"
"s3://hcp-openaccess/HCP_1200/506234/MNINonLinear/506234.L.midthickness_MSMAll.164k_fs_LR.surf.gii","506234","MNINonLinear//506234.L.midthickness_MSMAll.164k_fs_LR.surf.gii","Tb6m9OZfaBLIcCoqsp3h9XjGA91LZ3Nn"
"s3://hcp-openaccess/HCP_1200/506234/MNINonLinear/506234.L.pial.164k_fs_LR.surf.gii","506234","MNINonLinear//506234.L.pial.164k_fs_LR.surf.gii","hU9fCqMUR7lkAw8pbFum3pYTTsM8_BdP"
"s3://hcp-openaccess/HCP_1200/506234/MNINonLinear/506234.L.pial_MSMAll.164k_fs_LR.surf.gii","506234","MNINonLinear//506234.L.pial_MSMAll.164k_fs_LR.surf.gii","crgKaX757e.LGKgenjpzl.0P6LRG5sn."
"s3://hcp-openaccess/HCP_1200/506234/MNINonLinear/506234.L.refsulc.164k_fs_LR.shape.gii","506234","MNINonLinear//506234.L.refsulc.164k_fs_LR.shape.gii","mOm85LlGaY8HcUgb8CIp.5oDrz3b8bX6"
"s3://hcp-openaccess/HCP_1200/506234/MNINonLinear/506234.L.sphere.164k_fs_LR.surf.gii","506234","MNINonLinear//506234.L.sphere.164k_fs_LR.surf.gii","oYGt_VqADQwwlI1KFTX_WicWDTrH7jUK"
"s3://hcp-openaccess/HCP_1200/506234/MNINonLinear/506234.L.sulc.164k_fs_LR.shape.gii","506234","MNINonLinear//506234.L.sulc.164k_fs_LR.shape.gii","u3X0w8hUcMZIgtr.FTFYsPEAVUFgEEnL"
"s3://hcp-openaccess/HCP_1200/506234/MNINonLinear/506234.L.thickness.164k_fs_LR.shape.gii","506234","MNINonLinear//506234.L.thickness.164k_fs_LR.shape.gii","CBHYY9iTCbMP4EGStvrqtw_PWQe9mdpL"
"s3://hcp-openaccess/HCP_1200/506234/MNINonLinear/506234.L.very_inflated.164k_fs_LR.surf.gii","506234","MNINonLinear//506234.L.very_inflated.164k_fs_LR.surf.gii","n1XZxC.YnIhGsZr2AGVnTft6CHw3ZTQg"
"s3://hcp-openaccess/HCP_1200/506234/MNINonLinear/506234.L.very_inflated_MSMAll.164k_fs_LR.surf.gii","506234","MNINonLinear//506234.L.very_inflated_MSMAll.164k_fs_LR.surf.gii","_oba5W7YAahbxmgT13g.EetsnpXBJP7s"
"s3://hcp-openaccess/HCP_1200/506234/MNINonLinear/506234.L.white.164k_fs_LR.surf.gii","506234","MNINonLinear//506234.L.white.164k_fs_LR.surf.gii","jzhIH8YmUF63jGgYGF9n.wgj6KOavr7p"
"s3://hcp-openaccess/HCP_1200/506234/MNINonLinear/506234.L.white_MSMAll.164k_fs_LR.surf.gii","506234","MNINonLinear//506234.L.white_MSMAll.164k_fs_LR.surf.gii","7nX5iL1EibXEHcWA0mSBiPd3QB7mNQC5"
"s3://hcp-openaccess/HCP_1200/506234/MNINonLinear/506234.MSMAll.164k_fs_LR.wb.spec","506234","MNINonLinear//506234.MSMAll.164k_fs_LR.wb.spec","hSl_P6Xnbeto6h0wwfluZEZ2LBLO7BVv"
"s3://hcp-openaccess/HCP_1200/506234/MNINonLinear/506234.MyelinMap.164k_fs_LR.dscalar.nii","506234","MNINonLinear//506234.MyelinMap.164k_fs_LR.dscalar.nii","K23TS9tMBMCEThvQozLQze8DTXqjxDHe"
"s3://hcp-openaccess/HCP_1200/506234/MNINonLinear/506234.MyelinMap_BC.164k_fs_LR.dscalar.nii","506234","MNINonLinear//506234.MyelinMap_BC.164k_fs_LR.dscalar.nii","orbwGQUYUhw41Cta.ZuYfaeS8h6Xs7Fn"
"s3://hcp-openaccess/HCP_1200/506234/MNINonLinear/506234.MyelinMap_BC_MSMAll.164k_fs_LR.dscalar.nii","506234","MNINonLinear//506234.MyelinMap_BC_MSMAll.164k_fs_LR.dscalar.nii","tB2EwXXq8lFG_uPrSqOOk.rHsm3C1R0h"
"s3://hcp-openaccess/HCP_1200/506234/MNINonLinear/506234.R.ArealDistortion_FS.164k_fs_LR.shape.gii","506234","MNINonLinear//506234.R.ArealDistortion_FS.164k_fs_LR.shape.gii","bzl1ovtJFMbxfy4nc5ljlGo8DrO.dhDQ"
"s3://hcp-openaccess/HCP_1200/506234/MNINonLinear/506234.R.ArealDistortion_MSMSulc.164k_fs_LR.shape.gii","506234","MNINonLinear//506234.R.ArealDistortion_MSMSulc.164k_fs_LR.shape.gii","UVQ2JxT9orspYOdq.qfCFzcikVKnpFRG"
"s3://hcp-openaccess/HCP_1200/506234/MNINonLinear/506234.R.BA.164k_fs_LR.label.gii","506234","MNINonLinear//506234.R.BA.164k_fs_LR.label.gii","EQQCxT4lV9JmjmQR.CD2qvZ4Bldw_arm"
"s3://hcp-openaccess/HCP_1200/506234/MNINonLinear/506234.R.MyelinMap.164k_fs_LR.func.gii","506234","MNINonLinear//506234.R.MyelinMap.164k_fs_LR.func.gii","Pcc.CdbDWJND_GbpRcoyp_FThEDsoFla"
"s3://hcp-openaccess/HCP_1200/506234/MNINonLinear/506234.R.MyelinMap_BC.164k_fs_LR.func.gii","506234","MNINonLinear//506234.R.MyelinMap_BC.164k_fs_LR.func.gii","ic82V5a8KYa6g6So4LJxVMiYP_IYaWoJ"
"s3://hcp-openaccess/HCP_1200/506234/MNINonLinear/506234.R.RefMyelinMap.164k_fs_LR.func.gii","506234","MNINonLinear//506234.R.RefMyelinMap.164k_fs_LR.func.gii","DKbsZFO1ijMawU8YjoUbfLQSkrGUeFBg"
"s3://hcp-openaccess/HCP_1200/506234/MNINonLinear/506234.R.SmoothedMyelinMap.164k_fs_LR.func.gii","506234","MNINonLinear//506234.R.SmoothedMyelinMap.164k_fs_LR.func.gii","A7xN1zN3GN_wfAY01ngtzvN.Hm1Y0PHr"
"s3://hcp-openaccess/HCP_1200/506234/MNINonLinear/506234.R.SmoothedMyelinMap_BC.164k_fs_LR.func.gii","506234","MNINonLinear//506234.R.SmoothedMyelinMap_BC.164k_fs_LR.func.gii","y_xb0lW4Mj_Wi3QLJBVLIEC56Ddv8w8l"
"s3://hcp-openaccess/HCP_1200/506234/MNINonLinear/506234.R.aparc.164k_fs_LR.label.gii","506234","MNINonLinear//506234.R.aparc.164k_fs_LR.label.gii","Y54guRHxyh24XocwP_M9V04281whZxoC"
"s3://hcp-openaccess/HCP_1200/506234/MNINonLinear/506234.R.aparc.a2009s.164k_fs_LR.label.gii","506234","MNINonLinear//506234.R.aparc.a2009s.164k_fs_LR.label.gii","JaVafJ8OVup1KJ.84Az89CrH5r6ZeGbm"
"s3://hcp-openaccess/HCP_1200/506234/MNINonLinear/506234.R.atlasroi.164k_fs_LR.shape.gii","506234","MNINonLinear//506234.R.atlasroi.164k_fs_LR.shape.gii","VgKENrkeXvykrvPWZa2Z0kLuCnYruGpQ"
"s3://hcp-openaccess/HCP_1200/506234/MNINonLinear/506234.R.corrThickness.164k_fs_LR.shape.gii","506234","MNINonLinear//506234.R.corrThickness.164k_fs_LR.shape.gii","ZwZ3fnLl44y21jzbSLEtR5TB5Pr7H2GY"
"s3://hcp-openaccess/HCP_1200/506234/MNINonLinear/506234.R.curvature.164k_fs_LR.shape.gii","506234","MNINonLinear//506234.R.curvature.164k_fs_LR.shape.gii","7cXa8rVCaEWzWWfKrnvkXedI3tsozF3N"
"s3://hcp-openaccess/HCP_1200/506234/MNINonLinear/506234.R.flat.164k_fs_LR.surf.gii","506234","MNINonLinear//506234.R.flat.164k_fs_LR.surf.gii","Mp.3yBDB1h8q0ACzGZCniKGP.jtVV0Fx"
"s3://hcp-openaccess/HCP_1200/506234/MNINonLinear/506234.R.inflated.164k_fs_LR.surf.gii","506234","MNINonLinear//506234.R.inflated.164k_fs_LR.surf.gii","juSgvBqf9l6jj5240OSGEYYRbHVWLSwy"
"s3://hcp-openaccess/HCP_1200/506234/MNINonLinear/506234.R.inflated_MSMAll.164k_fs_LR.surf.gii","506234","MNINonLinear//506234.R.inflated_MSMAll.164k_fs_LR.surf.gii","b9HP1eXEdeA0udMDK_Mvvp7llEB.KEpx"
"s3://hcp-openaccess/HCP_1200/506234/MNINonLinear/506234.R.midthickness.164k_fs_LR.surf.gii","506234","MNINonLinear//506234.R.midthickness.164k_fs_LR.surf.gii","01NG5.Oj0mLFfdO1om2coE.akjM_qu0D"
"s3://hcp-openaccess/HCP_1200/506234/MNINonLinear/506234.R.midthickness_MSMAll.164k_fs_LR.surf.gii","506234","MNINonLinear//506234.R.midthickness_MSMAll.164k_fs_LR.surf.gii","Vqs4gS0YAbqgYPO6xpcl2FKUkg3IGEar"
"s3://hcp-openaccess/HCP_1200/506234/MNINonLinear/506234.R.pial.164k_fs_LR.surf.gii","506234","MNINonLinear//506234.R.pial.164k_fs_LR.surf.gii","eFXqE1zwVojpalCJgjeDy5HqMan07hB0"
"s3://hcp-openaccess/HCP_1200/506234/MNINonLinear/506234.R.pial_MSMAll.164k_fs_LR.surf.gii","506234","MNINonLinear//506234.R.pial_MSMAll.164k_fs_LR.surf.gii","XMak6eyHdUW6O2cgQzzgi9lF1Oc54qAt"
"s3://hcp-openaccess/HCP_1200/506234/MNINonLinear/506234.R.refsulc.164k_fs_LR.shape.gii","506234","MNINonLinear//506234.R.refsulc.164k_fs_LR.shape.gii","okO1ltB93Q1xJlVFZrYm0NpHRjF7WOxL"
"s3://hcp-openaccess/HCP_1200/506234/MNINonLinear/506234.R.sphere.164k_fs_LR.surf.gii","506234","MNINonLinear//506234.R.sphere.164k_fs_LR.surf.gii","FZFaBiFta117qoZGSuYArT7TxfGc4EB8"
"s3://hcp-openaccess/HCP_1200/506234/MNINonLinear/506234.R.sulc.164k_fs_LR.shape.gii","506234","MNINonLinear//506234.R.sulc.164k_fs_LR.shape.gii",".10qPLMzXnUF8AxRFM9qOa4OiwxPa8eC"
"s3://hcp-openaccess/HCP_1200/506234/MNINonLinear/506234.R.thickness.164k_fs_LR.shape.gii","506234","MNINonLinear//506234.R.thickness.164k_fs_LR.shape.gii","uLNaLvfdvjoxwNMYAkRGNJDfPwOpfj1."
"s3://hcp-openaccess/HCP_1200/506234/MNINonLinear/506234.R.very_inflated.164k_fs_LR.surf.gii","506234","MNINonLinear//506234.R.very_inflated.164k_fs_LR.surf.gii","5evgtFFNWtC0OhIC7zruBQc8Sw16lA8q"
"s3://hcp-openaccess/HCP_1200/506234/MNINonLinear/506234.R.very_inflated_MSMAll.164k_fs_LR.surf.gii","506234","MNINonLinear//506234.R.very_inflated_MSMAll.164k_fs_LR.surf.gii","DnNUQyB1OtNghiyKvydfc8sj95fkZS6q"
"s3://hcp-openaccess/HCP_1200/506234/MNINonLinear/506234.R.white.164k_fs_LR.surf.gii","506234","MNINonLinear//506234.R.white.164k_fs_LR.surf.gii","z9k4b61T4MxV9nvV9M5b7u1_ydgxsUVa"
"s3://hcp-openaccess/HCP_1200/506234/MNINonLinear/506234.R.white_MSMAll.164k_fs_LR.surf.gii","506234","MNINonLinear//506234.R.white_MSMAll.164k_fs_LR.surf.gii","3OndlqOR.w_Qja2P8ZbGfk_MeRFkqAMA"
"s3://hcp-openaccess/HCP_1200/506234/MNINonLinear/506234.SmoothedMyelinMap.164k_fs_LR.dscalar.nii","506234","MNINonLinear//506234.SmoothedMyelinMap.164k_fs_LR.dscalar.nii","PcWYe0YlUQz_Y4wRrT0h2acObnvmUkzV"
"s3://hcp-openaccess/HCP_1200/506234/MNINonLinear/506234.SmoothedMyelinMap_BC.164k_fs_LR.dscalar.nii","506234","MNINonLinear//506234.SmoothedMyelinMap_BC.164k_fs_LR.dscalar.nii","yqMGSNnMez.9qlKulZ7b2m1lCsjbn1Fx"
"s3://hcp-openaccess/HCP_1200/506234/MNINonLinear/506234.SmoothedMyelinMap_BC_MSMAll.164k_fs_LR.dscalar.nii","506234","MNINonLinear//506234.SmoothedMyelinMap_BC_MSMAll.164k_fs_LR.dscalar.nii","oqB7_Hg_A5VR7ZdNomR3LKa.cJfZ0WM7"
"s3://hcp-openaccess/HCP_1200/506234/MNINonLinear/506234.SphericalDistortion_MSMAll.164k_fs_LR.dscalar.nii","506234","MNINonLinear//506234.SphericalDistortion_MSMAll.164k_fs_LR.dscalar.nii","6gtBT3DETsmBasjY8i0caliaye_yqpEe"
"s3://hcp-openaccess/HCP_1200/506234/MNINonLinear/506234.aparc.164k_fs_LR.dlabel.nii","506234","MNINonLinear//506234.aparc.164k_fs_LR.dlabel.nii","Biv0r5_t2UPH3SNSiZAMWU4wscP7Gt2X"
"s3://hcp-openaccess/HCP_1200/506234/MNINonLinear/506234.aparc.a2009s.164k_fs_LR.dlabel.nii","506234","MNINonLinear//506234.aparc.a2009s.164k_fs_LR.dlabel.nii","hxKko_FNC697Kgi3VvMu5gxOTCA_FPKZ"
"s3://hcp-openaccess/HCP_1200/506234/MNINonLinear/506234.corrThickness.164k_fs_LR.dscalar.nii","506234","MNINonLinear//506234.corrThickness.164k_fs_LR.dscalar.nii","OJZXA_cnx_d7_6LLWlW.XSW1MiaUU1HR"
"s3://hcp-openaccess/HCP_1200/506234/MNINonLinear/506234.corrThickness_MSMAll.164k_fs_LR.dscalar.nii","506234","MNINonLinear//506234.corrThickness_MSMAll.164k_fs_LR.dscalar.nii","Mz22JxkXNFoZmDdA2z6hNvVokiQyBOpz"
"s3://hcp-openaccess/HCP_1200/506234/MNINonLinear/506234.curvature.164k_fs_LR.dscalar.nii","506234","MNINonLinear//506234.curvature.164k_fs_LR.dscalar.nii","09Ql5I8Gt7NxytVtELO6lXDJU70ZD3Re"
"s3://hcp-openaccess/HCP_1200/506234/MNINonLinear/506234.curvature_MSMAll.164k_fs_LR.dscalar.nii","506234","MNINonLinear//506234.curvature_MSMAll.164k_fs_LR.dscalar.nii","Rh8jqhNVyyIDUH3qzQ46N8cqpIYeHomG"
"s3://hcp-openaccess/HCP_1200/506234/MNINonLinear/506234.sulc.164k_fs_LR.dscalar.nii","506234","MNINonLinear//506234.sulc.164k_fs_LR.dscalar.nii","9zvfnSBgHvZlz_GTeyKB4_K9s6.Lx6b."
"s3://hcp-openaccess/HCP_1200/506234/MNINonLinear/506234.sulc_MSMAll.164k_fs_LR.dscalar.nii","506234","MNINonLinear//506234.sulc_MSMAll.164k_fs_LR.dscalar.nii","nxB1fSSLSLz_Ri04kIJ6h1CKu2GIdc_n"
"s3://hcp-openaccess/HCP_1200/506234/MNINonLinear/506234.thickness.164k_fs_LR.dscalar.nii","506234","MNINonLinear//506234.thickness.164k_fs_LR.dscalar.nii","8Ilt6vQRsV0ttor6AOC7E2psa2VA.BVf"
"s3://hcp-openaccess/HCP_1200/506234/MNINonLinear/506234.thickness_MSMAll.164k_fs_LR.dscalar.nii","506234","MNINonLinear//506234.thickness_MSMAll.164k_fs_LR.dscalar.nii","oL8jlPbj1.WLHDe4AUrMg5Lh_dPWXzfE"
"s3://hcp-openaccess/HCP_1200/506234/MNINonLinear/BiasField.nii.gz","506234","MNINonLinear//BiasField.nii.gz","c87sveIk0u2xL64qyg4KyMom95ZkxXz."
"s3://hcp-openaccess/HCP_1200/506234/MNINonLinear/Native/506234.ArealDistortion_FS.native.dscalar.nii","506234","MNINonLinear//Native/506234.ArealDistortion_FS.native.dscalar.nii","UFxUgL3J7KRFX03SQGY0jjSaYcK6xrUI"
"s3://hcp-openaccess/HCP_1200/506234/MNINonLinear/Native/506234.ArealDistortion_MSMAll.native.dscalar.nii","506234","MNINonLinear//Native/506234.ArealDistortion_MSMAll.native.dscalar.nii","O3gLRWiT76Ayg5EQ_NTQSl0NghCTFPhP"
"s3://hcp-openaccess/HCP_1200/506234/MNINonLinear/Native/506234.ArealDistortion_MSMSulc.native.dscalar.nii","506234","MNINonLinear//Native/506234.ArealDistortion_MSMSulc.native.dscalar.nii","e9GpX38NyjnR3sI_WAAakWJ_b6do2SRd"
"s3://hcp-openaccess/HCP_1200/506234/MNINonLinear/Native/506234.BA.native.dlabel.nii","506234","MNINonLinear//Native/506234.BA.native.dlabel.nii","FkKhAkztNjb2s5BoA.rWa8BjFvZ5STjV"
"s3://hcp-openaccess/HCP_1200/506234/MNINonLinear/Native/506234.BiasField_MSMAll.native.dscalar.nii","506234","MNINonLinear//Native/506234.BiasField_MSMAll.native.dscalar.nii","oXHtHFBRYeA.6sko5OigwiRtZj0LRrjU"
"s3://hcp-openaccess/HCP_1200/506234/MNINonLinear/Native/506234.EdgeDistortion_MSMAll.native.dscalar.nii","506234","MNINonLinear//Native/506234.EdgeDistortion_MSMAll.native.dscalar.nii","GyYMW71z358WVHPOTA4zuWPnLQmRAba0"
"s3://hcp-openaccess/HCP_1200/506234/MNINonLinear/Native/506234.L.ArealDistortion_FS.native.shape.gii","506234","MNINonLinear//Native/506234.L.ArealDistortion_FS.native.shape.gii","TWiKjqNRVKWFtwW7o4ZP8RpOC3XcdYIV"
"s3://hcp-openaccess/HCP_1200/506234/MNINonLinear/Native/506234.L.ArealDistortion_MSMAll.native.shape.gii","506234","MNINonLinear//Native/506234.L.ArealDistortion_MSMAll.native.shape.gii","4awsl0o6b5JxvII.AnieuY3bq4yGGs7s"
"s3://hcp-openaccess/HCP_1200/506234/MNINonLinear/Native/506234.L.ArealDistortion_MSMSulc.native.shape.gii","506234","MNINonLinear//Native/506234.L.ArealDistortion_MSMSulc.native.shape.gii","fidCJa8DvjGnVU.IFPVZDSIul8GsjKVp"
"s3://hcp-openaccess/HCP_1200/506234/MNINonLinear/Native/506234.L.BA.native.label.gii","506234","MNINonLinear//Native/506234.L.BA.native.label.gii","xunEwX6IVkd9zTjR6T9lNgO4.PDR6.pv"
"s3://hcp-openaccess/HCP_1200/506234/MNINonLinear/Native/506234.L.BiasField.native.func.gii","506234","MNINonLinear//Native/506234.L.BiasField.native.func.gii","gonfDcdfPRNSRu0vXzdWToraJT.SxC7R"
"s3://hcp-openaccess/HCP_1200/506234/MNINonLinear/Native/506234.L.EdgeDistortion_MSMAll.native.shape.gii","506234","MNINonLinear//Native/506234.L.EdgeDistortion_MSMAll.native.shape.gii",".AMZkceVRXje.otJbBF8pOrqK8cXyrTE"
"s3://hcp-openaccess/HCP_1200/506234/MNINonLinear/Native/506234.L.MyelinMap.native.func.gii","506234","MNINonLinear//Native/506234.L.MyelinMap.native.func.gii",".xYuCQqzgkrcOAHeBK74OzlzQ1PL_6DK"
"s3://hcp-openaccess/HCP_1200/506234/MNINonLinear/Native/506234.L.MyelinMap_BC.native.func.gii","506234","MNINonLinear//Native/506234.L.MyelinMap_BC.native.func.gii","miixkoldg7T3fqK0NAYyFXAio53ahtTy"
"s3://hcp-openaccess/HCP_1200/506234/MNINonLinear/Native/506234.L.RefMyelinMap.native.func.gii","506234","MNINonLinear//Native/506234.L.RefMyelinMap.native.func.gii","xRHAz.tfq6r01lGDKBaCyhubdxa9jyLi"
"s3://hcp-openaccess/HCP_1200/506234/MNINonLinear/Native/506234.L.SmoothedMyelinMap.native.func.gii","506234","MNINonLinear//Native/506234.L.SmoothedMyelinMap.native.func.gii","5jJWuMcFeVRXlvoF8nTv9g5ro3mRIjDX"
"s3://hcp-openaccess/HCP_1200/506234/MNINonLinear/Native/506234.L.SmoothedMyelinMap_BC.native.func.gii","506234","MNINonLinear//Native/506234.L.SmoothedMyelinMap_BC.native.func.gii","cBec1hAWtoFle32H2F2MnjVdGWRw.Y2N"
"s3://hcp-openaccess/HCP_1200/506234/MNINonLinear/Native/506234.L.SphericalDistortion.native.shape.gii","506234","MNINonLinear//Native/506234.L.SphericalDistortion.native.shape.gii","ngpHf8nR31wIZpCu8AMcmtMP9mk6M23w"
"s3://hcp-openaccess/HCP_1200/506234/MNINonLinear/Native/506234.L.aparc.a2009s.native.label.gii","506234","MNINonLinear//Native/506234.L.aparc.a2009s.native.label.gii","ItaYBuWml6dvvtRjyozrHv5yBxjqOvx_"
"s3://hcp-openaccess/HCP_1200/506234/MNINonLinear/Native/506234.L.aparc.native.label.gii","506234","MNINonLinear//Native/506234.L.aparc.native.label.gii","FQgA8uu4ImiT0QMh4UZjN5wU2HVfzrWw"
"s3://hcp-openaccess/HCP_1200/506234/MNINonLinear/Native/506234.L.atlasroi.native.shape.gii","506234","MNINonLinear//Native/506234.L.atlasroi.native.shape.gii","QyaPhlVF60AIoh5oTsSSvpxWkrlmSv51"
"s3://hcp-openaccess/HCP_1200/506234/MNINonLinear/Native/506234.L.corrThickness.native.shape.gii","506234","MNINonLinear//Native/506234.L.corrThickness.native.shape.gii","0MjguFAhcFZSAEPrOEkkZoxQURDsyMId"
"s3://hcp-openaccess/HCP_1200/506234/MNINonLinear/Native/506234.L.curvature.native.shape.gii","506234","MNINonLinear//Native/506234.L.curvature.native.shape.gii","FkOGD1sn0LSoowX6I2ZrLgufNF2dx0_y"
"s3://hcp-openaccess/HCP_1200/506234/MNINonLinear/Native/506234.L.inflated.native.surf.gii","506234","MNINonLinear//Native/506234.L.inflated.native.surf.gii","wky_8hJeYSebnCGU0RAH08AWpLn8TaD7"
"s3://hcp-openaccess/HCP_1200/506234/MNINonLinear/Native/506234.L.midthickness.native.surf.gii","506234","MNINonLinear//Native/506234.L.midthickness.native.surf.gii","dgbI4bVDZCJDAtdkFUH0M.nJL_kI0p.j"
"s3://hcp-openaccess/HCP_1200/506234/MNINonLinear/Native/506234.L.pial.native.surf.gii","506234","MNINonLinear//Native/506234.L.pial.native.surf.gii","zDJGKDzMcb6y0xzW7qf67z4eTjiIYOFg"
"s3://hcp-openaccess/HCP_1200/506234/MNINonLinear/Native/506234.L.roi.native.shape.gii","506234","MNINonLinear//Native/506234.L.roi.native.shape.gii","dMtVn656goIUbk06t1G_eXRh8CJNLfTa"
"s3://hcp-openaccess/HCP_1200/506234/MNINonLinear/Native/506234.L.sphere.MSMAll.native.surf.gii","506234","MNINonLinear//Native/506234.L.sphere.MSMAll.native.surf.gii","ST_g7AkkqTAHrH6xzE_jsI5zVwqUAwg9"
"s3://hcp-openaccess/HCP_1200/506234/MNINonLinear/Native/506234.L.sphere.MSMSulc.native.surf.gii","506234","MNINonLinear//Native/506234.L.sphere.MSMSulc.native.surf.gii","o_ZwtxbV5kTWKbtDsr4rOSweFK_OIHKS"
"s3://hcp-openaccess/HCP_1200/506234/MNINonLinear/Native/506234.L.sphere.native.surf.gii","506234","MNINonLinear//Native/506234.L.sphere.native.surf.gii","Pg1AduGAvHykRKP0lNfXe_748nRNmP5n"
"s3://hcp-openaccess/HCP_1200/506234/MNINonLinear/Native/506234.L.sphere.reg.native.surf.gii","506234","MNINonLinear//Native/506234.L.sphere.reg.native.surf.gii","oiRar6c7ooKo62n7riLcGWqh8z2kBOBh"
"s3://hcp-openaccess/HCP_1200/506234/MNINonLinear/Native/506234.L.sphere.reg.reg_LR.native.surf.gii","506234","MNINonLinear//Native/506234.L.sphere.reg.reg_LR.native.surf.gii","FDkZyCLZWIdiKqpd5HyfcKQYl.JDfeZk"
"s3://hcp-openaccess/HCP_1200/506234/MNINonLinear/Native/506234.L.sphere.rot.native.surf.gii","506234","MNINonLinear//Native/506234.L.sphere.rot.native.surf.gii","Op0EfZrRsQlr2hZfrA5YfHg0SzGbsXuB"
"s3://hcp-openaccess/HCP_1200/506234/MNINonLinear/Native/506234.L.sulc.native.shape.gii","506234","MNINonLinear//Native/506234.L.sulc.native.shape.gii","K.nc2lIgleQNO9.GQADkmdc.UGIIXYPX"
"s3://hcp-openaccess/HCP_1200/506234/MNINonLinear/Native/506234.L.thickness.native.shape.gii","506234","MNINonLinear//Native/506234.L.thickness.native.shape.gii","U4PcbhRtlFkLafJyRhWziKGdZQHwTN73"
"s3://hcp-openaccess/HCP_1200/506234/MNINonLinear/Native/506234.L.very_inflated.native.surf.gii","506234","MNINonLinear//Native/506234.L.very_inflated.native.surf.gii","iRcK034R6u520NFUW6RmzN6bIgV1F.vX"
"s3://hcp-openaccess/HCP_1200/506234/MNINonLinear/Native/506234.L.white.native.surf.gii","506234","MNINonLinear//Native/506234.L.white.native.surf.gii","QhTvdEVXOWCVL264v.ouBfDthe1KBueJ"
"s3://hcp-openaccess/HCP_1200/506234/MNINonLinear/Native/506234.MyelinMap.native.dscalar.nii","506234","MNINonLinear//Native/506234.MyelinMap.native.dscalar.nii","5qNYMVBiCl73ErOjmVa4okhCD3oFC4tm"
"s3://hcp-openaccess/HCP_1200/506234/MNINonLinear/Native/506234.MyelinMap_BC.native.dscalar.nii","506234","MNINonLinear//Native/506234.MyelinMap_BC.native.dscalar.nii","rM8Ek5NC3iGS0L7usqL5fK8e8WIAzsbe"
"s3://hcp-openaccess/HCP_1200/506234/MNINonLinear/Native/506234.MyelinMap_BC_MSMAll.native.dscalar.nii","506234","MNINonLinear//Native/506234.MyelinMap_BC_MSMAll.native.dscalar.nii","rBUJINfWkZg4uwufEG5YEk6wIbkd2E6K"
"s3://hcp-openaccess/HCP_1200/506234/MNINonLinear/Native/506234.R.ArealDistortion_FS.native.shape.gii","506234","MNINonLinear//Native/506234.R.ArealDistortion_FS.native.shape.gii","ezV4SblBHovY8W7sFbH5ke_xinj_cwq9"
"s3://hcp-openaccess/HCP_1200/506234/MNINonLinear/Native/506234.R.ArealDistortion_MSMAll.native.shape.gii","506234","MNINonLinear//Native/506234.R.ArealDistortion_MSMAll.native.shape.gii","wwy4yT4_ECGRlKSGLt3mXOobfa4eg3e3"
"s3://hcp-openaccess/HCP_1200/506234/MNINonLinear/Native/506234.R.ArealDistortion_MSMSulc.native.shape.gii","506234","MNINonLinear//Native/506234.R.ArealDistortion_MSMSulc.native.shape.gii","es2AhA_qqE_K0JcGc1Fy8Nb8ZMiHyLrS"
"s3://hcp-openaccess/HCP_1200/506234/MNINonLinear/Native/506234.R.BA.native.label.gii","506234","MNINonLinear//Native/506234.R.BA.native.label.gii","xzy6uxGcSRRObrjNXBXn8XuJZzg7DGiB"
"s3://hcp-openaccess/HCP_1200/506234/MNINonLinear/Native/506234.R.BiasField.native.func.gii","506234","MNINonLinear//Native/506234.R.BiasField.native.func.gii","yL1iZf1O707O2b3ZDQV5DnJ79k2xqpjK"
"s3://hcp-openaccess/HCP_1200/506234/MNINonLinear/Native/506234.R.EdgeDistortion_MSMAll.native.shape.gii","506234","MNINonLinear//Native/506234.R.EdgeDistortion_MSMAll.native.shape.gii","tOFxHd_wKVydLyhX9eKADDKWzF4m98lv"
"s3://hcp-openaccess/HCP_1200/506234/MNINonLinear/Native/506234.R.MyelinMap.native.func.gii","506234","MNINonLinear//Native/506234.R.MyelinMap.native.func.gii","qfvqNVnyxgdu8ZDe.NLRZLfInsaa9xuI"
"s3://hcp-openaccess/HCP_1200/506234/MNINonLinear/Native/506234.R.MyelinMap_BC.native.func.gii","506234","MNINonLinear//Native/506234.R.MyelinMap_BC.native.func.gii","XN.8l8e.mXfDMV9hH_ie6VKX.OH42Qcg"
"s3://hcp-openaccess/HCP_1200/506234/MNINonLinear/Native/506234.R.RefMyelinMap.native.func.gii","506234","MNINonLinear//Native/506234.R.RefMyelinMap.native.func.gii","0a8Mesicxi3jtLlPL3Z9CTVILpN6I_jD"
"s3://hcp-openaccess/HCP_1200/506234/MNINonLinear/Native/506234.R.SmoothedMyelinMap.native.func.gii","506234","MNINonLinear//Native/506234.R.SmoothedMyelinMap.native.func.gii","klqDFFoeXaqYKXR_wHrk_mFFh8mFsVLK"
"s3://hcp-openaccess/HCP_1200/506234/MNINonLinear/Native/506234.R.SmoothedMyelinMap_BC.native.func.gii","506234","MNINonLinear//Native/506234.R.SmoothedMyelinMap_BC.native.func.gii",".2kvWgEFbEDgsMQLMEqz79pyh5ubTlkG"
"s3://hcp-openaccess/HCP_1200/506234/MNINonLinear/Native/506234.R.SphericalDistortion.native.shape.gii","506234","MNINonLinear//Native/506234.R.SphericalDistortion.native.shape.gii","GH5EAa52hYFRx.EcDXr6wAF4zafEOgQd"
"s3://hcp-openaccess/HCP_1200/506234/MNINonLinear/Native/506234.R.aparc.a2009s.native.label.gii","506234","MNINonLinear//Native/506234.R.aparc.a2009s.native.label.gii","7VUvXcRgd15fEh9Y.6NYlTx6rMdGnQMi"
"s3://hcp-openaccess/HCP_1200/506234/MNINonLinear/Native/506234.R.aparc.native.label.gii","506234","MNINonLinear//Native/506234.R.aparc.native.label.gii","rkCSYJ95dUhbaViispsI7OV.h6dctxOn"
"s3://hcp-openaccess/HCP_1200/506234/MNINonLinear/Native/506234.R.atlasroi.native.shape.gii","506234","MNINonLinear//Native/506234.R.atlasroi.native.shape.gii","YU.RfJcsX4i1aQtGR5_N0xI7DoBFMX23"
"s3://hcp-openaccess/HCP_1200/506234/MNINonLinear/Native/506234.R.corrThickness.native.shape.gii","506234","MNINonLinear//Native/506234.R.corrThickness.native.shape.gii","e2RKgBW1rsrdkAxpUSM355Wv4ppdrV72"
"s3://hcp-openaccess/HCP_1200/506234/MNINonLinear/Native/506234.R.curvature.native.shape.gii","506234","MNINonLinear//Native/506234.R.curvature.native.shape.gii","VMOUQx5ZmTBTarrIIQaXjHEDHBNQZ9ut"
"s3://hcp-openaccess/HCP_1200/506234/MNINonLinear/Native/506234.R.inflated.native.surf.gii","506234","MNINonLinear//Native/506234.R.inflated.native.surf.gii","5JTEUV3rZX1dXBBbYV4CooB0ySGnJazc"
"s3://hcp-openaccess/HCP_1200/506234/MNINonLinear/Native/506234.R.midthickness.native.surf.gii","506234","MNINonLinear//Native/506234.R.midthickness.native.surf.gii","y.3MiprFXx0IGxVI4B6qa8iVJquOYVbX"
"s3://hcp-openaccess/HCP_1200/506234/MNINonLinear/Native/506234.R.pial.native.surf.gii","506234","MNINonLinear//Native/506234.R.pial.native.surf.gii","jkgabZAWMdLjkrlneozKDerMCTqUoDeQ"
"s3://hcp-openaccess/HCP_1200/506234/MNINonLinear/Native/506234.R.roi.native.shape.gii","506234","MNINonLinear//Native/506234.R.roi.native.shape.gii","K1udzrEW9ymp.74aEaNPr9oJ8nR0fHCh"
"s3://hcp-openaccess/HCP_1200/506234/MNINonLinear/Native/506234.R.sphere.MSMAll.native.surf.gii","506234","MNINonLinear//Native/506234.R.sphere.MSMAll.native.surf.gii","fPqmoYQvze1KvJDR2d83XTzZfrfPtnUK"
"s3://hcp-openaccess/HCP_1200/506234/MNINonLinear/Native/506234.R.sphere.MSMSulc.native.surf.gii","506234","MNINonLinear//Native/506234.R.sphere.MSMSulc.native.surf.gii","Tp4VPtR1H03ohjMx4ultlYJikwQska5O"
"s3://hcp-openaccess/HCP_1200/506234/MNINonLinear/Native/506234.R.sphere.native.surf.gii","506234","MNINonLinear//Native/506234.R.sphere.native.surf.gii","TFRQCzwXS_TOfCSof7VT2PgID4byVU1t"
"s3://hcp-openaccess/HCP_1200/506234/MNINonLinear/Native/506234.R.sphere.reg.native.surf.gii","506234","MNINonLinear//Native/506234.R.sphere.reg.native.surf.gii","q3BXwLEp2RKrufiAvbVTVE4Lccw9R1bP"
"s3://hcp-openaccess/HCP_1200/506234/MNINonLinear/Native/506234.R.sphere.reg.reg_LR.native.surf.gii","506234","MNINonLinear//Native/506234.R.sphere.reg.reg_LR.native.surf.gii","CZwyDo_gCXeX_ihFUqYAOYcSBErDFWqK"
"s3://hcp-openaccess/HCP_1200/506234/MNINonLinear/Native/506234.R.sphere.rot.native.surf.gii","506234","MNINonLinear//Native/506234.R.sphere.rot.native.surf.gii","CfHMzZCECsqsrmHvp7764r5AbHNPNTMC"
"s3://hcp-openaccess/HCP_1200/506234/MNINonLinear/Native/506234.R.sulc.native.shape.gii","506234","MNINonLinear//Native/506234.R.sulc.native.shape.gii","m0ft7opKlhRYBx9dQX.3nbTupRqimjiB"
"s3://hcp-openaccess/HCP_1200/506234/MNINonLinear/Native/506234.R.thickness.native.shape.gii","506234","MNINonLinear//Native/506234.R.thickness.native.shape.gii","GI0OrAjspggAJGyZPG7MB_ASfVnO55xH"
"s3://hcp-openaccess/HCP_1200/506234/MNINonLinear/Native/506234.R.very_inflated.native.surf.gii","506234","MNINonLinear//Native/506234.R.very_inflated.native.surf.gii","YcHKE1qmWc0sf64z50rqFlYaGSGCzQ.h"
"s3://hcp-openaccess/HCP_1200/506234/MNINonLinear/Native/506234.R.white.native.surf.gii","506234","MNINonLinear//Native/506234.R.white.native.surf.gii","MQZC7sg197pAFJDRGVH3oTe086Y8IfvM"
"s3://hcp-openaccess/HCP_1200/506234/MNINonLinear/Native/506234.SmoothedMyelinMap.native.dscalar.nii","506234","MNINonLinear//Native/506234.SmoothedMyelinMap.native.dscalar.nii","fkhbCeqvgIFJGIRtD3tk_.XeZbxUQJ3H"
"s3://hcp-openaccess/HCP_1200/506234/MNINonLinear/Native/506234.SmoothedMyelinMap_BC.native.dscalar.nii","506234","MNINonLinear//Native/506234.SmoothedMyelinMap_BC.native.dscalar.nii","vkNvTbHdzGLJEV5cGONdfzJP.PCK_uZk"
"s3://hcp-openaccess/HCP_1200/506234/MNINonLinear/Native/506234.SmoothedMyelinMap_BC_MSMAll.native.dscalar.nii","506234","MNINonLinear//Native/506234.SmoothedMyelinMap_BC_MSMAll.native.dscalar.nii","9NAkcEMGL.tpvvLxh1zlXnxJdCnZbf_T"
"s3://hcp-openaccess/HCP_1200/506234/MNINonLinear/Native/506234.SphericalDistortion.native.dscalar.nii","506234","MNINonLinear//Native/506234.SphericalDistortion.native.dscalar.nii","H0oF_1C7_.jzs7uzk7OFx9FNZbuPga98"
"s3://hcp-openaccess/HCP_1200/506234/MNINonLinear/Native/506234.aparc.a2009s.native.dlabel.nii","506234","MNINonLinear//Native/506234.aparc.a2009s.native.dlabel.nii","SY0kYUdSU6Kytgqt8BBkxt4v376jkaxH"
"s3://hcp-openaccess/HCP_1200/506234/MNINonLinear/Native/506234.aparc.native.dlabel.nii","506234","MNINonLinear//Native/506234.aparc.native.dlabel.nii","ArWho9N_nE.42Z1lDY6JGPjLJRJ8Pzhf"
"s3://hcp-openaccess/HCP_1200/506234/MNINonLinear/Native/506234.corrThickness.native.dscalar.nii","506234","MNINonLinear//Native/506234.corrThickness.native.dscalar.nii","SXSzX3Cn0RVa3JXm0FCDS_o0xa5Q1Hca"
"s3://hcp-openaccess/HCP_1200/506234/MNINonLinear/Native/506234.curvature.native.dscalar.nii","506234","MNINonLinear//Native/506234.curvature.native.dscalar.nii","Rlyh2Y.HNoitD.hS7J.rjnp.S0mDAqC4"
"s3://hcp-openaccess/HCP_1200/506234/MNINonLinear/Native/506234.native.wb.spec","506234","MNINonLinear//Native/506234.native.wb.spec","XWrAFBlae4aztf4RYLY2xtGjhtDScoGA"
"s3://hcp-openaccess/HCP_1200/506234/MNINonLinear/Native/506234.sulc.native.dscalar.nii","506234","MNINonLinear//Native/506234.sulc.native.dscalar.nii","Ig2FZ1itHuxXABBPcmv7bMEU72XCkDef"
"s3://hcp-openaccess/HCP_1200/506234/MNINonLinear/Native/506234.thickness.native.dscalar.nii","506234","MNINonLinear//Native/506234.thickness.native.dscalar.nii","f5DGJ.uqEXeniHNpJkSeu1r56slsh3IU"
"s3://hcp-openaccess/HCP_1200/506234/MNINonLinear/ROIs/Atlas_ROIs.2.nii.gz","506234","MNINonLinear//ROIs/Atlas_ROIs.2.nii.gz","A92WdnRKMq6A_MRXRaVM5XQb6mwekMUr"
"s3://hcp-openaccess/HCP_1200/506234/MNINonLinear/ROIs/Atlas_wmparc.2.nii.gz","506234","MNINonLinear//ROIs/Atlas_wmparc.2.nii.gz","lOZV.o2QSBNgJSlJM5gEMOBGO668y7Eg"
"s3://hcp-openaccess/HCP_1200/506234/MNINonLinear/ROIs/CSFReg.2.nii.gz","506234","MNINonLinear//ROIs/CSFReg.2.nii.gz","9heLqTPsXzNP_aA3c4XRk1MSM_N5AvQt"
"s3://hcp-openaccess/HCP_1200/506234/MNINonLinear/ROIs/ROIs.2.nii.gz","506234","MNINonLinear//ROIs/ROIs.2.nii.gz","KYMBP5r.QG47_EgeWI7abzMz5Qz6CPpR"
"s3://hcp-openaccess/HCP_1200/506234/MNINonLinear/ROIs/WMReg.2.nii.gz","506234","MNINonLinear//ROIs/WMReg.2.nii.gz","760qREBt3vgtCs129NVenf2rgVZuLKN7"
"s3://hcp-openaccess/HCP_1200/506234/MNINonLinear/ROIs/wmparc.2.nii.gz","506234","MNINonLinear//ROIs/wmparc.2.nii.gz","kKecPXLObnxa0mv9ifO2ueGPHUUMnQ6j"
"s3://hcp-openaccess/HCP_1200/506234/MNINonLinear/Results/rfMRI_REST1_LR/506234_rfMRI_REST1_LR_ICA_Classification_dualscreen.scene","506234","MNINonLinear//Results/rfMRI_REST1_LR/506234_rfMRI_REST1_LR_ICA_Classification_dualscreen.scene","cOUdzzr7E3MKcHri_yovfKOWCRy2wMFV"
"s3://hcp-openaccess/HCP_1200/506234/MNINonLinear/Results/rfMRI_REST1_LR/506234_rfMRI_REST1_LR_ICA_Classification_singlescreen.scene","506234","MNINonLinear//Results/rfMRI_REST1_LR/506234_rfMRI_REST1_LR_ICA_Classification_singlescreen.scene","a43eCNRHZY9ktzgo25C1pghsRsIG7w7F"
"s3://hcp-openaccess/HCP_1200/506234/MNINonLinear/Results/rfMRI_REST1_LR/Atlas_hp_preclean.dtseries.nii","506234","MNINonLinear//Results/rfMRI_REST1_LR/Atlas_hp_preclean.dtseries.nii","NWJGSySphsri6IEE5QzThmQs1uwjW00r"
"s3://hcp-openaccess/HCP_1200/506234/MNINonLinear/Results/rfMRI_REST1_LR/Movement_AbsoluteRMS.txt","506234","MNINonLinear//Results/rfMRI_REST1_LR/Movement_AbsoluteRMS.txt","D6MKaRzB7nuZwHUuafqTZt0o7RtJJ5bH"
"s3://hcp-openaccess/HCP_1200/506234/MNINonLinear/Results/rfMRI_REST1_LR/Movement_AbsoluteRMS_mean.txt","506234","MNINonLinear//Results/rfMRI_REST1_LR/Movement_AbsoluteRMS_mean.txt","LJvorz6Bmjjft8xgbxKycUJDRFpiVEJm"
"s3://hcp-openaccess/HCP_1200/506234/MNINonLinear/Results/rfMRI_REST1_LR/Movement_Regressors.txt","506234","MNINonLinear//Results/rfMRI_REST1_LR/Movement_Regressors.txt","t1nheZIVKxquw.QVzL0UKTmMZyRcVfUs"
"s3://hcp-openaccess/HCP_1200/506234/MNINonLinear/Results/rfMRI_REST1_LR/Movement_Regressors_dt.txt","506234","MNINonLinear//Results/rfMRI_REST1_LR/Movement_Regressors_dt.txt","guA97tDFLLo32QHOfnKRGNuAVUBNaKY0"
"s3://hcp-openaccess/HCP_1200/506234/MNINonLinear/Results/rfMRI_REST1_LR/Movement_RelativeRMS.txt","506234","MNINonLinear//Results/rfMRI_REST1_LR/Movement_RelativeRMS.txt","68Y7eIr3i7XsG3t3sYKYu5yUnwA5uzjE"
"s3://hcp-openaccess/HCP_1200/506234/MNINonLinear/Results/rfMRI_REST1_LR/Movement_RelativeRMS_mean.txt","506234","MNINonLinear//Results/rfMRI_REST1_LR/Movement_RelativeRMS_mean.txt","Mk14UiuoQfxM0xz44TwZBKJS6XPxNodj"
"s3://hcp-openaccess/HCP_1200/506234/MNINonLinear/Results/rfMRI_REST1_LR/PhaseOne_gdc_dc.nii.gz","506234","MNINonLinear//Results/rfMRI_REST1_LR/PhaseOne_gdc_dc.nii.gz","zgVZH.H_pphwbiw6ohCekVQUlyfy7L2k"
"s3://hcp-openaccess/HCP_1200/506234/MNINonLinear/Results/rfMRI_REST1_LR/PhaseTwo_gdc_dc.nii.gz","506234","MNINonLinear//Results/rfMRI_REST1_LR/PhaseTwo_gdc_dc.nii.gz","fj0lkryZukx379JyiVrom4ZZOqLJDRft"
"s3://hcp-openaccess/HCP_1200/506234/MNINonLinear/Results/rfMRI_REST1_LR/ReclassifyAsNoise.txt","506234","MNINonLinear//Results/rfMRI_REST1_LR/ReclassifyAsNoise.txt","Th85yyH5mGFIALO6YQT9dzGyAqhiBzUJ"
"s3://hcp-openaccess/HCP_1200/506234/MNINonLinear/Results/rfMRI_REST1_LR/ReclassifyAsSignal.txt","506234","MNINonLinear//Results/rfMRI_REST1_LR/ReclassifyAsSignal.txt","hudr_FwVggVBC68h5LsP_3i2Idc_v8hp"
"s3://hcp-openaccess/HCP_1200/506234/MNINonLinear/Results/rfMRI_REST1_LR/RestingStateStats/rfMRI_REST1_LR_Atlas_1-2_OrigTCS-HighPassTCS_QC_Summary_Plot.png","506234","MNINonLinear//Results/rfMRI_REST1_LR/RestingStateStats/rfMRI_REST1_LR_Atlas_1-2_OrigTCS-HighPassTCS_QC_Summary_Plot.png","mQ98UQ0X1Kz6197CeBRXbKMGWcfTbOgs"
"s3://hcp-openaccess/HCP_1200/506234/MNINonLinear/Results/rfMRI_REST1_LR/RestingStateStats/rfMRI_REST1_LR_Atlas_1-2_OrigTCS-HighPassTCS_QC_Summary_Plot_z.png","506234","MNINonLinear//Results/rfMRI_REST1_LR/RestingStateStats/rfMRI_REST1_LR_Atlas_1-2_OrigTCS-HighPassTCS_QC_Summary_Plot_z.png","KRudnEst6xkQ4E2Sbazz4qjKowsTpcsw"
"s3://hcp-openaccess/HCP_1200/506234/MNINonLinear/Results/rfMRI_REST1_LR/RestingStateStats/rfMRI_REST1_LR_Atlas_1-5_OrigTCS-UnstructNoiseTCS_QC_Summary_Plot.png","506234","MNINonLinear//Results/rfMRI_REST1_LR/RestingStateStats/rfMRI_REST1_LR_Atlas_1-5_OrigTCS-UnstructNoiseTCS_QC_Summary_Plot.png","yvShc2epNvpkLHTeR.PN55hL_tLQ.8Ok"
"s3://hcp-openaccess/HCP_1200/506234/MNINonLinear/Results/rfMRI_REST1_LR/RestingStateStats/rfMRI_REST1_LR_Atlas_1-5_OrigTCS-UnstructNoiseTCS_QC_Summary_Plot_z.png","506234","MNINonLinear//Results/rfMRI_REST1_LR/RestingStateStats/rfMRI_REST1_LR_Atlas_1-5_OrigTCS-UnstructNoiseTCS_QC_Summary_Plot_z.png","3Braa3Vnv9wlRjmDj8089D_MeQnvI_9v"
"s3://hcp-openaccess/HCP_1200/506234/MNINonLinear/Results/rfMRI_REST1_LR/RestingStateStats/rfMRI_REST1_LR_Atlas_1_OrigTCS_QC_Summary_Plot.png","506234","MNINonLinear//Results/rfMRI_REST1_LR/RestingStateStats/rfMRI_REST1_LR_Atlas_1_OrigTCS_QC_Summary_Plot.png","ZHE11Thh9hja1KLywb4Vo5BuO2Bedcah"
"s3://hcp-openaccess/HCP_1200/506234/MNINonLinear/Results/rfMRI_REST1_LR/RestingStateStats/rfMRI_REST1_LR_Atlas_1_OrigTCS_QC_Summary_Plot_z.png","506234","MNINonLinear//Results/rfMRI_REST1_LR/RestingStateStats/rfMRI_REST1_LR_Atlas_1_OrigTCS_QC_Summary_Plot_z.png","CjFNQOTtdEnzzcg9HWw9hpse4gzggrJo"
"s3://hcp-openaccess/HCP_1200/506234/MNINonLinear/Results/rfMRI_REST1_LR/RestingStateStats/rfMRI_REST1_LR_Atlas_2-3_HighPassTCS-PostMotionTCS_QC_Summary_Plot.png","506234","MNINonLinear//Results/rfMRI_REST1_LR/RestingStateStats/rfMRI_REST1_LR_Atlas_2-3_HighPassTCS-PostMotionTCS_QC_Summary_Plot.png","Boo.AU0pvg3vpd1_7yCt0XrCwN_w_RB6"
"s3://hcp-openaccess/HCP_1200/506234/MNINonLinear/Results/rfMRI_REST1_LR/RestingStateStats/rfMRI_REST1_LR_Atlas_2-3_HighPassTCS-PostMotionTCS_QC_Summary_Plot_z.png","506234","MNINonLinear//Results/rfMRI_REST1_LR/RestingStateStats/rfMRI_REST1_LR_Atlas_2-3_HighPassTCS-PostMotionTCS_QC_Summary_Plot_z.png","y0p7_ipzhSvSTtfrMVvzn2QOfipdRuzB"
"s3://hcp-openaccess/HCP_1200/506234/MNINonLinear/Results/rfMRI_REST1_LR/RestingStateStats/rfMRI_REST1_LR_Atlas_2-5_HighPassTCS-UnstructNoiseTCS_QC_Summary_Plot.png","506234","MNINonLinear//Results/rfMRI_REST1_LR/RestingStateStats/rfMRI_REST1_LR_Atlas_2-5_HighPassTCS-UnstructNoiseTCS_QC_Summary_Plot.png","OWoO3PgAV06Wyuuq4kYtoxFsiJU_BE7k"
"s3://hcp-openaccess/HCP_1200/506234/MNINonLinear/Results/rfMRI_REST1_LR/RestingStateStats/rfMRI_REST1_LR_Atlas_2-5_HighPassTCS-UnstructNoiseTCS_QC_Summary_Plot_z.png","506234","MNINonLinear//Results/rfMRI_REST1_LR/RestingStateStats/rfMRI_REST1_LR_Atlas_2-5_HighPassTCS-UnstructNoiseTCS_QC_Summary_Plot_z.png","FwdHt9hbD7Mzuv3pkcKSo3xqtqeWkxkx"
"s3://hcp-openaccess/HCP_1200/506234/MNINonLinear/Results/rfMRI_REST1_LR/RestingStateStats/rfMRI_REST1_LR_Atlas_2_HighPassTCS_QC_Summary_Plot.png","506234","MNINonLinear//Results/rfMRI_REST1_LR/RestingStateStats/rfMRI_REST1_LR_Atlas_2_HighPassTCS_QC_Summary_Plot.png","NR4k0yDajiA2yku4HaNs.3Jsf99c8PRH"
"s3://hcp-openaccess/HCP_1200/506234/MNINonLinear/Results/rfMRI_REST1_LR/RestingStateStats/rfMRI_REST1_LR_Atlas_2_HighPassTCS_QC_Summary_Plot_z.png","506234","MNINonLinear//Results/rfMRI_REST1_LR/RestingStateStats/rfMRI_REST1_LR_Atlas_2_HighPassTCS_QC_Summary_Plot_z.png","NrL8Ye0Mnpfu2A1qu5zOBf5ru8XJzXRx"
"s3://hcp-openaccess/HCP_1200/506234/MNINonLinear/Results/rfMRI_REST1_LR/RestingStateStats/rfMRI_REST1_LR_Atlas_3-4_PostMotionTCS-CleanedTCS_QC_Summary_Plot.png","506234","MNINonLinear//Results/rfMRI_REST1_LR/RestingStateStats/rfMRI_REST1_LR_Atlas_3-4_PostMotionTCS-CleanedTCS_QC_Summary_Plot.png","Omb_5Dhi32oMg_1ovbsOYmQsn31Lw8_C"
"s3://hcp-openaccess/HCP_1200/506234/MNINonLinear/Results/rfMRI_REST1_LR/RestingStateStats/rfMRI_REST1_LR_Atlas_3-4_PostMotionTCS-CleanedTCS_QC_Summary_Plot_z.png","506234","MNINonLinear//Results/rfMRI_REST1_LR/RestingStateStats/rfMRI_REST1_LR_Atlas_3-4_PostMotionTCS-CleanedTCS_QC_Summary_Plot_z.png","HVukvWvnppEpkpWn4e._uFtMEh41ssT_"
"s3://hcp-openaccess/HCP_1200/506234/MNINonLinear/Results/rfMRI_REST1_LR/RestingStateStats/rfMRI_REST1_LR_Atlas_3-5_PostMotionTCS-UnstructNoiseTCS_QC_Summary_Plot.png","506234","MNINonLinear//Results/rfMRI_REST1_LR/RestingStateStats/rfMRI_REST1_LR_Atlas_3-5_PostMotionTCS-UnstructNoiseTCS_QC_Summary_Plot.png","k1It_EsH.oI8Chq6KSPoAJNmMdyB_Q1Y"
"s3://hcp-openaccess/HCP_1200/506234/MNINonLinear/Results/rfMRI_REST1_LR/RestingStateStats/rfMRI_REST1_LR_Atlas_3-5_PostMotionTCS-UnstructNoiseTCS_QC_Summary_Plot_z.png","506234","MNINonLinear//Results/rfMRI_REST1_LR/RestingStateStats/rfMRI_REST1_LR_Atlas_3-5_PostMotionTCS-UnstructNoiseTCS_QC_Summary_Plot_z.png","nDEiGQJ3tpJpPQPmRnBjFREllg7PNACd"
"s3://hcp-openaccess/HCP_1200/506234/MNINonLinear/Results/rfMRI_REST1_LR/RestingStateStats/rfMRI_REST1_LR_Atlas_3_PostMotionTCS_QC_Summary_Plot.png","506234","MNINonLinear//Results/rfMRI_REST1_LR/RestingStateStats/rfMRI_REST1_LR_Atlas_3_PostMotionTCS_QC_Summary_Plot.png","cAePFwkVXDetYj3A4ZX.IxGXkcZNryhY"
"s3://hcp-openaccess/HCP_1200/506234/MNINonLinear/Results/rfMRI_REST1_LR/RestingStateStats/rfMRI_REST1_LR_Atlas_3_PostMotionTCS_QC_Summary_Plot_z.png","506234","MNINonLinear//Results/rfMRI_REST1_LR/RestingStateStats/rfMRI_REST1_LR_Atlas_3_PostMotionTCS_QC_Summary_Plot_z.png","XSiWULie3GNf_.NFZZ8d56FbelpkGZ5I"
"s3://hcp-openaccess/HCP_1200/506234/MNINonLinear/Results/rfMRI_REST1_LR/RestingStateStats/rfMRI_REST1_LR_Atlas_4-5_CleanedTCS-UnstructNoiseTCS_QC_Summary_Plot.png","506234","MNINonLinear//Results/rfMRI_REST1_LR/RestingStateStats/rfMRI_REST1_LR_Atlas_4-5_CleanedTCS-UnstructNoiseTCS_QC_Summary_Plot.png","PNErXJpbR7MWV.q21CPxbaX0uwdomRR8"
"s3://hcp-openaccess/HCP_1200/506234/MNINonLinear/Results/rfMRI_REST1_LR/RestingStateStats/rfMRI_REST1_LR_Atlas_4-5_CleanedTCS-UnstructNoiseTCS_QC_Summary_Plot_z.png","506234","MNINonLinear//Results/rfMRI_REST1_LR/RestingStateStats/rfMRI_REST1_LR_Atlas_4-5_CleanedTCS-UnstructNoiseTCS_QC_Summary_Plot_z.png","CWQuCRDqchIqxHuBMCY9gqcvS0JtJpBv"
"s3://hcp-openaccess/HCP_1200/506234/MNINonLinear/Results/rfMRI_REST1_LR/RestingStateStats/rfMRI_REST1_LR_Atlas_4-6_CleanedTCS-WMCleanedTCS_QC_Summary_Plot.png","506234","MNINonLinear//Results/rfMRI_REST1_LR/RestingStateStats/rfMRI_REST1_LR_Atlas_4-6_CleanedTCS-WMCleanedTCS_QC_Summary_Plot.png","yNjlLtHQLR0swni5z84j8G_VnoH1Mubo"
"s3://hcp-openaccess/HCP_1200/506234/MNINonLinear/Results/rfMRI_REST1_LR/RestingStateStats/rfMRI_REST1_LR_Atlas_4-6_CleanedTCS-WMCleanedTCS_QC_Summary_Plot_z.png","506234","MNINonLinear//Results/rfMRI_REST1_LR/RestingStateStats/rfMRI_REST1_LR_Atlas_4-6_CleanedTCS-WMCleanedTCS_QC_Summary_Plot_z.png","rHLv7WS4pwUGLPrcxK1tj7r1G6ac2zmp"
"s3://hcp-openaccess/HCP_1200/506234/MNINonLinear/Results/rfMRI_REST1_LR/RestingStateStats/rfMRI_REST1_LR_Atlas_4-7_CleanedTCS-CSFCleanedTCS_QC_Summary_Plot.png","506234","MNINonLinear//Results/rfMRI_REST1_LR/RestingStateStats/rfMRI_REST1_LR_Atlas_4-7_CleanedTCS-CSFCleanedTCS_QC_Summary_Plot.png","ZT.p4i4sSU126ai.VcCQiNnmrdnXTRSm"
"s3://hcp-openaccess/HCP_1200/506234/MNINonLinear/Results/rfMRI_REST1_LR/RestingStateStats/rfMRI_REST1_LR_Atlas_4-7_CleanedTCS-CSFCleanedTCS_QC_Summary_Plot_z.png","506234","MNINonLinear//Results/rfMRI_REST1_LR/RestingStateStats/rfMRI_REST1_LR_Atlas_4-7_CleanedTCS-CSFCleanedTCS_QC_Summary_Plot_z.png","Lip3f6dIoEtMYK.HZyAU4Im8kg0Pice0"
"s3://hcp-openaccess/HCP_1200/506234/MNINonLinear/Results/rfMRI_REST1_LR/RestingStateStats/rfMRI_REST1_LR_Atlas_4-8_CleanedTCS-WMCSFCleanedTCS_QC_Summary_Plot.png","506234","MNINonLinear//Results/rfMRI_REST1_LR/RestingStateStats/rfMRI_REST1_LR_Atlas_4-8_CleanedTCS-WMCSFCleanedTCS_QC_Summary_Plot.png","ooHctAwrW8hmpRqoXuB4.WTiD8Vp6S_a"
"s3://hcp-openaccess/HCP_1200/506234/MNINonLinear/Results/rfMRI_REST1_LR/RestingStateStats/rfMRI_REST1_LR_Atlas_4-8_CleanedTCS-WMCSFCleanedTCS_QC_Summary_Plot_z.png","506234","MNINonLinear//Results/rfMRI_REST1_LR/RestingStateStats/rfMRI_REST1_LR_Atlas_4-8_CleanedTCS-WMCSFCleanedTCS_QC_Summary_Plot_z.png","SUeS86T6tGh334W4AOGucKvRcqDHPHFP"
"s3://hcp-openaccess/HCP_1200/506234/MNINonLinear/Results/rfMRI_REST1_LR/RestingStateStats/rfMRI_REST1_LR_Atlas_4_CleanedTCS_QC_Summary_Plot.png","506234","MNINonLinear//Results/rfMRI_REST1_LR/RestingStateStats/rfMRI_REST1_LR_Atlas_4_CleanedTCS_QC_Summary_Plot.png","DcNt1_mlPRmeDjvCp0YO_eqDI_8.QTvI"
"s3://hcp-openaccess/HCP_1200/506234/MNINonLinear/Results/rfMRI_REST1_LR/RestingStateStats/rfMRI_REST1_LR_Atlas_4_CleanedTCS_QC_Summary_Plot_z.png","506234","MNINonLinear//Results/rfMRI_REST1_LR/RestingStateStats/rfMRI_REST1_LR_Atlas_4_CleanedTCS_QC_Summary_Plot_z.png","FI2F.Rvsl7_E8RrP7Cjl.ArkfgiOgXQ0"
"s3://hcp-openaccess/HCP_1200/506234/MNINonLinear/Results/rfMRI_REST1_LR/RestingStateStats/rfMRI_REST1_LR_Atlas_5_UnstructNoiseTCS_QC_Summary_Plot.png","506234","MNINonLinear//Results/rfMRI_REST1_LR/RestingStateStats/rfMRI_REST1_LR_Atlas_5_UnstructNoiseTCS_QC_Summary_Plot.png","SQBZN4WtozKQVbLrD_pkndNj1qHX.dhu"
"s3://hcp-openaccess/HCP_1200/506234/MNINonLinear/Results/rfMRI_REST1_LR/RestingStateStats/rfMRI_REST1_LR_Atlas_5_UnstructNoiseTCS_QC_Summary_Plot_z.png","506234","MNINonLinear//Results/rfMRI_REST1_LR/RestingStateStats/rfMRI_REST1_LR_Atlas_5_UnstructNoiseTCS_QC_Summary_Plot_z.png","HSlZMOHqpOR776BfqyatrWvI8yU7NEPE"
"s3://hcp-openaccess/HCP_1200/506234/MNINonLinear/Results/rfMRI_REST1_LR/RestingStateStats/rfMRI_REST1_LR_Atlas_6-5_WMCleanedTCS-UnstructNoiseTCS_QC_Summary_Plot.png","506234","MNINonLinear//Results/rfMRI_REST1_LR/RestingStateStats/rfMRI_REST1_LR_Atlas_6-5_WMCleanedTCS-UnstructNoiseTCS_QC_Summary_Plot.png","fETwcB30syAnrYSgEvbSWtCfk8tcByvN"
"s3://hcp-openaccess/HCP_1200/506234/MNINonLinear/Results/rfMRI_REST1_LR/RestingStateStats/rfMRI_REST1_LR_Atlas_6-5_WMCleanedTCS-UnstructNoiseTCS_QC_Summary_Plot_z.png","506234","MNINonLinear//Results/rfMRI_REST1_LR/RestingStateStats/rfMRI_REST1_LR_Atlas_6-5_WMCleanedTCS-UnstructNoiseTCS_QC_Summary_Plot_z.png","_k1Dr74lP2yV5XcFd4F.aSB0jzKCpl21"
"s3://hcp-openaccess/HCP_1200/506234/MNINonLinear/Results/rfMRI_REST1_LR/RestingStateStats/rfMRI_REST1_LR_Atlas_6_WMCleanedTCS_QC_Summary_Plot.png","506234","MNINonLinear//Results/rfMRI_REST1_LR/RestingStateStats/rfMRI_REST1_LR_Atlas_6_WMCleanedTCS_QC_Summary_Plot.png","bgCOR0DE1S87S.N6aCdSp0sUcHo1MPo."
"s3://hcp-openaccess/HCP_1200/506234/MNINonLinear/Results/rfMRI_REST1_LR/RestingStateStats/rfMRI_REST1_LR_Atlas_6_WMCleanedTCS_QC_Summary_Plot_z.png","506234","MNINonLinear//Results/rfMRI_REST1_LR/RestingStateStats/rfMRI_REST1_LR_Atlas_6_WMCleanedTCS_QC_Summary_Plot_z.png","5Q_hHkZqJwqIET4bgIVOl8D5eezQlaE8"
"s3://hcp-openaccess/HCP_1200/506234/MNINonLinear/Results/rfMRI_REST1_LR/RestingStateStats/rfMRI_REST1_LR_Atlas_7-5_CSFCleanedTCS-UnstructNoiseTCS_QC_Summary_Plot.png","506234","MNINonLinear//Results/rfMRI_REST1_LR/RestingStateStats/rfMRI_REST1_LR_Atlas_7-5_CSFCleanedTCS-UnstructNoiseTCS_QC_Summary_Plot.png","3sYeva82exL7xG2Y0BkKFFhZw8bjpJui"
"s3://hcp-openaccess/HCP_1200/506234/MNINonLinear/Results/rfMRI_REST1_LR/RestingStateStats/rfMRI_REST1_LR_Atlas_7-5_CSFCleanedTCS-UnstructNoiseTCS_QC_Summary_Plot_z.png","506234","MNINonLinear//Results/rfMRI_REST1_LR/RestingStateStats/rfMRI_REST1_LR_Atlas_7-5_CSFCleanedTCS-UnstructNoiseTCS_QC_Summary_Plot_z.png","KIKHVGC6czYFvyw55Zguq1_3ZFr2xzCZ"
"s3://hcp-openaccess/HCP_1200/506234/MNINonLinear/Results/rfMRI_REST1_LR/RestingStateStats/rfMRI_REST1_LR_Atlas_7_CSFCleanedTCS_QC_Summary_Plot.png","506234","MNINonLinear//Results/rfMRI_REST1_LR/RestingStateStats/rfMRI_REST1_LR_Atlas_7_CSFCleanedTCS_QC_Summary_Plot.png","Zz85UJgRrH8_SRfMq5cr2AHMPgZwbGd4"
"s3://hcp-openaccess/HCP_1200/506234/MNINonLinear/Results/rfMRI_REST1_LR/RestingStateStats/rfMRI_REST1_LR_Atlas_7_CSFCleanedTCS_QC_Summary_Plot_z.png","506234","MNINonLinear//Results/rfMRI_REST1_LR/RestingStateStats/rfMRI_REST1_LR_Atlas_7_CSFCleanedTCS_QC_Summary_Plot_z.png","PLshzhpLEziNXwdeHgkuqIiIMLmsMa0j"
"s3://hcp-openaccess/HCP_1200/506234/MNINonLinear/Results/rfMRI_REST1_LR/RestingStateStats/rfMRI_REST1_LR_Atlas_8-5_WMCSFCleanedTCS-UnstructNoiseTCS_QC_Summary_Plot.png","506234","MNINonLinear//Results/rfMRI_REST1_LR/RestingStateStats/rfMRI_REST1_LR_Atlas_8-5_WMCSFCleanedTCS-UnstructNoiseTCS_QC_Summary_Plot.png","mq2mw6.fmD9bjUp72IunEuSefn71lN9l"
"s3://hcp-openaccess/HCP_1200/506234/MNINonLinear/Results/rfMRI_REST1_LR/RestingStateStats/rfMRI_REST1_LR_Atlas_8-5_WMCSFCleanedTCS-UnstructNoiseTCS_QC_Summary_Plot_z.png","506234","MNINonLinear//Results/rfMRI_REST1_LR/RestingStateStats/rfMRI_REST1_LR_Atlas_8-5_WMCSFCleanedTCS-UnstructNoiseTCS_QC_Summary_Plot_z.png","VmQcJPQZFa3VnOPCVQa8x1oNoCuTjZ6L"
"s3://hcp-openaccess/HCP_1200/506234/MNINonLinear/Results/rfMRI_REST1_LR/RestingStateStats/rfMRI_REST1_LR_Atlas_8_WMCSFCleanedTCS_QC_Summary_Plot.png","506234","MNINonLinear//Results/rfMRI_REST1_LR/RestingStateStats/rfMRI_REST1_LR_Atlas_8_WMCSFCleanedTCS_QC_Summary_Plot.png","FhBIOBGrPFn6dsndeapkLWTTA.iJbIu9"
"s3://hcp-openaccess/HCP_1200/506234/MNINonLinear/Results/rfMRI_REST1_LR/RestingStateStats/rfMRI_REST1_LR_Atlas_8_WMCSFCleanedTCS_QC_Summary_Plot_z.png","506234","MNINonLinear//Results/rfMRI_REST1_LR/RestingStateStats/rfMRI_REST1_LR_Atlas_8_WMCSFCleanedTCS_QC_Summary_Plot_z.png","ks4cFRwCRiihlSTtap91qfYym6OVCajM"
"s3://hcp-openaccess/HCP_1200/506234/MNINonLinear/Results/rfMRI_REST1_LR/RestingStateStats/rfMRI_REST1_LR_Atlas_9_StructNoiseTCS_QC_Summary_Plot.png","506234","MNINonLinear//Results/rfMRI_REST1_LR/RestingStateStats/rfMRI_REST1_LR_Atlas_9_StructNoiseTCS_QC_Summary_Plot.png","bxwawAJjDfm1N9AVXvN8SDDDjjuGh7pD"
"s3://hcp-openaccess/HCP_1200/506234/MNINonLinear/Results/rfMRI_REST1_LR/RestingStateStats/rfMRI_REST1_LR_Atlas_9_StructNoiseTCS_QC_Summary_Plot_z.png","506234","MNINonLinear//Results/rfMRI_REST1_LR/RestingStateStats/rfMRI_REST1_LR_Atlas_9_StructNoiseTCS_QC_Summary_Plot_z.png","FuO8ykmY7s2wdG7anpuhTP4nhpVxRPib"
"s3://hcp-openaccess/HCP_1200/506234/MNINonLinear/Results/rfMRI_REST1_LR/RestingStateStats/rfMRI_REST1_LR_Atlas_CleanedCSFtc.txt","506234","MNINonLinear//Results/rfMRI_REST1_LR/RestingStateStats/rfMRI_REST1_LR_Atlas_CleanedCSFtc.txt","S7vVpwi.PLhPkCWqPKs5oHGxgWoNyODP"
"s3://hcp-openaccess/HCP_1200/506234/MNINonLinear/Results/rfMRI_REST1_LR/RestingStateStats/rfMRI_REST1_LR_Atlas_CleanedMGT.txt","506234","MNINonLinear//Results/rfMRI_REST1_LR/RestingStateStats/rfMRI_REST1_LR_Atlas_CleanedMGT.txt","mFD8jWyzKt8TVexkHCh.X7DQ046yIH4a"
"s3://hcp-openaccess/HCP_1200/506234/MNINonLinear/Results/rfMRI_REST1_LR/RestingStateStats/rfMRI_REST1_LR_Atlas_CleanedWMtc.txt","506234","MNINonLinear//Results/rfMRI_REST1_LR/RestingStateStats/rfMRI_REST1_LR_Atlas_CleanedWMtc.txt","2SQKx.chYkyKqwDoimGBSEQ3gNwQZuoM"
"s3://hcp-openaccess/HCP_1200/506234/MNINonLinear/Results/rfMRI_REST1_LR/RestingStateStats/rfMRI_REST1_LR_Atlas_HighPassMGT.txt","506234","MNINonLinear//Results/rfMRI_REST1_LR/RestingStateStats/rfMRI_REST1_LR_Atlas_HighPassMGT.txt","wxD7l4kDuaXSGYFD3Bg1RP3LKvHHwEDe"
"s3://hcp-openaccess/HCP_1200/506234/MNINonLinear/Results/rfMRI_REST1_LR/RestingStateStats/rfMRI_REST1_LR_Atlas_NoiseMGT.txt","506234","MNINonLinear//Results/rfMRI_REST1_LR/RestingStateStats/rfMRI_REST1_LR_Atlas_NoiseMGT.txt","vaQg_.LVWm6yLOZydmW5.2lSHONvjPZN"
"s3://hcp-openaccess/HCP_1200/506234/MNINonLinear/Results/rfMRI_REST1_LR/RestingStateStats/rfMRI_REST1_LR_Atlas_OrigMGT.txt","506234","MNINonLinear//Results/rfMRI_REST1_LR/RestingStateStats/rfMRI_REST1_LR_Atlas_OrigMGT.txt","Mq32PCqDNC1Wq8XGzTb93ptVbkPKSbd8"
"s3://hcp-openaccess/HCP_1200/506234/MNINonLinear/Results/rfMRI_REST1_LR/RestingStateStats/rfMRI_REST1_LR_Atlas_PostMotionMGT.txt","506234","MNINonLinear//Results/rfMRI_REST1_LR/RestingStateStats/rfMRI_REST1_LR_Atlas_PostMotionMGT.txt","f_7Ret0Qkf5NbUzHKG0Up4lSIbG34dxA"
"s3://hcp-openaccess/HCP_1200/506234/MNINonLinear/Results/rfMRI_REST1_LR/RestingStateStats/rfMRI_REST1_LR_Atlas_UnstructNoiseMGT.txt","506234","MNINonLinear//Results/rfMRI_REST1_LR/RestingStateStats/rfMRI_REST1_LR_Atlas_UnstructNoiseMGT.txt","TiBsERfwpPH4PLDhrCUbN7uhvuePUNgI"
"s3://hcp-openaccess/HCP_1200/506234/MNINonLinear/Results/rfMRI_REST1_LR/RibbonVolumeToSurfaceMapping/goodvoxels.nii.gz","506234","MNINonLinear//Results/rfMRI_REST1_LR/RibbonVolumeToSurfaceMapping/goodvoxels.nii.gz","_SJAotjH2F8pjZHs1.ugvUA9Izbb.bjd"
"s3://hcp-openaccess/HCP_1200/506234/MNINonLinear/Results/rfMRI_REST1_LR/SBRef_dc.nii.gz","506234","MNINonLinear//Results/rfMRI_REST1_LR/SBRef_dc.nii.gz","t_KAOChbggKYp0a7l8twObeWlog_LWcO"
"s3://hcp-openaccess/HCP_1200/506234/MNINonLinear/Results/rfMRI_REST1_LR/brainmask_fs.2.nii.gz","506234","MNINonLinear//Results/rfMRI_REST1_LR/brainmask_fs.2.nii.gz","4KDZaxg1HwF1ZWTHie19nF1s9skzWcfC"
"s3://hcp-openaccess/HCP_1200/506234/MNINonLinear/Results/rfMRI_REST1_LR/rfMRI_REST1_LR.L.native.func.gii","506234","MNINonLinear//Results/rfMRI_REST1_LR/rfMRI_REST1_LR.L.native.func.gii","BEzvYroFcbyWsGu2VXX2p34I1jPjrre6"
"s3://hcp-openaccess/HCP_1200/506234/MNINonLinear/Results/rfMRI_REST1_LR/rfMRI_REST1_LR.R.native.func.gii","506234","MNINonLinear//Results/rfMRI_REST1_LR/rfMRI_REST1_LR.R.native.func.gii","jR54bf6vJpI0Ukumu1XZGZVVmdbkpwRu"
"s3://hcp-openaccess/HCP_1200/506234/MNINonLinear/Results/rfMRI_REST1_LR/rfMRI_REST1_LR.nii.gz","506234","MNINonLinear//Results/rfMRI_REST1_LR/rfMRI_REST1_LR.nii.gz","Fk_QfRW7q8vwohzavFRdCnZoUPG1OsNM"
"s3://hcp-openaccess/HCP_1200/506234/MNINonLinear/Results/rfMRI_REST1_LR/rfMRI_REST1_LR_Atlas.dtseries.nii","506234","MNINonLinear//Results/rfMRI_REST1_LR/rfMRI_REST1_LR_Atlas.dtseries.nii","2AbNsC0k4DT0Ox3oLvv3wzcenJHDRn.l"
"s3://hcp-openaccess/HCP_1200/506234/MNINonLinear/Results/rfMRI_REST1_LR/rfMRI_REST1_LR_Atlas_MSMAll.dtseries.nii","506234","MNINonLinear//Results/rfMRI_REST1_LR/rfMRI_REST1_LR_Atlas_MSMAll.dtseries.nii","WcVS6cFFTRUhhN2uFfUe5AuCQyUpbU5F"
"s3://hcp-openaccess/HCP_1200/506234/MNINonLinear/Results/rfMRI_REST1_LR/rfMRI_REST1_LR_Atlas_MSMAll_hp2000_clean.dtseries.nii","506234","MNINonLinear//Results/rfMRI_REST1_LR/rfMRI_REST1_LR_Atlas_MSMAll_hp2000_clean.dtseries.nii","VK.jG0sQYNPXYhUMv8KKyBgw5SrII4gR"
"s3://hcp-openaccess/HCP_1200/506234/MNINonLinear/Results/rfMRI_REST1_LR/rfMRI_REST1_LR_Atlas_hp2000_clean.dtseries.nii","506234","MNINonLinear//Results/rfMRI_REST1_LR/rfMRI_REST1_LR_Atlas_hp2000_clean.dtseries.nii","ZNDkBJ1nlLY2g5Jo6rzKB.U4eNLbkuGe"
"s3://hcp-openaccess/HCP_1200/506234/MNINonLinear/Results/rfMRI_REST1_LR/rfMRI_REST1_LR_Atlas_hp2000_clean_bias.dscalar.nii","506234","MNINonLinear//Results/rfMRI_REST1_LR/rfMRI_REST1_LR_Atlas_hp2000_clean_bias.dscalar.nii","3QHYJGmxWnOSoWUaucOlwzA_sGTdIa3J"
"s3://hcp-openaccess/HCP_1200/506234/MNINonLinear/Results/rfMRI_REST1_LR/rfMRI_REST1_LR_Atlas_hp2000_clean_vn.dscalar.nii","506234","MNINonLinear//Results/rfMRI_REST1_LR/rfMRI_REST1_LR_Atlas_hp2000_clean_vn.dscalar.nii","CIE3zqCmVH70GwEazMa6rMRkyg4n2hAS"
"s3://hcp-openaccess/HCP_1200/506234/MNINonLinear/Results/rfMRI_REST1_LR/rfMRI_REST1_LR_Atlas_stats.dscalar.nii","506234","MNINonLinear//Results/rfMRI_REST1_LR/rfMRI_REST1_LR_Atlas_stats.dscalar.nii","boNAQtUkt8IxS.M_5wkxxALeuqq7MNIw"
"s3://hcp-openaccess/HCP_1200/506234/MNINonLinear/Results/rfMRI_REST1_LR/rfMRI_REST1_LR_Atlas_stats.txt","506234","MNINonLinear//Results/rfMRI_REST1_LR/rfMRI_REST1_LR_Atlas_stats.txt","FYjiIcTHIDfti9UeEvD503SsXLyZTmz1"
"s3://hcp-openaccess/HCP_1200/506234/MNINonLinear/Results/rfMRI_REST1_LR/rfMRI_REST1_LR_CSF.txt","506234","MNINonLinear//Results/rfMRI_REST1_LR/rfMRI_REST1_LR_CSF.txt","9j.EqAZhgG2ENcazBaZFMITnmdv1E31D"
"s3://hcp-openaccess/HCP_1200/506234/MNINonLinear/Results/rfMRI_REST1_LR/rfMRI_REST1_LR_Jacobian.nii.gz","506234","MNINonLinear//Results/rfMRI_REST1_LR/rfMRI_REST1_LR_Jacobian.nii.gz","HTwWXbnvm4PWYq2tL4RpqjXU7n3Getok"
"s3://hcp-openaccess/HCP_1200/506234/MNINonLinear/Results/rfMRI_REST1_LR/rfMRI_REST1_LR_Physio_log.txt","506234","MNINonLinear//Results/rfMRI_REST1_LR/rfMRI_REST1_LR_Physio_log.txt","mtOosYJx6itZE2d3yTkIRrcbD.gxSsOs"
"s3://hcp-openaccess/HCP_1200/506234/MNINonLinear/Results/rfMRI_REST1_LR/rfMRI_REST1_LR_SBRef.nii.gz","506234","MNINonLinear//Results/rfMRI_REST1_LR/rfMRI_REST1_LR_SBRef.nii.gz","WbQ4IgjUq3x1HhFy2xUn5LGkiD9kCum5"
"s3://hcp-openaccess/HCP_1200/506234/MNINonLinear/Results/rfMRI_REST1_LR/rfMRI_REST1_LR_WM.txt","506234","MNINonLinear//Results/rfMRI_REST1_LR/rfMRI_REST1_LR_WM.txt","atMmAOlJZwE02qFSpopzIUHTIYUL8N.f"
"s3://hcp-openaccess/HCP_1200/506234/MNINonLinear/Results/rfMRI_REST1_LR/rfMRI_REST1_LR_hp2000.ica/.fix","506234","MNINonLinear//Results/rfMRI_REST1_LR/rfMRI_REST1_LR_hp2000.ica/.fix","E9iX9qYW2x78GeL0DINV.paXM4BbRoy6"
"s3://hcp-openaccess/HCP_1200/506234/MNINonLinear/Results/rfMRI_REST1_LR/rfMRI_REST1_LR_hp2000.ica/Noise.txt","506234","MNINonLinear//Results/rfMRI_REST1_LR/rfMRI_REST1_LR_hp2000.ica/Noise.txt","yRhBx1rTVPNn7gmFEHsNxTNbMW_vU.Ej"
"s3://hcp-openaccess/HCP_1200/506234/MNINonLinear/Results/rfMRI_REST1_LR/rfMRI_REST1_LR_hp2000.ica/Signal.txt","506234","MNINonLinear//Results/rfMRI_REST1_LR/rfMRI_REST1_LR_hp2000.ica/Signal.txt","gXEDQLkOrrTl8eup5t95l4Ls4leOCo.9"
"s3://hcp-openaccess/HCP_1200/506234/MNINonLinear/Results/rfMRI_REST1_LR/rfMRI_REST1_LR_hp2000.ica/filtered_func_data.ica/eigenvalues_percent","506234","MNINonLinear//Results/rfMRI_REST1_LR/rfMRI_REST1_LR_hp2000.ica/filtered_func_data.ica/eigenvalues_percent","AvBqcfh.X55_chayVFkq4M8ecqK1xNvI"
"s3://hcp-openaccess/HCP_1200/506234/MNINonLinear/Results/rfMRI_REST1_LR/rfMRI_REST1_LR_hp2000.ica/filtered_func_data.ica/log.txt","506234","MNINonLinear//Results/rfMRI_REST1_LR/rfMRI_REST1_LR_hp2000.ica/filtered_func_data.ica/log.txt","yiJXZh6rg5W_n9PgdmW5QWhAJKQHXy44"
"s3://hcp-openaccess/HCP_1200/506234/MNINonLinear/Results/rfMRI_REST1_LR/rfMRI_REST1_LR_hp2000.ica/filtered_func_data.ica/melodic_FTmix","506234","MNINonLinear//Results/rfMRI_REST1_LR/rfMRI_REST1_LR_hp2000.ica/filtered_func_data.ica/melodic_FTmix","XA9cA.DpzjvFz8AvnbAX5gL8NRkY27pL"
"s3://hcp-openaccess/HCP_1200/506234/MNINonLinear/Results/rfMRI_REST1_LR/rfMRI_REST1_LR_hp2000.ica/filtered_func_data.ica/melodic_FTmix.sdseries.nii","506234","MNINonLinear//Results/rfMRI_REST1_LR/rfMRI_REST1_LR_hp2000.ica/filtered_func_data.ica/melodic_FTmix.sdseries.nii","k1TRkhbw3PWVlb9xs34H42dWMi0KmxPW"
"s3://hcp-openaccess/HCP_1200/506234/MNINonLinear/Results/rfMRI_REST1_LR/rfMRI_REST1_LR_hp2000.ica/filtered_func_data.ica/melodic_IC.nii.gz","506234","MNINonLinear//Results/rfMRI_REST1_LR/rfMRI_REST1_LR_hp2000.ica/filtered_func_data.ica/melodic_IC.nii.gz","XbloF1oxlgszdZIQdX5VUOziDUk3L3Mc"
"s3://hcp-openaccess/HCP_1200/506234/MNINonLinear/Results/rfMRI_REST1_LR/rfMRI_REST1_LR_hp2000.ica/filtered_func_data.ica/melodic_ICstats","506234","MNINonLinear//Results/rfMRI_REST1_LR/rfMRI_REST1_LR_hp2000.ica/filtered_func_data.ica/melodic_ICstats","o1l_C..VrGJrUHj6A6lfCOkDVhZDhty9"
"s3://hcp-openaccess/HCP_1200/506234/MNINonLinear/Results/rfMRI_REST1_LR/rfMRI_REST1_LR_hp2000.ica/filtered_func_data.ica/melodic_Tmodes","506234","MNINonLinear//Results/rfMRI_REST1_LR/rfMRI_REST1_LR_hp2000.ica/filtered_func_data.ica/melodic_Tmodes","gdw8D.L2DslOlm06bpEMBV3g0Slb0OOh"
"s3://hcp-openaccess/HCP_1200/506234/MNINonLinear/Results/rfMRI_REST1_LR/rfMRI_REST1_LR_hp2000.ica/filtered_func_data.ica/melodic_mix","506234","MNINonLinear//Results/rfMRI_REST1_LR/rfMRI_REST1_LR_hp2000.ica/filtered_func_data.ica/melodic_mix","pVNHco1eTxWkRsP3XMQ9oN.N8vDaBk2g"
"s3://hcp-openaccess/HCP_1200/506234/MNINonLinear/Results/rfMRI_REST1_LR/rfMRI_REST1_LR_hp2000.ica/filtered_func_data.ica/melodic_mix.sdseries.nii","506234","MNINonLinear//Results/rfMRI_REST1_LR/rfMRI_REST1_LR_hp2000.ica/filtered_func_data.ica/melodic_mix.sdseries.nii","0r.vKmVgz88J.gm5J2j6NAUTqNaNqDj2"
"s3://hcp-openaccess/HCP_1200/506234/MNINonLinear/Results/rfMRI_REST1_LR/rfMRI_REST1_LR_hp2000.ica/filtered_func_data.ica/melodic_oIC.dscalar.nii","506234","MNINonLinear//Results/rfMRI_REST1_LR/rfMRI_REST1_LR_hp2000.ica/filtered_func_data.ica/melodic_oIC.dscalar.nii","VRDq5ZqBAvLLBm_yyC3rOfIpG2PmnnBV"
"s3://hcp-openaccess/HCP_1200/506234/MNINonLinear/Results/rfMRI_REST1_LR/rfMRI_REST1_LR_hp2000.ica/filtered_func_data.ica/melodic_oIC.nii.gz","506234","MNINonLinear//Results/rfMRI_REST1_LR/rfMRI_REST1_LR_hp2000.ica/filtered_func_data.ica/melodic_oIC.nii.gz","X1.5lTnfuvZYS5SoDjFYXSRORIAXWaNB"
"s3://hcp-openaccess/HCP_1200/506234/MNINonLinear/Results/rfMRI_REST1_LR/rfMRI_REST1_LR_hp2000.ica/filtered_func_data.ica/melodic_oIC_vol.dscalar.nii","506234","MNINonLinear//Results/rfMRI_REST1_LR/rfMRI_REST1_LR_hp2000.ica/filtered_func_data.ica/melodic_oIC_vol.dscalar.nii","IRsMIP1WfhbbXhtXmRbMKsUNaIJs51qY"
"s3://hcp-openaccess/HCP_1200/506234/MNINonLinear/Results/rfMRI_REST1_LR/rfMRI_REST1_LR_hp2000.ica/filtered_func_data.ica/report/00index.html","506234","MNINonLinear//Results/rfMRI_REST1_LR/rfMRI_REST1_LR_hp2000.ica/filtered_func_data.ica/report/00index.html","mZdPazl5ed7Io8xXtLhCuFSiPp33LRke"
"s3://hcp-openaccess/HCP_1200/506234/MNINonLinear/Results/rfMRI_REST1_LR/rfMRI_REST1_LR_hp2000.ica/filtered_func_data.ica/report/EVplot.png","506234","MNINonLinear//Results/rfMRI_REST1_LR/rfMRI_REST1_LR_hp2000.ica/filtered_func_data.ica/report/EVplot.png","AogDY5ZKwzmK6PbgUAcOxBozyft1rLPQ"
"s3://hcp-openaccess/HCP_1200/506234/MNINonLinear/Results/rfMRI_REST1_LR/rfMRI_REST1_LR_hp2000.ica/filtered_func_data.ica/report/IC_1.html","506234","MNINonLinear//Results/rfMRI_REST1_LR/rfMRI_REST1_LR_hp2000.ica/filtered_func_data.ica/report/IC_1.html","47oJpCO_Rm1rAoImWT7ELk3MkIcQo6Df"
"s3://hcp-openaccess/HCP_1200/506234/MNINonLinear/Results/rfMRI_REST1_LR/rfMRI_REST1_LR_hp2000.ica/filtered_func_data.ica/report/IC_1.png","506234","MNINonLinear//Results/rfMRI_REST1_LR/rfMRI_REST1_LR_hp2000.ica/filtered_func_data.ica/report/IC_1.png","Z6nXxEjGdG.NGPPs0Asvzno3au2Bcm6T"
"s3://hcp-openaccess/HCP_1200/506234/MNINonLinear/Results/rfMRI_REST1_LR/rfMRI_REST1_LR_hp2000.ica/filtered_func_data.ica/report/IC_10.html","506234","MNINonLinear//Results/rfMRI_REST1_LR/rfMRI_REST1_LR_hp2000.ica/filtered_func_data.ica/report/IC_10.html","p7pTVw0_Uz9tXPqkc5wbqgLaC02.BptS"
"s3://hcp-openaccess/HCP_1200/506234/MNINonLinear/Results/rfMRI_REST1_LR/rfMRI_REST1_LR_hp2000.ica/filtered_func_data.ica/report/IC_10.png","506234","MNINonLinear//Results/rfMRI_REST1_LR/rfMRI_REST1_LR_hp2000.ica/filtered_func_data.ica/report/IC_10.png","5ClqBdR.75taI7KGyt2xhFG_iUbVn2xR"
"s3://hcp-openaccess/HCP_1200/506234/MNINonLinear/Results/rfMRI_REST1_LR/rfMRI_REST1_LR_hp2000.ica/filtered_func_data.ica/report/IC_10_MM.html","506234","MNINonLinear//Results/rfMRI_REST1_LR/rfMRI_REST1_LR_hp2000.ica/filtered_func_data.ica/report/IC_10_MM.html","5lDfg34abk.12QdMf4XmwY8FgnN5JLhP"
"s3://hcp-openaccess/HCP_1200/506234/MNINonLinear/Results/rfMRI_REST1_LR/rfMRI_REST1_LR_hp2000.ica/filtered_func_data.ica/report/IC_10_MMfit.png","506234","MNINonLinear//Results/rfMRI_REST1_LR/rfMRI_REST1_LR_hp2000.ica/filtered_func_data.ica/report/IC_10_MMfit.png","CeczeZoEfCEmjP.lhT9sWHBkyISbm5Ka"
"s3://hcp-openaccess/HCP_1200/506234/MNINonLinear/Results/rfMRI_REST1_LR/rfMRI_REST1_LR_hp2000.ica/filtered_func_data.ica/report/IC_10_prob.png","506234","MNINonLinear//Results/rfMRI_REST1_LR/rfMRI_REST1_LR_hp2000.ica/filtered_func_data.ica/report/IC_10_prob.png","EXvPJGOOS5AdrVQ_JGV0mXE6s_ji9KhU"
"s3://hcp-openaccess/HCP_1200/506234/MNINonLinear/Results/rfMRI_REST1_LR/rfMRI_REST1_LR_hp2000.ica/filtered_func_data.ica/report/IC_10_thresh.png","506234","MNINonLinear//Results/rfMRI_REST1_LR/rfMRI_REST1_LR_hp2000.ica/filtered_func_data.ica/report/IC_10_thresh.png","sYD3MEfkMria9jrHSIoYoO7Bk1neh_A5"
"s3://hcp-openaccess/HCP_1200/506234/MNINonLinear/Results/rfMRI_REST1_LR/rfMRI_REST1_LR_hp2000.ica/filtered_func_data.ica/report/IC_11.html","506234","MNINonLinear//Results/rfMRI_REST1_LR/rfMRI_REST1_LR_hp2000.ica/filtered_func_data.ica/report/IC_11.html","4mCymtU1dJSULyO6JeK0xK_nNONIwNBF"
"s3://hcp-openaccess/HCP_1200/506234/MNINonLinear/Results/rfMRI_REST1_LR/rfMRI_REST1_LR_hp2000.ica/filtered_func_data.ica/report/IC_11.png","506234","MNINonLinear//Results/rfMRI_REST1_LR/rfMRI_REST1_LR_hp2000.ica/filtered_func_data.ica/report/IC_11.png","l49QblGZL8cmVO99p3WmJS7hRjL45SBW"
"s3://hcp-openaccess/HCP_1200/506234/MNINonLinear/Results/rfMRI_REST1_LR/rfMRI_REST1_LR_hp2000.ica/filtered_func_data.ica/report/IC_11_MM.html","506234","MNINonLinear//Results/rfMRI_REST1_LR/rfMRI_REST1_LR_hp2000.ica/filtered_func_data.ica/report/IC_11_MM.html","vRx0krSPd0zayV588fS62dsRY7f3.KUE"
"s3://hcp-openaccess/HCP_1200/506234/MNINonLinear/Results/rfMRI_REST1_LR/rfMRI_REST1_LR_hp2000.ica/filtered_func_data.ica/report/IC_11_MMfit.png","506234","MNINonLinear//Results/rfMRI_REST1_LR/rfMRI_REST1_LR_hp2000.ica/filtered_func_data.ica/report/IC_11_MMfit.png","jrQQR8POCRCD_YDhKQK0L3HZm4tTgWSD"
"s3://hcp-openaccess/HCP_1200/506234/MNINonLinear/Results/rfMRI_REST1_LR/rfMRI_REST1_LR_hp2000.ica/filtered_func_data.ica/report/IC_11_prob.png","506234","MNINonLinear//Results/rfMRI_REST1_LR/rfMRI_REST1_LR_hp2000.ica/filtered_func_data.ica/report/IC_11_prob.png","1fvXpeNO1sxiSwS_MjY.Psyelknj5D7U"
"s3://hcp-openaccess/HCP_1200/506234/MNINonLinear/Results/rfMRI_REST1_LR/rfMRI_REST1_LR_hp2000.ica/filtered_func_data.ica/report/IC_11_thresh.png","506234","MNINonLinear//Results/rfMRI_REST1_LR/rfMRI_REST1_LR_hp2000.ica/filtered_func_data.ica/report/IC_11_thresh.png","gC.mdciArOL3cs90JDm2AdFPiGfIgXpD"
"s3://hcp-openaccess/HCP_1200/506234/MNINonLinear/Results/rfMRI_REST1_LR/rfMRI_REST1_LR_hp2000.ica/filtered_func_data.ica/report/IC_12.html","506234","MNINonLinear//Results/rfMRI_REST1_LR/rfMRI_REST1_LR_hp2000.ica/filtered_func_data.ica/report/IC_12.html","Bcm4vC8oLV6qByZOeWjXyfo45rbg25dt"
"s3://hcp-openaccess/HCP_1200/506234/MNINonLinear/Results/rfMRI_REST1_LR/rfMRI_REST1_LR_hp2000.ica/filtered_func_data.ica/report/IC_12.png","506234","MNINonLinear//Results/rfMRI_REST1_LR/rfMRI_REST1_LR_hp2000.ica/filtered_func_data.ica/report/IC_12.png","6W_shuXu49w7mdhlGiTghtJ0rWi4nogY"
"s3://hcp-openaccess/HCP_1200/506234/MNINonLinear/Results/rfMRI_REST1_LR/rfMRI_REST1_LR_hp2000.ica/filtered_func_data.ica/report/IC_12_MM.html","506234","MNINonLinear//Results/rfMRI_REST1_LR/rfMRI_REST1_LR_hp2000.ica/filtered_func_data.ica/report/IC_12_MM.html","nyGgAMd66O7b.1DBRpQmnrzf8RfdglYf"
"s3://hcp-openaccess/HCP_1200/506234/MNINonLinear/Results/rfMRI_REST1_LR/rfMRI_REST1_LR_hp2000.ica/filtered_func_data.ica/report/IC_12_MMfit.png","506234","MNINonLinear//Results/rfMRI_REST1_LR/rfMRI_REST1_LR_hp2000.ica/filtered_func_data.ica/report/IC_12_MMfit.png","HixabaQo6eGjwbiN3TqnP.zWV1cmxqu6"
"s3://hcp-openaccess/HCP_1200/506234/MNINonLinear/Results/rfMRI_REST1_LR/rfMRI_REST1_LR_hp2000.ica/filtered_func_data.ica/report/IC_12_prob.png","506234","MNINonLinear//Results/rfMRI_REST1_LR/rfMRI_REST1_LR_hp2000.ica/filtered_func_data.ica/report/IC_12_prob.png","kler2c.ZyDYeLgZ3z7xkZnX3MJCSaqXG"
"s3://hcp-openaccess/HCP_1200/506234/MNINonLinear/Results/rfMRI_REST1_LR/rfMRI_REST1_LR_hp2000.ica/filtered_func_data.ica/report/IC_12_thresh.png","506234","MNINonLinear//Results/rfMRI_REST1_LR/rfMRI_REST1_LR_hp2000.ica/filtered_func_data.ica/report/IC_12_thresh.png","5xz1rBzWFpsueQbbENoL5.Ty7u727eca"
"s3://hcp-openaccess/HCP_1200/506234/MNINonLinear/Results/rfMRI_REST1_LR/rfMRI_REST1_LR_hp2000.ica/filtered_func_data.ica/report/IC_13.html","506234","MNINonLinear//Results/rfMRI_REST1_LR/rfMRI_REST1_LR_hp2000.ica/filtered_func_data.ica/report/IC_13.html","N1h0i_Pm3eEkV5epjtS4DNMFpjzLXiqP"
"s3://hcp-openaccess/HCP_1200/506234/MNINonLinear/Results/rfMRI_REST1_LR/rfMRI_REST1_LR_hp2000.ica/filtered_func_data.ica/report/IC_13.png","506234","MNINonLinear//Results/rfMRI_REST1_LR/rfMRI_REST1_LR_hp2000.ica/filtered_func_data.ica/report/IC_13.png","OT.rYx1FkC7YrRs5WNXXBDVNUwiWYBgS"
"s3://hcp-openaccess/HCP_1200/506234/MNINonLinear/Results/rfMRI_REST1_LR/rfMRI_REST1_LR_hp2000.ica/filtered_func_data.ica/report/IC_13_MM.html","506234","MNINonLinear//Results/rfMRI_REST1_LR/rfMRI_REST1_LR_hp2000.ica/filtered_func_data.ica/report/IC_13_MM.html","6cKB12qHfclbpZevKxlIuhpOEK6BYhCA"
"s3://hcp-openaccess/HCP_1200/506234/MNINonLinear/Results/rfMRI_REST1_LR/rfMRI_REST1_LR_hp2000.ica/filtered_func_data.ica/report/IC_13_MMfit.png","506234","MNINonLinear//Results/rfMRI_REST1_LR/rfMRI_REST1_LR_hp2000.ica/filtered_func_data.ica/report/IC_13_MMfit.png","jNyT9KxTGnw93UnrGzcssmS2Xjoxu7Ca"
"s3://hcp-openaccess/HCP_1200/506234/MNINonLinear/Results/rfMRI_REST1_LR/rfMRI_REST1_LR_hp2000.ica/filtered_func_data.ica/report/IC_13_prob.png","506234","MNINonLinear//Results/rfMRI_REST1_LR/rfMRI_REST1_LR_hp2000.ica/filtered_func_data.ica/report/IC_13_prob.png","Gx_tvY9J8aVqjpdbl7Bt9VbHxXrxB1NB"
"s3://hcp-openaccess/HCP_1200/506234/MNINonLinear/Results/rfMRI_REST1_LR/rfMRI_REST1_LR_hp2000.ica/filtered_func_data.ica/report/IC_13_thresh.png","506234","MNINonLinear//Results/rfMRI_REST1_LR/rfMRI_REST1_LR_hp2000.ica/filtered_func_data.ica/report/IC_13_thresh.png","x2kHTF2V5GNXN8VPqwUsq6gSrWUGTBfL"
"s3://hcp-openaccess/HCP_1200/506234/MNINonLinear/Results/rfMRI_REST1_LR/rfMRI_REST1_LR_hp2000.ica/filtered_func_data.ica/report/IC_14.html","506234","MNINonLinear//Results/rfMRI_REST1_LR/rfMRI_REST1_LR_hp2000.ica/filtered_func_data.ica/report/IC_14.html","DK7O.wSn1NK9hpkpONBQkSPC4skflMKd"
"s3://hcp-openaccess/HCP_1200/506234/MNINonLinear/Results/rfMRI_REST1_LR/rfMRI_REST1_LR_hp2000.ica/filtered_func_data.ica/report/IC_14.png","506234","MNINonLinear//Results/rfMRI_REST1_LR/rfMRI_REST1_LR_hp2000.ica/filtered_func_data.ica/report/IC_14.png","q0DwzKnf.FZfL7EnUbhZYMBMM2Fx9JvL"
"s3://hcp-openaccess/HCP_1200/506234/MNINonLinear/Results/rfMRI_REST1_LR/rfMRI_REST1_LR_hp2000.ica/filtered_func_data.ica/report/IC_14_MM.html","506234","MNINonLinear//Results/rfMRI_REST1_LR/rfMRI_REST1_LR_hp2000.ica/filtered_func_data.ica/report/IC_14_MM.html","cfgdBlJcmA_Gw4Li27rxjXy1S0pS3U3Q"
"s3://hcp-openaccess/HCP_1200/506234/MNINonLinear/Results/rfMRI_REST1_LR/rfMRI_REST1_LR_hp2000.ica/filtered_func_data.ica/report/IC_14_MMfit.png","506234","MNINonLinear//Results/rfMRI_REST1_LR/rfMRI_REST1_LR_hp2000.ica/filtered_func_data.ica/report/IC_14_MMfit.png","OF0t5t_AwwgJAJlk3YVKm.Fn4DzzjV2."
"s3://hcp-openaccess/HCP_1200/506234/MNINonLinear/Results/rfMRI_REST1_LR/rfMRI_REST1_LR_hp2000.ica/filtered_func_data.ica/report/IC_14_prob.png","506234","MNINonLinear//Results/rfMRI_REST1_LR/rfMRI_REST1_LR_hp2000.ica/filtered_func_data.ica/report/IC_14_prob.png","ts3kuwbMRXMLzHJNcSqjcsTtL0xCpYMb"
"s3://hcp-openaccess/HCP_1200/506234/MNINonLinear/Results/rfMRI_REST1_LR/rfMRI_REST1_LR_hp2000.ica/filtered_func_data.ica/report/IC_14_thresh.png","506234","MNINonLinear//Results/rfMRI_REST1_LR/rfMRI_REST1_LR_hp2000.ica/filtered_func_data.ica/report/IC_14_thresh.png","nBL1ztvXnPaDliYtidU63FhGS1Eum1Xk"
"s3://hcp-openaccess/HCP_1200/506234/MNINonLinear/Results/rfMRI_REST1_LR/rfMRI_REST1_LR_hp2000.ica/filtered_func_data.ica/report/IC_15.html","506234","MNINonLinear//Results/rfMRI_REST1_LR/rfMRI_REST1_LR_hp2000.ica/filtered_func_data.ica/report/IC_15.html","M5r_pCl1jD6YjVcSWsZUL4Ikbifk8XMM"
"s3://hcp-openaccess/HCP_1200/506234/MNINonLinear/Results/rfMRI_REST1_LR/rfMRI_REST1_LR_hp2000.ica/filtered_func_data.ica/report/IC_15.png","506234","MNINonLinear//Results/rfMRI_REST1_LR/rfMRI_REST1_LR_hp2000.ica/filtered_func_data.ica/report/IC_15.png","pdEDCsVxsuPqPagJGlwKpai6fdsCL1.3"
"s3://hcp-openaccess/HCP_1200/506234/MNINonLinear/Results/rfMRI_REST1_LR/rfMRI_REST1_LR_hp2000.ica/filtered_func_data.ica/report/IC_15_MM.html","506234","MNINonLinear//Results/rfMRI_REST1_LR/rfMRI_REST1_LR_hp2000.ica/filtered_func_data.ica/report/IC_15_MM.html","758ImfyEfd8hcox3L3j3gC.x40t6_RBo"
"s3://hcp-openaccess/HCP_1200/506234/MNINonLinear/Results/rfMRI_REST1_LR/rfMRI_REST1_LR_hp2000.ica/filtered_func_data.ica/report/IC_15_MMfit.png","506234","MNINonLinear//Results/rfMRI_REST1_LR/rfMRI_REST1_LR_hp2000.ica/filtered_func_data.ica/report/IC_15_MMfit.png","dXvBgviI2CKN0N2NoY38Q0Fbqe4hg17s"
"s3://hcp-openaccess/HCP_1200/506234/MNINonLinear/Results/rfMRI_REST1_LR/rfMRI_REST1_LR_hp2000.ica/filtered_func_data.ica/report/IC_15_prob.png","506234","MNINonLinear//Results/rfMRI_REST1_LR/rfMRI_REST1_LR_hp2000.ica/filtered_func_data.ica/report/IC_15_prob.png","DgnH1q2rzqWc35U2vkTRb8LpaKksoePY"
"s3://hcp-openaccess/HCP_1200/506234/MNINonLinear/Results/rfMRI_REST1_LR/rfMRI_REST1_LR_hp2000.ica/filtered_func_data.ica/report/IC_15_thresh.png","506234","MNINonLinear//Results/rfMRI_REST1_LR/rfMRI_REST1_LR_hp2000.ica/filtered_func_data.ica/report/IC_15_thresh.png","bnWoelZ5Pgx57qoRqdQKJqpArZE.vOHh"
"s3://hcp-openaccess/HCP_1200/506234/MNINonLinear/Results/rfMRI_REST1_LR/rfMRI_REST1_LR_hp2000.ica/filtered_func_data.ica/report/IC_16.html","506234","MNINonLinear//Results/rfMRI_REST1_LR/rfMRI_REST1_LR_hp2000.ica/filtered_func_data.ica/report/IC_16.html","wLP6urPAFQgAyTDi0.9LboidV4YNfv6D"
"s3://hcp-openaccess/HCP_1200/506234/MNINonLinear/Results/rfMRI_REST1_LR/rfMRI_REST1_LR_hp2000.ica/filtered_func_data.ica/report/IC_16.png","506234","MNINonLinear//Results/rfMRI_REST1_LR/rfMRI_REST1_LR_hp2000.ica/filtered_func_data.ica/report/IC_16.png","aVZIXDNxwWXN49Kbrm9kWDA.Il0CoLAf"
"s3://hcp-openaccess/HCP_1200/506234/MNINonLinear/Results/rfMRI_REST1_LR/rfMRI_REST1_LR_hp2000.ica/filtered_func_data.ica/report/IC_16_MM.html","506234","MNINonLinear//Results/rfMRI_REST1_LR/rfMRI_REST1_LR_hp2000.ica/filtered_func_data.ica/report/IC_16_MM.html","2NEHXsM7afegHOZ06E1k4lJYkvjZGn9V"
"s3://hcp-openaccess/HCP_1200/506234/MNINonLinear/Results/rfMRI_REST1_LR/rfMRI_REST1_LR_hp2000.ica/filtered_func_data.ica/report/IC_16_MMfit.png","506234","MNINonLinear//Results/rfMRI_REST1_LR/rfMRI_REST1_LR_hp2000.ica/filtered_func_data.ica/report/IC_16_MMfit.png","_16xn2GQnbcIjowEpAmlasvTsqAuI1bg"
"s3://hcp-openaccess/HCP_1200/506234/MNINonLinear/Results/rfMRI_REST1_LR/rfMRI_REST1_LR_hp2000.ica/filtered_func_data.ica/report/IC_16_prob.png","506234","MNINonLinear//Results/rfMRI_REST1_LR/rfMRI_REST1_LR_hp2000.ica/filtered_func_data.ica/report/IC_16_prob.png","24B_vNbABFA0MYjWtb.Vty3qARGQKbW1"
"s3://hcp-openaccess/HCP_1200/506234/MNINonLinear/Results/rfMRI_REST1_LR/rfMRI_REST1_LR_hp2000.ica/filtered_func_data.ica/report/IC_16_thresh.png","506234","MNINonLinear//Results/rfMRI_REST1_LR/rfMRI_REST1_LR_hp2000.ica/filtered_func_data.ica/report/IC_16_thresh.png","5VbnM9T_87XBjaBsvRzUYSXYkO83ifop"
"s3://hcp-openaccess/HCP_1200/506234/MNINonLinear/Results/rfMRI_REST1_LR/rfMRI_REST1_LR_hp2000.ica/filtered_func_data.ica/report/IC_17.html","506234","MNINonLinear//Results/rfMRI_REST1_LR/rfMRI_REST1_LR_hp2000.ica/filtered_func_data.ica/report/IC_17.html","6_m8a8SBMqO8PHJ1EB9hDgAEttNZ18VX"
"s3://hcp-openaccess/HCP_1200/506234/MNINonLinear/Results/rfMRI_REST1_LR/rfMRI_REST1_LR_hp2000.ica/filtered_func_data.ica/report/IC_17.png","506234","MNINonLinear//Results/rfMRI_REST1_LR/rfMRI_REST1_LR_hp2000.ica/filtered_func_data.ica/report/IC_17.png","C2JBIyNe.4CkuMUR.sTcO0X7_JpUK5l6"
"s3://hcp-openaccess/HCP_1200/506234/MNINonLinear/Results/rfMRI_REST1_LR/rfMRI_REST1_LR_hp2000.ica/filtered_func_data.ica/report/IC_17_MM.html","506234","MNINonLinear//Results/rfMRI_REST1_LR/rfMRI_REST1_LR_hp2000.ica/filtered_func_data.ica/report/IC_17_MM.html","etBNXeudi03vT83UD9lwa651Eci3ngaH"
"s3://hcp-openaccess/HCP_1200/506234/MNINonLinear/Results/rfMRI_REST1_LR/rfMRI_REST1_LR_hp2000.ica/filtered_func_data.ica/report/IC_17_MMfit.png","506234","MNINonLinear//Results/rfMRI_REST1_LR/rfMRI_REST1_LR_hp2000.ica/filtered_func_data.ica/report/IC_17_MMfit.png","bYGNh7_ELYrYfIEA_q_IC.fdMFiUat1r"
"s3://hcp-openaccess/HCP_1200/506234/MNINonLinear/Results/rfMRI_REST1_LR/rfMRI_REST1_LR_hp2000.ica/filtered_func_data.ica/report/IC_17_prob.png","506234","MNINonLinear//Results/rfMRI_REST1_LR/rfMRI_REST1_LR_hp2000.ica/filtered_func_data.ica/report/IC_17_prob.png","WSDsgTSxfE2ozZToXSa5S1ijWMqkgGHr"
"s3://hcp-openaccess/HCP_1200/506234/MNINonLinear/Results/rfMRI_REST1_LR/rfMRI_REST1_LR_hp2000.ica/filtered_func_data.ica/report/IC_17_thresh.png","506234","MNINonLinear//Results/rfMRI_REST1_LR/rfMRI_REST1_LR_hp2000.ica/filtered_func_data.ica/report/IC_17_thresh.png","9v04EHVBEMCDXrJGHERsvctGsjJ9sn5u"
"s3://hcp-openaccess/HCP_1200/506234/MNINonLinear/Results/rfMRI_REST1_LR/rfMRI_REST1_LR_hp2000.ica/filtered_func_data.ica/report/IC_18.html","506234","MNINonLinear//Results/rfMRI_REST1_LR/rfMRI_REST1_LR_hp2000.ica/filtered_func_data.ica/report/IC_18.html","lC8wh.P9u.VrAcF6VaZw1Kcc8nSw0_a0"
"s3://hcp-openaccess/HCP_1200/506234/MNINonLinear/Results/rfMRI_REST1_LR/rfMRI_REST1_LR_hp2000.ica/filtered_func_data.ica/report/IC_18.png","506234","MNINonLinear//Results/rfMRI_REST1_LR/rfMRI_REST1_LR_hp2000.ica/filtered_func_data.ica/report/IC_18.png","LZi8IbuKbemvhukPx.OFUq1VRcnEE_fi"
"s3://hcp-openaccess/HCP_1200/506234/MNINonLinear/Results/rfMRI_REST1_LR/rfMRI_REST1_LR_hp2000.ica/filtered_func_data.ica/report/IC_18_MM.html","506234","MNINonLinear//Results/rfMRI_REST1_LR/rfMRI_REST1_LR_hp2000.ica/filtered_func_data.ica/report/IC_18_MM.html","LfK_3T.wxLt2Vqvx1H.QEdH5tc_FK23a"
"s3://hcp-openaccess/HCP_1200/506234/MNINonLinear/Results/rfMRI_REST1_LR/rfMRI_REST1_LR_hp2000.ica/filtered_func_data.ica/report/IC_18_MMfit.png","506234","MNINonLinear//Results/rfMRI_REST1_LR/rfMRI_REST1_LR_hp2000.ica/filtered_func_data.ica/report/IC_18_MMfit.png","e46VwgovebQ.vgoHnK_tbotnbU2nyqla"
"s3://hcp-openaccess/HCP_1200/506234/MNINonLinear/Results/rfMRI_REST1_LR/rfMRI_REST1_LR_hp2000.ica/filtered_func_data.ica/report/IC_18_prob.png","506234","MNINonLinear//Results/rfMRI_REST1_LR/rfMRI_REST1_LR_hp2000.ica/filtered_func_data.ica/report/IC_18_prob.png","1KNVXtieWovHqjh_.qKwqaTcEc0FMQ2a"
"s3://hcp-openaccess/HCP_1200/506234/MNINonLinear/Results/rfMRI_REST1_LR/rfMRI_REST1_LR_hp2000.ica/filtered_func_data.ica/report/IC_18_thresh.png","506234","MNINonLinear//Results/rfMRI_REST1_LR/rfMRI_REST1_LR_hp2000.ica/filtered_func_data.ica/report/IC_18_thresh.png","uRis_nlenoeG_n94CNGSZ9y7fWr.rVvO"
"s3://hcp-openaccess/HCP_1200/506234/MNINonLinear/Results/rfMRI_REST1_LR/rfMRI_REST1_LR_hp2000.ica/filtered_func_data.ica/report/IC_19.html","506234","MNINonLinear//Results/rfMRI_REST1_LR/rfMRI_REST1_LR_hp2000.ica/filtered_func_data.ica/report/IC_19.html","hVX7y52eb.rQw1JCZxCymESfMBbOTqzr"
"s3://hcp-openaccess/HCP_1200/506234/MNINonLinear/Results/rfMRI_REST1_LR/rfMRI_REST1_LR_hp2000.ica/filtered_func_data.ica/report/IC_19.png","506234","MNINonLinear//Results/rfMRI_REST1_LR/rfMRI_REST1_LR_hp2000.ica/filtered_func_data.ica/report/IC_19.png","qX5N0AMUJnl19RR9NY_5eXstab8P0ZR4"
"s3://hcp-openaccess/HCP_1200/506234/MNINonLinear/Results/rfMRI_REST1_LR/rfMRI_REST1_LR_hp2000.ica/filtered_func_data.ica/report/IC_19_MM.html","506234","MNINonLinear//Results/rfMRI_REST1_LR/rfMRI_REST1_LR_hp2000.ica/filtered_func_data.ica/report/IC_19_MM.html","HPUGDkd0CyQ1I6GGekgqqR6SV5fss5sZ"
"s3://hcp-openaccess/HCP_1200/506234/MNINonLinear/Results/rfMRI_REST1_LR/rfMRI_REST1_LR_hp2000.ica/filtered_func_data.ica/report/IC_19_MMfit.png","506234","MNINonLinear//Results/rfMRI_REST1_LR/rfMRI_REST1_LR_hp2000.ica/filtered_func_data.ica/report/IC_19_MMfit.png","e9POSJUNik2rrF.8..kUlBn8xXs1i0QB"
"s3://hcp-openaccess/HCP_1200/506234/MNINonLinear/Results/rfMRI_REST1_LR/rfMRI_REST1_LR_hp2000.ica/filtered_func_data.ica/report/IC_19_prob.png","506234","MNINonLinear//Results/rfMRI_REST1_LR/rfMRI_REST1_LR_hp2000.ica/filtered_func_data.ica/report/IC_19_prob.png","5SfFn3K2V7bWcAOyFABUN7tLAoPKtWTl"
"s3://hcp-openaccess/HCP_1200/506234/MNINonLinear/Results/rfMRI_REST1_LR/rfMRI_REST1_LR_hp2000.ica/filtered_func_data.ica/report/IC_19_thresh.png","506234","MNINonLinear//Results/rfMRI_REST1_LR/rfMRI_REST1_LR_hp2000.ica/filtered_func_data.ica/report/IC_19_thresh.png","FS5bOA5jRfsP3useXSN66d0SzMypujDR"
"s3://hcp-openaccess/HCP_1200/506234/MNINonLinear/Results/rfMRI_REST1_LR/rfMRI_REST1_LR_hp2000.ica/filtered_func_data.ica/report/IC_1_MM.html","506234","MNINonLinear//Results/rfMRI_REST1_LR/rfMRI_REST1_LR_hp2000.ica/filtered_func_data.ica/report/IC_1_MM.html","2WnFWvNRrtSDgikYh0LvhAEvwlCipJeu"
"s3://hcp-openaccess/HCP_1200/506234/MNINonLinear/Results/rfMRI_REST1_LR/rfMRI_REST1_LR_hp2000.ica/filtered_func_data.ica/report/IC_1_MMfit.png","506234","MNINonLinear//Results/rfMRI_REST1_LR/rfMRI_REST1_LR_hp2000.ica/filtered_func_data.ica/report/IC_1_MMfit.png","qQ6Mqfxwooh9o_wZd7dkh5ysTrZTnPMu"
"s3://hcp-openaccess/HCP_1200/506234/MNINonLinear/Results/rfMRI_REST1_LR/rfMRI_REST1_LR_hp2000.ica/filtered_func_data.ica/report/IC_1_prob.png","506234","MNINonLinear//Results/rfMRI_REST1_LR/rfMRI_REST1_LR_hp2000.ica/filtered_func_data.ica/report/IC_1_prob.png","CVX0Zj.5YLVosiQ23TLy69hpa_eQ.gll"
"s3://hcp-openaccess/HCP_1200/506234/MNINonLinear/Results/rfMRI_REST1_LR/rfMRI_REST1_LR_hp2000.ica/filtered_func_data.ica/report/IC_1_thresh.png","506234","MNINonLinear//Results/rfMRI_REST1_LR/rfMRI_REST1_LR_hp2000.ica/filtered_func_data.ica/report/IC_1_thresh.png","Gg5_ASJ0qZCfkycnKUSKUa2oYAQ64BYc"
"s3://hcp-openaccess/HCP_1200/506234/MNINonLinear/Results/rfMRI_REST1_LR/rfMRI_REST1_LR_hp2000.ica/filtered_func_data.ica/report/IC_2.html","506234","MNINonLinear//Results/rfMRI_REST1_LR/rfMRI_REST1_LR_hp2000.ica/filtered_func_data.ica/report/IC_2.html","v35CHYwpSliylGxtii5Wu30mxoF7B5mi"
"s3://hcp-openaccess/HCP_1200/506234/MNINonLinear/Results/rfMRI_REST1_LR/rfMRI_REST1_LR_hp2000.ica/filtered_func_data.ica/report/IC_2.png","506234","MNINonLinear//Results/rfMRI_REST1_LR/rfMRI_REST1_LR_hp2000.ica/filtered_func_data.ica/report/IC_2.png","DFiis2Zvfo2oH6F35LtrHPPRN8f1TYUG"
"s3://hcp-openaccess/HCP_1200/506234/MNINonLinear/Results/rfMRI_REST1_LR/rfMRI_REST1_LR_hp2000.ica/filtered_func_data.ica/report/IC_20.html","506234","MNINonLinear//Results/rfMRI_REST1_LR/rfMRI_REST1_LR_hp2000.ica/filtered_func_data.ica/report/IC_20.html","9Uz0z1.yCzjpPV29kFN3U_Ks3jtVAX1L"
"s3://hcp-openaccess/HCP_1200/506234/MNINonLinear/Results/rfMRI_REST1_LR/rfMRI_REST1_LR_hp2000.ica/filtered_func_data.ica/report/IC_20.png","506234","MNINonLinear//Results/rfMRI_REST1_LR/rfMRI_REST1_LR_hp2000.ica/filtered_func_data.ica/report/IC_20.png","vcU44e7dHV6CDy1dxw3BatB9x6d3JKua"
"s3://hcp-openaccess/HCP_1200/506234/MNINonLinear/Results/rfMRI_REST1_LR/rfMRI_REST1_LR_hp2000.ica/filtered_func_data.ica/report/IC_20_MM.html","506234","MNINonLinear//Results/rfMRI_REST1_LR/rfMRI_REST1_LR_hp2000.ica/filtered_func_data.ica/report/IC_20_MM.html","1j2wenzL7x9dVu6DhWQ.d61doUncT9n."
"s3://hcp-openaccess/HCP_1200/506234/MNINonLinear/Results/rfMRI_REST1_LR/rfMRI_REST1_LR_hp2000.ica/filtered_func_data.ica/report/IC_20_MMfit.png","506234","MNINonLinear//Results/rfMRI_REST1_LR/rfMRI_REST1_LR_hp2000.ica/filtered_func_data.ica/report/IC_20_MMfit.png","kEHvIXFM3lZtGieaFQ0nwsC4dF24ouWX"
"s3://hcp-openaccess/HCP_1200/506234/MNINonLinear/Results/rfMRI_REST1_LR/rfMRI_REST1_LR_hp2000.ica/filtered_func_data.ica/report/IC_20_prob.png","506234","MNINonLinear//Results/rfMRI_REST1_LR/rfMRI_REST1_LR_hp2000.ica/filtered_func_data.ica/report/IC_20_prob.png","LpBHXXGy7dQrFM5AlYcs3QZhj2ZDxLmt"
"s3://hcp-openaccess/HCP_1200/506234/MNINonLinear/Results/rfMRI_REST1_LR/rfMRI_REST1_LR_hp2000.ica/filtered_func_data.ica/report/IC_20_thresh.png","506234","MNINonLinear//Results/rfMRI_REST1_LR/rfMRI_REST1_LR_hp2000.ica/filtered_func_data.ica/report/IC_20_thresh.png","uruZJiXkr6pDuIr9nxp0Ki4Kk0EVSKrX"
"s3://hcp-openaccess/HCP_1200/506234/MNINonLinear/Results/rfMRI_REST1_LR/rfMRI_REST1_LR_hp2000.ica/filtered_func_data.ica/report/IC_21.html","506234","MNINonLinear//Results/rfMRI_REST1_LR/rfMRI_REST1_LR_hp2000.ica/filtered_func_data.ica/report/IC_21.html","ihPlqCQZUFB7shvFbGphilbbKFqvRUZX"
"s3://hcp-openaccess/HCP_1200/506234/MNINonLinear/Results/rfMRI_REST1_LR/rfMRI_REST1_LR_hp2000.ica/filtered_func_data.ica/report/IC_21.png","506234","MNINonLinear//Results/rfMRI_REST1_LR/rfMRI_REST1_LR_hp2000.ica/filtered_func_data.ica/report/IC_21.png","WvL3UI7tj7kX8uFN3EGd0viOfZLGOFZb"
"s3://hcp-openaccess/HCP_1200/506234/MNINonLinear/Results/rfMRI_REST1_LR/rfMRI_REST1_LR_hp2000.ica/filtered_func_data.ica/report/IC_21_MM.html","506234","MNINonLinear//Results/rfMRI_REST1_LR/rfMRI_REST1_LR_hp2000.ica/filtered_func_data.ica/report/IC_21_MM.html","THnMhuWCOWfYw_AbmPUqCxqGywhxgvYs"
"s3://hcp-openaccess/HCP_1200/506234/MNINonLinear/Results/rfMRI_REST1_LR/rfMRI_REST1_LR_hp2000.ica/filtered_func_data.ica/report/IC_21_MMfit.png","506234","MNINonLinear//Results/rfMRI_REST1_LR/rfMRI_REST1_LR_hp2000.ica/filtered_func_data.ica/report/IC_21_MMfit.png","07XLvmfNY.Ns7ATYghieuKozynT7h_cq"
"s3://hcp-openaccess/HCP_1200/506234/MNINonLinear/Results/rfMRI_REST1_LR/rfMRI_REST1_LR_hp2000.ica/filtered_func_data.ica/report/IC_21_prob.png","506234","MNINonLinear//Results/rfMRI_REST1_LR/rfMRI_REST1_LR_hp2000.ica/filtered_func_data.ica/report/IC_21_prob.png","i_f6KeQRhmIN120hXVxbcqUvkIQ5jrGv"
"s3://hcp-openaccess/HCP_1200/506234/MNINonLinear/Results/rfMRI_REST1_LR/rfMRI_REST1_LR_hp2000.ica/filtered_func_data.ica/report/IC_21_thresh.png","506234","MNINonLinear//Results/rfMRI_REST1_LR/rfMRI_REST1_LR_hp2000.ica/filtered_func_data.ica/report/IC_21_thresh.png","Ld_b9GGwdpqEBMOljSYY.LYC1NkBZhdB"
"s3://hcp-openaccess/HCP_1200/506234/MNINonLinear/Results/rfMRI_REST1_LR/rfMRI_REST1_LR_hp2000.ica/filtered_func_data.ica/report/IC_22.html","506234","MNINonLinear//Results/rfMRI_REST1_LR/rfMRI_REST1_LR_hp2000.ica/filtered_func_data.ica/report/IC_22.html","TtSl5lmU45Z_6djLQrdOX0IAWvAfP__r"
"s3://hcp-openaccess/HCP_1200/506234/MNINonLinear/Results/rfMRI_REST1_LR/rfMRI_REST1_LR_hp2000.ica/filtered_func_data.ica/report/IC_22.png","506234","MNINonLinear//Results/rfMRI_REST1_LR/rfMRI_REST1_LR_hp2000.ica/filtered_func_data.ica/report/IC_22.png","2uZY.vqOEKN45zbaxqEOJFEj4i3v.xVD"
"s3://hcp-openaccess/HCP_1200/506234/MNINonLinear/Results/rfMRI_REST1_LR/rfMRI_REST1_LR_hp2000.ica/filtered_func_data.ica/report/IC_22_MM.html","506234","MNINonLinear//Results/rfMRI_REST1_LR/rfMRI_REST1_LR_hp2000.ica/filtered_func_data.ica/report/IC_22_MM.html","lE3tRPMVUl1TJBCu9XyBl0Km.uWgYnQU"
"s3://hcp-openaccess/HCP_1200/506234/MNINonLinear/Results/rfMRI_REST1_LR/rfMRI_REST1_LR_hp2000.ica/filtered_func_data.ica/report/IC_22_MMfit.png","506234","MNINonLinear//Results/rfMRI_REST1_LR/rfMRI_REST1_LR_hp2000.ica/filtered_func_data.ica/report/IC_22_MMfit.png","YylEEaPWnw1CTpI3aPPOJp9swBRs_60X"
"s3://hcp-openaccess/HCP_1200/506234/MNINonLinear/Results/rfMRI_REST1_LR/rfMRI_REST1_LR_hp2000.ica/filtered_func_data.ica/report/IC_22_prob.png","506234","MNINonLinear//Results/rfMRI_REST1_LR/rfMRI_REST1_LR_hp2000.ica/filtered_func_data.ica/report/IC_22_prob.png","TV_OUSoVvJt1bgguGwPIn7Cn.OwAmeVt"
"s3://hcp-openaccess/HCP_1200/506234/MNINonLinear/Results/rfMRI_REST1_LR/rfMRI_REST1_LR_hp2000.ica/filtered_func_data.ica/report/IC_22_thresh.png","506234","MNINonLinear//Results/rfMRI_REST1_LR/rfMRI_REST1_LR_hp2000.ica/filtered_func_data.ica/report/IC_22_thresh.png","6v0T2_DU77oArIASaY6.TQ2M_22gdEYq"
"s3://hcp-openaccess/HCP_1200/506234/MNINonLinear/Results/rfMRI_REST1_LR/rfMRI_REST1_LR_hp2000.ica/filtered_func_data.ica/report/IC_23.html","506234","MNINonLinear//Results/rfMRI_REST1_LR/rfMRI_REST1_LR_hp2000.ica/filtered_func_data.ica/report/IC_23.html","JRQYOSZTp0HxPKULHKH9VhuHRyA9mRgy"
"s3://hcp-openaccess/HCP_1200/506234/MNINonLinear/Results/rfMRI_REST1_LR/rfMRI_REST1_LR_hp2000.ica/filtered_func_data.ica/report/IC_23.png","506234","MNINonLinear//Results/rfMRI_REST1_LR/rfMRI_REST1_LR_hp2000.ica/filtered_func_data.ica/report/IC_23.png","JeDffsRCr4fQrYeffzmH1EFTjVbVmleo"
"s3://hcp-openaccess/HCP_1200/506234/MNINonLinear/Results/rfMRI_REST1_LR/rfMRI_REST1_LR_hp2000.ica/filtered_func_data.ica/report/IC_23_MM.html","506234","MNINonLinear//Results/rfMRI_REST1_LR/rfMRI_REST1_LR_hp2000.ica/filtered_func_data.ica/report/IC_23_MM.html","FKRuYqpQhDZwxBceZjM2v6xpsNJs.__V"
"s3://hcp-openaccess/HCP_1200/506234/MNINonLinear/Results/rfMRI_REST1_LR/rfMRI_REST1_LR_hp2000.ica/filtered_func_data.ica/report/IC_23_MMfit.png","506234","MNINonLinear//Results/rfMRI_REST1_LR/rfMRI_REST1_LR_hp2000.ica/filtered_func_data.ica/report/IC_23_MMfit.png","wAJ.B84fEtEnOtG2NC5YubafPHFav3.L"
"s3://hcp-openaccess/HCP_1200/506234/MNINonLinear/Results/rfMRI_REST1_LR/rfMRI_REST1_LR_hp2000.ica/filtered_func_data.ica/report/IC_23_prob.png","506234","MNINonLinear//Results/rfMRI_REST1_LR/rfMRI_REST1_LR_hp2000.ica/filtered_func_data.ica/report/IC_23_prob.png","jjd_ybrjrMyHd5aP49rp2P_U4fj8Wq.w"
"s3://hcp-openaccess/HCP_1200/506234/MNINonLinear/Results/rfMRI_REST1_LR/rfMRI_REST1_LR_hp2000.ica/filtered_func_data.ica/report/IC_23_thresh.png","506234","MNINonLinear//Results/rfMRI_REST1_LR/rfMRI_REST1_LR_hp2000.ica/filtered_func_data.ica/report/IC_23_thresh.png","W1tw6gazO1nE.xijg7AmdXl9Gq.Viz5r"
"s3://hcp-openaccess/HCP_1200/506234/MNINonLinear/Results/rfMRI_REST1_LR/rfMRI_REST1_LR_hp2000.ica/filtered_func_data.ica/report/IC_24.html","506234","MNINonLinear//Results/rfMRI_REST1_LR/rfMRI_REST1_LR_hp2000.ica/filtered_func_data.ica/report/IC_24.html","4XxeTx0K5PIujruyflwOtJX7I5MLKXzH"
"s3://hcp-openaccess/HCP_1200/506234/MNINonLinear/Results/rfMRI_REST1_LR/rfMRI_REST1_LR_hp2000.ica/filtered_func_data.ica/report/IC_24.png","506234","MNINonLinear//Results/rfMRI_REST1_LR/rfMRI_REST1_LR_hp2000.ica/filtered_func_data.ica/report/IC_24.png","9FKFaiN_Jhr3WhWPqJLel.Thj1Wehq2I"
"s3://hcp-openaccess/HCP_1200/506234/MNINonLinear/Results/rfMRI_REST1_LR/rfMRI_REST1_LR_hp2000.ica/filtered_func_data.ica/report/IC_24_MM.html","506234","MNINonLinear//Results/rfMRI_REST1_LR/rfMRI_REST1_LR_hp2000.ica/filtered_func_data.ica/report/IC_24_MM.html","rR6QGEgBcoy2YIaDJcmAjOZb97ZanL9G"
"s3://hcp-openaccess/HCP_1200/506234/MNINonLinear/Results/rfMRI_REST1_LR/rfMRI_REST1_LR_hp2000.ica/filtered_func_data.ica/report/IC_24_MMfit.png","506234","MNINonLinear//Results/rfMRI_REST1_LR/rfMRI_REST1_LR_hp2000.ica/filtered_func_data.ica/report/IC_24_MMfit.png","crwvEgYsZTo7TTajtql.WNTvKAax3G9T"
"s3://hcp-openaccess/HCP_1200/506234/MNINonLinear/Results/rfMRI_REST1_LR/rfMRI_REST1_LR_hp2000.ica/filtered_func_data.ica/report/IC_24_prob.png","506234","MNINonLinear//Results/rfMRI_REST1_LR/rfMRI_REST1_LR_hp2000.ica/filtered_func_data.ica/report/IC_24_prob.png","7sDfY4hbBYQXNHVAZwaC8FgzDp.243b4"
"s3://hcp-openaccess/HCP_1200/506234/MNINonLinear/Results/rfMRI_REST1_LR/rfMRI_REST1_LR_hp2000.ica/filtered_func_data.ica/report/IC_24_thresh.png","506234","MNINonLinear//Results/rfMRI_REST1_LR/rfMRI_REST1_LR_hp2000.ica/filtered_func_data.ica/report/IC_24_thresh.png","LTn58AVNaD9G0kK9AedFKuqA5QFEVW5W"
"s3://hcp-openaccess/HCP_1200/506234/MNINonLinear/Results/rfMRI_REST1_LR/rfMRI_REST1_LR_hp2000.ica/filtered_func_data.ica/report/IC_25.html","506234","MNINonLinear//Results/rfMRI_REST1_LR/rfMRI_REST1_LR_hp2000.ica/filtered_func_data.ica/report/IC_25.html","5Yitf3n__szRRo04LY8Jo58iXCKnCmyx"
"s3://hcp-openaccess/HCP_1200/506234/MNINonLinear/Results/rfMRI_REST1_LR/rfMRI_REST1_LR_hp2000.ica/filtered_func_data.ica/report/IC_25.png","506234","MNINonLinear//Results/rfMRI_REST1_LR/rfMRI_REST1_LR_hp2000.ica/filtered_func_data.ica/report/IC_25.png","RzWHHg6J72NsiLB9c3nmSXBJEue.IxHZ"
"s3://hcp-openaccess/HCP_1200/506234/MNINonLinear/Results/rfMRI_REST1_LR/rfMRI_REST1_LR_hp2000.ica/filtered_func_data.ica/report/IC_25_MM.html","506234","MNINonLinear//Results/rfMRI_REST1_LR/rfMRI_REST1_LR_hp2000.ica/filtered_func_data.ica/report/IC_25_MM.html","G0JkxgNIZ2rC.cqVJw04cHVL8Jd7D9R3"
"s3://hcp-openaccess/HCP_1200/506234/MNINonLinear/Results/rfMRI_REST1_LR/rfMRI_REST1_LR_hp2000.ica/filtered_func_data.ica/report/IC_25_MMfit.png","506234","MNINonLinear//Results/rfMRI_REST1_LR/rfMRI_REST1_LR_hp2000.ica/filtered_func_data.ica/report/IC_25_MMfit.png","2wXD2oVjnDsZTMdsAvhbQBP9CHzFJQle"
"s3://hcp-openaccess/HCP_1200/506234/MNINonLinear/Results/rfMRI_REST1_LR/rfMRI_REST1_LR_hp2000.ica/filtered_func_data.ica/report/IC_25_prob.png","506234","MNINonLinear//Results/rfMRI_REST1_LR/rfMRI_REST1_LR_hp2000.ica/filtered_func_data.ica/report/IC_25_prob.png","2IqOfzwuHMp_p0rNyZx0.dwrjZpO.Ayo"
"s3://hcp-openaccess/HCP_1200/506234/MNINonLinear/Results/rfMRI_REST1_LR/rfMRI_REST1_LR_hp2000.ica/filtered_func_data.ica/report/IC_25_thresh.png","506234","MNINonLinear//Results/rfMRI_REST1_LR/rfMRI_REST1_LR_hp2000.ica/filtered_func_data.ica/report/IC_25_thresh.png","7qS09s4TpVuj1HbxEF0UBYCbDQaCMso8"
"s3://hcp-openaccess/HCP_1200/506234/MNINonLinear/Results/rfMRI_REST1_LR/rfMRI_REST1_LR_hp2000.ica/filtered_func_data.ica/report/IC_26.html","506234","MNINonLinear//Results/rfMRI_REST1_LR/rfMRI_REST1_LR_hp2000.ica/filtered_func_data.ica/report/IC_26.html","cZgyW4j7nnh6XJlSl24Z22skHBfNlxsC"
"s3://hcp-openaccess/HCP_1200/506234/MNINonLinear/Results/rfMRI_REST1_LR/rfMRI_REST1_LR_hp2000.ica/filtered_func_data.ica/report/IC_26.png","506234","MNINonLinear//Results/rfMRI_REST1_LR/rfMRI_REST1_LR_hp2000.ica/filtered_func_data.ica/report/IC_26.png","Jx96wnCkkQTcpOKqEmLiSUMYSyClSBNB"
"s3://hcp-openaccess/HCP_1200/506234/MNINonLinear/Results/rfMRI_REST1_LR/rfMRI_REST1_LR_hp2000.ica/filtered_func_data.ica/report/IC_26_MM.html","506234","MNINonLinear//Results/rfMRI_REST1_LR/rfMRI_REST1_LR_hp2000.ica/filtered_func_data.ica/report/IC_26_MM.html","103b1mMr7ufCclIlICp9Uv8vQWXolnuQ"
"s3://hcp-openaccess/HCP_1200/506234/MNINonLinear/Results/rfMRI_REST1_LR/rfMRI_REST1_LR_hp2000.ica/filtered_func_data.ica/report/IC_26_MMfit.png","506234","MNINonLinear//Results/rfMRI_REST1_LR/rfMRI_REST1_LR_hp2000.ica/filtered_func_data.ica/report/IC_26_MMfit.png","Mymxc_VJ4mbFLq3GqTu4D7CHkTZZzm1q"
"s3://hcp-openaccess/HCP_1200/506234/MNINonLinear/Results/rfMRI_REST1_LR/rfMRI_REST1_LR_hp2000.ica/filtered_func_data.ica/report/IC_26_prob.png","506234","MNINonLinear//Results/rfMRI_REST1_LR/rfMRI_REST1_LR_hp2000.ica/filtered_func_data.ica/report/IC_26_prob.png","MRsYScQWhBAbW8cgvxheV99D5VQuV9_j"
"s3://hcp-openaccess/HCP_1200/506234/MNINonLinear/Results/rfMRI_REST1_LR/rfMRI_REST1_LR_hp2000.ica/filtered_func_data.ica/report/IC_26_thresh.png","506234","MNINonLinear//Results/rfMRI_REST1_LR/rfMRI_REST1_LR_hp2000.ica/filtered_func_data.ica/report/IC_26_thresh.png","jYTVlC0ROmtYsv.zj6styZh37YHtfxEi"
"s3://hcp-openaccess/HCP_1200/506234/MNINonLinear/Results/rfMRI_REST1_LR/rfMRI_REST1_LR_hp2000.ica/filtered_func_data.ica/report/IC_27.html","506234","MNINonLinear//Results/rfMRI_REST1_LR/rfMRI_REST1_LR_hp2000.ica/filtered_func_data.ica/report/IC_27.html","EwoetjtFYUexYybu7953vDTceqrDANFr"
"s3://hcp-openaccess/HCP_1200/506234/MNINonLinear/Results/rfMRI_REST1_LR/rfMRI_REST1_LR_hp2000.ica/filtered_func_data.ica/report/IC_27.png","506234","MNINonLinear//Results/rfMRI_REST1_LR/rfMRI_REST1_LR_hp2000.ica/filtered_func_data.ica/report/IC_27.png","G2BDunbrOwqUgSgJv.G7KuyZVlX9URYt"
"s3://hcp-openaccess/HCP_1200/506234/MNINonLinear/Results/rfMRI_REST1_LR/rfMRI_REST1_LR_hp2000.ica/filtered_func_data.ica/report/IC_27_MM.html","506234","MNINonLinear//Results/rfMRI_REST1_LR/rfMRI_REST1_LR_hp2000.ica/filtered_func_data.ica/report/IC_27_MM.html","hPFMvhJ4auNUsnWy061p4.DM9rerIb.k"
"s3://hcp-openaccess/HCP_1200/506234/MNINonLinear/Results/rfMRI_REST1_LR/rfMRI_REST1_LR_hp2000.ica/filtered_func_data.ica/report/IC_27_MMfit.png","506234","MNINonLinear//Results/rfMRI_REST1_LR/rfMRI_REST1_LR_hp2000.ica/filtered_func_data.ica/report/IC_27_MMfit.png","3d7C4MbYItd8aTBNsRhD5pHlPyWbE7Xu"
"s3://hcp-openaccess/HCP_1200/506234/MNINonLinear/Results/rfMRI_REST1_LR/rfMRI_REST1_LR_hp2000.ica/filtered_func_data.ica/report/IC_27_prob.png","506234","MNINonLinear//Results/rfMRI_REST1_LR/rfMRI_REST1_LR_hp2000.ica/filtered_func_data.ica/report/IC_27_prob.png","uKdtMssNDjxxjkp9_5QvkkJ6PNZ6dDe9"
"s3://hcp-openaccess/HCP_1200/506234/MNINonLinear/Results/rfMRI_REST1_LR/rfMRI_REST1_LR_hp2000.ica/filtered_func_data.ica/report/IC_27_thresh.png","506234","MNINonLinear//Results/rfMRI_REST1_LR/rfMRI_REST1_LR_hp2000.ica/filtered_func_data.ica/report/IC_27_thresh.png","4_tOI56JjX325y_SAXvQhRRqAy9rtM7A"
"s3://hcp-openaccess/HCP_1200/506234/MNINonLinear/Results/rfMRI_REST1_LR/rfMRI_REST1_LR_hp2000.ica/filtered_func_data.ica/report/IC_28.html","506234","MNINonLinear//Results/rfMRI_REST1_LR/rfMRI_REST1_LR_hp2000.ica/filtered_func_data.ica/report/IC_28.html","MBL1.laq13Cmep57iJgIpVzeIG67tfAT"
"s3://hcp-openaccess/HCP_1200/506234/MNINonLinear/Results/rfMRI_REST1_LR/rfMRI_REST1_LR_hp2000.ica/filtered_func_data.ica/report/IC_28.png","506234","MNINonLinear//Results/rfMRI_REST1_LR/rfMRI_REST1_LR_hp2000.ica/filtered_func_data.ica/report/IC_28.png","GqUWHvPpMlLSe.S4I1pqkWrSlklML5SK"
"s3://hcp-openaccess/HCP_1200/506234/MNINonLinear/Results/rfMRI_REST1_LR/rfMRI_REST1_LR_hp2000.ica/filtered_func_data.ica/report/IC_28_MM.html","506234","MNINonLinear//Results/rfMRI_REST1_LR/rfMRI_REST1_LR_hp2000.ica/filtered_func_data.ica/report/IC_28_MM.html","3eRJKqoKjGwxHllyePGMcVKi_zxH6wbL"
"s3://hcp-openaccess/HCP_1200/506234/MNINonLinear/Results/rfMRI_REST1_LR/rfMRI_REST1_LR_hp2000.ica/filtered_func_data.ica/report/IC_28_MMfit.png","506234","MNINonLinear//Results/rfMRI_REST1_LR/rfMRI_REST1_LR_hp2000.ica/filtered_func_data.ica/report/IC_28_MMfit.png","GbzTa4eOq8QL8iDiXjmGnEaMFMI0fSpQ"
"s3://hcp-openaccess/HCP_1200/506234/MNINonLinear/Results/rfMRI_REST1_LR/rfMRI_REST1_LR_hp2000.ica/filtered_func_data.ica/report/IC_28_prob.png","506234","MNINonLinear//Results/rfMRI_REST1_LR/rfMRI_REST1_LR_hp2000.ica/filtered_func_data.ica/report/IC_28_prob.png","oBSt4Vzg0lhlGU5FwOHt6QMX.84i54le"
"s3://hcp-openaccess/HCP_1200/506234/MNINonLinear/Results/rfMRI_REST1_LR/rfMRI_REST1_LR_hp2000.ica/filtered_func_data.ica/report/IC_28_thresh.png","506234","MNINonLinear//Results/rfMRI_REST1_LR/rfMRI_REST1_LR_hp2000.ica/filtered_func_data.ica/report/IC_28_thresh.png","q271wYQOgHIkKjvZixEVLpNSJJ1osbSd"
"s3://hcp-openaccess/HCP_1200/506234/MNINonLinear/Results/rfMRI_REST1_LR/rfMRI_REST1_LR_hp2000.ica/filtered_func_data.ica/report/IC_29.html","506234","MNINonLinear//Results/rfMRI_REST1_LR/rfMRI_REST1_LR_hp2000.ica/filtered_func_data.ica/report/IC_29.html","PmGedb8faO_pUJZFVCjZRVr0hOVl1DL."
"s3://hcp-openaccess/HCP_1200/506234/MNINonLinear/Results/rfMRI_REST1_LR/rfMRI_REST1_LR_hp2000.ica/filtered_func_data.ica/report/IC_29.png","506234","MNINonLinear//Results/rfMRI_REST1_LR/rfMRI_REST1_LR_hp2000.ica/filtered_func_data.ica/report/IC_29.png","8fOlyPTbVELn.XVeL2SJ.3JpL4A4Xm0a"
"s3://hcp-openaccess/HCP_1200/506234/MNINonLinear/Results/rfMRI_REST1_LR/rfMRI_REST1_LR_hp2000.ica/filtered_func_data.ica/report/IC_29_MM.html","506234","MNINonLinear//Results/rfMRI_REST1_LR/rfMRI_REST1_LR_hp2000.ica/filtered_func_data.ica/report/IC_29_MM.html","Z.cLgXTZ64KcVwQ2cTVJQEimS2CYNaS3"
"s3://hcp-openaccess/HCP_1200/506234/MNINonLinear/Results/rfMRI_REST1_LR/rfMRI_REST1_LR_hp2000.ica/filtered_func_data.ica/report/IC_29_MMfit.png","506234","MNINonLinear//Results/rfMRI_REST1_LR/rfMRI_REST1_LR_hp2000.ica/filtered_func_data.ica/report/IC_29_MMfit.png","b7pbbe5PevHTFqhS7dLAiUKsY7J9AzJd"
"s3://hcp-openaccess/HCP_1200/506234/MNINonLinear/Results/rfMRI_REST1_LR/rfMRI_REST1_LR_hp2000.ica/filtered_func_data.ica/report/IC_29_prob.png","506234","MNINonLinear//Results/rfMRI_REST1_LR/rfMRI_REST1_LR_hp2000.ica/filtered_func_data.ica/report/IC_29_prob.png","hANRYFSJkklJoVu4UXzmGWUgLi_7P8G8"
"s3://hcp-openaccess/HCP_1200/506234/MNINonLinear/Results/rfMRI_REST1_LR/rfMRI_REST1_LR_hp2000.ica/filtered_func_data.ica/report/IC_29_thresh.png","506234","MNINonLinear//Results/rfMRI_REST1_LR/rfMRI_REST1_LR_hp2000.ica/filtered_func_data.ica/report/IC_29_thresh.png","zhE0YSSk31MEiPSACkSQeB8o01TVyBiT"
"s3://hcp-openaccess/HCP_1200/506234/MNINonLinear/Results/rfMRI_REST1_LR/rfMRI_REST1_LR_hp2000.ica/filtered_func_data.ica/report/IC_2_MM.html","506234","MNINonLinear//Results/rfMRI_REST1_LR/rfMRI_REST1_LR_hp2000.ica/filtered_func_data.ica/report/IC_2_MM.html","RgbszTUguYsXa2YHJfJyq8CZ0WiRAhMe"
"s3://hcp-openaccess/HCP_1200/506234/MNINonLinear/Results/rfMRI_REST1_LR/rfMRI_REST1_LR_hp2000.ica/filtered_func_data.ica/report/IC_2_MMfit.png","506234","MNINonLinear//Results/rfMRI_REST1_LR/rfMRI_REST1_LR_hp2000.ica/filtered_func_data.ica/report/IC_2_MMfit.png","5qiXWxz3ZDHn9YF6XQFWicSW.GNQ5X2k"
"s3://hcp-openaccess/HCP_1200/506234/MNINonLinear/Results/rfMRI_REST1_LR/rfMRI_REST1_LR_hp2000.ica/filtered_func_data.ica/report/IC_2_prob.png","506234","MNINonLinear//Results/rfMRI_REST1_LR/rfMRI_REST1_LR_hp2000.ica/filtered_func_data.ica/report/IC_2_prob.png","8VbBeSDl8.fmT68dR9yLf070mmHx.dJw"
"s3://hcp-openaccess/HCP_1200/506234/MNINonLinear/Results/rfMRI_REST1_LR/rfMRI_REST1_LR_hp2000.ica/filtered_func_data.ica/report/IC_2_thresh.png","506234","MNINonLinear//Results/rfMRI_REST1_LR/rfMRI_REST1_LR_hp2000.ica/filtered_func_data.ica/report/IC_2_thresh.png","sCVeTb32mxDhzbttuVmqN9Pa.tVq7fqd"
"s3://hcp-openaccess/HCP_1200/506234/MNINonLinear/Results/rfMRI_REST1_LR/rfMRI_REST1_LR_hp2000.ica/filtered_func_data.ica/report/IC_3.html","506234","MNINonLinear//Results/rfMRI_REST1_LR/rfMRI_REST1_LR_hp2000.ica/filtered_func_data.ica/report/IC_3.html","LlXLNiiJOc5Jn4OCyJ7QbXCSNZdqo.03"
"s3://hcp-openaccess/HCP_1200/506234/MNINonLinear/Results/rfMRI_REST1_LR/rfMRI_REST1_LR_hp2000.ica/filtered_func_data.ica/report/IC_3.png","506234","MNINonLinear//Results/rfMRI_REST1_LR/rfMRI_REST1_LR_hp2000.ica/filtered_func_data.ica/report/IC_3.png","YlqVZfJbpprmKpx5.WDrWf9qu5bCjd1x"
"s3://hcp-openaccess/HCP_1200/506234/MNINonLinear/Results/rfMRI_REST1_LR/rfMRI_REST1_LR_hp2000.ica/filtered_func_data.ica/report/IC_30.html","506234","MNINonLinear//Results/rfMRI_REST1_LR/rfMRI_REST1_LR_hp2000.ica/filtered_func_data.ica/report/IC_30.html","jUZ0uQhI0xoAxd25cplxoihHHYYUUeE1"
"s3://hcp-openaccess/HCP_1200/506234/MNINonLinear/Results/rfMRI_REST1_LR/rfMRI_REST1_LR_hp2000.ica/filtered_func_data.ica/report/IC_30.png","506234","MNINonLinear//Results/rfMRI_REST1_LR/rfMRI_REST1_LR_hp2000.ica/filtered_func_data.ica/report/IC_30.png","DEBI457veBtgcL82bqlRMpTZoFvkd0Fk"
"s3://hcp-openaccess/HCP_1200/506234/MNINonLinear/Results/rfMRI_REST1_LR/rfMRI_REST1_LR_hp2000.ica/filtered_func_data.ica/report/IC_30_MM.html","506234","MNINonLinear//Results/rfMRI_REST1_LR/rfMRI_REST1_LR_hp2000.ica/filtered_func_data.ica/report/IC_30_MM.html","qCAQPmjO_qLE0o9_pwLPy4MTW_i..Srv"
"s3://hcp-openaccess/HCP_1200/506234/MNINonLinear/Results/rfMRI_REST1_LR/rfMRI_REST1_LR_hp2000.ica/filtered_func_data.ica/report/IC_30_MMfit.png","506234","MNINonLinear//Results/rfMRI_REST1_LR/rfMRI_REST1_LR_hp2000.ica/filtered_func_data.ica/report/IC_30_MMfit.png","HInJ0yF43thvGtNoc3BYXNg3ccPU8yyq"
"s3://hcp-openaccess/HCP_1200/506234/MNINonLinear/Results/rfMRI_REST1_LR/rfMRI_REST1_LR_hp2000.ica/filtered_func_data.ica/report/IC_30_prob.png","506234","MNINonLinear//Results/rfMRI_REST1_LR/rfMRI_REST1_LR_hp2000.ica/filtered_func_data.ica/report/IC_30_prob.png","3l9.EPZNf.kfoXPKe1ZWgrnEquj1DUsu"
"s3://hcp-openaccess/HCP_1200/506234/MNINonLinear/Results/rfMRI_REST1_LR/rfMRI_REST1_LR_hp2000.ica/filtered_func_data.ica/report/IC_30_thresh.png","506234","MNINonLinear//Results/rfMRI_REST1_LR/rfMRI_REST1_LR_hp2000.ica/filtered_func_data.ica/report/IC_30_thresh.png","vrHdAqjb7hucxGouhS1h645gZth7tuFZ"
"s3://hcp-openaccess/HCP_1200/506234/MNINonLinear/Results/rfMRI_REST1_LR/rfMRI_REST1_LR_hp2000.ica/filtered_func_data.ica/report/IC_31.html","506234","MNINonLinear//Results/rfMRI_REST1_LR/rfMRI_REST1_LR_hp2000.ica/filtered_func_data.ica/report/IC_31.html","zmPX50kvjO44L5yeLJ0iO6LiePhio2hU"
"s3://hcp-openaccess/HCP_1200/506234/MNINonLinear/Results/rfMRI_REST1_LR/rfMRI_REST1_LR_hp2000.ica/filtered_func_data.ica/report/IC_31.png","506234","MNINonLinear//Results/rfMRI_REST1_LR/rfMRI_REST1_LR_hp2000.ica/filtered_func_data.ica/report/IC_31.png","XqLbQuUsCKXuXYZ.hHNwCK0V8E2e3P8W"
"s3://hcp-openaccess/HCP_1200/506234/MNINonLinear/Results/rfMRI_REST1_LR/rfMRI_REST1_LR_hp2000.ica/filtered_func_data.ica/report/IC_31_MM.html","506234","MNINonLinear//Results/rfMRI_REST1_LR/rfMRI_REST1_LR_hp2000.ica/filtered_func_data.ica/report/IC_31_MM.html","IfrVK4PXJTcs2xYBsZWeNj2kZ1RTLtim"
"s3://hcp-openaccess/HCP_1200/506234/MNINonLinear/Results/rfMRI_REST1_LR/rfMRI_REST1_LR_hp2000.ica/filtered_func_data.ica/report/IC_31_MMfit.png","506234","MNINonLinear//Results/rfMRI_REST1_LR/rfMRI_REST1_LR_hp2000.ica/filtered_func_data.ica/report/IC_31_MMfit.png","hYe.NtBJm4oDgabCGdlhAww8VCVd7Y9C"
"s3://hcp-openaccess/HCP_1200/506234/MNINonLinear/Results/rfMRI_REST1_LR/rfMRI_REST1_LR_hp2000.ica/filtered_func_data.ica/report/IC_31_prob.png","506234","MNINonLinear//Results/rfMRI_REST1_LR/rfMRI_REST1_LR_hp2000.ica/filtered_func_data.ica/report/IC_31_prob.png","16wNzHaHTZa9GKgFhg9fmPY_dktvR2mP"
"s3://hcp-openaccess/HCP_1200/506234/MNINonLinear/Results/rfMRI_REST1_LR/rfMRI_REST1_LR_hp2000.ica/filtered_func_data.ica/report/IC_31_thresh.png","506234","MNINonLinear//Results/rfMRI_REST1_LR/rfMRI_REST1_LR_hp2000.ica/filtered_func_data.ica/report/IC_31_thresh.png","6ON3gnU4pNv0DqwFkl.zmZU3FbkXftSr"
"s3://hcp-openaccess/HCP_1200/506234/MNINonLinear/Results/rfMRI_REST1_LR/rfMRI_REST1_LR_hp2000.ica/filtered_func_data.ica/report/IC_32.html","506234","MNINonLinear//Results/rfMRI_REST1_LR/rfMRI_REST1_LR_hp2000.ica/filtered_func_data.ica/report/IC_32.html","ryITFEbM6c6FkEiCFacmNRPChTpD5zAd"
"s3://hcp-openaccess/HCP_1200/506234/MNINonLinear/Results/rfMRI_REST1_LR/rfMRI_REST1_LR_hp2000.ica/filtered_func_data.ica/report/IC_32.png","506234","MNINonLinear//Results/rfMRI_REST1_LR/rfMRI_REST1_LR_hp2000.ica/filtered_func_data.ica/report/IC_32.png","LLumrerRb8yA6rRyVFwMfin9lrxyUeYi"
"s3://hcp-openaccess/HCP_1200/506234/MNINonLinear/Results/rfMRI_REST1_LR/rfMRI_REST1_LR_hp2000.ica/filtered_func_data.ica/report/IC_32_MM.html","506234","MNINonLinear//Results/rfMRI_REST1_LR/rfMRI_REST1_LR_hp2000.ica/filtered_func_data.ica/report/IC_32_MM.html","M7lMC2bnVgq1VxwoipLFfFBOmWJVhykk"
"s3://hcp-openaccess/HCP_1200/506234/MNINonLinear/Results/rfMRI_REST1_LR/rfMRI_REST1_LR_hp2000.ica/filtered_func_data.ica/report/IC_32_MMfit.png","506234","MNINonLinear//Results/rfMRI_REST1_LR/rfMRI_REST1_LR_hp2000.ica/filtered_func_data.ica/report/IC_32_MMfit.png","dk5VuzpZcsjkU0M3Rp.45P9S_FSKwumj"
"s3://hcp-openaccess/HCP_1200/506234/MNINonLinear/Results/rfMRI_REST1_LR/rfMRI_REST1_LR_hp2000.ica/filtered_func_data.ica/report/IC_32_prob.png","506234","MNINonLinear//Results/rfMRI_REST1_LR/rfMRI_REST1_LR_hp2000.ica/filtered_func_data.ica/report/IC_32_prob.png","rhhO2oQen5q2FkcPlnDKFsXu0g8WoS9V"
"s3://hcp-openaccess/HCP_1200/506234/MNINonLinear/Results/rfMRI_REST1_LR/rfMRI_REST1_LR_hp2000.ica/filtered_func_data.ica/report/IC_32_thresh.png","506234","MNINonLinear//Results/rfMRI_REST1_LR/rfMRI_REST1_LR_hp2000.ica/filtered_func_data.ica/report/IC_32_thresh.png","u2cHl3I_Josg.Ubu36JrradU2s.ep9BC"
"s3://hcp-openaccess/HCP_1200/506234/MNINonLinear/Results/rfMRI_REST1_LR/rfMRI_REST1_LR_hp2000.ica/filtered_func_data.ica/report/IC_33.html","506234","MNINonLinear//Results/rfMRI_REST1_LR/rfMRI_REST1_LR_hp2000.ica/filtered_func_data.ica/report/IC_33.html","gZIk44iIJO9cxLwCvJ9NoweT57SjC3jw"
"s3://hcp-openaccess/HCP_1200/506234/MNINonLinear/Results/rfMRI_REST1_LR/rfMRI_REST1_LR_hp2000.ica/filtered_func_data.ica/report/IC_33.png","506234","MNINonLinear//Results/rfMRI_REST1_LR/rfMRI_REST1_LR_hp2000.ica/filtered_func_data.ica/report/IC_33.png","d6_LbmQdq88GrF4NfvusCq.yekA7BAJE"
"s3://hcp-openaccess/HCP_1200/506234/MNINonLinear/Results/rfMRI_REST1_LR/rfMRI_REST1_LR_hp2000.ica/filtered_func_data.ica/report/IC_33_MM.html","506234","MNINonLinear//Results/rfMRI_REST1_LR/rfMRI_REST1_LR_hp2000.ica/filtered_func_data.ica/report/IC_33_MM.html","XBhy89Vrc.xbpzFMjsXfNrHpRCERWr7M"
"s3://hcp-openaccess/HCP_1200/506234/MNINonLinear/Results/rfMRI_REST1_LR/rfMRI_REST1_LR_hp2000.ica/filtered_func_data.ica/report/IC_33_MMfit.png","506234","MNINonLinear//Results/rfMRI_REST1_LR/rfMRI_REST1_LR_hp2000.ica/filtered_func_data.ica/report/IC_33_MMfit.png","9EEQuvU3cdMN233maQOtbvFgdY3b.Naz"
"s3://hcp-openaccess/HCP_1200/506234/MNINonLinear/Results/rfMRI_REST1_LR/rfMRI_REST1_LR_hp2000.ica/filtered_func_data.ica/report/IC_33_prob.png","506234","MNINonLinear//Results/rfMRI_REST1_LR/rfMRI_REST1_LR_hp2000.ica/filtered_func_data.ica/report/IC_33_prob.png","T96CD1JKf1DYqZkmR93I9oLAxSIBm4Hz"
"s3://hcp-openaccess/HCP_1200/506234/MNINonLinear/Results/rfMRI_REST1_LR/rfMRI_REST1_LR_hp2000.ica/filtered_func_data.ica/report/IC_33_thresh.png","506234","MNINonLinear//Results/rfMRI_REST1_LR/rfMRI_REST1_LR_hp2000.ica/filtered_func_data.ica/report/IC_33_thresh.png","IQlhRemYmJyI4YT69kRBQNuVTF.rqtVZ"
"s3://hcp-openaccess/HCP_1200/506234/MNINonLinear/Results/rfMRI_REST1_LR/rfMRI_REST1_LR_hp2000.ica/filtered_func_data.ica/report/IC_34.html","506234","MNINonLinear//Results/rfMRI_REST1_LR/rfMRI_REST1_LR_hp2000.ica/filtered_func_data.ica/report/IC_34.html","Qn2rHZf83SiNSMxzzfPPsstlLa8gP_eI"
"s3://hcp-openaccess/HCP_1200/506234/MNINonLinear/Results/rfMRI_REST1_LR/rfMRI_REST1_LR_hp2000.ica/filtered_func_data.ica/report/IC_34.png","506234","MNINonLinear//Results/rfMRI_REST1_LR/rfMRI_REST1_LR_hp2000.ica/filtered_func_data.ica/report/IC_34.png","vyNcNRRenOJW.mdnjCIfyEewf9KjlgcU"
"s3://hcp-openaccess/HCP_1200/506234/MNINonLinear/Results/rfMRI_REST1_LR/rfMRI_REST1_LR_hp2000.ica/filtered_func_data.ica/report/IC_34_MM.html","506234","MNINonLinear//Results/rfMRI_REST1_LR/rfMRI_REST1_LR_hp2000.ica/filtered_func_data.ica/report/IC_34_MM.html","QvrfcdaKg7PVzpEHxIyNgdoxZxizv2oi"
"s3://hcp-openaccess/HCP_1200/506234/MNINonLinear/Results/rfMRI_REST1_LR/rfMRI_REST1_LR_hp2000.ica/filtered_func_data.ica/report/IC_34_MMfit.png","506234","MNINonLinear//Results/rfMRI_REST1_LR/rfMRI_REST1_LR_hp2000.ica/filtered_func_data.ica/report/IC_34_MMfit.png","nD5HToWMN3uJPBys_WLMCrZZxRutJTYd"
"s3://hcp-openaccess/HCP_1200/506234/MNINonLinear/Results/rfMRI_REST1_LR/rfMRI_REST1_LR_hp2000.ica/filtered_func_data.ica/report/IC_34_prob.png","506234","MNINonLinear//Results/rfMRI_REST1_LR/rfMRI_REST1_LR_hp2000.ica/filtered_func_data.ica/report/IC_34_prob.png","y6fA2BYzGKk5gk2ycAhTK6xRLKlNg8l6"
"s3://hcp-openaccess/HCP_1200/506234/MNINonLinear/Results/rfMRI_REST1_LR/rfMRI_REST1_LR_hp2000.ica/filtered_func_data.ica/report/IC_34_thresh.png","506234","MNINonLinear//Results/rfMRI_REST1_LR/rfMRI_REST1_LR_hp2000.ica/filtered_func_data.ica/report/IC_34_thresh.png","BdoUMmqMUIzIMBhGpHbr36GBvYcuvFEj"
"s3://hcp-openaccess/HCP_1200/506234/MNINonLinear/Results/rfMRI_REST1_LR/rfMRI_REST1_LR_hp2000.ica/filtered_func_data.ica/report/IC_35.html","506234","MNINonLinear//Results/rfMRI_REST1_LR/rfMRI_REST1_LR_hp2000.ica/filtered_func_data.ica/report/IC_35.html","KExSAzSeYvn1V1YUp_J.HdVO8Ei.JBtG"
"s3://hcp-openaccess/HCP_1200/506234/MNINonLinear/Results/rfMRI_REST1_LR/rfMRI_REST1_LR_hp2000.ica/filtered_func_data.ica/report/IC_35.png","506234","MNINonLinear//Results/rfMRI_REST1_LR/rfMRI_REST1_LR_hp2000.ica/filtered_func_data.ica/report/IC_35.png","nbUNhzKEMGb6hQqmvRib.8IQAUG8Ga7j"
"s3://hcp-openaccess/HCP_1200/506234/MNINonLinear/Results/rfMRI_REST1_LR/rfMRI_REST1_LR_hp2000.ica/filtered_func_data.ica/report/IC_35_MM.html","506234","MNINonLinear//Results/rfMRI_REST1_LR/rfMRI_REST1_LR_hp2000.ica/filtered_func_data.ica/report/IC_35_MM.html","Xtfu3Xk2yi7dao60LjWfm.EPGtUGQELw"
"s3://hcp-openaccess/HCP_1200/506234/MNINonLinear/Results/rfMRI_REST1_LR/rfMRI_REST1_LR_hp2000.ica/filtered_func_data.ica/report/IC_35_MMfit.png","506234","MNINonLinear//Results/rfMRI_REST1_LR/rfMRI_REST1_LR_hp2000.ica/filtered_func_data.ica/report/IC_35_MMfit.png","JWX50.rYiIlSicbe3BQOUH36EhSE1YJX"
"s3://hcp-openaccess/HCP_1200/506234/MNINonLinear/Results/rfMRI_REST1_LR/rfMRI_REST1_LR_hp2000.ica/filtered_func_data.ica/report/IC_35_prob.png","506234","MNINonLinear//Results/rfMRI_REST1_LR/rfMRI_REST1_LR_hp2000.ica/filtered_func_data.ica/report/IC_35_prob.png","i.Bm5HzSv6R77W9nG6DB1w5Jsg3J.jY5"
"s3://hcp-openaccess/HCP_1200/506234/MNINonLinear/Results/rfMRI_REST1_LR/rfMRI_REST1_LR_hp2000.ica/filtered_func_data.ica/report/IC_35_thresh.png","506234","MNINonLinear//Results/rfMRI_REST1_LR/rfMRI_REST1_LR_hp2000.ica/filtered_func_data.ica/report/IC_35_thresh.png","LgwavIQ807HNhRk9XmS_ruv7QhDf31kG"
"s3://hcp-openaccess/HCP_1200/506234/MNINonLinear/Results/rfMRI_REST1_LR/rfMRI_REST1_LR_hp2000.ica/filtered_func_data.ica/report/IC_36.html","506234","MNINonLinear//Results/rfMRI_REST1_LR/rfMRI_REST1_LR_hp2000.ica/filtered_func_data.ica/report/IC_36.html","MaakHKuZL2lhlF7IF3.phXcF2R_NDM0J"
"s3://hcp-openaccess/HCP_1200/506234/MNINonLinear/Results/rfMRI_REST1_LR/rfMRI_REST1_LR_hp2000.ica/filtered_func_data.ica/report/IC_36.png","506234","MNINonLinear//Results/rfMRI_REST1_LR/rfMRI_REST1_LR_hp2000.ica/filtered_func_data.ica/report/IC_36.png","iU3fgaMcI9MTgA3GvaPRzH3bzJ8HynyE"
"s3://hcp-openaccess/HCP_1200/506234/MNINonLinear/Results/rfMRI_REST1_LR/rfMRI_REST1_LR_hp2000.ica/filtered_func_data.ica/report/IC_36_MM.html","506234","MNINonLinear//Results/rfMRI_REST1_LR/rfMRI_REST1_LR_hp2000.ica/filtered_func_data.ica/report/IC_36_MM.html","T3IVVuj.6mhMz9zPX1sex7rhkTZt7p5D"
"s3://hcp-openaccess/HCP_1200/506234/MNINonLinear/Results/rfMRI_REST1_LR/rfMRI_REST1_LR_hp2000.ica/filtered_func_data.ica/report/IC_36_MMfit.png","506234","MNINonLinear//Results/rfMRI_REST1_LR/rfMRI_REST1_LR_hp2000.ica/filtered_func_data.ica/report/IC_36_MMfit.png","Y8yyM6MXZ8KdExdpc.HvS0Ey27xREdus"
"s3://hcp-openaccess/HCP_1200/506234/MNINonLinear/Results/rfMRI_REST1_LR/rfMRI_REST1_LR_hp2000.ica/filtered_func_data.ica/report/IC_36_prob.png","506234","MNINonLinear//Results/rfMRI_REST1_LR/rfMRI_REST1_LR_hp2000.ica/filtered_func_data.ica/report/IC_36_prob.png","IkiCTxWxEe4MAHunQ0WbNyWKacWHlaDt"
"s3://hcp-openaccess/HCP_1200/506234/MNINonLinear/Results/rfMRI_REST1_LR/rfMRI_REST1_LR_hp2000.ica/filtered_func_data.ica/report/IC_36_thresh.png","506234","MNINonLinear//Results/rfMRI_REST1_LR/rfMRI_REST1_LR_hp2000.ica/filtered_func_data.ica/report/IC_36_thresh.png","Ku_k1RvMyMe7at6DaWu6YMGhUVDFSZyE"
"s3://hcp-openaccess/HCP_1200/506234/MNINonLinear/Results/rfMRI_REST1_LR/rfMRI_REST1_LR_hp2000.ica/filtered_func_data.ica/report/IC_37.html","506234","MNINonLinear//Results/rfMRI_REST1_LR/rfMRI_REST1_LR_hp2000.ica/filtered_func_data.ica/report/IC_37.html","MLyNQeN1.k9vCybGk0VQfkQ6fNCzsSYi"
"s3://hcp-openaccess/HCP_1200/506234/MNINonLinear/Results/rfMRI_REST1_LR/rfMRI_REST1_LR_hp2000.ica/filtered_func_data.ica/report/IC_37.png","506234","MNINonLinear//Results/rfMRI_REST1_LR/rfMRI_REST1_LR_hp2000.ica/filtered_func_data.ica/report/IC_37.png","2f3E4cq9O.fgMXWRVEi5P6IS_5QvZJ6T"
"s3://hcp-openaccess/HCP_1200/506234/MNINonLinear/Results/rfMRI_REST1_LR/rfMRI_REST1_LR_hp2000.ica/filtered_func_data.ica/report/IC_37_MM.html","506234","MNINonLinear//Results/rfMRI_REST1_LR/rfMRI_REST1_LR_hp2000.ica/filtered_func_data.ica/report/IC_37_MM.html","OjCyS98NptUZScgNj47cX6YgnLo2WYWJ"
"s3://hcp-openaccess/HCP_1200/506234/MNINonLinear/Results/rfMRI_REST1_LR/rfMRI_REST1_LR_hp2000.ica/filtered_func_data.ica/report/IC_37_MMfit.png","506234","MNINonLinear//Results/rfMRI_REST1_LR/rfMRI_REST1_LR_hp2000.ica/filtered_func_data.ica/report/IC_37_MMfit.png","KxC1HpqGqMbl56cphdZTxLRa2.AKtlIm"
"s3://hcp-openaccess/HCP_1200/506234/MNINonLinear/Results/rfMRI_REST1_LR/rfMRI_REST1_LR_hp2000.ica/filtered_func_data.ica/report/IC_37_prob.png","506234","MNINonLinear//Results/rfMRI_REST1_LR/rfMRI_REST1_LR_hp2000.ica/filtered_func_data.ica/report/IC_37_prob.png","hQqGBQf3Ybxu6liWJyPyKWWo10KnKCPj"
"s3://hcp-openaccess/HCP_1200/506234/MNINonLinear/Results/rfMRI_REST1_LR/rfMRI_REST1_LR_hp2000.ica/filtered_func_data.ica/report/IC_37_thresh.png","506234","MNINonLinear//Results/rfMRI_REST1_LR/rfMRI_REST1_LR_hp2000.ica/filtered_func_data.ica/report/IC_37_thresh.png","fbYCtVU.wVjDg4qXQYO_6W4O2mPPtdAu"
"s3://hcp-openaccess/HCP_1200/506234/MNINonLinear/Results/rfMRI_REST1_LR/rfMRI_REST1_LR_hp2000.ica/filtered_func_data.ica/report/IC_38.html","506234","MNINonLinear//Results/rfMRI_REST1_LR/rfMRI_REST1_LR_hp2000.ica/filtered_func_data.ica/report/IC_38.html","G8nenI5KyK9HoT0P5IghjfoheoJx.1xs"
"s3://hcp-openaccess/HCP_1200/506234/MNINonLinear/Results/rfMRI_REST1_LR/rfMRI_REST1_LR_hp2000.ica/filtered_func_data.ica/report/IC_38.png","506234","MNINonLinear//Results/rfMRI_REST1_LR/rfMRI_REST1_LR_hp2000.ica/filtered_func_data.ica/report/IC_38.png","10KevWXeqji2p00Jf_GWGO3dK9BkJEVs"
"s3://hcp-openaccess/HCP_1200/506234/MNINonLinear/Results/rfMRI_REST1_LR/rfMRI_REST1_LR_hp2000.ica/filtered_func_data.ica/report/IC_38_MM.html","506234","MNINonLinear//Results/rfMRI_REST1_LR/rfMRI_REST1_LR_hp2000.ica/filtered_func_data.ica/report/IC_38_MM.html","CinyC8fm5PHzzv9ZZWmGhNeuD_TH.EfT"
"s3://hcp-openaccess/HCP_1200/506234/MNINonLinear/Results/rfMRI_REST1_LR/rfMRI_REST1_LR_hp2000.ica/filtered_func_data.ica/report/IC_38_MMfit.png","506234","MNINonLinear//Results/rfMRI_REST1_LR/rfMRI_REST1_LR_hp2000.ica/filtered_func_data.ica/report/IC_38_MMfit.png","IZ52MzeW15kfRRWdsPJHhLZyw6E1za7e"
"s3://hcp-openaccess/HCP_1200/506234/MNINonLinear/Results/rfMRI_REST1_LR/rfMRI_REST1_LR_hp2000.ica/filtered_func_data.ica/report/IC_38_prob.png","506234","MNINonLinear//Results/rfMRI_REST1_LR/rfMRI_REST1_LR_hp2000.ica/filtered_func_data.ica/report/IC_38_prob.png","S4YJH8RTboAbYQ7KEJud6LpEj.VTAmVM"
"s3://hcp-openaccess/HCP_1200/506234/MNINonLinear/Results/rfMRI_REST1_LR/rfMRI_REST1_LR_hp2000.ica/filtered_func_data.ica/report/IC_38_thresh.png","506234","MNINonLinear//Results/rfMRI_REST1_LR/rfMRI_REST1_LR_hp2000.ica/filtered_func_data.ica/report/IC_38_thresh.png","R9dJLJ5FvTkgXDsIB6nVfb8CxYQLMWgU"
"s3://hcp-openaccess/HCP_1200/506234/MNINonLinear/Results/rfMRI_REST1_LR/rfMRI_REST1_LR_hp2000.ica/filtered_func_data.ica/report/IC_39.html","506234","MNINonLinear//Results/rfMRI_REST1_LR/rfMRI_REST1_LR_hp2000.ica/filtered_func_data.ica/report/IC_39.html","R2j4dXQXz5o6Ww4lDs0XkIaSGwUF8w3."
"s3://hcp-openaccess/HCP_1200/506234/MNINonLinear/Results/rfMRI_REST1_LR/rfMRI_REST1_LR_hp2000.ica/filtered_func_data.ica/report/IC_39.png","506234","MNINonLinear//Results/rfMRI_REST1_LR/rfMRI_REST1_LR_hp2000.ica/filtered_func_data.ica/report/IC_39.png","iHNyZDLDTi239QCxzZEH78k9zUBbEHD9"
"s3://hcp-openaccess/HCP_1200/506234/MNINonLinear/Results/rfMRI_REST1_LR/rfMRI_REST1_LR_hp2000.ica/filtered_func_data.ica/report/IC_39_MM.html","506234","MNINonLinear//Results/rfMRI_REST1_LR/rfMRI_REST1_LR_hp2000.ica/filtered_func_data.ica/report/IC_39_MM.html","9aS_avpT.0Q7dd920.d1rk7253WohJ_R"
"s3://hcp-openaccess/HCP_1200/506234/MNINonLinear/Results/rfMRI_REST1_LR/rfMRI_REST1_LR_hp2000.ica/filtered_func_data.ica/report/IC_39_MMfit.png","506234","MNINonLinear//Results/rfMRI_REST1_LR/rfMRI_REST1_LR_hp2000.ica/filtered_func_data.ica/report/IC_39_MMfit.png","MBXzDfgCFb9wYz.wMV0kaEsy1aNtH6_q"
"s3://hcp-openaccess/HCP_1200/506234/MNINonLinear/Results/rfMRI_REST1_LR/rfMRI_REST1_LR_hp2000.ica/filtered_func_data.ica/report/IC_39_prob.png","506234","MNINonLinear//Results/rfMRI_REST1_LR/rfMRI_REST1_LR_hp2000.ica/filtered_func_data.ica/report/IC_39_prob.png","ibmrimFKyrxB.wEcFnGPQDlyioLHYAQG"
"s3://hcp-openaccess/HCP_1200/506234/MNINonLinear/Results/rfMRI_REST1_LR/rfMRI_REST1_LR_hp2000.ica/filtered_func_data.ica/report/IC_39_thresh.png","506234","MNINonLinear//Results/rfMRI_REST1_LR/rfMRI_REST1_LR_hp2000.ica/filtered_func_data.ica/report/IC_39_thresh.png","721qgFapa4pcAAE6PELsvQ0Kdv9XN_MR"
"s3://hcp-openaccess/HCP_1200/506234/MNINonLinear/Results/rfMRI_REST1_LR/rfMRI_REST1_LR_hp2000.ica/filtered_func_data.ica/report/IC_3_MM.html","506234","MNINonLinear//Results/rfMRI_REST1_LR/rfMRI_REST1_LR_hp2000.ica/filtered_func_data.ica/report/IC_3_MM.html","TwfzO8QcGIO6dkfoQ5Jo1edCHdSRg8Kg"
"s3://hcp-openaccess/HCP_1200/506234/MNINonLinear/Results/rfMRI_REST1_LR/rfMRI_REST1_LR_hp2000.ica/filtered_func_data.ica/report/IC_3_MMfit.png","506234","MNINonLinear//Results/rfMRI_REST1_LR/rfMRI_REST1_LR_hp2000.ica/filtered_func_data.ica/report/IC_3_MMfit.png","IjNc5P3vz0w_aR2Xf4m8C1lnNc9xCI0I"
"s3://hcp-openaccess/HCP_1200/506234/MNINonLinear/Results/rfMRI_REST1_LR/rfMRI_REST1_LR_hp2000.ica/filtered_func_data.ica/report/IC_3_prob.png","506234","MNINonLinear//Results/rfMRI_REST1_LR/rfMRI_REST1_LR_hp2000.ica/filtered_func_data.ica/report/IC_3_prob.png","iBblCwrkiE17GoWhk4Rhoa_arNMZTJj9"
"s3://hcp-openaccess/HCP_1200/506234/MNINonLinear/Results/rfMRI_REST1_LR/rfMRI_REST1_LR_hp2000.ica/filtered_func_data.ica/report/IC_3_thresh.png","506234","MNINonLinear//Results/rfMRI_REST1_LR/rfMRI_REST1_LR_hp2000.ica/filtered_func_data.ica/report/IC_3_thresh.png","3PjN0W2WNSyffSBFJDBm7Zw_CqgpK2IV"
"s3://hcp-openaccess/HCP_1200/506234/MNINonLinear/Results/rfMRI_REST1_LR/rfMRI_REST1_LR_hp2000.ica/filtered_func_data.ica/report/IC_4.html","506234","MNINonLinear//Results/rfMRI_REST1_LR/rfMRI_REST1_LR_hp2000.ica/filtered_func_data.ica/report/IC_4.html","iFlTxbef8lA4QO66G5IzyKRFrVujuAGO"
"s3://hcp-openaccess/HCP_1200/506234/MNINonLinear/Results/rfMRI_REST1_LR/rfMRI_REST1_LR_hp2000.ica/filtered_func_data.ica/report/IC_4.png","506234","MNINonLinear//Results/rfMRI_REST1_LR/rfMRI_REST1_LR_hp2000.ica/filtered_func_data.ica/report/IC_4.png","JF7Z3z.GRgjWKxm5LHV9W2tC5uIKRWls"
"s3://hcp-openaccess/HCP_1200/506234/MNINonLinear/Results/rfMRI_REST1_LR/rfMRI_REST1_LR_hp2000.ica/filtered_func_data.ica/report/IC_40.html","506234","MNINonLinear//Results/rfMRI_REST1_LR/rfMRI_REST1_LR_hp2000.ica/filtered_func_data.ica/report/IC_40.html","n_6EuHTU3piFVjfBIoDe2N8Jxi9_3E9C"
"s3://hcp-openaccess/HCP_1200/506234/MNINonLinear/Results/rfMRI_REST1_LR/rfMRI_REST1_LR_hp2000.ica/filtered_func_data.ica/report/IC_40.png","506234","MNINonLinear//Results/rfMRI_REST1_LR/rfMRI_REST1_LR_hp2000.ica/filtered_func_data.ica/report/IC_40.png","h63EedcOXqj7Co9sO1JwdYMFA__DA9zc"
"s3://hcp-openaccess/HCP_1200/506234/MNINonLinear/Results/rfMRI_REST1_LR/rfMRI_REST1_LR_hp2000.ica/filtered_func_data.ica/report/IC_40_MM.html","506234","MNINonLinear//Results/rfMRI_REST1_LR/rfMRI_REST1_LR_hp2000.ica/filtered_func_data.ica/report/IC_40_MM.html","HxBYLD2Yr4fsGoKHpRHqM_f91VCOVx7Z"
"s3://hcp-openaccess/HCP_1200/506234/MNINonLinear/Results/rfMRI_REST1_LR/rfMRI_REST1_LR_hp2000.ica/filtered_func_data.ica/report/IC_40_MMfit.png","506234","MNINonLinear//Results/rfMRI_REST1_LR/rfMRI_REST1_LR_hp2000.ica/filtered_func_data.ica/report/IC_40_MMfit.png","Rq.4jZqvvQ44GzSC7YgFHSQ4CwlP3k3_"
"s3://hcp-openaccess/HCP_1200/506234/MNINonLinear/Results/rfMRI_REST1_LR/rfMRI_REST1_LR_hp2000.ica/filtered_func_data.ica/report/IC_40_prob.png","506234","MNINonLinear//Results/rfMRI_REST1_LR/rfMRI_REST1_LR_hp2000.ica/filtered_func_data.ica/report/IC_40_prob.png","31WodeLG_muz5_FOeZ1JmHvVyLWxjfMx"
"s3://hcp-openaccess/HCP_1200/506234/MNINonLinear/Results/rfMRI_REST1_LR/rfMRI_REST1_LR_hp2000.ica/filtered_func_data.ica/report/IC_40_thresh.png","506234","MNINonLinear//Results/rfMRI_REST1_LR/rfMRI_REST1_LR_hp2000.ica/filtered_func_data.ica/report/IC_40_thresh.png","lTZ6QLo9UWk9vL3GUhli7XB1_F.UFHNv"
"s3://hcp-openaccess/HCP_1200/506234/MNINonLinear/Results/rfMRI_REST1_LR/rfMRI_REST1_LR_hp2000.ica/filtered_func_data.ica/report/IC_41.html","506234","MNINonLinear//Results/rfMRI_REST1_LR/rfMRI_REST1_LR_hp2000.ica/filtered_func_data.ica/report/IC_41.html","eiGAIPwDARso_qILTBWoGJespha31ACM"
"s3://hcp-openaccess/HCP_1200/506234/MNINonLinear/Results/rfMRI_REST1_LR/rfMRI_REST1_LR_hp2000.ica/filtered_func_data.ica/report/IC_41.png","506234","MNINonLinear//Results/rfMRI_REST1_LR/rfMRI_REST1_LR_hp2000.ica/filtered_func_data.ica/report/IC_41.png","sJl0BrsP2qlrz1axQArl5PbMsS6GeURF"
"s3://hcp-openaccess/HCP_1200/506234/MNINonLinear/Results/rfMRI_REST1_LR/rfMRI_REST1_LR_hp2000.ica/filtered_func_data.ica/report/IC_41_MM.html","506234","MNINonLinear//Results/rfMRI_REST1_LR/rfMRI_REST1_LR_hp2000.ica/filtered_func_data.ica/report/IC_41_MM.html","fIzFEoZGkn8PR1piODfmTrmEwQCAi4RI"
"s3://hcp-openaccess/HCP_1200/506234/MNINonLinear/Results/rfMRI_REST1_LR/rfMRI_REST1_LR_hp2000.ica/filtered_func_data.ica/report/IC_41_MMfit.png","506234","MNINonLinear//Results/rfMRI_REST1_LR/rfMRI_REST1_LR_hp2000.ica/filtered_func_data.ica/report/IC_41_MMfit.png","ltieS0lQAMngO.OspSgEdAu223oYLL.H"
"s3://hcp-openaccess/HCP_1200/506234/MNINonLinear/Results/rfMRI_REST1_LR/rfMRI_REST1_LR_hp2000.ica/filtered_func_data.ica/report/IC_41_prob.png","506234","MNINonLinear//Results/rfMRI_REST1_LR/rfMRI_REST1_LR_hp2000.ica/filtered_func_data.ica/report/IC_41_prob.png","mb.g0NuVp3GJe1iMddCTZqsQdH13.oiO"
"s3://hcp-openaccess/HCP_1200/506234/MNINonLinear/Results/rfMRI_REST1_LR/rfMRI_REST1_LR_hp2000.ica/filtered_func_data.ica/report/IC_41_thresh.png","506234","MNINonLinear//Results/rfMRI_REST1_LR/rfMRI_REST1_LR_hp2000.ica/filtered_func_data.ica/report/IC_41_thresh.png","Q49amXMfVH7XpEDzZVTPRfyw5IfcGTF9"
"s3://hcp-openaccess/HCP_1200/506234/MNINonLinear/Results/rfMRI_REST1_LR/rfMRI_REST1_LR_hp2000.ica/filtered_func_data.ica/report/IC_42.html","506234","MNINonLinear//Results/rfMRI_REST1_LR/rfMRI_REST1_LR_hp2000.ica/filtered_func_data.ica/report/IC_42.html","mc82npmiOJv1uM_dKkvaMPii7I3RrnUY"
"s3://hcp-openaccess/HCP_1200/506234/MNINonLinear/Results/rfMRI_REST1_LR/rfMRI_REST1_LR_hp2000.ica/filtered_func_data.ica/report/IC_42.png","506234","MNINonLinear//Results/rfMRI_REST1_LR/rfMRI_REST1_LR_hp2000.ica/filtered_func_data.ica/report/IC_42.png","oKs55Eh1dV0KI6QbYG.CBdyX9fETdqrx"
"s3://hcp-openaccess/HCP_1200/506234/MNINonLinear/Results/rfMRI_REST1_LR/rfMRI_REST1_LR_hp2000.ica/filtered_func_data.ica/report/IC_42_MM.html","506234","MNINonLinear//Results/rfMRI_REST1_LR/rfMRI_REST1_LR_hp2000.ica/filtered_func_data.ica/report/IC_42_MM.html","gSVZX.HxYcH5SkFIK6e6RsPxaXn55jhs"
"s3://hcp-openaccess/HCP_1200/506234/MNINonLinear/Results/rfMRI_REST1_LR/rfMRI_REST1_LR_hp2000.ica/filtered_func_data.ica/report/IC_42_MMfit.png","506234","MNINonLinear//Results/rfMRI_REST1_LR/rfMRI_REST1_LR_hp2000.ica/filtered_func_data.ica/report/IC_42_MMfit.png","PL.syBvkNvfNRXm23EgWCsUL2AuFMwX3"
"s3://hcp-openaccess/HCP_1200/506234/MNINonLinear/Results/rfMRI_REST1_LR/rfMRI_REST1_LR_hp2000.ica/filtered_func_data.ica/report/IC_42_prob.png","506234","MNINonLinear//Results/rfMRI_REST1_LR/rfMRI_REST1_LR_hp2000.ica/filtered_func_data.ica/report/IC_42_prob.png","uE8dMH3jqFE81B_4zLIRiWakg7gcAZQw"
"s3://hcp-openaccess/HCP_1200/506234/MNINonLinear/Results/rfMRI_REST1_LR/rfMRI_REST1_LR_hp2000.ica/filtered_func_data.ica/report/IC_42_thresh.png","506234","MNINonLinear//Results/rfMRI_REST1_LR/rfMRI_REST1_LR_hp2000.ica/filtered_func_data.ica/report/IC_42_thresh.png","d2_NI4rYj31GAoTh5eYNkjAlZFTiF2bW"
"s3://hcp-openaccess/HCP_1200/506234/MNINonLinear/Results/rfMRI_REST1_LR/rfMRI_REST1_LR_hp2000.ica/filtered_func_data.ica/report/IC_43.html","506234","MNINonLinear//Results/rfMRI_REST1_LR/rfMRI_REST1_LR_hp2000.ica/filtered_func_data.ica/report/IC_43.html","38wt1byoezSgNponjFpGsgwAWW0kPgEN"
"s3://hcp-openaccess/HCP_1200/506234/MNINonLinear/Results/rfMRI_REST1_LR/rfMRI_REST1_LR_hp2000.ica/filtered_func_data.ica/report/IC_43.png","506234","MNINonLinear//Results/rfMRI_REST1_LR/rfMRI_REST1_LR_hp2000.ica/filtered_func_data.ica/report/IC_43.png","2GAcfAH6FnbmAruswJpDLyw7U92inv2v"
"s3://hcp-openaccess/HCP_1200/506234/MNINonLinear/Results/rfMRI_REST1_LR/rfMRI_REST1_LR_hp2000.ica/filtered_func_data.ica/report/IC_43_MM.html","506234","MNINonLinear//Results/rfMRI_REST1_LR/rfMRI_REST1_LR_hp2000.ica/filtered_func_data.ica/report/IC_43_MM.html","02RcxFO2kIWEGJC2Q5DKvnlilae4QBIb"
"s3://hcp-openaccess/HCP_1200/506234/MNINonLinear/Results/rfMRI_REST1_LR/rfMRI_REST1_LR_hp2000.ica/filtered_func_data.ica/report/IC_43_MMfit.png","506234","MNINonLinear//Results/rfMRI_REST1_LR/rfMRI_REST1_LR_hp2000.ica/filtered_func_data.ica/report/IC_43_MMfit.png","vyQ8UoP9M5Q1lmn_K9ONS.r361hNH110"
"s3://hcp-openaccess/HCP_1200/506234/MNINonLinear/Results/rfMRI_REST1_LR/rfMRI_REST1_LR_hp2000.ica/filtered_func_data.ica/report/IC_43_prob.png","506234","MNINonLinear//Results/rfMRI_REST1_LR/rfMRI_REST1_LR_hp2000.ica/filtered_func_data.ica/report/IC_43_prob.png","hcUqArL7MwP44eqCa.uX8gNfl6Oiwhan"
"s3://hcp-openaccess/HCP_1200/506234/MNINonLinear/Results/rfMRI_REST1_LR/rfMRI_REST1_LR_hp2000.ica/filtered_func_data.ica/report/IC_43_thresh.png","506234","MNINonLinear//Results/rfMRI_REST1_LR/rfMRI_REST1_LR_hp2000.ica/filtered_func_data.ica/report/IC_43_thresh.png","AWAmA0PHMkwfkZL7e6ZlrS1YriFfBAAc"
"s3://hcp-openaccess/HCP_1200/506234/MNINonLinear/Results/rfMRI_REST1_LR/rfMRI_REST1_LR_hp2000.ica/filtered_func_data.ica/report/IC_44.html","506234","MNINonLinear//Results/rfMRI_REST1_LR/rfMRI_REST1_LR_hp2000.ica/filtered_func_data.ica/report/IC_44.html","vZLFi5yGQDSMYSG.EVgF_9q_7.uHAM1A"
"s3://hcp-openaccess/HCP_1200/506234/MNINonLinear/Results/rfMRI_REST1_LR/rfMRI_REST1_LR_hp2000.ica/filtered_func_data.ica/report/IC_44.png","506234","MNINonLinear//Results/rfMRI_REST1_LR/rfMRI_REST1_LR_hp2000.ica/filtered_func_data.ica/report/IC_44.png","xz_dB772wJ9L_XeuiDimEVpeFUEvk1oL"
"s3://hcp-openaccess/HCP_1200/506234/MNINonLinear/Results/rfMRI_REST1_LR/rfMRI_REST1_LR_hp2000.ica/filtered_func_data.ica/report/IC_44_MM.html","506234","MNINonLinear//Results/rfMRI_REST1_LR/rfMRI_REST1_LR_hp2000.ica/filtered_func_data.ica/report/IC_44_MM.html","ZLNjXBcQOpLPqcaduTlBg7cYvZqHfXbH"
"s3://hcp-openaccess/HCP_1200/506234/MNINonLinear/Results/rfMRI_REST1_LR/rfMRI_REST1_LR_hp2000.ica/filtered_func_data.ica/report/IC_44_MMfit.png","506234","MNINonLinear//Results/rfMRI_REST1_LR/rfMRI_REST1_LR_hp2000.ica/filtered_func_data.ica/report/IC_44_MMfit.png","wx4y95tpojg6XwKwMTS1yYTsnRrAZWdG"
"s3://hcp-openaccess/HCP_1200/506234/MNINonLinear/Results/rfMRI_REST1_LR/rfMRI_REST1_LR_hp2000.ica/filtered_func_data.ica/report/IC_44_prob.png","506234","MNINonLinear//Results/rfMRI_REST1_LR/rfMRI_REST1_LR_hp2000.ica/filtered_func_data.ica/report/IC_44_prob.png","xIIKmt9CVwOLtvSry1GVpCn3IrjtVkNd"
"s3://hcp-openaccess/HCP_1200/506234/MNINonLinear/Results/rfMRI_REST1_LR/rfMRI_REST1_LR_hp2000.ica/filtered_func_data.ica/report/IC_44_thresh.png","506234","MNINonLinear//Results/rfMRI_REST1_LR/rfMRI_REST1_LR_hp2000.ica/filtered_func_data.ica/report/IC_44_thresh.png","0wnLOjPQ95s6OL7YnPBkFXUViNOp8b_t"
"s3://hcp-openaccess/HCP_1200/506234/MNINonLinear/Results/rfMRI_REST1_LR/rfMRI_REST1_LR_hp2000.ica/filtered_func_data.ica/report/IC_45.html","506234","MNINonLinear//Results/rfMRI_REST1_LR/rfMRI_REST1_LR_hp2000.ica/filtered_func_data.ica/report/IC_45.html","VEKKV8BFllQfaIspDX01tnh81cPgF.PL"
"s3://hcp-openaccess/HCP_1200/506234/MNINonLinear/Results/rfMRI_REST1_LR/rfMRI_REST1_LR_hp2000.ica/filtered_func_data.ica/report/IC_45.png","506234","MNINonLinear//Results/rfMRI_REST1_LR/rfMRI_REST1_LR_hp2000.ica/filtered_func_data.ica/report/IC_45.png","qJhR8bPbGlan7PPJiQuXxXptTTOj1MzQ"
"s3://hcp-openaccess/HCP_1200/506234/MNINonLinear/Results/rfMRI_REST1_LR/rfMRI_REST1_LR_hp2000.ica/filtered_func_data.ica/report/IC_45_MM.html","506234","MNINonLinear//Results/rfMRI_REST1_LR/rfMRI_REST1_LR_hp2000.ica/filtered_func_data.ica/report/IC_45_MM.html","Vlh4wBYTcnfXWeGpLoInjKq_d8n_RU3j"
"s3://hcp-openaccess/HCP_1200/506234/MNINonLinear/Results/rfMRI_REST1_LR/rfMRI_REST1_LR_hp2000.ica/filtered_func_data.ica/report/IC_45_MMfit.png","506234","MNINonLinear//Results/rfMRI_REST1_LR/rfMRI_REST1_LR_hp2000.ica/filtered_func_data.ica/report/IC_45_MMfit.png","_P08eAwoCib6wHo_oI75HavR0MpEqOX."
"s3://hcp-openaccess/HCP_1200/506234/MNINonLinear/Results/rfMRI_REST1_LR/rfMRI_REST1_LR_hp2000.ica/filtered_func_data.ica/report/IC_45_prob.png","506234","MNINonLinear//Results/rfMRI_REST1_LR/rfMRI_REST1_LR_hp2000.ica/filtered_func_data.ica/report/IC_45_prob.png","O6sRAXtj5rAdtGbXLus4MVrOyaWDSufh"
"s3://hcp-openaccess/HCP_1200/506234/MNINonLinear/Results/rfMRI_REST1_LR/rfMRI_REST1_LR_hp2000.ica/filtered_func_data.ica/report/IC_45_thresh.png","506234","MNINonLinear//Results/rfMRI_REST1_LR/rfMRI_REST1_LR_hp2000.ica/filtered_func_data.ica/report/IC_45_thresh.png",".HD7MZyz5wwiZrgQEBq2pGY1jJgbPs8Z"
"s3://hcp-openaccess/HCP_1200/506234/MNINonLinear/Results/rfMRI_REST1_LR/rfMRI_REST1_LR_hp2000.ica/filtered_func_data.ica/report/IC_46.html","506234","MNINonLinear//Results/rfMRI_REST1_LR/rfMRI_REST1_LR_hp2000.ica/filtered_func_data.ica/report/IC_46.html","ik5KXbA1JJJjVK7MEbOFOh1OAxlNGCod"
"s3://hcp-openaccess/HCP_1200/506234/MNINonLinear/Results/rfMRI_REST1_LR/rfMRI_REST1_LR_hp2000.ica/filtered_func_data.ica/report/IC_46.png","506234","MNINonLinear//Results/rfMRI_REST1_LR/rfMRI_REST1_LR_hp2000.ica/filtered_func_data.ica/report/IC_46.png","ridP4fJ2QO54q03TrO_4a2FLzsWpMBJe"
"s3://hcp-openaccess/HCP_1200/506234/MNINonLinear/Results/rfMRI_REST1_LR/rfMRI_REST1_LR_hp2000.ica/filtered_func_data.ica/report/IC_46_MM.html","506234","MNINonLinear//Results/rfMRI_REST1_LR/rfMRI_REST1_LR_hp2000.ica/filtered_func_data.ica/report/IC_46_MM.html","VBDMsLTUADTcz28iWSv4QwDCvAc2jtMn"
"s3://hcp-openaccess/HCP_1200/506234/MNINonLinear/Results/rfMRI_REST1_LR/rfMRI_REST1_LR_hp2000.ica/filtered_func_data.ica/report/IC_46_MMfit.png","506234","MNINonLinear//Results/rfMRI_REST1_LR/rfMRI_REST1_LR_hp2000.ica/filtered_func_data.ica/report/IC_46_MMfit.png","SNPmGCcoNuhqwEWFdYT6dnPvyWR2dtt7"
"s3://hcp-openaccess/HCP_1200/506234/MNINonLinear/Results/rfMRI_REST1_LR/rfMRI_REST1_LR_hp2000.ica/filtered_func_data.ica/report/IC_46_prob.png","506234","MNINonLinear//Results/rfMRI_REST1_LR/rfMRI_REST1_LR_hp2000.ica/filtered_func_data.ica/report/IC_46_prob.png","hzGc5uzaWcfNgIPSh6HqW8lX6it5xA5_"
"s3://hcp-openaccess/HCP_1200/506234/MNINonLinear/Results/rfMRI_REST1_LR/rfMRI_REST1_LR_hp2000.ica/filtered_func_data.ica/report/IC_46_thresh.png","506234","MNINonLinear//Results/rfMRI_REST1_LR/rfMRI_REST1_LR_hp2000.ica/filtered_func_data.ica/report/IC_46_thresh.png","KnUxy_X1Yw1K9wN.2tu3PL6wCZk4lLAd"
"s3://hcp-openaccess/HCP_1200/506234/MNINonLinear/Results/rfMRI_REST1_LR/rfMRI_REST1_LR_hp2000.ica/filtered_func_data.ica/report/IC_47.html","506234","MNINonLinear//Results/rfMRI_REST1_LR/rfMRI_REST1_LR_hp2000.ica/filtered_func_data.ica/report/IC_47.html","W7Tan0VV27jms40Z2s8vVUtjxu1BO0Bo"
"s3://hcp-openaccess/HCP_1200/506234/MNINonLinear/Results/rfMRI_REST1_LR/rfMRI_REST1_LR_hp2000.ica/filtered_func_data.ica/report/IC_47.png","506234","MNINonLinear//Results/rfMRI_REST1_LR/rfMRI_REST1_LR_hp2000.ica/filtered_func_data.ica/report/IC_47.png","iHXiGnMpJSssMYGk9t0ZW6i7VTiRbwS4"
"s3://hcp-openaccess/HCP_1200/506234/MNINonLinear/Results/rfMRI_REST1_LR/rfMRI_REST1_LR_hp2000.ica/filtered_func_data.ica/report/IC_47_MM.html","506234","MNINonLinear//Results/rfMRI_REST1_LR/rfMRI_REST1_LR_hp2000.ica/filtered_func_data.ica/report/IC_47_MM.html","PlPbM0FEra_KIbnt6syfE8qZjnw1vm8."
"s3://hcp-openaccess/HCP_1200/506234/MNINonLinear/Results/rfMRI_REST1_LR/rfMRI_REST1_LR_hp2000.ica/filtered_func_data.ica/report/IC_47_MMfit.png","506234","MNINonLinear//Results/rfMRI_REST1_LR/rfMRI_REST1_LR_hp2000.ica/filtered_func_data.ica/report/IC_47_MMfit.png","3VAXIXNHcj2vSsKpinGHN8Pos3SgLGZq"
"s3://hcp-openaccess/HCP_1200/506234/MNINonLinear/Results/rfMRI_REST1_LR/rfMRI_REST1_LR_hp2000.ica/filtered_func_data.ica/report/IC_47_prob.png","506234","MNINonLinear//Results/rfMRI_REST1_LR/rfMRI_REST1_LR_hp2000.ica/filtered_func_data.ica/report/IC_47_prob.png","pZlBam10LsqlAxl06b2PLgKF3AaqqOqe"
"s3://hcp-openaccess/HCP_1200/506234/MNINonLinear/Results/rfMRI_REST1_LR/rfMRI_REST1_LR_hp2000.ica/filtered_func_data.ica/report/IC_47_thresh.png","506234","MNINonLinear//Results/rfMRI_REST1_LR/rfMRI_REST1_LR_hp2000.ica/filtered_func_data.ica/report/IC_47_thresh.png","LMrxgp1PXyweJSCAw4fHxNLRcAP25JZl"
"s3://hcp-openaccess/HCP_1200/506234/MNINonLinear/Results/rfMRI_REST1_LR/rfMRI_REST1_LR_hp2000.ica/filtered_func_data.ica/report/IC_48.html","506234","MNINonLinear//Results/rfMRI_REST1_LR/rfMRI_REST1_LR_hp2000.ica/filtered_func_data.ica/report/IC_48.html","7iePJGSLDREsU0PWZwwTl3vDoDJkTcIj"
"s3://hcp-openaccess/HCP_1200/506234/MNINonLinear/Results/rfMRI_REST1_LR/rfMRI_REST1_LR_hp2000.ica/filtered_func_data.ica/report/IC_48.png","506234","MNINonLinear//Results/rfMRI_REST1_LR/rfMRI_REST1_LR_hp2000.ica/filtered_func_data.ica/report/IC_48.png","HAkMGFoHSUyvXshJrk24QqBFU1JfmZm."
"s3://hcp-openaccess/HCP_1200/506234/MNINonLinear/Results/rfMRI_REST1_LR/rfMRI_REST1_LR_hp2000.ica/filtered_func_data.ica/report/IC_48_MM.html","506234","MNINonLinear//Results/rfMRI_REST1_LR/rfMRI_REST1_LR_hp2000.ica/filtered_func_data.ica/report/IC_48_MM.html","x8q_86I6dbqJbRowlfGLyNVCi2fG_w74"
"s3://hcp-openaccess/HCP_1200/506234/MNINonLinear/Results/rfMRI_REST1_LR/rfMRI_REST1_LR_hp2000.ica/filtered_func_data.ica/report/IC_48_MMfit.png","506234","MNINonLinear//Results/rfMRI_REST1_LR/rfMRI_REST1_LR_hp2000.ica/filtered_func_data.ica/report/IC_48_MMfit.png","EmEo73tFgLJJW9T69R.WfgtaT5avpC2U"
"s3://hcp-openaccess/HCP_1200/506234/MNINonLinear/Results/rfMRI_REST1_LR/rfMRI_REST1_LR_hp2000.ica/filtered_func_data.ica/report/IC_48_prob.png","506234","MNINonLinear//Results/rfMRI_REST1_LR/rfMRI_REST1_LR_hp2000.ica/filtered_func_data.ica/report/IC_48_prob.png","Tc_jAcpQkBw4pPTx4PhcsYqCUsbaC0dR"
"s3://hcp-openaccess/HCP_1200/506234/MNINonLinear/Results/rfMRI_REST1_LR/rfMRI_REST1_LR_hp2000.ica/filtered_func_data.ica/report/IC_48_thresh.png","506234","MNINonLinear//Results/rfMRI_REST1_LR/rfMRI_REST1_LR_hp2000.ica/filtered_func_data.ica/report/IC_48_thresh.png","791aYAZWU5YZVV8lDxwWJeyhjPKWhFSZ"
"s3://hcp-openaccess/HCP_1200/506234/MNINonLinear/Results/rfMRI_REST1_LR/rfMRI_REST1_LR_hp2000.ica/filtered_func_data.ica/report/IC_49.html","506234","MNINonLinear//Results/rfMRI_REST1_LR/rfMRI_REST1_LR_hp2000.ica/filtered_func_data.ica/report/IC_49.html","ODTTyJC3ovInD4_9h9T8wcLnXwP_8Mrr"
"s3://hcp-openaccess/HCP_1200/506234/MNINonLinear/Results/rfMRI_REST1_LR/rfMRI_REST1_LR_hp2000.ica/filtered_func_data.ica/report/IC_49.png","506234","MNINonLinear//Results/rfMRI_REST1_LR/rfMRI_REST1_LR_hp2000.ica/filtered_func_data.ica/report/IC_49.png","2rcDysT_PNmrWyatyI6omfL2TIlFA6X8"
"s3://hcp-openaccess/HCP_1200/506234/MNINonLinear/Results/rfMRI_REST1_LR/rfMRI_REST1_LR_hp2000.ica/filtered_func_data.ica/report/IC_49_MM.html","506234","MNINonLinear//Results/rfMRI_REST1_LR/rfMRI_REST1_LR_hp2000.ica/filtered_func_data.ica/report/IC_49_MM.html","vfGbzcw5RdlZcuxxEmjCk59ZMUCMsiP8"
"s3://hcp-openaccess/HCP_1200/506234/MNINonLinear/Results/rfMRI_REST1_LR/rfMRI_REST1_LR_hp2000.ica/filtered_func_data.ica/report/IC_49_MMfit.png","506234","MNINonLinear//Results/rfMRI_REST1_LR/rfMRI_REST1_LR_hp2000.ica/filtered_func_data.ica/report/IC_49_MMfit.png","8jHgc.TI0qdKtNtnbQ0bKo7ox7VyuIfc"
"s3://hcp-openaccess/HCP_1200/506234/MNINonLinear/Results/rfMRI_REST1_LR/rfMRI_REST1_LR_hp2000.ica/filtered_func_data.ica/report/IC_49_prob.png","506234","MNINonLinear//Results/rfMRI_REST1_LR/rfMRI_REST1_LR_hp2000.ica/filtered_func_data.ica/report/IC_49_prob.png","MwoSi1AzIvoiflaDrMD9ZRGS79iq1Lv_"
"s3://hcp-openaccess/HCP_1200/506234/MNINonLinear/Results/rfMRI_REST1_LR/rfMRI_REST1_LR_hp2000.ica/filtered_func_data.ica/report/IC_49_thresh.png","506234","MNINonLinear//Results/rfMRI_REST1_LR/rfMRI_REST1_LR_hp2000.ica/filtered_func_data.ica/report/IC_49_thresh.png","Msw4yi7D0ytA1BekPe1.5rsyq8c7jKkQ"
"s3://hcp-openaccess/HCP_1200/506234/MNINonLinear/Results/rfMRI_REST1_LR/rfMRI_REST1_LR_hp2000.ica/filtered_func_data.ica/report/IC_4_MM.html","506234","MNINonLinear//Results/rfMRI_REST1_LR/rfMRI_REST1_LR_hp2000.ica/filtered_func_data.ica/report/IC_4_MM.html","M52qzj_YoNPzYUPCmOGzuBXYyyytKG74"
"s3://hcp-openaccess/HCP_1200/506234/MNINonLinear/Results/rfMRI_REST1_LR/rfMRI_REST1_LR_hp2000.ica/filtered_func_data.ica/report/IC_4_MMfit.png","506234","MNINonLinear//Results/rfMRI_REST1_LR/rfMRI_REST1_LR_hp2000.ica/filtered_func_data.ica/report/IC_4_MMfit.png","g76WEIQgGXjRDbWF4s5XeXjDJmf33.EH"
"s3://hcp-openaccess/HCP_1200/506234/MNINonLinear/Results/rfMRI_REST1_LR/rfMRI_REST1_LR_hp2000.ica/filtered_func_data.ica/report/IC_4_prob.png","506234","MNINonLinear//Results/rfMRI_REST1_LR/rfMRI_REST1_LR_hp2000.ica/filtered_func_data.ica/report/IC_4_prob.png","h3uBUb5qFgmQSY15lxQmgzQWEkHP_n8c"
"s3://hcp-openaccess/HCP_1200/506234/MNINonLinear/Results/rfMRI_REST1_LR/rfMRI_REST1_LR_hp2000.ica/filtered_func_data.ica/report/IC_4_thresh.png","506234","MNINonLinear//Results/rfMRI_REST1_LR/rfMRI_REST1_LR_hp2000.ica/filtered_func_data.ica/report/IC_4_thresh.png","urTZp4kuQlamtIH537OBxkMstgR.ggnD"
"s3://hcp-openaccess/HCP_1200/506234/MNINonLinear/Results/rfMRI_REST1_LR/rfMRI_REST1_LR_hp2000.ica/filtered_func_data.ica/report/IC_5.html","506234","MNINonLinear//Results/rfMRI_REST1_LR/rfMRI_REST1_LR_hp2000.ica/filtered_func_data.ica/report/IC_5.html","A.jdkOFLBeN_P7gGEfuZFse5fhmxMBiE"
"s3://hcp-openaccess/HCP_1200/506234/MNINonLinear/Results/rfMRI_REST1_LR/rfMRI_REST1_LR_hp2000.ica/filtered_func_data.ica/report/IC_5.png","506234","MNINonLinear//Results/rfMRI_REST1_LR/rfMRI_REST1_LR_hp2000.ica/filtered_func_data.ica/report/IC_5.png","ZTbfwvW8f2tZ8FoZAO_.O2Nb5L5PuECU"
"s3://hcp-openaccess/HCP_1200/506234/MNINonLinear/Results/rfMRI_REST1_LR/rfMRI_REST1_LR_hp2000.ica/filtered_func_data.ica/report/IC_50.html","506234","MNINonLinear//Results/rfMRI_REST1_LR/rfMRI_REST1_LR_hp2000.ica/filtered_func_data.ica/report/IC_50.html","0_jC_aihQYFqTfyqwtsyFULUg1ZqUUUM"
"s3://hcp-openaccess/HCP_1200/506234/MNINonLinear/Results/rfMRI_REST1_LR/rfMRI_REST1_LR_hp2000.ica/filtered_func_data.ica/report/IC_50.png","506234","MNINonLinear//Results/rfMRI_REST1_LR/rfMRI_REST1_LR_hp2000.ica/filtered_func_data.ica/report/IC_50.png","fYK.qTBZooObTl3sy61r2rJ5WEUtI6kS"
"s3://hcp-openaccess/HCP_1200/506234/MNINonLinear/Results/rfMRI_REST1_LR/rfMRI_REST1_LR_hp2000.ica/filtered_func_data.ica/report/IC_50_MM.html","506234","MNINonLinear//Results/rfMRI_REST1_LR/rfMRI_REST1_LR_hp2000.ica/filtered_func_data.ica/report/IC_50_MM.html","vL26YX4vZu9mBmci_IJPpjl9pbXGG1VZ"
"s3://hcp-openaccess/HCP_1200/506234/MNINonLinear/Results/rfMRI_REST1_LR/rfMRI_REST1_LR_hp2000.ica/filtered_func_data.ica/report/IC_50_MMfit.png","506234","MNINonLinear//Results/rfMRI_REST1_LR/rfMRI_REST1_LR_hp2000.ica/filtered_func_data.ica/report/IC_50_MMfit.png","AqyrZ.somZo11i3AaE7nJcPIW.omT4J6"
"s3://hcp-openaccess/HCP_1200/506234/MNINonLinear/Results/rfMRI_REST1_LR/rfMRI_REST1_LR_hp2000.ica/filtered_func_data.ica/report/IC_50_prob.png","506234","MNINonLinear//Results/rfMRI_REST1_LR/rfMRI_REST1_LR_hp2000.ica/filtered_func_data.ica/report/IC_50_prob.png","CN5hqhn7ilquz1UVVfMr_rxfr8NHvtlw"
"s3://hcp-openaccess/HCP_1200/506234/MNINonLinear/Results/rfMRI_REST1_LR/rfMRI_REST1_LR_hp2000.ica/filtered_func_data.ica/report/IC_50_thresh.png","506234","MNINonLinear//Results/rfMRI_REST1_LR/rfMRI_REST1_LR_hp2000.ica/filtered_func_data.ica/report/IC_50_thresh.png","LLtEFtI3nSQQpKIBItBV5u8pQwNP9bNC"
"s3://hcp-openaccess/HCP_1200/506234/MNINonLinear/Results/rfMRI_REST1_LR/rfMRI_REST1_LR_hp2000.ica/filtered_func_data.ica/report/IC_51.html","506234","MNINonLinear//Results/rfMRI_REST1_LR/rfMRI_REST1_LR_hp2000.ica/filtered_func_data.ica/report/IC_51.html","gc2C.rWJVBqV.2c8GSi0JnyeqOHbmPYQ"
"s3://hcp-openaccess/HCP_1200/506234/MNINonLinear/Results/rfMRI_REST1_LR/rfMRI_REST1_LR_hp2000.ica/filtered_func_data.ica/report/IC_51.png","506234","MNINonLinear//Results/rfMRI_REST1_LR/rfMRI_REST1_LR_hp2000.ica/filtered_func_data.ica/report/IC_51.png","X2jFPU2x7ZUJbe0OMvDYadNZgp8k9V.P"
"s3://hcp-openaccess/HCP_1200/506234/MNINonLinear/Results/rfMRI_REST1_LR/rfMRI_REST1_LR_hp2000.ica/filtered_func_data.ica/report/IC_51_MM.html","506234","MNINonLinear//Results/rfMRI_REST1_LR/rfMRI_REST1_LR_hp2000.ica/filtered_func_data.ica/report/IC_51_MM.html","71bPCnOaOYeUUZ5994NIWpJfDolkhpAP"
"s3://hcp-openaccess/HCP_1200/506234/MNINonLinear/Results/rfMRI_REST1_LR/rfMRI_REST1_LR_hp2000.ica/filtered_func_data.ica/report/IC_51_MMfit.png","506234","MNINonLinear//Results/rfMRI_REST1_LR/rfMRI_REST1_LR_hp2000.ica/filtered_func_data.ica/report/IC_51_MMfit.png","srAWWUd4bzITf_cx7Ok1mlLQAkLlJLtH"
"s3://hcp-openaccess/HCP_1200/506234/MNINonLinear/Results/rfMRI_REST1_LR/rfMRI_REST1_LR_hp2000.ica/filtered_func_data.ica/report/IC_51_prob.png","506234","MNINonLinear//Results/rfMRI_REST1_LR/rfMRI_REST1_LR_hp2000.ica/filtered_func_data.ica/report/IC_51_prob.png","R3qJU5HCmUEjTU0X6SaT39MlvadZB4s."
"s3://hcp-openaccess/HCP_1200/506234/MNINonLinear/Results/rfMRI_REST1_LR/rfMRI_REST1_LR_hp2000.ica/filtered_func_data.ica/report/IC_51_thresh.png","506234","MNINonLinear//Results/rfMRI_REST1_LR/rfMRI_REST1_LR_hp2000.ica/filtered_func_data.ica/report/IC_51_thresh.png","aPR.tIROa_pelmY_bFiYnKzJZEhd3MVN"
"s3://hcp-openaccess/HCP_1200/506234/MNINonLinear/Results/rfMRI_REST1_LR/rfMRI_REST1_LR_hp2000.ica/filtered_func_data.ica/report/IC_52.html","506234","MNINonLinear//Results/rfMRI_REST1_LR/rfMRI_REST1_LR_hp2000.ica/filtered_func_data.ica/report/IC_52.html","f.jQSX34RizJJcsR3I6t.2K.Nv60foJf"
"s3://hcp-openaccess/HCP_1200/506234/MNINonLinear/Results/rfMRI_REST1_LR/rfMRI_REST1_LR_hp2000.ica/filtered_func_data.ica/report/IC_52.png","506234","MNINonLinear//Results/rfMRI_REST1_LR/rfMRI_REST1_LR_hp2000.ica/filtered_func_data.ica/report/IC_52.png","hnLiEbx5S3EkC0hYeWQC3BwNSZQSckv4"
"s3://hcp-openaccess/HCP_1200/506234/MNINonLinear/Results/rfMRI_REST1_LR/rfMRI_REST1_LR_hp2000.ica/filtered_func_data.ica/report/IC_52_MM.html","506234","MNINonLinear//Results/rfMRI_REST1_LR/rfMRI_REST1_LR_hp2000.ica/filtered_func_data.ica/report/IC_52_MM.html","VHtuTtpdl8LDv2lmwwI6j4rurUlwe.E5"
"s3://hcp-openaccess/HCP_1200/506234/MNINonLinear/Results/rfMRI_REST1_LR/rfMRI_REST1_LR_hp2000.ica/filtered_func_data.ica/report/IC_52_MMfit.png","506234","MNINonLinear//Results/rfMRI_REST1_LR/rfMRI_REST1_LR_hp2000.ica/filtered_func_data.ica/report/IC_52_MMfit.png","ZcL4NRcJX1Eny6bUx2kSNot044e6ruQW"
"s3://hcp-openaccess/HCP_1200/506234/MNINonLinear/Results/rfMRI_REST1_LR/rfMRI_REST1_LR_hp2000.ica/filtered_func_data.ica/report/IC_52_prob.png","506234","MNINonLinear//Results/rfMRI_REST1_LR/rfMRI_REST1_LR_hp2000.ica/filtered_func_data.ica/report/IC_52_prob.png","Tix2mtGD3pinlqMrqjkYW.eOTNqOMeTS"
"s3://hcp-openaccess/HCP_1200/506234/MNINonLinear/Results/rfMRI_REST1_LR/rfMRI_REST1_LR_hp2000.ica/filtered_func_data.ica/report/IC_52_thresh.png","506234","MNINonLinear//Results/rfMRI_REST1_LR/rfMRI_REST1_LR_hp2000.ica/filtered_func_data.ica/report/IC_52_thresh.png","0ynejUcK23iKX6oDff81L5m9Ca0D3Z6k"
"s3://hcp-openaccess/HCP_1200/506234/MNINonLinear/Results/rfMRI_REST1_LR/rfMRI_REST1_LR_hp2000.ica/filtered_func_data.ica/report/IC_53.html","506234","MNINonLinear//Results/rfMRI_REST1_LR/rfMRI_REST1_LR_hp2000.ica/filtered_func_data.ica/report/IC_53.html","hb_s1rkdUylUqe7fjsKyVkHNsqz50J1p"
"s3://hcp-openaccess/HCP_1200/506234/MNINonLinear/Results/rfMRI_REST1_LR/rfMRI_REST1_LR_hp2000.ica/filtered_func_data.ica/report/IC_53.png","506234","MNINonLinear//Results/rfMRI_REST1_LR/rfMRI_REST1_LR_hp2000.ica/filtered_func_data.ica/report/IC_53.png","WVfny1Q8jfxlq7Ptwb3eH2gMq5UMvQL."
"s3://hcp-openaccess/HCP_1200/506234/MNINonLinear/Results/rfMRI_REST1_LR/rfMRI_REST1_LR_hp2000.ica/filtered_func_data.ica/report/IC_53_MM.html","506234","MNINonLinear//Results/rfMRI_REST1_LR/rfMRI_REST1_LR_hp2000.ica/filtered_func_data.ica/report/IC_53_MM.html","nNnVdVoiqPOcmymvCgVYv3ysnWYeebMV"
"s3://hcp-openaccess/HCP_1200/506234/MNINonLinear/Results/rfMRI_REST1_LR/rfMRI_REST1_LR_hp2000.ica/filtered_func_data.ica/report/IC_53_MMfit.png","506234","MNINonLinear//Results/rfMRI_REST1_LR/rfMRI_REST1_LR_hp2000.ica/filtered_func_data.ica/report/IC_53_MMfit.png","0fFZfjOVnBfWCTCZCo6RMmFypYTqLDIu"
"s3://hcp-openaccess/HCP_1200/506234/MNINonLinear/Results/rfMRI_REST1_LR/rfMRI_REST1_LR_hp2000.ica/filtered_func_data.ica/report/IC_53_prob.png","506234","MNINonLinear//Results/rfMRI_REST1_LR/rfMRI_REST1_LR_hp2000.ica/filtered_func_data.ica/report/IC_53_prob.png","6sY2r.3Z4ClXv8jYmgVJQqkdx3O05q_B"
"s3://hcp-openaccess/HCP_1200/506234/MNINonLinear/Results/rfMRI_REST1_LR/rfMRI_REST1_LR_hp2000.ica/filtered_func_data.ica/report/IC_53_thresh.png","506234","MNINonLinear//Results/rfMRI_REST1_LR/rfMRI_REST1_LR_hp2000.ica/filtered_func_data.ica/report/IC_53_thresh.png","tGvL3tzzVghrrcy66fLJIG2zssfVnHZN"
"s3://hcp-openaccess/HCP_1200/506234/MNINonLinear/Results/rfMRI_REST1_LR/rfMRI_REST1_LR_hp2000.ica/filtered_func_data.ica/report/IC_54.html","506234","MNINonLinear//Results/rfMRI_REST1_LR/rfMRI_REST1_LR_hp2000.ica/filtered_func_data.ica/report/IC_54.html","vkfFkOKJZ9Hbx0.g..uyv70yjOLEE5iL"
"s3://hcp-openaccess/HCP_1200/506234/MNINonLinear/Results/rfMRI_REST1_LR/rfMRI_REST1_LR_hp2000.ica/filtered_func_data.ica/report/IC_54.png","506234","MNINonLinear//Results/rfMRI_REST1_LR/rfMRI_REST1_LR_hp2000.ica/filtered_func_data.ica/report/IC_54.png","WxZSzyi9WKvyjRo03S5eQgNWl6jZ2.Zp"
"s3://hcp-openaccess/HCP_1200/506234/MNINonLinear/Results/rfMRI_REST1_LR/rfMRI_REST1_LR_hp2000.ica/filtered_func_data.ica/report/IC_54_MM.html","506234","MNINonLinear//Results/rfMRI_REST1_LR/rfMRI_REST1_LR_hp2000.ica/filtered_func_data.ica/report/IC_54_MM.html","RmedS5OOFpnnci1jDW5XA_theP_udERV"
"s3://hcp-openaccess/HCP_1200/506234/MNINonLinear/Results/rfMRI_REST1_LR/rfMRI_REST1_LR_hp2000.ica/filtered_func_data.ica/report/IC_54_MMfit.png","506234","MNINonLinear//Results/rfMRI_REST1_LR/rfMRI_REST1_LR_hp2000.ica/filtered_func_data.ica/report/IC_54_MMfit.png",".3zAzF2.0JRwJW6cz8TbRlNDpSaJHJ_U"
"s3://hcp-openaccess/HCP_1200/506234/MNINonLinear/Results/rfMRI_REST1_LR/rfMRI_REST1_LR_hp2000.ica/filtered_func_data.ica/report/IC_54_prob.png","506234","MNINonLinear//Results/rfMRI_REST1_LR/rfMRI_REST1_LR_hp2000.ica/filtered_func_data.ica/report/IC_54_prob.png","_seZ7mfrUKn1xr6FZaMI0GphTnpW9FfD"
"s3://hcp-openaccess/HCP_1200/506234/MNINonLinear/Results/rfMRI_REST1_LR/rfMRI_REST1_LR_hp2000.ica/filtered_func_data.ica/report/IC_54_thresh.png","506234","MNINonLinear//Results/rfMRI_REST1_LR/rfMRI_REST1_LR_hp2000.ica/filtered_func_data.ica/report/IC_54_thresh.png","venNe8yOuAZzoeAndD2TxcobM_OL.8WQ"
"s3://hcp-openaccess/HCP_1200/506234/MNINonLinear/Results/rfMRI_REST1_LR/rfMRI_REST1_LR_hp2000.ica/filtered_func_data.ica/report/IC_55.html","506234","MNINonLinear//Results/rfMRI_REST1_LR/rfMRI_REST1_LR_hp2000.ica/filtered_func_data.ica/report/IC_55.html","a8iJE2.K8aR7UVyvf0YGe1QVrLcoRbI3"
"s3://hcp-openaccess/HCP_1200/506234/MNINonLinear/Results/rfMRI_REST1_LR/rfMRI_REST1_LR_hp2000.ica/filtered_func_data.ica/report/IC_55.png","506234","MNINonLinear//Results/rfMRI_REST1_LR/rfMRI_REST1_LR_hp2000.ica/filtered_func_data.ica/report/IC_55.png","1c5_X0wjUjNY6r_9gDi7DIOF.hmqGJ49"
"s3://hcp-openaccess/HCP_1200/506234/MNINonLinear/Results/rfMRI_REST1_LR/rfMRI_REST1_LR_hp2000.ica/filtered_func_data.ica/report/IC_55_MM.html","506234","MNINonLinear//Results/rfMRI_REST1_LR/rfMRI_REST1_LR_hp2000.ica/filtered_func_data.ica/report/IC_55_MM.html","tcVlsbtGqx0T92YtX5rkosdf2amWHW_0"
"s3://hcp-openaccess/HCP_1200/506234/MNINonLinear/Results/rfMRI_REST1_LR/rfMRI_REST1_LR_hp2000.ica/filtered_func_data.ica/report/IC_55_MMfit.png","506234","MNINonLinear//Results/rfMRI_REST1_LR/rfMRI_REST1_LR_hp2000.ica/filtered_func_data.ica/report/IC_55_MMfit.png","3wt8c3WrpBk84F712J1Tpsp0HnVq6ats"
"s3://hcp-openaccess/HCP_1200/506234/MNINonLinear/Results/rfMRI_REST1_LR/rfMRI_REST1_LR_hp2000.ica/filtered_func_data.ica/report/IC_55_prob.png","506234","MNINonLinear//Results/rfMRI_REST1_LR/rfMRI_REST1_LR_hp2000.ica/filtered_func_data.ica/report/IC_55_prob.png","4VtLoQebGkVB_DRDXsglHfuEr3HgBA8H"
"s3://hcp-openaccess/HCP_1200/506234/MNINonLinear/Results/rfMRI_REST1_LR/rfMRI_REST1_LR_hp2000.ica/filtered_func_data.ica/report/IC_55_thresh.png","506234","MNINonLinear//Results/rfMRI_REST1_LR/rfMRI_REST1_LR_hp2000.ica/filtered_func_data.ica/report/IC_55_thresh.png","ZvDAoEQ7vVKxEOnHLxrldnBcZWcnSXjI"
"s3://hcp-openaccess/HCP_1200/506234/MNINonLinear/Results/rfMRI_REST1_LR/rfMRI_REST1_LR_hp2000.ica/filtered_func_data.ica/report/IC_56.html","506234","MNINonLinear//Results/rfMRI_REST1_LR/rfMRI_REST1_LR_hp2000.ica/filtered_func_data.ica/report/IC_56.html","ASjI77UyGfV2PwnCK2z9tX4nlJv3x.ni"
"s3://hcp-openaccess/HCP_1200/506234/MNINonLinear/Results/rfMRI_REST1_LR/rfMRI_REST1_LR_hp2000.ica/filtered_func_data.ica/report/IC_56.png","506234","MNINonLinear//Results/rfMRI_REST1_LR/rfMRI_REST1_LR_hp2000.ica/filtered_func_data.ica/report/IC_56.png","ezVfgZE5mDSXomUfK2DfTr.LLw3PuXu0"
"s3://hcp-openaccess/HCP_1200/506234/MNINonLinear/Results/rfMRI_REST1_LR/rfMRI_REST1_LR_hp2000.ica/filtered_func_data.ica/report/IC_56_MM.html","506234","MNINonLinear//Results/rfMRI_REST1_LR/rfMRI_REST1_LR_hp2000.ica/filtered_func_data.ica/report/IC_56_MM.html","8MVpXG0TGgVlOncXILOBPDCjvPltHVmI"
"s3://hcp-openaccess/HCP_1200/506234/MNINonLinear/Results/rfMRI_REST1_LR/rfMRI_REST1_LR_hp2000.ica/filtered_func_data.ica/report/IC_56_MMfit.png","506234","MNINonLinear//Results/rfMRI_REST1_LR/rfMRI_REST1_LR_hp2000.ica/filtered_func_data.ica/report/IC_56_MMfit.png","SYkbjeggQmIcFMTVwwbhgfLyVoGtBoXc"
"s3://hcp-openaccess/HCP_1200/506234/MNINonLinear/Results/rfMRI_REST1_LR/rfMRI_REST1_LR_hp2000.ica/filtered_func_data.ica/report/IC_56_prob.png","506234","MNINonLinear//Results/rfMRI_REST1_LR/rfMRI_REST1_LR_hp2000.ica/filtered_func_data.ica/report/IC_56_prob.png","EUa7aC.mxCZWDWGrvnldOQw0OPg7OTq_"
"s3://hcp-openaccess/HCP_1200/506234/MNINonLinear/Results/rfMRI_REST1_LR/rfMRI_REST1_LR_hp2000.ica/filtered_func_data.ica/report/IC_56_thresh.png","506234","MNINonLinear//Results/rfMRI_REST1_LR/rfMRI_REST1_LR_hp2000.ica/filtered_func_data.ica/report/IC_56_thresh.png","wRh_XKSls1i0O1Dl3c3PmLElzH.3v45K"
"s3://hcp-openaccess/HCP_1200/506234/MNINonLinear/Results/rfMRI_REST1_LR/rfMRI_REST1_LR_hp2000.ica/filtered_func_data.ica/report/IC_57.html","506234","MNINonLinear//Results/rfMRI_REST1_LR/rfMRI_REST1_LR_hp2000.ica/filtered_func_data.ica/report/IC_57.html","v9_itprJQJdl2OM71pS989lAVEfTz5Wv"
"s3://hcp-openaccess/HCP_1200/506234/MNINonLinear/Results/rfMRI_REST1_LR/rfMRI_REST1_LR_hp2000.ica/filtered_func_data.ica/report/IC_57.png","506234","MNINonLinear//Results/rfMRI_REST1_LR/rfMRI_REST1_LR_hp2000.ica/filtered_func_data.ica/report/IC_57.png","q9LJ4K.cvtcy9Zd0Oz3ca3o7Zxfg7ZTh"
"s3://hcp-openaccess/HCP_1200/506234/MNINonLinear/Results/rfMRI_REST1_LR/rfMRI_REST1_LR_hp2000.ica/filtered_func_data.ica/report/IC_57_MM.html","506234","MNINonLinear//Results/rfMRI_REST1_LR/rfMRI_REST1_LR_hp2000.ica/filtered_func_data.ica/report/IC_57_MM.html","VxZK_WIu75.IMcPL9p7xZ3gYRxZqZoiN"
"s3://hcp-openaccess/HCP_1200/506234/MNINonLinear/Results/rfMRI_REST1_LR/rfMRI_REST1_LR_hp2000.ica/filtered_func_data.ica/report/IC_57_MMfit.png","506234","MNINonLinear//Results/rfMRI_REST1_LR/rfMRI_REST1_LR_hp2000.ica/filtered_func_data.ica/report/IC_57_MMfit.png","tSHJxZOL8jQad_7wguLyvrEVWqYKYivT"
"s3://hcp-openaccess/HCP_1200/506234/MNINonLinear/Results/rfMRI_REST1_LR/rfMRI_REST1_LR_hp2000.ica/filtered_func_data.ica/report/IC_57_prob.png","506234","MNINonLinear//Results/rfMRI_REST1_LR/rfMRI_REST1_LR_hp2000.ica/filtered_func_data.ica/report/IC_57_prob.png","qp7hdqeTA.l26GEOCKn_N.lkOAWmfwYm"
"s3://hcp-openaccess/HCP_1200/506234/MNINonLinear/Results/rfMRI_REST1_LR/rfMRI_REST1_LR_hp2000.ica/filtered_func_data.ica/report/IC_57_thresh.png","506234","MNINonLinear//Results/rfMRI_REST1_LR/rfMRI_REST1_LR_hp2000.ica/filtered_func_data.ica/report/IC_57_thresh.png","9VvXZXq_yPgJxMrwyNdhyjoPqVo6YURc"
"s3://hcp-openaccess/HCP_1200/506234/MNINonLinear/Results/rfMRI_REST1_LR/rfMRI_REST1_LR_hp2000.ica/filtered_func_data.ica/report/IC_58.html","506234","MNINonLinear//Results/rfMRI_REST1_LR/rfMRI_REST1_LR_hp2000.ica/filtered_func_data.ica/report/IC_58.html","9efBEsR9t8cB.6230rPCWltb_XUNc6ov"
"s3://hcp-openaccess/HCP_1200/506234/MNINonLinear/Results/rfMRI_REST1_LR/rfMRI_REST1_LR_hp2000.ica/filtered_func_data.ica/report/IC_58.png","506234","MNINonLinear//Results/rfMRI_REST1_LR/rfMRI_REST1_LR_hp2000.ica/filtered_func_data.ica/report/IC_58.png","7gw.bKgSxpVhpUBPEVwU6EJNtgPva4.k"
"s3://hcp-openaccess/HCP_1200/506234/MNINonLinear/Results/rfMRI_REST1_LR/rfMRI_REST1_LR_hp2000.ica/filtered_func_data.ica/report/IC_58_MM.html","506234","MNINonLinear//Results/rfMRI_REST1_LR/rfMRI_REST1_LR_hp2000.ica/filtered_func_data.ica/report/IC_58_MM.html","DJOr2QN6pJkq1fRBH740qeQFzMPGPgBf"
"s3://hcp-openaccess/HCP_1200/506234/MNINonLinear/Results/rfMRI_REST1_LR/rfMRI_REST1_LR_hp2000.ica/filtered_func_data.ica/report/IC_58_MMfit.png","506234","MNINonLinear//Results/rfMRI_REST1_LR/rfMRI_REST1_LR_hp2000.ica/filtered_func_data.ica/report/IC_58_MMfit.png","nNQPRpUo.39Ismv2oNSt09CnMUbRwa6e"
"s3://hcp-openaccess/HCP_1200/506234/MNINonLinear/Results/rfMRI_REST1_LR/rfMRI_REST1_LR_hp2000.ica/filtered_func_data.ica/report/IC_58_prob.png","506234","MNINonLinear//Results/rfMRI_REST1_LR/rfMRI_REST1_LR_hp2000.ica/filtered_func_data.ica/report/IC_58_prob.png","kGQkuKGamGgyh7pNLASKV8SSYDexivAt"
"s3://hcp-openaccess/HCP_1200/506234/MNINonLinear/Results/rfMRI_REST1_LR/rfMRI_REST1_LR_hp2000.ica/filtered_func_data.ica/report/IC_58_thresh.png","506234","MNINonLinear//Results/rfMRI_REST1_LR/rfMRI_REST1_LR_hp2000.ica/filtered_func_data.ica/report/IC_58_thresh.png","WlhqFqQ.a00ai9_fb_rW.PjrB5uMsY.h"
"s3://hcp-openaccess/HCP_1200/506234/MNINonLinear/Results/rfMRI_REST1_LR/rfMRI_REST1_LR_hp2000.ica/filtered_func_data.ica/report/IC_59.html","506234","MNINonLinear//Results/rfMRI_REST1_LR/rfMRI_REST1_LR_hp2000.ica/filtered_func_data.ica/report/IC_59.html","rQY4LmJ5FJsJeeiQbkK0YsIgDNvKz4mU"
"s3://hcp-openaccess/HCP_1200/506234/MNINonLinear/Results/rfMRI_REST1_LR/rfMRI_REST1_LR_hp2000.ica/filtered_func_data.ica/report/IC_59.png","506234","MNINonLinear//Results/rfMRI_REST1_LR/rfMRI_REST1_LR_hp2000.ica/filtered_func_data.ica/report/IC_59.png","F4ITgCFi1BaMVCCcdv8FS3aRvJS9GRPU"
"s3://hcp-openaccess/HCP_1200/506234/MNINonLinear/Results/rfMRI_REST1_LR/rfMRI_REST1_LR_hp2000.ica/filtered_func_data.ica/report/IC_59_MM.html","506234","MNINonLinear//Results/rfMRI_REST1_LR/rfMRI_REST1_LR_hp2000.ica/filtered_func_data.ica/report/IC_59_MM.html","AIt9W03T_suNljjnddqdw8L4oyaaFkUM"
"s3://hcp-openaccess/HCP_1200/506234/MNINonLinear/Results/rfMRI_REST1_LR/rfMRI_REST1_LR_hp2000.ica/filtered_func_data.ica/report/IC_59_MMfit.png","506234","MNINonLinear//Results/rfMRI_REST1_LR/rfMRI_REST1_LR_hp2000.ica/filtered_func_data.ica/report/IC_59_MMfit.png","iiiYC2B6n85bcYyUtVdyeqgBlpcGB.fW"
"s3://hcp-openaccess/HCP_1200/506234/MNINonLinear/Results/rfMRI_REST1_LR/rfMRI_REST1_LR_hp2000.ica/filtered_func_data.ica/report/IC_59_prob.png","506234","MNINonLinear//Results/rfMRI_REST1_LR/rfMRI_REST1_LR_hp2000.ica/filtered_func_data.ica/report/IC_59_prob.png","eVXdVmyzrjlNLSSCXF9zMxicBWb.DB_K"
"s3://hcp-openaccess/HCP_1200/506234/MNINonLinear/Results/rfMRI_REST1_LR/rfMRI_REST1_LR_hp2000.ica/filtered_func_data.ica/report/IC_59_thresh.png","506234","MNINonLinear//Results/rfMRI_REST1_LR/rfMRI_REST1_LR_hp2000.ica/filtered_func_data.ica/report/IC_59_thresh.png","BzQf1g6m58VNgBfRiiMCTPSB1V8QHPBJ"
"s3://hcp-openaccess/HCP_1200/506234/MNINonLinear/Results/rfMRI_REST1_LR/rfMRI_REST1_LR_hp2000.ica/filtered_func_data.ica/report/IC_5_MM.html","506234","MNINonLinear//Results/rfMRI_REST1_LR/rfMRI_REST1_LR_hp2000.ica/filtered_func_data.ica/report/IC_5_MM.html","JuOyMcBd8znpfb53Y6y3D8TeSddF4_x6"
"s3://hcp-openaccess/HCP_1200/506234/MNINonLinear/Results/rfMRI_REST1_LR/rfMRI_REST1_LR_hp2000.ica/filtered_func_data.ica/report/IC_5_MMfit.png","506234","MNINonLinear//Results/rfMRI_REST1_LR/rfMRI_REST1_LR_hp2000.ica/filtered_func_data.ica/report/IC_5_MMfit.png","aUxxMDfnJnAa1lro9iT1VjURaC.YVrCP"
"s3://hcp-openaccess/HCP_1200/506234/MNINonLinear/Results/rfMRI_REST1_LR/rfMRI_REST1_LR_hp2000.ica/filtered_func_data.ica/report/IC_5_prob.png","506234","MNINonLinear//Results/rfMRI_REST1_LR/rfMRI_REST1_LR_hp2000.ica/filtered_func_data.ica/report/IC_5_prob.png","0y1UwWCzZtv9YYCwhxUPT3i0XFDktXCi"
"s3://hcp-openaccess/HCP_1200/506234/MNINonLinear/Results/rfMRI_REST1_LR/rfMRI_REST1_LR_hp2000.ica/filtered_func_data.ica/report/IC_5_thresh.png","506234","MNINonLinear//Results/rfMRI_REST1_LR/rfMRI_REST1_LR_hp2000.ica/filtered_func_data.ica/report/IC_5_thresh.png","7XDHJFfz.IthuNKyrPVCOlrOBtZt6Eju"
"s3://hcp-openaccess/HCP_1200/506234/MNINonLinear/Results/rfMRI_REST1_LR/rfMRI_REST1_LR_hp2000.ica/filtered_func_data.ica/report/IC_6.html","506234","MNINonLinear//Results/rfMRI_REST1_LR/rfMRI_REST1_LR_hp2000.ica/filtered_func_data.ica/report/IC_6.html","JD6msnpRVxdJp03OdYy0yXhg84UhNa8o"
"s3://hcp-openaccess/HCP_1200/506234/MNINonLinear/Results/rfMRI_REST1_LR/rfMRI_REST1_LR_hp2000.ica/filtered_func_data.ica/report/IC_6.png","506234","MNINonLinear//Results/rfMRI_REST1_LR/rfMRI_REST1_LR_hp2000.ica/filtered_func_data.ica/report/IC_6.png","1oDcBXVE8wFri5jNNmf3xh6c5f1F1.df"
"s3://hcp-openaccess/HCP_1200/506234/MNINonLinear/Results/rfMRI_REST1_LR/rfMRI_REST1_LR_hp2000.ica/filtered_func_data.ica/report/IC_60.html","506234","MNINonLinear//Results/rfMRI_REST1_LR/rfMRI_REST1_LR_hp2000.ica/filtered_func_data.ica/report/IC_60.html","WpQWzBX2DmzzKGYBdK.5JV6tWh_Wz_4F"
"s3://hcp-openaccess/HCP_1200/506234/MNINonLinear/Results/rfMRI_REST1_LR/rfMRI_REST1_LR_hp2000.ica/filtered_func_data.ica/report/IC_60.png","506234","MNINonLinear//Results/rfMRI_REST1_LR/rfMRI_REST1_LR_hp2000.ica/filtered_func_data.ica/report/IC_60.png","bHKVJO5VaFK8pONv1MAaoUrbM99vyuJO"
"s3://hcp-openaccess/HCP_1200/506234/MNINonLinear/Results/rfMRI_REST1_LR/rfMRI_REST1_LR_hp2000.ica/filtered_func_data.ica/report/IC_60_MM.html","506234","MNINonLinear//Results/rfMRI_REST1_LR/rfMRI_REST1_LR_hp2000.ica/filtered_func_data.ica/report/IC_60_MM.html","E9eU9V8N10lGsn87qafQ0rqrt7feJOcJ"
"s3://hcp-openaccess/HCP_1200/506234/MNINonLinear/Results/rfMRI_REST1_LR/rfMRI_REST1_LR_hp2000.ica/filtered_func_data.ica/report/IC_60_MMfit.png","506234","MNINonLinear//Results/rfMRI_REST1_LR/rfMRI_REST1_LR_hp2000.ica/filtered_func_data.ica/report/IC_60_MMfit.png","bfIkJedmQ_1_tza.ZHcocRw9.cvK2O12"
"s3://hcp-openaccess/HCP_1200/506234/MNINonLinear/Results/rfMRI_REST1_LR/rfMRI_REST1_LR_hp2000.ica/filtered_func_data.ica/report/IC_60_prob.png","506234","MNINonLinear//Results/rfMRI_REST1_LR/rfMRI_REST1_LR_hp2000.ica/filtered_func_data.ica/report/IC_60_prob.png","NeMJiLfohRpjGKS7v4DtB7eSQsdz9oGa"
"s3://hcp-openaccess/HCP_1200/506234/MNINonLinear/Results/rfMRI_REST1_LR/rfMRI_REST1_LR_hp2000.ica/filtered_func_data.ica/report/IC_60_thresh.png","506234","MNINonLinear//Results/rfMRI_REST1_LR/rfMRI_REST1_LR_hp2000.ica/filtered_func_data.ica/report/IC_60_thresh.png","yRmaugSee5uSfU60ADoE.s37nDe.be9g"
"s3://hcp-openaccess/HCP_1200/506234/MNINonLinear/Results/rfMRI_REST1_LR/rfMRI_REST1_LR_hp2000.ica/filtered_func_data.ica/report/IC_61.html","506234","MNINonLinear//Results/rfMRI_REST1_LR/rfMRI_REST1_LR_hp2000.ica/filtered_func_data.ica/report/IC_61.html","8TLW93s2gszzxheJhEgZSfvwpVfLri16"
"s3://hcp-openaccess/HCP_1200/506234/MNINonLinear/Results/rfMRI_REST1_LR/rfMRI_REST1_LR_hp2000.ica/filtered_func_data.ica/report/IC_61.png","506234","MNINonLinear//Results/rfMRI_REST1_LR/rfMRI_REST1_LR_hp2000.ica/filtered_func_data.ica/report/IC_61.png","86qqhjgCFdRSOUqNiqSfkBlcPriMCGpP"
"s3://hcp-openaccess/HCP_1200/506234/MNINonLinear/Results/rfMRI_REST1_LR/rfMRI_REST1_LR_hp2000.ica/filtered_func_data.ica/report/IC_61_MM.html","506234","MNINonLinear//Results/rfMRI_REST1_LR/rfMRI_REST1_LR_hp2000.ica/filtered_func_data.ica/report/IC_61_MM.html","clo6G.bang3DOsm6w0KKZmoXFmznzjw2"
"s3://hcp-openaccess/HCP_1200/506234/MNINonLinear/Results/rfMRI_REST1_LR/rfMRI_REST1_LR_hp2000.ica/filtered_func_data.ica/report/IC_61_MMfit.png","506234","MNINonLinear//Results/rfMRI_REST1_LR/rfMRI_REST1_LR_hp2000.ica/filtered_func_data.ica/report/IC_61_MMfit.png","qPE.UJbFCek1T1x1BRXCvZQRn9TtDO99"
"s3://hcp-openaccess/HCP_1200/506234/MNINonLinear/Results/rfMRI_REST1_LR/rfMRI_REST1_LR_hp2000.ica/filtered_func_data.ica/report/IC_61_prob.png","506234","MNINonLinear//Results/rfMRI_REST1_LR/rfMRI_REST1_LR_hp2000.ica/filtered_func_data.ica/report/IC_61_prob.png","rQIPfnCYrMaypLuZBWWOReoDROSz3A0H"
"s3://hcp-openaccess/HCP_1200/506234/MNINonLinear/Results/rfMRI_REST1_LR/rfMRI_REST1_LR_hp2000.ica/filtered_func_data.ica/report/IC_61_thresh.png","506234","MNINonLinear//Results/rfMRI_REST1_LR/rfMRI_REST1_LR_hp2000.ica/filtered_func_data.ica/report/IC_61_thresh.png","lt16XcxUkf7f.S3Hkjtx_cROLyTNjRky"
"s3://hcp-openaccess/HCP_1200/506234/MNINonLinear/Results/rfMRI_REST1_LR/rfMRI_REST1_LR_hp2000.ica/filtered_func_data.ica/report/IC_62.html","506234","MNINonLinear//Results/rfMRI_REST1_LR/rfMRI_REST1_LR_hp2000.ica/filtered_func_data.ica/report/IC_62.html","PpakpwmahhcZU825ovNJbyrQpyza1YQo"
"s3://hcp-openaccess/HCP_1200/506234/MNINonLinear/Results/rfMRI_REST1_LR/rfMRI_REST1_LR_hp2000.ica/filtered_func_data.ica/report/IC_62.png","506234","MNINonLinear//Results/rfMRI_REST1_LR/rfMRI_REST1_LR_hp2000.ica/filtered_func_data.ica/report/IC_62.png","7yF_Vtq1t2SlMbI_bzBg8XcKrN09yjXh"
"s3://hcp-openaccess/HCP_1200/506234/MNINonLinear/Results/rfMRI_REST1_LR/rfMRI_REST1_LR_hp2000.ica/filtered_func_data.ica/report/IC_62_MM.html","506234","MNINonLinear//Results/rfMRI_REST1_LR/rfMRI_REST1_LR_hp2000.ica/filtered_func_data.ica/report/IC_62_MM.html","KScR0hsjf048iI3UN1IcizN2SofNYSEu"
"s3://hcp-openaccess/HCP_1200/506234/MNINonLinear/Results/rfMRI_REST1_LR/rfMRI_REST1_LR_hp2000.ica/filtered_func_data.ica/report/IC_62_MMfit.png","506234","MNINonLinear//Results/rfMRI_REST1_LR/rfMRI_REST1_LR_hp2000.ica/filtered_func_data.ica/report/IC_62_MMfit.png","5.hzG70pSyQr4NhOm7EmwxfAtKdcjAC9"
"s3://hcp-openaccess/HCP_1200/506234/MNINonLinear/Results/rfMRI_REST1_LR/rfMRI_REST1_LR_hp2000.ica/filtered_func_data.ica/report/IC_62_prob.png","506234","MNINonLinear//Results/rfMRI_REST1_LR/rfMRI_REST1_LR_hp2000.ica/filtered_func_data.ica/report/IC_62_prob.png","9cBle6C3.YfbcSleKsNMZ0w.OYwAz0E6"
"s3://hcp-openaccess/HCP_1200/506234/MNINonLinear/Results/rfMRI_REST1_LR/rfMRI_REST1_LR_hp2000.ica/filtered_func_data.ica/report/IC_62_thresh.png","506234","MNINonLinear//Results/rfMRI_REST1_LR/rfMRI_REST1_LR_hp2000.ica/filtered_func_data.ica/report/IC_62_thresh.png","ySl9XF4xpGiLMqLP0TXP.A_J_fY6FfQj"
"s3://hcp-openaccess/HCP_1200/506234/MNINonLinear/Results/rfMRI_REST1_LR/rfMRI_REST1_LR_hp2000.ica/filtered_func_data.ica/report/IC_63.html","506234","MNINonLinear//Results/rfMRI_REST1_LR/rfMRI_REST1_LR_hp2000.ica/filtered_func_data.ica/report/IC_63.html","1Hg7sRSf2ycTqAve30Qs1KfLQvHlctqO"
"s3://hcp-openaccess/HCP_1200/506234/MNINonLinear/Results/rfMRI_REST1_LR/rfMRI_REST1_LR_hp2000.ica/filtered_func_data.ica/report/IC_63.png","506234","MNINonLinear//Results/rfMRI_REST1_LR/rfMRI_REST1_LR_hp2000.ica/filtered_func_data.ica/report/IC_63.png","f_qdQ3yZ0UO3axWZz15DA0ojkZ9DVAnX"
"s3://hcp-openaccess/HCP_1200/506234/MNINonLinear/Results/rfMRI_REST1_LR/rfMRI_REST1_LR_hp2000.ica/filtered_func_data.ica/report/IC_63_MM.html","506234","MNINonLinear//Results/rfMRI_REST1_LR/rfMRI_REST1_LR_hp2000.ica/filtered_func_data.ica/report/IC_63_MM.html","meJ3pbFwm5uBu8mgAdpXC_ecjm3vy8UB"
"s3://hcp-openaccess/HCP_1200/506234/MNINonLinear/Results/rfMRI_REST1_LR/rfMRI_REST1_LR_hp2000.ica/filtered_func_data.ica/report/IC_63_MMfit.png","506234","MNINonLinear//Results/rfMRI_REST1_LR/rfMRI_REST1_LR_hp2000.ica/filtered_func_data.ica/report/IC_63_MMfit.png","OUXdIj1Cv_0mLacfHpLTq8oK.CxSVGT6"
"s3://hcp-openaccess/HCP_1200/506234/MNINonLinear/Results/rfMRI_REST1_LR/rfMRI_REST1_LR_hp2000.ica/filtered_func_data.ica/report/IC_63_prob.png","506234","MNINonLinear//Results/rfMRI_REST1_LR/rfMRI_REST1_LR_hp2000.ica/filtered_func_data.ica/report/IC_63_prob.png","Qp_y98ox6xAWPRkw2lI0OcgARmclezqF"
"s3://hcp-openaccess/HCP_1200/506234/MNINonLinear/Results/rfMRI_REST1_LR/rfMRI_REST1_LR_hp2000.ica/filtered_func_data.ica/report/IC_63_thresh.png","506234","MNINonLinear//Results/rfMRI_REST1_LR/rfMRI_REST1_LR_hp2000.ica/filtered_func_data.ica/report/IC_63_thresh.png","lc40wsshEiAFqKk5wiMTjSvGRzNefa9Z"
"s3://hcp-openaccess/HCP_1200/506234/MNINonLinear/Results/rfMRI_REST1_LR/rfMRI_REST1_LR_hp2000.ica/filtered_func_data.ica/report/IC_64.html","506234","MNINonLinear//Results/rfMRI_REST1_LR/rfMRI_REST1_LR_hp2000.ica/filtered_func_data.ica/report/IC_64.html","N5BeOYO.g6_PfGHUTFSF1cxpyS7W5Xpf"
"s3://hcp-openaccess/HCP_1200/506234/MNINonLinear/Results/rfMRI_REST1_LR/rfMRI_REST1_LR_hp2000.ica/filtered_func_data.ica/report/IC_64.png","506234","MNINonLinear//Results/rfMRI_REST1_LR/rfMRI_REST1_LR_hp2000.ica/filtered_func_data.ica/report/IC_64.png","X9YgSTBt4WosA1eG0SDTUZ2Zywxl_rLn"
"s3://hcp-openaccess/HCP_1200/506234/MNINonLinear/Results/rfMRI_REST1_LR/rfMRI_REST1_LR_hp2000.ica/filtered_func_data.ica/report/IC_64_MM.html","506234","MNINonLinear//Results/rfMRI_REST1_LR/rfMRI_REST1_LR_hp2000.ica/filtered_func_data.ica/report/IC_64_MM.html","IUiz_42oHaW_kmnMAhFP4f1DRfgiNkB5"
"s3://hcp-openaccess/HCP_1200/506234/MNINonLinear/Results/rfMRI_REST1_LR/rfMRI_REST1_LR_hp2000.ica/filtered_func_data.ica/report/IC_64_MMfit.png","506234","MNINonLinear//Results/rfMRI_REST1_LR/rfMRI_REST1_LR_hp2000.ica/filtered_func_data.ica/report/IC_64_MMfit.png","pM5QNLr4oZQGkM8V3JhiJ7dsJLTxHLtF"
"s3://hcp-openaccess/HCP_1200/506234/MNINonLinear/Results/rfMRI_REST1_LR/rfMRI_REST1_LR_hp2000.ica/filtered_func_data.ica/report/IC_64_prob.png","506234","MNINonLinear//Results/rfMRI_REST1_LR/rfMRI_REST1_LR_hp2000.ica/filtered_func_data.ica/report/IC_64_prob.png","I1Jea5YGVC1iVoxSsLTJlTla5.dRkeAD"
"s3://hcp-openaccess/HCP_1200/506234/MNINonLinear/Results/rfMRI_REST1_LR/rfMRI_REST1_LR_hp2000.ica/filtered_func_data.ica/report/IC_64_thresh.png","506234","MNINonLinear//Results/rfMRI_REST1_LR/rfMRI_REST1_LR_hp2000.ica/filtered_func_data.ica/report/IC_64_thresh.png","Zy7AfN4BPPd6_zGxgHfCjw8vgCl79MLm"
"s3://hcp-openaccess/HCP_1200/506234/MNINonLinear/Results/rfMRI_REST1_LR/rfMRI_REST1_LR_hp2000.ica/filtered_func_data.ica/report/IC_65.html","506234","MNINonLinear//Results/rfMRI_REST1_LR/rfMRI_REST1_LR_hp2000.ica/filtered_func_data.ica/report/IC_65.html","Kq2fGd_K7UyV9Qu4Frvjzjt3KX_9fE74"
"s3://hcp-openaccess/HCP_1200/506234/MNINonLinear/Results/rfMRI_REST1_LR/rfMRI_REST1_LR_hp2000.ica/filtered_func_data.ica/report/IC_65.png","506234","MNINonLinear//Results/rfMRI_REST1_LR/rfMRI_REST1_LR_hp2000.ica/filtered_func_data.ica/report/IC_65.png","Ybu6bG2c8DcXcI1.gUyVGEu.vgbwpjJ."
"s3://hcp-openaccess/HCP_1200/506234/MNINonLinear/Results/rfMRI_REST1_LR/rfMRI_REST1_LR_hp2000.ica/filtered_func_data.ica/report/IC_65_MM.html","506234","MNINonLinear//Results/rfMRI_REST1_LR/rfMRI_REST1_LR_hp2000.ica/filtered_func_data.ica/report/IC_65_MM.html","pyw.udjLW68JKNwWjjEExBw4YAlePigb"
"s3://hcp-openaccess/HCP_1200/506234/MNINonLinear/Results/rfMRI_REST1_LR/rfMRI_REST1_LR_hp2000.ica/filtered_func_data.ica/report/IC_65_MMfit.png","506234","MNINonLinear//Results/rfMRI_REST1_LR/rfMRI_REST1_LR_hp2000.ica/filtered_func_data.ica/report/IC_65_MMfit.png","SQwbLuZEiY7Qq__1uulbLRjhzMjsLoWD"
"s3://hcp-openaccess/HCP_1200/506234/MNINonLinear/Results/rfMRI_REST1_LR/rfMRI_REST1_LR_hp2000.ica/filtered_func_data.ica/report/IC_65_prob.png","506234","MNINonLinear//Results/rfMRI_REST1_LR/rfMRI_REST1_LR_hp2000.ica/filtered_func_data.ica/report/IC_65_prob.png","BNQhTZkpNgMSZoN7lMAeKz2SNXYbwXDg"
"s3://hcp-openaccess/HCP_1200/506234/MNINonLinear/Results/rfMRI_REST1_LR/rfMRI_REST1_LR_hp2000.ica/filtered_func_data.ica/report/IC_65_thresh.png","506234","MNINonLinear//Results/rfMRI_REST1_LR/rfMRI_REST1_LR_hp2000.ica/filtered_func_data.ica/report/IC_65_thresh.png","mCqS94tNb98b2VmxC3cKtX3.8l4a3i1l"
"s3://hcp-openaccess/HCP_1200/506234/MNINonLinear/Results/rfMRI_REST1_LR/rfMRI_REST1_LR_hp2000.ica/filtered_func_data.ica/report/IC_66.html","506234","MNINonLinear//Results/rfMRI_REST1_LR/rfMRI_REST1_LR_hp2000.ica/filtered_func_data.ica/report/IC_66.html","fV0Ly8xnwGpm70hP28NT9_gb_B5e0Tzo"
"s3://hcp-openaccess/HCP_1200/506234/MNINonLinear/Results/rfMRI_REST1_LR/rfMRI_REST1_LR_hp2000.ica/filtered_func_data.ica/report/IC_66.png","506234","MNINonLinear//Results/rfMRI_REST1_LR/rfMRI_REST1_LR_hp2000.ica/filtered_func_data.ica/report/IC_66.png","Btuu_Vg923zWSsQjsppVYyZuIPeAPGU."
"s3://hcp-openaccess/HCP_1200/506234/MNINonLinear/Results/rfMRI_REST1_LR/rfMRI_REST1_LR_hp2000.ica/filtered_func_data.ica/report/IC_66_MM.html","506234","MNINonLinear//Results/rfMRI_REST1_LR/rfMRI_REST1_LR_hp2000.ica/filtered_func_data.ica/report/IC_66_MM.html","oolKPfzQ4hEV.1Y9Qb8jug9Aw0ipePv6"
"s3://hcp-openaccess/HCP_1200/506234/MNINonLinear/Results/rfMRI_REST1_LR/rfMRI_REST1_LR_hp2000.ica/filtered_func_data.ica/report/IC_66_MMfit.png","506234","MNINonLinear//Results/rfMRI_REST1_LR/rfMRI_REST1_LR_hp2000.ica/filtered_func_data.ica/report/IC_66_MMfit.png","XaGc0geoJqOiHzrTp8snq3ofPjjSFKdc"
"s3://hcp-openaccess/HCP_1200/506234/MNINonLinear/Results/rfMRI_REST1_LR/rfMRI_REST1_LR_hp2000.ica/filtered_func_data.ica/report/IC_66_prob.png","506234","MNINonLinear//Results/rfMRI_REST1_LR/rfMRI_REST1_LR_hp2000.ica/filtered_func_data.ica/report/IC_66_prob.png","vwy7HvnYi6J.nYkqvuMG3eFamqDeZSMs"
"s3://hcp-openaccess/HCP_1200/506234/MNINonLinear/Results/rfMRI_REST1_LR/rfMRI_REST1_LR_hp2000.ica/filtered_func_data.ica/report/IC_66_thresh.png","506234","MNINonLinear//Results/rfMRI_REST1_LR/rfMRI_REST1_LR_hp2000.ica/filtered_func_data.ica/report/IC_66_thresh.png","9KILAWenD8gJsYOyZdFsgxAQqrW9J1.J"
"s3://hcp-openaccess/HCP_1200/506234/MNINonLinear/Results/rfMRI_REST1_LR/rfMRI_REST1_LR_hp2000.ica/filtered_func_data.ica/report/IC_67.html","506234","MNINonLinear//Results/rfMRI_REST1_LR/rfMRI_REST1_LR_hp2000.ica/filtered_func_data.ica/report/IC_67.html","0ZIJenGXarnVFUfogUX2LTVZRdij71KO"
"s3://hcp-openaccess/HCP_1200/506234/MNINonLinear/Results/rfMRI_REST1_LR/rfMRI_REST1_LR_hp2000.ica/filtered_func_data.ica/report/IC_67.png","506234","MNINonLinear//Results/rfMRI_REST1_LR/rfMRI_REST1_LR_hp2000.ica/filtered_func_data.ica/report/IC_67.png","3Nzc.7G64gV4mTUd7C.uQcajVXpYLxqQ"
"s3://hcp-openaccess/HCP_1200/506234/MNINonLinear/Results/rfMRI_REST1_LR/rfMRI_REST1_LR_hp2000.ica/filtered_func_data.ica/report/IC_67_MM.html","506234","MNINonLinear//Results/rfMRI_REST1_LR/rfMRI_REST1_LR_hp2000.ica/filtered_func_data.ica/report/IC_67_MM.html","_9EI1vKZb4NHXL3OGaBEdyaOx6T5OV0T"
"s3://hcp-openaccess/HCP_1200/506234/MNINonLinear/Results/rfMRI_REST1_LR/rfMRI_REST1_LR_hp2000.ica/filtered_func_data.ica/report/IC_67_MMfit.png","506234","MNINonLinear//Results/rfMRI_REST1_LR/rfMRI_REST1_LR_hp2000.ica/filtered_func_data.ica/report/IC_67_MMfit.png","q43xczItfGeTfWyV2d.VXkWRiMwDZbsC"
"s3://hcp-openaccess/HCP_1200/506234/MNINonLinear/Results/rfMRI_REST1_LR/rfMRI_REST1_LR_hp2000.ica/filtered_func_data.ica/report/IC_67_prob.png","506234","MNINonLinear//Results/rfMRI_REST1_LR/rfMRI_REST1_LR_hp2000.ica/filtered_func_data.ica/report/IC_67_prob.png","qiX0BMh0lJvJEmjUQ2oRqJm05vtt4.Nf"
"s3://hcp-openaccess/HCP_1200/506234/MNINonLinear/Results/rfMRI_REST1_LR/rfMRI_REST1_LR_hp2000.ica/filtered_func_data.ica/report/IC_67_thresh.png","506234","MNINonLinear//Results/rfMRI_REST1_LR/rfMRI_REST1_LR_hp2000.ica/filtered_func_data.ica/report/IC_67_thresh.png","XZFcDfnz8e6U1YspSd0OZWmzjJG_7g.J"
"s3://hcp-openaccess/HCP_1200/506234/MNINonLinear/Results/rfMRI_REST1_LR/rfMRI_REST1_LR_hp2000.ica/filtered_func_data.ica/report/IC_68.html","506234","MNINonLinear//Results/rfMRI_REST1_LR/rfMRI_REST1_LR_hp2000.ica/filtered_func_data.ica/report/IC_68.html","VWuD3YxcHVm8sZQGON2OX40sW6xMKfTZ"
"s3://hcp-openaccess/HCP_1200/506234/MNINonLinear/Results/rfMRI_REST1_LR/rfMRI_REST1_LR_hp2000.ica/filtered_func_data.ica/report/IC_68.png","506234","MNINonLinear//Results/rfMRI_REST1_LR/rfMRI_REST1_LR_hp2000.ica/filtered_func_data.ica/report/IC_68.png","gufPjgPkLsY4lMB4iMXn7b6Go8tAURVp"
"s3://hcp-openaccess/HCP_1200/506234/MNINonLinear/Results/rfMRI_REST1_LR/rfMRI_REST1_LR_hp2000.ica/filtered_func_data.ica/report/IC_68_MM.html","506234","MNINonLinear//Results/rfMRI_REST1_LR/rfMRI_REST1_LR_hp2000.ica/filtered_func_data.ica/report/IC_68_MM.html","TD0Aep1g6JjGw0zMMlb8V9yAX0VwG5w8"
"s3://hcp-openaccess/HCP_1200/506234/MNINonLinear/Results/rfMRI_REST1_LR/rfMRI_REST1_LR_hp2000.ica/filtered_func_data.ica/report/IC_68_MMfit.png","506234","MNINonLinear//Results/rfMRI_REST1_LR/rfMRI_REST1_LR_hp2000.ica/filtered_func_data.ica/report/IC_68_MMfit.png","a9mFKfJyQyCwS.3sQ9Fx5Mi1LYcyvUAR"
"s3://hcp-openaccess/HCP_1200/506234/MNINonLinear/Results/rfMRI_REST1_LR/rfMRI_REST1_LR_hp2000.ica/filtered_func_data.ica/report/IC_68_prob.png","506234","MNINonLinear//Results/rfMRI_REST1_LR/rfMRI_REST1_LR_hp2000.ica/filtered_func_data.ica/report/IC_68_prob.png","e1FroZwjLZlx3ZuC6HNkmovFmj2rkwbL"
"s3://hcp-openaccess/HCP_1200/506234/MNINonLinear/Results/rfMRI_REST1_LR/rfMRI_REST1_LR_hp2000.ica/filtered_func_data.ica/report/IC_68_thresh.png","506234","MNINonLinear//Results/rfMRI_REST1_LR/rfMRI_REST1_LR_hp2000.ica/filtered_func_data.ica/report/IC_68_thresh.png","iiVoNJ.mTjDB4co9GPbFPZkvNmdjLpkW"
"s3://hcp-openaccess/HCP_1200/506234/MNINonLinear/Results/rfMRI_REST1_LR/rfMRI_REST1_LR_hp2000.ica/filtered_func_data.ica/report/IC_69.html","506234","MNINonLinear//Results/rfMRI_REST1_LR/rfMRI_REST1_LR_hp2000.ica/filtered_func_data.ica/report/IC_69.html","M.yVkdGKA4moQGhV0dTYxa69grPmAD.I"
"s3://hcp-openaccess/HCP_1200/506234/MNINonLinear/Results/rfMRI_REST1_LR/rfMRI_REST1_LR_hp2000.ica/filtered_func_data.ica/report/IC_69.png","506234","MNINonLinear//Results/rfMRI_REST1_LR/rfMRI_REST1_LR_hp2000.ica/filtered_func_data.ica/report/IC_69.png","mQ7.ZJUonARFzejSkaqjBGLal_OeEQpV"
"s3://hcp-openaccess/HCP_1200/506234/MNINonLinear/Results/rfMRI_REST1_LR/rfMRI_REST1_LR_hp2000.ica/filtered_func_data.ica/report/IC_69_MM.html","506234","MNINonLinear//Results/rfMRI_REST1_LR/rfMRI_REST1_LR_hp2000.ica/filtered_func_data.ica/report/IC_69_MM.html",".6S13B3zAW5ZbQAmTyi6nOXHZIlt5EHq"
"s3://hcp-openaccess/HCP_1200/506234/MNINonLinear/Results/rfMRI_REST1_LR/rfMRI_REST1_LR_hp2000.ica/filtered_func_data.ica/report/IC_69_MMfit.png","506234","MNINonLinear//Results/rfMRI_REST1_LR/rfMRI_REST1_LR_hp2000.ica/filtered_func_data.ica/report/IC_69_MMfit.png","c2d0uQIXf7o3mrawZRv8hoNxJF9vwo_J"
"s3://hcp-openaccess/HCP_1200/506234/MNINonLinear/Results/rfMRI_REST1_LR/rfMRI_REST1_LR_hp2000.ica/filtered_func_data.ica/report/IC_69_prob.png","506234","MNINonLinear//Results/rfMRI_REST1_LR/rfMRI_REST1_LR_hp2000.ica/filtered_func_data.ica/report/IC_69_prob.png","ys8N6yPbaOFTCmDavU.pyj9mVs1nz3ZF"
"s3://hcp-openaccess/HCP_1200/506234/MNINonLinear/Results/rfMRI_REST1_LR/rfMRI_REST1_LR_hp2000.ica/filtered_func_data.ica/report/IC_69_thresh.png","506234","MNINonLinear//Results/rfMRI_REST1_LR/rfMRI_REST1_LR_hp2000.ica/filtered_func_data.ica/report/IC_69_thresh.png","xCP9pxeq7kVZskKgBgfsyfRBh5gyguNs"
"s3://hcp-openaccess/HCP_1200/506234/MNINonLinear/Results/rfMRI_REST1_LR/rfMRI_REST1_LR_hp2000.ica/filtered_func_data.ica/report/IC_6_MM.html","506234","MNINonLinear//Results/rfMRI_REST1_LR/rfMRI_REST1_LR_hp2000.ica/filtered_func_data.ica/report/IC_6_MM.html","GHXDmRvMdYCEAUqjHt_q_m6bFuia5Cn6"
"s3://hcp-openaccess/HCP_1200/506234/MNINonLinear/Results/rfMRI_REST1_LR/rfMRI_REST1_LR_hp2000.ica/filtered_func_data.ica/report/IC_6_MMfit.png","506234","MNINonLinear//Results/rfMRI_REST1_LR/rfMRI_REST1_LR_hp2000.ica/filtered_func_data.ica/report/IC_6_MMfit.png","Gmk0Xfc6HVixA_Sd9fqJkxbtJd461IRz"
"s3://hcp-openaccess/HCP_1200/506234/MNINonLinear/Results/rfMRI_REST1_LR/rfMRI_REST1_LR_hp2000.ica/filtered_func_data.ica/report/IC_6_prob.png","506234","MNINonLinear//Results/rfMRI_REST1_LR/rfMRI_REST1_LR_hp2000.ica/filtered_func_data.ica/report/IC_6_prob.png","y1gMa7edhYPicVSGcSM_cJrlwBa7yDnr"
"s3://hcp-openaccess/HCP_1200/506234/MNINonLinear/Results/rfMRI_REST1_LR/rfMRI_REST1_LR_hp2000.ica/filtered_func_data.ica/report/IC_6_thresh.png","506234","MNINonLinear//Results/rfMRI_REST1_LR/rfMRI_REST1_LR_hp2000.ica/filtered_func_data.ica/report/IC_6_thresh.png","5z2qX3zEkPy4374cZmvhcfR4_eH_08jj"
"s3://hcp-openaccess/HCP_1200/506234/MNINonLinear/Results/rfMRI_REST1_LR/rfMRI_REST1_LR_hp2000.ica/filtered_func_data.ica/report/IC_7.html","506234","MNINonLinear//Results/rfMRI_REST1_LR/rfMRI_REST1_LR_hp2000.ica/filtered_func_data.ica/report/IC_7.html","8fC9shWC0PaOGUZ.jBSVjPmExB168Rx."
"s3://hcp-openaccess/HCP_1200/506234/MNINonLinear/Results/rfMRI_REST1_LR/rfMRI_REST1_LR_hp2000.ica/filtered_func_data.ica/report/IC_7.png","506234","MNINonLinear//Results/rfMRI_REST1_LR/rfMRI_REST1_LR_hp2000.ica/filtered_func_data.ica/report/IC_7.png","5RcfojjC0Y49zqeMe484fQdxzBbZ1ona"
"s3://hcp-openaccess/HCP_1200/506234/MNINonLinear/Results/rfMRI_REST1_LR/rfMRI_REST1_LR_hp2000.ica/filtered_func_data.ica/report/IC_70.html","506234","MNINonLinear//Results/rfMRI_REST1_LR/rfMRI_REST1_LR_hp2000.ica/filtered_func_data.ica/report/IC_70.html","IvO8yLn3igeEhwvdy4QgxmznmniCKYxn"
"s3://hcp-openaccess/HCP_1200/506234/MNINonLinear/Results/rfMRI_REST1_LR/rfMRI_REST1_LR_hp2000.ica/filtered_func_data.ica/report/IC_70.png","506234","MNINonLinear//Results/rfMRI_REST1_LR/rfMRI_REST1_LR_hp2000.ica/filtered_func_data.ica/report/IC_70.png","y12hqsKxRGbD10QS.fbEKg_GEGPqHN3P"
"s3://hcp-openaccess/HCP_1200/506234/MNINonLinear/Results/rfMRI_REST1_LR/rfMRI_REST1_LR_hp2000.ica/filtered_func_data.ica/report/IC_70_MM.html","506234","MNINonLinear//Results/rfMRI_REST1_LR/rfMRI_REST1_LR_hp2000.ica/filtered_func_data.ica/report/IC_70_MM.html","kVIMq4hbnjfRHZLSjv.QlOkieBVsvo7y"
"s3://hcp-openaccess/HCP_1200/506234/MNINonLinear/Results/rfMRI_REST1_LR/rfMRI_REST1_LR_hp2000.ica/filtered_func_data.ica/report/IC_70_MMfit.png","506234","MNINonLinear//Results/rfMRI_REST1_LR/rfMRI_REST1_LR_hp2000.ica/filtered_func_data.ica/report/IC_70_MMfit.png","v5iXHoRap9.G55.nYNR_y85ILPvazerU"
"s3://hcp-openaccess/HCP_1200/506234/MNINonLinear/Results/rfMRI_REST1_LR/rfMRI_REST1_LR_hp2000.ica/filtered_func_data.ica/report/IC_70_prob.png","506234","MNINonLinear//Results/rfMRI_REST1_LR/rfMRI_REST1_LR_hp2000.ica/filtered_func_data.ica/report/IC_70_prob.png","oXgkyxIEsjBRxGOCaZmIqSbFkCQGOY2Q"
"s3://hcp-openaccess/HCP_1200/506234/MNINonLinear/Results/rfMRI_REST1_LR/rfMRI_REST1_LR_hp2000.ica/filtered_func_data.ica/report/IC_70_thresh.png","506234","MNINonLinear//Results/rfMRI_REST1_LR/rfMRI_REST1_LR_hp2000.ica/filtered_func_data.ica/report/IC_70_thresh.png","u3mAJQgnRIwuDAvC_maEaEPo1AA4uyjG"
"s3://hcp-openaccess/HCP_1200/506234/MNINonLinear/Results/rfMRI_REST1_LR/rfMRI_REST1_LR_hp2000.ica/filtered_func_data.ica/report/IC_71.html","506234","MNINonLinear//Results/rfMRI_REST1_LR/rfMRI_REST1_LR_hp2000.ica/filtered_func_data.ica/report/IC_71.html","9U5CtAjqqHBJmuwUduA9AGfTiBwGlsCj"
"s3://hcp-openaccess/HCP_1200/506234/MNINonLinear/Results/rfMRI_REST1_LR/rfMRI_REST1_LR_hp2000.ica/filtered_func_data.ica/report/IC_71.png","506234","MNINonLinear//Results/rfMRI_REST1_LR/rfMRI_REST1_LR_hp2000.ica/filtered_func_data.ica/report/IC_71.png","8Q1vYuD5HTfcpxhqK2F30ENH.QujTEAI"
"s3://hcp-openaccess/HCP_1200/506234/MNINonLinear/Results/rfMRI_REST1_LR/rfMRI_REST1_LR_hp2000.ica/filtered_func_data.ica/report/IC_71_MM.html","506234","MNINonLinear//Results/rfMRI_REST1_LR/rfMRI_REST1_LR_hp2000.ica/filtered_func_data.ica/report/IC_71_MM.html","Nc87SL2KSFkUR09YFCfwkXrAQZmmoEVj"
"s3://hcp-openaccess/HCP_1200/506234/MNINonLinear/Results/rfMRI_REST1_LR/rfMRI_REST1_LR_hp2000.ica/filtered_func_data.ica/report/IC_71_MMfit.png","506234","MNINonLinear//Results/rfMRI_REST1_LR/rfMRI_REST1_LR_hp2000.ica/filtered_func_data.ica/report/IC_71_MMfit.png","h9yiDAIOx2U5IV55SadTVI1PCZBMsQya"
"s3://hcp-openaccess/HCP_1200/506234/MNINonLinear/Results/rfMRI_REST1_LR/rfMRI_REST1_LR_hp2000.ica/filtered_func_data.ica/report/IC_71_prob.png","506234","MNINonLinear//Results/rfMRI_REST1_LR/rfMRI_REST1_LR_hp2000.ica/filtered_func_data.ica/report/IC_71_prob.png","B3E1xZ35qL5zhF3dETVgvA8Fq2NfhGDO"
"s3://hcp-openaccess/HCP_1200/506234/MNINonLinear/Results/rfMRI_REST1_LR/rfMRI_REST1_LR_hp2000.ica/filtered_func_data.ica/report/IC_71_thresh.png","506234","MNINonLinear//Results/rfMRI_REST1_LR/rfMRI_REST1_LR_hp2000.ica/filtered_func_data.ica/report/IC_71_thresh.png",".5KGRliHAjYA8sHfxsmJWMLXjCke.yEC"
"s3://hcp-openaccess/HCP_1200/506234/MNINonLinear/Results/rfMRI_REST1_LR/rfMRI_REST1_LR_hp2000.ica/filtered_func_data.ica/report/IC_72.html","506234","MNINonLinear//Results/rfMRI_REST1_LR/rfMRI_REST1_LR_hp2000.ica/filtered_func_data.ica/report/IC_72.html","IJFbXrx9odu1vXSN3jNIkArtSQJ0.qOy"
"s3://hcp-openaccess/HCP_1200/506234/MNINonLinear/Results/rfMRI_REST1_LR/rfMRI_REST1_LR_hp2000.ica/filtered_func_data.ica/report/IC_72.png","506234","MNINonLinear//Results/rfMRI_REST1_LR/rfMRI_REST1_LR_hp2000.ica/filtered_func_data.ica/report/IC_72.png","6CunUTXjQlIc999HLeNljuQZNXIcpdxb"
"s3://hcp-openaccess/HCP_1200/506234/MNINonLinear/Results/rfMRI_REST1_LR/rfMRI_REST1_LR_hp2000.ica/filtered_func_data.ica/report/IC_72_MM.html","506234","MNINonLinear//Results/rfMRI_REST1_LR/rfMRI_REST1_LR_hp2000.ica/filtered_func_data.ica/report/IC_72_MM.html","I5RaLw48akGqnJhDfZ0O01TN_w6HhaW0"
"s3://hcp-openaccess/HCP_1200/506234/MNINonLinear/Results/rfMRI_REST1_LR/rfMRI_REST1_LR_hp2000.ica/filtered_func_data.ica/report/IC_72_MMfit.png","506234","MNINonLinear//Results/rfMRI_REST1_LR/rfMRI_REST1_LR_hp2000.ica/filtered_func_data.ica/report/IC_72_MMfit.png","Epc69PRrIR8G8M7plqXg5vMq.9xwScmL"
"s3://hcp-openaccess/HCP_1200/506234/MNINonLinear/Results/rfMRI_REST1_LR/rfMRI_REST1_LR_hp2000.ica/filtered_func_data.ica/report/IC_72_prob.png","506234","MNINonLinear//Results/rfMRI_REST1_LR/rfMRI_REST1_LR_hp2000.ica/filtered_func_data.ica/report/IC_72_prob.png","Lo50ZFCDfJ.LF66egex604HRb1ojkvc8"
"s3://hcp-openaccess/HCP_1200/506234/MNINonLinear/Results/rfMRI_REST1_LR/rfMRI_REST1_LR_hp2000.ica/filtered_func_data.ica/report/IC_72_thresh.png","506234","MNINonLinear//Results/rfMRI_REST1_LR/rfMRI_REST1_LR_hp2000.ica/filtered_func_data.ica/report/IC_72_thresh.png","fpI3f.gktd.Acsjf.Ud6ONPUBCWxilCi"
"s3://hcp-openaccess/HCP_1200/506234/MNINonLinear/Results/rfMRI_REST1_LR/rfMRI_REST1_LR_hp2000.ica/filtered_func_data.ica/report/IC_73.html","506234","MNINonLinear//Results/rfMRI_REST1_LR/rfMRI_REST1_LR_hp2000.ica/filtered_func_data.ica/report/IC_73.html","8U5eqH50v9vmIb1qAKRKbQPV.lf79VQr"
"s3://hcp-openaccess/HCP_1200/506234/MNINonLinear/Results/rfMRI_REST1_LR/rfMRI_REST1_LR_hp2000.ica/filtered_func_data.ica/report/IC_73.png","506234","MNINonLinear//Results/rfMRI_REST1_LR/rfMRI_REST1_LR_hp2000.ica/filtered_func_data.ica/report/IC_73.png","YW5elh59vZtvpe.qcln0RX353xL_a913"
"s3://hcp-openaccess/HCP_1200/506234/MNINonLinear/Results/rfMRI_REST1_LR/rfMRI_REST1_LR_hp2000.ica/filtered_func_data.ica/report/IC_73_MM.html","506234","MNINonLinear//Results/rfMRI_REST1_LR/rfMRI_REST1_LR_hp2000.ica/filtered_func_data.ica/report/IC_73_MM.html","xr579Soy.BINj362m9q2pOVABPgDVgJK"
"s3://hcp-openaccess/HCP_1200/506234/MNINonLinear/Results/rfMRI_REST1_LR/rfMRI_REST1_LR_hp2000.ica/filtered_func_data.ica/report/IC_73_MMfit.png","506234","MNINonLinear//Results/rfMRI_REST1_LR/rfMRI_REST1_LR_hp2000.ica/filtered_func_data.ica/report/IC_73_MMfit.png","AheJAYC.bjY_K6eIKlOAi.0SuNsn9aWK"
"s3://hcp-openaccess/HCP_1200/506234/MNINonLinear/Results/rfMRI_REST1_LR/rfMRI_REST1_LR_hp2000.ica/filtered_func_data.ica/report/IC_73_prob.png","506234","MNINonLinear//Results/rfMRI_REST1_LR/rfMRI_REST1_LR_hp2000.ica/filtered_func_data.ica/report/IC_73_prob.png","OeZ7oXYIgQkeX.tglE0ULY6lnYFeEx9Q"
"s3://hcp-openaccess/HCP_1200/506234/MNINonLinear/Results/rfMRI_REST1_LR/rfMRI_REST1_LR_hp2000.ica/filtered_func_data.ica/report/IC_73_thresh.png","506234","MNINonLinear//Results/rfMRI_REST1_LR/rfMRI_REST1_LR_hp2000.ica/filtered_func_data.ica/report/IC_73_thresh.png","F9lPIu0lWklq_wxmchxFawsWReznxCgn"
"s3://hcp-openaccess/HCP_1200/506234/MNINonLinear/Results/rfMRI_REST1_LR/rfMRI_REST1_LR_hp2000.ica/filtered_func_data.ica/report/IC_74.html","506234","MNINonLinear//Results/rfMRI_REST1_LR/rfMRI_REST1_LR_hp2000.ica/filtered_func_data.ica/report/IC_74.html","YgdFNwDgckM02i7S94.PGrCNhu7uz.EF"
"s3://hcp-openaccess/HCP_1200/506234/MNINonLinear/Results/rfMRI_REST1_LR/rfMRI_REST1_LR_hp2000.ica/filtered_func_data.ica/report/IC_74.png","506234","MNINonLinear//Results/rfMRI_REST1_LR/rfMRI_REST1_LR_hp2000.ica/filtered_func_data.ica/report/IC_74.png","iYd8CWYR005MOLMefWmlvsTWZWbYlMQb"
"s3://hcp-openaccess/HCP_1200/506234/MNINonLinear/Results/rfMRI_REST1_LR/rfMRI_REST1_LR_hp2000.ica/filtered_func_data.ica/report/IC_74_MM.html","506234","MNINonLinear//Results/rfMRI_REST1_LR/rfMRI_REST1_LR_hp2000.ica/filtered_func_data.ica/report/IC_74_MM.html","yHyua1TgS2AuUzpZCKtoCexkjOS_tFib"
"s3://hcp-openaccess/HCP_1200/506234/MNINonLinear/Results/rfMRI_REST1_LR/rfMRI_REST1_LR_hp2000.ica/filtered_func_data.ica/report/IC_74_MMfit.png","506234","MNINonLinear//Results/rfMRI_REST1_LR/rfMRI_REST1_LR_hp2000.ica/filtered_func_data.ica/report/IC_74_MMfit.png","L3pp2Pb..BIjrI9aERkYjnKCLYwzOdVp"
"s3://hcp-openaccess/HCP_1200/506234/MNINonLinear/Results/rfMRI_REST1_LR/rfMRI_REST1_LR_hp2000.ica/filtered_func_data.ica/report/IC_74_prob.png","506234","MNINonLinear//Results/rfMRI_REST1_LR/rfMRI_REST1_LR_hp2000.ica/filtered_func_data.ica/report/IC_74_prob.png","qFiVNMgqz.rEBaoxf1m_EucYKbQ3.6Ug"
"s3://hcp-openaccess/HCP_1200/506234/MNINonLinear/Results/rfMRI_REST1_LR/rfMRI_REST1_LR_hp2000.ica/filtered_func_data.ica/report/IC_74_thresh.png","506234","MNINonLinear//Results/rfMRI_REST1_LR/rfMRI_REST1_LR_hp2000.ica/filtered_func_data.ica/report/IC_74_thresh.png","l5LzID_146CbwKk9b4z3n9hpXdGXeqO1"
"s3://hcp-openaccess/HCP_1200/506234/MNINonLinear/Results/rfMRI_REST1_LR/rfMRI_REST1_LR_hp2000.ica/filtered_func_data.ica/report/IC_75.html","506234","MNINonLinear//Results/rfMRI_REST1_LR/rfMRI_REST1_LR_hp2000.ica/filtered_func_data.ica/report/IC_75.html","vhNAz2jOaYOYUrhXfiEQCSyTPnJZWloM"
"s3://hcp-openaccess/HCP_1200/506234/MNINonLinear/Results/rfMRI_REST1_LR/rfMRI_REST1_LR_hp2000.ica/filtered_func_data.ica/report/IC_75.png","506234","MNINonLinear//Results/rfMRI_REST1_LR/rfMRI_REST1_LR_hp2000.ica/filtered_func_data.ica/report/IC_75.png","Au6bbPcXaTZXSrbnCC4rAN6ilKY.c6du"
"s3://hcp-openaccess/HCP_1200/506234/MNINonLinear/Results/rfMRI_REST1_LR/rfMRI_REST1_LR_hp2000.ica/filtered_func_data.ica/report/IC_75_MM.html","506234","MNINonLinear//Results/rfMRI_REST1_LR/rfMRI_REST1_LR_hp2000.ica/filtered_func_data.ica/report/IC_75_MM.html","dyiiBErMW450qhMxxXX7UYFwp5S6iteD"
"s3://hcp-openaccess/HCP_1200/506234/MNINonLinear/Results/rfMRI_REST1_LR/rfMRI_REST1_LR_hp2000.ica/filtered_func_data.ica/report/IC_75_MMfit.png","506234","MNINonLinear//Results/rfMRI_REST1_LR/rfMRI_REST1_LR_hp2000.ica/filtered_func_data.ica/report/IC_75_MMfit.png","DYefHEax.tYHxS2iQWL_o01Oi4iKxGhl"
"s3://hcp-openaccess/HCP_1200/506234/MNINonLinear/Results/rfMRI_REST1_LR/rfMRI_REST1_LR_hp2000.ica/filtered_func_data.ica/report/IC_75_prob.png","506234","MNINonLinear//Results/rfMRI_REST1_LR/rfMRI_REST1_LR_hp2000.ica/filtered_func_data.ica/report/IC_75_prob.png","Gt5N.WJIg7Eq55O32B3QuTeELhXV69R5"
"s3://hcp-openaccess/HCP_1200/506234/MNINonLinear/Results/rfMRI_REST1_LR/rfMRI_REST1_LR_hp2000.ica/filtered_func_data.ica/report/IC_75_thresh.png","506234","MNINonLinear//Results/rfMRI_REST1_LR/rfMRI_REST1_LR_hp2000.ica/filtered_func_data.ica/report/IC_75_thresh.png","Mig4zqnW89xuOGTmb67YJ4iJ.3UG96VB"
"s3://hcp-openaccess/HCP_1200/506234/MNINonLinear/Results/rfMRI_REST1_LR/rfMRI_REST1_LR_hp2000.ica/filtered_func_data.ica/report/IC_76.html","506234","MNINonLinear//Results/rfMRI_REST1_LR/rfMRI_REST1_LR_hp2000.ica/filtered_func_data.ica/report/IC_76.html","VxNHOolMV0sbt07UbUBFeK3IBw1UlCMA"
"s3://hcp-openaccess/HCP_1200/506234/MNINonLinear/Results/rfMRI_REST1_LR/rfMRI_REST1_LR_hp2000.ica/filtered_func_data.ica/report/IC_76.png","506234","MNINonLinear//Results/rfMRI_REST1_LR/rfMRI_REST1_LR_hp2000.ica/filtered_func_data.ica/report/IC_76.png","N155o1sklb0Ey.UJcF39zlpy0Ul20.9H"
"s3://hcp-openaccess/HCP_1200/506234/MNINonLinear/Results/rfMRI_REST1_LR/rfMRI_REST1_LR_hp2000.ica/filtered_func_data.ica/report/IC_76_MM.html","506234","MNINonLinear//Results/rfMRI_REST1_LR/rfMRI_REST1_LR_hp2000.ica/filtered_func_data.ica/report/IC_76_MM.html","Z5gGlQ2SxqLSR_mn2SzbV9NeoAVWsA2A"
"s3://hcp-openaccess/HCP_1200/506234/MNINonLinear/Results/rfMRI_REST1_LR/rfMRI_REST1_LR_hp2000.ica/filtered_func_data.ica/report/IC_76_MMfit.png","506234","MNINonLinear//Results/rfMRI_REST1_LR/rfMRI_REST1_LR_hp2000.ica/filtered_func_data.ica/report/IC_76_MMfit.png","g3hAh.GVQccnOqn1wOIT3ljfsnn2qWLt"
"s3://hcp-openaccess/HCP_1200/506234/MNINonLinear/Results/rfMRI_REST1_LR/rfMRI_REST1_LR_hp2000.ica/filtered_func_data.ica/report/IC_76_prob.png","506234","MNINonLinear//Results/rfMRI_REST1_LR/rfMRI_REST1_LR_hp2000.ica/filtered_func_data.ica/report/IC_76_prob.png","AinjTh5EyCuSN6uTveJOzSS.zWZfDcQq"
"s3://hcp-openaccess/HCP_1200/506234/MNINonLinear/Results/rfMRI_REST1_LR/rfMRI_REST1_LR_hp2000.ica/filtered_func_data.ica/report/IC_76_thresh.png","506234","MNINonLinear//Results/rfMRI_REST1_LR/rfMRI_REST1_LR_hp2000.ica/filtered_func_data.ica/report/IC_76_thresh.png","eGAHd_cazcbugd9bZ7ntfjf9ahUZOl1h"
"s3://hcp-openaccess/HCP_1200/506234/MNINonLinear/Results/rfMRI_REST1_LR/rfMRI_REST1_LR_hp2000.ica/filtered_func_data.ica/report/IC_77.html","506234","MNINonLinear//Results/rfMRI_REST1_LR/rfMRI_REST1_LR_hp2000.ica/filtered_func_data.ica/report/IC_77.html","G2al9.B0vAmFa7WNm8Ke2Kkt0JRdpr4_"
"s3://hcp-openaccess/HCP_1200/506234/MNINonLinear/Results/rfMRI_REST1_LR/rfMRI_REST1_LR_hp2000.ica/filtered_func_data.ica/report/IC_77.png","506234","MNINonLinear//Results/rfMRI_REST1_LR/rfMRI_REST1_LR_hp2000.ica/filtered_func_data.ica/report/IC_77.png","18pbwjB5bse01OLx68OWTjYjXnSdUPWT"
"s3://hcp-openaccess/HCP_1200/506234/MNINonLinear/Results/rfMRI_REST1_LR/rfMRI_REST1_LR_hp2000.ica/filtered_func_data.ica/report/IC_77_MM.html","506234","MNINonLinear//Results/rfMRI_REST1_LR/rfMRI_REST1_LR_hp2000.ica/filtered_func_data.ica/report/IC_77_MM.html","K.OZdAn2gHeynxnDtZ4ZzlPA6CHAh3Y7"
"s3://hcp-openaccess/HCP_1200/506234/MNINonLinear/Results/rfMRI_REST1_LR/rfMRI_REST1_LR_hp2000.ica/filtered_func_data.ica/report/IC_77_MMfit.png","506234","MNINonLinear//Results/rfMRI_REST1_LR/rfMRI_REST1_LR_hp2000.ica/filtered_func_data.ica/report/IC_77_MMfit.png","Mpy3pcy6.YKCrOPoPxovvxlFNgOFYaco"
"s3://hcp-openaccess/HCP_1200/506234/MNINonLinear/Results/rfMRI_REST1_LR/rfMRI_REST1_LR_hp2000.ica/filtered_func_data.ica/report/IC_77_prob.png","506234","MNINonLinear//Results/rfMRI_REST1_LR/rfMRI_REST1_LR_hp2000.ica/filtered_func_data.ica/report/IC_77_prob.png","vHjSdR5MkYYB4YMczQuef7gfGME.SnYn"
"s3://hcp-openaccess/HCP_1200/506234/MNINonLinear/Results/rfMRI_REST1_LR/rfMRI_REST1_LR_hp2000.ica/filtered_func_data.ica/report/IC_77_thresh.png","506234","MNINonLinear//Results/rfMRI_REST1_LR/rfMRI_REST1_LR_hp2000.ica/filtered_func_data.ica/report/IC_77_thresh.png","Az4M63PFaNUpyMCCruAC299piK18mwuw"
"s3://hcp-openaccess/HCP_1200/506234/MNINonLinear/Results/rfMRI_REST1_LR/rfMRI_REST1_LR_hp2000.ica/filtered_func_data.ica/report/IC_78.html","506234","MNINonLinear//Results/rfMRI_REST1_LR/rfMRI_REST1_LR_hp2000.ica/filtered_func_data.ica/report/IC_78.html","IZAzza82OdZiWp9AGqcAMBZYBCdTkPYw"
"s3://hcp-openaccess/HCP_1200/506234/MNINonLinear/Results/rfMRI_REST1_LR/rfMRI_REST1_LR_hp2000.ica/filtered_func_data.ica/report/IC_78.png","506234","MNINonLinear//Results/rfMRI_REST1_LR/rfMRI_REST1_LR_hp2000.ica/filtered_func_data.ica/report/IC_78.png",".J4zwzkwA4wBhOOY7mQJtEg_g_k7blow"
"s3://hcp-openaccess/HCP_1200/506234/MNINonLinear/Results/rfMRI_REST1_LR/rfMRI_REST1_LR_hp2000.ica/filtered_func_data.ica/report/IC_78_MM.html","506234","MNINonLinear//Results/rfMRI_REST1_LR/rfMRI_REST1_LR_hp2000.ica/filtered_func_data.ica/report/IC_78_MM.html","Sl3bmPIF18ol5C7mPAFGAL.j2hlNahvH"
"s3://hcp-openaccess/HCP_1200/506234/MNINonLinear/Results/rfMRI_REST1_LR/rfMRI_REST1_LR_hp2000.ica/filtered_func_data.ica/report/IC_78_MMfit.png","506234","MNINonLinear//Results/rfMRI_REST1_LR/rfMRI_REST1_LR_hp2000.ica/filtered_func_data.ica/report/IC_78_MMfit.png","ZfiP5x7Hn07FdgVnYKFqJZO8h0BBIzrg"
"s3://hcp-openaccess/HCP_1200/506234/MNINonLinear/Results/rfMRI_REST1_LR/rfMRI_REST1_LR_hp2000.ica/filtered_func_data.ica/report/IC_78_prob.png","506234","MNINonLinear//Results/rfMRI_REST1_LR/rfMRI_REST1_LR_hp2000.ica/filtered_func_data.ica/report/IC_78_prob.png","M9rg.M_oa9t2Vm46tgLVkyB6SEPmwyPY"
"s3://hcp-openaccess/HCP_1200/506234/MNINonLinear/Results/rfMRI_REST1_LR/rfMRI_REST1_LR_hp2000.ica/filtered_func_data.ica/report/IC_78_thresh.png","506234","MNINonLinear//Results/rfMRI_REST1_LR/rfMRI_REST1_LR_hp2000.ica/filtered_func_data.ica/report/IC_78_thresh.png","PGphmpw3X9mrjv0fJvi2zCN5KG8IIqq5"
"s3://hcp-openaccess/HCP_1200/506234/MNINonLinear/Results/rfMRI_REST1_LR/rfMRI_REST1_LR_hp2000.ica/filtered_func_data.ica/report/IC_79.html","506234","MNINonLinear//Results/rfMRI_REST1_LR/rfMRI_REST1_LR_hp2000.ica/filtered_func_data.ica/report/IC_79.html","8nmGVbMGK5gi0qZKZcvH5VLZrp035RXb"
"s3://hcp-openaccess/HCP_1200/506234/MNINonLinear/Results/rfMRI_REST1_LR/rfMRI_REST1_LR_hp2000.ica/filtered_func_data.ica/report/IC_79.png","506234","MNINonLinear//Results/rfMRI_REST1_LR/rfMRI_REST1_LR_hp2000.ica/filtered_func_data.ica/report/IC_79.png","eAJUdvGCp7eI9xrPq6XjbA27UrebG1QE"
"s3://hcp-openaccess/HCP_1200/506234/MNINonLinear/Results/rfMRI_REST1_LR/rfMRI_REST1_LR_hp2000.ica/filtered_func_data.ica/report/IC_79_MM.html","506234","MNINonLinear//Results/rfMRI_REST1_LR/rfMRI_REST1_LR_hp2000.ica/filtered_func_data.ica/report/IC_79_MM.html","S7GEYRvf3JAA45PjAacuG6OwGmX9VQAH"
"s3://hcp-openaccess/HCP_1200/506234/MNINonLinear/Results/rfMRI_REST1_LR/rfMRI_REST1_LR_hp2000.ica/filtered_func_data.ica/report/IC_79_MMfit.png","506234","MNINonLinear//Results/rfMRI_REST1_LR/rfMRI_REST1_LR_hp2000.ica/filtered_func_data.ica/report/IC_79_MMfit.png","IZ3QuLvGoq.ett7x4uUDRIznw3u1zo3p"
"s3://hcp-openaccess/HCP_1200/506234/MNINonLinear/Results/rfMRI_REST1_LR/rfMRI_REST1_LR_hp2000.ica/filtered_func_data.ica/report/IC_79_prob.png","506234","MNINonLinear//Results/rfMRI_REST1_LR/rfMRI_REST1_LR_hp2000.ica/filtered_func_data.ica/report/IC_79_prob.png","Eg1gbUn_DL5XcQY4sTRS6DUlY0pe.g3U"
"s3://hcp-openaccess/HCP_1200/506234/MNINonLinear/Results/rfMRI_REST1_LR/rfMRI_REST1_LR_hp2000.ica/filtered_func_data.ica/report/IC_79_thresh.png","506234","MNINonLinear//Results/rfMRI_REST1_LR/rfMRI_REST1_LR_hp2000.ica/filtered_func_data.ica/report/IC_79_thresh.png","p8_hW6iESElvlXjvz3X0eKmIVrCbZZ0x"
"s3://hcp-openaccess/HCP_1200/506234/MNINonLinear/Results/rfMRI_REST1_LR/rfMRI_REST1_LR_hp2000.ica/filtered_func_data.ica/report/IC_7_MM.html","506234","MNINonLinear//Results/rfMRI_REST1_LR/rfMRI_REST1_LR_hp2000.ica/filtered_func_data.ica/report/IC_7_MM.html","iuPONSsBm4RIHxbS5LU8I3Pis1fxMdV."
"s3://hcp-openaccess/HCP_1200/506234/MNINonLinear/Results/rfMRI_REST1_LR/rfMRI_REST1_LR_hp2000.ica/filtered_func_data.ica/report/IC_7_MMfit.png","506234","MNINonLinear//Results/rfMRI_REST1_LR/rfMRI_REST1_LR_hp2000.ica/filtered_func_data.ica/report/IC_7_MMfit.png","l_hPRF2RAxpu2iB7tWmWz2S2SIhxX9aQ"
"s3://hcp-openaccess/HCP_1200/506234/MNINonLinear/Results/rfMRI_REST1_LR/rfMRI_REST1_LR_hp2000.ica/filtered_func_data.ica/report/IC_7_prob.png","506234","MNINonLinear//Results/rfMRI_REST1_LR/rfMRI_REST1_LR_hp2000.ica/filtered_func_data.ica/report/IC_7_prob.png","1JaYvcPqEj63jhYeGmwNi81kRWGLGAav"
"s3://hcp-openaccess/HCP_1200/506234/MNINonLinear/Results/rfMRI_REST1_LR/rfMRI_REST1_LR_hp2000.ica/filtered_func_data.ica/report/IC_7_thresh.png","506234","MNINonLinear//Results/rfMRI_REST1_LR/rfMRI_REST1_LR_hp2000.ica/filtered_func_data.ica/report/IC_7_thresh.png","LqNRZ1mnvU05kbbXhMXWwJp_wedMvkm1"
"s3://hcp-openaccess/HCP_1200/506234/MNINonLinear/Results/rfMRI_REST1_LR/rfMRI_REST1_LR_hp2000.ica/filtered_func_data.ica/report/IC_8.html","506234","MNINonLinear//Results/rfMRI_REST1_LR/rfMRI_REST1_LR_hp2000.ica/filtered_func_data.ica/report/IC_8.html","TEODS8yRBxkpvu6v9xIZa96GBXXJufZ."
"s3://hcp-openaccess/HCP_1200/506234/MNINonLinear/Results/rfMRI_REST1_LR/rfMRI_REST1_LR_hp2000.ica/filtered_func_data.ica/report/IC_8.png","506234","MNINonLinear//Results/rfMRI_REST1_LR/rfMRI_REST1_LR_hp2000.ica/filtered_func_data.ica/report/IC_8.png","mQ1qyyMuo2.Lu5L2gMU9sXjhGPHxfD6L"
"s3://hcp-openaccess/HCP_1200/506234/MNINonLinear/Results/rfMRI_REST1_LR/rfMRI_REST1_LR_hp2000.ica/filtered_func_data.ica/report/IC_80.html","506234","MNINonLinear//Results/rfMRI_REST1_LR/rfMRI_REST1_LR_hp2000.ica/filtered_func_data.ica/report/IC_80.html","xGkkYXn0d47VLM4SgkryyLJKZ7E_DR_B"
"s3://hcp-openaccess/HCP_1200/506234/MNINonLinear/Results/rfMRI_REST1_LR/rfMRI_REST1_LR_hp2000.ica/filtered_func_data.ica/report/IC_80.png","506234","MNINonLinear//Results/rfMRI_REST1_LR/rfMRI_REST1_LR_hp2000.ica/filtered_func_data.ica/report/IC_80.png","alR4XBhv985Z0XT64WW0viCm8XlMAddt"
"s3://hcp-openaccess/HCP_1200/506234/MNINonLinear/Results/rfMRI_REST1_LR/rfMRI_REST1_LR_hp2000.ica/filtered_func_data.ica/report/IC_80_MM.html","506234","MNINonLinear//Results/rfMRI_REST1_LR/rfMRI_REST1_LR_hp2000.ica/filtered_func_data.ica/report/IC_80_MM.html","Yh55rvttfT8IFQiBdPHap6BrTi2O1RIu"
"s3://hcp-openaccess/HCP_1200/506234/MNINonLinear/Results/rfMRI_REST1_LR/rfMRI_REST1_LR_hp2000.ica/filtered_func_data.ica/report/IC_80_MMfit.png","506234","MNINonLinear//Results/rfMRI_REST1_LR/rfMRI_REST1_LR_hp2000.ica/filtered_func_data.ica/report/IC_80_MMfit.png","RsNfQ8oV.WP1G4MkBLAabsIzuiayn1D4"
"s3://hcp-openaccess/HCP_1200/506234/MNINonLinear/Results/rfMRI_REST1_LR/rfMRI_REST1_LR_hp2000.ica/filtered_func_data.ica/report/IC_80_prob.png","506234","MNINonLinear//Results/rfMRI_REST1_LR/rfMRI_REST1_LR_hp2000.ica/filtered_func_data.ica/report/IC_80_prob.png","CXPyoEq8Cj7Jv9E8uCTpvkESaXjkHaUm"
"s3://hcp-openaccess/HCP_1200/506234/MNINonLinear/Results/rfMRI_REST1_LR/rfMRI_REST1_LR_hp2000.ica/filtered_func_data.ica/report/IC_80_thresh.png","506234","MNINonLinear//Results/rfMRI_REST1_LR/rfMRI_REST1_LR_hp2000.ica/filtered_func_data.ica/report/IC_80_thresh.png","YOWNFzhxs.Y28zY1nbVHVTrb3YbhHm3V"
"s3://hcp-openaccess/HCP_1200/506234/MNINonLinear/Results/rfMRI_REST1_LR/rfMRI_REST1_LR_hp2000.ica/filtered_func_data.ica/report/IC_81.html","506234","MNINonLinear//Results/rfMRI_REST1_LR/rfMRI_REST1_LR_hp2000.ica/filtered_func_data.ica/report/IC_81.html","sf4C6BVH2jZESsM9_MdC2SBCn0cpGB3T"
"s3://hcp-openaccess/HCP_1200/506234/MNINonLinear/Results/rfMRI_REST1_LR/rfMRI_REST1_LR_hp2000.ica/filtered_func_data.ica/report/IC_81.png","506234","MNINonLinear//Results/rfMRI_REST1_LR/rfMRI_REST1_LR_hp2000.ica/filtered_func_data.ica/report/IC_81.png","kSf6UxY_gD6s._iJ2HPvJRNEwGuQ38Fp"
"s3://hcp-openaccess/HCP_1200/506234/MNINonLinear/Results/rfMRI_REST1_LR/rfMRI_REST1_LR_hp2000.ica/filtered_func_data.ica/report/IC_81_MM.html","506234","MNINonLinear//Results/rfMRI_REST1_LR/rfMRI_REST1_LR_hp2000.ica/filtered_func_data.ica/report/IC_81_MM.html","xTfCGOLWWNphUAQ7Gz4Dec7vUlMjIG1h"
"s3://hcp-openaccess/HCP_1200/506234/MNINonLinear/Results/rfMRI_REST1_LR/rfMRI_REST1_LR_hp2000.ica/filtered_func_data.ica/report/IC_81_MMfit.png","506234","MNINonLinear//Results/rfMRI_REST1_LR/rfMRI_REST1_LR_hp2000.ica/filtered_func_data.ica/report/IC_81_MMfit.png","pokU4CQIgJ0F5CdeUaDwPGad3_.f0NmF"
"s3://hcp-openaccess/HCP_1200/506234/MNINonLinear/Results/rfMRI_REST1_LR/rfMRI_REST1_LR_hp2000.ica/filtered_func_data.ica/report/IC_81_prob.png","506234","MNINonLinear//Results/rfMRI_REST1_LR/rfMRI_REST1_LR_hp2000.ica/filtered_func_data.ica/report/IC_81_prob.png","hWGypyfo0AE7CdL8PDK1kVewZMWaZ7Fk"
"s3://hcp-openaccess/HCP_1200/506234/MNINonLinear/Results/rfMRI_REST1_LR/rfMRI_REST1_LR_hp2000.ica/filtered_func_data.ica/report/IC_81_thresh.png","506234","MNINonLinear//Results/rfMRI_REST1_LR/rfMRI_REST1_LR_hp2000.ica/filtered_func_data.ica/report/IC_81_thresh.png","A8kdWSSHmEYk6ReMX7dnaFrvEQGTyAk7"
"s3://hcp-openaccess/HCP_1200/506234/MNINonLinear/Results/rfMRI_REST1_LR/rfMRI_REST1_LR_hp2000.ica/filtered_func_data.ica/report/IC_82.html","506234","MNINonLinear//Results/rfMRI_REST1_LR/rfMRI_REST1_LR_hp2000.ica/filtered_func_data.ica/report/IC_82.html","CuDoRimVR3kxwsF9ylDpkkyx992h.T_D"
"s3://hcp-openaccess/HCP_1200/506234/MNINonLinear/Results/rfMRI_REST1_LR/rfMRI_REST1_LR_hp2000.ica/filtered_func_data.ica/report/IC_82.png","506234","MNINonLinear//Results/rfMRI_REST1_LR/rfMRI_REST1_LR_hp2000.ica/filtered_func_data.ica/report/IC_82.png","QbErJ6NkZ67pJqmMkXkq_YlZVLjE1HNM"
"s3://hcp-openaccess/HCP_1200/506234/MNINonLinear/Results/rfMRI_REST1_LR/rfMRI_REST1_LR_hp2000.ica/filtered_func_data.ica/report/IC_82_MM.html","506234","MNINonLinear//Results/rfMRI_REST1_LR/rfMRI_REST1_LR_hp2000.ica/filtered_func_data.ica/report/IC_82_MM.html","dk02aGby9H60DxV86nqbiFVFWnKPc5Zu"
"s3://hcp-openaccess/HCP_1200/506234/MNINonLinear/Results/rfMRI_REST1_LR/rfMRI_REST1_LR_hp2000.ica/filtered_func_data.ica/report/IC_82_MMfit.png","506234","MNINonLinear//Results/rfMRI_REST1_LR/rfMRI_REST1_LR_hp2000.ica/filtered_func_data.ica/report/IC_82_MMfit.png","vE_ADdXI_vCsvsoIIyW7jAq49e_cFtjK"
"s3://hcp-openaccess/HCP_1200/506234/MNINonLinear/Results/rfMRI_REST1_LR/rfMRI_REST1_LR_hp2000.ica/filtered_func_data.ica/report/IC_82_prob.png","506234","MNINonLinear//Results/rfMRI_REST1_LR/rfMRI_REST1_LR_hp2000.ica/filtered_func_data.ica/report/IC_82_prob.png","9AD6D2ciXBrZtaA63pUPt.YF39TiKYJR"
"s3://hcp-openaccess/HCP_1200/506234/MNINonLinear/Results/rfMRI_REST1_LR/rfMRI_REST1_LR_hp2000.ica/filtered_func_data.ica/report/IC_82_thresh.png","506234","MNINonLinear//Results/rfMRI_REST1_LR/rfMRI_REST1_LR_hp2000.ica/filtered_func_data.ica/report/IC_82_thresh.png","yXDQPMzsZOlaq1cW.dRVuWE2YepKNIWT"
"s3://hcp-openaccess/HCP_1200/506234/MNINonLinear/Results/rfMRI_REST1_LR/rfMRI_REST1_LR_hp2000.ica/filtered_func_data.ica/report/IC_83.html","506234","MNINonLinear//Results/rfMRI_REST1_LR/rfMRI_REST1_LR_hp2000.ica/filtered_func_data.ica/report/IC_83.html","oVVgEI2pqYs3OhDWKsT4c3E453bWsqrb"
"s3://hcp-openaccess/HCP_1200/506234/MNINonLinear/Results/rfMRI_REST1_LR/rfMRI_REST1_LR_hp2000.ica/filtered_func_data.ica/report/IC_83.png","506234","MNINonLinear//Results/rfMRI_REST1_LR/rfMRI_REST1_LR_hp2000.ica/filtered_func_data.ica/report/IC_83.png","jXwL7oLmAK5LxhHX4NJoKVMKj0GkBlAI"
"s3://hcp-openaccess/HCP_1200/506234/MNINonLinear/Results/rfMRI_REST1_LR/rfMRI_REST1_LR_hp2000.ica/filtered_func_data.ica/report/IC_83_MM.html","506234","MNINonLinear//Results/rfMRI_REST1_LR/rfMRI_REST1_LR_hp2000.ica/filtered_func_data.ica/report/IC_83_MM.html","M9_s6Wf3DHn3b.x5DXqRfz265xgYCJtv"
"s3://hcp-openaccess/HCP_1200/506234/MNINonLinear/Results/rfMRI_REST1_LR/rfMRI_REST1_LR_hp2000.ica/filtered_func_data.ica/report/IC_83_MMfit.png","506234","MNINonLinear//Results/rfMRI_REST1_LR/rfMRI_REST1_LR_hp2000.ica/filtered_func_data.ica/report/IC_83_MMfit.png","P9Hp2I5spjt860KCr1652MxFhH3wl_f0"
"s3://hcp-openaccess/HCP_1200/506234/MNINonLinear/Results/rfMRI_REST1_LR/rfMRI_REST1_LR_hp2000.ica/filtered_func_data.ica/report/IC_83_prob.png","506234","MNINonLinear//Results/rfMRI_REST1_LR/rfMRI_REST1_LR_hp2000.ica/filtered_func_data.ica/report/IC_83_prob.png","wdMuL07CeGNsJYHjA7lNuXiwOpkn5kgN"
"s3://hcp-openaccess/HCP_1200/506234/MNINonLinear/Results/rfMRI_REST1_LR/rfMRI_REST1_LR_hp2000.ica/filtered_func_data.ica/report/IC_83_thresh.png","506234","MNINonLinear//Results/rfMRI_REST1_LR/rfMRI_REST1_LR_hp2000.ica/filtered_func_data.ica/report/IC_83_thresh.png","6cKwAuhY7AhiQL_rX0noXzimQc4aPRyb"
"s3://hcp-openaccess/HCP_1200/506234/MNINonLinear/Results/rfMRI_REST1_LR/rfMRI_REST1_LR_hp2000.ica/filtered_func_data.ica/report/IC_84.html","506234","MNINonLinear//Results/rfMRI_REST1_LR/rfMRI_REST1_LR_hp2000.ica/filtered_func_data.ica/report/IC_84.html","FV4iSKlT9J89heX5MjQwJulFwKizsNMj"
"s3://hcp-openaccess/HCP_1200/506234/MNINonLinear/Results/rfMRI_REST1_LR/rfMRI_REST1_LR_hp2000.ica/filtered_func_data.ica/report/IC_84.png","506234","MNINonLinear//Results/rfMRI_REST1_LR/rfMRI_REST1_LR_hp2000.ica/filtered_func_data.ica/report/IC_84.png","2rVfothGvHx9if1t2Fuwyt4jWeMt8u7n"
"s3://hcp-openaccess/HCP_1200/506234/MNINonLinear/Results/rfMRI_REST1_LR/rfMRI_REST1_LR_hp2000.ica/filtered_func_data.ica/report/IC_84_MM.html","506234","MNINonLinear//Results/rfMRI_REST1_LR/rfMRI_REST1_LR_hp2000.ica/filtered_func_data.ica/report/IC_84_MM.html","pS5uxUVLHAt2XTFjtX1X8jE_1BBAoDjE"
"s3://hcp-openaccess/HCP_1200/506234/MNINonLinear/Results/rfMRI_REST1_LR/rfMRI_REST1_LR_hp2000.ica/filtered_func_data.ica/report/IC_84_MMfit.png","506234","MNINonLinear//Results/rfMRI_REST1_LR/rfMRI_REST1_LR_hp2000.ica/filtered_func_data.ica/report/IC_84_MMfit.png","EGDJzC93s9maqP1.mqoXusBkLEVqaXZ6"
"s3://hcp-openaccess/HCP_1200/506234/MNINonLinear/Results/rfMRI_REST1_LR/rfMRI_REST1_LR_hp2000.ica/filtered_func_data.ica/report/IC_84_prob.png","506234","MNINonLinear//Results/rfMRI_REST1_LR/rfMRI_REST1_LR_hp2000.ica/filtered_func_data.ica/report/IC_84_prob.png","HY5Oe.gt7znyPdNTpM3QG0NzyFVH9ZnN"
"s3://hcp-openaccess/HCP_1200/506234/MNINonLinear/Results/rfMRI_REST1_LR/rfMRI_REST1_LR_hp2000.ica/filtered_func_data.ica/report/IC_84_thresh.png","506234","MNINonLinear//Results/rfMRI_REST1_LR/rfMRI_REST1_LR_hp2000.ica/filtered_func_data.ica/report/IC_84_thresh.png","aS29mw5RbxKgriq3tTibsmctNi9WAb5G"
"s3://hcp-openaccess/HCP_1200/506234/MNINonLinear/Results/rfMRI_REST1_LR/rfMRI_REST1_LR_hp2000.ica/filtered_func_data.ica/report/IC_85.html","506234","MNINonLinear//Results/rfMRI_REST1_LR/rfMRI_REST1_LR_hp2000.ica/filtered_func_data.ica/report/IC_85.html","mv42ov0b1cS2ZJH3VKLuS5T59W1VKGTX"
"s3://hcp-openaccess/HCP_1200/506234/MNINonLinear/Results/rfMRI_REST1_LR/rfMRI_REST1_LR_hp2000.ica/filtered_func_data.ica/report/IC_85.png","506234","MNINonLinear//Results/rfMRI_REST1_LR/rfMRI_REST1_LR_hp2000.ica/filtered_func_data.ica/report/IC_85.png","mUIYfR6ZqKHC952MP0S5bu6VixFguAMB"
"s3://hcp-openaccess/HCP_1200/506234/MNINonLinear/Results/rfMRI_REST1_LR/rfMRI_REST1_LR_hp2000.ica/filtered_func_data.ica/report/IC_85_MM.html","506234","MNINonLinear//Results/rfMRI_REST1_LR/rfMRI_REST1_LR_hp2000.ica/filtered_func_data.ica/report/IC_85_MM.html","S8tS0DB4IYEdefIIbaL8_hleAiZO891H"
"s3://hcp-openaccess/HCP_1200/506234/MNINonLinear/Results/rfMRI_REST1_LR/rfMRI_REST1_LR_hp2000.ica/filtered_func_data.ica/report/IC_85_MMfit.png","506234","MNINonLinear//Results/rfMRI_REST1_LR/rfMRI_REST1_LR_hp2000.ica/filtered_func_data.ica/report/IC_85_MMfit.png","pGYs.ktYipmTYYj3LGx1JoMq6WisJri3"
"s3://hcp-openaccess/HCP_1200/506234/MNINonLinear/Results/rfMRI_REST1_LR/rfMRI_REST1_LR_hp2000.ica/filtered_func_data.ica/report/IC_85_prob.png","506234","MNINonLinear//Results/rfMRI_REST1_LR/rfMRI_REST1_LR_hp2000.ica/filtered_func_data.ica/report/IC_85_prob.png","NCu6f8iB0pxvdss4LaSNbnSfm5I_Hhql"
"s3://hcp-openaccess/HCP_1200/506234/MNINonLinear/Results/rfMRI_REST1_LR/rfMRI_REST1_LR_hp2000.ica/filtered_func_data.ica/report/IC_85_thresh.png","506234","MNINonLinear//Results/rfMRI_REST1_LR/rfMRI_REST1_LR_hp2000.ica/filtered_func_data.ica/report/IC_85_thresh.png","WfDWFNqQrbxccnYDQP_CKwrH44LF6JM6"
"s3://hcp-openaccess/HCP_1200/506234/MNINonLinear/Results/rfMRI_REST1_LR/rfMRI_REST1_LR_hp2000.ica/filtered_func_data.ica/report/IC_86.html","506234","MNINonLinear//Results/rfMRI_REST1_LR/rfMRI_REST1_LR_hp2000.ica/filtered_func_data.ica/report/IC_86.html","cvp0kXyX4jUWMsA_xpr4UnGC3BVCToCS"
"s3://hcp-openaccess/HCP_1200/506234/MNINonLinear/Results/rfMRI_REST1_LR/rfMRI_REST1_LR_hp2000.ica/filtered_func_data.ica/report/IC_86.png","506234","MNINonLinear//Results/rfMRI_REST1_LR/rfMRI_REST1_LR_hp2000.ica/filtered_func_data.ica/report/IC_86.png","eF1v3LCdWO6F73loc1uzAYGMn.YDYMzn"
"s3://hcp-openaccess/HCP_1200/506234/MNINonLinear/Results/rfMRI_REST1_LR/rfMRI_REST1_LR_hp2000.ica/filtered_func_data.ica/report/IC_86_MM.html","506234","MNINonLinear//Results/rfMRI_REST1_LR/rfMRI_REST1_LR_hp2000.ica/filtered_func_data.ica/report/IC_86_MM.html","lTpA9nEQhVyoD0RTdMvwb3IZFb5Qhuly"
"s3://hcp-openaccess/HCP_1200/506234/MNINonLinear/Results/rfMRI_REST1_LR/rfMRI_REST1_LR_hp2000.ica/filtered_func_data.ica/report/IC_86_MMfit.png","506234","MNINonLinear//Results/rfMRI_REST1_LR/rfMRI_REST1_LR_hp2000.ica/filtered_func_data.ica/report/IC_86_MMfit.png","eOz0wraa85smgMSVL3gBOWXlbiwgkzUO"
"s3://hcp-openaccess/HCP_1200/506234/MNINonLinear/Results/rfMRI_REST1_LR/rfMRI_REST1_LR_hp2000.ica/filtered_func_data.ica/report/IC_86_prob.png","506234","MNINonLinear//Results/rfMRI_REST1_LR/rfMRI_REST1_LR_hp2000.ica/filtered_func_data.ica/report/IC_86_prob.png","H6who_B4eRpHFP0MXzE6wP3K1au2MwAP"
"s3://hcp-openaccess/HCP_1200/506234/MNINonLinear/Results/rfMRI_REST1_LR/rfMRI_REST1_LR_hp2000.ica/filtered_func_data.ica/report/IC_86_thresh.png","506234","MNINonLinear//Results/rfMRI_REST1_LR/rfMRI_REST1_LR_hp2000.ica/filtered_func_data.ica/report/IC_86_thresh.png","3OS8nkGvuQawzxFQt1tUm4IBlpBLFwRX"
"s3://hcp-openaccess/HCP_1200/506234/MNINonLinear/Results/rfMRI_REST1_LR/rfMRI_REST1_LR_hp2000.ica/filtered_func_data.ica/report/IC_87.html","506234","MNINonLinear//Results/rfMRI_REST1_LR/rfMRI_REST1_LR_hp2000.ica/filtered_func_data.ica/report/IC_87.html","Yda8zN7qz4QF.6lfJlckGfOGJOzaVKDI"
"s3://hcp-openaccess/HCP_1200/506234/MNINonLinear/Results/rfMRI_REST1_LR/rfMRI_REST1_LR_hp2000.ica/filtered_func_data.ica/report/IC_87.png","506234","MNINonLinear//Results/rfMRI_REST1_LR/rfMRI_REST1_LR_hp2000.ica/filtered_func_data.ica/report/IC_87.png","N_2KFuJvqE6RU6xfkNMgvMUEZG3UkzaQ"
"s3://hcp-openaccess/HCP_1200/506234/MNINonLinear/Results/rfMRI_REST1_LR/rfMRI_REST1_LR_hp2000.ica/filtered_func_data.ica/report/IC_87_MM.html","506234","MNINonLinear//Results/rfMRI_REST1_LR/rfMRI_REST1_LR_hp2000.ica/filtered_func_data.ica/report/IC_87_MM.html","YypxtnT6hr3Vn0437MwDPe5X401pnU8B"
"s3://hcp-openaccess/HCP_1200/506234/MNINonLinear/Results/rfMRI_REST1_LR/rfMRI_REST1_LR_hp2000.ica/filtered_func_data.ica/report/IC_87_MMfit.png","506234","MNINonLinear//Results/rfMRI_REST1_LR/rfMRI_REST1_LR_hp2000.ica/filtered_func_data.ica/report/IC_87_MMfit.png","sI1G9gB4P_BCrlUinVJhKIqz3F5hi2Dt"
"s3://hcp-openaccess/HCP_1200/506234/MNINonLinear/Results/rfMRI_REST1_LR/rfMRI_REST1_LR_hp2000.ica/filtered_func_data.ica/report/IC_87_prob.png","506234","MNINonLinear//Results/rfMRI_REST1_LR/rfMRI_REST1_LR_hp2000.ica/filtered_func_data.ica/report/IC_87_prob.png","iow2AiPII6GrUGCplJhJzjInz1eg2Fua"
"s3://hcp-openaccess/HCP_1200/506234/MNINonLinear/Results/rfMRI_REST1_LR/rfMRI_REST1_LR_hp2000.ica/filtered_func_data.ica/report/IC_87_thresh.png","506234","MNINonLinear//Results/rfMRI_REST1_LR/rfMRI_REST1_LR_hp2000.ica/filtered_func_data.ica/report/IC_87_thresh.png","PN4va87Zt103t5cJik9qywKzHLKIJFwI"
"s3://hcp-openaccess/HCP_1200/506234/MNINonLinear/Results/rfMRI_REST1_LR/rfMRI_REST1_LR_hp2000.ica/filtered_func_data.ica/report/IC_88.html","506234","MNINonLinear//Results/rfMRI_REST1_LR/rfMRI_REST1_LR_hp2000.ica/filtered_func_data.ica/report/IC_88.html","1AUsrFRtMYh_nT2bQOU78NaqpZlbsC6a"
"s3://hcp-openaccess/HCP_1200/506234/MNINonLinear/Results/rfMRI_REST1_LR/rfMRI_REST1_LR_hp2000.ica/filtered_func_data.ica/report/IC_88.png","506234","MNINonLinear//Results/rfMRI_REST1_LR/rfMRI_REST1_LR_hp2000.ica/filtered_func_data.ica/report/IC_88.png","X_bpjm.XSSaTTSkj512WYfryVcJw.GSQ"
"s3://hcp-openaccess/HCP_1200/506234/MNINonLinear/Results/rfMRI_REST1_LR/rfMRI_REST1_LR_hp2000.ica/filtered_func_data.ica/report/IC_88_MM.html","506234","MNINonLinear//Results/rfMRI_REST1_LR/rfMRI_REST1_LR_hp2000.ica/filtered_func_data.ica/report/IC_88_MM.html","EYdJQuBjisLWWnVPK5dmdxd4CANT.R5E"
"s3://hcp-openaccess/HCP_1200/506234/MNINonLinear/Results/rfMRI_REST1_LR/rfMRI_REST1_LR_hp2000.ica/filtered_func_data.ica/report/IC_88_MMfit.png","506234","MNINonLinear//Results/rfMRI_REST1_LR/rfMRI_REST1_LR_hp2000.ica/filtered_func_data.ica/report/IC_88_MMfit.png",".KjSwuzaTZMkSf8Zms5acifkyTSiJnRQ"
"s3://hcp-openaccess/HCP_1200/506234/MNINonLinear/Results/rfMRI_REST1_LR/rfMRI_REST1_LR_hp2000.ica/filtered_func_data.ica/report/IC_88_prob.png","506234","MNINonLinear//Results/rfMRI_REST1_LR/rfMRI_REST1_LR_hp2000.ica/filtered_func_data.ica/report/IC_88_prob.png","Zfg_FMYTZgM2e6t.Z3T_Q45TtDCsjsXS"
"s3://hcp-openaccess/HCP_1200/506234/MNINonLinear/Results/rfMRI_REST1_LR/rfMRI_REST1_LR_hp2000.ica/filtered_func_data.ica/report/IC_88_thresh.png","506234","MNINonLinear//Results/rfMRI_REST1_LR/rfMRI_REST1_LR_hp2000.ica/filtered_func_data.ica/report/IC_88_thresh.png","gCCmwUmFR97Ss.p4kOo9SKKS4vBBCag_"
"s3://hcp-openaccess/HCP_1200/506234/MNINonLinear/Results/rfMRI_REST1_LR/rfMRI_REST1_LR_hp2000.ica/filtered_func_data.ica/report/IC_89.html","506234","MNINonLinear//Results/rfMRI_REST1_LR/rfMRI_REST1_LR_hp2000.ica/filtered_func_data.ica/report/IC_89.html","BPdqjiZFTD29NmrKYcD2wUvTlJZzl1Xe"
"s3://hcp-openaccess/HCP_1200/506234/MNINonLinear/Results/rfMRI_REST1_LR/rfMRI_REST1_LR_hp2000.ica/filtered_func_data.ica/report/IC_89.png","506234","MNINonLinear//Results/rfMRI_REST1_LR/rfMRI_REST1_LR_hp2000.ica/filtered_func_data.ica/report/IC_89.png","0M5TsNp2thX6KmtBjrIB8Lz9S.o0sCdl"
"s3://hcp-openaccess/HCP_1200/506234/MNINonLinear/Results/rfMRI_REST1_LR/rfMRI_REST1_LR_hp2000.ica/filtered_func_data.ica/report/IC_89_MM.html","506234","MNINonLinear//Results/rfMRI_REST1_LR/rfMRI_REST1_LR_hp2000.ica/filtered_func_data.ica/report/IC_89_MM.html","Ll8QlOpVrEuWr133k7fOU48SpWjzWPwp"
"s3://hcp-openaccess/HCP_1200/506234/MNINonLinear/Results/rfMRI_REST1_LR/rfMRI_REST1_LR_hp2000.ica/filtered_func_data.ica/report/IC_89_MMfit.png","506234","MNINonLinear//Results/rfMRI_REST1_LR/rfMRI_REST1_LR_hp2000.ica/filtered_func_data.ica/report/IC_89_MMfit.png","hU040IPaM3Xkodzauy2bDbcoNiMuAzd_"
"s3://hcp-openaccess/HCP_1200/506234/MNINonLinear/Results/rfMRI_REST1_LR/rfMRI_REST1_LR_hp2000.ica/filtered_func_data.ica/report/IC_89_prob.png","506234","MNINonLinear//Results/rfMRI_REST1_LR/rfMRI_REST1_LR_hp2000.ica/filtered_func_data.ica/report/IC_89_prob.png","dpXl0w62nHHmJRxOy2_0ZrItSbxcWjnK"
"s3://hcp-openaccess/HCP_1200/506234/MNINonLinear/Results/rfMRI_REST1_LR/rfMRI_REST1_LR_hp2000.ica/filtered_func_data.ica/report/IC_89_thresh.png","506234","MNINonLinear//Results/rfMRI_REST1_LR/rfMRI_REST1_LR_hp2000.ica/filtered_func_data.ica/report/IC_89_thresh.png","Oqf5voYRWGUUvI2OgA1.o2rBoQvYSCMp"
"s3://hcp-openaccess/HCP_1200/506234/MNINonLinear/Results/rfMRI_REST1_LR/rfMRI_REST1_LR_hp2000.ica/filtered_func_data.ica/report/IC_8_MM.html","506234","MNINonLinear//Results/rfMRI_REST1_LR/rfMRI_REST1_LR_hp2000.ica/filtered_func_data.ica/report/IC_8_MM.html","xVrPtJUaZ.Ictyvb8qLbmF.qqKewYPSV"
"s3://hcp-openaccess/HCP_1200/506234/MNINonLinear/Results/rfMRI_REST1_LR/rfMRI_REST1_LR_hp2000.ica/filtered_func_data.ica/report/IC_8_MMfit.png","506234","MNINonLinear//Results/rfMRI_REST1_LR/rfMRI_REST1_LR_hp2000.ica/filtered_func_data.ica/report/IC_8_MMfit.png","pskbZn.kYTnxsxarLqsaW_bLy8QCsX_a"
"s3://hcp-openaccess/HCP_1200/506234/MNINonLinear/Results/rfMRI_REST1_LR/rfMRI_REST1_LR_hp2000.ica/filtered_func_data.ica/report/IC_8_prob.png","506234","MNINonLinear//Results/rfMRI_REST1_LR/rfMRI_REST1_LR_hp2000.ica/filtered_func_data.ica/report/IC_8_prob.png","rhaTGRQxegA0hNSjG6MWIQgyIZmmdmKV"
"s3://hcp-openaccess/HCP_1200/506234/MNINonLinear/Results/rfMRI_REST1_LR/rfMRI_REST1_LR_hp2000.ica/filtered_func_data.ica/report/IC_8_thresh.png","506234","MNINonLinear//Results/rfMRI_REST1_LR/rfMRI_REST1_LR_hp2000.ica/filtered_func_data.ica/report/IC_8_thresh.png","Kpf9LmVa_ZOEQYbrT9yTC3qv6eUR9TJ8"
"s3://hcp-openaccess/HCP_1200/506234/MNINonLinear/Results/rfMRI_REST1_LR/rfMRI_REST1_LR_hp2000.ica/filtered_func_data.ica/report/IC_9.html","506234","MNINonLinear//Results/rfMRI_REST1_LR/rfMRI_REST1_LR_hp2000.ica/filtered_func_data.ica/report/IC_9.html","e8VBUqEnT.wz1Z_lMgFmpRFNfHeQ1l0C"
"s3://hcp-openaccess/HCP_1200/506234/MNINonLinear/Results/rfMRI_REST1_LR/rfMRI_REST1_LR_hp2000.ica/filtered_func_data.ica/report/IC_9.png","506234","MNINonLinear//Results/rfMRI_REST1_LR/rfMRI_REST1_LR_hp2000.ica/filtered_func_data.ica/report/IC_9.png","4Fizi4hufHnQs2wAsR3jGR.vASPW8TLr"
"s3://hcp-openaccess/HCP_1200/506234/MNINonLinear/Results/rfMRI_REST1_LR/rfMRI_REST1_LR_hp2000.ica/filtered_func_data.ica/report/IC_90.html","506234","MNINonLinear//Results/rfMRI_REST1_LR/rfMRI_REST1_LR_hp2000.ica/filtered_func_data.ica/report/IC_90.html","cNAh3NeKr3p6cn_rwr6ZZUhLnkOdYOzp"
"s3://hcp-openaccess/HCP_1200/506234/MNINonLinear/Results/rfMRI_REST1_LR/rfMRI_REST1_LR_hp2000.ica/filtered_func_data.ica/report/IC_90.png","506234","MNINonLinear//Results/rfMRI_REST1_LR/rfMRI_REST1_LR_hp2000.ica/filtered_func_data.ica/report/IC_90.png","lrFV3B5J4uTzr.VjjBKysausNL1Y9k1z"
"s3://hcp-openaccess/HCP_1200/506234/MNINonLinear/Results/rfMRI_REST1_LR/rfMRI_REST1_LR_hp2000.ica/filtered_func_data.ica/report/IC_90_MM.html","506234","MNINonLinear//Results/rfMRI_REST1_LR/rfMRI_REST1_LR_hp2000.ica/filtered_func_data.ica/report/IC_90_MM.html","Ox8EMz1eOO6Re6HSO.9.LssRi9wNAer5"
"s3://hcp-openaccess/HCP_1200/506234/MNINonLinear/Results/rfMRI_REST1_LR/rfMRI_REST1_LR_hp2000.ica/filtered_func_data.ica/report/IC_90_MMfit.png","506234","MNINonLinear//Results/rfMRI_REST1_LR/rfMRI_REST1_LR_hp2000.ica/filtered_func_data.ica/report/IC_90_MMfit.png","sKqtENUGT_hXbtVuoeivXRqEXdw.zGaU"
"s3://hcp-openaccess/HCP_1200/506234/MNINonLinear/Results/rfMRI_REST1_LR/rfMRI_REST1_LR_hp2000.ica/filtered_func_data.ica/report/IC_90_prob.png","506234","MNINonLinear//Results/rfMRI_REST1_LR/rfMRI_REST1_LR_hp2000.ica/filtered_func_data.ica/report/IC_90_prob.png","dQmKUTBaoUPag5HrSpTx.QGmo6Wp4hyS"
"s3://hcp-openaccess/HCP_1200/506234/MNINonLinear/Results/rfMRI_REST1_LR/rfMRI_REST1_LR_hp2000.ica/filtered_func_data.ica/report/IC_90_thresh.png","506234","MNINonLinear//Results/rfMRI_REST1_LR/rfMRI_REST1_LR_hp2000.ica/filtered_func_data.ica/report/IC_90_thresh.png","tIw767kazAKSdAU6eMkeA7TqYng.oRQe"
"s3://hcp-openaccess/HCP_1200/506234/MNINonLinear/Results/rfMRI_REST1_LR/rfMRI_REST1_LR_hp2000.ica/filtered_func_data.ica/report/IC_91.html","506234","MNINonLinear//Results/rfMRI_REST1_LR/rfMRI_REST1_LR_hp2000.ica/filtered_func_data.ica/report/IC_91.html","wAU0w2U2CCx95x7ZJUzdRuebiG9.TmV0"
"s3://hcp-openaccess/HCP_1200/506234/MNINonLinear/Results/rfMRI_REST1_LR/rfMRI_REST1_LR_hp2000.ica/filtered_func_data.ica/report/IC_91.png","506234","MNINonLinear//Results/rfMRI_REST1_LR/rfMRI_REST1_LR_hp2000.ica/filtered_func_data.ica/report/IC_91.png","sjXQfmxtEWUfMEdhdcdXuop9wl9KPE5k"
"s3://hcp-openaccess/HCP_1200/506234/MNINonLinear/Results/rfMRI_REST1_LR/rfMRI_REST1_LR_hp2000.ica/filtered_func_data.ica/report/IC_91_MM.html","506234","MNINonLinear//Results/rfMRI_REST1_LR/rfMRI_REST1_LR_hp2000.ica/filtered_func_data.ica/report/IC_91_MM.html","r1msdc.v3xx6G2n1AcCDUTBpK3V.DOwr"
"s3://hcp-openaccess/HCP_1200/506234/MNINonLinear/Results/rfMRI_REST1_LR/rfMRI_REST1_LR_hp2000.ica/filtered_func_data.ica/report/IC_91_MMfit.png","506234","MNINonLinear//Results/rfMRI_REST1_LR/rfMRI_REST1_LR_hp2000.ica/filtered_func_data.ica/report/IC_91_MMfit.png","h6ff1lzN7PAZ7DYgzNHRunP9CmdBnr8G"
"s3://hcp-openaccess/HCP_1200/506234/MNINonLinear/Results/rfMRI_REST1_LR/rfMRI_REST1_LR_hp2000.ica/filtered_func_data.ica/report/IC_91_prob.png","506234","MNINonLinear//Results/rfMRI_REST1_LR/rfMRI_REST1_LR_hp2000.ica/filtered_func_data.ica/report/IC_91_prob.png","BScv6icBSUWv4KVy4S_vzAhtb85uW0P9"
"s3://hcp-openaccess/HCP_1200/506234/MNINonLinear/Results/rfMRI_REST1_LR/rfMRI_REST1_LR_hp2000.ica/filtered_func_data.ica/report/IC_91_thresh.png","506234","MNINonLinear//Results/rfMRI_REST1_LR/rfMRI_REST1_LR_hp2000.ica/filtered_func_data.ica/report/IC_91_thresh.png","XO87aa5WYRWTF7erp8y0sI5gZ6nqyjxa"
"s3://hcp-openaccess/HCP_1200/506234/MNINonLinear/Results/rfMRI_REST1_LR/rfMRI_REST1_LR_hp2000.ica/filtered_func_data.ica/report/IC_92.html","506234","MNINonLinear//Results/rfMRI_REST1_LR/rfMRI_REST1_LR_hp2000.ica/filtered_func_data.ica/report/IC_92.html","Pw6N4HUhipWS32oTmTNrcbJBdwoaVAqk"
"s3://hcp-openaccess/HCP_1200/506234/MNINonLinear/Results/rfMRI_REST1_LR/rfMRI_REST1_LR_hp2000.ica/filtered_func_data.ica/report/IC_92.png","506234","MNINonLinear//Results/rfMRI_REST1_LR/rfMRI_REST1_LR_hp2000.ica/filtered_func_data.ica/report/IC_92.png","CJY32O3hdwk4uXgMdNx6qreWYRTJ.7rd"
"s3://hcp-openaccess/HCP_1200/506234/MNINonLinear/Results/rfMRI_REST1_LR/rfMRI_REST1_LR_hp2000.ica/filtered_func_data.ica/report/IC_92_MM.html","506234","MNINonLinear//Results/rfMRI_REST1_LR/rfMRI_REST1_LR_hp2000.ica/filtered_func_data.ica/report/IC_92_MM.html","THFXpc4D_PsEI2vlRbEsVambSPqYEUe6"
"s3://hcp-openaccess/HCP_1200/506234/MNINonLinear/Results/rfMRI_REST1_LR/rfMRI_REST1_LR_hp2000.ica/filtered_func_data.ica/report/IC_92_MMfit.png","506234","MNINonLinear//Results/rfMRI_REST1_LR/rfMRI_REST1_LR_hp2000.ica/filtered_func_data.ica/report/IC_92_MMfit.png","hwVKRDxfvnumWpeENpx2rgRwIhD_MAr3"
"s3://hcp-openaccess/HCP_1200/506234/MNINonLinear/Results/rfMRI_REST1_LR/rfMRI_REST1_LR_hp2000.ica/filtered_func_data.ica/report/IC_92_prob.png","506234","MNINonLinear//Results/rfMRI_REST1_LR/rfMRI_REST1_LR_hp2000.ica/filtered_func_data.ica/report/IC_92_prob.png","kLqgLfHK9IQHV8CQ.ZUFoWiW.QdcztmK"
"s3://hcp-openaccess/HCP_1200/506234/MNINonLinear/Results/rfMRI_REST1_LR/rfMRI_REST1_LR_hp2000.ica/filtered_func_data.ica/report/IC_92_thresh.png","506234","MNINonLinear//Results/rfMRI_REST1_LR/rfMRI_REST1_LR_hp2000.ica/filtered_func_data.ica/report/IC_92_thresh.png","x2gu17vXyjKoLqJspMfaxjkVkU.3a4Vh"
"s3://hcp-openaccess/HCP_1200/506234/MNINonLinear/Results/rfMRI_REST1_LR/rfMRI_REST1_LR_hp2000.ica/filtered_func_data.ica/report/IC_93.html","506234","MNINonLinear//Results/rfMRI_REST1_LR/rfMRI_REST1_LR_hp2000.ica/filtered_func_data.ica/report/IC_93.html","hgLkUU2Bhzk1TeXRsB.yZ0NEC7mXZt9l"
"s3://hcp-openaccess/HCP_1200/506234/MNINonLinear/Results/rfMRI_REST1_LR/rfMRI_REST1_LR_hp2000.ica/filtered_func_data.ica/report/IC_93.png","506234","MNINonLinear//Results/rfMRI_REST1_LR/rfMRI_REST1_LR_hp2000.ica/filtered_func_data.ica/report/IC_93.png","txKikUZapXaoJNBPAhoo2pj28N3k0mXy"
"s3://hcp-openaccess/HCP_1200/506234/MNINonLinear/Results/rfMRI_REST1_LR/rfMRI_REST1_LR_hp2000.ica/filtered_func_data.ica/report/IC_93_MM.html","506234","MNINonLinear//Results/rfMRI_REST1_LR/rfMRI_REST1_LR_hp2000.ica/filtered_func_data.ica/report/IC_93_MM.html","ZXbuBvTUYWzsg2bGr0ur5VjM4vTFM19f"
"s3://hcp-openaccess/HCP_1200/506234/MNINonLinear/Results/rfMRI_REST1_LR/rfMRI_REST1_LR_hp2000.ica/filtered_func_data.ica/report/IC_93_MMfit.png","506234","MNINonLinear//Results/rfMRI_REST1_LR/rfMRI_REST1_LR_hp2000.ica/filtered_func_data.ica/report/IC_93_MMfit.png","0hJgUXgqNr4Ldh39u2g7Xxm3Z_O6XCK."
"s3://hcp-openaccess/HCP_1200/506234/MNINonLinear/Results/rfMRI_REST1_LR/rfMRI_REST1_LR_hp2000.ica/filtered_func_data.ica/report/IC_93_prob.png","506234","MNINonLinear//Results/rfMRI_REST1_LR/rfMRI_REST1_LR_hp2000.ica/filtered_func_data.ica/report/IC_93_prob.png","p1ed77EPrhoItJcz9Z8B7c8uulkagTXA"
"s3://hcp-openaccess/HCP_1200/506234/MNINonLinear/Results/rfMRI_REST1_LR/rfMRI_REST1_LR_hp2000.ica/filtered_func_data.ica/report/IC_93_thresh.png","506234","MNINonLinear//Results/rfMRI_REST1_LR/rfMRI_REST1_LR_hp2000.ica/filtered_func_data.ica/report/IC_93_thresh.png","ks5T8m2w9SZl1pCKGcjER_MuYR4ikyZR"
"s3://hcp-openaccess/HCP_1200/506234/MNINonLinear/Results/rfMRI_REST1_LR/rfMRI_REST1_LR_hp2000.ica/filtered_func_data.ica/report/IC_94.html","506234","MNINonLinear//Results/rfMRI_REST1_LR/rfMRI_REST1_LR_hp2000.ica/filtered_func_data.ica/report/IC_94.html","AynD0kyXN5ubQ85SqpvrM6Z2BnD_7NFn"
"s3://hcp-openaccess/HCP_1200/506234/MNINonLinear/Results/rfMRI_REST1_LR/rfMRI_REST1_LR_hp2000.ica/filtered_func_data.ica/report/IC_94.png","506234","MNINonLinear//Results/rfMRI_REST1_LR/rfMRI_REST1_LR_hp2000.ica/filtered_func_data.ica/report/IC_94.png","nXbpOOpWPqmZpOPykgZVgXHe.dJJGOw4"
"s3://hcp-openaccess/HCP_1200/506234/MNINonLinear/Results/rfMRI_REST1_LR/rfMRI_REST1_LR_hp2000.ica/filtered_func_data.ica/report/IC_94_MM.html","506234","MNINonLinear//Results/rfMRI_REST1_LR/rfMRI_REST1_LR_hp2000.ica/filtered_func_data.ica/report/IC_94_MM.html","4wtfNTzkIBig2R1N9r8gV6Eg2LWWVyrc"
"s3://hcp-openaccess/HCP_1200/506234/MNINonLinear/Results/rfMRI_REST1_LR/rfMRI_REST1_LR_hp2000.ica/filtered_func_data.ica/report/IC_94_MMfit.png","506234","MNINonLinear//Results/rfMRI_REST1_LR/rfMRI_REST1_LR_hp2000.ica/filtered_func_data.ica/report/IC_94_MMfit.png","NQycTrSjrQ9HttWP_iTKpkzPucNBXuPd"
"s3://hcp-openaccess/HCP_1200/506234/MNINonLinear/Results/rfMRI_REST1_LR/rfMRI_REST1_LR_hp2000.ica/filtered_func_data.ica/report/IC_94_prob.png","506234","MNINonLinear//Results/rfMRI_REST1_LR/rfMRI_REST1_LR_hp2000.ica/filtered_func_data.ica/report/IC_94_prob.png","mHkrMCAlYjGTbp6oWA2q1lSqHYSIIQqA"
"s3://hcp-openaccess/HCP_1200/506234/MNINonLinear/Results/rfMRI_REST1_LR/rfMRI_REST1_LR_hp2000.ica/filtered_func_data.ica/report/IC_94_thresh.png","506234","MNINonLinear//Results/rfMRI_REST1_LR/rfMRI_REST1_LR_hp2000.ica/filtered_func_data.ica/report/IC_94_thresh.png","fV9rOK6qZB0Ewr4c5xEH9lO4tygdtD2L"
"s3://hcp-openaccess/HCP_1200/506234/MNINonLinear/Results/rfMRI_REST1_LR/rfMRI_REST1_LR_hp2000.ica/filtered_func_data.ica/report/IC_9_MM.html","506234","MNINonLinear//Results/rfMRI_REST1_LR/rfMRI_REST1_LR_hp2000.ica/filtered_func_data.ica/report/IC_9_MM.html","myyE.fbMKdSEwIqOmgOcHty1uXA1ETaC"
"s3://hcp-openaccess/HCP_1200/506234/MNINonLinear/Results/rfMRI_REST1_LR/rfMRI_REST1_LR_hp2000.ica/filtered_func_data.ica/report/IC_9_MMfit.png","506234","MNINonLinear//Results/rfMRI_REST1_LR/rfMRI_REST1_LR_hp2000.ica/filtered_func_data.ica/report/IC_9_MMfit.png","_h7TT6PFCkypP5mAwy.pfn5AoJMyNT.c"
"s3://hcp-openaccess/HCP_1200/506234/MNINonLinear/Results/rfMRI_REST1_LR/rfMRI_REST1_LR_hp2000.ica/filtered_func_data.ica/report/IC_9_prob.png","506234","MNINonLinear//Results/rfMRI_REST1_LR/rfMRI_REST1_LR_hp2000.ica/filtered_func_data.ica/report/IC_9_prob.png","LmFvWA1V6fzFutzHJDfN0TP06MgvWniL"
"s3://hcp-openaccess/HCP_1200/506234/MNINonLinear/Results/rfMRI_REST1_LR/rfMRI_REST1_LR_hp2000.ica/filtered_func_data.ica/report/IC_9_thresh.png","506234","MNINonLinear//Results/rfMRI_REST1_LR/rfMRI_REST1_LR_hp2000.ica/filtered_func_data.ica/report/IC_9_thresh.png","sTtnzghsoyNXM9MBc6rQAD0n9b_CIMLH"
"s3://hcp-openaccess/HCP_1200/506234/MNINonLinear/Results/rfMRI_REST1_LR/rfMRI_REST1_LR_hp2000.ica/filtered_func_data.ica/report/f1.png","506234","MNINonLinear//Results/rfMRI_REST1_LR/rfMRI_REST1_LR_hp2000.ica/filtered_func_data.ica/report/f1.png","C.ESvfwfzsYaJPjq6jcBs7t6FRtrphGP"
"s3://hcp-openaccess/HCP_1200/506234/MNINonLinear/Results/rfMRI_REST1_LR/rfMRI_REST1_LR_hp2000.ica/filtered_func_data.ica/report/f1.txt","506234","MNINonLinear//Results/rfMRI_REST1_LR/rfMRI_REST1_LR_hp2000.ica/filtered_func_data.ica/report/f1.txt","M_PP.hhHiUVqm3kdBY3uKmc4.ZugObV5"
"s3://hcp-openaccess/HCP_1200/506234/MNINonLinear/Results/rfMRI_REST1_LR/rfMRI_REST1_LR_hp2000.ica/filtered_func_data.ica/report/f10.png","506234","MNINonLinear//Results/rfMRI_REST1_LR/rfMRI_REST1_LR_hp2000.ica/filtered_func_data.ica/report/f10.png","N6rw6lEL73hdMjT80NTO4HUutNN0Sofu"
"s3://hcp-openaccess/HCP_1200/506234/MNINonLinear/Results/rfMRI_REST1_LR/rfMRI_REST1_LR_hp2000.ica/filtered_func_data.ica/report/f10.txt","506234","MNINonLinear//Results/rfMRI_REST1_LR/rfMRI_REST1_LR_hp2000.ica/filtered_func_data.ica/report/f10.txt","iyuLUr.2nd6Us9JhHwJj0Y349sZincY7"
"s3://hcp-openaccess/HCP_1200/506234/MNINonLinear/Results/rfMRI_REST1_LR/rfMRI_REST1_LR_hp2000.ica/filtered_func_data.ica/report/f11.png","506234","MNINonLinear//Results/rfMRI_REST1_LR/rfMRI_REST1_LR_hp2000.ica/filtered_func_data.ica/report/f11.png","ZQKcK00ZP2KvT1Nz3sK6JmJ31WckHReO"
"s3://hcp-openaccess/HCP_1200/506234/MNINonLinear/Results/rfMRI_REST1_LR/rfMRI_REST1_LR_hp2000.ica/filtered_func_data.ica/report/f11.txt","506234","MNINonLinear//Results/rfMRI_REST1_LR/rfMRI_REST1_LR_hp2000.ica/filtered_func_data.ica/report/f11.txt","a0Pu4p8pPlUO6mvnTBsqgSR5XSx9ASNM"
"s3://hcp-openaccess/HCP_1200/506234/MNINonLinear/Results/rfMRI_REST1_LR/rfMRI_REST1_LR_hp2000.ica/filtered_func_data.ica/report/f12.png","506234","MNINonLinear//Results/rfMRI_REST1_LR/rfMRI_REST1_LR_hp2000.ica/filtered_func_data.ica/report/f12.png","mZbZRQNuRsmaeX3gXRkwhfobhnpcf29C"
"s3://hcp-openaccess/HCP_1200/506234/MNINonLinear/Results/rfMRI_REST1_LR/rfMRI_REST1_LR_hp2000.ica/filtered_func_data.ica/report/f12.txt","506234","MNINonLinear//Results/rfMRI_REST1_LR/rfMRI_REST1_LR_hp2000.ica/filtered_func_data.ica/report/f12.txt","Jji2YotbDx5OGlTYhIwFueOFs6oXNPFH"
"s3://hcp-openaccess/HCP_1200/506234/MNINonLinear/Results/rfMRI_REST1_LR/rfMRI_REST1_LR_hp2000.ica/filtered_func_data.ica/report/f13.png","506234","MNINonLinear//Results/rfMRI_REST1_LR/rfMRI_REST1_LR_hp2000.ica/filtered_func_data.ica/report/f13.png","8Z112n9abbH1t4wt43v7U23rXLHyFHYs"
"s3://hcp-openaccess/HCP_1200/506234/MNINonLinear/Results/rfMRI_REST1_LR/rfMRI_REST1_LR_hp2000.ica/filtered_func_data.ica/report/f13.txt","506234","MNINonLinear//Results/rfMRI_REST1_LR/rfMRI_REST1_LR_hp2000.ica/filtered_func_data.ica/report/f13.txt","egeYWEC6XGMQZb2C8pbRR.rFD8wZuuAU"
"s3://hcp-openaccess/HCP_1200/506234/MNINonLinear/Results/rfMRI_REST1_LR/rfMRI_REST1_LR_hp2000.ica/filtered_func_data.ica/report/f14.png","506234","MNINonLinear//Results/rfMRI_REST1_LR/rfMRI_REST1_LR_hp2000.ica/filtered_func_data.ica/report/f14.png","5VVUpdS4OFDNonPi_bRZ7iqhc55xCkqr"
"s3://hcp-openaccess/HCP_1200/506234/MNINonLinear/Results/rfMRI_REST1_LR/rfMRI_REST1_LR_hp2000.ica/filtered_func_data.ica/report/f14.txt","506234","MNINonLinear//Results/rfMRI_REST1_LR/rfMRI_REST1_LR_hp2000.ica/filtered_func_data.ica/report/f14.txt","EYdLekGluaVp8eCDRAzhOeu2HzS3EaQp"
"s3://hcp-openaccess/HCP_1200/506234/MNINonLinear/Results/rfMRI_REST1_LR/rfMRI_REST1_LR_hp2000.ica/filtered_func_data.ica/report/f15.png","506234","MNINonLinear//Results/rfMRI_REST1_LR/rfMRI_REST1_LR_hp2000.ica/filtered_func_data.ica/report/f15.png","GJQaEruerRlbb_zLUvXExNemV5ugdOVr"
"s3://hcp-openaccess/HCP_1200/506234/MNINonLinear/Results/rfMRI_REST1_LR/rfMRI_REST1_LR_hp2000.ica/filtered_func_data.ica/report/f15.txt","506234","MNINonLinear//Results/rfMRI_REST1_LR/rfMRI_REST1_LR_hp2000.ica/filtered_func_data.ica/report/f15.txt","f4zc8tFEd63j0box36qohi3.WKr9lvQ2"
"s3://hcp-openaccess/HCP_1200/506234/MNINonLinear/Results/rfMRI_REST1_LR/rfMRI_REST1_LR_hp2000.ica/filtered_func_data.ica/report/f16.png","506234","MNINonLinear//Results/rfMRI_REST1_LR/rfMRI_REST1_LR_hp2000.ica/filtered_func_data.ica/report/f16.png","OQOcw3FjjGiWtVXtbh5nqPWsEuevcRSk"
"s3://hcp-openaccess/HCP_1200/506234/MNINonLinear/Results/rfMRI_REST1_LR/rfMRI_REST1_LR_hp2000.ica/filtered_func_data.ica/report/f16.txt","506234","MNINonLinear//Results/rfMRI_REST1_LR/rfMRI_REST1_LR_hp2000.ica/filtered_func_data.ica/report/f16.txt","gSzDsgiBbtXtA2NlkI4E3tI8tY7mOh05"
"s3://hcp-openaccess/HCP_1200/506234/MNINonLinear/Results/rfMRI_REST1_LR/rfMRI_REST1_LR_hp2000.ica/filtered_func_data.ica/report/f17.png","506234","MNINonLinear//Results/rfMRI_REST1_LR/rfMRI_REST1_LR_hp2000.ica/filtered_func_data.ica/report/f17.png","orJbQOveJsL.AsVpTV2xJv7JwLbQd4xE"
"s3://hcp-openaccess/HCP_1200/506234/MNINonLinear/Results/rfMRI_REST1_LR/rfMRI_REST1_LR_hp2000.ica/filtered_func_data.ica/report/f17.txt","506234","MNINonLinear//Results/rfMRI_REST1_LR/rfMRI_REST1_LR_hp2000.ica/filtered_func_data.ica/report/f17.txt","D9I5Ka4GFAy35TVSx3z_sD316LV5A7TK"
"s3://hcp-openaccess/HCP_1200/506234/MNINonLinear/Results/rfMRI_REST1_LR/rfMRI_REST1_LR_hp2000.ica/filtered_func_data.ica/report/f18.png","506234","MNINonLinear//Results/rfMRI_REST1_LR/rfMRI_REST1_LR_hp2000.ica/filtered_func_data.ica/report/f18.png","pLTWxA7GbWlveoYxMPmPKN4QruyYH4Mt"
"s3://hcp-openaccess/HCP_1200/506234/MNINonLinear/Results/rfMRI_REST1_LR/rfMRI_REST1_LR_hp2000.ica/filtered_func_data.ica/report/f18.txt","506234","MNINonLinear//Results/rfMRI_REST1_LR/rfMRI_REST1_LR_hp2000.ica/filtered_func_data.ica/report/f18.txt","XTPGyb4oIopiYrFheNWT9nHNqXmpJf.u"
"s3://hcp-openaccess/HCP_1200/506234/MNINonLinear/Results/rfMRI_REST1_LR/rfMRI_REST1_LR_hp2000.ica/filtered_func_data.ica/report/f19.png","506234","MNINonLinear//Results/rfMRI_REST1_LR/rfMRI_REST1_LR_hp2000.ica/filtered_func_data.ica/report/f19.png","xfCV4SIxxjFgNc95rHCkmdM7b3VDBilA"
"s3://hcp-openaccess/HCP_1200/506234/MNINonLinear/Results/rfMRI_REST1_LR/rfMRI_REST1_LR_hp2000.ica/filtered_func_data.ica/report/f19.txt","506234","MNINonLinear//Results/rfMRI_REST1_LR/rfMRI_REST1_LR_hp2000.ica/filtered_func_data.ica/report/f19.txt","XapQtf3UljwsT.W._ZVldteNbzfoeE7L"
"s3://hcp-openaccess/HCP_1200/506234/MNINonLinear/Results/rfMRI_REST1_LR/rfMRI_REST1_LR_hp2000.ica/filtered_func_data.ica/report/f2.png","506234","MNINonLinear//Results/rfMRI_REST1_LR/rfMRI_REST1_LR_hp2000.ica/filtered_func_data.ica/report/f2.png","dgllRdPEXCf58z8sFcoaue_Wa_IIoFrI"
"s3://hcp-openaccess/HCP_1200/506234/MNINonLinear/Results/rfMRI_REST1_LR/rfMRI_REST1_LR_hp2000.ica/filtered_func_data.ica/report/f2.txt","506234","MNINonLinear//Results/rfMRI_REST1_LR/rfMRI_REST1_LR_hp2000.ica/filtered_func_data.ica/report/f2.txt","eJNum9rrtW_pDjQMvkDRVNYpDDjsaeS9"
"s3://hcp-openaccess/HCP_1200/506234/MNINonLinear/Results/rfMRI_REST1_LR/rfMRI_REST1_LR_hp2000.ica/filtered_func_data.ica/report/f20.png","506234","MNINonLinear//Results/rfMRI_REST1_LR/rfMRI_REST1_LR_hp2000.ica/filtered_func_data.ica/report/f20.png","Pf3Us9_Ltf4IOUP_1VVMlMLsJnZ0DhiY"
"s3://hcp-openaccess/HCP_1200/506234/MNINonLinear/Results/rfMRI_REST1_LR/rfMRI_REST1_LR_hp2000.ica/filtered_func_data.ica/report/f20.txt","506234","MNINonLinear//Results/rfMRI_REST1_LR/rfMRI_REST1_LR_hp2000.ica/filtered_func_data.ica/report/f20.txt","CM1efRj21TjQ5OwOvZe8IIyioSzAC7Br"
"s3://hcp-openaccess/HCP_1200/506234/MNINonLinear/Results/rfMRI_REST1_LR/rfMRI_REST1_LR_hp2000.ica/filtered_func_data.ica/report/f21.png","506234","MNINonLinear//Results/rfMRI_REST1_LR/rfMRI_REST1_LR_hp2000.ica/filtered_func_data.ica/report/f21.png","guzolKAkYmOOPCMKItRfWO.fNN9BkLA7"
"s3://hcp-openaccess/HCP_1200/506234/MNINonLinear/Results/rfMRI_REST1_LR/rfMRI_REST1_LR_hp2000.ica/filtered_func_data.ica/report/f21.txt","506234","MNINonLinear//Results/rfMRI_REST1_LR/rfMRI_REST1_LR_hp2000.ica/filtered_func_data.ica/report/f21.txt","dRd_yYbouUHmL7rlUlSPbvPQW9z8_Y.o"
"s3://hcp-openaccess/HCP_1200/506234/MNINonLinear/Results/rfMRI_REST1_LR/rfMRI_REST1_LR_hp2000.ica/filtered_func_data.ica/report/f22.png","506234","MNINonLinear//Results/rfMRI_REST1_LR/rfMRI_REST1_LR_hp2000.ica/filtered_func_data.ica/report/f22.png","xdQxd8gwsC_YyyHaFw.TsPMeIt74VPqq"
"s3://hcp-openaccess/HCP_1200/506234/MNINonLinear/Results/rfMRI_REST1_LR/rfMRI_REST1_LR_hp2000.ica/filtered_func_data.ica/report/f22.txt","506234","MNINonLinear//Results/rfMRI_REST1_LR/rfMRI_REST1_LR_hp2000.ica/filtered_func_data.ica/report/f22.txt","QI7f2uH_Ssj3JK8O_fwj2yCIievqEh2P"
"s3://hcp-openaccess/HCP_1200/506234/MNINonLinear/Results/rfMRI_REST1_LR/rfMRI_REST1_LR_hp2000.ica/filtered_func_data.ica/report/f23.png","506234","MNINonLinear//Results/rfMRI_REST1_LR/rfMRI_REST1_LR_hp2000.ica/filtered_func_data.ica/report/f23.png","ua1lx4Kdh1IUwtjx21OCZf2YysHfGzP9"
"s3://hcp-openaccess/HCP_1200/506234/MNINonLinear/Results/rfMRI_REST1_LR/rfMRI_REST1_LR_hp2000.ica/filtered_func_data.ica/report/f23.txt","506234","MNINonLinear//Results/rfMRI_REST1_LR/rfMRI_REST1_LR_hp2000.ica/filtered_func_data.ica/report/f23.txt","bfL.YXRmbx_mgkwDj4FNP_frtqwf.wUJ"
"s3://hcp-openaccess/HCP_1200/506234/MNINonLinear/Results/rfMRI_REST1_LR/rfMRI_REST1_LR_hp2000.ica/filtered_func_data.ica/report/f24.png","506234","MNINonLinear//Results/rfMRI_REST1_LR/rfMRI_REST1_LR_hp2000.ica/filtered_func_data.ica/report/f24.png","4nANopYCxyed.sNlRrHXPaae9RxR4fjz"
"s3://hcp-openaccess/HCP_1200/506234/MNINonLinear/Results/rfMRI_REST1_LR/rfMRI_REST1_LR_hp2000.ica/filtered_func_data.ica/report/f24.txt","506234","MNINonLinear//Results/rfMRI_REST1_LR/rfMRI_REST1_LR_hp2000.ica/filtered_func_data.ica/report/f24.txt","HkwYonH47G9K7tczDFh.vqiqUGxVSSHR"
"s3://hcp-openaccess/HCP_1200/506234/MNINonLinear/Results/rfMRI_REST1_LR/rfMRI_REST1_LR_hp2000.ica/filtered_func_data.ica/report/f25.png","506234","MNINonLinear//Results/rfMRI_REST1_LR/rfMRI_REST1_LR_hp2000.ica/filtered_func_data.ica/report/f25.png","rBgKFN6EJGm.wYY1FWKOVfWGaPjlraqm"
"s3://hcp-openaccess/HCP_1200/506234/MNINonLinear/Results/rfMRI_REST1_LR/rfMRI_REST1_LR_hp2000.ica/filtered_func_data.ica/report/f25.txt","506234","MNINonLinear//Results/rfMRI_REST1_LR/rfMRI_REST1_LR_hp2000.ica/filtered_func_data.ica/report/f25.txt","6AI8BTPuBZb5h3gvREw12GVjVw0Zbi4t"
"s3://hcp-openaccess/HCP_1200/506234/MNINonLinear/Results/rfMRI_REST1_LR/rfMRI_REST1_LR_hp2000.ica/filtered_func_data.ica/report/f26.png","506234","MNINonLinear//Results/rfMRI_REST1_LR/rfMRI_REST1_LR_hp2000.ica/filtered_func_data.ica/report/f26.png","zaw87VqAjpzjrsTksv8xlp.b_cgSNEff"
"s3://hcp-openaccess/HCP_1200/506234/MNINonLinear/Results/rfMRI_REST1_LR/rfMRI_REST1_LR_hp2000.ica/filtered_func_data.ica/report/f26.txt","506234","MNINonLinear//Results/rfMRI_REST1_LR/rfMRI_REST1_LR_hp2000.ica/filtered_func_data.ica/report/f26.txt","bn.K2Du5jHG1NR5jjZQSnuQzQ21I7o6y"
"s3://hcp-openaccess/HCP_1200/506234/MNINonLinear/Results/rfMRI_REST1_LR/rfMRI_REST1_LR_hp2000.ica/filtered_func_data.ica/report/f27.png","506234","MNINonLinear//Results/rfMRI_REST1_LR/rfMRI_REST1_LR_hp2000.ica/filtered_func_data.ica/report/f27.png","HZVjvLj70n1YOAZgiQ7F888gRi8ZDRum"
"s3://hcp-openaccess/HCP_1200/506234/MNINonLinear/Results/rfMRI_REST1_LR/rfMRI_REST1_LR_hp2000.ica/filtered_func_data.ica/report/f27.txt","506234","MNINonLinear//Results/rfMRI_REST1_LR/rfMRI_REST1_LR_hp2000.ica/filtered_func_data.ica/report/f27.txt","sdy9GBW8unU_YG6PFVCDD_Xp9Kk41ysg"
"s3://hcp-openaccess/HCP_1200/506234/MNINonLinear/Results/rfMRI_REST1_LR/rfMRI_REST1_LR_hp2000.ica/filtered_func_data.ica/report/f28.png","506234","MNINonLinear//Results/rfMRI_REST1_LR/rfMRI_REST1_LR_hp2000.ica/filtered_func_data.ica/report/f28.png","mtiCETTRr376pCE_n0vMz4um4CBF5GCV"
"s3://hcp-openaccess/HCP_1200/506234/MNINonLinear/Results/rfMRI_REST1_LR/rfMRI_REST1_LR_hp2000.ica/filtered_func_data.ica/report/f28.txt","506234","MNINonLinear//Results/rfMRI_REST1_LR/rfMRI_REST1_LR_hp2000.ica/filtered_func_data.ica/report/f28.txt","jjbrR4LnAgK9XGHx1ZDGcyg2cvjOIZs9"
"s3://hcp-openaccess/HCP_1200/506234/MNINonLinear/Results/rfMRI_REST1_LR/rfMRI_REST1_LR_hp2000.ica/filtered_func_data.ica/report/f29.png","506234","MNINonLinear//Results/rfMRI_REST1_LR/rfMRI_REST1_LR_hp2000.ica/filtered_func_data.ica/report/f29.png",".paJr95DUk0Gkej45vruDrubbqQZwcvs"
"s3://hcp-openaccess/HCP_1200/506234/MNINonLinear/Results/rfMRI_REST1_LR/rfMRI_REST1_LR_hp2000.ica/filtered_func_data.ica/report/f29.txt","506234","MNINonLinear//Results/rfMRI_REST1_LR/rfMRI_REST1_LR_hp2000.ica/filtered_func_data.ica/report/f29.txt","vBXzfgwQN0O0zqS3Saq6_4BWbNqJWQMM"
"s3://hcp-openaccess/HCP_1200/506234/MNINonLinear/Results/rfMRI_REST1_LR/rfMRI_REST1_LR_hp2000.ica/filtered_func_data.ica/report/f3.png","506234","MNINonLinear//Results/rfMRI_REST1_LR/rfMRI_REST1_LR_hp2000.ica/filtered_func_data.ica/report/f3.png","5yd44c0ia0co6Z49M2vgfGb7ofRaT6iv"
"s3://hcp-openaccess/HCP_1200/506234/MNINonLinear/Results/rfMRI_REST1_LR/rfMRI_REST1_LR_hp2000.ica/filtered_func_data.ica/report/f3.txt","506234","MNINonLinear//Results/rfMRI_REST1_LR/rfMRI_REST1_LR_hp2000.ica/filtered_func_data.ica/report/f3.txt","3sGb7LjFuom8O71oyKVLHekCQ5Ni10eV"
"s3://hcp-openaccess/HCP_1200/506234/MNINonLinear/Results/rfMRI_REST1_LR/rfMRI_REST1_LR_hp2000.ica/filtered_func_data.ica/report/f30.png","506234","MNINonLinear//Results/rfMRI_REST1_LR/rfMRI_REST1_LR_hp2000.ica/filtered_func_data.ica/report/f30.png","TwFaO63UEDCvF31y5kMPz00mT3r4Yhu8"
"s3://hcp-openaccess/HCP_1200/506234/MNINonLinear/Results/rfMRI_REST1_LR/rfMRI_REST1_LR_hp2000.ica/filtered_func_data.ica/report/f30.txt","506234","MNINonLinear//Results/rfMRI_REST1_LR/rfMRI_REST1_LR_hp2000.ica/filtered_func_data.ica/report/f30.txt","anGSFlWRSuEB4ZZrg1r1R7mOcjISEqNy"
"s3://hcp-openaccess/HCP_1200/506234/MNINonLinear/Results/rfMRI_REST1_LR/rfMRI_REST1_LR_hp2000.ica/filtered_func_data.ica/report/f31.png","506234","MNINonLinear//Results/rfMRI_REST1_LR/rfMRI_REST1_LR_hp2000.ica/filtered_func_data.ica/report/f31.png","R.fcs5WbuJA_DbNmtiwGki9xbNfAVafu"
"s3://hcp-openaccess/HCP_1200/506234/MNINonLinear/Results/rfMRI_REST1_LR/rfMRI_REST1_LR_hp2000.ica/filtered_func_data.ica/report/f31.txt","506234","MNINonLinear//Results/rfMRI_REST1_LR/rfMRI_REST1_LR_hp2000.ica/filtered_func_data.ica/report/f31.txt","s7a08VikM_sgMdy1sBdG3GlEdbSLBYxt"
"s3://hcp-openaccess/HCP_1200/506234/MNINonLinear/Results/rfMRI_REST1_LR/rfMRI_REST1_LR_hp2000.ica/filtered_func_data.ica/report/f32.png","506234","MNINonLinear//Results/rfMRI_REST1_LR/rfMRI_REST1_LR_hp2000.ica/filtered_func_data.ica/report/f32.png","F41Vwmo4bSc4.4cG_QyQrKF28PfcekwL"
"s3://hcp-openaccess/HCP_1200/506234/MNINonLinear/Results/rfMRI_REST1_LR/rfMRI_REST1_LR_hp2000.ica/filtered_func_data.ica/report/f32.txt","506234","MNINonLinear//Results/rfMRI_REST1_LR/rfMRI_REST1_LR_hp2000.ica/filtered_func_data.ica/report/f32.txt","vhJpdN9xTvRFVGVrPP538C4tdBsy6j.H"
"s3://hcp-openaccess/HCP_1200/506234/MNINonLinear/Results/rfMRI_REST1_LR/rfMRI_REST1_LR_hp2000.ica/filtered_func_data.ica/report/f33.png","506234","MNINonLinear//Results/rfMRI_REST1_LR/rfMRI_REST1_LR_hp2000.ica/filtered_func_data.ica/report/f33.png","U1pBE6OAsagwiP4fj6_QW3e7MWaStTQv"
"s3://hcp-openaccess/HCP_1200/506234/MNINonLinear/Results/rfMRI_REST1_LR/rfMRI_REST1_LR_hp2000.ica/filtered_func_data.ica/report/f33.txt","506234","MNINonLinear//Results/rfMRI_REST1_LR/rfMRI_REST1_LR_hp2000.ica/filtered_func_data.ica/report/f33.txt","bXeTLJrXZqvAifSVlps67_odksKjBQjv"
"s3://hcp-openaccess/HCP_1200/506234/MNINonLinear/Results/rfMRI_REST1_LR/rfMRI_REST1_LR_hp2000.ica/filtered_func_data.ica/report/f34.png","506234","MNINonLinear//Results/rfMRI_REST1_LR/rfMRI_REST1_LR_hp2000.ica/filtered_func_data.ica/report/f34.png","jgZutmJMdVWlxDGOTJOhMMIRINeP05Y7"
"s3://hcp-openaccess/HCP_1200/506234/MNINonLinear/Results/rfMRI_REST1_LR/rfMRI_REST1_LR_hp2000.ica/filtered_func_data.ica/report/f34.txt","506234","MNINonLinear//Results/rfMRI_REST1_LR/rfMRI_REST1_LR_hp2000.ica/filtered_func_data.ica/report/f34.txt","UL_fOKSvKj6gBlzBde5BwL0ObHqCBOqm"
"s3://hcp-openaccess/HCP_1200/506234/MNINonLinear/Results/rfMRI_REST1_LR/rfMRI_REST1_LR_hp2000.ica/filtered_func_data.ica/report/f35.png","506234","MNINonLinear//Results/rfMRI_REST1_LR/rfMRI_REST1_LR_hp2000.ica/filtered_func_data.ica/report/f35.png",".Bm5QWBWedniMc19_6NjZdlGaYRe_M1D"
"s3://hcp-openaccess/HCP_1200/506234/MNINonLinear/Results/rfMRI_REST1_LR/rfMRI_REST1_LR_hp2000.ica/filtered_func_data.ica/report/f35.txt","506234","MNINonLinear//Results/rfMRI_REST1_LR/rfMRI_REST1_LR_hp2000.ica/filtered_func_data.ica/report/f35.txt","NFb_NEN5skOP4eQBWupq1ZpQ8thUOVn5"
"s3://hcp-openaccess/HCP_1200/506234/MNINonLinear/Results/rfMRI_REST1_LR/rfMRI_REST1_LR_hp2000.ica/filtered_func_data.ica/report/f36.png","506234","MNINonLinear//Results/rfMRI_REST1_LR/rfMRI_REST1_LR_hp2000.ica/filtered_func_data.ica/report/f36.png","q6WpO33jAf4UujxeUWbhl.gcGdT1GIra"
"s3://hcp-openaccess/HCP_1200/506234/MNINonLinear/Results/rfMRI_REST1_LR/rfMRI_REST1_LR_hp2000.ica/filtered_func_data.ica/report/f36.txt","506234","MNINonLinear//Results/rfMRI_REST1_LR/rfMRI_REST1_LR_hp2000.ica/filtered_func_data.ica/report/f36.txt","PS9d1.SWCQYlzhK6Q4f7qYup3M7iuuGL"
"s3://hcp-openaccess/HCP_1200/506234/MNINonLinear/Results/rfMRI_REST1_LR/rfMRI_REST1_LR_hp2000.ica/filtered_func_data.ica/report/f37.png","506234","MNINonLinear//Results/rfMRI_REST1_LR/rfMRI_REST1_LR_hp2000.ica/filtered_func_data.ica/report/f37.png","mO_SYh.6gxOjhGXqo6qVf_aPNLS3SzMl"
"s3://hcp-openaccess/HCP_1200/506234/MNINonLinear/Results/rfMRI_REST1_LR/rfMRI_REST1_LR_hp2000.ica/filtered_func_data.ica/report/f37.txt","506234","MNINonLinear//Results/rfMRI_REST1_LR/rfMRI_REST1_LR_hp2000.ica/filtered_func_data.ica/report/f37.txt","rU3_h13g_h8DNkxwGoL_1CxIZhuNP1Z0"
"s3://hcp-openaccess/HCP_1200/506234/MNINonLinear/Results/rfMRI_REST1_LR/rfMRI_REST1_LR_hp2000.ica/filtered_func_data.ica/report/f38.png","506234","MNINonLinear//Results/rfMRI_REST1_LR/rfMRI_REST1_LR_hp2000.ica/filtered_func_data.ica/report/f38.png","VGCencnMYnF7I32JDQ5IY5wj9CrqhIXn"
"s3://hcp-openaccess/HCP_1200/506234/MNINonLinear/Results/rfMRI_REST1_LR/rfMRI_REST1_LR_hp2000.ica/filtered_func_data.ica/report/f38.txt","506234","MNINonLinear//Results/rfMRI_REST1_LR/rfMRI_REST1_LR_hp2000.ica/filtered_func_data.ica/report/f38.txt","Z22vnKmfBUiKJT7hHXDc.Nu2Ru9GsnVR"
"s3://hcp-openaccess/HCP_1200/506234/MNINonLinear/Results/rfMRI_REST1_LR/rfMRI_REST1_LR_hp2000.ica/filtered_func_data.ica/report/f39.png","506234","MNINonLinear//Results/rfMRI_REST1_LR/rfMRI_REST1_LR_hp2000.ica/filtered_func_data.ica/report/f39.png","mmb_Rzk5pNHzpETps76mlCrTOhlnwBPi"
"s3://hcp-openaccess/HCP_1200/506234/MNINonLinear/Results/rfMRI_REST1_LR/rfMRI_REST1_LR_hp2000.ica/filtered_func_data.ica/report/f39.txt","506234","MNINonLinear//Results/rfMRI_REST1_LR/rfMRI_REST1_LR_hp2000.ica/filtered_func_data.ica/report/f39.txt","gNSAWAjGue4dt2ASO95JwQrGdBiFVB7l"
"s3://hcp-openaccess/HCP_1200/506234/MNINonLinear/Results/rfMRI_REST1_LR/rfMRI_REST1_LR_hp2000.ica/filtered_func_data.ica/report/f4.png","506234","MNINonLinear//Results/rfMRI_REST1_LR/rfMRI_REST1_LR_hp2000.ica/filtered_func_data.ica/report/f4.png","q1U.yoem6S3IYQPNYhj9WPLP6dAst8XF"
"s3://hcp-openaccess/HCP_1200/506234/MNINonLinear/Results/rfMRI_REST1_LR/rfMRI_REST1_LR_hp2000.ica/filtered_func_data.ica/report/f4.txt","506234","MNINonLinear//Results/rfMRI_REST1_LR/rfMRI_REST1_LR_hp2000.ica/filtered_func_data.ica/report/f4.txt","yITl49k_ZUMlwAO_nqFL2HHHQw2_fVEK"
"s3://hcp-openaccess/HCP_1200/506234/MNINonLinear/Results/rfMRI_REST1_LR/rfMRI_REST1_LR_hp2000.ica/filtered_func_data.ica/report/f40.png","506234","MNINonLinear//Results/rfMRI_REST1_LR/rfMRI_REST1_LR_hp2000.ica/filtered_func_data.ica/report/f40.png","gpw_NSVSEYGjSVxcJwQ96apmqVig8MhO"
"s3://hcp-openaccess/HCP_1200/506234/MNINonLinear/Results/rfMRI_REST1_LR/rfMRI_REST1_LR_hp2000.ica/filtered_func_data.ica/report/f40.txt","506234","MNINonLinear//Results/rfMRI_REST1_LR/rfMRI_REST1_LR_hp2000.ica/filtered_func_data.ica/report/f40.txt","IP_VAHXK0ckwYe7GEtS9rP4NgUivFZKX"
"s3://hcp-openaccess/HCP_1200/506234/MNINonLinear/Results/rfMRI_REST1_LR/rfMRI_REST1_LR_hp2000.ica/filtered_func_data.ica/report/f41.png","506234","MNINonLinear//Results/rfMRI_REST1_LR/rfMRI_REST1_LR_hp2000.ica/filtered_func_data.ica/report/f41.png","zAeIcMBgjzybNd2Jc7WhZIkOhSxZ8Jxl"
"s3://hcp-openaccess/HCP_1200/506234/MNINonLinear/Results/rfMRI_REST1_LR/rfMRI_REST1_LR_hp2000.ica/filtered_func_data.ica/report/f41.txt","506234","MNINonLinear//Results/rfMRI_REST1_LR/rfMRI_REST1_LR_hp2000.ica/filtered_func_data.ica/report/f41.txt","eA1YxeF_VGbgo.4koPNfggyX33vsYO8N"
"s3://hcp-openaccess/HCP_1200/506234/MNINonLinear/Results/rfMRI_REST1_LR/rfMRI_REST1_LR_hp2000.ica/filtered_func_data.ica/report/f42.png","506234","MNINonLinear//Results/rfMRI_REST1_LR/rfMRI_REST1_LR_hp2000.ica/filtered_func_data.ica/report/f42.png","WNgTsH1EXgHgJkNjVbJ8pKYWNIT7cEM1"
"s3://hcp-openaccess/HCP_1200/506234/MNINonLinear/Results/rfMRI_REST1_LR/rfMRI_REST1_LR_hp2000.ica/filtered_func_data.ica/report/f42.txt","506234","MNINonLinear//Results/rfMRI_REST1_LR/rfMRI_REST1_LR_hp2000.ica/filtered_func_data.ica/report/f42.txt","q1fBsGMLanjKeJ_9o_shVQJuzwl97dhF"
"s3://hcp-openaccess/HCP_1200/506234/MNINonLinear/Results/rfMRI_REST1_LR/rfMRI_REST1_LR_hp2000.ica/filtered_func_data.ica/report/f43.png","506234","MNINonLinear//Results/rfMRI_REST1_LR/rfMRI_REST1_LR_hp2000.ica/filtered_func_data.ica/report/f43.png","WIaWaKp4DGame12DA1niIz0JI8IINW6i"
"s3://hcp-openaccess/HCP_1200/506234/MNINonLinear/Results/rfMRI_REST1_LR/rfMRI_REST1_LR_hp2000.ica/filtered_func_data.ica/report/f43.txt","506234","MNINonLinear//Results/rfMRI_REST1_LR/rfMRI_REST1_LR_hp2000.ica/filtered_func_data.ica/report/f43.txt","g4m3MfEiC1akJv8gK7vajBIW7Z5XvSNT"
"s3://hcp-openaccess/HCP_1200/506234/MNINonLinear/Results/rfMRI_REST1_LR/rfMRI_REST1_LR_hp2000.ica/filtered_func_data.ica/report/f44.png","506234","MNINonLinear//Results/rfMRI_REST1_LR/rfMRI_REST1_LR_hp2000.ica/filtered_func_data.ica/report/f44.png","UCJELPJk_Y40PbvLGTHf2l67SNhTCDLU"
"s3://hcp-openaccess/HCP_1200/506234/MNINonLinear/Results/rfMRI_REST1_LR/rfMRI_REST1_LR_hp2000.ica/filtered_func_data.ica/report/f44.txt","506234","MNINonLinear//Results/rfMRI_REST1_LR/rfMRI_REST1_LR_hp2000.ica/filtered_func_data.ica/report/f44.txt","NRo6T6bQD7YXUsDB.Rv2ZAhrUbm_0cSe"
"s3://hcp-openaccess/HCP_1200/506234/MNINonLinear/Results/rfMRI_REST1_LR/rfMRI_REST1_LR_hp2000.ica/filtered_func_data.ica/report/f45.png","506234","MNINonLinear//Results/rfMRI_REST1_LR/rfMRI_REST1_LR_hp2000.ica/filtered_func_data.ica/report/f45.png","0Kva_8_jEtpz8LKXP9yBsd9W4SPaBdG3"
"s3://hcp-openaccess/HCP_1200/506234/MNINonLinear/Results/rfMRI_REST1_LR/rfMRI_REST1_LR_hp2000.ica/filtered_func_data.ica/report/f45.txt","506234","MNINonLinear//Results/rfMRI_REST1_LR/rfMRI_REST1_LR_hp2000.ica/filtered_func_data.ica/report/f45.txt","YISEkqjMWP6ynyHyjHU7SjpN0vdrv3eb"
"s3://hcp-openaccess/HCP_1200/506234/MNINonLinear/Results/rfMRI_REST1_LR/rfMRI_REST1_LR_hp2000.ica/filtered_func_data.ica/report/f46.png","506234","MNINonLinear//Results/rfMRI_REST1_LR/rfMRI_REST1_LR_hp2000.ica/filtered_func_data.ica/report/f46.png","Rao.FwfPD5h37KoR5UH_kckI6LMFLQxL"
"s3://hcp-openaccess/HCP_1200/506234/MNINonLinear/Results/rfMRI_REST1_LR/rfMRI_REST1_LR_hp2000.ica/filtered_func_data.ica/report/f46.txt","506234","MNINonLinear//Results/rfMRI_REST1_LR/rfMRI_REST1_LR_hp2000.ica/filtered_func_data.ica/report/f46.txt","UgoTc0xLGcd5R7Z.v7_pgDk6B94_vjKe"
"s3://hcp-openaccess/HCP_1200/506234/MNINonLinear/Results/rfMRI_REST1_LR/rfMRI_REST1_LR_hp2000.ica/filtered_func_data.ica/report/f47.png","506234","MNINonLinear//Results/rfMRI_REST1_LR/rfMRI_REST1_LR_hp2000.ica/filtered_func_data.ica/report/f47.png","D_ersyiuQ6UYD9JQ9CrAMqszTXn8Hkg0"
"s3://hcp-openaccess/HCP_1200/506234/MNINonLinear/Results/rfMRI_REST1_LR/rfMRI_REST1_LR_hp2000.ica/filtered_func_data.ica/report/f47.txt","506234","MNINonLinear//Results/rfMRI_REST1_LR/rfMRI_REST1_LR_hp2000.ica/filtered_func_data.ica/report/f47.txt","Zn42xLaRL_GsKWI2X.2bcTHT9oTbIGjs"
"s3://hcp-openaccess/HCP_1200/506234/MNINonLinear/Results/rfMRI_REST1_LR/rfMRI_REST1_LR_hp2000.ica/filtered_func_data.ica/report/f48.png","506234","MNINonLinear//Results/rfMRI_REST1_LR/rfMRI_REST1_LR_hp2000.ica/filtered_func_data.ica/report/f48.png","e38B9GXdibOOTzgofEnxylEB6gX4qr7Y"
"s3://hcp-openaccess/HCP_1200/506234/MNINonLinear/Results/rfMRI_REST1_LR/rfMRI_REST1_LR_hp2000.ica/filtered_func_data.ica/report/f48.txt","506234","MNINonLinear//Results/rfMRI_REST1_LR/rfMRI_REST1_LR_hp2000.ica/filtered_func_data.ica/report/f48.txt","LMtOZPBrbqzSd7gBxIimVJ98BjZ0gziT"
"s3://hcp-openaccess/HCP_1200/506234/MNINonLinear/Results/rfMRI_REST1_LR/rfMRI_REST1_LR_hp2000.ica/filtered_func_data.ica/report/f49.png","506234","MNINonLinear//Results/rfMRI_REST1_LR/rfMRI_REST1_LR_hp2000.ica/filtered_func_data.ica/report/f49.png","qXgjNYu.j2ZzswUy554PnE93pOVVMWY6"
"s3://hcp-openaccess/HCP_1200/506234/MNINonLinear/Results/rfMRI_REST1_LR/rfMRI_REST1_LR_hp2000.ica/filtered_func_data.ica/report/f49.txt","506234","MNINonLinear//Results/rfMRI_REST1_LR/rfMRI_REST1_LR_hp2000.ica/filtered_func_data.ica/report/f49.txt","pG5kHilCEj3P2k1OisR8xfcNbWJcYnW6"
"s3://hcp-openaccess/HCP_1200/506234/MNINonLinear/Results/rfMRI_REST1_LR/rfMRI_REST1_LR_hp2000.ica/filtered_func_data.ica/report/f5.png","506234","MNINonLinear//Results/rfMRI_REST1_LR/rfMRI_REST1_LR_hp2000.ica/filtered_func_data.ica/report/f5.png","nwOeHpESE7avQzSyvUmXHn8cId96Fb7W"
"s3://hcp-openaccess/HCP_1200/506234/MNINonLinear/Results/rfMRI_REST1_LR/rfMRI_REST1_LR_hp2000.ica/filtered_func_data.ica/report/f5.txt","506234","MNINonLinear//Results/rfMRI_REST1_LR/rfMRI_REST1_LR_hp2000.ica/filtered_func_data.ica/report/f5.txt","pSkMRcC6jWha29_cx9ewsZvuTtRPCsj3"
"s3://hcp-openaccess/HCP_1200/506234/MNINonLinear/Results/rfMRI_REST1_LR/rfMRI_REST1_LR_hp2000.ica/filtered_func_data.ica/report/f50.png","506234","MNINonLinear//Results/rfMRI_REST1_LR/rfMRI_REST1_LR_hp2000.ica/filtered_func_data.ica/report/f50.png","mkPP.EPRwhGrHK2z7aaAkyeRnQQt0.5V"
"s3://hcp-openaccess/HCP_1200/506234/MNINonLinear/Results/rfMRI_REST1_LR/rfMRI_REST1_LR_hp2000.ica/filtered_func_data.ica/report/f50.txt","506234","MNINonLinear//Results/rfMRI_REST1_LR/rfMRI_REST1_LR_hp2000.ica/filtered_func_data.ica/report/f50.txt","7061vMVmnVYKf1JxnComq7XY_Pn_QLuM"
"s3://hcp-openaccess/HCP_1200/506234/MNINonLinear/Results/rfMRI_REST1_LR/rfMRI_REST1_LR_hp2000.ica/filtered_func_data.ica/report/f51.png","506234","MNINonLinear//Results/rfMRI_REST1_LR/rfMRI_REST1_LR_hp2000.ica/filtered_func_data.ica/report/f51.png","oyeKGzV1vKCPXzYbvejLeMMP7jRm2h.k"
"s3://hcp-openaccess/HCP_1200/506234/MNINonLinear/Results/rfMRI_REST1_LR/rfMRI_REST1_LR_hp2000.ica/filtered_func_data.ica/report/f51.txt","506234","MNINonLinear//Results/rfMRI_REST1_LR/rfMRI_REST1_LR_hp2000.ica/filtered_func_data.ica/report/f51.txt","tHPJ4mnMbDnGn0wcnF12X1JSsdHuX3O8"
"s3://hcp-openaccess/HCP_1200/506234/MNINonLinear/Results/rfMRI_REST1_LR/rfMRI_REST1_LR_hp2000.ica/filtered_func_data.ica/report/f52.png","506234","MNINonLinear//Results/rfMRI_REST1_LR/rfMRI_REST1_LR_hp2000.ica/filtered_func_data.ica/report/f52.png","2ZVx9TTRZFwqLM7xeuoWssPattRnqt4e"
"s3://hcp-openaccess/HCP_1200/506234/MNINonLinear/Results/rfMRI_REST1_LR/rfMRI_REST1_LR_hp2000.ica/filtered_func_data.ica/report/f52.txt","506234","MNINonLinear//Results/rfMRI_REST1_LR/rfMRI_REST1_LR_hp2000.ica/filtered_func_data.ica/report/f52.txt","I30R2T1G_hNGysfHK6dayeN7Zq_ZBejI"
"s3://hcp-openaccess/HCP_1200/506234/MNINonLinear/Results/rfMRI_REST1_LR/rfMRI_REST1_LR_hp2000.ica/filtered_func_data.ica/report/f53.png","506234","MNINonLinear//Results/rfMRI_REST1_LR/rfMRI_REST1_LR_hp2000.ica/filtered_func_data.ica/report/f53.png","kkf7Bkid6nxoMMimefv_qNKegaD9abcu"
"s3://hcp-openaccess/HCP_1200/506234/MNINonLinear/Results/rfMRI_REST1_LR/rfMRI_REST1_LR_hp2000.ica/filtered_func_data.ica/report/f53.txt","506234","MNINonLinear//Results/rfMRI_REST1_LR/rfMRI_REST1_LR_hp2000.ica/filtered_func_data.ica/report/f53.txt","dH71.MYqCb7qru_Hs82c5DctaWedDmJd"
"s3://hcp-openaccess/HCP_1200/506234/MNINonLinear/Results/rfMRI_REST1_LR/rfMRI_REST1_LR_hp2000.ica/filtered_func_data.ica/report/f54.png","506234","MNINonLinear//Results/rfMRI_REST1_LR/rfMRI_REST1_LR_hp2000.ica/filtered_func_data.ica/report/f54.png","THd4T_ifQgWUlpFnikGMkF3ufm1kvWTQ"
"s3://hcp-openaccess/HCP_1200/506234/MNINonLinear/Results/rfMRI_REST1_LR/rfMRI_REST1_LR_hp2000.ica/filtered_func_data.ica/report/f54.txt","506234","MNINonLinear//Results/rfMRI_REST1_LR/rfMRI_REST1_LR_hp2000.ica/filtered_func_data.ica/report/f54.txt","9gEYgMi1Vj3yFs7ylzGUzBYyLH80gQDu"
"s3://hcp-openaccess/HCP_1200/506234/MNINonLinear/Results/rfMRI_REST1_LR/rfMRI_REST1_LR_hp2000.ica/filtered_func_data.ica/report/f55.png","506234","MNINonLinear//Results/rfMRI_REST1_LR/rfMRI_REST1_LR_hp2000.ica/filtered_func_data.ica/report/f55.png","VC.Gn8uFUi.SQD1_D4rIOOSzAnxgemBn"
"s3://hcp-openaccess/HCP_1200/506234/MNINonLinear/Results/rfMRI_REST1_LR/rfMRI_REST1_LR_hp2000.ica/filtered_func_data.ica/report/f55.txt","506234","MNINonLinear//Results/rfMRI_REST1_LR/rfMRI_REST1_LR_hp2000.ica/filtered_func_data.ica/report/f55.txt","W6uWnDap7sKzFSihPHtDldr1mTRQs.cb"
"s3://hcp-openaccess/HCP_1200/506234/MNINonLinear/Results/rfMRI_REST1_LR/rfMRI_REST1_LR_hp2000.ica/filtered_func_data.ica/report/f56.png","506234","MNINonLinear//Results/rfMRI_REST1_LR/rfMRI_REST1_LR_hp2000.ica/filtered_func_data.ica/report/f56.png","oymZ_03OZpoum6tva9VfLcx7UdVxI2yG"
"s3://hcp-openaccess/HCP_1200/506234/MNINonLinear/Results/rfMRI_REST1_LR/rfMRI_REST1_LR_hp2000.ica/filtered_func_data.ica/report/f56.txt","506234","MNINonLinear//Results/rfMRI_REST1_LR/rfMRI_REST1_LR_hp2000.ica/filtered_func_data.ica/report/f56.txt","s2gMholFNYf04kfJWXgeJ7bZxmrvr.sI"
"s3://hcp-openaccess/HCP_1200/506234/MNINonLinear/Results/rfMRI_REST1_LR/rfMRI_REST1_LR_hp2000.ica/filtered_func_data.ica/report/f57.png","506234","MNINonLinear//Results/rfMRI_REST1_LR/rfMRI_REST1_LR_hp2000.ica/filtered_func_data.ica/report/f57.png","SjR8XW0Ox5HNJNS7PIsr9n9j5KmLoqX0"
"s3://hcp-openaccess/HCP_1200/506234/MNINonLinear/Results/rfMRI_REST1_LR/rfMRI_REST1_LR_hp2000.ica/filtered_func_data.ica/report/f57.txt","506234","MNINonLinear//Results/rfMRI_REST1_LR/rfMRI_REST1_LR_hp2000.ica/filtered_func_data.ica/report/f57.txt","9H7A4W5VgJKHG6isTvLp5Slq.mQ5Gv12"
"s3://hcp-openaccess/HCP_1200/506234/MNINonLinear/Results/rfMRI_REST1_LR/rfMRI_REST1_LR_hp2000.ica/filtered_func_data.ica/report/f58.png","506234","MNINonLinear//Results/rfMRI_REST1_LR/rfMRI_REST1_LR_hp2000.ica/filtered_func_data.ica/report/f58.png","MTZ_5WeGZ.vJMSk.PBwQM.eJY_WucXI5"
"s3://hcp-openaccess/HCP_1200/506234/MNINonLinear/Results/rfMRI_REST1_LR/rfMRI_REST1_LR_hp2000.ica/filtered_func_data.ica/report/f58.txt","506234","MNINonLinear//Results/rfMRI_REST1_LR/rfMRI_REST1_LR_hp2000.ica/filtered_func_data.ica/report/f58.txt","thwuhPhZAUP.leJHNDMoYVEc.1NJ5pUG"
"s3://hcp-openaccess/HCP_1200/506234/MNINonLinear/Results/rfMRI_REST1_LR/rfMRI_REST1_LR_hp2000.ica/filtered_func_data.ica/report/f59.png","506234","MNINonLinear//Results/rfMRI_REST1_LR/rfMRI_REST1_LR_hp2000.ica/filtered_func_data.ica/report/f59.png","zST1wYB.BxBoNzBrNcb7UWYKTODyUHLb"
"s3://hcp-openaccess/HCP_1200/506234/MNINonLinear/Results/rfMRI_REST1_LR/rfMRI_REST1_LR_hp2000.ica/filtered_func_data.ica/report/f59.txt","506234","MNINonLinear//Results/rfMRI_REST1_LR/rfMRI_REST1_LR_hp2000.ica/filtered_func_data.ica/report/f59.txt","_MVFZwjCIVQCZ3REHHWngyqiAZ8UCcBi"
"s3://hcp-openaccess/HCP_1200/506234/MNINonLinear/Results/rfMRI_REST1_LR/rfMRI_REST1_LR_hp2000.ica/filtered_func_data.ica/report/f6.png","506234","MNINonLinear//Results/rfMRI_REST1_LR/rfMRI_REST1_LR_hp2000.ica/filtered_func_data.ica/report/f6.png","eGeW2PdCyaG2BGFwYMdmx666cdDtQkAd"
"s3://hcp-openaccess/HCP_1200/506234/MNINonLinear/Results/rfMRI_REST1_LR/rfMRI_REST1_LR_hp2000.ica/filtered_func_data.ica/report/f6.txt","506234","MNINonLinear//Results/rfMRI_REST1_LR/rfMRI_REST1_LR_hp2000.ica/filtered_func_data.ica/report/f6.txt","yAKkjevfPKD11FddpCWxJsegRXkBUfv6"
"s3://hcp-openaccess/HCP_1200/506234/MNINonLinear/Results/rfMRI_REST1_LR/rfMRI_REST1_LR_hp2000.ica/filtered_func_data.ica/report/f60.png","506234","MNINonLinear//Results/rfMRI_REST1_LR/rfMRI_REST1_LR_hp2000.ica/filtered_func_data.ica/report/f60.png","eeeZZyPNLk97RLTNp1.w5toAIplXCzFE"
"s3://hcp-openaccess/HCP_1200/506234/MNINonLinear/Results/rfMRI_REST1_LR/rfMRI_REST1_LR_hp2000.ica/filtered_func_data.ica/report/f60.txt","506234","MNINonLinear//Results/rfMRI_REST1_LR/rfMRI_REST1_LR_hp2000.ica/filtered_func_data.ica/report/f60.txt","Co5JG.gKQ2Nd.AKZkorGVn5GbvqY8eC2"
"s3://hcp-openaccess/HCP_1200/506234/MNINonLinear/Results/rfMRI_REST1_LR/rfMRI_REST1_LR_hp2000.ica/filtered_func_data.ica/report/f61.png","506234","MNINonLinear//Results/rfMRI_REST1_LR/rfMRI_REST1_LR_hp2000.ica/filtered_func_data.ica/report/f61.png","YigeSBQjN_oEDGZK.lzMUFYtLoE8.vkY"
"s3://hcp-openaccess/HCP_1200/506234/MNINonLinear/Results/rfMRI_REST1_LR/rfMRI_REST1_LR_hp2000.ica/filtered_func_data.ica/report/f61.txt","506234","MNINonLinear//Results/rfMRI_REST1_LR/rfMRI_REST1_LR_hp2000.ica/filtered_func_data.ica/report/f61.txt","NxTQRMhGPUc0_wSlWcljROQVje30QFfI"
"s3://hcp-openaccess/HCP_1200/506234/MNINonLinear/Results/rfMRI_REST1_LR/rfMRI_REST1_LR_hp2000.ica/filtered_func_data.ica/report/f62.png","506234","MNINonLinear//Results/rfMRI_REST1_LR/rfMRI_REST1_LR_hp2000.ica/filtered_func_data.ica/report/f62.png","QYRKGdUddDuGzC5rvjaYN67NUG2jLBxy"
"s3://hcp-openaccess/HCP_1200/506234/MNINonLinear/Results/rfMRI_REST1_LR/rfMRI_REST1_LR_hp2000.ica/filtered_func_data.ica/report/f62.txt","506234","MNINonLinear//Results/rfMRI_REST1_LR/rfMRI_REST1_LR_hp2000.ica/filtered_func_data.ica/report/f62.txt","8PE3iPQSh1sTE_NHioteOCY22bD1xRdp"
"s3://hcp-openaccess/HCP_1200/506234/MNINonLinear/Results/rfMRI_REST1_LR/rfMRI_REST1_LR_hp2000.ica/filtered_func_data.ica/report/f63.png","506234","MNINonLinear//Results/rfMRI_REST1_LR/rfMRI_REST1_LR_hp2000.ica/filtered_func_data.ica/report/f63.png","QopdDuA5NTM8XazE0QabLrDDkAoHKlV0"
"s3://hcp-openaccess/HCP_1200/506234/MNINonLinear/Results/rfMRI_REST1_LR/rfMRI_REST1_LR_hp2000.ica/filtered_func_data.ica/report/f63.txt","506234","MNINonLinear//Results/rfMRI_REST1_LR/rfMRI_REST1_LR_hp2000.ica/filtered_func_data.ica/report/f63.txt","CvQVWvQ4pNg1WRmWaGHHVnveY1P2nUdV"
"s3://hcp-openaccess/HCP_1200/506234/MNINonLinear/Results/rfMRI_REST1_LR/rfMRI_REST1_LR_hp2000.ica/filtered_func_data.ica/report/f64.png","506234","MNINonLinear//Results/rfMRI_REST1_LR/rfMRI_REST1_LR_hp2000.ica/filtered_func_data.ica/report/f64.png","KEsyFjvuCl2SN9FLpUGN3KYh5byRyUP1"
"s3://hcp-openaccess/HCP_1200/506234/MNINonLinear/Results/rfMRI_REST1_LR/rfMRI_REST1_LR_hp2000.ica/filtered_func_data.ica/report/f64.txt","506234","MNINonLinear//Results/rfMRI_REST1_LR/rfMRI_REST1_LR_hp2000.ica/filtered_func_data.ica/report/f64.txt","wUvZY8FNsf5FBBk7nW3O0mOH2Qer5j9k"
"s3://hcp-openaccess/HCP_1200/506234/MNINonLinear/Results/rfMRI_REST1_LR/rfMRI_REST1_LR_hp2000.ica/filtered_func_data.ica/report/f65.png","506234","MNINonLinear//Results/rfMRI_REST1_LR/rfMRI_REST1_LR_hp2000.ica/filtered_func_data.ica/report/f65.png","60Lny1ngxbSUzS8Ozj7cfbWjZmAvPM6a"
"s3://hcp-openaccess/HCP_1200/506234/MNINonLinear/Results/rfMRI_REST1_LR/rfMRI_REST1_LR_hp2000.ica/filtered_func_data.ica/report/f65.txt","506234","MNINonLinear//Results/rfMRI_REST1_LR/rfMRI_REST1_LR_hp2000.ica/filtered_func_data.ica/report/f65.txt","wEANOXO8FihgPZ8VPp0elp3QVhcCyKLU"
"s3://hcp-openaccess/HCP_1200/506234/MNINonLinear/Results/rfMRI_REST1_LR/rfMRI_REST1_LR_hp2000.ica/filtered_func_data.ica/report/f66.png","506234","MNINonLinear//Results/rfMRI_REST1_LR/rfMRI_REST1_LR_hp2000.ica/filtered_func_data.ica/report/f66.png","HI9rv.oOBpMvXaqZWvcdHVb7izck9uvH"
"s3://hcp-openaccess/HCP_1200/506234/MNINonLinear/Results/rfMRI_REST1_LR/rfMRI_REST1_LR_hp2000.ica/filtered_func_data.ica/report/f66.txt","506234","MNINonLinear//Results/rfMRI_REST1_LR/rfMRI_REST1_LR_hp2000.ica/filtered_func_data.ica/report/f66.txt","lPZHpoze6gViI7G3h5bAe1moCCLU.20M"
"s3://hcp-openaccess/HCP_1200/506234/MNINonLinear/Results/rfMRI_REST1_LR/rfMRI_REST1_LR_hp2000.ica/filtered_func_data.ica/report/f67.png","506234","MNINonLinear//Results/rfMRI_REST1_LR/rfMRI_REST1_LR_hp2000.ica/filtered_func_data.ica/report/f67.png","_D2WQ6_WNRL6B3_Zklxe4g8aRXe0wX5Q"
"s3://hcp-openaccess/HCP_1200/506234/MNINonLinear/Results/rfMRI_REST1_LR/rfMRI_REST1_LR_hp2000.ica/filtered_func_data.ica/report/f67.txt","506234","MNINonLinear//Results/rfMRI_REST1_LR/rfMRI_REST1_LR_hp2000.ica/filtered_func_data.ica/report/f67.txt","_1tJ9zZC5ewLAF6X3fwY690H5.Fbp5OA"
"s3://hcp-openaccess/HCP_1200/506234/MNINonLinear/Results/rfMRI_REST1_LR/rfMRI_REST1_LR_hp2000.ica/filtered_func_data.ica/report/f68.png","506234","MNINonLinear//Results/rfMRI_REST1_LR/rfMRI_REST1_LR_hp2000.ica/filtered_func_data.ica/report/f68.png","KNksY8vcUx7WcNDcylYXSyYE6c.1etOf"
"s3://hcp-openaccess/HCP_1200/506234/MNINonLinear/Results/rfMRI_REST1_LR/rfMRI_REST1_LR_hp2000.ica/filtered_func_data.ica/report/f68.txt","506234","MNINonLinear//Results/rfMRI_REST1_LR/rfMRI_REST1_LR_hp2000.ica/filtered_func_data.ica/report/f68.txt","sDzBqnhgMgNXHvU_a3e2EDivEkuxnFeV"
"s3://hcp-openaccess/HCP_1200/506234/MNINonLinear/Results/rfMRI_REST1_LR/rfMRI_REST1_LR_hp2000.ica/filtered_func_data.ica/report/f69.png","506234","MNINonLinear//Results/rfMRI_REST1_LR/rfMRI_REST1_LR_hp2000.ica/filtered_func_data.ica/report/f69.png","7NvIN75MY1EV.rWa4lk1rZoRbdySwXHR"
"s3://hcp-openaccess/HCP_1200/506234/MNINonLinear/Results/rfMRI_REST1_LR/rfMRI_REST1_LR_hp2000.ica/filtered_func_data.ica/report/f69.txt","506234","MNINonLinear//Results/rfMRI_REST1_LR/rfMRI_REST1_LR_hp2000.ica/filtered_func_data.ica/report/f69.txt","efY4PmxM8Vyn.ocQyFPsXwcNH0jpEuNU"
"s3://hcp-openaccess/HCP_1200/506234/MNINonLinear/Results/rfMRI_REST1_LR/rfMRI_REST1_LR_hp2000.ica/filtered_func_data.ica/report/f7.png","506234","MNINonLinear//Results/rfMRI_REST1_LR/rfMRI_REST1_LR_hp2000.ica/filtered_func_data.ica/report/f7.png","d1Z_GRI0_sKNbruo80NA64ErI37.gnnL"
"s3://hcp-openaccess/HCP_1200/506234/MNINonLinear/Results/rfMRI_REST1_LR/rfMRI_REST1_LR_hp2000.ica/filtered_func_data.ica/report/f7.txt","506234","MNINonLinear//Results/rfMRI_REST1_LR/rfMRI_REST1_LR_hp2000.ica/filtered_func_data.ica/report/f7.txt","Oz2QDrwMl3hyQYSnpm2rbBs7VXoXHZ4m"
"s3://hcp-openaccess/HCP_1200/506234/MNINonLinear/Results/rfMRI_REST1_LR/rfMRI_REST1_LR_hp2000.ica/filtered_func_data.ica/report/f70.png","506234","MNINonLinear//Results/rfMRI_REST1_LR/rfMRI_REST1_LR_hp2000.ica/filtered_func_data.ica/report/f70.png","dOXEAXsWfluGAofuSV.gqZIoSPPD9O_8"
"s3://hcp-openaccess/HCP_1200/506234/MNINonLinear/Results/rfMRI_REST1_LR/rfMRI_REST1_LR_hp2000.ica/filtered_func_data.ica/report/f70.txt","506234","MNINonLinear//Results/rfMRI_REST1_LR/rfMRI_REST1_LR_hp2000.ica/filtered_func_data.ica/report/f70.txt","17QGyB4y38cCFhE9cZbHttooXZpekZd."
"s3://hcp-openaccess/HCP_1200/506234/MNINonLinear/Results/rfMRI_REST1_LR/rfMRI_REST1_LR_hp2000.ica/filtered_func_data.ica/report/f71.png","506234","MNINonLinear//Results/rfMRI_REST1_LR/rfMRI_REST1_LR_hp2000.ica/filtered_func_data.ica/report/f71.png","DwqiuGIo._qof7WsPUh0QUGenlpZ5th3"
"s3://hcp-openaccess/HCP_1200/506234/MNINonLinear/Results/rfMRI_REST1_LR/rfMRI_REST1_LR_hp2000.ica/filtered_func_data.ica/report/f71.txt","506234","MNINonLinear//Results/rfMRI_REST1_LR/rfMRI_REST1_LR_hp2000.ica/filtered_func_data.ica/report/f71.txt","111NFUBGUzM2KMQB5GpQrsXv7WCuHxHz"
"s3://hcp-openaccess/HCP_1200/506234/MNINonLinear/Results/rfMRI_REST1_LR/rfMRI_REST1_LR_hp2000.ica/filtered_func_data.ica/report/f72.png","506234","MNINonLinear//Results/rfMRI_REST1_LR/rfMRI_REST1_LR_hp2000.ica/filtered_func_data.ica/report/f72.png","KV1vRueRyes.3CSlKjb8UxN9KWMlhwyP"
"s3://hcp-openaccess/HCP_1200/506234/MNINonLinear/Results/rfMRI_REST1_LR/rfMRI_REST1_LR_hp2000.ica/filtered_func_data.ica/report/f72.txt","506234","MNINonLinear//Results/rfMRI_REST1_LR/rfMRI_REST1_LR_hp2000.ica/filtered_func_data.ica/report/f72.txt","phsGBNkT.YFIOEW6pPx5w8tahhD99ZHI"
"s3://hcp-openaccess/HCP_1200/506234/MNINonLinear/Results/rfMRI_REST1_LR/rfMRI_REST1_LR_hp2000.ica/filtered_func_data.ica/report/f73.png","506234","MNINonLinear//Results/rfMRI_REST1_LR/rfMRI_REST1_LR_hp2000.ica/filtered_func_data.ica/report/f73.png","MLKu3LnXPBknwtdZhJ_EQQxoJ84FHMhQ"
"s3://hcp-openaccess/HCP_1200/506234/MNINonLinear/Results/rfMRI_REST1_LR/rfMRI_REST1_LR_hp2000.ica/filtered_func_data.ica/report/f73.txt","506234","MNINonLinear//Results/rfMRI_REST1_LR/rfMRI_REST1_LR_hp2000.ica/filtered_func_data.ica/report/f73.txt","aJ0CnyM82JWYStbiGvxRieV2N.y9wuLk"
"s3://hcp-openaccess/HCP_1200/506234/MNINonLinear/Results/rfMRI_REST1_LR/rfMRI_REST1_LR_hp2000.ica/filtered_func_data.ica/report/f74.png","506234","MNINonLinear//Results/rfMRI_REST1_LR/rfMRI_REST1_LR_hp2000.ica/filtered_func_data.ica/report/f74.png","HtYTQjLhMwTih1DzOhkcSGFqsSEOeWXI"
"s3://hcp-openaccess/HCP_1200/506234/MNINonLinear/Results/rfMRI_REST1_LR/rfMRI_REST1_LR_hp2000.ica/filtered_func_data.ica/report/f74.txt","506234","MNINonLinear//Results/rfMRI_REST1_LR/rfMRI_REST1_LR_hp2000.ica/filtered_func_data.ica/report/f74.txt","gKkBRpxZUS97mHp50Mvxs52nnYo6arll"
"s3://hcp-openaccess/HCP_1200/506234/MNINonLinear/Results/rfMRI_REST1_LR/rfMRI_REST1_LR_hp2000.ica/filtered_func_data.ica/report/f75.png","506234","MNINonLinear//Results/rfMRI_REST1_LR/rfMRI_REST1_LR_hp2000.ica/filtered_func_data.ica/report/f75.png","2RK_spbc8oSQwXuneyWGDtyVZLFRZY5D"
"s3://hcp-openaccess/HCP_1200/506234/MNINonLinear/Results/rfMRI_REST1_LR/rfMRI_REST1_LR_hp2000.ica/filtered_func_data.ica/report/f75.txt","506234","MNINonLinear//Results/rfMRI_REST1_LR/rfMRI_REST1_LR_hp2000.ica/filtered_func_data.ica/report/f75.txt","3ca6v5n2l4F9VrAXbRyVWTjv7be0gyuW"
"s3://hcp-openaccess/HCP_1200/506234/MNINonLinear/Results/rfMRI_REST1_LR/rfMRI_REST1_LR_hp2000.ica/filtered_func_data.ica/report/f76.png","506234","MNINonLinear//Results/rfMRI_REST1_LR/rfMRI_REST1_LR_hp2000.ica/filtered_func_data.ica/report/f76.png","ShlwYpMbwJLXUI.gS4aqymWEhms2i4Bm"
"s3://hcp-openaccess/HCP_1200/506234/MNINonLinear/Results/rfMRI_REST1_LR/rfMRI_REST1_LR_hp2000.ica/filtered_func_data.ica/report/f76.txt","506234","MNINonLinear//Results/rfMRI_REST1_LR/rfMRI_REST1_LR_hp2000.ica/filtered_func_data.ica/report/f76.txt","nT8BRpYCcuduoQ76qT5q8xfF0C8QCGm3"
"s3://hcp-openaccess/HCP_1200/506234/MNINonLinear/Results/rfMRI_REST1_LR/rfMRI_REST1_LR_hp2000.ica/filtered_func_data.ica/report/f77.png","506234","MNINonLinear//Results/rfMRI_REST1_LR/rfMRI_REST1_LR_hp2000.ica/filtered_func_data.ica/report/f77.png","thCP8lIExixNG1bCXpH7c5VzC5.wvI5B"
"s3://hcp-openaccess/HCP_1200/506234/MNINonLinear/Results/rfMRI_REST1_LR/rfMRI_REST1_LR_hp2000.ica/filtered_func_data.ica/report/f77.txt","506234","MNINonLinear//Results/rfMRI_REST1_LR/rfMRI_REST1_LR_hp2000.ica/filtered_func_data.ica/report/f77.txt","Z9Umvr0GccOqv5Y2mlfbcd53MQByv8Jo"
"s3://hcp-openaccess/HCP_1200/506234/MNINonLinear/Results/rfMRI_REST1_LR/rfMRI_REST1_LR_hp2000.ica/filtered_func_data.ica/report/f78.png","506234","MNINonLinear//Results/rfMRI_REST1_LR/rfMRI_REST1_LR_hp2000.ica/filtered_func_data.ica/report/f78.png","s3YPA04p2fFkta3Y5n5WJfvQN25vU.iC"
"s3://hcp-openaccess/HCP_1200/506234/MNINonLinear/Results/rfMRI_REST1_LR/rfMRI_REST1_LR_hp2000.ica/filtered_func_data.ica/report/f78.txt","506234","MNINonLinear//Results/rfMRI_REST1_LR/rfMRI_REST1_LR_hp2000.ica/filtered_func_data.ica/report/f78.txt","tDN0ho_2QxrAYD7I7NOMIjW7WduAtf1C"
"s3://hcp-openaccess/HCP_1200/506234/MNINonLinear/Results/rfMRI_REST1_LR/rfMRI_REST1_LR_hp2000.ica/filtered_func_data.ica/report/f79.png","506234","MNINonLinear//Results/rfMRI_REST1_LR/rfMRI_REST1_LR_hp2000.ica/filtered_func_data.ica/report/f79.png","MrQ7gFEI4hWE1HcwZonncVp49TRzImuh"
"s3://hcp-openaccess/HCP_1200/506234/MNINonLinear/Results/rfMRI_REST1_LR/rfMRI_REST1_LR_hp2000.ica/filtered_func_data.ica/report/f79.txt","506234","MNINonLinear//Results/rfMRI_REST1_LR/rfMRI_REST1_LR_hp2000.ica/filtered_func_data.ica/report/f79.txt","gIW5eYHkKEYwn9oHTxosdiG5NGpmVse_"
"s3://hcp-openaccess/HCP_1200/506234/MNINonLinear/Results/rfMRI_REST1_LR/rfMRI_REST1_LR_hp2000.ica/filtered_func_data.ica/report/f8.png","506234","MNINonLinear//Results/rfMRI_REST1_LR/rfMRI_REST1_LR_hp2000.ica/filtered_func_data.ica/report/f8.png","wrdQkptfyqTKg4TGVH2q1L89VT3B.K_K"
"s3://hcp-openaccess/HCP_1200/506234/MNINonLinear/Results/rfMRI_REST1_LR/rfMRI_REST1_LR_hp2000.ica/filtered_func_data.ica/report/f8.txt","506234","MNINonLinear//Results/rfMRI_REST1_LR/rfMRI_REST1_LR_hp2000.ica/filtered_func_data.ica/report/f8.txt","Ecx3fZEFUdoxYENAIvHdxP8PrcVJ_5Zu"
"s3://hcp-openaccess/HCP_1200/506234/MNINonLinear/Results/rfMRI_REST1_LR/rfMRI_REST1_LR_hp2000.ica/filtered_func_data.ica/report/f80.png","506234","MNINonLinear//Results/rfMRI_REST1_LR/rfMRI_REST1_LR_hp2000.ica/filtered_func_data.ica/report/f80.png","TEPYCB.vb.8g.4LD61n3.qz1cUqroJt9"
"s3://hcp-openaccess/HCP_1200/506234/MNINonLinear/Results/rfMRI_REST1_LR/rfMRI_REST1_LR_hp2000.ica/filtered_func_data.ica/report/f80.txt","506234","MNINonLinear//Results/rfMRI_REST1_LR/rfMRI_REST1_LR_hp2000.ica/filtered_func_data.ica/report/f80.txt","tQ4ZzvzO7BHCrY0ETtUj52bBesGpbKC8"
"s3://hcp-openaccess/HCP_1200/506234/MNINonLinear/Results/rfMRI_REST1_LR/rfMRI_REST1_LR_hp2000.ica/filtered_func_data.ica/report/f81.png","506234","MNINonLinear//Results/rfMRI_REST1_LR/rfMRI_REST1_LR_hp2000.ica/filtered_func_data.ica/report/f81.png","5hLMqz4TY1GV20_DgPw6Q8oy2ioJvdvM"
"s3://hcp-openaccess/HCP_1200/506234/MNINonLinear/Results/rfMRI_REST1_LR/rfMRI_REST1_LR_hp2000.ica/filtered_func_data.ica/report/f81.txt","506234","MNINonLinear//Results/rfMRI_REST1_LR/rfMRI_REST1_LR_hp2000.ica/filtered_func_data.ica/report/f81.txt","jNqmEehuhVUPM2Lwj8ZICHab0Yhezq1r"
"s3://hcp-openaccess/HCP_1200/506234/MNINonLinear/Results/rfMRI_REST1_LR/rfMRI_REST1_LR_hp2000.ica/filtered_func_data.ica/report/f82.png","506234","MNINonLinear//Results/rfMRI_REST1_LR/rfMRI_REST1_LR_hp2000.ica/filtered_func_data.ica/report/f82.png","K8iCl6JVylBykiElrfC1Fq9FEVDkb3gg"
"s3://hcp-openaccess/HCP_1200/506234/MNINonLinear/Results/rfMRI_REST1_LR/rfMRI_REST1_LR_hp2000.ica/filtered_func_data.ica/report/f82.txt","506234","MNINonLinear//Results/rfMRI_REST1_LR/rfMRI_REST1_LR_hp2000.ica/filtered_func_data.ica/report/f82.txt","cvE6pmBQPtOSObslG7rREo5iknkbzn7r"
"s3://hcp-openaccess/HCP_1200/506234/MNINonLinear/Results/rfMRI_REST1_LR/rfMRI_REST1_LR_hp2000.ica/filtered_func_data.ica/report/f83.png","506234","MNINonLinear//Results/rfMRI_REST1_LR/rfMRI_REST1_LR_hp2000.ica/filtered_func_data.ica/report/f83.png","Pg0UgguVZLgtgiliFxdjtsYVHcxo9sKg"
"s3://hcp-openaccess/HCP_1200/506234/MNINonLinear/Results/rfMRI_REST1_LR/rfMRI_REST1_LR_hp2000.ica/filtered_func_data.ica/report/f83.txt","506234","MNINonLinear//Results/rfMRI_REST1_LR/rfMRI_REST1_LR_hp2000.ica/filtered_func_data.ica/report/f83.txt","bZybzM6fDjptrnr6Dvnnq.2Xz38g0Kil"
"s3://hcp-openaccess/HCP_1200/506234/MNINonLinear/Results/rfMRI_REST1_LR/rfMRI_REST1_LR_hp2000.ica/filtered_func_data.ica/report/f84.png","506234","MNINonLinear//Results/rfMRI_REST1_LR/rfMRI_REST1_LR_hp2000.ica/filtered_func_data.ica/report/f84.png","3OJ8DKYMXRvU5Wg7QAN.ZUSLG5LDsXqu"
"s3://hcp-openaccess/HCP_1200/506234/MNINonLinear/Results/rfMRI_REST1_LR/rfMRI_REST1_LR_hp2000.ica/filtered_func_data.ica/report/f84.txt","506234","MNINonLinear//Results/rfMRI_REST1_LR/rfMRI_REST1_LR_hp2000.ica/filtered_func_data.ica/report/f84.txt","SY0G722JVMPulaT1h_wCOCPJzbcc59iN"
"s3://hcp-openaccess/HCP_1200/506234/MNINonLinear/Results/rfMRI_REST1_LR/rfMRI_REST1_LR_hp2000.ica/filtered_func_data.ica/report/f85.png","506234","MNINonLinear//Results/rfMRI_REST1_LR/rfMRI_REST1_LR_hp2000.ica/filtered_func_data.ica/report/f85.png","D.4.wW6xVlCnLAaOZFH0H..ezBXxKhAV"
"s3://hcp-openaccess/HCP_1200/506234/MNINonLinear/Results/rfMRI_REST1_LR/rfMRI_REST1_LR_hp2000.ica/filtered_func_data.ica/report/f85.txt","506234","MNINonLinear//Results/rfMRI_REST1_LR/rfMRI_REST1_LR_hp2000.ica/filtered_func_data.ica/report/f85.txt","EzZ6L7f.q9ASmFse60FZAhF0aDIntWZ5"
"s3://hcp-openaccess/HCP_1200/506234/MNINonLinear/Results/rfMRI_REST1_LR/rfMRI_REST1_LR_hp2000.ica/filtered_func_data.ica/report/f86.png","506234","MNINonLinear//Results/rfMRI_REST1_LR/rfMRI_REST1_LR_hp2000.ica/filtered_func_data.ica/report/f86.png","PSLqD5D6WyfN0iXvfD0Fx1p61RRSo6_P"
"s3://hcp-openaccess/HCP_1200/506234/MNINonLinear/Results/rfMRI_REST1_LR/rfMRI_REST1_LR_hp2000.ica/filtered_func_data.ica/report/f86.txt","506234","MNINonLinear//Results/rfMRI_REST1_LR/rfMRI_REST1_LR_hp2000.ica/filtered_func_data.ica/report/f86.txt","wm0OYpI_ZVYKdrJuQy7Bpl2XEZg5z4QD"
"s3://hcp-openaccess/HCP_1200/506234/MNINonLinear/Results/rfMRI_REST1_LR/rfMRI_REST1_LR_hp2000.ica/filtered_func_data.ica/report/f87.png","506234","MNINonLinear//Results/rfMRI_REST1_LR/rfMRI_REST1_LR_hp2000.ica/filtered_func_data.ica/report/f87.png","wUh7m9eULeJ3dndKd8iKQn8BgMNmsq84"
"s3://hcp-openaccess/HCP_1200/506234/MNINonLinear/Results/rfMRI_REST1_LR/rfMRI_REST1_LR_hp2000.ica/filtered_func_data.ica/report/f87.txt","506234","MNINonLinear//Results/rfMRI_REST1_LR/rfMRI_REST1_LR_hp2000.ica/filtered_func_data.ica/report/f87.txt","hF_O5ZzGw5vyRFrO7M8eVH3vmyp9aEpB"
"s3://hcp-openaccess/HCP_1200/506234/MNINonLinear/Results/rfMRI_REST1_LR/rfMRI_REST1_LR_hp2000.ica/filtered_func_data.ica/report/f88.png","506234","MNINonLinear//Results/rfMRI_REST1_LR/rfMRI_REST1_LR_hp2000.ica/filtered_func_data.ica/report/f88.png","bhhQ2quCzpl98SVsA.pk17sNEfHErNlL"
"s3://hcp-openaccess/HCP_1200/506234/MNINonLinear/Results/rfMRI_REST1_LR/rfMRI_REST1_LR_hp2000.ica/filtered_func_data.ica/report/f88.txt","506234","MNINonLinear//Results/rfMRI_REST1_LR/rfMRI_REST1_LR_hp2000.ica/filtered_func_data.ica/report/f88.txt","Z9ZKDF4yzl3noMlJ9I3KU2D6sCh_gjba"
"s3://hcp-openaccess/HCP_1200/506234/MNINonLinear/Results/rfMRI_REST1_LR/rfMRI_REST1_LR_hp2000.ica/filtered_func_data.ica/report/f89.png","506234","MNINonLinear//Results/rfMRI_REST1_LR/rfMRI_REST1_LR_hp2000.ica/filtered_func_data.ica/report/f89.png","TegvANN_g7HNXweBJ6g0rZxxsNgty52c"
"s3://hcp-openaccess/HCP_1200/506234/MNINonLinear/Results/rfMRI_REST1_LR/rfMRI_REST1_LR_hp2000.ica/filtered_func_data.ica/report/f89.txt","506234","MNINonLinear//Results/rfMRI_REST1_LR/rfMRI_REST1_LR_hp2000.ica/filtered_func_data.ica/report/f89.txt","35ItMJOukrOL_3WEXwVa73uQQscZUFkP"
"s3://hcp-openaccess/HCP_1200/506234/MNINonLinear/Results/rfMRI_REST1_LR/rfMRI_REST1_LR_hp2000.ica/filtered_func_data.ica/report/f9.png","506234","MNINonLinear//Results/rfMRI_REST1_LR/rfMRI_REST1_LR_hp2000.ica/filtered_func_data.ica/report/f9.png","kvm71MtqA9SKrR5.gHJDj84_ZmSNRK0M"
"s3://hcp-openaccess/HCP_1200/506234/MNINonLinear/Results/rfMRI_REST1_LR/rfMRI_REST1_LR_hp2000.ica/filtered_func_data.ica/report/f9.txt","506234","MNINonLinear//Results/rfMRI_REST1_LR/rfMRI_REST1_LR_hp2000.ica/filtered_func_data.ica/report/f9.txt","v177CcmT7WYlm7khgpAfFWjL00joa9Yj"
"s3://hcp-openaccess/HCP_1200/506234/MNINonLinear/Results/rfMRI_REST1_LR/rfMRI_REST1_LR_hp2000.ica/filtered_func_data.ica/report/f90.png","506234","MNINonLinear//Results/rfMRI_REST1_LR/rfMRI_REST1_LR_hp2000.ica/filtered_func_data.ica/report/f90.png","HcWIuWFiwmzyJBB5Q1oc2Gig7WCu3okV"
"s3://hcp-openaccess/HCP_1200/506234/MNINonLinear/Results/rfMRI_REST1_LR/rfMRI_REST1_LR_hp2000.ica/filtered_func_data.ica/report/f90.txt","506234","MNINonLinear//Results/rfMRI_REST1_LR/rfMRI_REST1_LR_hp2000.ica/filtered_func_data.ica/report/f90.txt","ZdVFJLYZiNo18RJyMNAquAC9po7FkXYb"
"s3://hcp-openaccess/HCP_1200/506234/MNINonLinear/Results/rfMRI_REST1_LR/rfMRI_REST1_LR_hp2000.ica/filtered_func_data.ica/report/f91.png","506234","MNINonLinear//Results/rfMRI_REST1_LR/rfMRI_REST1_LR_hp2000.ica/filtered_func_data.ica/report/f91.png","f5m6rqgjaNRIBKjhwtwCFb129.seXlX5"
"s3://hcp-openaccess/HCP_1200/506234/MNINonLinear/Results/rfMRI_REST1_LR/rfMRI_REST1_LR_hp2000.ica/filtered_func_data.ica/report/f91.txt","506234","MNINonLinear//Results/rfMRI_REST1_LR/rfMRI_REST1_LR_hp2000.ica/filtered_func_data.ica/report/f91.txt","BDbEtclzjSKaFQovuLDYKG0Yd18YZXbu"
"s3://hcp-openaccess/HCP_1200/506234/MNINonLinear/Results/rfMRI_REST1_LR/rfMRI_REST1_LR_hp2000.ica/filtered_func_data.ica/report/f92.png","506234","MNINonLinear//Results/rfMRI_REST1_LR/rfMRI_REST1_LR_hp2000.ica/filtered_func_data.ica/report/f92.png","QLYOxd5RNulWAi1UqDgbI1S74Gd_s_P4"
"s3://hcp-openaccess/HCP_1200/506234/MNINonLinear/Results/rfMRI_REST1_LR/rfMRI_REST1_LR_hp2000.ica/filtered_func_data.ica/report/f92.txt","506234","MNINonLinear//Results/rfMRI_REST1_LR/rfMRI_REST1_LR_hp2000.ica/filtered_func_data.ica/report/f92.txt","cQG5OGDQu00a8t9Vw2iXSH7Ty3gfHgul"
"s3://hcp-openaccess/HCP_1200/506234/MNINonLinear/Results/rfMRI_REST1_LR/rfMRI_REST1_LR_hp2000.ica/filtered_func_data.ica/report/f93.png","506234","MNINonLinear//Results/rfMRI_REST1_LR/rfMRI_REST1_LR_hp2000.ica/filtered_func_data.ica/report/f93.png","A0WdD5CBExtqXG0WcZGEG_jJedpDNQKz"
"s3://hcp-openaccess/HCP_1200/506234/MNINonLinear/Results/rfMRI_REST1_LR/rfMRI_REST1_LR_hp2000.ica/filtered_func_data.ica/report/f93.txt","506234","MNINonLinear//Results/rfMRI_REST1_LR/rfMRI_REST1_LR_hp2000.ica/filtered_func_data.ica/report/f93.txt","EzR81Djr2DMpSRImI988oTBih9j.5I.i"
"s3://hcp-openaccess/HCP_1200/506234/MNINonLinear/Results/rfMRI_REST1_LR/rfMRI_REST1_LR_hp2000.ica/filtered_func_data.ica/report/f94.png","506234","MNINonLinear//Results/rfMRI_REST1_LR/rfMRI_REST1_LR_hp2000.ica/filtered_func_data.ica/report/f94.png","e4R.X7Ion.WLblffg3CUAsLkAUK.I47z"
"s3://hcp-openaccess/HCP_1200/506234/MNINonLinear/Results/rfMRI_REST1_LR/rfMRI_REST1_LR_hp2000.ica/filtered_func_data.ica/report/f94.txt","506234","MNINonLinear//Results/rfMRI_REST1_LR/rfMRI_REST1_LR_hp2000.ica/filtered_func_data.ica/report/f94.txt","._9VKfETJ13bqcM1JeHzVCjfrxXJDrTJ"
"s3://hcp-openaccess/HCP_1200/506234/MNINonLinear/Results/rfMRI_REST1_LR/rfMRI_REST1_LR_hp2000.ica/filtered_func_data.ica/report/head.html","506234","MNINonLinear//Results/rfMRI_REST1_LR/rfMRI_REST1_LR_hp2000.ica/filtered_func_data.ica/report/head.html","_FGBGufeH.QD9v8u86vClAWk5Elyakwm"
"s3://hcp-openaccess/HCP_1200/506234/MNINonLinear/Results/rfMRI_REST1_LR/rfMRI_REST1_LR_hp2000.ica/filtered_func_data.ica/report/log.html","506234","MNINonLinear//Results/rfMRI_REST1_LR/rfMRI_REST1_LR_hp2000.ica/filtered_func_data.ica/report/log.html","bOLq5dNqgXAluzwCynOJlOm.14175pUt"
"s3://hcp-openaccess/HCP_1200/506234/MNINonLinear/Results/rfMRI_REST1_LR/rfMRI_REST1_LR_hp2000.ica/filtered_func_data.ica/report/nav.html","506234","MNINonLinear//Results/rfMRI_REST1_LR/rfMRI_REST1_LR_hp2000.ica/filtered_func_data.ica/report/nav.html","B3mSuvsLDSNpvqN_m8OEgA9Fpils2OUJ"
"s3://hcp-openaccess/HCP_1200/506234/MNINonLinear/Results/rfMRI_REST1_LR/rfMRI_REST1_LR_hp2000.ica/filtered_func_data.ica/report/t1.png","506234","MNINonLinear//Results/rfMRI_REST1_LR/rfMRI_REST1_LR_hp2000.ica/filtered_func_data.ica/report/t1.png","ipH3VU7jW.qFkodCTqHX6EnfgdD6zPPw"
"s3://hcp-openaccess/HCP_1200/506234/MNINonLinear/Results/rfMRI_REST1_LR/rfMRI_REST1_LR_hp2000.ica/filtered_func_data.ica/report/t1.txt","506234","MNINonLinear//Results/rfMRI_REST1_LR/rfMRI_REST1_LR_hp2000.ica/filtered_func_data.ica/report/t1.txt",".XQ6dFP.32D98t6kP7GZS49GYmGdLBoJ"
"s3://hcp-openaccess/HCP_1200/506234/MNINonLinear/Results/rfMRI_REST1_LR/rfMRI_REST1_LR_hp2000.ica/filtered_func_data.ica/report/t10.png","506234","MNINonLinear//Results/rfMRI_REST1_LR/rfMRI_REST1_LR_hp2000.ica/filtered_func_data.ica/report/t10.png","tXfi48_vrFKCQvZ7MVvaCEDBrEuvYwi."
"s3://hcp-openaccess/HCP_1200/506234/MNINonLinear/Results/rfMRI_REST1_LR/rfMRI_REST1_LR_hp2000.ica/filtered_func_data.ica/report/t10.txt","506234","MNINonLinear//Results/rfMRI_REST1_LR/rfMRI_REST1_LR_hp2000.ica/filtered_func_data.ica/report/t10.txt",".P2.T1c90gpZ91lVccqUiUBwVYqIQMvI"
"s3://hcp-openaccess/HCP_1200/506234/MNINonLinear/Results/rfMRI_REST1_LR/rfMRI_REST1_LR_hp2000.ica/filtered_func_data.ica/report/t11.png","506234","MNINonLinear//Results/rfMRI_REST1_LR/rfMRI_REST1_LR_hp2000.ica/filtered_func_data.ica/report/t11.png","1PxXMAmdkZH5Z8_DoAOGZR6Gh9B3qJWS"
"s3://hcp-openaccess/HCP_1200/506234/MNINonLinear/Results/rfMRI_REST1_LR/rfMRI_REST1_LR_hp2000.ica/filtered_func_data.ica/report/t11.txt","506234","MNINonLinear//Results/rfMRI_REST1_LR/rfMRI_REST1_LR_hp2000.ica/filtered_func_data.ica/report/t11.txt","_LONLDgxuiEMXsF4e3yFZqR0pTGgorQ6"
"s3://hcp-openaccess/HCP_1200/506234/MNINonLinear/Results/rfMRI_REST1_LR/rfMRI_REST1_LR_hp2000.ica/filtered_func_data.ica/report/t12.png","506234","MNINonLinear//Results/rfMRI_REST1_LR/rfMRI_REST1_LR_hp2000.ica/filtered_func_data.ica/report/t12.png","8GtIeSv6Nb6CtZuAV3vrQ4IFZwxwSbma"
"s3://hcp-openaccess/HCP_1200/506234/MNINonLinear/Results/rfMRI_REST1_LR/rfMRI_REST1_LR_hp2000.ica/filtered_func_data.ica/report/t12.txt","506234","MNINonLinear//Results/rfMRI_REST1_LR/rfMRI_REST1_LR_hp2000.ica/filtered_func_data.ica/report/t12.txt","Nx5dCyGterM9nMGq48qOiGP_QhHMLlsO"
"s3://hcp-openaccess/HCP_1200/506234/MNINonLinear/Results/rfMRI_REST1_LR/rfMRI_REST1_LR_hp2000.ica/filtered_func_data.ica/report/t13.png","506234","MNINonLinear//Results/rfMRI_REST1_LR/rfMRI_REST1_LR_hp2000.ica/filtered_func_data.ica/report/t13.png","l8RweJ6SzrQA4ZKdvQ6evm7L17_1IlxH"
"s3://hcp-openaccess/HCP_1200/506234/MNINonLinear/Results/rfMRI_REST1_LR/rfMRI_REST1_LR_hp2000.ica/filtered_func_data.ica/report/t13.txt","506234","MNINonLinear//Results/rfMRI_REST1_LR/rfMRI_REST1_LR_hp2000.ica/filtered_func_data.ica/report/t13.txt","BVCUWrAqP.JI0A00hr6btb178So6VuCM"
"s3://hcp-openaccess/HCP_1200/506234/MNINonLinear/Results/rfMRI_REST1_LR/rfMRI_REST1_LR_hp2000.ica/filtered_func_data.ica/report/t14.png","506234","MNINonLinear//Results/rfMRI_REST1_LR/rfMRI_REST1_LR_hp2000.ica/filtered_func_data.ica/report/t14.png","kxUGbrxS2lLbwMYS3VgWlnwFWXn8P._W"
"s3://hcp-openaccess/HCP_1200/506234/MNINonLinear/Results/rfMRI_REST1_LR/rfMRI_REST1_LR_hp2000.ica/filtered_func_data.ica/report/t14.txt","506234","MNINonLinear//Results/rfMRI_REST1_LR/rfMRI_REST1_LR_hp2000.ica/filtered_func_data.ica/report/t14.txt","7I.TR4nwSj4FgpaDBJnn7AaUhdda2jDg"
"s3://hcp-openaccess/HCP_1200/506234/MNINonLinear/Results/rfMRI_REST1_LR/rfMRI_REST1_LR_hp2000.ica/filtered_func_data.ica/report/t15.png","506234","MNINonLinear//Results/rfMRI_REST1_LR/rfMRI_REST1_LR_hp2000.ica/filtered_func_data.ica/report/t15.png","iGTSl5qcOtXfGmEVErVZrxKTMbCL3eKB"
"s3://hcp-openaccess/HCP_1200/506234/MNINonLinear/Results/rfMRI_REST1_LR/rfMRI_REST1_LR_hp2000.ica/filtered_func_data.ica/report/t15.txt","506234","MNINonLinear//Results/rfMRI_REST1_LR/rfMRI_REST1_LR_hp2000.ica/filtered_func_data.ica/report/t15.txt","P7ZQMlbiyrN.l5UuF0XcXZwgh3e4F3Lp"
"s3://hcp-openaccess/HCP_1200/506234/MNINonLinear/Results/rfMRI_REST1_LR/rfMRI_REST1_LR_hp2000.ica/filtered_func_data.ica/report/t16.png","506234","MNINonLinear//Results/rfMRI_REST1_LR/rfMRI_REST1_LR_hp2000.ica/filtered_func_data.ica/report/t16.png","Zanup8DkajP.ipxo0twarvrNi9lND5va"
"s3://hcp-openaccess/HCP_1200/506234/MNINonLinear/Results/rfMRI_REST1_LR/rfMRI_REST1_LR_hp2000.ica/filtered_func_data.ica/report/t16.txt","506234","MNINonLinear//Results/rfMRI_REST1_LR/rfMRI_REST1_LR_hp2000.ica/filtered_func_data.ica/report/t16.txt","pv_7fb7dvikipIB7uXhOh6_woFqMFS1U"
"s3://hcp-openaccess/HCP_1200/506234/MNINonLinear/Results/rfMRI_REST1_LR/rfMRI_REST1_LR_hp2000.ica/filtered_func_data.ica/report/t17.png","506234","MNINonLinear//Results/rfMRI_REST1_LR/rfMRI_REST1_LR_hp2000.ica/filtered_func_data.ica/report/t17.png","ao8h.QpxLJ3mdsXjKUbaRU2N9f7qRTxX"
"s3://hcp-openaccess/HCP_1200/506234/MNINonLinear/Results/rfMRI_REST1_LR/rfMRI_REST1_LR_hp2000.ica/filtered_func_data.ica/report/t17.txt","506234","MNINonLinear//Results/rfMRI_REST1_LR/rfMRI_REST1_LR_hp2000.ica/filtered_func_data.ica/report/t17.txt","p.qp_AfB7NziD71R.Xno_JMPD4QBB9t4"
"s3://hcp-openaccess/HCP_1200/506234/MNINonLinear/Results/rfMRI_REST1_LR/rfMRI_REST1_LR_hp2000.ica/filtered_func_data.ica/report/t18.png","506234","MNINonLinear//Results/rfMRI_REST1_LR/rfMRI_REST1_LR_hp2000.ica/filtered_func_data.ica/report/t18.png","Rg.v5Z053Mn6PUoIcRHa5l20aVlKZ9FS"
"s3://hcp-openaccess/HCP_1200/506234/MNINonLinear/Results/rfMRI_REST1_LR/rfMRI_REST1_LR_hp2000.ica/filtered_func_data.ica/report/t18.txt","506234","MNINonLinear//Results/rfMRI_REST1_LR/rfMRI_REST1_LR_hp2000.ica/filtered_func_data.ica/report/t18.txt","UQa0G9hUVT.jpGX4gtDNcQnCqctzEMjQ"
"s3://hcp-openaccess/HCP_1200/506234/MNINonLinear/Results/rfMRI_REST1_LR/rfMRI_REST1_LR_hp2000.ica/filtered_func_data.ica/report/t19.png","506234","MNINonLinear//Results/rfMRI_REST1_LR/rfMRI_REST1_LR_hp2000.ica/filtered_func_data.ica/report/t19.png","q6BzPqBP6nEf.cZK_X6o_9nwK1pKdHri"
"s3://hcp-openaccess/HCP_1200/506234/MNINonLinear/Results/rfMRI_REST1_LR/rfMRI_REST1_LR_hp2000.ica/filtered_func_data.ica/report/t19.txt","506234","MNINonLinear//Results/rfMRI_REST1_LR/rfMRI_REST1_LR_hp2000.ica/filtered_func_data.ica/report/t19.txt","7YD.IA0jq36DPPZoONA38mSOWMX4z6W2"
"s3://hcp-openaccess/HCP_1200/506234/MNINonLinear/Results/rfMRI_REST1_LR/rfMRI_REST1_LR_hp2000.ica/filtered_func_data.ica/report/t2.png","506234","MNINonLinear//Results/rfMRI_REST1_LR/rfMRI_REST1_LR_hp2000.ica/filtered_func_data.ica/report/t2.png","O5uN81eivjPSPV9.suxdsUwAy2y6BKOH"
"s3://hcp-openaccess/HCP_1200/506234/MNINonLinear/Results/rfMRI_REST1_LR/rfMRI_REST1_LR_hp2000.ica/filtered_func_data.ica/report/t2.txt","506234","MNINonLinear//Results/rfMRI_REST1_LR/rfMRI_REST1_LR_hp2000.ica/filtered_func_data.ica/report/t2.txt","I3FE_jHtmgLr50maXu4zPLOlvYaevjAv"
"s3://hcp-openaccess/HCP_1200/506234/MNINonLinear/Results/rfMRI_REST1_LR/rfMRI_REST1_LR_hp2000.ica/filtered_func_data.ica/report/t20.png","506234","MNINonLinear//Results/rfMRI_REST1_LR/rfMRI_REST1_LR_hp2000.ica/filtered_func_data.ica/report/t20.png","g0n7wXZgM0QBrT4Hm4dcmNSprbSuBzxO"
"s3://hcp-openaccess/HCP_1200/506234/MNINonLinear/Results/rfMRI_REST1_LR/rfMRI_REST1_LR_hp2000.ica/filtered_func_data.ica/report/t20.txt","506234","MNINonLinear//Results/rfMRI_REST1_LR/rfMRI_REST1_LR_hp2000.ica/filtered_func_data.ica/report/t20.txt","iCRy5kpJt7MVJWH0NgzxkCGnHTsJMEju"
"s3://hcp-openaccess/HCP_1200/506234/MNINonLinear/Results/rfMRI_REST1_LR/rfMRI_REST1_LR_hp2000.ica/filtered_func_data.ica/report/t21.png","506234","MNINonLinear//Results/rfMRI_REST1_LR/rfMRI_REST1_LR_hp2000.ica/filtered_func_data.ica/report/t21.png","eRiz1PZGMPFx6qJysuoylkIcKFhQNRcF"
"s3://hcp-openaccess/HCP_1200/506234/MNINonLinear/Results/rfMRI_REST1_LR/rfMRI_REST1_LR_hp2000.ica/filtered_func_data.ica/report/t21.txt","506234","MNINonLinear//Results/rfMRI_REST1_LR/rfMRI_REST1_LR_hp2000.ica/filtered_func_data.ica/report/t21.txt","O7yE0Hk0LH9guW6uCRVXVmvkUXW2c0j9"
"s3://hcp-openaccess/HCP_1200/506234/MNINonLinear/Results/rfMRI_REST1_LR/rfMRI_REST1_LR_hp2000.ica/filtered_func_data.ica/report/t22.png","506234","MNINonLinear//Results/rfMRI_REST1_LR/rfMRI_REST1_LR_hp2000.ica/filtered_func_data.ica/report/t22.png","lrxqyguHPtMGi7yIkS9qmH_LIAGITw5Y"
"s3://hcp-openaccess/HCP_1200/506234/MNINonLinear/Results/rfMRI_REST1_LR/rfMRI_REST1_LR_hp2000.ica/filtered_func_data.ica/report/t22.txt","506234","MNINonLinear//Results/rfMRI_REST1_LR/rfMRI_REST1_LR_hp2000.ica/filtered_func_data.ica/report/t22.txt","icbq1PhCJxZSnHhHIhiWR76iQgcROSUd"
"s3://hcp-openaccess/HCP_1200/506234/MNINonLinear/Results/rfMRI_REST1_LR/rfMRI_REST1_LR_hp2000.ica/filtered_func_data.ica/report/t23.png","506234","MNINonLinear//Results/rfMRI_REST1_LR/rfMRI_REST1_LR_hp2000.ica/filtered_func_data.ica/report/t23.png","G31RCQLoy2IG.p3dsVZDlwEVTwY8EnOx"
"s3://hcp-openaccess/HCP_1200/506234/MNINonLinear/Results/rfMRI_REST1_LR/rfMRI_REST1_LR_hp2000.ica/filtered_func_data.ica/report/t23.txt","506234","MNINonLinear//Results/rfMRI_REST1_LR/rfMRI_REST1_LR_hp2000.ica/filtered_func_data.ica/report/t23.txt","566oyjcALiQDFKFNBdKtJPEOrv2ONolZ"
"s3://hcp-openaccess/HCP_1200/506234/MNINonLinear/Results/rfMRI_REST1_LR/rfMRI_REST1_LR_hp2000.ica/filtered_func_data.ica/report/t24.png","506234","MNINonLinear//Results/rfMRI_REST1_LR/rfMRI_REST1_LR_hp2000.ica/filtered_func_data.ica/report/t24.png","ZDxOGnq6BHXLJ_GQaDpAVr8F496uMuMJ"
"s3://hcp-openaccess/HCP_1200/506234/MNINonLinear/Results/rfMRI_REST1_LR/rfMRI_REST1_LR_hp2000.ica/filtered_func_data.ica/report/t24.txt","506234","MNINonLinear//Results/rfMRI_REST1_LR/rfMRI_REST1_LR_hp2000.ica/filtered_func_data.ica/report/t24.txt","Q8DpG8MD_nxSIDzpzmXpx3EH_wCqF34O"
"s3://hcp-openaccess/HCP_1200/506234/MNINonLinear/Results/rfMRI_REST1_LR/rfMRI_REST1_LR_hp2000.ica/filtered_func_data.ica/report/t25.png","506234","MNINonLinear//Results/rfMRI_REST1_LR/rfMRI_REST1_LR_hp2000.ica/filtered_func_data.ica/report/t25.png","oF4ND_BXKyR5hMSL7YEX4T60YrQ1rZZu"
"s3://hcp-openaccess/HCP_1200/506234/MNINonLinear/Results/rfMRI_REST1_LR/rfMRI_REST1_LR_hp2000.ica/filtered_func_data.ica/report/t25.txt","506234","MNINonLinear//Results/rfMRI_REST1_LR/rfMRI_REST1_LR_hp2000.ica/filtered_func_data.ica/report/t25.txt","cnJ0LI3JMWmCZ9xeSXhuQjXyGO0eXvqu"
"s3://hcp-openaccess/HCP_1200/506234/MNINonLinear/Results/rfMRI_REST1_LR/rfMRI_REST1_LR_hp2000.ica/filtered_func_data.ica/report/t26.png","506234","MNINonLinear//Results/rfMRI_REST1_LR/rfMRI_REST1_LR_hp2000.ica/filtered_func_data.ica/report/t26.png","FsMDt_faojHXyJjtCChjUDZRI3U_el.E"
"s3://hcp-openaccess/HCP_1200/506234/MNINonLinear/Results/rfMRI_REST1_LR/rfMRI_REST1_LR_hp2000.ica/filtered_func_data.ica/report/t26.txt","506234","MNINonLinear//Results/rfMRI_REST1_LR/rfMRI_REST1_LR_hp2000.ica/filtered_func_data.ica/report/t26.txt","yFpR0bzvR6xl25JE0ftZ._4941xfmKGw"
"s3://hcp-openaccess/HCP_1200/506234/MNINonLinear/Results/rfMRI_REST1_LR/rfMRI_REST1_LR_hp2000.ica/filtered_func_data.ica/report/t27.png","506234","MNINonLinear//Results/rfMRI_REST1_LR/rfMRI_REST1_LR_hp2000.ica/filtered_func_data.ica/report/t27.png","APvNE3qeTrBoSchUQj2lV00W88q8bLo."
"s3://hcp-openaccess/HCP_1200/506234/MNINonLinear/Results/rfMRI_REST1_LR/rfMRI_REST1_LR_hp2000.ica/filtered_func_data.ica/report/t27.txt","506234","MNINonLinear//Results/rfMRI_REST1_LR/rfMRI_REST1_LR_hp2000.ica/filtered_func_data.ica/report/t27.txt","gzkRRDtfooFhfYiLzN15MR_l6d3VeEGp"
"s3://hcp-openaccess/HCP_1200/506234/MNINonLinear/Results/rfMRI_REST1_LR/rfMRI_REST1_LR_hp2000.ica/filtered_func_data.ica/report/t28.png","506234","MNINonLinear//Results/rfMRI_REST1_LR/rfMRI_REST1_LR_hp2000.ica/filtered_func_data.ica/report/t28.png","vbdks_J4AJ1NAleWmKyWb7Kt2zgDE1PU"
"s3://hcp-openaccess/HCP_1200/506234/MNINonLinear/Results/rfMRI_REST1_LR/rfMRI_REST1_LR_hp2000.ica/filtered_func_data.ica/report/t28.txt","506234","MNINonLinear//Results/rfMRI_REST1_LR/rfMRI_REST1_LR_hp2000.ica/filtered_func_data.ica/report/t28.txt","DqsR5ulJGnlSlc8Q8YKjARWfyJKzZzL_"
"s3://hcp-openaccess/HCP_1200/506234/MNINonLinear/Results/rfMRI_REST1_LR/rfMRI_REST1_LR_hp2000.ica/filtered_func_data.ica/report/t29.png","506234","MNINonLinear//Results/rfMRI_REST1_LR/rfMRI_REST1_LR_hp2000.ica/filtered_func_data.ica/report/t29.png","tpJEUYpOmoc9UAPPR4ox8sSpCsTM_VL."
"s3://hcp-openaccess/HCP_1200/506234/MNINonLinear/Results/rfMRI_REST1_LR/rfMRI_REST1_LR_hp2000.ica/filtered_func_data.ica/report/t29.txt","506234","MNINonLinear//Results/rfMRI_REST1_LR/rfMRI_REST1_LR_hp2000.ica/filtered_func_data.ica/report/t29.txt","RAUVtaHAnVs3SskV61UtSKbQ7PYKLtRR"
"s3://hcp-openaccess/HCP_1200/506234/MNINonLinear/Results/rfMRI_REST1_LR/rfMRI_REST1_LR_hp2000.ica/filtered_func_data.ica/report/t3.png","506234","MNINonLinear//Results/rfMRI_REST1_LR/rfMRI_REST1_LR_hp2000.ica/filtered_func_data.ica/report/t3.png","9vChUX7yfqKiSuFqezpUBv3wEbEsmEN1"
"s3://hcp-openaccess/HCP_1200/506234/MNINonLinear/Results/rfMRI_REST1_LR/rfMRI_REST1_LR_hp2000.ica/filtered_func_data.ica/report/t3.txt","506234","MNINonLinear//Results/rfMRI_REST1_LR/rfMRI_REST1_LR_hp2000.ica/filtered_func_data.ica/report/t3.txt","xaf.wfFPdoqpdOmdjN6Y14I3HsFmXQi2"
"s3://hcp-openaccess/HCP_1200/506234/MNINonLinear/Results/rfMRI_REST1_LR/rfMRI_REST1_LR_hp2000.ica/filtered_func_data.ica/report/t30.png","506234","MNINonLinear//Results/rfMRI_REST1_LR/rfMRI_REST1_LR_hp2000.ica/filtered_func_data.ica/report/t30.png","6aL8aGd2Kw2c7Nc1CIUfy9BAhKy8hmsY"
"s3://hcp-openaccess/HCP_1200/506234/MNINonLinear/Results/rfMRI_REST1_LR/rfMRI_REST1_LR_hp2000.ica/filtered_func_data.ica/report/t30.txt","506234","MNINonLinear//Results/rfMRI_REST1_LR/rfMRI_REST1_LR_hp2000.ica/filtered_func_data.ica/report/t30.txt","lv9Wj0FKJ2cSDJqndKBuHyc61e6xhNVL"
"s3://hcp-openaccess/HCP_1200/506234/MNINonLinear/Results/rfMRI_REST1_LR/rfMRI_REST1_LR_hp2000.ica/filtered_func_data.ica/report/t31.png","506234","MNINonLinear//Results/rfMRI_REST1_LR/rfMRI_REST1_LR_hp2000.ica/filtered_func_data.ica/report/t31.png","J5VjM2AsnamyDpBW4xeK7RaENsJ20moe"
"s3://hcp-openaccess/HCP_1200/506234/MNINonLinear/Results/rfMRI_REST1_LR/rfMRI_REST1_LR_hp2000.ica/filtered_func_data.ica/report/t31.txt","506234","MNINonLinear//Results/rfMRI_REST1_LR/rfMRI_REST1_LR_hp2000.ica/filtered_func_data.ica/report/t31.txt","nc6dcP7BCie20p.hFMxwyk.hixFFp2PJ"
"s3://hcp-openaccess/HCP_1200/506234/MNINonLinear/Results/rfMRI_REST1_LR/rfMRI_REST1_LR_hp2000.ica/filtered_func_data.ica/report/t32.png","506234","MNINonLinear//Results/rfMRI_REST1_LR/rfMRI_REST1_LR_hp2000.ica/filtered_func_data.ica/report/t32.png","4yEb1s5m4vh.KV3l3ACmBRt.PX0kFFnj"
"s3://hcp-openaccess/HCP_1200/506234/MNINonLinear/Results/rfMRI_REST1_LR/rfMRI_REST1_LR_hp2000.ica/filtered_func_data.ica/report/t32.txt","506234","MNINonLinear//Results/rfMRI_REST1_LR/rfMRI_REST1_LR_hp2000.ica/filtered_func_data.ica/report/t32.txt","xZxa9mlIGWRvwnPVZCXW3Sp6DGWoVLSS"
"s3://hcp-openaccess/HCP_1200/506234/MNINonLinear/Results/rfMRI_REST1_LR/rfMRI_REST1_LR_hp2000.ica/filtered_func_data.ica/report/t33.png","506234","MNINonLinear//Results/rfMRI_REST1_LR/rfMRI_REST1_LR_hp2000.ica/filtered_func_data.ica/report/t33.png","ozu3yoUFnDj2a6zeWNrOKijHnLkQ1v8r"
"s3://hcp-openaccess/HCP_1200/506234/MNINonLinear/Results/rfMRI_REST1_LR/rfMRI_REST1_LR_hp2000.ica/filtered_func_data.ica/report/t33.txt","506234","MNINonLinear//Results/rfMRI_REST1_LR/rfMRI_REST1_LR_hp2000.ica/filtered_func_data.ica/report/t33.txt","Lp7wde7OgH_QkqWxu.UzonBuPgOg9mKG"
"s3://hcp-openaccess/HCP_1200/506234/MNINonLinear/Results/rfMRI_REST1_LR/rfMRI_REST1_LR_hp2000.ica/filtered_func_data.ica/report/t34.png","506234","MNINonLinear//Results/rfMRI_REST1_LR/rfMRI_REST1_LR_hp2000.ica/filtered_func_data.ica/report/t34.png","wGkLWNQESe7ZzBt.zdnczllxJB1MDakf"
"s3://hcp-openaccess/HCP_1200/506234/MNINonLinear/Results/rfMRI_REST1_LR/rfMRI_REST1_LR_hp2000.ica/filtered_func_data.ica/report/t34.txt","506234","MNINonLinear//Results/rfMRI_REST1_LR/rfMRI_REST1_LR_hp2000.ica/filtered_func_data.ica/report/t34.txt","HbwtWiuaTjZvfe4goE2DdyTlCd2C0t7R"
"s3://hcp-openaccess/HCP_1200/506234/MNINonLinear/Results/rfMRI_REST1_LR/rfMRI_REST1_LR_hp2000.ica/filtered_func_data.ica/report/t35.png","506234","MNINonLinear//Results/rfMRI_REST1_LR/rfMRI_REST1_LR_hp2000.ica/filtered_func_data.ica/report/t35.png","rfS.KNkBM6PDKCDqJqm42YVnkh4MVwwO"
"s3://hcp-openaccess/HCP_1200/506234/MNINonLinear/Results/rfMRI_REST1_LR/rfMRI_REST1_LR_hp2000.ica/filtered_func_data.ica/report/t35.txt","506234","MNINonLinear//Results/rfMRI_REST1_LR/rfMRI_REST1_LR_hp2000.ica/filtered_func_data.ica/report/t35.txt","mUu_OeKkr8f0f1HQEc1GunQnDcoy6iYz"
"s3://hcp-openaccess/HCP_1200/506234/MNINonLinear/Results/rfMRI_REST1_LR/rfMRI_REST1_LR_hp2000.ica/filtered_func_data.ica/report/t36.png","506234","MNINonLinear//Results/rfMRI_REST1_LR/rfMRI_REST1_LR_hp2000.ica/filtered_func_data.ica/report/t36.png","Lp6UumKnXNq.YCwzYyW.fNX15tPOvwms"
"s3://hcp-openaccess/HCP_1200/506234/MNINonLinear/Results/rfMRI_REST1_LR/rfMRI_REST1_LR_hp2000.ica/filtered_func_data.ica/report/t36.txt","506234","MNINonLinear//Results/rfMRI_REST1_LR/rfMRI_REST1_LR_hp2000.ica/filtered_func_data.ica/report/t36.txt","uiiWZ8SCa6kYmupRqY_97DC_WjCH6gH6"
"s3://hcp-openaccess/HCP_1200/506234/MNINonLinear/Results/rfMRI_REST1_LR/rfMRI_REST1_LR_hp2000.ica/filtered_func_data.ica/report/t37.png","506234","MNINonLinear//Results/rfMRI_REST1_LR/rfMRI_REST1_LR_hp2000.ica/filtered_func_data.ica/report/t37.png","Y8GzkmBUfASxSo_ngk2ZriklsQAeaQYi"
"s3://hcp-openaccess/HCP_1200/506234/MNINonLinear/Results/rfMRI_REST1_LR/rfMRI_REST1_LR_hp2000.ica/filtered_func_data.ica/report/t37.txt","506234","MNINonLinear//Results/rfMRI_REST1_LR/rfMRI_REST1_LR_hp2000.ica/filtered_func_data.ica/report/t37.txt","dF9rIxORycBoWnjTGQ90J9BJ_MwlFoBC"
"s3://hcp-openaccess/HCP_1200/506234/MNINonLinear/Results/rfMRI_REST1_LR/rfMRI_REST1_LR_hp2000.ica/filtered_func_data.ica/report/t38.png","506234","MNINonLinear//Results/rfMRI_REST1_LR/rfMRI_REST1_LR_hp2000.ica/filtered_func_data.ica/report/t38.png","hnNbz3ECXe0wOrCUkUXtuJn_JEW1S5UB"
"s3://hcp-openaccess/HCP_1200/506234/MNINonLinear/Results/rfMRI_REST1_LR/rfMRI_REST1_LR_hp2000.ica/filtered_func_data.ica/report/t38.txt","506234","MNINonLinear//Results/rfMRI_REST1_LR/rfMRI_REST1_LR_hp2000.ica/filtered_func_data.ica/report/t38.txt","CbIN0MRP7Mv4uU8jQ86cWZKfU8cE16SG"
"s3://hcp-openaccess/HCP_1200/506234/MNINonLinear/Results/rfMRI_REST1_LR/rfMRI_REST1_LR_hp2000.ica/filtered_func_data.ica/report/t39.png","506234","MNINonLinear//Results/rfMRI_REST1_LR/rfMRI_REST1_LR_hp2000.ica/filtered_func_data.ica/report/t39.png","NDH59JkMfD.yU8mt2_hUK8DwACB9.fqH"
"s3://hcp-openaccess/HCP_1200/506234/MNINonLinear/Results/rfMRI_REST1_LR/rfMRI_REST1_LR_hp2000.ica/filtered_func_data.ica/report/t39.txt","506234","MNINonLinear//Results/rfMRI_REST1_LR/rfMRI_REST1_LR_hp2000.ica/filtered_func_data.ica/report/t39.txt","Z7iIuamcWgpvRv.D_HSo9Uhb68Fs1Zsz"
"s3://hcp-openaccess/HCP_1200/506234/MNINonLinear/Results/rfMRI_REST1_LR/rfMRI_REST1_LR_hp2000.ica/filtered_func_data.ica/report/t4.png","506234","MNINonLinear//Results/rfMRI_REST1_LR/rfMRI_REST1_LR_hp2000.ica/filtered_func_data.ica/report/t4.png","CuszI2ql7T8RRSHXxFNeo2q1INwh_AWP"
"s3://hcp-openaccess/HCP_1200/506234/MNINonLinear/Results/rfMRI_REST1_LR/rfMRI_REST1_LR_hp2000.ica/filtered_func_data.ica/report/t4.txt","506234","MNINonLinear//Results/rfMRI_REST1_LR/rfMRI_REST1_LR_hp2000.ica/filtered_func_data.ica/report/t4.txt","4feNDKiXh_sVrOr9_ByCVDs36U6h_6kW"
"s3://hcp-openaccess/HCP_1200/506234/MNINonLinear/Results/rfMRI_REST1_LR/rfMRI_REST1_LR_hp2000.ica/filtered_func_data.ica/report/t40.png","506234","MNINonLinear//Results/rfMRI_REST1_LR/rfMRI_REST1_LR_hp2000.ica/filtered_func_data.ica/report/t40.png","X_qJSPzJ5jk1BeloWO56odjJn_c4JOSW"
"s3://hcp-openaccess/HCP_1200/506234/MNINonLinear/Results/rfMRI_REST1_LR/rfMRI_REST1_LR_hp2000.ica/filtered_func_data.ica/report/t40.txt","506234","MNINonLinear//Results/rfMRI_REST1_LR/rfMRI_REST1_LR_hp2000.ica/filtered_func_data.ica/report/t40.txt","gNw17Y7rm4EHnAnhd.gYfV1Iff_UQyav"
"s3://hcp-openaccess/HCP_1200/506234/MNINonLinear/Results/rfMRI_REST1_LR/rfMRI_REST1_LR_hp2000.ica/filtered_func_data.ica/report/t41.png","506234","MNINonLinear//Results/rfMRI_REST1_LR/rfMRI_REST1_LR_hp2000.ica/filtered_func_data.ica/report/t41.png","W776DYJWzpP_1Dc.d5KwZfEH6MlKSwQT"
"s3://hcp-openaccess/HCP_1200/506234/MNINonLinear/Results/rfMRI_REST1_LR/rfMRI_REST1_LR_hp2000.ica/filtered_func_data.ica/report/t41.txt","506234","MNINonLinear//Results/rfMRI_REST1_LR/rfMRI_REST1_LR_hp2000.ica/filtered_func_data.ica/report/t41.txt","P3BCUOUylRa6jf01aOdvgzmj_JRP.k3h"
"s3://hcp-openaccess/HCP_1200/506234/MNINonLinear/Results/rfMRI_REST1_LR/rfMRI_REST1_LR_hp2000.ica/filtered_func_data.ica/report/t42.png","506234","MNINonLinear//Results/rfMRI_REST1_LR/rfMRI_REST1_LR_hp2000.ica/filtered_func_data.ica/report/t42.png","ug7Sota04_iAg29F43HUBExaLlcMFFeH"
"s3://hcp-openaccess/HCP_1200/506234/MNINonLinear/Results/rfMRI_REST1_LR/rfMRI_REST1_LR_hp2000.ica/filtered_func_data.ica/report/t42.txt","506234","MNINonLinear//Results/rfMRI_REST1_LR/rfMRI_REST1_LR_hp2000.ica/filtered_func_data.ica/report/t42.txt","_ytGzhNgEB6o_o9HnWJxiaraPBdIPw53"
"s3://hcp-openaccess/HCP_1200/506234/MNINonLinear/Results/rfMRI_REST1_LR/rfMRI_REST1_LR_hp2000.ica/filtered_func_data.ica/report/t43.png","506234","MNINonLinear//Results/rfMRI_REST1_LR/rfMRI_REST1_LR_hp2000.ica/filtered_func_data.ica/report/t43.png","Og84xFC3SPVzrPrkpdIsV3xu5abgk1MY"
"s3://hcp-openaccess/HCP_1200/506234/MNINonLinear/Results/rfMRI_REST1_LR/rfMRI_REST1_LR_hp2000.ica/filtered_func_data.ica/report/t43.txt","506234","MNINonLinear//Results/rfMRI_REST1_LR/rfMRI_REST1_LR_hp2000.ica/filtered_func_data.ica/report/t43.txt","Wgz.KdmqvFkAV8fZMcWOJihf_eZV4pFo"
"s3://hcp-openaccess/HCP_1200/506234/MNINonLinear/Results/rfMRI_REST1_LR/rfMRI_REST1_LR_hp2000.ica/filtered_func_data.ica/report/t44.png","506234","MNINonLinear//Results/rfMRI_REST1_LR/rfMRI_REST1_LR_hp2000.ica/filtered_func_data.ica/report/t44.png","0SkXFgU.2Ndt.Pjexa1UqL0rDembUzGT"
"s3://hcp-openaccess/HCP_1200/506234/MNINonLinear/Results/rfMRI_REST1_LR/rfMRI_REST1_LR_hp2000.ica/filtered_func_data.ica/report/t44.txt","506234","MNINonLinear//Results/rfMRI_REST1_LR/rfMRI_REST1_LR_hp2000.ica/filtered_func_data.ica/report/t44.txt","J6REx78JZFMafekZm89iwj73UZtdooiz"
"s3://hcp-openaccess/HCP_1200/506234/MNINonLinear/Results/rfMRI_REST1_LR/rfMRI_REST1_LR_hp2000.ica/filtered_func_data.ica/report/t45.png","506234","MNINonLinear//Results/rfMRI_REST1_LR/rfMRI_REST1_LR_hp2000.ica/filtered_func_data.ica/report/t45.png","XA.klSZQaiiiNLK4uVGiowU4372p1BAq"
"s3://hcp-openaccess/HCP_1200/506234/MNINonLinear/Results/rfMRI_REST1_LR/rfMRI_REST1_LR_hp2000.ica/filtered_func_data.ica/report/t45.txt","506234","MNINonLinear//Results/rfMRI_REST1_LR/rfMRI_REST1_LR_hp2000.ica/filtered_func_data.ica/report/t45.txt","yOz4L_YHTDazLg6bidUKl_O1flQ6ZE2I"
"s3://hcp-openaccess/HCP_1200/506234/MNINonLinear/Results/rfMRI_REST1_LR/rfMRI_REST1_LR_hp2000.ica/filtered_func_data.ica/report/t46.png","506234","MNINonLinear//Results/rfMRI_REST1_LR/rfMRI_REST1_LR_hp2000.ica/filtered_func_data.ica/report/t46.png","8FyjXpyGnlicny0mkH4FS.IVvGoAt.2i"
"s3://hcp-openaccess/HCP_1200/506234/MNINonLinear/Results/rfMRI_REST1_LR/rfMRI_REST1_LR_hp2000.ica/filtered_func_data.ica/report/t46.txt","506234","MNINonLinear//Results/rfMRI_REST1_LR/rfMRI_REST1_LR_hp2000.ica/filtered_func_data.ica/report/t46.txt","XqpDohE.WGk_nAh81hlbHOzaCrmOAo4O"
"s3://hcp-openaccess/HCP_1200/506234/MNINonLinear/Results/rfMRI_REST1_LR/rfMRI_REST1_LR_hp2000.ica/filtered_func_data.ica/report/t47.png","506234","MNINonLinear//Results/rfMRI_REST1_LR/rfMRI_REST1_LR_hp2000.ica/filtered_func_data.ica/report/t47.png","pnahKgUQ6AIGzOCckREN5G_Z95lpxv5c"
"s3://hcp-openaccess/HCP_1200/506234/MNINonLinear/Results/rfMRI_REST1_LR/rfMRI_REST1_LR_hp2000.ica/filtered_func_data.ica/report/t47.txt","506234","MNINonLinear//Results/rfMRI_REST1_LR/rfMRI_REST1_LR_hp2000.ica/filtered_func_data.ica/report/t47.txt","rpNt1_e_xWPwzgmS9H5lnqtNfIBOZbFD"
"s3://hcp-openaccess/HCP_1200/506234/MNINonLinear/Results/rfMRI_REST1_LR/rfMRI_REST1_LR_hp2000.ica/filtered_func_data.ica/report/t48.png","506234","MNINonLinear//Results/rfMRI_REST1_LR/rfMRI_REST1_LR_hp2000.ica/filtered_func_data.ica/report/t48.png","l0wxUcSFrPdvej36jggpDKKyd9wiMbFX"
"s3://hcp-openaccess/HCP_1200/506234/MNINonLinear/Results/rfMRI_REST1_LR/rfMRI_REST1_LR_hp2000.ica/filtered_func_data.ica/report/t48.txt","506234","MNINonLinear//Results/rfMRI_REST1_LR/rfMRI_REST1_LR_hp2000.ica/filtered_func_data.ica/report/t48.txt","YnJ2pokrBnDkfd1rs5qe1jnPfxp5MFth"
"s3://hcp-openaccess/HCP_1200/506234/MNINonLinear/Results/rfMRI_REST1_LR/rfMRI_REST1_LR_hp2000.ica/filtered_func_data.ica/report/t49.png","506234","MNINonLinear//Results/rfMRI_REST1_LR/rfMRI_REST1_LR_hp2000.ica/filtered_func_data.ica/report/t49.png","EESZTx4lBJI_04Md5dEWbKWx.nzT28Vb"
"s3://hcp-openaccess/HCP_1200/506234/MNINonLinear/Results/rfMRI_REST1_LR/rfMRI_REST1_LR_hp2000.ica/filtered_func_data.ica/report/t49.txt","506234","MNINonLinear//Results/rfMRI_REST1_LR/rfMRI_REST1_LR_hp2000.ica/filtered_func_data.ica/report/t49.txt","fbmyjQ2R0nU04IurT2_qxFx9RN2AF58P"
"s3://hcp-openaccess/HCP_1200/506234/MNINonLinear/Results/rfMRI_REST1_LR/rfMRI_REST1_LR_hp2000.ica/filtered_func_data.ica/report/t5.png","506234","MNINonLinear//Results/rfMRI_REST1_LR/rfMRI_REST1_LR_hp2000.ica/filtered_func_data.ica/report/t5.png","Q_jsrn88ZDMEe41IqwUkWw3C6vtDRTVD"
"s3://hcp-openaccess/HCP_1200/506234/MNINonLinear/Results/rfMRI_REST1_LR/rfMRI_REST1_LR_hp2000.ica/filtered_func_data.ica/report/t5.txt","506234","MNINonLinear//Results/rfMRI_REST1_LR/rfMRI_REST1_LR_hp2000.ica/filtered_func_data.ica/report/t5.txt","enPHv5QxrqP346wKSlk2AqnfZ0gqsDhh"
"s3://hcp-openaccess/HCP_1200/506234/MNINonLinear/Results/rfMRI_REST1_LR/rfMRI_REST1_LR_hp2000.ica/filtered_func_data.ica/report/t50.png","506234","MNINonLinear//Results/rfMRI_REST1_LR/rfMRI_REST1_LR_hp2000.ica/filtered_func_data.ica/report/t50.png","CQdVXywuQiuKx6XS5pXbmBFrRpaFkOdJ"
"s3://hcp-openaccess/HCP_1200/506234/MNINonLinear/Results/rfMRI_REST1_LR/rfMRI_REST1_LR_hp2000.ica/filtered_func_data.ica/report/t50.txt","506234","MNINonLinear//Results/rfMRI_REST1_LR/rfMRI_REST1_LR_hp2000.ica/filtered_func_data.ica/report/t50.txt","A_EqAQb4nVj6V00N2dQxW7rLQdUpwiz8"
"s3://hcp-openaccess/HCP_1200/506234/MNINonLinear/Results/rfMRI_REST1_LR/rfMRI_REST1_LR_hp2000.ica/filtered_func_data.ica/report/t51.png","506234","MNINonLinear//Results/rfMRI_REST1_LR/rfMRI_REST1_LR_hp2000.ica/filtered_func_data.ica/report/t51.png","QRpHqTvGnxS7wXc00KWCBjNGqk9MkuDn"
"s3://hcp-openaccess/HCP_1200/506234/MNINonLinear/Results/rfMRI_REST1_LR/rfMRI_REST1_LR_hp2000.ica/filtered_func_data.ica/report/t51.txt","506234","MNINonLinear//Results/rfMRI_REST1_LR/rfMRI_REST1_LR_hp2000.ica/filtered_func_data.ica/report/t51.txt","0Wvn_DxmbPdRBZzKthFoe3190W4fNX_P"
"s3://hcp-openaccess/HCP_1200/506234/MNINonLinear/Results/rfMRI_REST1_LR/rfMRI_REST1_LR_hp2000.ica/filtered_func_data.ica/report/t52.png","506234","MNINonLinear//Results/rfMRI_REST1_LR/rfMRI_REST1_LR_hp2000.ica/filtered_func_data.ica/report/t52.png","P6InD4WonNxckqeEZ8XvPoiP3YnWzqK."
"s3://hcp-openaccess/HCP_1200/506234/MNINonLinear/Results/rfMRI_REST1_LR/rfMRI_REST1_LR_hp2000.ica/filtered_func_data.ica/report/t52.txt","506234","MNINonLinear//Results/rfMRI_REST1_LR/rfMRI_REST1_LR_hp2000.ica/filtered_func_data.ica/report/t52.txt","ixjCpWBw7zTIFGJNCUxhXLeVijmudGVD"
"s3://hcp-openaccess/HCP_1200/506234/MNINonLinear/Results/rfMRI_REST1_LR/rfMRI_REST1_LR_hp2000.ica/filtered_func_data.ica/report/t53.png","506234","MNINonLinear//Results/rfMRI_REST1_LR/rfMRI_REST1_LR_hp2000.ica/filtered_func_data.ica/report/t53.png","Sqi9_O6txFd3k68nvjeXwEsrkIJ0sA.V"
"s3://hcp-openaccess/HCP_1200/506234/MNINonLinear/Results/rfMRI_REST1_LR/rfMRI_REST1_LR_hp2000.ica/filtered_func_data.ica/report/t53.txt","506234","MNINonLinear//Results/rfMRI_REST1_LR/rfMRI_REST1_LR_hp2000.ica/filtered_func_data.ica/report/t53.txt","0ubUhZrFZwvenq4VKK8i6IF8YYBys7Ti"
"s3://hcp-openaccess/HCP_1200/506234/MNINonLinear/Results/rfMRI_REST1_LR/rfMRI_REST1_LR_hp2000.ica/filtered_func_data.ica/report/t54.png","506234","MNINonLinear//Results/rfMRI_REST1_LR/rfMRI_REST1_LR_hp2000.ica/filtered_func_data.ica/report/t54.png","KViSAqYGTvGJoJvwGicwuS6SAWSzXvsX"
"s3://hcp-openaccess/HCP_1200/506234/MNINonLinear/Results/rfMRI_REST1_LR/rfMRI_REST1_LR_hp2000.ica/filtered_func_data.ica/report/t54.txt","506234","MNINonLinear//Results/rfMRI_REST1_LR/rfMRI_REST1_LR_hp2000.ica/filtered_func_data.ica/report/t54.txt","GoxW33hZVn1kPdMWMBwsVVM0jwfZ.pip"
"s3://hcp-openaccess/HCP_1200/506234/MNINonLinear/Results/rfMRI_REST1_LR/rfMRI_REST1_LR_hp2000.ica/filtered_func_data.ica/report/t55.png","506234","MNINonLinear//Results/rfMRI_REST1_LR/rfMRI_REST1_LR_hp2000.ica/filtered_func_data.ica/report/t55.png","nMYqwjYkw4ccs2kjit7HhUwWD6WpKxrX"
"s3://hcp-openaccess/HCP_1200/506234/MNINonLinear/Results/rfMRI_REST1_LR/rfMRI_REST1_LR_hp2000.ica/filtered_func_data.ica/report/t55.txt","506234","MNINonLinear//Results/rfMRI_REST1_LR/rfMRI_REST1_LR_hp2000.ica/filtered_func_data.ica/report/t55.txt","epZudXYokGQ7ezauT4dxyyJIH25a.is6"
"s3://hcp-openaccess/HCP_1200/506234/MNINonLinear/Results/rfMRI_REST1_LR/rfMRI_REST1_LR_hp2000.ica/filtered_func_data.ica/report/t56.png","506234","MNINonLinear//Results/rfMRI_REST1_LR/rfMRI_REST1_LR_hp2000.ica/filtered_func_data.ica/report/t56.png","xuwhzpCIyRAUB1sx7vd8aLnDvQwUDHAt"
"s3://hcp-openaccess/HCP_1200/506234/MNINonLinear/Results/rfMRI_REST1_LR/rfMRI_REST1_LR_hp2000.ica/filtered_func_data.ica/report/t56.txt","506234","MNINonLinear//Results/rfMRI_REST1_LR/rfMRI_REST1_LR_hp2000.ica/filtered_func_data.ica/report/t56.txt","hyt5ODmCZaYEWJNbC0RVKlknwWQhtjM8"
"s3://hcp-openaccess/HCP_1200/506234/MNINonLinear/Results/rfMRI_REST1_LR/rfMRI_REST1_LR_hp2000.ica/filtered_func_data.ica/report/t57.png","506234","MNINonLinear//Results/rfMRI_REST1_LR/rfMRI_REST1_LR_hp2000.ica/filtered_func_data.ica/report/t57.png","HXFgwGLCEWvT.iaw9UT7HMYmmpwxfgUw"
"s3://hcp-openaccess/HCP_1200/506234/MNINonLinear/Results/rfMRI_REST1_LR/rfMRI_REST1_LR_hp2000.ica/filtered_func_data.ica/report/t57.txt","506234","MNINonLinear//Results/rfMRI_REST1_LR/rfMRI_REST1_LR_hp2000.ica/filtered_func_data.ica/report/t57.txt","3hPZbyE38kejpVCGxXo._vpI9Avu5wnm"
"s3://hcp-openaccess/HCP_1200/506234/MNINonLinear/Results/rfMRI_REST1_LR/rfMRI_REST1_LR_hp2000.ica/filtered_func_data.ica/report/t58.png","506234","MNINonLinear//Results/rfMRI_REST1_LR/rfMRI_REST1_LR_hp2000.ica/filtered_func_data.ica/report/t58.png","vZknAry8eAs7ypqPtwaE33Fl5HxJMzPv"
"s3://hcp-openaccess/HCP_1200/506234/MNINonLinear/Results/rfMRI_REST1_LR/rfMRI_REST1_LR_hp2000.ica/filtered_func_data.ica/report/t58.txt","506234","MNINonLinear//Results/rfMRI_REST1_LR/rfMRI_REST1_LR_hp2000.ica/filtered_func_data.ica/report/t58.txt","kceaVHnu9Jr8gUHY8Qpp5LdqukqUA1_n"
"s3://hcp-openaccess/HCP_1200/506234/MNINonLinear/Results/rfMRI_REST1_LR/rfMRI_REST1_LR_hp2000.ica/filtered_func_data.ica/report/t59.png","506234","MNINonLinear//Results/rfMRI_REST1_LR/rfMRI_REST1_LR_hp2000.ica/filtered_func_data.ica/report/t59.png","JYDQgLgB2_1ftBGohl8d8gPGmLU__cXa"
"s3://hcp-openaccess/HCP_1200/506234/MNINonLinear/Results/rfMRI_REST1_LR/rfMRI_REST1_LR_hp2000.ica/filtered_func_data.ica/report/t59.txt","506234","MNINonLinear//Results/rfMRI_REST1_LR/rfMRI_REST1_LR_hp2000.ica/filtered_func_data.ica/report/t59.txt","a0r.QoxZ2wPSPAuIfaWmA.EztpbG9Qoe"
"s3://hcp-openaccess/HCP_1200/506234/MNINonLinear/Results/rfMRI_REST1_LR/rfMRI_REST1_LR_hp2000.ica/filtered_func_data.ica/report/t6.png","506234","MNINonLinear//Results/rfMRI_REST1_LR/rfMRI_REST1_LR_hp2000.ica/filtered_func_data.ica/report/t6.png","CisDXfBn6K0CQL6yBcJqvlpsIqJ5CVQH"
"s3://hcp-openaccess/HCP_1200/506234/MNINonLinear/Results/rfMRI_REST1_LR/rfMRI_REST1_LR_hp2000.ica/filtered_func_data.ica/report/t6.txt","506234","MNINonLinear//Results/rfMRI_REST1_LR/rfMRI_REST1_LR_hp2000.ica/filtered_func_data.ica/report/t6.txt","orlfEa4CtlQHzJzgye9bz.9tGkD.T3Xp"
"s3://hcp-openaccess/HCP_1200/506234/MNINonLinear/Results/rfMRI_REST1_LR/rfMRI_REST1_LR_hp2000.ica/filtered_func_data.ica/report/t60.png","506234","MNINonLinear//Results/rfMRI_REST1_LR/rfMRI_REST1_LR_hp2000.ica/filtered_func_data.ica/report/t60.png","W27rkBwQPFh_SC82zLu43VsfPzofQ59K"
"s3://hcp-openaccess/HCP_1200/506234/MNINonLinear/Results/rfMRI_REST1_LR/rfMRI_REST1_LR_hp2000.ica/filtered_func_data.ica/report/t60.txt","506234","MNINonLinear//Results/rfMRI_REST1_LR/rfMRI_REST1_LR_hp2000.ica/filtered_func_data.ica/report/t60.txt","dClGMDGy.I7.A4L9DXH4nhQZVZxCs.eA"
"s3://hcp-openaccess/HCP_1200/506234/MNINonLinear/Results/rfMRI_REST1_LR/rfMRI_REST1_LR_hp2000.ica/filtered_func_data.ica/report/t61.png","506234","MNINonLinear//Results/rfMRI_REST1_LR/rfMRI_REST1_LR_hp2000.ica/filtered_func_data.ica/report/t61.png","HpUzMrdE2lHwC7X0QjhCuiWaVkd1.pg4"
"s3://hcp-openaccess/HCP_1200/506234/MNINonLinear/Results/rfMRI_REST1_LR/rfMRI_REST1_LR_hp2000.ica/filtered_func_data.ica/report/t61.txt","506234","MNINonLinear//Results/rfMRI_REST1_LR/rfMRI_REST1_LR_hp2000.ica/filtered_func_data.ica/report/t61.txt","2iQTypLauq1rZp4KpC6HFfbczd4.aUaf"
"s3://hcp-openaccess/HCP_1200/506234/MNINonLinear/Results/rfMRI_REST1_LR/rfMRI_REST1_LR_hp2000.ica/filtered_func_data.ica/report/t62.png","506234","MNINonLinear//Results/rfMRI_REST1_LR/rfMRI_REST1_LR_hp2000.ica/filtered_func_data.ica/report/t62.png","CpOEhuqxNVdQvnqc9vwhGVHtuKEmkQlR"
"s3://hcp-openaccess/HCP_1200/506234/MNINonLinear/Results/rfMRI_REST1_LR/rfMRI_REST1_LR_hp2000.ica/filtered_func_data.ica/report/t62.txt","506234","MNINonLinear//Results/rfMRI_REST1_LR/rfMRI_REST1_LR_hp2000.ica/filtered_func_data.ica/report/t62.txt","EROdQx59HtMVkjBmc5JoDtcAYNXI.aZA"
"s3://hcp-openaccess/HCP_1200/506234/MNINonLinear/Results/rfMRI_REST1_LR/rfMRI_REST1_LR_hp2000.ica/filtered_func_data.ica/report/t63.png","506234","MNINonLinear//Results/rfMRI_REST1_LR/rfMRI_REST1_LR_hp2000.ica/filtered_func_data.ica/report/t63.png","GxL8gVJ8cOzZSMYEnaBILKobgrVBVbru"
"s3://hcp-openaccess/HCP_1200/506234/MNINonLinear/Results/rfMRI_REST1_LR/rfMRI_REST1_LR_hp2000.ica/filtered_func_data.ica/report/t63.txt","506234","MNINonLinear//Results/rfMRI_REST1_LR/rfMRI_REST1_LR_hp2000.ica/filtered_func_data.ica/report/t63.txt","goOZUU2QMZZEuna1mDCaDWLO7CDW6L8v"
"s3://hcp-openaccess/HCP_1200/506234/MNINonLinear/Results/rfMRI_REST1_LR/rfMRI_REST1_LR_hp2000.ica/filtered_func_data.ica/report/t64.png","506234","MNINonLinear//Results/rfMRI_REST1_LR/rfMRI_REST1_LR_hp2000.ica/filtered_func_data.ica/report/t64.png","VfYAVzwk7IGn2xcd7RgjFqv2680qf7LB"
"s3://hcp-openaccess/HCP_1200/506234/MNINonLinear/Results/rfMRI_REST1_LR/rfMRI_REST1_LR_hp2000.ica/filtered_func_data.ica/report/t64.txt","506234","MNINonLinear//Results/rfMRI_REST1_LR/rfMRI_REST1_LR_hp2000.ica/filtered_func_data.ica/report/t64.txt","Yfg3zALlIADnXKPcy.EFBoZaWdiJaNNJ"
"s3://hcp-openaccess/HCP_1200/506234/MNINonLinear/Results/rfMRI_REST1_LR/rfMRI_REST1_LR_hp2000.ica/filtered_func_data.ica/report/t65.png","506234","MNINonLinear//Results/rfMRI_REST1_LR/rfMRI_REST1_LR_hp2000.ica/filtered_func_data.ica/report/t65.png","GbyGYQp4h1wPVk3B8EaCqSOosyl5nhem"
"s3://hcp-openaccess/HCP_1200/506234/MNINonLinear/Results/rfMRI_REST1_LR/rfMRI_REST1_LR_hp2000.ica/filtered_func_data.ica/report/t65.txt","506234","MNINonLinear//Results/rfMRI_REST1_LR/rfMRI_REST1_LR_hp2000.ica/filtered_func_data.ica/report/t65.txt","jRtMcmvP5dcdKECgJR1.bSRS4nEGxTOK"
"s3://hcp-openaccess/HCP_1200/506234/MNINonLinear/Results/rfMRI_REST1_LR/rfMRI_REST1_LR_hp2000.ica/filtered_func_data.ica/report/t66.png","506234","MNINonLinear//Results/rfMRI_REST1_LR/rfMRI_REST1_LR_hp2000.ica/filtered_func_data.ica/report/t66.png","n68_8vGK9UL_hd7ni18urgGXF7kFetvq"
"s3://hcp-openaccess/HCP_1200/506234/MNINonLinear/Results/rfMRI_REST1_LR/rfMRI_REST1_LR_hp2000.ica/filtered_func_data.ica/report/t66.txt","506234","MNINonLinear//Results/rfMRI_REST1_LR/rfMRI_REST1_LR_hp2000.ica/filtered_func_data.ica/report/t66.txt","kMhVid9.Ohig43AD0ee4uq0HoeKEUWQf"
"s3://hcp-openaccess/HCP_1200/506234/MNINonLinear/Results/rfMRI_REST1_LR/rfMRI_REST1_LR_hp2000.ica/filtered_func_data.ica/report/t67.png","506234","MNINonLinear//Results/rfMRI_REST1_LR/rfMRI_REST1_LR_hp2000.ica/filtered_func_data.ica/report/t67.png","xj1dnFJajmrjfXWH8Ic09xAKTlFEOSNu"
"s3://hcp-openaccess/HCP_1200/506234/MNINonLinear/Results/rfMRI_REST1_LR/rfMRI_REST1_LR_hp2000.ica/filtered_func_data.ica/report/t67.txt","506234","MNINonLinear//Results/rfMRI_REST1_LR/rfMRI_REST1_LR_hp2000.ica/filtered_func_data.ica/report/t67.txt","yRf6qwEKJccHdMXrr200FAV__.S_d4P."
"s3://hcp-openaccess/HCP_1200/506234/MNINonLinear/Results/rfMRI_REST1_LR/rfMRI_REST1_LR_hp2000.ica/filtered_func_data.ica/report/t68.png","506234","MNINonLinear//Results/rfMRI_REST1_LR/rfMRI_REST1_LR_hp2000.ica/filtered_func_data.ica/report/t68.png","teWprLLANWlCW40D7SkxPh49f.u03IYb"
"s3://hcp-openaccess/HCP_1200/506234/MNINonLinear/Results/rfMRI_REST1_LR/rfMRI_REST1_LR_hp2000.ica/filtered_func_data.ica/report/t68.txt","506234","MNINonLinear//Results/rfMRI_REST1_LR/rfMRI_REST1_LR_hp2000.ica/filtered_func_data.ica/report/t68.txt","jwcXMsjhrAxH5.E92lPp098UP1HIdCXG"
"s3://hcp-openaccess/HCP_1200/506234/MNINonLinear/Results/rfMRI_REST1_LR/rfMRI_REST1_LR_hp2000.ica/filtered_func_data.ica/report/t69.png","506234","MNINonLinear//Results/rfMRI_REST1_LR/rfMRI_REST1_LR_hp2000.ica/filtered_func_data.ica/report/t69.png","VmXGtRrBMjWm_ay7iRoqFQLjDpFvxyTE"
"s3://hcp-openaccess/HCP_1200/506234/MNINonLinear/Results/rfMRI_REST1_LR/rfMRI_REST1_LR_hp2000.ica/filtered_func_data.ica/report/t69.txt","506234","MNINonLinear//Results/rfMRI_REST1_LR/rfMRI_REST1_LR_hp2000.ica/filtered_func_data.ica/report/t69.txt","tc8_bcxGqY14JAj55EiDL2zCBU8mIOSc"
"s3://hcp-openaccess/HCP_1200/506234/MNINonLinear/Results/rfMRI_REST1_LR/rfMRI_REST1_LR_hp2000.ica/filtered_func_data.ica/report/t7.png","506234","MNINonLinear//Results/rfMRI_REST1_LR/rfMRI_REST1_LR_hp2000.ica/filtered_func_data.ica/report/t7.png","qK7f8VM..d7pZYMt1xb0NeCGqL1lfFoi"
"s3://hcp-openaccess/HCP_1200/506234/MNINonLinear/Results/rfMRI_REST1_LR/rfMRI_REST1_LR_hp2000.ica/filtered_func_data.ica/report/t7.txt","506234","MNINonLinear//Results/rfMRI_REST1_LR/rfMRI_REST1_LR_hp2000.ica/filtered_func_data.ica/report/t7.txt","kFIwClxbnjH4Ch9dzJwid9SH5COvXmUG"
"s3://hcp-openaccess/HCP_1200/506234/MNINonLinear/Results/rfMRI_REST1_LR/rfMRI_REST1_LR_hp2000.ica/filtered_func_data.ica/report/t70.png","506234","MNINonLinear//Results/rfMRI_REST1_LR/rfMRI_REST1_LR_hp2000.ica/filtered_func_data.ica/report/t70.png","RuAl21nvwoHikXnSwikviy1vjiC3sH8J"
"s3://hcp-openaccess/HCP_1200/506234/MNINonLinear/Results/rfMRI_REST1_LR/rfMRI_REST1_LR_hp2000.ica/filtered_func_data.ica/report/t70.txt","506234","MNINonLinear//Results/rfMRI_REST1_LR/rfMRI_REST1_LR_hp2000.ica/filtered_func_data.ica/report/t70.txt","XPC2ILEUlXt6UfOpOqJo72ctV7es84I5"
"s3://hcp-openaccess/HCP_1200/506234/MNINonLinear/Results/rfMRI_REST1_LR/rfMRI_REST1_LR_hp2000.ica/filtered_func_data.ica/report/t71.png","506234","MNINonLinear//Results/rfMRI_REST1_LR/rfMRI_REST1_LR_hp2000.ica/filtered_func_data.ica/report/t71.png","FcJLAVU3L1p.omzuRddZdbQNxahJr2bT"
"s3://hcp-openaccess/HCP_1200/506234/MNINonLinear/Results/rfMRI_REST1_LR/rfMRI_REST1_LR_hp2000.ica/filtered_func_data.ica/report/t71.txt","506234","MNINonLinear//Results/rfMRI_REST1_LR/rfMRI_REST1_LR_hp2000.ica/filtered_func_data.ica/report/t71.txt","tg34o7VxqfJYwf_Tiqv.q2AzbWeV750E"
"s3://hcp-openaccess/HCP_1200/506234/MNINonLinear/Results/rfMRI_REST1_LR/rfMRI_REST1_LR_hp2000.ica/filtered_func_data.ica/report/t72.png","506234","MNINonLinear//Results/rfMRI_REST1_LR/rfMRI_REST1_LR_hp2000.ica/filtered_func_data.ica/report/t72.png","l3UvpHgB1xD.lYMDQVv9qtqGKEV4Dqtl"
"s3://hcp-openaccess/HCP_1200/506234/MNINonLinear/Results/rfMRI_REST1_LR/rfMRI_REST1_LR_hp2000.ica/filtered_func_data.ica/report/t72.txt","506234","MNINonLinear//Results/rfMRI_REST1_LR/rfMRI_REST1_LR_hp2000.ica/filtered_func_data.ica/report/t72.txt","UtGmJWKoRXJwPS6zIhf_6R01z36RYbFx"
"s3://hcp-openaccess/HCP_1200/506234/MNINonLinear/Results/rfMRI_REST1_LR/rfMRI_REST1_LR_hp2000.ica/filtered_func_data.ica/report/t73.png","506234","MNINonLinear//Results/rfMRI_REST1_LR/rfMRI_REST1_LR_hp2000.ica/filtered_func_data.ica/report/t73.png","4XpVVKjD_7iWJnlUoLv7LXlmLik9.y3N"
"s3://hcp-openaccess/HCP_1200/506234/MNINonLinear/Results/rfMRI_REST1_LR/rfMRI_REST1_LR_hp2000.ica/filtered_func_data.ica/report/t73.txt","506234","MNINonLinear//Results/rfMRI_REST1_LR/rfMRI_REST1_LR_hp2000.ica/filtered_func_data.ica/report/t73.txt","IjbRmd7HQ7ZCvcsj_lBcfo09Mj7PjmC1"
"s3://hcp-openaccess/HCP_1200/506234/MNINonLinear/Results/rfMRI_REST1_LR/rfMRI_REST1_LR_hp2000.ica/filtered_func_data.ica/report/t74.png","506234","MNINonLinear//Results/rfMRI_REST1_LR/rfMRI_REST1_LR_hp2000.ica/filtered_func_data.ica/report/t74.png","uqD3h3XI4JKTB264ZBIYixlYQLvsT21p"
"s3://hcp-openaccess/HCP_1200/506234/MNINonLinear/Results/rfMRI_REST1_LR/rfMRI_REST1_LR_hp2000.ica/filtered_func_data.ica/report/t74.txt","506234","MNINonLinear//Results/rfMRI_REST1_LR/rfMRI_REST1_LR_hp2000.ica/filtered_func_data.ica/report/t74.txt","7E4Idve6SzweFDk2EASLENagCGon9Bcb"
"s3://hcp-openaccess/HCP_1200/506234/MNINonLinear/Results/rfMRI_REST1_LR/rfMRI_REST1_LR_hp2000.ica/filtered_func_data.ica/report/t75.png","506234","MNINonLinear//Results/rfMRI_REST1_LR/rfMRI_REST1_LR_hp2000.ica/filtered_func_data.ica/report/t75.png","F5CjGNcIeiOiWqM8kNrquiNP9Lbu18Ni"
"s3://hcp-openaccess/HCP_1200/506234/MNINonLinear/Results/rfMRI_REST1_LR/rfMRI_REST1_LR_hp2000.ica/filtered_func_data.ica/report/t75.txt","506234","MNINonLinear//Results/rfMRI_REST1_LR/rfMRI_REST1_LR_hp2000.ica/filtered_func_data.ica/report/t75.txt","h.jPbHKYor794joPeY61AXalfzwsLgc_"
"s3://hcp-openaccess/HCP_1200/506234/MNINonLinear/Results/rfMRI_REST1_LR/rfMRI_REST1_LR_hp2000.ica/filtered_func_data.ica/report/t76.png","506234","MNINonLinear//Results/rfMRI_REST1_LR/rfMRI_REST1_LR_hp2000.ica/filtered_func_data.ica/report/t76.png","82HxxUQFmsERVYbcT7uK9Bjckh2R_zdp"
"s3://hcp-openaccess/HCP_1200/506234/MNINonLinear/Results/rfMRI_REST1_LR/rfMRI_REST1_LR_hp2000.ica/filtered_func_data.ica/report/t76.txt","506234","MNINonLinear//Results/rfMRI_REST1_LR/rfMRI_REST1_LR_hp2000.ica/filtered_func_data.ica/report/t76.txt","niD.1xOMR2Wu8W9BK32X5k6W9Po_NtHm"
"s3://hcp-openaccess/HCP_1200/506234/MNINonLinear/Results/rfMRI_REST1_LR/rfMRI_REST1_LR_hp2000.ica/filtered_func_data.ica/report/t77.png","506234","MNINonLinear//Results/rfMRI_REST1_LR/rfMRI_REST1_LR_hp2000.ica/filtered_func_data.ica/report/t77.png",".D7hkiILLaBbvj.P9PY_OQjypIMELcMc"
"s3://hcp-openaccess/HCP_1200/506234/MNINonLinear/Results/rfMRI_REST1_LR/rfMRI_REST1_LR_hp2000.ica/filtered_func_data.ica/report/t77.txt","506234","MNINonLinear//Results/rfMRI_REST1_LR/rfMRI_REST1_LR_hp2000.ica/filtered_func_data.ica/report/t77.txt","tnpj.3Mh1uhR9VwVQ8LZIfJmn4OuJpBn"
"s3://hcp-openaccess/HCP_1200/506234/MNINonLinear/Results/rfMRI_REST1_LR/rfMRI_REST1_LR_hp2000.ica/filtered_func_data.ica/report/t78.png","506234","MNINonLinear//Results/rfMRI_REST1_LR/rfMRI_REST1_LR_hp2000.ica/filtered_func_data.ica/report/t78.png","5xztjjZlA_fmSrG283MlK8mwiW9fwJO0"
"s3://hcp-openaccess/HCP_1200/506234/MNINonLinear/Results/rfMRI_REST1_LR/rfMRI_REST1_LR_hp2000.ica/filtered_func_data.ica/report/t78.txt","506234","MNINonLinear//Results/rfMRI_REST1_LR/rfMRI_REST1_LR_hp2000.ica/filtered_func_data.ica/report/t78.txt","ier8JX5ugqEGOHPDOKUDL5EKwBcGrjXH"
"s3://hcp-openaccess/HCP_1200/506234/MNINonLinear/Results/rfMRI_REST1_LR/rfMRI_REST1_LR_hp2000.ica/filtered_func_data.ica/report/t79.png","506234","MNINonLinear//Results/rfMRI_REST1_LR/rfMRI_REST1_LR_hp2000.ica/filtered_func_data.ica/report/t79.png","TgENhLrsPuPaiV.6IYl8vaXkzcqSt1Ka"
"s3://hcp-openaccess/HCP_1200/506234/MNINonLinear/Results/rfMRI_REST1_LR/rfMRI_REST1_LR_hp2000.ica/filtered_func_data.ica/report/t79.txt","506234","MNINonLinear//Results/rfMRI_REST1_LR/rfMRI_REST1_LR_hp2000.ica/filtered_func_data.ica/report/t79.txt","hSYB1zJ27BtOtMm4UMTC9uzCE9.yh6Ca"
"s3://hcp-openaccess/HCP_1200/506234/MNINonLinear/Results/rfMRI_REST1_LR/rfMRI_REST1_LR_hp2000.ica/filtered_func_data.ica/report/t8.png","506234","MNINonLinear//Results/rfMRI_REST1_LR/rfMRI_REST1_LR_hp2000.ica/filtered_func_data.ica/report/t8.png","xPWzaMptKUZEsJ_Jgofdy4yekuVNIpUP"
"s3://hcp-openaccess/HCP_1200/506234/MNINonLinear/Results/rfMRI_REST1_LR/rfMRI_REST1_LR_hp2000.ica/filtered_func_data.ica/report/t8.txt","506234","MNINonLinear//Results/rfMRI_REST1_LR/rfMRI_REST1_LR_hp2000.ica/filtered_func_data.ica/report/t8.txt","3AfITMFqK9LiJ8GadWaAikioiGYVcXnU"
"s3://hcp-openaccess/HCP_1200/506234/MNINonLinear/Results/rfMRI_REST1_LR/rfMRI_REST1_LR_hp2000.ica/filtered_func_data.ica/report/t80.png","506234","MNINonLinear//Results/rfMRI_REST1_LR/rfMRI_REST1_LR_hp2000.ica/filtered_func_data.ica/report/t80.png","hcVS7lFWJqLRznhfoKfuwzgu_NFLJ428"
"s3://hcp-openaccess/HCP_1200/506234/MNINonLinear/Results/rfMRI_REST1_LR/rfMRI_REST1_LR_hp2000.ica/filtered_func_data.ica/report/t80.txt","506234","MNINonLinear//Results/rfMRI_REST1_LR/rfMRI_REST1_LR_hp2000.ica/filtered_func_data.ica/report/t80.txt","ZLX5w5bHJURMUJYVevDZkcFiGJjbc6R_"
"s3://hcp-openaccess/HCP_1200/506234/MNINonLinear/Results/rfMRI_REST1_LR/rfMRI_REST1_LR_hp2000.ica/filtered_func_data.ica/report/t81.png","506234","MNINonLinear//Results/rfMRI_REST1_LR/rfMRI_REST1_LR_hp2000.ica/filtered_func_data.ica/report/t81.png","etYJWkzysAAozlK1IFu9qGtgaFNBcRLh"
"s3://hcp-openaccess/HCP_1200/506234/MNINonLinear/Results/rfMRI_REST1_LR/rfMRI_REST1_LR_hp2000.ica/filtered_func_data.ica/report/t81.txt","506234","MNINonLinear//Results/rfMRI_REST1_LR/rfMRI_REST1_LR_hp2000.ica/filtered_func_data.ica/report/t81.txt","VEJJtpbexjzitQZmUBr5szu8ypzusopH"
"s3://hcp-openaccess/HCP_1200/506234/MNINonLinear/Results/rfMRI_REST1_LR/rfMRI_REST1_LR_hp2000.ica/filtered_func_data.ica/report/t82.png","506234","MNINonLinear//Results/rfMRI_REST1_LR/rfMRI_REST1_LR_hp2000.ica/filtered_func_data.ica/report/t82.png","BoK2QUZI9HbCeHx4Z31zi.iltMfD7lAH"
"s3://hcp-openaccess/HCP_1200/506234/MNINonLinear/Results/rfMRI_REST1_LR/rfMRI_REST1_LR_hp2000.ica/filtered_func_data.ica/report/t82.txt","506234","MNINonLinear//Results/rfMRI_REST1_LR/rfMRI_REST1_LR_hp2000.ica/filtered_func_data.ica/report/t82.txt","lrnapT9Wwc7t4psazqx9PMF9hhqtfuG5"
"s3://hcp-openaccess/HCP_1200/506234/MNINonLinear/Results/rfMRI_REST1_LR/rfMRI_REST1_LR_hp2000.ica/filtered_func_data.ica/report/t83.png","506234","MNINonLinear//Results/rfMRI_REST1_LR/rfMRI_REST1_LR_hp2000.ica/filtered_func_data.ica/report/t83.png","CNMcmgkVltaP8xULbrZTkO85IADHCN3j"
"s3://hcp-openaccess/HCP_1200/506234/MNINonLinear/Results/rfMRI_REST1_LR/rfMRI_REST1_LR_hp2000.ica/filtered_func_data.ica/report/t83.txt","506234","MNINonLinear//Results/rfMRI_REST1_LR/rfMRI_REST1_LR_hp2000.ica/filtered_func_data.ica/report/t83.txt","1tVSjnPfu43om43UAqPEHUOBUh.dWBM1"
"s3://hcp-openaccess/HCP_1200/506234/MNINonLinear/Results/rfMRI_REST1_LR/rfMRI_REST1_LR_hp2000.ica/filtered_func_data.ica/report/t84.png","506234","MNINonLinear//Results/rfMRI_REST1_LR/rfMRI_REST1_LR_hp2000.ica/filtered_func_data.ica/report/t84.png","7kiA2tyT7kcZH0mMZxNWoVZJX8RrEeVv"
"s3://hcp-openaccess/HCP_1200/506234/MNINonLinear/Results/rfMRI_REST1_LR/rfMRI_REST1_LR_hp2000.ica/filtered_func_data.ica/report/t84.txt","506234","MNINonLinear//Results/rfMRI_REST1_LR/rfMRI_REST1_LR_hp2000.ica/filtered_func_data.ica/report/t84.txt","SOA6LhL82qgA88xBgnVedglXoWZQX1nA"
"s3://hcp-openaccess/HCP_1200/506234/MNINonLinear/Results/rfMRI_REST1_LR/rfMRI_REST1_LR_hp2000.ica/filtered_func_data.ica/report/t85.png","506234","MNINonLinear//Results/rfMRI_REST1_LR/rfMRI_REST1_LR_hp2000.ica/filtered_func_data.ica/report/t85.png","QgneduKqmfyGBYH0tsQ.PW3a.86zLFMc"
"s3://hcp-openaccess/HCP_1200/506234/MNINonLinear/Results/rfMRI_REST1_LR/rfMRI_REST1_LR_hp2000.ica/filtered_func_data.ica/report/t85.txt","506234","MNINonLinear//Results/rfMRI_REST1_LR/rfMRI_REST1_LR_hp2000.ica/filtered_func_data.ica/report/t85.txt","MgmJFIZvLjvAm._aZES5HRW8xeWgCRbR"
"s3://hcp-openaccess/HCP_1200/506234/MNINonLinear/Results/rfMRI_REST1_LR/rfMRI_REST1_LR_hp2000.ica/filtered_func_data.ica/report/t86.png","506234","MNINonLinear//Results/rfMRI_REST1_LR/rfMRI_REST1_LR_hp2000.ica/filtered_func_data.ica/report/t86.png","mViXPNgf9ejs4cG126Bj4zDOlW7765uw"
"s3://hcp-openaccess/HCP_1200/506234/MNINonLinear/Results/rfMRI_REST1_LR/rfMRI_REST1_LR_hp2000.ica/filtered_func_data.ica/report/t86.txt","506234","MNINonLinear//Results/rfMRI_REST1_LR/rfMRI_REST1_LR_hp2000.ica/filtered_func_data.ica/report/t86.txt","6ET8hgyjJB6aBQ3ORjyRiC5UYHN7kZ0X"
"s3://hcp-openaccess/HCP_1200/506234/MNINonLinear/Results/rfMRI_REST1_LR/rfMRI_REST1_LR_hp2000.ica/filtered_func_data.ica/report/t87.png","506234","MNINonLinear//Results/rfMRI_REST1_LR/rfMRI_REST1_LR_hp2000.ica/filtered_func_data.ica/report/t87.png","MSTaEFX.TZnxb6FocjCUKYv3xKvs.Pk7"
"s3://hcp-openaccess/HCP_1200/506234/MNINonLinear/Results/rfMRI_REST1_LR/rfMRI_REST1_LR_hp2000.ica/filtered_func_data.ica/report/t87.txt","506234","MNINonLinear//Results/rfMRI_REST1_LR/rfMRI_REST1_LR_hp2000.ica/filtered_func_data.ica/report/t87.txt","JtsqL5FGBE0NKpgqK3keMcD4IMKeK4qq"
"s3://hcp-openaccess/HCP_1200/506234/MNINonLinear/Results/rfMRI_REST1_LR/rfMRI_REST1_LR_hp2000.ica/filtered_func_data.ica/report/t88.png","506234","MNINonLinear//Results/rfMRI_REST1_LR/rfMRI_REST1_LR_hp2000.ica/filtered_func_data.ica/report/t88.png","DdptHFo55bjzzL.8jvWhOyRsrM76WHOs"
"s3://hcp-openaccess/HCP_1200/506234/MNINonLinear/Results/rfMRI_REST1_LR/rfMRI_REST1_LR_hp2000.ica/filtered_func_data.ica/report/t88.txt","506234","MNINonLinear//Results/rfMRI_REST1_LR/rfMRI_REST1_LR_hp2000.ica/filtered_func_data.ica/report/t88.txt","xLgp1M.ZFYARLnDAM.slzyDs3ypy8VWO"
"s3://hcp-openaccess/HCP_1200/506234/MNINonLinear/Results/rfMRI_REST1_LR/rfMRI_REST1_LR_hp2000.ica/filtered_func_data.ica/report/t89.png","506234","MNINonLinear//Results/rfMRI_REST1_LR/rfMRI_REST1_LR_hp2000.ica/filtered_func_data.ica/report/t89.png","pKBCsfyPb9d18egN6Vp0dgL3wvWWaDmO"
"s3://hcp-openaccess/HCP_1200/506234/MNINonLinear/Results/rfMRI_REST1_LR/rfMRI_REST1_LR_hp2000.ica/filtered_func_data.ica/report/t89.txt","506234","MNINonLinear//Results/rfMRI_REST1_LR/rfMRI_REST1_LR_hp2000.ica/filtered_func_data.ica/report/t89.txt","Hv9d29GPAOniyO5T6B2nn8Ozf5ITZpbM"
"s3://hcp-openaccess/HCP_1200/506234/MNINonLinear/Results/rfMRI_REST1_LR/rfMRI_REST1_LR_hp2000.ica/filtered_func_data.ica/report/t9.png","506234","MNINonLinear//Results/rfMRI_REST1_LR/rfMRI_REST1_LR_hp2000.ica/filtered_func_data.ica/report/t9.png","8dF9PGQgFGDNaYXZluOL26QmsBNIUcTT"
"s3://hcp-openaccess/HCP_1200/506234/MNINonLinear/Results/rfMRI_REST1_LR/rfMRI_REST1_LR_hp2000.ica/filtered_func_data.ica/report/t9.txt","506234","MNINonLinear//Results/rfMRI_REST1_LR/rfMRI_REST1_LR_hp2000.ica/filtered_func_data.ica/report/t9.txt","BFdZcYRe_NcxgltJaUB.GecSiGRXdw37"
"s3://hcp-openaccess/HCP_1200/506234/MNINonLinear/Results/rfMRI_REST1_LR/rfMRI_REST1_LR_hp2000.ica/filtered_func_data.ica/report/t90.png","506234","MNINonLinear//Results/rfMRI_REST1_LR/rfMRI_REST1_LR_hp2000.ica/filtered_func_data.ica/report/t90.png","RXlLNXfaZN2DNKUKtiVE_DdD69FrxUOh"
"s3://hcp-openaccess/HCP_1200/506234/MNINonLinear/Results/rfMRI_REST1_LR/rfMRI_REST1_LR_hp2000.ica/filtered_func_data.ica/report/t90.txt","506234","MNINonLinear//Results/rfMRI_REST1_LR/rfMRI_REST1_LR_hp2000.ica/filtered_func_data.ica/report/t90.txt","UQ0b9CO12KVgZMVgJuCyn59gOl5aQKno"
"s3://hcp-openaccess/HCP_1200/506234/MNINonLinear/Results/rfMRI_REST1_LR/rfMRI_REST1_LR_hp2000.ica/filtered_func_data.ica/report/t91.png","506234","MNINonLinear//Results/rfMRI_REST1_LR/rfMRI_REST1_LR_hp2000.ica/filtered_func_data.ica/report/t91.png","LBWg6VxL4YcCiZrzxRkTBdFjAVT2wRNz"
"s3://hcp-openaccess/HCP_1200/506234/MNINonLinear/Results/rfMRI_REST1_LR/rfMRI_REST1_LR_hp2000.ica/filtered_func_data.ica/report/t91.txt","506234","MNINonLinear//Results/rfMRI_REST1_LR/rfMRI_REST1_LR_hp2000.ica/filtered_func_data.ica/report/t91.txt","drIR.qGI8awq9dyCfz.9aGB09o7weKxT"
"s3://hcp-openaccess/HCP_1200/506234/MNINonLinear/Results/rfMRI_REST1_LR/rfMRI_REST1_LR_hp2000.ica/filtered_func_data.ica/report/t92.png","506234","MNINonLinear//Results/rfMRI_REST1_LR/rfMRI_REST1_LR_hp2000.ica/filtered_func_data.ica/report/t92.png","zhigUP6A6gufh.ZlFu41aa3zd3sPjczi"
"s3://hcp-openaccess/HCP_1200/506234/MNINonLinear/Results/rfMRI_REST1_LR/rfMRI_REST1_LR_hp2000.ica/filtered_func_data.ica/report/t92.txt","506234","MNINonLinear//Results/rfMRI_REST1_LR/rfMRI_REST1_LR_hp2000.ica/filtered_func_data.ica/report/t92.txt","Cz1iraih0FjbTC1U2JsezPA8DOoKLbWg"
"s3://hcp-openaccess/HCP_1200/506234/MNINonLinear/Results/rfMRI_REST1_LR/rfMRI_REST1_LR_hp2000.ica/filtered_func_data.ica/report/t93.png","506234","MNINonLinear//Results/rfMRI_REST1_LR/rfMRI_REST1_LR_hp2000.ica/filtered_func_data.ica/report/t93.png","sto1tbkFTDWqdPpPBfDUwldvWVzmdYJU"
"s3://hcp-openaccess/HCP_1200/506234/MNINonLinear/Results/rfMRI_REST1_LR/rfMRI_REST1_LR_hp2000.ica/filtered_func_data.ica/report/t93.txt","506234","MNINonLinear//Results/rfMRI_REST1_LR/rfMRI_REST1_LR_hp2000.ica/filtered_func_data.ica/report/t93.txt","fe7yJsDjT8v_RFb_UI1mElSDbzJ2B7w5"
"s3://hcp-openaccess/HCP_1200/506234/MNINonLinear/Results/rfMRI_REST1_LR/rfMRI_REST1_LR_hp2000.ica/filtered_func_data.ica/report/t94.png","506234","MNINonLinear//Results/rfMRI_REST1_LR/rfMRI_REST1_LR_hp2000.ica/filtered_func_data.ica/report/t94.png","Qm4UW2AumZwHDGPYilm8qAWeFwSTMcMB"
"s3://hcp-openaccess/HCP_1200/506234/MNINonLinear/Results/rfMRI_REST1_LR/rfMRI_REST1_LR_hp2000.ica/filtered_func_data.ica/report/t94.txt","506234","MNINonLinear//Results/rfMRI_REST1_LR/rfMRI_REST1_LR_hp2000.ica/filtered_func_data.ica/report/t94.txt","QkpQM99aIYhAy95ShOR3ej2kbjdINZU_"
"s3://hcp-openaccess/HCP_1200/506234/MNINonLinear/Results/rfMRI_REST1_LR/rfMRI_REST1_LR_hp2000_clean.nii.gz","506234","MNINonLinear//Results/rfMRI_REST1_LR/rfMRI_REST1_LR_hp2000_clean.nii.gz","PhNbp3r0p8VwTMn5K2_kyjM2fEJ04XVM"
"s3://hcp-openaccess/HCP_1200/506234/MNINonLinear/Results/rfMRI_REST1_RL/506234_rfMRI_REST1_RL_ICA_Classification_dualscreen.scene","506234","MNINonLinear//Results/rfMRI_REST1_RL/506234_rfMRI_REST1_RL_ICA_Classification_dualscreen.scene","PJknDJYpuqn3p5HBeQdoINSF3PwJyno2"
"s3://hcp-openaccess/HCP_1200/506234/MNINonLinear/Results/rfMRI_REST1_RL/506234_rfMRI_REST1_RL_ICA_Classification_singlescreen.scene","506234","MNINonLinear//Results/rfMRI_REST1_RL/506234_rfMRI_REST1_RL_ICA_Classification_singlescreen.scene","Kpwj4nJoNwQnNQMyJYk5FsBBoNnRdWAE"
"s3://hcp-openaccess/HCP_1200/506234/MNINonLinear/Results/rfMRI_REST1_RL/Atlas_hp_preclean.dtseries.nii","506234","MNINonLinear//Results/rfMRI_REST1_RL/Atlas_hp_preclean.dtseries.nii","c__08ppZXWslqqy5KLHsQ20QFCv2iF7q"
"s3://hcp-openaccess/HCP_1200/506234/MNINonLinear/Results/rfMRI_REST1_RL/Movement_AbsoluteRMS.txt","506234","MNINonLinear//Results/rfMRI_REST1_RL/Movement_AbsoluteRMS.txt","ZlYNVbp7tDUyIV1NkyvXS1sdectNy9Sf"
"s3://hcp-openaccess/HCP_1200/506234/MNINonLinear/Results/rfMRI_REST1_RL/Movement_AbsoluteRMS_mean.txt","506234","MNINonLinear//Results/rfMRI_REST1_RL/Movement_AbsoluteRMS_mean.txt","j4KLkvwY4bPINExP_NFhEPWRnhmcqcV2"
"s3://hcp-openaccess/HCP_1200/506234/MNINonLinear/Results/rfMRI_REST1_RL/Movement_Regressors.txt","506234","MNINonLinear//Results/rfMRI_REST1_RL/Movement_Regressors.txt",".kbodEvvqf36EuR9dnwnXxEI2raUVvzZ"
"s3://hcp-openaccess/HCP_1200/506234/MNINonLinear/Results/rfMRI_REST1_RL/Movement_Regressors_dt.txt","506234","MNINonLinear//Results/rfMRI_REST1_RL/Movement_Regressors_dt.txt","ZoO1af1pMBRhGiQP.nsIChCyM9G.WgnS"
"s3://hcp-openaccess/HCP_1200/506234/MNINonLinear/Results/rfMRI_REST1_RL/Movement_RelativeRMS.txt","506234","MNINonLinear//Results/rfMRI_REST1_RL/Movement_RelativeRMS.txt","CEwwn9Yt85XKZEUeDZWkcyDfBcgokOLr"
"s3://hcp-openaccess/HCP_1200/506234/MNINonLinear/Results/rfMRI_REST1_RL/Movement_RelativeRMS_mean.txt","506234","MNINonLinear//Results/rfMRI_REST1_RL/Movement_RelativeRMS_mean.txt","B.90rPOmp60oSNcLbRtF0IP1Dg.Ejl6i"
"s3://hcp-openaccess/HCP_1200/506234/MNINonLinear/Results/rfMRI_REST1_RL/PhaseOne_gdc_dc.nii.gz","506234","MNINonLinear//Results/rfMRI_REST1_RL/PhaseOne_gdc_dc.nii.gz","nz6SrUkOHwDbVFb4v9PqGGOL4OtapAIC"
"s3://hcp-openaccess/HCP_1200/506234/MNINonLinear/Results/rfMRI_REST1_RL/PhaseTwo_gdc_dc.nii.gz","506234","MNINonLinear//Results/rfMRI_REST1_RL/PhaseTwo_gdc_dc.nii.gz","f3o8aBTdrrTdor_UbYAYmn_i_yWiubtg"
"s3://hcp-openaccess/HCP_1200/506234/MNINonLinear/Results/rfMRI_REST1_RL/ReclassifyAsNoise.txt","506234","MNINonLinear//Results/rfMRI_REST1_RL/ReclassifyAsNoise.txt","ciIxy9M6jpuwUB3Tzgjt2dsJRaWbLCA6"
"s3://hcp-openaccess/HCP_1200/506234/MNINonLinear/Results/rfMRI_REST1_RL/ReclassifyAsSignal.txt","506234","MNINonLinear//Results/rfMRI_REST1_RL/ReclassifyAsSignal.txt","pjiLFFVFTti0ITHU18W_El95iWQ7reIY"
"s3://hcp-openaccess/HCP_1200/506234/MNINonLinear/Results/rfMRI_REST1_RL/RestingStateStats/rfMRI_REST1_RL_Atlas_1-2_OrigTCS-HighPassTCS_QC_Summary_Plot.png","506234","MNINonLinear//Results/rfMRI_REST1_RL/RestingStateStats/rfMRI_REST1_RL_Atlas_1-2_OrigTCS-HighPassTCS_QC_Summary_Plot.png","a_O6QmhE8ToNCrs1WUyJunDqshZr_Hrj"
"s3://hcp-openaccess/HCP_1200/506234/MNINonLinear/Results/rfMRI_REST1_RL/RestingStateStats/rfMRI_REST1_RL_Atlas_1-2_OrigTCS-HighPassTCS_QC_Summary_Plot_z.png","506234","MNINonLinear//Results/rfMRI_REST1_RL/RestingStateStats/rfMRI_REST1_RL_Atlas_1-2_OrigTCS-HighPassTCS_QC_Summary_Plot_z.png","Ok.Bk9LN5ZBNgxR5.7sWsEvYgeDEp1c3"
"s3://hcp-openaccess/HCP_1200/506234/MNINonLinear/Results/rfMRI_REST1_RL/RestingStateStats/rfMRI_REST1_RL_Atlas_1-5_OrigTCS-UnstructNoiseTCS_QC_Summary_Plot.png","506234","MNINonLinear//Results/rfMRI_REST1_RL/RestingStateStats/rfMRI_REST1_RL_Atlas_1-5_OrigTCS-UnstructNoiseTCS_QC_Summary_Plot.png","mtw_CXHU9cJ6GFuPqd3DJqLpaIlKzc.R"
"s3://hcp-openaccess/HCP_1200/506234/MNINonLinear/Results/rfMRI_REST1_RL/RestingStateStats/rfMRI_REST1_RL_Atlas_1-5_OrigTCS-UnstructNoiseTCS_QC_Summary_Plot_z.png","506234","MNINonLinear//Results/rfMRI_REST1_RL/RestingStateStats/rfMRI_REST1_RL_Atlas_1-5_OrigTCS-UnstructNoiseTCS_QC_Summary_Plot_z.png","navfNrzHW2c4RRZ9vg.v2eNXQaZGr_U5"
"s3://hcp-openaccess/HCP_1200/506234/MNINonLinear/Results/rfMRI_REST1_RL/RestingStateStats/rfMRI_REST1_RL_Atlas_1_OrigTCS_QC_Summary_Plot.png","506234","MNINonLinear//Results/rfMRI_REST1_RL/RestingStateStats/rfMRI_REST1_RL_Atlas_1_OrigTCS_QC_Summary_Plot.png","cA0PHy2NnxgRqlWz9SmJ3cyjgZeNDXN5"
"s3://hcp-openaccess/HCP_1200/506234/MNINonLinear/Results/rfMRI_REST1_RL/RestingStateStats/rfMRI_REST1_RL_Atlas_1_OrigTCS_QC_Summary_Plot_z.png","506234","MNINonLinear//Results/rfMRI_REST1_RL/RestingStateStats/rfMRI_REST1_RL_Atlas_1_OrigTCS_QC_Summary_Plot_z.png","iST3xXBcwkUJX1dGeYo3VFnHK0FWTe1k"
"s3://hcp-openaccess/HCP_1200/506234/MNINonLinear/Results/rfMRI_REST1_RL/RestingStateStats/rfMRI_REST1_RL_Atlas_2-3_HighPassTCS-PostMotionTCS_QC_Summary_Plot.png","506234","MNINonLinear//Results/rfMRI_REST1_RL/RestingStateStats/rfMRI_REST1_RL_Atlas_2-3_HighPassTCS-PostMotionTCS_QC_Summary_Plot.png","thVUMj29YPLCGo6DZFIEzJqeIBu_ve5E"
"s3://hcp-openaccess/HCP_1200/506234/MNINonLinear/Results/rfMRI_REST1_RL/RestingStateStats/rfMRI_REST1_RL_Atlas_2-3_HighPassTCS-PostMotionTCS_QC_Summary_Plot_z.png","506234","MNINonLinear//Results/rfMRI_REST1_RL/RestingStateStats/rfMRI_REST1_RL_Atlas_2-3_HighPassTCS-PostMotionTCS_QC_Summary_Plot_z.png","_InFuQnpG5YlgWpgg76r6vOt7N.hE85J"
"s3://hcp-openaccess/HCP_1200/506234/MNINonLinear/Results/rfMRI_REST1_RL/RestingStateStats/rfMRI_REST1_RL_Atlas_2-5_HighPassTCS-UnstructNoiseTCS_QC_Summary_Plot.png","506234","MNINonLinear//Results/rfMRI_REST1_RL/RestingStateStats/rfMRI_REST1_RL_Atlas_2-5_HighPassTCS-UnstructNoiseTCS_QC_Summary_Plot.png","olsHolAH0cGEu.4mAPl3R3iQHh_PelB7"
"s3://hcp-openaccess/HCP_1200/506234/MNINonLinear/Results/rfMRI_REST1_RL/RestingStateStats/rfMRI_REST1_RL_Atlas_2-5_HighPassTCS-UnstructNoiseTCS_QC_Summary_Plot_z.png","506234","MNINonLinear//Results/rfMRI_REST1_RL/RestingStateStats/rfMRI_REST1_RL_Atlas_2-5_HighPassTCS-UnstructNoiseTCS_QC_Summary_Plot_z.png","5QhwZcsqc9FCnGeevP0Ot6iik1WbO6hw"
"s3://hcp-openaccess/HCP_1200/506234/MNINonLinear/Results/rfMRI_REST1_RL/RestingStateStats/rfMRI_REST1_RL_Atlas_2_HighPassTCS_QC_Summary_Plot.png","506234","MNINonLinear//Results/rfMRI_REST1_RL/RestingStateStats/rfMRI_REST1_RL_Atlas_2_HighPassTCS_QC_Summary_Plot.png","xi_awFfGgrHJHZF.iC7Q9klhfr8EwCyh"
"s3://hcp-openaccess/HCP_1200/506234/MNINonLinear/Results/rfMRI_REST1_RL/RestingStateStats/rfMRI_REST1_RL_Atlas_2_HighPassTCS_QC_Summary_Plot_z.png","506234","MNINonLinear//Results/rfMRI_REST1_RL/RestingStateStats/rfMRI_REST1_RL_Atlas_2_HighPassTCS_QC_Summary_Plot_z.png","TnIBdAliZ7NobPUcwlMPNL8ED3qIij6l"
"s3://hcp-openaccess/HCP_1200/506234/MNINonLinear/Results/rfMRI_REST1_RL/RestingStateStats/rfMRI_REST1_RL_Atlas_3-4_PostMotionTCS-CleanedTCS_QC_Summary_Plot.png","506234","MNINonLinear//Results/rfMRI_REST1_RL/RestingStateStats/rfMRI_REST1_RL_Atlas_3-4_PostMotionTCS-CleanedTCS_QC_Summary_Plot.png","XYhBuYZpZTDOo3mwHP6Xvr8xzKTcb8cy"
"s3://hcp-openaccess/HCP_1200/506234/MNINonLinear/Results/rfMRI_REST1_RL/RestingStateStats/rfMRI_REST1_RL_Atlas_3-4_PostMotionTCS-CleanedTCS_QC_Summary_Plot_z.png","506234","MNINonLinear//Results/rfMRI_REST1_RL/RestingStateStats/rfMRI_REST1_RL_Atlas_3-4_PostMotionTCS-CleanedTCS_QC_Summary_Plot_z.png","rJ8rxpc0o6dYx6sfcEnZeWD8ETG_MNx2"
"s3://hcp-openaccess/HCP_1200/506234/MNINonLinear/Results/rfMRI_REST1_RL/RestingStateStats/rfMRI_REST1_RL_Atlas_3-5_PostMotionTCS-UnstructNoiseTCS_QC_Summary_Plot.png","506234","MNINonLinear//Results/rfMRI_REST1_RL/RestingStateStats/rfMRI_REST1_RL_Atlas_3-5_PostMotionTCS-UnstructNoiseTCS_QC_Summary_Plot.png","LGpxaZ4HNGjRJpW4Lwh0gvxm0BzxmjNc"
"s3://hcp-openaccess/HCP_1200/506234/MNINonLinear/Results/rfMRI_REST1_RL/RestingStateStats/rfMRI_REST1_RL_Atlas_3-5_PostMotionTCS-UnstructNoiseTCS_QC_Summary_Plot_z.png","506234","MNINonLinear//Results/rfMRI_REST1_RL/RestingStateStats/rfMRI_REST1_RL_Atlas_3-5_PostMotionTCS-UnstructNoiseTCS_QC_Summary_Plot_z.png","kUxGZJQRuk3K8CNWHYkPViVKWJeM94.l"
"s3://hcp-openaccess/HCP_1200/506234/MNINonLinear/Results/rfMRI_REST1_RL/RestingStateStats/rfMRI_REST1_RL_Atlas_3_PostMotionTCS_QC_Summary_Plot.png","506234","MNINonLinear//Results/rfMRI_REST1_RL/RestingStateStats/rfMRI_REST1_RL_Atlas_3_PostMotionTCS_QC_Summary_Plot.png","x0zAHC.kmxTPX6s4s2nM9kSxma4XpwdE"
"s3://hcp-openaccess/HCP_1200/506234/MNINonLinear/Results/rfMRI_REST1_RL/RestingStateStats/rfMRI_REST1_RL_Atlas_3_PostMotionTCS_QC_Summary_Plot_z.png","506234","MNINonLinear//Results/rfMRI_REST1_RL/RestingStateStats/rfMRI_REST1_RL_Atlas_3_PostMotionTCS_QC_Summary_Plot_z.png","NVj9MMdPKS.kK_L4nYmZ1IbdyFEovB8u"
"s3://hcp-openaccess/HCP_1200/506234/MNINonLinear/Results/rfMRI_REST1_RL/RestingStateStats/rfMRI_REST1_RL_Atlas_4-5_CleanedTCS-UnstructNoiseTCS_QC_Summary_Plot.png","506234","MNINonLinear//Results/rfMRI_REST1_RL/RestingStateStats/rfMRI_REST1_RL_Atlas_4-5_CleanedTCS-UnstructNoiseTCS_QC_Summary_Plot.png","AtX.Xk9eeL8NqlYdZzm4nPKq42ECK.PM"
"s3://hcp-openaccess/HCP_1200/506234/MNINonLinear/Results/rfMRI_REST1_RL/RestingStateStats/rfMRI_REST1_RL_Atlas_4-5_CleanedTCS-UnstructNoiseTCS_QC_Summary_Plot_z.png","506234","MNINonLinear//Results/rfMRI_REST1_RL/RestingStateStats/rfMRI_REST1_RL_Atlas_4-5_CleanedTCS-UnstructNoiseTCS_QC_Summary_Plot_z.png","WHLJ8H2PVUARY_FE1952snEsbWvvX.fV"
"s3://hcp-openaccess/HCP_1200/506234/MNINonLinear/Results/rfMRI_REST1_RL/RestingStateStats/rfMRI_REST1_RL_Atlas_4-6_CleanedTCS-WMCleanedTCS_QC_Summary_Plot.png","506234","MNINonLinear//Results/rfMRI_REST1_RL/RestingStateStats/rfMRI_REST1_RL_Atlas_4-6_CleanedTCS-WMCleanedTCS_QC_Summary_Plot.png","eQI7J7xogqKEjT4Xa87DrsXuJ5AMGwCe"
"s3://hcp-openaccess/HCP_1200/506234/MNINonLinear/Results/rfMRI_REST1_RL/RestingStateStats/rfMRI_REST1_RL_Atlas_4-6_CleanedTCS-WMCleanedTCS_QC_Summary_Plot_z.png","506234","MNINonLinear//Results/rfMRI_REST1_RL/RestingStateStats/rfMRI_REST1_RL_Atlas_4-6_CleanedTCS-WMCleanedTCS_QC_Summary_Plot_z.png","1CVd7A4ASxmY7M6u91tHWJ9ZfJNZC_4A"
"s3://hcp-openaccess/HCP_1200/506234/MNINonLinear/Results/rfMRI_REST1_RL/RestingStateStats/rfMRI_REST1_RL_Atlas_4-7_CleanedTCS-CSFCleanedTCS_QC_Summary_Plot.png","506234","MNINonLinear//Results/rfMRI_REST1_RL/RestingStateStats/rfMRI_REST1_RL_Atlas_4-7_CleanedTCS-CSFCleanedTCS_QC_Summary_Plot.png","LWGWOgZ4JozyHUBfH7sKFkFhsS7Ni985"
"s3://hcp-openaccess/HCP_1200/506234/MNINonLinear/Results/rfMRI_REST1_RL/RestingStateStats/rfMRI_REST1_RL_Atlas_4-7_CleanedTCS-CSFCleanedTCS_QC_Summary_Plot_z.png","506234","MNINonLinear//Results/rfMRI_REST1_RL/RestingStateStats/rfMRI_REST1_RL_Atlas_4-7_CleanedTCS-CSFCleanedTCS_QC_Summary_Plot_z.png","icz1WZXwYoZIBRsvJmOV989LzCWzur.d"
"s3://hcp-openaccess/HCP_1200/506234/MNINonLinear/Results/rfMRI_REST1_RL/RestingStateStats/rfMRI_REST1_RL_Atlas_4-8_CleanedTCS-WMCSFCleanedTCS_QC_Summary_Plot.png","506234","MNINonLinear//Results/rfMRI_REST1_RL/RestingStateStats/rfMRI_REST1_RL_Atlas_4-8_CleanedTCS-WMCSFCleanedTCS_QC_Summary_Plot.png","2.EVVIXdkiBh_I9S1N_bWnZZezS5JHlg"
"s3://hcp-openaccess/HCP_1200/506234/MNINonLinear/Results/rfMRI_REST1_RL/RestingStateStats/rfMRI_REST1_RL_Atlas_4-8_CleanedTCS-WMCSFCleanedTCS_QC_Summary_Plot_z.png","506234","MNINonLinear//Results/rfMRI_REST1_RL/RestingStateStats/rfMRI_REST1_RL_Atlas_4-8_CleanedTCS-WMCSFCleanedTCS_QC_Summary_Plot_z.png","rfAhVMAvaODb9XqT1bxokIY500NFdSQ2"
"s3://hcp-openaccess/HCP_1200/506234/MNINonLinear/Results/rfMRI_REST1_RL/RestingStateStats/rfMRI_REST1_RL_Atlas_4_CleanedTCS_QC_Summary_Plot.png","506234","MNINonLinear//Results/rfMRI_REST1_RL/RestingStateStats/rfMRI_REST1_RL_Atlas_4_CleanedTCS_QC_Summary_Plot.png","efOScGr0mZaPJxR7btwQfVtfe7Jygi67"
"s3://hcp-openaccess/HCP_1200/506234/MNINonLinear/Results/rfMRI_REST1_RL/RestingStateStats/rfMRI_REST1_RL_Atlas_4_CleanedTCS_QC_Summary_Plot_z.png","506234","MNINonLinear//Results/rfMRI_REST1_RL/RestingStateStats/rfMRI_REST1_RL_Atlas_4_CleanedTCS_QC_Summary_Plot_z.png","IGMbjsEqodYtzc3LE9Far3s9TpMQel_Z"
"s3://hcp-openaccess/HCP_1200/506234/MNINonLinear/Results/rfMRI_REST1_RL/RestingStateStats/rfMRI_REST1_RL_Atlas_5_UnstructNoiseTCS_QC_Summary_Plot.png","506234","MNINonLinear//Results/rfMRI_REST1_RL/RestingStateStats/rfMRI_REST1_RL_Atlas_5_UnstructNoiseTCS_QC_Summary_Plot.png","ENPhDz5WDDPvxI_DvnNquMbSBUVW6uJX"
"s3://hcp-openaccess/HCP_1200/506234/MNINonLinear/Results/rfMRI_REST1_RL/RestingStateStats/rfMRI_REST1_RL_Atlas_5_UnstructNoiseTCS_QC_Summary_Plot_z.png","506234","MNINonLinear//Results/rfMRI_REST1_RL/RestingStateStats/rfMRI_REST1_RL_Atlas_5_UnstructNoiseTCS_QC_Summary_Plot_z.png","UDwFvN7VnAb5wn9NJU.upbXHmIVg5fbq"
"s3://hcp-openaccess/HCP_1200/506234/MNINonLinear/Results/rfMRI_REST1_RL/RestingStateStats/rfMRI_REST1_RL_Atlas_6-5_WMCleanedTCS-UnstructNoiseTCS_QC_Summary_Plot.png","506234","MNINonLinear//Results/rfMRI_REST1_RL/RestingStateStats/rfMRI_REST1_RL_Atlas_6-5_WMCleanedTCS-UnstructNoiseTCS_QC_Summary_Plot.png","V7JLNnTWAXHuXW8KrCPX24z4tTiQaGxR"
"s3://hcp-openaccess/HCP_1200/506234/MNINonLinear/Results/rfMRI_REST1_RL/RestingStateStats/rfMRI_REST1_RL_Atlas_6-5_WMCleanedTCS-UnstructNoiseTCS_QC_Summary_Plot_z.png","506234","MNINonLinear//Results/rfMRI_REST1_RL/RestingStateStats/rfMRI_REST1_RL_Atlas_6-5_WMCleanedTCS-UnstructNoiseTCS_QC_Summary_Plot_z.png","t5FHL_mFPfYzCMpuSktZzsR.wDLmeBOQ"
"s3://hcp-openaccess/HCP_1200/506234/MNINonLinear/Results/rfMRI_REST1_RL/RestingStateStats/rfMRI_REST1_RL_Atlas_6_WMCleanedTCS_QC_Summary_Plot.png","506234","MNINonLinear//Results/rfMRI_REST1_RL/RestingStateStats/rfMRI_REST1_RL_Atlas_6_WMCleanedTCS_QC_Summary_Plot.png","S0bpRF8inTrA9HXrhWV.xcNBR0G72J15"
"s3://hcp-openaccess/HCP_1200/506234/MNINonLinear/Results/rfMRI_REST1_RL/RestingStateStats/rfMRI_REST1_RL_Atlas_6_WMCleanedTCS_QC_Summary_Plot_z.png","506234","MNINonLinear//Results/rfMRI_REST1_RL/RestingStateStats/rfMRI_REST1_RL_Atlas_6_WMCleanedTCS_QC_Summary_Plot_z.png","zqskCqOxUt1iVoE6UqfMkI_5J9RgAlCP"
"s3://hcp-openaccess/HCP_1200/506234/MNINonLinear/Results/rfMRI_REST1_RL/RestingStateStats/rfMRI_REST1_RL_Atlas_7-5_CSFCleanedTCS-UnstructNoiseTCS_QC_Summary_Plot.png","506234","MNINonLinear//Results/rfMRI_REST1_RL/RestingStateStats/rfMRI_REST1_RL_Atlas_7-5_CSFCleanedTCS-UnstructNoiseTCS_QC_Summary_Plot.png","4QOUNDgs15dQ5YZovM6OvOGHpPCZQr7U"
"s3://hcp-openaccess/HCP_1200/506234/MNINonLinear/Results/rfMRI_REST1_RL/RestingStateStats/rfMRI_REST1_RL_Atlas_7-5_CSFCleanedTCS-UnstructNoiseTCS_QC_Summary_Plot_z.png","506234","MNINonLinear//Results/rfMRI_REST1_RL/RestingStateStats/rfMRI_REST1_RL_Atlas_7-5_CSFCleanedTCS-UnstructNoiseTCS_QC_Summary_Plot_z.png","BQqXK7jQS67W.twQWgx13cSXir28BLs8"
"s3://hcp-openaccess/HCP_1200/506234/MNINonLinear/Results/rfMRI_REST1_RL/RestingStateStats/rfMRI_REST1_RL_Atlas_7_CSFCleanedTCS_QC_Summary_Plot.png","506234","MNINonLinear//Results/rfMRI_REST1_RL/RestingStateStats/rfMRI_REST1_RL_Atlas_7_CSFCleanedTCS_QC_Summary_Plot.png","YDUJ6BNmd_gpTmmjEYDkIYLrxNftK_04"
"s3://hcp-openaccess/HCP_1200/506234/MNINonLinear/Results/rfMRI_REST1_RL/RestingStateStats/rfMRI_REST1_RL_Atlas_7_CSFCleanedTCS_QC_Summary_Plot_z.png","506234","MNINonLinear//Results/rfMRI_REST1_RL/RestingStateStats/rfMRI_REST1_RL_Atlas_7_CSFCleanedTCS_QC_Summary_Plot_z.png","zi4dLokxZK4d9upJUCUUaz.Wo7E0rBvq"
"s3://hcp-openaccess/HCP_1200/506234/MNINonLinear/Results/rfMRI_REST1_RL/RestingStateStats/rfMRI_REST1_RL_Atlas_8-5_WMCSFCleanedTCS-UnstructNoiseTCS_QC_Summary_Plot.png","506234","MNINonLinear//Results/rfMRI_REST1_RL/RestingStateStats/rfMRI_REST1_RL_Atlas_8-5_WMCSFCleanedTCS-UnstructNoiseTCS_QC_Summary_Plot.png","QYIXKB0sW5gGE81Cx05BZ7Yksf6jviYy"
"s3://hcp-openaccess/HCP_1200/506234/MNINonLinear/Results/rfMRI_REST1_RL/RestingStateStats/rfMRI_REST1_RL_Atlas_8-5_WMCSFCleanedTCS-UnstructNoiseTCS_QC_Summary_Plot_z.png","506234","MNINonLinear//Results/rfMRI_REST1_RL/RestingStateStats/rfMRI_REST1_RL_Atlas_8-5_WMCSFCleanedTCS-UnstructNoiseTCS_QC_Summary_Plot_z.png","AstA3g3owLlPVsr_UruB3lWUqL.jVvQ_"
"s3://hcp-openaccess/HCP_1200/506234/MNINonLinear/Results/rfMRI_REST1_RL/RestingStateStats/rfMRI_REST1_RL_Atlas_8_WMCSFCleanedTCS_QC_Summary_Plot.png","506234","MNINonLinear//Results/rfMRI_REST1_RL/RestingStateStats/rfMRI_REST1_RL_Atlas_8_WMCSFCleanedTCS_QC_Summary_Plot.png","jWY__xVMT2F074oEhyppKlt90eqB2NKn"
"s3://hcp-openaccess/HCP_1200/506234/MNINonLinear/Results/rfMRI_REST1_RL/RestingStateStats/rfMRI_REST1_RL_Atlas_8_WMCSFCleanedTCS_QC_Summary_Plot_z.png","506234","MNINonLinear//Results/rfMRI_REST1_RL/RestingStateStats/rfMRI_REST1_RL_Atlas_8_WMCSFCleanedTCS_QC_Summary_Plot_z.png","GcLKlaAUs3uBxHllF6kGLhO5ixoIGISg"
"s3://hcp-openaccess/HCP_1200/506234/MNINonLinear/Results/rfMRI_REST1_RL/RestingStateStats/rfMRI_REST1_RL_Atlas_9_StructNoiseTCS_QC_Summary_Plot.png","506234","MNINonLinear//Results/rfMRI_REST1_RL/RestingStateStats/rfMRI_REST1_RL_Atlas_9_StructNoiseTCS_QC_Summary_Plot.png","6r5vTTfGld6xhcJFRyIIVlRdHjM91JlI"
"s3://hcp-openaccess/HCP_1200/506234/MNINonLinear/Results/rfMRI_REST1_RL/RestingStateStats/rfMRI_REST1_RL_Atlas_9_StructNoiseTCS_QC_Summary_Plot_z.png","506234","MNINonLinear//Results/rfMRI_REST1_RL/RestingStateStats/rfMRI_REST1_RL_Atlas_9_StructNoiseTCS_QC_Summary_Plot_z.png","oiAjGSyKFfZM0.ytYT8NkcIRC3K_v7q6"
"s3://hcp-openaccess/HCP_1200/506234/MNINonLinear/Results/rfMRI_REST1_RL/RestingStateStats/rfMRI_REST1_RL_Atlas_CleanedCSFtc.txt","506234","MNINonLinear//Results/rfMRI_REST1_RL/RestingStateStats/rfMRI_REST1_RL_Atlas_CleanedCSFtc.txt","rvAC1sBuoDxiFeuYLcG8zD4dYKKAoezV"
"s3://hcp-openaccess/HCP_1200/506234/MNINonLinear/Results/rfMRI_REST1_RL/RestingStateStats/rfMRI_REST1_RL_Atlas_CleanedMGT.txt","506234","MNINonLinear//Results/rfMRI_REST1_RL/RestingStateStats/rfMRI_REST1_RL_Atlas_CleanedMGT.txt","TL_aJgldujvmIwGbSv_WMQAOCwe9vLB6"
"s3://hcp-openaccess/HCP_1200/506234/MNINonLinear/Results/rfMRI_REST1_RL/RestingStateStats/rfMRI_REST1_RL_Atlas_CleanedWMtc.txt","506234","MNINonLinear//Results/rfMRI_REST1_RL/RestingStateStats/rfMRI_REST1_RL_Atlas_CleanedWMtc.txt","ERXYZwtTNmvQ4p66g5TKe3vVrmW9Lz02"
"s3://hcp-openaccess/HCP_1200/506234/MNINonLinear/Results/rfMRI_REST1_RL/RestingStateStats/rfMRI_REST1_RL_Atlas_HighPassMGT.txt","506234","MNINonLinear//Results/rfMRI_REST1_RL/RestingStateStats/rfMRI_REST1_RL_Atlas_HighPassMGT.txt","595PspnJvDfOqWUiYGpjbt11HB_G5QmN"
"s3://hcp-openaccess/HCP_1200/506234/MNINonLinear/Results/rfMRI_REST1_RL/RestingStateStats/rfMRI_REST1_RL_Atlas_NoiseMGT.txt","506234","MNINonLinear//Results/rfMRI_REST1_RL/RestingStateStats/rfMRI_REST1_RL_Atlas_NoiseMGT.txt","4pYvgdakbJOdgsJEQiV6Jl17Xzxcxx0_"
"s3://hcp-openaccess/HCP_1200/506234/MNINonLinear/Results/rfMRI_REST1_RL/RestingStateStats/rfMRI_REST1_RL_Atlas_OrigMGT.txt","506234","MNINonLinear//Results/rfMRI_REST1_RL/RestingStateStats/rfMRI_REST1_RL_Atlas_OrigMGT.txt","QiDej2DumqClsGT9wgPQDdLugBs86Zof"
"s3://hcp-openaccess/HCP_1200/506234/MNINonLinear/Results/rfMRI_REST1_RL/RestingStateStats/rfMRI_REST1_RL_Atlas_PostMotionMGT.txt","506234","MNINonLinear//Results/rfMRI_REST1_RL/RestingStateStats/rfMRI_REST1_RL_Atlas_PostMotionMGT.txt","45FX3ia0RSYNfgeO5F7EVOs6Ws3DNvjP"
"s3://hcp-openaccess/HCP_1200/506234/MNINonLinear/Results/rfMRI_REST1_RL/RestingStateStats/rfMRI_REST1_RL_Atlas_UnstructNoiseMGT.txt","506234","MNINonLinear//Results/rfMRI_REST1_RL/RestingStateStats/rfMRI_REST1_RL_Atlas_UnstructNoiseMGT.txt","iIEXcypN4lsvI5NmLOYDGc7RoEUpXcLG"
"s3://hcp-openaccess/HCP_1200/506234/MNINonLinear/Results/rfMRI_REST1_RL/RibbonVolumeToSurfaceMapping/goodvoxels.nii.gz","506234","MNINonLinear//Results/rfMRI_REST1_RL/RibbonVolumeToSurfaceMapping/goodvoxels.nii.gz","EZRkj1J55lE8q3xVFflaEjHj5ph8muar"
"s3://hcp-openaccess/HCP_1200/506234/MNINonLinear/Results/rfMRI_REST1_RL/SBRef_dc.nii.gz","506234","MNINonLinear//Results/rfMRI_REST1_RL/SBRef_dc.nii.gz","RBwFWSjpTSw7mzp2ycYV3lGYyZC7b.9m"
"s3://hcp-openaccess/HCP_1200/506234/MNINonLinear/Results/rfMRI_REST1_RL/brainmask_fs.2.nii.gz","506234","MNINonLinear//Results/rfMRI_REST1_RL/brainmask_fs.2.nii.gz","lJ1XMrOGFoOeNBhH0eoevLbL_JSlcyvd"
"s3://hcp-openaccess/HCP_1200/506234/MNINonLinear/Results/rfMRI_REST1_RL/rfMRI_REST1_RL.L.native.func.gii","506234","MNINonLinear//Results/rfMRI_REST1_RL/rfMRI_REST1_RL.L.native.func.gii","NNgdHH6JNlunjL3ME1xs0jOcAqkESEsC"
"s3://hcp-openaccess/HCP_1200/506234/MNINonLinear/Results/rfMRI_REST1_RL/rfMRI_REST1_RL.R.native.func.gii","506234","MNINonLinear//Results/rfMRI_REST1_RL/rfMRI_REST1_RL.R.native.func.gii","QaB1RWKrQTSdzKuMms8_vvKv.0YRXF7K"
"s3://hcp-openaccess/HCP_1200/506234/MNINonLinear/Results/rfMRI_REST1_RL/rfMRI_REST1_RL.nii.gz","506234","MNINonLinear//Results/rfMRI_REST1_RL/rfMRI_REST1_RL.nii.gz","NZe3IGZZkDaLQbRtNzkoDQn9qyJQqJRX"
"s3://hcp-openaccess/HCP_1200/506234/MNINonLinear/Results/rfMRI_REST1_RL/rfMRI_REST1_RL_Atlas.dtseries.nii","506234","MNINonLinear//Results/rfMRI_REST1_RL/rfMRI_REST1_RL_Atlas.dtseries.nii","OfHtyHl3exHK6_.ZEBlRn5_m.MgvQ364"
"s3://hcp-openaccess/HCP_1200/506234/MNINonLinear/Results/rfMRI_REST1_RL/rfMRI_REST1_RL_Atlas_MSMAll.dtseries.nii","506234","MNINonLinear//Results/rfMRI_REST1_RL/rfMRI_REST1_RL_Atlas_MSMAll.dtseries.nii","fiuVvl.U4eMwXchNdyB.57cMtGzp234L"
"s3://hcp-openaccess/HCP_1200/506234/MNINonLinear/Results/rfMRI_REST1_RL/rfMRI_REST1_RL_Atlas_MSMAll_hp2000_clean.dtseries.nii","506234","MNINonLinear//Results/rfMRI_REST1_RL/rfMRI_REST1_RL_Atlas_MSMAll_hp2000_clean.dtseries.nii","oSrL7z_thZf6Q9qbSDhINd1_qB0LqjT4"
"s3://hcp-openaccess/HCP_1200/506234/MNINonLinear/Results/rfMRI_REST1_RL/rfMRI_REST1_RL_Atlas_hp2000_clean.dtseries.nii","506234","MNINonLinear//Results/rfMRI_REST1_RL/rfMRI_REST1_RL_Atlas_hp2000_clean.dtseries.nii","DkXF9b6OPuwHVip8E80dI5kHM1dzC2dV"
"s3://hcp-openaccess/HCP_1200/506234/MNINonLinear/Results/rfMRI_REST1_RL/rfMRI_REST1_RL_Atlas_hp2000_clean_bias.dscalar.nii","506234","MNINonLinear//Results/rfMRI_REST1_RL/rfMRI_REST1_RL_Atlas_hp2000_clean_bias.dscalar.nii","YTdyxwwispiJq1nfIZQpu.vVJNky.Aw5"
"s3://hcp-openaccess/HCP_1200/506234/MNINonLinear/Results/rfMRI_REST1_RL/rfMRI_REST1_RL_Atlas_hp2000_clean_vn.dscalar.nii","506234","MNINonLinear//Results/rfMRI_REST1_RL/rfMRI_REST1_RL_Atlas_hp2000_clean_vn.dscalar.nii","g2ZNq9jRPdRcBfPXIrZE.tIQt6ENQTLY"
"s3://hcp-openaccess/HCP_1200/506234/MNINonLinear/Results/rfMRI_REST1_RL/rfMRI_REST1_RL_Atlas_stats.dscalar.nii","506234","MNINonLinear//Results/rfMRI_REST1_RL/rfMRI_REST1_RL_Atlas_stats.dscalar.nii","iMaIFkoFVeDzdbfqZY5MmJw8JEDLcVG2"
"s3://hcp-openaccess/HCP_1200/506234/MNINonLinear/Results/rfMRI_REST1_RL/rfMRI_REST1_RL_Atlas_stats.txt","506234","MNINonLinear//Results/rfMRI_REST1_RL/rfMRI_REST1_RL_Atlas_stats.txt","M79qJRwif7qwKiSwrAJaCN0cT.PJZa_A"
"s3://hcp-openaccess/HCP_1200/506234/MNINonLinear/Results/rfMRI_REST1_RL/rfMRI_REST1_RL_CSF.txt","506234","MNINonLinear//Results/rfMRI_REST1_RL/rfMRI_REST1_RL_CSF.txt","E_lmbTRm85GntDlUEsZsk3w8NU_vnHgR"
"s3://hcp-openaccess/HCP_1200/506234/MNINonLinear/Results/rfMRI_REST1_RL/rfMRI_REST1_RL_Jacobian.nii.gz","506234","MNINonLinear//Results/rfMRI_REST1_RL/rfMRI_REST1_RL_Jacobian.nii.gz",".x2bWwnJfVa5tN0M00mBox8bE3pPHjny"
"s3://hcp-openaccess/HCP_1200/506234/MNINonLinear/Results/rfMRI_REST1_RL/rfMRI_REST1_RL_Physio_log.txt","506234","MNINonLinear//Results/rfMRI_REST1_RL/rfMRI_REST1_RL_Physio_log.txt","EW1f102xjKWAHL4bFENbAZb3vn0g0P.s"
"s3://hcp-openaccess/HCP_1200/506234/MNINonLinear/Results/rfMRI_REST1_RL/rfMRI_REST1_RL_SBRef.nii.gz","506234","MNINonLinear//Results/rfMRI_REST1_RL/rfMRI_REST1_RL_SBRef.nii.gz","mlhYm1LybInfL2pXHE1B2KN4gsqkevzH"
"s3://hcp-openaccess/HCP_1200/506234/MNINonLinear/Results/rfMRI_REST1_RL/rfMRI_REST1_RL_WM.txt","506234","MNINonLinear//Results/rfMRI_REST1_RL/rfMRI_REST1_RL_WM.txt","jZQSHSBVkWbhszAaS6a1Z2epb_bjXox1"
"s3://hcp-openaccess/HCP_1200/506234/MNINonLinear/Results/rfMRI_REST1_RL/rfMRI_REST1_RL_hp2000.ica/.fix","506234","MNINonLinear//Results/rfMRI_REST1_RL/rfMRI_REST1_RL_hp2000.ica/.fix","vtCnVtoR0aIjA5YnrN4p2G4Irs1mAJQg"
"s3://hcp-openaccess/HCP_1200/506234/MNINonLinear/Results/rfMRI_REST1_RL/rfMRI_REST1_RL_hp2000.ica/Noise.txt","506234","MNINonLinear//Results/rfMRI_REST1_RL/rfMRI_REST1_RL_hp2000.ica/Noise.txt","LSkDzHUxj.L5s_6jcikvhXKL2CsHorZ2"
"s3://hcp-openaccess/HCP_1200/506234/MNINonLinear/Results/rfMRI_REST1_RL/rfMRI_REST1_RL_hp2000.ica/Signal.txt","506234","MNINonLinear//Results/rfMRI_REST1_RL/rfMRI_REST1_RL_hp2000.ica/Signal.txt","kmghyxrZDtWox_AKJsVZOjVLi8ZF4wKW"
"s3://hcp-openaccess/HCP_1200/506234/MNINonLinear/Results/rfMRI_REST1_RL/rfMRI_REST1_RL_hp2000.ica/filtered_func_data.ica/eigenvalues_percent","506234","MNINonLinear//Results/rfMRI_REST1_RL/rfMRI_REST1_RL_hp2000.ica/filtered_func_data.ica/eigenvalues_percent","t9GAxY1L9glCowLkKKWt53RGNBZ7.YJ4"
"s3://hcp-openaccess/HCP_1200/506234/MNINonLinear/Results/rfMRI_REST1_RL/rfMRI_REST1_RL_hp2000.ica/filtered_func_data.ica/log.txt","506234","MNINonLinear//Results/rfMRI_REST1_RL/rfMRI_REST1_RL_hp2000.ica/filtered_func_data.ica/log.txt","TOJ2IuHmyzMdm3HPOS3121CBlO6PbmyO"
"s3://hcp-openaccess/HCP_1200/506234/MNINonLinear/Results/rfMRI_REST1_RL/rfMRI_REST1_RL_hp2000.ica/filtered_func_data.ica/melodic_FTmix","506234","MNINonLinear//Results/rfMRI_REST1_RL/rfMRI_REST1_RL_hp2000.ica/filtered_func_data.ica/melodic_FTmix","fm1x2WV.wBY1hr00ibFQ8Fj7XnlsK4Cq"
"s3://hcp-openaccess/HCP_1200/506234/MNINonLinear/Results/rfMRI_REST1_RL/rfMRI_REST1_RL_hp2000.ica/filtered_func_data.ica/melodic_FTmix.sdseries.nii","506234","MNINonLinear//Results/rfMRI_REST1_RL/rfMRI_REST1_RL_hp2000.ica/filtered_func_data.ica/melodic_FTmix.sdseries.nii","OXMDBtTn_ZXs6wG6Wr69RiHfkGxNHMnt"
"s3://hcp-openaccess/HCP_1200/506234/MNINonLinear/Results/rfMRI_REST1_RL/rfMRI_REST1_RL_hp2000.ica/filtered_func_data.ica/melodic_IC.nii.gz","506234","MNINonLinear//Results/rfMRI_REST1_RL/rfMRI_REST1_RL_hp2000.ica/filtered_func_data.ica/melodic_IC.nii.gz","OEqGapWd62J_tTNp5nEEKaeW.FOu1Pqi"
"s3://hcp-openaccess/HCP_1200/506234/MNINonLinear/Results/rfMRI_REST1_RL/rfMRI_REST1_RL_hp2000.ica/filtered_func_data.ica/melodic_ICstats","506234","MNINonLinear//Results/rfMRI_REST1_RL/rfMRI_REST1_RL_hp2000.ica/filtered_func_data.ica/melodic_ICstats","wYHh5W9QRQpEo6P8pT80qJwPBrwR3MwU"
"s3://hcp-openaccess/HCP_1200/506234/MNINonLinear/Results/rfMRI_REST1_RL/rfMRI_REST1_RL_hp2000.ica/filtered_func_data.ica/melodic_Tmodes","506234","MNINonLinear//Results/rfMRI_REST1_RL/rfMRI_REST1_RL_hp2000.ica/filtered_func_data.ica/melodic_Tmodes","xsGZPY.iDsPe2trDdWokDNNqV4yZkUHu"
"s3://hcp-openaccess/HCP_1200/506234/MNINonLinear/Results/rfMRI_REST1_RL/rfMRI_REST1_RL_hp2000.ica/filtered_func_data.ica/melodic_mix","506234","MNINonLinear//Results/rfMRI_REST1_RL/rfMRI_REST1_RL_hp2000.ica/filtered_func_data.ica/melodic_mix","Wm8zaRXuyLyHJE9ltAf6r4SISE5mWHu2"
"s3://hcp-openaccess/HCP_1200/506234/MNINonLinear/Results/rfMRI_REST1_RL/rfMRI_REST1_RL_hp2000.ica/filtered_func_data.ica/melodic_mix.sdseries.nii","506234","MNINonLinear//Results/rfMRI_REST1_RL/rfMRI_REST1_RL_hp2000.ica/filtered_func_data.ica/melodic_mix.sdseries.nii","DiC6akPsgEFZcv_0HtCqpnM9xGaCsGIn"
"s3://hcp-openaccess/HCP_1200/506234/MNINonLinear/Results/rfMRI_REST1_RL/rfMRI_REST1_RL_hp2000.ica/filtered_func_data.ica/melodic_oIC.dscalar.nii","506234","MNINonLinear//Results/rfMRI_REST1_RL/rfMRI_REST1_RL_hp2000.ica/filtered_func_data.ica/melodic_oIC.dscalar.nii","E5hcT5cCumtqEdiIcP2SoaQrg85OvMBX"
"s3://hcp-openaccess/HCP_1200/506234/MNINonLinear/Results/rfMRI_REST1_RL/rfMRI_REST1_RL_hp2000.ica/filtered_func_data.ica/melodic_oIC.nii.gz","506234","MNINonLinear//Results/rfMRI_REST1_RL/rfMRI_REST1_RL_hp2000.ica/filtered_func_data.ica/melodic_oIC.nii.gz","SG7FpJyI9Ok9sU9d_iq9invTIKNUMZvl"
"s3://hcp-openaccess/HCP_1200/506234/MNINonLinear/Results/rfMRI_REST1_RL/rfMRI_REST1_RL_hp2000.ica/filtered_func_data.ica/melodic_oIC_vol.dscalar.nii","506234","MNINonLinear//Results/rfMRI_REST1_RL/rfMRI_REST1_RL_hp2000.ica/filtered_func_data.ica/melodic_oIC_vol.dscalar.nii","Ggt6Gd3M4P19PHzu.DYOsIInKlgb9LJx"
"s3://hcp-openaccess/HCP_1200/506234/MNINonLinear/Results/rfMRI_REST1_RL/rfMRI_REST1_RL_hp2000.ica/filtered_func_data.ica/report/00index.html","506234","MNINonLinear//Results/rfMRI_REST1_RL/rfMRI_REST1_RL_hp2000.ica/filtered_func_data.ica/report/00index.html","2gZrpT4drmTpf1pmB4DMYCnQnv1HTaEi"
"s3://hcp-openaccess/HCP_1200/506234/MNINonLinear/Results/rfMRI_REST1_RL/rfMRI_REST1_RL_hp2000.ica/filtered_func_data.ica/report/EVplot.png","506234","MNINonLinear//Results/rfMRI_REST1_RL/rfMRI_REST1_RL_hp2000.ica/filtered_func_data.ica/report/EVplot.png","Zxb8IgvLAhZJyG2QI00xMX1ruqN5TRYb"
"s3://hcp-openaccess/HCP_1200/506234/MNINonLinear/Results/rfMRI_REST1_RL/rfMRI_REST1_RL_hp2000.ica/filtered_func_data.ica/report/IC_1.html","506234","MNINonLinear//Results/rfMRI_REST1_RL/rfMRI_REST1_RL_hp2000.ica/filtered_func_data.ica/report/IC_1.html","SWU4eULKZgU6ZVhtH3FR01XDkQXDvktF"
"s3://hcp-openaccess/HCP_1200/506234/MNINonLinear/Results/rfMRI_REST1_RL/rfMRI_REST1_RL_hp2000.ica/filtered_func_data.ica/report/IC_1.png","506234","MNINonLinear//Results/rfMRI_REST1_RL/rfMRI_REST1_RL_hp2000.ica/filtered_func_data.ica/report/IC_1.png","Gf967eFUPKxZi7qR4.oGDvlHZIP8i8Z6"
"s3://hcp-openaccess/HCP_1200/506234/MNINonLinear/Results/rfMRI_REST1_RL/rfMRI_REST1_RL_hp2000.ica/filtered_func_data.ica/report/IC_10.html","506234","MNINonLinear//Results/rfMRI_REST1_RL/rfMRI_REST1_RL_hp2000.ica/filtered_func_data.ica/report/IC_10.html","ckmj_iRDSONyrcVnmZNF6vDaVFFJiFUX"
"s3://hcp-openaccess/HCP_1200/506234/MNINonLinear/Results/rfMRI_REST1_RL/rfMRI_REST1_RL_hp2000.ica/filtered_func_data.ica/report/IC_10.png","506234","MNINonLinear//Results/rfMRI_REST1_RL/rfMRI_REST1_RL_hp2000.ica/filtered_func_data.ica/report/IC_10.png","856bruN5ATxrK9daAcyuDRqcldbb0dXJ"
"s3://hcp-openaccess/HCP_1200/506234/MNINonLinear/Results/rfMRI_REST1_RL/rfMRI_REST1_RL_hp2000.ica/filtered_func_data.ica/report/IC_10_MM.html","506234","MNINonLinear//Results/rfMRI_REST1_RL/rfMRI_REST1_RL_hp2000.ica/filtered_func_data.ica/report/IC_10_MM.html","YnmQGT55DBjncavk1ZRJ5qHdmKxkgPQp"
"s3://hcp-openaccess/HCP_1200/506234/MNINonLinear/Results/rfMRI_REST1_RL/rfMRI_REST1_RL_hp2000.ica/filtered_func_data.ica/report/IC_10_MMfit.png","506234","MNINonLinear//Results/rfMRI_REST1_RL/rfMRI_REST1_RL_hp2000.ica/filtered_func_data.ica/report/IC_10_MMfit.png","ZFMRSV_7jktDqRRarGC3WXZjjNku76et"
"s3://hcp-openaccess/HCP_1200/506234/MNINonLinear/Results/rfMRI_REST1_RL/rfMRI_REST1_RL_hp2000.ica/filtered_func_data.ica/report/IC_10_prob.png","506234","MNINonLinear//Results/rfMRI_REST1_RL/rfMRI_REST1_RL_hp2000.ica/filtered_func_data.ica/report/IC_10_prob.png","6GDAhrzuqyWpQBw_41xXyDoNXtO7eKEW"
"s3://hcp-openaccess/HCP_1200/506234/MNINonLinear/Results/rfMRI_REST1_RL/rfMRI_REST1_RL_hp2000.ica/filtered_func_data.ica/report/IC_10_thresh.png","506234","MNINonLinear//Results/rfMRI_REST1_RL/rfMRI_REST1_RL_hp2000.ica/filtered_func_data.ica/report/IC_10_thresh.png","vppnrjWkBk_Ak..GBOZ9GmQsLoD9pt3i"
"s3://hcp-openaccess/HCP_1200/506234/MNINonLinear/Results/rfMRI_REST1_RL/rfMRI_REST1_RL_hp2000.ica/filtered_func_data.ica/report/IC_11.html","506234","MNINonLinear//Results/rfMRI_REST1_RL/rfMRI_REST1_RL_hp2000.ica/filtered_func_data.ica/report/IC_11.html","ZlGuvEBdT5gRH_SGGB5UMC_2cuc3bRwq"
"s3://hcp-openaccess/HCP_1200/506234/MNINonLinear/Results/rfMRI_REST1_RL/rfMRI_REST1_RL_hp2000.ica/filtered_func_data.ica/report/IC_11.png","506234","MNINonLinear//Results/rfMRI_REST1_RL/rfMRI_REST1_RL_hp2000.ica/filtered_func_data.ica/report/IC_11.png","AMdlLorYtUXLXFDZl4soGrUK7VomcP8g"
"s3://hcp-openaccess/HCP_1200/506234/MNINonLinear/Results/rfMRI_REST1_RL/rfMRI_REST1_RL_hp2000.ica/filtered_func_data.ica/report/IC_11_MM.html","506234","MNINonLinear//Results/rfMRI_REST1_RL/rfMRI_REST1_RL_hp2000.ica/filtered_func_data.ica/report/IC_11_MM.html","RabgPSiymz1rNCw7cWhM08H2JF4OkGha"
"s3://hcp-openaccess/HCP_1200/506234/MNINonLinear/Results/rfMRI_REST1_RL/rfMRI_REST1_RL_hp2000.ica/filtered_func_data.ica/report/IC_11_MMfit.png","506234","MNINonLinear//Results/rfMRI_REST1_RL/rfMRI_REST1_RL_hp2000.ica/filtered_func_data.ica/report/IC_11_MMfit.png","6k6UPol0R8Sd6VcmijlzfzokTcNAShpA"
"s3://hcp-openaccess/HCP_1200/506234/MNINonLinear/Results/rfMRI_REST1_RL/rfMRI_REST1_RL_hp2000.ica/filtered_func_data.ica/report/IC_11_prob.png","506234","MNINonLinear//Results/rfMRI_REST1_RL/rfMRI_REST1_RL_hp2000.ica/filtered_func_data.ica/report/IC_11_prob.png","BP3wF8_2_SRZgXgtILeDoxVyQbLGTjVN"
"s3://hcp-openaccess/HCP_1200/506234/MNINonLinear/Results/rfMRI_REST1_RL/rfMRI_REST1_RL_hp2000.ica/filtered_func_data.ica/report/IC_11_thresh.png","506234","MNINonLinear//Results/rfMRI_REST1_RL/rfMRI_REST1_RL_hp2000.ica/filtered_func_data.ica/report/IC_11_thresh.png","hIxB7snzs66BI_ApI00rlPOXcZGZEDPr"
"s3://hcp-openaccess/HCP_1200/506234/MNINonLinear/Results/rfMRI_REST1_RL/rfMRI_REST1_RL_hp2000.ica/filtered_func_data.ica/report/IC_12.html","506234","MNINonLinear//Results/rfMRI_REST1_RL/rfMRI_REST1_RL_hp2000.ica/filtered_func_data.ica/report/IC_12.html","YoLVzEaJaQXDR.6LY4ZzlKz8Oxux2WEf"
"s3://hcp-openaccess/HCP_1200/506234/MNINonLinear/Results/rfMRI_REST1_RL/rfMRI_REST1_RL_hp2000.ica/filtered_func_data.ica/report/IC_12.png","506234","MNINonLinear//Results/rfMRI_REST1_RL/rfMRI_REST1_RL_hp2000.ica/filtered_func_data.ica/report/IC_12.png","yKQq_LiAb6X3X4DEYf3ltjz2e71mdfHE"
"s3://hcp-openaccess/HCP_1200/506234/MNINonLinear/Results/rfMRI_REST1_RL/rfMRI_REST1_RL_hp2000.ica/filtered_func_data.ica/report/IC_12_MM.html","506234","MNINonLinear//Results/rfMRI_REST1_RL/rfMRI_REST1_RL_hp2000.ica/filtered_func_data.ica/report/IC_12_MM.html","LOfCV070Tdd2shPC7yMuO5tOKjcHTFqS"
"s3://hcp-openaccess/HCP_1200/506234/MNINonLinear/Results/rfMRI_REST1_RL/rfMRI_REST1_RL_hp2000.ica/filtered_func_data.ica/report/IC_12_MMfit.png","506234","MNINonLinear//Results/rfMRI_REST1_RL/rfMRI_REST1_RL_hp2000.ica/filtered_func_data.ica/report/IC_12_MMfit.png","MATOStL5vfxETmU_0RlZgpBUMfzfpXNU"
"s3://hcp-openaccess/HCP_1200/506234/MNINonLinear/Results/rfMRI_REST1_RL/rfMRI_REST1_RL_hp2000.ica/filtered_func_data.ica/report/IC_12_prob.png","506234","MNINonLinear//Results/rfMRI_REST1_RL/rfMRI_REST1_RL_hp2000.ica/filtered_func_data.ica/report/IC_12_prob.png","8AsWtzucThGpmHSikU9vAJREuXQZRo3Y"
"s3://hcp-openaccess/HCP_1200/506234/MNINonLinear/Results/rfMRI_REST1_RL/rfMRI_REST1_RL_hp2000.ica/filtered_func_data.ica/report/IC_12_thresh.png","506234","MNINonLinear//Results/rfMRI_REST1_RL/rfMRI_REST1_RL_hp2000.ica/filtered_func_data.ica/report/IC_12_thresh.png","IhYZEMJZdDfm2lqYw4O.p5BfdHRXBK4S"
"s3://hcp-openaccess/HCP_1200/506234/MNINonLinear/Results/rfMRI_REST1_RL/rfMRI_REST1_RL_hp2000.ica/filtered_func_data.ica/report/IC_13.html","506234","MNINonLinear//Results/rfMRI_REST1_RL/rfMRI_REST1_RL_hp2000.ica/filtered_func_data.ica/report/IC_13.html","IFuU0Ozse18TxaTilUMfbdxoQwKBN3gm"
"s3://hcp-openaccess/HCP_1200/506234/MNINonLinear/Results/rfMRI_REST1_RL/rfMRI_REST1_RL_hp2000.ica/filtered_func_data.ica/report/IC_13.png","506234","MNINonLinear//Results/rfMRI_REST1_RL/rfMRI_REST1_RL_hp2000.ica/filtered_func_data.ica/report/IC_13.png","hV4qIS_zBaNnRTpaoQDc1a9FPCVVOj62"
"s3://hcp-openaccess/HCP_1200/506234/MNINonLinear/Results/rfMRI_REST1_RL/rfMRI_REST1_RL_hp2000.ica/filtered_func_data.ica/report/IC_13_MM.html","506234","MNINonLinear//Results/rfMRI_REST1_RL/rfMRI_REST1_RL_hp2000.ica/filtered_func_data.ica/report/IC_13_MM.html","DyjDeGvg.Ib6DLJUM6lmYB3OTLCyyD0m"
"s3://hcp-openaccess/HCP_1200/506234/MNINonLinear/Results/rfMRI_REST1_RL/rfMRI_REST1_RL_hp2000.ica/filtered_func_data.ica/report/IC_13_MMfit.png","506234","MNINonLinear//Results/rfMRI_REST1_RL/rfMRI_REST1_RL_hp2000.ica/filtered_func_data.ica/report/IC_13_MMfit.png","O9XYjkrpwShG3gex7Tby3YqYg4TntonC"
"s3://hcp-openaccess/HCP_1200/506234/MNINonLinear/Results/rfMRI_REST1_RL/rfMRI_REST1_RL_hp2000.ica/filtered_func_data.ica/report/IC_13_prob.png","506234","MNINonLinear//Results/rfMRI_REST1_RL/rfMRI_REST1_RL_hp2000.ica/filtered_func_data.ica/report/IC_13_prob.png","iYd3FWngm70ku.BPZGwysysKlLzctCu0"
"s3://hcp-openaccess/HCP_1200/506234/MNINonLinear/Results/rfMRI_REST1_RL/rfMRI_REST1_RL_hp2000.ica/filtered_func_data.ica/report/IC_13_thresh.png","506234","MNINonLinear//Results/rfMRI_REST1_RL/rfMRI_REST1_RL_hp2000.ica/filtered_func_data.ica/report/IC_13_thresh.png","qYpzPpvejiwhA06Mi6zO1jcSxhyPdyeV"
"s3://hcp-openaccess/HCP_1200/506234/MNINonLinear/Results/rfMRI_REST1_RL/rfMRI_REST1_RL_hp2000.ica/filtered_func_data.ica/report/IC_14.html","506234","MNINonLinear//Results/rfMRI_REST1_RL/rfMRI_REST1_RL_hp2000.ica/filtered_func_data.ica/report/IC_14.html",".4Al9Bh2HnkGmThvfFlQ6J2aN7efxgj7"
"s3://hcp-openaccess/HCP_1200/506234/MNINonLinear/Results/rfMRI_REST1_RL/rfMRI_REST1_RL_hp2000.ica/filtered_func_data.ica/report/IC_14.png","506234","MNINonLinear//Results/rfMRI_REST1_RL/rfMRI_REST1_RL_hp2000.ica/filtered_func_data.ica/report/IC_14.png","24_9kUBnwckcjdB0c9_jHHS7vUGpCVUV"
"s3://hcp-openaccess/HCP_1200/506234/MNINonLinear/Results/rfMRI_REST1_RL/rfMRI_REST1_RL_hp2000.ica/filtered_func_data.ica/report/IC_14_MM.html","506234","MNINonLinear//Results/rfMRI_REST1_RL/rfMRI_REST1_RL_hp2000.ica/filtered_func_data.ica/report/IC_14_MM.html","fkCYPCgF9tJd.ZRrw7pRsikAGe7VUDWz"
"s3://hcp-openaccess/HCP_1200/506234/MNINonLinear/Results/rfMRI_REST1_RL/rfMRI_REST1_RL_hp2000.ica/filtered_func_data.ica/report/IC_14_MMfit.png","506234","MNINonLinear//Results/rfMRI_REST1_RL/rfMRI_REST1_RL_hp2000.ica/filtered_func_data.ica/report/IC_14_MMfit.png","vD01qrCIkdT5qchPSxtogvRlW57S2hzG"
"s3://hcp-openaccess/HCP_1200/506234/MNINonLinear/Results/rfMRI_REST1_RL/rfMRI_REST1_RL_hp2000.ica/filtered_func_data.ica/report/IC_14_prob.png","506234","MNINonLinear//Results/rfMRI_REST1_RL/rfMRI_REST1_RL_hp2000.ica/filtered_func_data.ica/report/IC_14_prob.png","z2r8ajMNzhccDUpVhFfk2cobutkcyIpF"
"s3://hcp-openaccess/HCP_1200/506234/MNINonLinear/Results/rfMRI_REST1_RL/rfMRI_REST1_RL_hp2000.ica/filtered_func_data.ica/report/IC_14_thresh.png","506234","MNINonLinear//Results/rfMRI_REST1_RL/rfMRI_REST1_RL_hp2000.ica/filtered_func_data.ica/report/IC_14_thresh.png","jFk_yvtf93RhjjdXTmxF6y2uRLVm0C0Z"
"s3://hcp-openaccess/HCP_1200/506234/MNINonLinear/Results/rfMRI_REST1_RL/rfMRI_REST1_RL_hp2000.ica/filtered_func_data.ica/report/IC_15.html","506234","MNINonLinear//Results/rfMRI_REST1_RL/rfMRI_REST1_RL_hp2000.ica/filtered_func_data.ica/report/IC_15.html","Kyld7ul4pdpy6afEPlY1BipC7YLAC7YF"
"s3://hcp-openaccess/HCP_1200/506234/MNINonLinear/Results/rfMRI_REST1_RL/rfMRI_REST1_RL_hp2000.ica/filtered_func_data.ica/report/IC_15.png","506234","MNINonLinear//Results/rfMRI_REST1_RL/rfMRI_REST1_RL_hp2000.ica/filtered_func_data.ica/report/IC_15.png","SqB2ZwmMTP2mwvjI4Ey_tbrlyehpc_E0"
"s3://hcp-openaccess/HCP_1200/506234/MNINonLinear/Results/rfMRI_REST1_RL/rfMRI_REST1_RL_hp2000.ica/filtered_func_data.ica/report/IC_15_MM.html","506234","MNINonLinear//Results/rfMRI_REST1_RL/rfMRI_REST1_RL_hp2000.ica/filtered_func_data.ica/report/IC_15_MM.html","nkhZMf9i00eod0X_IHJzEpsXJr_0q10l"
"s3://hcp-openaccess/HCP_1200/506234/MNINonLinear/Results/rfMRI_REST1_RL/rfMRI_REST1_RL_hp2000.ica/filtered_func_data.ica/report/IC_15_MMfit.png","506234","MNINonLinear//Results/rfMRI_REST1_RL/rfMRI_REST1_RL_hp2000.ica/filtered_func_data.ica/report/IC_15_MMfit.png","iNS7skd02z7aERJQFK8Jm2QizimnZoO8"
"s3://hcp-openaccess/HCP_1200/506234/MNINonLinear/Results/rfMRI_REST1_RL/rfMRI_REST1_RL_hp2000.ica/filtered_func_data.ica/report/IC_15_prob.png","506234","MNINonLinear//Results/rfMRI_REST1_RL/rfMRI_REST1_RL_hp2000.ica/filtered_func_data.ica/report/IC_15_prob.png","ZqmjSUfQFkzz82diKhdCBnxyXcQ6TFZ2"
"s3://hcp-openaccess/HCP_1200/506234/MNINonLinear/Results/rfMRI_REST1_RL/rfMRI_REST1_RL_hp2000.ica/filtered_func_data.ica/report/IC_15_thresh.png","506234","MNINonLinear//Results/rfMRI_REST1_RL/rfMRI_REST1_RL_hp2000.ica/filtered_func_data.ica/report/IC_15_thresh.png","IsagnQL0_d2eGmEBM1UqX6OZZnlOEC4o"
"s3://hcp-openaccess/HCP_1200/506234/MNINonLinear/Results/rfMRI_REST1_RL/rfMRI_REST1_RL_hp2000.ica/filtered_func_data.ica/report/IC_16.html","506234","MNINonLinear//Results/rfMRI_REST1_RL/rfMRI_REST1_RL_hp2000.ica/filtered_func_data.ica/report/IC_16.html","NTgNLk.x8SDfgQwVJpGHNARm2Gm9cLIn"
"s3://hcp-openaccess/HCP_1200/506234/MNINonLinear/Results/rfMRI_REST1_RL/rfMRI_REST1_RL_hp2000.ica/filtered_func_data.ica/report/IC_16.png","506234","MNINonLinear//Results/rfMRI_REST1_RL/rfMRI_REST1_RL_hp2000.ica/filtered_func_data.ica/report/IC_16.png","r.IaKOLmDfseJRukENxyKzZbH28_Duhf"
"s3://hcp-openaccess/HCP_1200/506234/MNINonLinear/Results/rfMRI_REST1_RL/rfMRI_REST1_RL_hp2000.ica/filtered_func_data.ica/report/IC_16_MM.html","506234","MNINonLinear//Results/rfMRI_REST1_RL/rfMRI_REST1_RL_hp2000.ica/filtered_func_data.ica/report/IC_16_MM.html","A23Tm_cG6Hz.Tpeq5ATsswuRbWxGu65k"
"s3://hcp-openaccess/HCP_1200/506234/MNINonLinear/Results/rfMRI_REST1_RL/rfMRI_REST1_RL_hp2000.ica/filtered_func_data.ica/report/IC_16_MMfit.png","506234","MNINonLinear//Results/rfMRI_REST1_RL/rfMRI_REST1_RL_hp2000.ica/filtered_func_data.ica/report/IC_16_MMfit.png","Jl6kIl.V9dbRlRiOJnYWNO_BMdunip3G"
"s3://hcp-openaccess/HCP_1200/506234/MNINonLinear/Results/rfMRI_REST1_RL/rfMRI_REST1_RL_hp2000.ica/filtered_func_data.ica/report/IC_16_prob.png","506234","MNINonLinear//Results/rfMRI_REST1_RL/rfMRI_REST1_RL_hp2000.ica/filtered_func_data.ica/report/IC_16_prob.png","1jqxPM9Kv.NDmQ.jW.iJ9vLDB9BYSkuB"
"s3://hcp-openaccess/HCP_1200/506234/MNINonLinear/Results/rfMRI_REST1_RL/rfMRI_REST1_RL_hp2000.ica/filtered_func_data.ica/report/IC_16_thresh.png","506234","MNINonLinear//Results/rfMRI_REST1_RL/rfMRI_REST1_RL_hp2000.ica/filtered_func_data.ica/report/IC_16_thresh.png","M5_6f9JnpOlqUfBzndWlVoTtUlLn4nXh"
"s3://hcp-openaccess/HCP_1200/506234/MNINonLinear/Results/rfMRI_REST1_RL/rfMRI_REST1_RL_hp2000.ica/filtered_func_data.ica/report/IC_17.html","506234","MNINonLinear//Results/rfMRI_REST1_RL/rfMRI_REST1_RL_hp2000.ica/filtered_func_data.ica/report/IC_17.html","i5sLo9TRII2pXeAw51__X8X2p7xcqkIJ"
"s3://hcp-openaccess/HCP_1200/506234/MNINonLinear/Results/rfMRI_REST1_RL/rfMRI_REST1_RL_hp2000.ica/filtered_func_data.ica/report/IC_17.png","506234","MNINonLinear//Results/rfMRI_REST1_RL/rfMRI_REST1_RL_hp2000.ica/filtered_func_data.ica/report/IC_17.png","H.be2kYT2z9QE1kdnoEIv2f2Fwbfe5eV"
"s3://hcp-openaccess/HCP_1200/506234/MNINonLinear/Results/rfMRI_REST1_RL/rfMRI_REST1_RL_hp2000.ica/filtered_func_data.ica/report/IC_17_MM.html","506234","MNINonLinear//Results/rfMRI_REST1_RL/rfMRI_REST1_RL_hp2000.ica/filtered_func_data.ica/report/IC_17_MM.html","_nDUW_m97obrXL5eGmJu5ue8E_JPJ6op"
"s3://hcp-openaccess/HCP_1200/506234/MNINonLinear/Results/rfMRI_REST1_RL/rfMRI_REST1_RL_hp2000.ica/filtered_func_data.ica/report/IC_17_MMfit.png","506234","MNINonLinear//Results/rfMRI_REST1_RL/rfMRI_REST1_RL_hp2000.ica/filtered_func_data.ica/report/IC_17_MMfit.png","tWerWomkfAb4d4hw9msRgEJ9MNmqaOgR"
"s3://hcp-openaccess/HCP_1200/506234/MNINonLinear/Results/rfMRI_REST1_RL/rfMRI_REST1_RL_hp2000.ica/filtered_func_data.ica/report/IC_17_prob.png","506234","MNINonLinear//Results/rfMRI_REST1_RL/rfMRI_REST1_RL_hp2000.ica/filtered_func_data.ica/report/IC_17_prob.png","ui3aYAz9PwM8pDsDAbEsHidYeh8Ynld5"
"s3://hcp-openaccess/HCP_1200/506234/MNINonLinear/Results/rfMRI_REST1_RL/rfMRI_REST1_RL_hp2000.ica/filtered_func_data.ica/report/IC_17_thresh.png","506234","MNINonLinear//Results/rfMRI_REST1_RL/rfMRI_REST1_RL_hp2000.ica/filtered_func_data.ica/report/IC_17_thresh.png","3DuRywvQIbTwKZswTT7kMvX0.DvRZL4L"
"s3://hcp-openaccess/HCP_1200/506234/MNINonLinear/Results/rfMRI_REST1_RL/rfMRI_REST1_RL_hp2000.ica/filtered_func_data.ica/report/IC_18.html","506234","MNINonLinear//Results/rfMRI_REST1_RL/rfMRI_REST1_RL_hp2000.ica/filtered_func_data.ica/report/IC_18.html","OWCKD.9I1VG6xlJFvtYEy8r9VgiDlxY7"
"s3://hcp-openaccess/HCP_1200/506234/MNINonLinear/Results/rfMRI_REST1_RL/rfMRI_REST1_RL_hp2000.ica/filtered_func_data.ica/report/IC_18.png","506234","MNINonLinear//Results/rfMRI_REST1_RL/rfMRI_REST1_RL_hp2000.ica/filtered_func_data.ica/report/IC_18.png",".o3u0_6JT39M3PPTG4yVTAnXZgagGrvL"
"s3://hcp-openaccess/HCP_1200/506234/MNINonLinear/Results/rfMRI_REST1_RL/rfMRI_REST1_RL_hp2000.ica/filtered_func_data.ica/report/IC_18_MM.html","506234","MNINonLinear//Results/rfMRI_REST1_RL/rfMRI_REST1_RL_hp2000.ica/filtered_func_data.ica/report/IC_18_MM.html","ngl_c2iK69_UiKQduxAw.r0Frggr95Oa"
"s3://hcp-openaccess/HCP_1200/506234/MNINonLinear/Results/rfMRI_REST1_RL/rfMRI_REST1_RL_hp2000.ica/filtered_func_data.ica/report/IC_18_MMfit.png","506234","MNINonLinear//Results/rfMRI_REST1_RL/rfMRI_REST1_RL_hp2000.ica/filtered_func_data.ica/report/IC_18_MMfit.png","4cNvpITRn5mxX2bJspZeG3jVsv4A4mtT"
"s3://hcp-openaccess/HCP_1200/506234/MNINonLinear/Results/rfMRI_REST1_RL/rfMRI_REST1_RL_hp2000.ica/filtered_func_data.ica/report/IC_18_prob.png","506234","MNINonLinear//Results/rfMRI_REST1_RL/rfMRI_REST1_RL_hp2000.ica/filtered_func_data.ica/report/IC_18_prob.png","e5DGcF4Hzh6e63PHsmdUZtK6hoNckC8q"
"s3://hcp-openaccess/HCP_1200/506234/MNINonLinear/Results/rfMRI_REST1_RL/rfMRI_REST1_RL_hp2000.ica/filtered_func_data.ica/report/IC_18_thresh.png","506234","MNINonLinear//Results/rfMRI_REST1_RL/rfMRI_REST1_RL_hp2000.ica/filtered_func_data.ica/report/IC_18_thresh.png","k2dj9oPQ1HvOpiePoqbdJ1Xtgz5W1_Mq"
"s3://hcp-openaccess/HCP_1200/506234/MNINonLinear/Results/rfMRI_REST1_RL/rfMRI_REST1_RL_hp2000.ica/filtered_func_data.ica/report/IC_19.html","506234","MNINonLinear//Results/rfMRI_REST1_RL/rfMRI_REST1_RL_hp2000.ica/filtered_func_data.ica/report/IC_19.html","_.kgW2dkMIRaQCMYRNSSjnLkFQ_E9yub"
"s3://hcp-openaccess/HCP_1200/506234/MNINonLinear/Results/rfMRI_REST1_RL/rfMRI_REST1_RL_hp2000.ica/filtered_func_data.ica/report/IC_19.png","506234","MNINonLinear//Results/rfMRI_REST1_RL/rfMRI_REST1_RL_hp2000.ica/filtered_func_data.ica/report/IC_19.png","K2LS8AIDSdLjBi.IIG.YuScN2t5IlHfv"
"s3://hcp-openaccess/HCP_1200/506234/MNINonLinear/Results/rfMRI_REST1_RL/rfMRI_REST1_RL_hp2000.ica/filtered_func_data.ica/report/IC_19_MM.html","506234","MNINonLinear//Results/rfMRI_REST1_RL/rfMRI_REST1_RL_hp2000.ica/filtered_func_data.ica/report/IC_19_MM.html","y0ReBXJgRDlAYttaSvho8sUskM063Jod"
"s3://hcp-openaccess/HCP_1200/506234/MNINonLinear/Results/rfMRI_REST1_RL/rfMRI_REST1_RL_hp2000.ica/filtered_func_data.ica/report/IC_19_MMfit.png","506234","MNINonLinear//Results/rfMRI_REST1_RL/rfMRI_REST1_RL_hp2000.ica/filtered_func_data.ica/report/IC_19_MMfit.png","a2HAbqs_fcDe7LwL0wSzM2TB7gu2EXW9"
"s3://hcp-openaccess/HCP_1200/506234/MNINonLinear/Results/rfMRI_REST1_RL/rfMRI_REST1_RL_hp2000.ica/filtered_func_data.ica/report/IC_19_prob.png","506234","MNINonLinear//Results/rfMRI_REST1_RL/rfMRI_REST1_RL_hp2000.ica/filtered_func_data.ica/report/IC_19_prob.png","V8xv5cD.eP9edWgeTWOMffsxkTtxOzck"
"s3://hcp-openaccess/HCP_1200/506234/MNINonLinear/Results/rfMRI_REST1_RL/rfMRI_REST1_RL_hp2000.ica/filtered_func_data.ica/report/IC_19_thresh.png","506234","MNINonLinear//Results/rfMRI_REST1_RL/rfMRI_REST1_RL_hp2000.ica/filtered_func_data.ica/report/IC_19_thresh.png","pwK05uOBs5gD2tdAsxieFTYTixAee1mz"
"s3://hcp-openaccess/HCP_1200/506234/MNINonLinear/Results/rfMRI_REST1_RL/rfMRI_REST1_RL_hp2000.ica/filtered_func_data.ica/report/IC_1_MM.html","506234","MNINonLinear//Results/rfMRI_REST1_RL/rfMRI_REST1_RL_hp2000.ica/filtered_func_data.ica/report/IC_1_MM.html","pIznc9CPg4JVsvODKMbWsu0NmtpwUFH7"
"s3://hcp-openaccess/HCP_1200/506234/MNINonLinear/Results/rfMRI_REST1_RL/rfMRI_REST1_RL_hp2000.ica/filtered_func_data.ica/report/IC_1_MMfit.png","506234","MNINonLinear//Results/rfMRI_REST1_RL/rfMRI_REST1_RL_hp2000.ica/filtered_func_data.ica/report/IC_1_MMfit.png","JK666nCiqpZFID6m_LGW.pf_2Iz1OLqJ"
"s3://hcp-openaccess/HCP_1200/506234/MNINonLinear/Results/rfMRI_REST1_RL/rfMRI_REST1_RL_hp2000.ica/filtered_func_data.ica/report/IC_1_prob.png","506234","MNINonLinear//Results/rfMRI_REST1_RL/rfMRI_REST1_RL_hp2000.ica/filtered_func_data.ica/report/IC_1_prob.png","hdS3pKVY.lDdi8WSyLdd5R.dtxWnKwUi"
"s3://hcp-openaccess/HCP_1200/506234/MNINonLinear/Results/rfMRI_REST1_RL/rfMRI_REST1_RL_hp2000.ica/filtered_func_data.ica/report/IC_1_thresh.png","506234","MNINonLinear//Results/rfMRI_REST1_RL/rfMRI_REST1_RL_hp2000.ica/filtered_func_data.ica/report/IC_1_thresh.png","rSuhA8pXyL.BGvWRWTQ47LH1quTu47qP"
"s3://hcp-openaccess/HCP_1200/506234/MNINonLinear/Results/rfMRI_REST1_RL/rfMRI_REST1_RL_hp2000.ica/filtered_func_data.ica/report/IC_2.html","506234","MNINonLinear//Results/rfMRI_REST1_RL/rfMRI_REST1_RL_hp2000.ica/filtered_func_data.ica/report/IC_2.html","T9x2daJK4CVYqtbKuSdrHmYluWk1qUKl"
"s3://hcp-openaccess/HCP_1200/506234/MNINonLinear/Results/rfMRI_REST1_RL/rfMRI_REST1_RL_hp2000.ica/filtered_func_data.ica/report/IC_2.png","506234","MNINonLinear//Results/rfMRI_REST1_RL/rfMRI_REST1_RL_hp2000.ica/filtered_func_data.ica/report/IC_2.png","l3qgTMY9HssKprmvW8R6OJFWqf7gCDK3"
"s3://hcp-openaccess/HCP_1200/506234/MNINonLinear/Results/rfMRI_REST1_RL/rfMRI_REST1_RL_hp2000.ica/filtered_func_data.ica/report/IC_20.html","506234","MNINonLinear//Results/rfMRI_REST1_RL/rfMRI_REST1_RL_hp2000.ica/filtered_func_data.ica/report/IC_20.html","luveEeiceslva5bBy_P5Y5LGCoo8t0xM"
"s3://hcp-openaccess/HCP_1200/506234/MNINonLinear/Results/rfMRI_REST1_RL/rfMRI_REST1_RL_hp2000.ica/filtered_func_data.ica/report/IC_20.png","506234","MNINonLinear//Results/rfMRI_REST1_RL/rfMRI_REST1_RL_hp2000.ica/filtered_func_data.ica/report/IC_20.png","t5VkS.13jygaMjBGiOU7RcpU9K6uf40c"
"s3://hcp-openaccess/HCP_1200/506234/MNINonLinear/Results/rfMRI_REST1_RL/rfMRI_REST1_RL_hp2000.ica/filtered_func_data.ica/report/IC_20_MM.html","506234","MNINonLinear//Results/rfMRI_REST1_RL/rfMRI_REST1_RL_hp2000.ica/filtered_func_data.ica/report/IC_20_MM.html","FeK7XikfdnLIfk3QdJPp9bShOppNfJik"
"s3://hcp-openaccess/HCP_1200/506234/MNINonLinear/Results/rfMRI_REST1_RL/rfMRI_REST1_RL_hp2000.ica/filtered_func_data.ica/report/IC_20_MMfit.png","506234","MNINonLinear//Results/rfMRI_REST1_RL/rfMRI_REST1_RL_hp2000.ica/filtered_func_data.ica/report/IC_20_MMfit.png","0NFINM6tdlOb_TIgFdyI4CvlxLQaR5ve"
"s3://hcp-openaccess/HCP_1200/506234/MNINonLinear/Results/rfMRI_REST1_RL/rfMRI_REST1_RL_hp2000.ica/filtered_func_data.ica/report/IC_20_prob.png","506234","MNINonLinear//Results/rfMRI_REST1_RL/rfMRI_REST1_RL_hp2000.ica/filtered_func_data.ica/report/IC_20_prob.png","ItXlTwvmax58mxueOn5ittV5K_qjKkyg"
"s3://hcp-openaccess/HCP_1200/506234/MNINonLinear/Results/rfMRI_REST1_RL/rfMRI_REST1_RL_hp2000.ica/filtered_func_data.ica/report/IC_20_thresh.png","506234","MNINonLinear//Results/rfMRI_REST1_RL/rfMRI_REST1_RL_hp2000.ica/filtered_func_data.ica/report/IC_20_thresh.png","0TGYpUmt34bi2ovWXYo5McFIPsxKyn9z"
"s3://hcp-openaccess/HCP_1200/506234/MNINonLinear/Results/rfMRI_REST1_RL/rfMRI_REST1_RL_hp2000.ica/filtered_func_data.ica/report/IC_21.html","506234","MNINonLinear//Results/rfMRI_REST1_RL/rfMRI_REST1_RL_hp2000.ica/filtered_func_data.ica/report/IC_21.html","gouASypgFnpgcuJrWRw_KNptxrVtVoAj"
"s3://hcp-openaccess/HCP_1200/506234/MNINonLinear/Results/rfMRI_REST1_RL/rfMRI_REST1_RL_hp2000.ica/filtered_func_data.ica/report/IC_21.png","506234","MNINonLinear//Results/rfMRI_REST1_RL/rfMRI_REST1_RL_hp2000.ica/filtered_func_data.ica/report/IC_21.png","w5tpSnYGZfQ93ZZ736zHDYp6RShS4XnO"
"s3://hcp-openaccess/HCP_1200/506234/MNINonLinear/Results/rfMRI_REST1_RL/rfMRI_REST1_RL_hp2000.ica/filtered_func_data.ica/report/IC_21_MM.html","506234","MNINonLinear//Results/rfMRI_REST1_RL/rfMRI_REST1_RL_hp2000.ica/filtered_func_data.ica/report/IC_21_MM.html","lGzC_g0qKQhQlkCFiClC39POF4_HNAve"
"s3://hcp-openaccess/HCP_1200/506234/MNINonLinear/Results/rfMRI_REST1_RL/rfMRI_REST1_RL_hp2000.ica/filtered_func_data.ica/report/IC_21_MMfit.png","506234","MNINonLinear//Results/rfMRI_REST1_RL/rfMRI_REST1_RL_hp2000.ica/filtered_func_data.ica/report/IC_21_MMfit.png","f4cmYChyAHK27TTPb4_FkodKOP8lv3zN"
"s3://hcp-openaccess/HCP_1200/506234/MNINonLinear/Results/rfMRI_REST1_RL/rfMRI_REST1_RL_hp2000.ica/filtered_func_data.ica/report/IC_21_prob.png","506234","MNINonLinear//Results/rfMRI_REST1_RL/rfMRI_REST1_RL_hp2000.ica/filtered_func_data.ica/report/IC_21_prob.png","rtHJUSfhtHQ7YC_eWtuAWwA5LNib6ZJU"
"s3://hcp-openaccess/HCP_1200/506234/MNINonLinear/Results/rfMRI_REST1_RL/rfMRI_REST1_RL_hp2000.ica/filtered_func_data.ica/report/IC_21_thresh.png","506234","MNINonLinear//Results/rfMRI_REST1_RL/rfMRI_REST1_RL_hp2000.ica/filtered_func_data.ica/report/IC_21_thresh.png","IOva4uxG47lPKOtsiYNbhJET9pxuJav3"
"s3://hcp-openaccess/HCP_1200/506234/MNINonLinear/Results/rfMRI_REST1_RL/rfMRI_REST1_RL_hp2000.ica/filtered_func_data.ica/report/IC_22.html","506234","MNINonLinear//Results/rfMRI_REST1_RL/rfMRI_REST1_RL_hp2000.ica/filtered_func_data.ica/report/IC_22.html","4wGI.zfUPkZIkiQ8RVU9TcWmZIl3WhzY"
"s3://hcp-openaccess/HCP_1200/506234/MNINonLinear/Results/rfMRI_REST1_RL/rfMRI_REST1_RL_hp2000.ica/filtered_func_data.ica/report/IC_22.png","506234","MNINonLinear//Results/rfMRI_REST1_RL/rfMRI_REST1_RL_hp2000.ica/filtered_func_data.ica/report/IC_22.png","sngtQaC4Afyx0vC5wce7r57ksJ77d7xs"
"s3://hcp-openaccess/HCP_1200/506234/MNINonLinear/Results/rfMRI_REST1_RL/rfMRI_REST1_RL_hp2000.ica/filtered_func_data.ica/report/IC_22_MM.html","506234","MNINonLinear//Results/rfMRI_REST1_RL/rfMRI_REST1_RL_hp2000.ica/filtered_func_data.ica/report/IC_22_MM.html","Dm2wqFW75LqizyqSKZ7ovPuYE42wQCtC"
"s3://hcp-openaccess/HCP_1200/506234/MNINonLinear/Results/rfMRI_REST1_RL/rfMRI_REST1_RL_hp2000.ica/filtered_func_data.ica/report/IC_22_MMfit.png","506234","MNINonLinear//Results/rfMRI_REST1_RL/rfMRI_REST1_RL_hp2000.ica/filtered_func_data.ica/report/IC_22_MMfit.png","h9JERrQpPvN01OM177X4yysKaP1zuBE0"
"s3://hcp-openaccess/HCP_1200/506234/MNINonLinear/Results/rfMRI_REST1_RL/rfMRI_REST1_RL_hp2000.ica/filtered_func_data.ica/report/IC_22_prob.png","506234","MNINonLinear//Results/rfMRI_REST1_RL/rfMRI_REST1_RL_hp2000.ica/filtered_func_data.ica/report/IC_22_prob.png","rbZASJSypZpkNZWQmMOtE7xFtS_Zikwg"
"s3://hcp-openaccess/HCP_1200/506234/MNINonLinear/Results/rfMRI_REST1_RL/rfMRI_REST1_RL_hp2000.ica/filtered_func_data.ica/report/IC_22_thresh.png","506234","MNINonLinear//Results/rfMRI_REST1_RL/rfMRI_REST1_RL_hp2000.ica/filtered_func_data.ica/report/IC_22_thresh.png","XdBQv_2AN7m35HNPFGkhkAYIYjuEHIRY"
"s3://hcp-openaccess/HCP_1200/506234/MNINonLinear/Results/rfMRI_REST1_RL/rfMRI_REST1_RL_hp2000.ica/filtered_func_data.ica/report/IC_23.html","506234","MNINonLinear//Results/rfMRI_REST1_RL/rfMRI_REST1_RL_hp2000.ica/filtered_func_data.ica/report/IC_23.html","kWVD5wCsjzEgsyyWuU03oKsJ5F_p312s"
"s3://hcp-openaccess/HCP_1200/506234/MNINonLinear/Results/rfMRI_REST1_RL/rfMRI_REST1_RL_hp2000.ica/filtered_func_data.ica/report/IC_23.png","506234","MNINonLinear//Results/rfMRI_REST1_RL/rfMRI_REST1_RL_hp2000.ica/filtered_func_data.ica/report/IC_23.png","nqrsRGdwxbAF5NovoW7bTeiPSybvnABe"
"s3://hcp-openaccess/HCP_1200/506234/MNINonLinear/Results/rfMRI_REST1_RL/rfMRI_REST1_RL_hp2000.ica/filtered_func_data.ica/report/IC_23_MM.html","506234","MNINonLinear//Results/rfMRI_REST1_RL/rfMRI_REST1_RL_hp2000.ica/filtered_func_data.ica/report/IC_23_MM.html","t3CI9LtTyN99oR1Iq4.t7vUjiOWYjhOH"
"s3://hcp-openaccess/HCP_1200/506234/MNINonLinear/Results/rfMRI_REST1_RL/rfMRI_REST1_RL_hp2000.ica/filtered_func_data.ica/report/IC_23_MMfit.png","506234","MNINonLinear//Results/rfMRI_REST1_RL/rfMRI_REST1_RL_hp2000.ica/filtered_func_data.ica/report/IC_23_MMfit.png","NHJMkKxc466BB9Ieomk7RSrMuGLUQJHx"
"s3://hcp-openaccess/HCP_1200/506234/MNINonLinear/Results/rfMRI_REST1_RL/rfMRI_REST1_RL_hp2000.ica/filtered_func_data.ica/report/IC_23_prob.png","506234","MNINonLinear//Results/rfMRI_REST1_RL/rfMRI_REST1_RL_hp2000.ica/filtered_func_data.ica/report/IC_23_prob.png","Sm0y70YiZsxAMsjOSL8hk31pqQo3sO.w"
"s3://hcp-openaccess/HCP_1200/506234/MNINonLinear/Results/rfMRI_REST1_RL/rfMRI_REST1_RL_hp2000.ica/filtered_func_data.ica/report/IC_23_thresh.png","506234","MNINonLinear//Results/rfMRI_REST1_RL/rfMRI_REST1_RL_hp2000.ica/filtered_func_data.ica/report/IC_23_thresh.png","EcGxbrJ8SxL0_9KDznezyYJbknhkXUgM"
"s3://hcp-openaccess/HCP_1200/506234/MNINonLinear/Results/rfMRI_REST1_RL/rfMRI_REST1_RL_hp2000.ica/filtered_func_data.ica/report/IC_24.html","506234","MNINonLinear//Results/rfMRI_REST1_RL/rfMRI_REST1_RL_hp2000.ica/filtered_func_data.ica/report/IC_24.html","dQTmuBpU4NcjnxgkIomsdkOXIA8fuZED"
"s3://hcp-openaccess/HCP_1200/506234/MNINonLinear/Results/rfMRI_REST1_RL/rfMRI_REST1_RL_hp2000.ica/filtered_func_data.ica/report/IC_24.png","506234","MNINonLinear//Results/rfMRI_REST1_RL/rfMRI_REST1_RL_hp2000.ica/filtered_func_data.ica/report/IC_24.png","tGaPLpGSAGGOHLo5QUL2M.8aDonpBSrC"
"s3://hcp-openaccess/HCP_1200/506234/MNINonLinear/Results/rfMRI_REST1_RL/rfMRI_REST1_RL_hp2000.ica/filtered_func_data.ica/report/IC_24_MM.html","506234","MNINonLinear//Results/rfMRI_REST1_RL/rfMRI_REST1_RL_hp2000.ica/filtered_func_data.ica/report/IC_24_MM.html","5PPT82YalQvjxx6DFH.QcZE.ZhHuVLLh"
"s3://hcp-openaccess/HCP_1200/506234/MNINonLinear/Results/rfMRI_REST1_RL/rfMRI_REST1_RL_hp2000.ica/filtered_func_data.ica/report/IC_24_MMfit.png","506234","MNINonLinear//Results/rfMRI_REST1_RL/rfMRI_REST1_RL_hp2000.ica/filtered_func_data.ica/report/IC_24_MMfit.png","VmiLXeRZGq359PBhNgGMDq.mOLdlLliY"
"s3://hcp-openaccess/HCP_1200/506234/MNINonLinear/Results/rfMRI_REST1_RL/rfMRI_REST1_RL_hp2000.ica/filtered_func_data.ica/report/IC_24_prob.png","506234","MNINonLinear//Results/rfMRI_REST1_RL/rfMRI_REST1_RL_hp2000.ica/filtered_func_data.ica/report/IC_24_prob.png","XkRsdUB8uARQDYHoS.Fh34Y9Ba0B7Brc"
"s3://hcp-openaccess/HCP_1200/506234/MNINonLinear/Results/rfMRI_REST1_RL/rfMRI_REST1_RL_hp2000.ica/filtered_func_data.ica/report/IC_24_thresh.png","506234","MNINonLinear//Results/rfMRI_REST1_RL/rfMRI_REST1_RL_hp2000.ica/filtered_func_data.ica/report/IC_24_thresh.png","fnmwmvA3TmFLoRWSsCWKz.wHDLQ5OTDg"
"s3://hcp-openaccess/HCP_1200/506234/MNINonLinear/Results/rfMRI_REST1_RL/rfMRI_REST1_RL_hp2000.ica/filtered_func_data.ica/report/IC_25.html","506234","MNINonLinear//Results/rfMRI_REST1_RL/rfMRI_REST1_RL_hp2000.ica/filtered_func_data.ica/report/IC_25.html","8ayZXctwfPit0H7OxpxUJr7SJFbjum08"
"s3://hcp-openaccess/HCP_1200/506234/MNINonLinear/Results/rfMRI_REST1_RL/rfMRI_REST1_RL_hp2000.ica/filtered_func_data.ica/report/IC_25.png","506234","MNINonLinear//Results/rfMRI_REST1_RL/rfMRI_REST1_RL_hp2000.ica/filtered_func_data.ica/report/IC_25.png","aXo5gZSG6Y2HVZ1Hh_jgIcF8XIQBQXHW"
"s3://hcp-openaccess/HCP_1200/506234/MNINonLinear/Results/rfMRI_REST1_RL/rfMRI_REST1_RL_hp2000.ica/filtered_func_data.ica/report/IC_25_MM.html","506234","MNINonLinear//Results/rfMRI_REST1_RL/rfMRI_REST1_RL_hp2000.ica/filtered_func_data.ica/report/IC_25_MM.html","mCcDsN6ErdOidW9ZTN3xVjTBY0rHHflG"
"s3://hcp-openaccess/HCP_1200/506234/MNINonLinear/Results/rfMRI_REST1_RL/rfMRI_REST1_RL_hp2000.ica/filtered_func_data.ica/report/IC_25_MMfit.png","506234","MNINonLinear//Results/rfMRI_REST1_RL/rfMRI_REST1_RL_hp2000.ica/filtered_func_data.ica/report/IC_25_MMfit.png","oJ.W4PED.PJ6XweE4aGRkgtm8IaPrV4_"
"s3://hcp-openaccess/HCP_1200/506234/MNINonLinear/Results/rfMRI_REST1_RL/rfMRI_REST1_RL_hp2000.ica/filtered_func_data.ica/report/IC_25_prob.png","506234","MNINonLinear//Results/rfMRI_REST1_RL/rfMRI_REST1_RL_hp2000.ica/filtered_func_data.ica/report/IC_25_prob.png","P0eiWY.pEhITD2_N.KaeMJULg0S0i7lb"
"s3://hcp-openaccess/HCP_1200/506234/MNINonLinear/Results/rfMRI_REST1_RL/rfMRI_REST1_RL_hp2000.ica/filtered_func_data.ica/report/IC_25_thresh.png","506234","MNINonLinear//Results/rfMRI_REST1_RL/rfMRI_REST1_RL_hp2000.ica/filtered_func_data.ica/report/IC_25_thresh.png","EjJOX_SMy4df5IM.sxx1ZFSShQR6ww1n"
"s3://hcp-openaccess/HCP_1200/506234/MNINonLinear/Results/rfMRI_REST1_RL/rfMRI_REST1_RL_hp2000.ica/filtered_func_data.ica/report/IC_26.html","506234","MNINonLinear//Results/rfMRI_REST1_RL/rfMRI_REST1_RL_hp2000.ica/filtered_func_data.ica/report/IC_26.html","yXx8b66X7uWQSsfrSFxG5UiG1.II7iTI"
"s3://hcp-openaccess/HCP_1200/506234/MNINonLinear/Results/rfMRI_REST1_RL/rfMRI_REST1_RL_hp2000.ica/filtered_func_data.ica/report/IC_26.png","506234","MNINonLinear//Results/rfMRI_REST1_RL/rfMRI_REST1_RL_hp2000.ica/filtered_func_data.ica/report/IC_26.png","GeLW6vHnx5gURsfeLZEwCRx0YAV2SUZ5"
"s3://hcp-openaccess/HCP_1200/506234/MNINonLinear/Results/rfMRI_REST1_RL/rfMRI_REST1_RL_hp2000.ica/filtered_func_data.ica/report/IC_26_MM.html","506234","MNINonLinear//Results/rfMRI_REST1_RL/rfMRI_REST1_RL_hp2000.ica/filtered_func_data.ica/report/IC_26_MM.html","SHbDyJneWiC8_0qqtS_o8P52nidMj1Jt"
"s3://hcp-openaccess/HCP_1200/506234/MNINonLinear/Results/rfMRI_REST1_RL/rfMRI_REST1_RL_hp2000.ica/filtered_func_data.ica/report/IC_26_MMfit.png","506234","MNINonLinear//Results/rfMRI_REST1_RL/rfMRI_REST1_RL_hp2000.ica/filtered_func_data.ica/report/IC_26_MMfit.png","tpbbWfnh8m_IaotB3XE7A_CVjhTCMBhH"
"s3://hcp-openaccess/HCP_1200/506234/MNINonLinear/Results/rfMRI_REST1_RL/rfMRI_REST1_RL_hp2000.ica/filtered_func_data.ica/report/IC_26_prob.png","506234","MNINonLinear//Results/rfMRI_REST1_RL/rfMRI_REST1_RL_hp2000.ica/filtered_func_data.ica/report/IC_26_prob.png","HHokztUL.oH1VNk35uFEO7KD6Tz7O3jE"
"s3://hcp-openaccess/HCP_1200/506234/MNINonLinear/Results/rfMRI_REST1_RL/rfMRI_REST1_RL_hp2000.ica/filtered_func_data.ica/report/IC_26_thresh.png","506234","MNINonLinear//Results/rfMRI_REST1_RL/rfMRI_REST1_RL_hp2000.ica/filtered_func_data.ica/report/IC_26_thresh.png","ubz1Bgn02bQIiucC0OLq03hRPnZktJu6"
"s3://hcp-openaccess/HCP_1200/506234/MNINonLinear/Results/rfMRI_REST1_RL/rfMRI_REST1_RL_hp2000.ica/filtered_func_data.ica/report/IC_27.html","506234","MNINonLinear//Results/rfMRI_REST1_RL/rfMRI_REST1_RL_hp2000.ica/filtered_func_data.ica/report/IC_27.html","5LiLIjA2MedeBSsBXmQJQvnldama.ygL"
"s3://hcp-openaccess/HCP_1200/506234/MNINonLinear/Results/rfMRI_REST1_RL/rfMRI_REST1_RL_hp2000.ica/filtered_func_data.ica/report/IC_27.png","506234","MNINonLinear//Results/rfMRI_REST1_RL/rfMRI_REST1_RL_hp2000.ica/filtered_func_data.ica/report/IC_27.png","xP.adOBGHVCp2GIwE9QySpS00SgwC2tX"
"s3://hcp-openaccess/HCP_1200/506234/MNINonLinear/Results/rfMRI_REST1_RL/rfMRI_REST1_RL_hp2000.ica/filtered_func_data.ica/report/IC_27_MM.html","506234","MNINonLinear//Results/rfMRI_REST1_RL/rfMRI_REST1_RL_hp2000.ica/filtered_func_data.ica/report/IC_27_MM.html","sJ5PH7Vf.SU4Rk8e4H3dGbODyesx39v7"
"s3://hcp-openaccess/HCP_1200/506234/MNINonLinear/Results/rfMRI_REST1_RL/rfMRI_REST1_RL_hp2000.ica/filtered_func_data.ica/report/IC_27_MMfit.png","506234","MNINonLinear//Results/rfMRI_REST1_RL/rfMRI_REST1_RL_hp2000.ica/filtered_func_data.ica/report/IC_27_MMfit.png","1UEKB41kML34CqbbQZy7crT40pVdoWHG"
"s3://hcp-openaccess/HCP_1200/506234/MNINonLinear/Results/rfMRI_REST1_RL/rfMRI_REST1_RL_hp2000.ica/filtered_func_data.ica/report/IC_27_prob.png","506234","MNINonLinear//Results/rfMRI_REST1_RL/rfMRI_REST1_RL_hp2000.ica/filtered_func_data.ica/report/IC_27_prob.png","L1ju5jF3_rQSSnSgHqGZzE6NE7PT3Xvr"
"s3://hcp-openaccess/HCP_1200/506234/MNINonLinear/Results/rfMRI_REST1_RL/rfMRI_REST1_RL_hp2000.ica/filtered_func_data.ica/report/IC_27_thresh.png","506234","MNINonLinear//Results/rfMRI_REST1_RL/rfMRI_REST1_RL_hp2000.ica/filtered_func_data.ica/report/IC_27_thresh.png","iFYTxpZLQ92SzyDh4Lv.Wzlks5vmVyh1"
"s3://hcp-openaccess/HCP_1200/506234/MNINonLinear/Results/rfMRI_REST1_RL/rfMRI_REST1_RL_hp2000.ica/filtered_func_data.ica/report/IC_28.html","506234","MNINonLinear//Results/rfMRI_REST1_RL/rfMRI_REST1_RL_hp2000.ica/filtered_func_data.ica/report/IC_28.html","0GlC8EKXmIUO1TlGjCDQC4kYHCVO_HX9"
"s3://hcp-openaccess/HCP_1200/506234/MNINonLinear/Results/rfMRI_REST1_RL/rfMRI_REST1_RL_hp2000.ica/filtered_func_data.ica/report/IC_28.png","506234","MNINonLinear//Results/rfMRI_REST1_RL/rfMRI_REST1_RL_hp2000.ica/filtered_func_data.ica/report/IC_28.png","H.nlY2cOOVAdwhKt53DW4zVXJqaJ5Qzp"
"s3://hcp-openaccess/HCP_1200/506234/MNINonLinear/Results/rfMRI_REST1_RL/rfMRI_REST1_RL_hp2000.ica/filtered_func_data.ica/report/IC_28_MM.html","506234","MNINonLinear//Results/rfMRI_REST1_RL/rfMRI_REST1_RL_hp2000.ica/filtered_func_data.ica/report/IC_28_MM.html","mWxYhKd7HvuDvEIuHAGhYK.zhm2QiqQo"
"s3://hcp-openaccess/HCP_1200/506234/MNINonLinear/Results/rfMRI_REST1_RL/rfMRI_REST1_RL_hp2000.ica/filtered_func_data.ica/report/IC_28_MMfit.png","506234","MNINonLinear//Results/rfMRI_REST1_RL/rfMRI_REST1_RL_hp2000.ica/filtered_func_data.ica/report/IC_28_MMfit.png",".I54FRA.hlleJzn5YfzgsQVd8EqY1Uo_"
"s3://hcp-openaccess/HCP_1200/506234/MNINonLinear/Results/rfMRI_REST1_RL/rfMRI_REST1_RL_hp2000.ica/filtered_func_data.ica/report/IC_28_prob.png","506234","MNINonLinear//Results/rfMRI_REST1_RL/rfMRI_REST1_RL_hp2000.ica/filtered_func_data.ica/report/IC_28_prob.png","ATEKhYyyvuTXlwcatUIthV989jvNpBKz"
"s3://hcp-openaccess/HCP_1200/506234/MNINonLinear/Results/rfMRI_REST1_RL/rfMRI_REST1_RL_hp2000.ica/filtered_func_data.ica/report/IC_28_thresh.png","506234","MNINonLinear//Results/rfMRI_REST1_RL/rfMRI_REST1_RL_hp2000.ica/filtered_func_data.ica/report/IC_28_thresh.png","OhJQjjOKFw8w9KFF5C9u1RR.nUqik6qf"
"s3://hcp-openaccess/HCP_1200/506234/MNINonLinear/Results/rfMRI_REST1_RL/rfMRI_REST1_RL_hp2000.ica/filtered_func_data.ica/report/IC_29.html","506234","MNINonLinear//Results/rfMRI_REST1_RL/rfMRI_REST1_RL_hp2000.ica/filtered_func_data.ica/report/IC_29.html","8KC3G5ZMoiM2U4soSIQP4hGV12NBRvV4"
"s3://hcp-openaccess/HCP_1200/506234/MNINonLinear/Results/rfMRI_REST1_RL/rfMRI_REST1_RL_hp2000.ica/filtered_func_data.ica/report/IC_29.png","506234","MNINonLinear//Results/rfMRI_REST1_RL/rfMRI_REST1_RL_hp2000.ica/filtered_func_data.ica/report/IC_29.png","DGsAPXH3GmxWTsJdzzlnxF1HcmiuDdQj"
"s3://hcp-openaccess/HCP_1200/506234/MNINonLinear/Results/rfMRI_REST1_RL/rfMRI_REST1_RL_hp2000.ica/filtered_func_data.ica/report/IC_29_MM.html","506234","MNINonLinear//Results/rfMRI_REST1_RL/rfMRI_REST1_RL_hp2000.ica/filtered_func_data.ica/report/IC_29_MM.html","eA1_5b1x3mrV_T9P6jTtA6mHHL5fItYw"
"s3://hcp-openaccess/HCP_1200/506234/MNINonLinear/Results/rfMRI_REST1_RL/rfMRI_REST1_RL_hp2000.ica/filtered_func_data.ica/report/IC_29_MMfit.png","506234","MNINonLinear//Results/rfMRI_REST1_RL/rfMRI_REST1_RL_hp2000.ica/filtered_func_data.ica/report/IC_29_MMfit.png","l.shct0FIUrBV2IM1H6QH4jn9rCmjALD"
"s3://hcp-openaccess/HCP_1200/506234/MNINonLinear/Results/rfMRI_REST1_RL/rfMRI_REST1_RL_hp2000.ica/filtered_func_data.ica/report/IC_29_prob.png","506234","MNINonLinear//Results/rfMRI_REST1_RL/rfMRI_REST1_RL_hp2000.ica/filtered_func_data.ica/report/IC_29_prob.png","QvvTD4RdrChXEy2Zg6oC_dftTxzJLLrg"
"s3://hcp-openaccess/HCP_1200/506234/MNINonLinear/Results/rfMRI_REST1_RL/rfMRI_REST1_RL_hp2000.ica/filtered_func_data.ica/report/IC_29_thresh.png","506234","MNINonLinear//Results/rfMRI_REST1_RL/rfMRI_REST1_RL_hp2000.ica/filtered_func_data.ica/report/IC_29_thresh.png","N2tRVvdjzaVBR4p26lco1Lbkd8DW5dVq"
"s3://hcp-openaccess/HCP_1200/506234/MNINonLinear/Results/rfMRI_REST1_RL/rfMRI_REST1_RL_hp2000.ica/filtered_func_data.ica/report/IC_2_MM.html","506234","MNINonLinear//Results/rfMRI_REST1_RL/rfMRI_REST1_RL_hp2000.ica/filtered_func_data.ica/report/IC_2_MM.html","Al0CbS9QV.oj63FPk.5O2Da1pYUcYMiI"
"s3://hcp-openaccess/HCP_1200/506234/MNINonLinear/Results/rfMRI_REST1_RL/rfMRI_REST1_RL_hp2000.ica/filtered_func_data.ica/report/IC_2_MMfit.png","506234","MNINonLinear//Results/rfMRI_REST1_RL/rfMRI_REST1_RL_hp2000.ica/filtered_func_data.ica/report/IC_2_MMfit.png","gtRoaqFAzCnjq9FtDkslFMSHs4yIk_jN"
"s3://hcp-openaccess/HCP_1200/506234/MNINonLinear/Results/rfMRI_REST1_RL/rfMRI_REST1_RL_hp2000.ica/filtered_func_data.ica/report/IC_2_prob.png","506234","MNINonLinear//Results/rfMRI_REST1_RL/rfMRI_REST1_RL_hp2000.ica/filtered_func_data.ica/report/IC_2_prob.png","ZhC1Ye299d.TtYrmTpv4HjSxZ7qv.hQD"
"s3://hcp-openaccess/HCP_1200/506234/MNINonLinear/Results/rfMRI_REST1_RL/rfMRI_REST1_RL_hp2000.ica/filtered_func_data.ica/report/IC_2_thresh.png","506234","MNINonLinear//Results/rfMRI_REST1_RL/rfMRI_REST1_RL_hp2000.ica/filtered_func_data.ica/report/IC_2_thresh.png","xaCfe8UjQwP7iNFDcBr3WkO4jg9gQz7M"
"s3://hcp-openaccess/HCP_1200/506234/MNINonLinear/Results/rfMRI_REST1_RL/rfMRI_REST1_RL_hp2000.ica/filtered_func_data.ica/report/IC_3.html","506234","MNINonLinear//Results/rfMRI_REST1_RL/rfMRI_REST1_RL_hp2000.ica/filtered_func_data.ica/report/IC_3.html","e6hlhtXVvJSuq.EkJJ4GPU_WUAhJlzv5"
"s3://hcp-openaccess/HCP_1200/506234/MNINonLinear/Results/rfMRI_REST1_RL/rfMRI_REST1_RL_hp2000.ica/filtered_func_data.ica/report/IC_3.png","506234","MNINonLinear//Results/rfMRI_REST1_RL/rfMRI_REST1_RL_hp2000.ica/filtered_func_data.ica/report/IC_3.png","Z4z61HLPmbwds9xkV3glPX53BSJ2F_jL"
"s3://hcp-openaccess/HCP_1200/506234/MNINonLinear/Results/rfMRI_REST1_RL/rfMRI_REST1_RL_hp2000.ica/filtered_func_data.ica/report/IC_30.html","506234","MNINonLinear//Results/rfMRI_REST1_RL/rfMRI_REST1_RL_hp2000.ica/filtered_func_data.ica/report/IC_30.html","uhveRElqsUWk7aaIXqMGgbJ1qfhk1o34"
"s3://hcp-openaccess/HCP_1200/506234/MNINonLinear/Results/rfMRI_REST1_RL/rfMRI_REST1_RL_hp2000.ica/filtered_func_data.ica/report/IC_30.png","506234","MNINonLinear//Results/rfMRI_REST1_RL/rfMRI_REST1_RL_hp2000.ica/filtered_func_data.ica/report/IC_30.png","qq_9MeHf_iPA4lpV46e5YY53vOtmksMe"
"s3://hcp-openaccess/HCP_1200/506234/MNINonLinear/Results/rfMRI_REST1_RL/rfMRI_REST1_RL_hp2000.ica/filtered_func_data.ica/report/IC_30_MM.html","506234","MNINonLinear//Results/rfMRI_REST1_RL/rfMRI_REST1_RL_hp2000.ica/filtered_func_data.ica/report/IC_30_MM.html","n7serbZpWj4__TbS5eq.ebeTq9pKloHv"
"s3://hcp-openaccess/HCP_1200/506234/MNINonLinear/Results/rfMRI_REST1_RL/rfMRI_REST1_RL_hp2000.ica/filtered_func_data.ica/report/IC_30_MMfit.png","506234","MNINonLinear//Results/rfMRI_REST1_RL/rfMRI_REST1_RL_hp2000.ica/filtered_func_data.ica/report/IC_30_MMfit.png","Ys3X7jnQJ7992IvAuHdCmsVpxiu2XxNd"
"s3://hcp-openaccess/HCP_1200/506234/MNINonLinear/Results/rfMRI_REST1_RL/rfMRI_REST1_RL_hp2000.ica/filtered_func_data.ica/report/IC_30_prob.png","506234","MNINonLinear//Results/rfMRI_REST1_RL/rfMRI_REST1_RL_hp2000.ica/filtered_func_data.ica/report/IC_30_prob.png","brl5w_24SYyP.Cvrw2zR5w9NQ5WtuXzb"
"s3://hcp-openaccess/HCP_1200/506234/MNINonLinear/Results/rfMRI_REST1_RL/rfMRI_REST1_RL_hp2000.ica/filtered_func_data.ica/report/IC_30_thresh.png","506234","MNINonLinear//Results/rfMRI_REST1_RL/rfMRI_REST1_RL_hp2000.ica/filtered_func_data.ica/report/IC_30_thresh.png","wy42hefvSr54n6gKGV8vhqDf4SQRx57m"
"s3://hcp-openaccess/HCP_1200/506234/MNINonLinear/Results/rfMRI_REST1_RL/rfMRI_REST1_RL_hp2000.ica/filtered_func_data.ica/report/IC_31.html","506234","MNINonLinear//Results/rfMRI_REST1_RL/rfMRI_REST1_RL_hp2000.ica/filtered_func_data.ica/report/IC_31.html","6SphB9RKDxyUjeuTTh2SZiP2HFOW7ZoO"
"s3://hcp-openaccess/HCP_1200/506234/MNINonLinear/Results/rfMRI_REST1_RL/rfMRI_REST1_RL_hp2000.ica/filtered_func_data.ica/report/IC_31.png","506234","MNINonLinear//Results/rfMRI_REST1_RL/rfMRI_REST1_RL_hp2000.ica/filtered_func_data.ica/report/IC_31.png","0xZy_lL3cbeXlSCENpK5EhZViFUj7Rdm"
"s3://hcp-openaccess/HCP_1200/506234/MNINonLinear/Results/rfMRI_REST1_RL/rfMRI_REST1_RL_hp2000.ica/filtered_func_data.ica/report/IC_31_MM.html","506234","MNINonLinear//Results/rfMRI_REST1_RL/rfMRI_REST1_RL_hp2000.ica/filtered_func_data.ica/report/IC_31_MM.html","sr0V_MFlATDXR6.6qt7sl0rLUhZ.ofIj"
"s3://hcp-openaccess/HCP_1200/506234/MNINonLinear/Results/rfMRI_REST1_RL/rfMRI_REST1_RL_hp2000.ica/filtered_func_data.ica/report/IC_31_MMfit.png","506234","MNINonLinear//Results/rfMRI_REST1_RL/rfMRI_REST1_RL_hp2000.ica/filtered_func_data.ica/report/IC_31_MMfit.png","7ktTzPoQzvXG2_DWg77.Ag2jUT9UovFr"
"s3://hcp-openaccess/HCP_1200/506234/MNINonLinear/Results/rfMRI_REST1_RL/rfMRI_REST1_RL_hp2000.ica/filtered_func_data.ica/report/IC_31_prob.png","506234","MNINonLinear//Results/rfMRI_REST1_RL/rfMRI_REST1_RL_hp2000.ica/filtered_func_data.ica/report/IC_31_prob.png","lr3qTZdijwBJcP71u3X4N6XkyYRIDBWW"
"s3://hcp-openaccess/HCP_1200/506234/MNINonLinear/Results/rfMRI_REST1_RL/rfMRI_REST1_RL_hp2000.ica/filtered_func_data.ica/report/IC_31_thresh.png","506234","MNINonLinear//Results/rfMRI_REST1_RL/rfMRI_REST1_RL_hp2000.ica/filtered_func_data.ica/report/IC_31_thresh.png","Be68DlOQ8pjkDpuOaeDtl8exJLY9Kda6"
"s3://hcp-openaccess/HCP_1200/506234/MNINonLinear/Results/rfMRI_REST1_RL/rfMRI_REST1_RL_hp2000.ica/filtered_func_data.ica/report/IC_32.html","506234","MNINonLinear//Results/rfMRI_REST1_RL/rfMRI_REST1_RL_hp2000.ica/filtered_func_data.ica/report/IC_32.html","4Q2iHVO4arFQFsJ1AQ9xYv3qiwqIDGFn"
"s3://hcp-openaccess/HCP_1200/506234/MNINonLinear/Results/rfMRI_REST1_RL/rfMRI_REST1_RL_hp2000.ica/filtered_func_data.ica/report/IC_32.png","506234","MNINonLinear//Results/rfMRI_REST1_RL/rfMRI_REST1_RL_hp2000.ica/filtered_func_data.ica/report/IC_32.png","RLfQvJ2p.QBgbOehZ5ZXzUUxcMvErLj2"
"s3://hcp-openaccess/HCP_1200/506234/MNINonLinear/Results/rfMRI_REST1_RL/rfMRI_REST1_RL_hp2000.ica/filtered_func_data.ica/report/IC_32_MM.html","506234","MNINonLinear//Results/rfMRI_REST1_RL/rfMRI_REST1_RL_hp2000.ica/filtered_func_data.ica/report/IC_32_MM.html","CAkOYUSMs.01bPcgkwhKapfxnjQTdek2"
"s3://hcp-openaccess/HCP_1200/506234/MNINonLinear/Results/rfMRI_REST1_RL/rfMRI_REST1_RL_hp2000.ica/filtered_func_data.ica/report/IC_32_MMfit.png","506234","MNINonLinear//Results/rfMRI_REST1_RL/rfMRI_REST1_RL_hp2000.ica/filtered_func_data.ica/report/IC_32_MMfit.png","8ZsdJj9DPOeLtT51BtqOmgm4UsmcMthi"
"s3://hcp-openaccess/HCP_1200/506234/MNINonLinear/Results/rfMRI_REST1_RL/rfMRI_REST1_RL_hp2000.ica/filtered_func_data.ica/report/IC_32_prob.png","506234","MNINonLinear//Results/rfMRI_REST1_RL/rfMRI_REST1_RL_hp2000.ica/filtered_func_data.ica/report/IC_32_prob.png","CFE_IyFGjoHpA0JWHFWSYIChZmmhHa83"
"s3://hcp-openaccess/HCP_1200/506234/MNINonLinear/Results/rfMRI_REST1_RL/rfMRI_REST1_RL_hp2000.ica/filtered_func_data.ica/report/IC_32_thresh.png","506234","MNINonLinear//Results/rfMRI_REST1_RL/rfMRI_REST1_RL_hp2000.ica/filtered_func_data.ica/report/IC_32_thresh.png","5AH2wJPejGeHdpkH_2TQGG1bxWPiBgf5"
"s3://hcp-openaccess/HCP_1200/506234/MNINonLinear/Results/rfMRI_REST1_RL/rfMRI_REST1_RL_hp2000.ica/filtered_func_data.ica/report/IC_33.html","506234","MNINonLinear//Results/rfMRI_REST1_RL/rfMRI_REST1_RL_hp2000.ica/filtered_func_data.ica/report/IC_33.html","p5YEWcdjcuB3vmeHZkUemBq4STH_2Tu6"
"s3://hcp-openaccess/HCP_1200/506234/MNINonLinear/Results/rfMRI_REST1_RL/rfMRI_REST1_RL_hp2000.ica/filtered_func_data.ica/report/IC_33.png","506234","MNINonLinear//Results/rfMRI_REST1_RL/rfMRI_REST1_RL_hp2000.ica/filtered_func_data.ica/report/IC_33.png",".9YclBk_RzYjGyvNIxCP0jUjpHUliRbB"
"s3://hcp-openaccess/HCP_1200/506234/MNINonLinear/Results/rfMRI_REST1_RL/rfMRI_REST1_RL_hp2000.ica/filtered_func_data.ica/report/IC_33_MM.html","506234","MNINonLinear//Results/rfMRI_REST1_RL/rfMRI_REST1_RL_hp2000.ica/filtered_func_data.ica/report/IC_33_MM.html","biRUTOdqsfMQn77tBLcdzyjIitEyHH94"
"s3://hcp-openaccess/HCP_1200/506234/MNINonLinear/Results/rfMRI_REST1_RL/rfMRI_REST1_RL_hp2000.ica/filtered_func_data.ica/report/IC_33_MMfit.png","506234","MNINonLinear//Results/rfMRI_REST1_RL/rfMRI_REST1_RL_hp2000.ica/filtered_func_data.ica/report/IC_33_MMfit.png","74N4OsIqJfAjrOEqmCLItx3wyXao__HO"
"s3://hcp-openaccess/HCP_1200/506234/MNINonLinear/Results/rfMRI_REST1_RL/rfMRI_REST1_RL_hp2000.ica/filtered_func_data.ica/report/IC_33_prob.png","506234","MNINonLinear//Results/rfMRI_REST1_RL/rfMRI_REST1_RL_hp2000.ica/filtered_func_data.ica/report/IC_33_prob.png","J6K2DmoX6M_ZmGtptEq5v2SE_n_TgPii"
"s3://hcp-openaccess/HCP_1200/506234/MNINonLinear/Results/rfMRI_REST1_RL/rfMRI_REST1_RL_hp2000.ica/filtered_func_data.ica/report/IC_33_thresh.png","506234","MNINonLinear//Results/rfMRI_REST1_RL/rfMRI_REST1_RL_hp2000.ica/filtered_func_data.ica/report/IC_33_thresh.png","jvzsRaf7I0lcSoFiPZpdNklhCX6LJDNt"
"s3://hcp-openaccess/HCP_1200/506234/MNINonLinear/Results/rfMRI_REST1_RL/rfMRI_REST1_RL_hp2000.ica/filtered_func_data.ica/report/IC_34.html","506234","MNINonLinear//Results/rfMRI_REST1_RL/rfMRI_REST1_RL_hp2000.ica/filtered_func_data.ica/report/IC_34.html","fTxZMP2EUE1yj_mNHXux9xNY8OZjVNzl"
"s3://hcp-openaccess/HCP_1200/506234/MNINonLinear/Results/rfMRI_REST1_RL/rfMRI_REST1_RL_hp2000.ica/filtered_func_data.ica/report/IC_34.png","506234","MNINonLinear//Results/rfMRI_REST1_RL/rfMRI_REST1_RL_hp2000.ica/filtered_func_data.ica/report/IC_34.png","DrVFjHhmlACJpJuHiEQaZbw5IMH1HipP"
"s3://hcp-openaccess/HCP_1200/506234/MNINonLinear/Results/rfMRI_REST1_RL/rfMRI_REST1_RL_hp2000.ica/filtered_func_data.ica/report/IC_34_MM.html","506234","MNINonLinear//Results/rfMRI_REST1_RL/rfMRI_REST1_RL_hp2000.ica/filtered_func_data.ica/report/IC_34_MM.html","rm7.DVeJytBI9h64bYCgoQAvIrKNKWFY"
"s3://hcp-openaccess/HCP_1200/506234/MNINonLinear/Results/rfMRI_REST1_RL/rfMRI_REST1_RL_hp2000.ica/filtered_func_data.ica/report/IC_34_MMfit.png","506234","MNINonLinear//Results/rfMRI_REST1_RL/rfMRI_REST1_RL_hp2000.ica/filtered_func_data.ica/report/IC_34_MMfit.png","PeEPRHWY6hhmGAWkD5kvVE3nwiLAO8HG"
"s3://hcp-openaccess/HCP_1200/506234/MNINonLinear/Results/rfMRI_REST1_RL/rfMRI_REST1_RL_hp2000.ica/filtered_func_data.ica/report/IC_34_prob.png","506234","MNINonLinear//Results/rfMRI_REST1_RL/rfMRI_REST1_RL_hp2000.ica/filtered_func_data.ica/report/IC_34_prob.png","SmOmlhfVIy8k3ZQY3S_WUN5AOOmu_CRc"
"s3://hcp-openaccess/HCP_1200/506234/MNINonLinear/Results/rfMRI_REST1_RL/rfMRI_REST1_RL_hp2000.ica/filtered_func_data.ica/report/IC_34_thresh.png","506234","MNINonLinear//Results/rfMRI_REST1_RL/rfMRI_REST1_RL_hp2000.ica/filtered_func_data.ica/report/IC_34_thresh.png","KJ13W5fsSxZ2AkpLK2Cx5dTrE7I5b__K"
"s3://hcp-openaccess/HCP_1200/506234/MNINonLinear/Results/rfMRI_REST1_RL/rfMRI_REST1_RL_hp2000.ica/filtered_func_data.ica/report/IC_35.html","506234","MNINonLinear//Results/rfMRI_REST1_RL/rfMRI_REST1_RL_hp2000.ica/filtered_func_data.ica/report/IC_35.html","07hIj4_GEE3lFmI6x5UNQTXkU8jWlGDa"
"s3://hcp-openaccess/HCP_1200/506234/MNINonLinear/Results/rfMRI_REST1_RL/rfMRI_REST1_RL_hp2000.ica/filtered_func_data.ica/report/IC_35.png","506234","MNINonLinear//Results/rfMRI_REST1_RL/rfMRI_REST1_RL_hp2000.ica/filtered_func_data.ica/report/IC_35.png","FU_hIFgq1NxjOShBd2CUjYDoLDKf8SsC"
"s3://hcp-openaccess/HCP_1200/506234/MNINonLinear/Results/rfMRI_REST1_RL/rfMRI_REST1_RL_hp2000.ica/filtered_func_data.ica/report/IC_35_MM.html","506234","MNINonLinear//Results/rfMRI_REST1_RL/rfMRI_REST1_RL_hp2000.ica/filtered_func_data.ica/report/IC_35_MM.html","FBLHAVaE9vAe_PC9KL9ChMojJi.SfwBc"
"s3://hcp-openaccess/HCP_1200/506234/MNINonLinear/Results/rfMRI_REST1_RL/rfMRI_REST1_RL_hp2000.ica/filtered_func_data.ica/report/IC_35_MMfit.png","506234","MNINonLinear//Results/rfMRI_REST1_RL/rfMRI_REST1_RL_hp2000.ica/filtered_func_data.ica/report/IC_35_MMfit.png","cCd3v8LQlCTF24cmzQvdDucMK5M1FRgJ"
"s3://hcp-openaccess/HCP_1200/506234/MNINonLinear/Results/rfMRI_REST1_RL/rfMRI_REST1_RL_hp2000.ica/filtered_func_data.ica/report/IC_35_prob.png","506234","MNINonLinear//Results/rfMRI_REST1_RL/rfMRI_REST1_RL_hp2000.ica/filtered_func_data.ica/report/IC_35_prob.png","5yygGM4P9k9CXoJoodKYWd2xZY07lYDj"
"s3://hcp-openaccess/HCP_1200/506234/MNINonLinear/Results/rfMRI_REST1_RL/rfMRI_REST1_RL_hp2000.ica/filtered_func_data.ica/report/IC_35_thresh.png","506234","MNINonLinear//Results/rfMRI_REST1_RL/rfMRI_REST1_RL_hp2000.ica/filtered_func_data.ica/report/IC_35_thresh.png","xUG9fA.w9qu9bhrHSx92IlNymlDc0VJA"
"s3://hcp-openaccess/HCP_1200/506234/MNINonLinear/Results/rfMRI_REST1_RL/rfMRI_REST1_RL_hp2000.ica/filtered_func_data.ica/report/IC_36.html","506234","MNINonLinear//Results/rfMRI_REST1_RL/rfMRI_REST1_RL_hp2000.ica/filtered_func_data.ica/report/IC_36.html","G7dDVYDuy5TnmkrgS6Z6RKyY8RX455Lo"
"s3://hcp-openaccess/HCP_1200/506234/MNINonLinear/Results/rfMRI_REST1_RL/rfMRI_REST1_RL_hp2000.ica/filtered_func_data.ica/report/IC_36.png","506234","MNINonLinear//Results/rfMRI_REST1_RL/rfMRI_REST1_RL_hp2000.ica/filtered_func_data.ica/report/IC_36.png","kz7nNdglzA2VurQk0ghRdQZcfBeiCAa8"
"s3://hcp-openaccess/HCP_1200/506234/MNINonLinear/Results/rfMRI_REST1_RL/rfMRI_REST1_RL_hp2000.ica/filtered_func_data.ica/report/IC_36_MM.html","506234","MNINonLinear//Results/rfMRI_REST1_RL/rfMRI_REST1_RL_hp2000.ica/filtered_func_data.ica/report/IC_36_MM.html","5049xA1DiakUYbiHoZK8QaKNkkZtRui3"
"s3://hcp-openaccess/HCP_1200/506234/MNINonLinear/Results/rfMRI_REST1_RL/rfMRI_REST1_RL_hp2000.ica/filtered_func_data.ica/report/IC_36_MMfit.png","506234","MNINonLinear//Results/rfMRI_REST1_RL/rfMRI_REST1_RL_hp2000.ica/filtered_func_data.ica/report/IC_36_MMfit.png","lSwuTX46s6m2ZMGfb2ZJ6LBzRV6AFOVy"
"s3://hcp-openaccess/HCP_1200/506234/MNINonLinear/Results/rfMRI_REST1_RL/rfMRI_REST1_RL_hp2000.ica/filtered_func_data.ica/report/IC_36_prob.png","506234","MNINonLinear//Results/rfMRI_REST1_RL/rfMRI_REST1_RL_hp2000.ica/filtered_func_data.ica/report/IC_36_prob.png","ai7G6O0rRyk9_bmUoYsBBNCm7qDfXYkr"
"s3://hcp-openaccess/HCP_1200/506234/MNINonLinear/Results/rfMRI_REST1_RL/rfMRI_REST1_RL_hp2000.ica/filtered_func_data.ica/report/IC_36_thresh.png","506234","MNINonLinear//Results/rfMRI_REST1_RL/rfMRI_REST1_RL_hp2000.ica/filtered_func_data.ica/report/IC_36_thresh.png","F6UkYVk3NyKUDH8WBPVi3BHSE9e2K40H"
"s3://hcp-openaccess/HCP_1200/506234/MNINonLinear/Results/rfMRI_REST1_RL/rfMRI_REST1_RL_hp2000.ica/filtered_func_data.ica/report/IC_37.html","506234","MNINonLinear//Results/rfMRI_REST1_RL/rfMRI_REST1_RL_hp2000.ica/filtered_func_data.ica/report/IC_37.html","UMrhrKqEVlVPJoA5OpW1hEiw3MzBaYhf"
"s3://hcp-openaccess/HCP_1200/506234/MNINonLinear/Results/rfMRI_REST1_RL/rfMRI_REST1_RL_hp2000.ica/filtered_func_data.ica/report/IC_37.png","506234","MNINonLinear//Results/rfMRI_REST1_RL/rfMRI_REST1_RL_hp2000.ica/filtered_func_data.ica/report/IC_37.png","XOmkLLbfa0.jgY4XF.CcSavQDr3yusmd"
"s3://hcp-openaccess/HCP_1200/506234/MNINonLinear/Results/rfMRI_REST1_RL/rfMRI_REST1_RL_hp2000.ica/filtered_func_data.ica/report/IC_37_MM.html","506234","MNINonLinear//Results/rfMRI_REST1_RL/rfMRI_REST1_RL_hp2000.ica/filtered_func_data.ica/report/IC_37_MM.html","qO5pyp2PnM78vWN6GOJU0QhzIKyn2UKd"
"s3://hcp-openaccess/HCP_1200/506234/MNINonLinear/Results/rfMRI_REST1_RL/rfMRI_REST1_RL_hp2000.ica/filtered_func_data.ica/report/IC_37_MMfit.png","506234","MNINonLinear//Results/rfMRI_REST1_RL/rfMRI_REST1_RL_hp2000.ica/filtered_func_data.ica/report/IC_37_MMfit.png","QPxQZ7ogUWin80VuRPA6LneATpHP2ZUN"
"s3://hcp-openaccess/HCP_1200/506234/MNINonLinear/Results/rfMRI_REST1_RL/rfMRI_REST1_RL_hp2000.ica/filtered_func_data.ica/report/IC_37_prob.png","506234","MNINonLinear//Results/rfMRI_REST1_RL/rfMRI_REST1_RL_hp2000.ica/filtered_func_data.ica/report/IC_37_prob.png","xH.ylml0xv.bjsU_LvPnEGeta.ecMfsJ"
"s3://hcp-openaccess/HCP_1200/506234/MNINonLinear/Results/rfMRI_REST1_RL/rfMRI_REST1_RL_hp2000.ica/filtered_func_data.ica/report/IC_37_thresh.png","506234","MNINonLinear//Results/rfMRI_REST1_RL/rfMRI_REST1_RL_hp2000.ica/filtered_func_data.ica/report/IC_37_thresh.png","WjxRlOC9q2ToNrtpeR490qwUmBvpUEQj"
"s3://hcp-openaccess/HCP_1200/506234/MNINonLinear/Results/rfMRI_REST1_RL/rfMRI_REST1_RL_hp2000.ica/filtered_func_data.ica/report/IC_38.html","506234","MNINonLinear//Results/rfMRI_REST1_RL/rfMRI_REST1_RL_hp2000.ica/filtered_func_data.ica/report/IC_38.html","tdq1e54WVWNK7t2vpRUvZwH.8ALFafXQ"
"s3://hcp-openaccess/HCP_1200/506234/MNINonLinear/Results/rfMRI_REST1_RL/rfMRI_REST1_RL_hp2000.ica/filtered_func_data.ica/report/IC_38.png","506234","MNINonLinear//Results/rfMRI_REST1_RL/rfMRI_REST1_RL_hp2000.ica/filtered_func_data.ica/report/IC_38.png","F7HAJohQgciOIL3BkjCT.WqiuGOT0T94"
"s3://hcp-openaccess/HCP_1200/506234/MNINonLinear/Results/rfMRI_REST1_RL/rfMRI_REST1_RL_hp2000.ica/filtered_func_data.ica/report/IC_38_MM.html","506234","MNINonLinear//Results/rfMRI_REST1_RL/rfMRI_REST1_RL_hp2000.ica/filtered_func_data.ica/report/IC_38_MM.html","31W.yVMT4UcqFeADMNUVBTYep5tsXGVh"
"s3://hcp-openaccess/HCP_1200/506234/MNINonLinear/Results/rfMRI_REST1_RL/rfMRI_REST1_RL_hp2000.ica/filtered_func_data.ica/report/IC_38_MMfit.png","506234","MNINonLinear//Results/rfMRI_REST1_RL/rfMRI_REST1_RL_hp2000.ica/filtered_func_data.ica/report/IC_38_MMfit.png","apHLUO8mnOzsQFtCg.Svk5.kTDdVRLe4"
"s3://hcp-openaccess/HCP_1200/506234/MNINonLinear/Results/rfMRI_REST1_RL/rfMRI_REST1_RL_hp2000.ica/filtered_func_data.ica/report/IC_38_prob.png","506234","MNINonLinear//Results/rfMRI_REST1_RL/rfMRI_REST1_RL_hp2000.ica/filtered_func_data.ica/report/IC_38_prob.png","cNbfMmEtV26zWQwsfbIvb5Ty4Ju_4m7H"
"s3://hcp-openaccess/HCP_1200/506234/MNINonLinear/Results/rfMRI_REST1_RL/rfMRI_REST1_RL_hp2000.ica/filtered_func_data.ica/report/IC_38_thresh.png","506234","MNINonLinear//Results/rfMRI_REST1_RL/rfMRI_REST1_RL_hp2000.ica/filtered_func_data.ica/report/IC_38_thresh.png","dBNvstXFP.tEJEGAM56y6HJGX.PrWLKT"
"s3://hcp-openaccess/HCP_1200/506234/MNINonLinear/Results/rfMRI_REST1_RL/rfMRI_REST1_RL_hp2000.ica/filtered_func_data.ica/report/IC_39.html","506234","MNINonLinear//Results/rfMRI_REST1_RL/rfMRI_REST1_RL_hp2000.ica/filtered_func_data.ica/report/IC_39.html","y3kxC2O_QQ0vwc2JIKRIdFTfmfBRWCzq"
"s3://hcp-openaccess/HCP_1200/506234/MNINonLinear/Results/rfMRI_REST1_RL/rfMRI_REST1_RL_hp2000.ica/filtered_func_data.ica/report/IC_39.png","506234","MNINonLinear//Results/rfMRI_REST1_RL/rfMRI_REST1_RL_hp2000.ica/filtered_func_data.ica/report/IC_39.png","5irSidt_m4q.sENt416UhZWxhUcUTMBH"
"s3://hcp-openaccess/HCP_1200/506234/MNINonLinear/Results/rfMRI_REST1_RL/rfMRI_REST1_RL_hp2000.ica/filtered_func_data.ica/report/IC_39_MM.html","506234","MNINonLinear//Results/rfMRI_REST1_RL/rfMRI_REST1_RL_hp2000.ica/filtered_func_data.ica/report/IC_39_MM.html","g73w32227Sr5gFZCh4cYNg6Sd6OonDS4"
"s3://hcp-openaccess/HCP_1200/506234/MNINonLinear/Results/rfMRI_REST1_RL/rfMRI_REST1_RL_hp2000.ica/filtered_func_data.ica/report/IC_39_MMfit.png","506234","MNINonLinear//Results/rfMRI_REST1_RL/rfMRI_REST1_RL_hp2000.ica/filtered_func_data.ica/report/IC_39_MMfit.png","ONTahywUQ9OOePVWq0ZOfUjPzuLVb59l"
"s3://hcp-openaccess/HCP_1200/506234/MNINonLinear/Results/rfMRI_REST1_RL/rfMRI_REST1_RL_hp2000.ica/filtered_func_data.ica/report/IC_39_prob.png","506234","MNINonLinear//Results/rfMRI_REST1_RL/rfMRI_REST1_RL_hp2000.ica/filtered_func_data.ica/report/IC_39_prob.png","LdTuZwfdf2xYe4_Uz.EnTBF9A8tvY7EO"
"s3://hcp-openaccess/HCP_1200/506234/MNINonLinear/Results/rfMRI_REST1_RL/rfMRI_REST1_RL_hp2000.ica/filtered_func_data.ica/report/IC_39_thresh.png","506234","MNINonLinear//Results/rfMRI_REST1_RL/rfMRI_REST1_RL_hp2000.ica/filtered_func_data.ica/report/IC_39_thresh.png","ZWtyw_1ztQ1qXV2yqVh7qg8AK0HUIvto"
"s3://hcp-openaccess/HCP_1200/506234/MNINonLinear/Results/rfMRI_REST1_RL/rfMRI_REST1_RL_hp2000.ica/filtered_func_data.ica/report/IC_3_MM.html","506234","MNINonLinear//Results/rfMRI_REST1_RL/rfMRI_REST1_RL_hp2000.ica/filtered_func_data.ica/report/IC_3_MM.html","aNvobT0Vuis1KxXrDMsoikVu0emXjuQM"
"s3://hcp-openaccess/HCP_1200/506234/MNINonLinear/Results/rfMRI_REST1_RL/rfMRI_REST1_RL_hp2000.ica/filtered_func_data.ica/report/IC_3_MMfit.png","506234","MNINonLinear//Results/rfMRI_REST1_RL/rfMRI_REST1_RL_hp2000.ica/filtered_func_data.ica/report/IC_3_MMfit.png","yXx6htjxway0yo.GASNMk8yLsVN3dEfr"
"s3://hcp-openaccess/HCP_1200/506234/MNINonLinear/Results/rfMRI_REST1_RL/rfMRI_REST1_RL_hp2000.ica/filtered_func_data.ica/report/IC_3_prob.png","506234","MNINonLinear//Results/rfMRI_REST1_RL/rfMRI_REST1_RL_hp2000.ica/filtered_func_data.ica/report/IC_3_prob.png","bHOKaBDecV9rUrbKccMV5GAwcIA54PZz"
"s3://hcp-openaccess/HCP_1200/506234/MNINonLinear/Results/rfMRI_REST1_RL/rfMRI_REST1_RL_hp2000.ica/filtered_func_data.ica/report/IC_3_thresh.png","506234","MNINonLinear//Results/rfMRI_REST1_RL/rfMRI_REST1_RL_hp2000.ica/filtered_func_data.ica/report/IC_3_thresh.png","kpNnRH_Y9NldNQ2j.aGIL824zWQG0NYC"
"s3://hcp-openaccess/HCP_1200/506234/MNINonLinear/Results/rfMRI_REST1_RL/rfMRI_REST1_RL_hp2000.ica/filtered_func_data.ica/report/IC_4.html","506234","MNINonLinear//Results/rfMRI_REST1_RL/rfMRI_REST1_RL_hp2000.ica/filtered_func_data.ica/report/IC_4.html","owMncNe6rPOwGpIsemVMfMF3E10EpJsS"
"s3://hcp-openaccess/HCP_1200/506234/MNINonLinear/Results/rfMRI_REST1_RL/rfMRI_REST1_RL_hp2000.ica/filtered_func_data.ica/report/IC_4.png","506234","MNINonLinear//Results/rfMRI_REST1_RL/rfMRI_REST1_RL_hp2000.ica/filtered_func_data.ica/report/IC_4.png","39qHQ2hQ5_R3vLT0.OeuxhCfMT28xd7F"
"s3://hcp-openaccess/HCP_1200/506234/MNINonLinear/Results/rfMRI_REST1_RL/rfMRI_REST1_RL_hp2000.ica/filtered_func_data.ica/report/IC_40.html","506234","MNINonLinear//Results/rfMRI_REST1_RL/rfMRI_REST1_RL_hp2000.ica/filtered_func_data.ica/report/IC_40.html","44vIT.EK86w5.EiOW6P4Rr269K_vR9n5"
"s3://hcp-openaccess/HCP_1200/506234/MNINonLinear/Results/rfMRI_REST1_RL/rfMRI_REST1_RL_hp2000.ica/filtered_func_data.ica/report/IC_40.png","506234","MNINonLinear//Results/rfMRI_REST1_RL/rfMRI_REST1_RL_hp2000.ica/filtered_func_data.ica/report/IC_40.png","PWAGXk5UPqsUNlxZ6xOx5_7CWddguFIT"
"s3://hcp-openaccess/HCP_1200/506234/MNINonLinear/Results/rfMRI_REST1_RL/rfMRI_REST1_RL_hp2000.ica/filtered_func_data.ica/report/IC_40_MM.html","506234","MNINonLinear//Results/rfMRI_REST1_RL/rfMRI_REST1_RL_hp2000.ica/filtered_func_data.ica/report/IC_40_MM.html","SPUvqMqqbCQNa87gQll8r4wyd5Uihjux"
"s3://hcp-openaccess/HCP_1200/506234/MNINonLinear/Results/rfMRI_REST1_RL/rfMRI_REST1_RL_hp2000.ica/filtered_func_data.ica/report/IC_40_MMfit.png","506234","MNINonLinear//Results/rfMRI_REST1_RL/rfMRI_REST1_RL_hp2000.ica/filtered_func_data.ica/report/IC_40_MMfit.png","IB2Edg271JhRu39ScZLqXbF6rcp.wflL"
"s3://hcp-openaccess/HCP_1200/506234/MNINonLinear/Results/rfMRI_REST1_RL/rfMRI_REST1_RL_hp2000.ica/filtered_func_data.ica/report/IC_40_prob.png","506234","MNINonLinear//Results/rfMRI_REST1_RL/rfMRI_REST1_RL_hp2000.ica/filtered_func_data.ica/report/IC_40_prob.png","QXb2vXsQ4Upqvd649QIJM0W1o8A9Dq0z"
"s3://hcp-openaccess/HCP_1200/506234/MNINonLinear/Results/rfMRI_REST1_RL/rfMRI_REST1_RL_hp2000.ica/filtered_func_data.ica/report/IC_40_thresh.png","506234","MNINonLinear//Results/rfMRI_REST1_RL/rfMRI_REST1_RL_hp2000.ica/filtered_func_data.ica/report/IC_40_thresh.png","250gKqEl5hFjIgk8hDgtQnxqGgcPlK.1"
"s3://hcp-openaccess/HCP_1200/506234/MNINonLinear/Results/rfMRI_REST1_RL/rfMRI_REST1_RL_hp2000.ica/filtered_func_data.ica/report/IC_41.html","506234","MNINonLinear//Results/rfMRI_REST1_RL/rfMRI_REST1_RL_hp2000.ica/filtered_func_data.ica/report/IC_41.html","HTxk7HYHaIxjUOTmR3HV_irVkJ7EqGvc"
"s3://hcp-openaccess/HCP_1200/506234/MNINonLinear/Results/rfMRI_REST1_RL/rfMRI_REST1_RL_hp2000.ica/filtered_func_data.ica/report/IC_41.png","506234","MNINonLinear//Results/rfMRI_REST1_RL/rfMRI_REST1_RL_hp2000.ica/filtered_func_data.ica/report/IC_41.png","zdO8JuL0wqJnVzApQn_anf6l6TH1mr7X"
"s3://hcp-openaccess/HCP_1200/506234/MNINonLinear/Results/rfMRI_REST1_RL/rfMRI_REST1_RL_hp2000.ica/filtered_func_data.ica/report/IC_41_MM.html","506234","MNINonLinear//Results/rfMRI_REST1_RL/rfMRI_REST1_RL_hp2000.ica/filtered_func_data.ica/report/IC_41_MM.html","QTZc_vXKSDGHwLjDsX0_RkJDsxxIGbeG"
"s3://hcp-openaccess/HCP_1200/506234/MNINonLinear/Results/rfMRI_REST1_RL/rfMRI_REST1_RL_hp2000.ica/filtered_func_data.ica/report/IC_41_MMfit.png","506234","MNINonLinear//Results/rfMRI_REST1_RL/rfMRI_REST1_RL_hp2000.ica/filtered_func_data.ica/report/IC_41_MMfit.png","RYkypvO2d5yRW.1tHtEIBbgmf9D5NtVX"
"s3://hcp-openaccess/HCP_1200/506234/MNINonLinear/Results/rfMRI_REST1_RL/rfMRI_REST1_RL_hp2000.ica/filtered_func_data.ica/report/IC_41_prob.png","506234","MNINonLinear//Results/rfMRI_REST1_RL/rfMRI_REST1_RL_hp2000.ica/filtered_func_data.ica/report/IC_41_prob.png","VRTU.D95xO6k6VkG.Ga5ub297_M5BiCc"
"s3://hcp-openaccess/HCP_1200/506234/MNINonLinear/Results/rfMRI_REST1_RL/rfMRI_REST1_RL_hp2000.ica/filtered_func_data.ica/report/IC_41_thresh.png","506234","MNINonLinear//Results/rfMRI_REST1_RL/rfMRI_REST1_RL_hp2000.ica/filtered_func_data.ica/report/IC_41_thresh.png","cT1_JmL8f1JiHXfrUxNaGp7pmm6pdizq"
"s3://hcp-openaccess/HCP_1200/506234/MNINonLinear/Results/rfMRI_REST1_RL/rfMRI_REST1_RL_hp2000.ica/filtered_func_data.ica/report/IC_42.html","506234","MNINonLinear//Results/rfMRI_REST1_RL/rfMRI_REST1_RL_hp2000.ica/filtered_func_data.ica/report/IC_42.html","PGH9.s8BOfuwh9pq326fFD8JFbyT6Omv"
"s3://hcp-openaccess/HCP_1200/506234/MNINonLinear/Results/rfMRI_REST1_RL/rfMRI_REST1_RL_hp2000.ica/filtered_func_data.ica/report/IC_42.png","506234","MNINonLinear//Results/rfMRI_REST1_RL/rfMRI_REST1_RL_hp2000.ica/filtered_func_data.ica/report/IC_42.png","maojftq0qwxLn697AZuy_QcVKoWL69Tr"
"s3://hcp-openaccess/HCP_1200/506234/MNINonLinear/Results/rfMRI_REST1_RL/rfMRI_REST1_RL_hp2000.ica/filtered_func_data.ica/report/IC_42_MM.html","506234","MNINonLinear//Results/rfMRI_REST1_RL/rfMRI_REST1_RL_hp2000.ica/filtered_func_data.ica/report/IC_42_MM.html","HCbI8Okm8l9ltfBPs9q8uJd4.lhw.0dW"
"s3://hcp-openaccess/HCP_1200/506234/MNINonLinear/Results/rfMRI_REST1_RL/rfMRI_REST1_RL_hp2000.ica/filtered_func_data.ica/report/IC_42_MMfit.png","506234","MNINonLinear//Results/rfMRI_REST1_RL/rfMRI_REST1_RL_hp2000.ica/filtered_func_data.ica/report/IC_42_MMfit.png","UKUbW2iCLn9ksB6WKxZZvEV90CAIVjpV"
"s3://hcp-openaccess/HCP_1200/506234/MNINonLinear/Results/rfMRI_REST1_RL/rfMRI_REST1_RL_hp2000.ica/filtered_func_data.ica/report/IC_42_prob.png","506234","MNINonLinear//Results/rfMRI_REST1_RL/rfMRI_REST1_RL_hp2000.ica/filtered_func_data.ica/report/IC_42_prob.png","FWWUUf2fP90oDFOSW5UNQoUF.HrotC55"
"s3://hcp-openaccess/HCP_1200/506234/MNINonLinear/Results/rfMRI_REST1_RL/rfMRI_REST1_RL_hp2000.ica/filtered_func_data.ica/report/IC_42_thresh.png","506234","MNINonLinear//Results/rfMRI_REST1_RL/rfMRI_REST1_RL_hp2000.ica/filtered_func_data.ica/report/IC_42_thresh.png","tU4lzlJNSjF0OMQUUt3GyBEqcuu6Ide8"
"s3://hcp-openaccess/HCP_1200/506234/MNINonLinear/Results/rfMRI_REST1_RL/rfMRI_REST1_RL_hp2000.ica/filtered_func_data.ica/report/IC_43.html","506234","MNINonLinear//Results/rfMRI_REST1_RL/rfMRI_REST1_RL_hp2000.ica/filtered_func_data.ica/report/IC_43.html","3m0Z43eJqhTuRtzRs9RU2Zs5GXLCzPpL"
"s3://hcp-openaccess/HCP_1200/506234/MNINonLinear/Results/rfMRI_REST1_RL/rfMRI_REST1_RL_hp2000.ica/filtered_func_data.ica/report/IC_43.png","506234","MNINonLinear//Results/rfMRI_REST1_RL/rfMRI_REST1_RL_hp2000.ica/filtered_func_data.ica/report/IC_43.png","wXgREppzP5ki8W8Mr.TUSkH45UAOBOzT"
"s3://hcp-openaccess/HCP_1200/506234/MNINonLinear/Results/rfMRI_REST1_RL/rfMRI_REST1_RL_hp2000.ica/filtered_func_data.ica/report/IC_43_MM.html","506234","MNINonLinear//Results/rfMRI_REST1_RL/rfMRI_REST1_RL_hp2000.ica/filtered_func_data.ica/report/IC_43_MM.html","4xPfZK4zqgXHcN3XvUS.3qVer9MyUKR8"
"s3://hcp-openaccess/HCP_1200/506234/MNINonLinear/Results/rfMRI_REST1_RL/rfMRI_REST1_RL_hp2000.ica/filtered_func_data.ica/report/IC_43_MMfit.png","506234","MNINonLinear//Results/rfMRI_REST1_RL/rfMRI_REST1_RL_hp2000.ica/filtered_func_data.ica/report/IC_43_MMfit.png","TseQw7R.nDhL64jD3d8xI0XotG5hRvpq"
"s3://hcp-openaccess/HCP_1200/506234/MNINonLinear/Results/rfMRI_REST1_RL/rfMRI_REST1_RL_hp2000.ica/filtered_func_data.ica/report/IC_43_prob.png","506234","MNINonLinear//Results/rfMRI_REST1_RL/rfMRI_REST1_RL_hp2000.ica/filtered_func_data.ica/report/IC_43_prob.png","civp41iEci8qL2qT.UwW0wuhmPuRaEOm"
"s3://hcp-openaccess/HCP_1200/506234/MNINonLinear/Results/rfMRI_REST1_RL/rfMRI_REST1_RL_hp2000.ica/filtered_func_data.ica/report/IC_43_thresh.png","506234","MNINonLinear//Results/rfMRI_REST1_RL/rfMRI_REST1_RL_hp2000.ica/filtered_func_data.ica/report/IC_43_thresh.png","i7dKTeAnMkgBbrCYAK6nkn8_68NahOLu"
"s3://hcp-openaccess/HCP_1200/506234/MNINonLinear/Results/rfMRI_REST1_RL/rfMRI_REST1_RL_hp2000.ica/filtered_func_data.ica/report/IC_44.html","506234","MNINonLinear//Results/rfMRI_REST1_RL/rfMRI_REST1_RL_hp2000.ica/filtered_func_data.ica/report/IC_44.html","DS3m483GIcLfc7JLVadLpjTtogfmORrC"
"s3://hcp-openaccess/HCP_1200/506234/MNINonLinear/Results/rfMRI_REST1_RL/rfMRI_REST1_RL_hp2000.ica/filtered_func_data.ica/report/IC_44.png","506234","MNINonLinear//Results/rfMRI_REST1_RL/rfMRI_REST1_RL_hp2000.ica/filtered_func_data.ica/report/IC_44.png","mCJjL44.3uskX1yBG5irGQodD6829AD1"
"s3://hcp-openaccess/HCP_1200/506234/MNINonLinear/Results/rfMRI_REST1_RL/rfMRI_REST1_RL_hp2000.ica/filtered_func_data.ica/report/IC_44_MM.html","506234","MNINonLinear//Results/rfMRI_REST1_RL/rfMRI_REST1_RL_hp2000.ica/filtered_func_data.ica/report/IC_44_MM.html","Mx8R40c6j47L__pV6zO.MQxjLOncZbFk"
"s3://hcp-openaccess/HCP_1200/506234/MNINonLinear/Results/rfMRI_REST1_RL/rfMRI_REST1_RL_hp2000.ica/filtered_func_data.ica/report/IC_44_MMfit.png","506234","MNINonLinear//Results/rfMRI_REST1_RL/rfMRI_REST1_RL_hp2000.ica/filtered_func_data.ica/report/IC_44_MMfit.png","Z3Hqo5KjrZs_SB6BENjrB4d5PAS68vIp"
"s3://hcp-openaccess/HCP_1200/506234/MNINonLinear/Results/rfMRI_REST1_RL/rfMRI_REST1_RL_hp2000.ica/filtered_func_data.ica/report/IC_44_prob.png","506234","MNINonLinear//Results/rfMRI_REST1_RL/rfMRI_REST1_RL_hp2000.ica/filtered_func_data.ica/report/IC_44_prob.png","U7dNHZy5VQNXHGHvc2HaPwOpbzdiGFsb"
"s3://hcp-openaccess/HCP_1200/506234/MNINonLinear/Results/rfMRI_REST1_RL/rfMRI_REST1_RL_hp2000.ica/filtered_func_data.ica/report/IC_44_thresh.png","506234","MNINonLinear//Results/rfMRI_REST1_RL/rfMRI_REST1_RL_hp2000.ica/filtered_func_data.ica/report/IC_44_thresh.png","LM72lDZcoaMTnVcPyLj7JR.tZwA0eJKq"
"s3://hcp-openaccess/HCP_1200/506234/MNINonLinear/Results/rfMRI_REST1_RL/rfMRI_REST1_RL_hp2000.ica/filtered_func_data.ica/report/IC_45.html","506234","MNINonLinear//Results/rfMRI_REST1_RL/rfMRI_REST1_RL_hp2000.ica/filtered_func_data.ica/report/IC_45.html","c9mz9fWyZpKvWucCZMWS2v2YPiJ3m4Ja"
"s3://hcp-openaccess/HCP_1200/506234/MNINonLinear/Results/rfMRI_REST1_RL/rfMRI_REST1_RL_hp2000.ica/filtered_func_data.ica/report/IC_45.png","506234","MNINonLinear//Results/rfMRI_REST1_RL/rfMRI_REST1_RL_hp2000.ica/filtered_func_data.ica/report/IC_45.png","iRFliOjrAyYChSYwZP96t2P.Yn1aX0Np"
"s3://hcp-openaccess/HCP_1200/506234/MNINonLinear/Results/rfMRI_REST1_RL/rfMRI_REST1_RL_hp2000.ica/filtered_func_data.ica/report/IC_45_MM.html","506234","MNINonLinear//Results/rfMRI_REST1_RL/rfMRI_REST1_RL_hp2000.ica/filtered_func_data.ica/report/IC_45_MM.html","fbZ48O8qWOT6uflOXkaIsS3K4M4GStG4"
"s3://hcp-openaccess/HCP_1200/506234/MNINonLinear/Results/rfMRI_REST1_RL/rfMRI_REST1_RL_hp2000.ica/filtered_func_data.ica/report/IC_45_MMfit.png","506234","MNINonLinear//Results/rfMRI_REST1_RL/rfMRI_REST1_RL_hp2000.ica/filtered_func_data.ica/report/IC_45_MMfit.png",".gL7sW9Lc8BdWnSIyln88uiooDi.7DkR"
"s3://hcp-openaccess/HCP_1200/506234/MNINonLinear/Results/rfMRI_REST1_RL/rfMRI_REST1_RL_hp2000.ica/filtered_func_data.ica/report/IC_45_prob.png","506234","MNINonLinear//Results/rfMRI_REST1_RL/rfMRI_REST1_RL_hp2000.ica/filtered_func_data.ica/report/IC_45_prob.png","azhVpEnpVnxhMjIBIqaaZgCypu2_wLqN"
"s3://hcp-openaccess/HCP_1200/506234/MNINonLinear/Results/rfMRI_REST1_RL/rfMRI_REST1_RL_hp2000.ica/filtered_func_data.ica/report/IC_45_thresh.png","506234","MNINonLinear//Results/rfMRI_REST1_RL/rfMRI_REST1_RL_hp2000.ica/filtered_func_data.ica/report/IC_45_thresh.png","ZUoSCtoelOA_GpwRBeG1lQdpEu8IhGNp"
"s3://hcp-openaccess/HCP_1200/506234/MNINonLinear/Results/rfMRI_REST1_RL/rfMRI_REST1_RL_hp2000.ica/filtered_func_data.ica/report/IC_46.html","506234","MNINonLinear//Results/rfMRI_REST1_RL/rfMRI_REST1_RL_hp2000.ica/filtered_func_data.ica/report/IC_46.html","x3t5tA8FtOyFbLN56miGblhrRGS1qguZ"
"s3://hcp-openaccess/HCP_1200/506234/MNINonLinear/Results/rfMRI_REST1_RL/rfMRI_REST1_RL_hp2000.ica/filtered_func_data.ica/report/IC_46.png","506234","MNINonLinear//Results/rfMRI_REST1_RL/rfMRI_REST1_RL_hp2000.ica/filtered_func_data.ica/report/IC_46.png","CS31_8T1PqSi.BExQyYcMTVLhJeuOA63"
"s3://hcp-openaccess/HCP_1200/506234/MNINonLinear/Results/rfMRI_REST1_RL/rfMRI_REST1_RL_hp2000.ica/filtered_func_data.ica/report/IC_46_MM.html","506234","MNINonLinear//Results/rfMRI_REST1_RL/rfMRI_REST1_RL_hp2000.ica/filtered_func_data.ica/report/IC_46_MM.html","v.9GthzUzwh.1vnjCP6wLioEGlwbdMzY"
"s3://hcp-openaccess/HCP_1200/506234/MNINonLinear/Results/rfMRI_REST1_RL/rfMRI_REST1_RL_hp2000.ica/filtered_func_data.ica/report/IC_46_MMfit.png","506234","MNINonLinear//Results/rfMRI_REST1_RL/rfMRI_REST1_RL_hp2000.ica/filtered_func_data.ica/report/IC_46_MMfit.png","a5hh4NQPo02oDUJixZ.ELB0RcvYUP2Ao"
"s3://hcp-openaccess/HCP_1200/506234/MNINonLinear/Results/rfMRI_REST1_RL/rfMRI_REST1_RL_hp2000.ica/filtered_func_data.ica/report/IC_46_prob.png","506234","MNINonLinear//Results/rfMRI_REST1_RL/rfMRI_REST1_RL_hp2000.ica/filtered_func_data.ica/report/IC_46_prob.png","c0OJMzzZi1AEtx3Ha9O2P.eXJUYjtGMi"
"s3://hcp-openaccess/HCP_1200/506234/MNINonLinear/Results/rfMRI_REST1_RL/rfMRI_REST1_RL_hp2000.ica/filtered_func_data.ica/report/IC_46_thresh.png","506234","MNINonLinear//Results/rfMRI_REST1_RL/rfMRI_REST1_RL_hp2000.ica/filtered_func_data.ica/report/IC_46_thresh.png","lt6PW9IJDJWyF0lnQ5cLIUZgbd.QBjbm"
"s3://hcp-openaccess/HCP_1200/506234/MNINonLinear/Results/rfMRI_REST1_RL/rfMRI_REST1_RL_hp2000.ica/filtered_func_data.ica/report/IC_47.html","506234","MNINonLinear//Results/rfMRI_REST1_RL/rfMRI_REST1_RL_hp2000.ica/filtered_func_data.ica/report/IC_47.html","xiNve1cOUhEF1D9HuG.bbycM9AgjMW2L"
"s3://hcp-openaccess/HCP_1200/506234/MNINonLinear/Results/rfMRI_REST1_RL/rfMRI_REST1_RL_hp2000.ica/filtered_func_data.ica/report/IC_47.png","506234","MNINonLinear//Results/rfMRI_REST1_RL/rfMRI_REST1_RL_hp2000.ica/filtered_func_data.ica/report/IC_47.png",".YGuoPryCDcM0D3km9VZ0WLLmW0doTEs"
"s3://hcp-openaccess/HCP_1200/506234/MNINonLinear/Results/rfMRI_REST1_RL/rfMRI_REST1_RL_hp2000.ica/filtered_func_data.ica/report/IC_47_MM.html","506234","MNINonLinear//Results/rfMRI_REST1_RL/rfMRI_REST1_RL_hp2000.ica/filtered_func_data.ica/report/IC_47_MM.html","XXYmlzBKTaVB0w3vy8qVlwASHC.g8KTD"
"s3://hcp-openaccess/HCP_1200/506234/MNINonLinear/Results/rfMRI_REST1_RL/rfMRI_REST1_RL_hp2000.ica/filtered_func_data.ica/report/IC_47_MMfit.png","506234","MNINonLinear//Results/rfMRI_REST1_RL/rfMRI_REST1_RL_hp2000.ica/filtered_func_data.ica/report/IC_47_MMfit.png","cyBvnuCEk6v27l6OujuD0TnmuCz3Z9.w"
"s3://hcp-openaccess/HCP_1200/506234/MNINonLinear/Results/rfMRI_REST1_RL/rfMRI_REST1_RL_hp2000.ica/filtered_func_data.ica/report/IC_47_prob.png","506234","MNINonLinear//Results/rfMRI_REST1_RL/rfMRI_REST1_RL_hp2000.ica/filtered_func_data.ica/report/IC_47_prob.png","uVGWMjHZo18.25ubbTO8CHIFFx4dP35T"
"s3://hcp-openaccess/HCP_1200/506234/MNINonLinear/Results/rfMRI_REST1_RL/rfMRI_REST1_RL_hp2000.ica/filtered_func_data.ica/report/IC_47_thresh.png","506234","MNINonLinear//Results/rfMRI_REST1_RL/rfMRI_REST1_RL_hp2000.ica/filtered_func_data.ica/report/IC_47_thresh.png","bDc60gMan.fPYRq50PPNM8EKi.xbbdDl"
"s3://hcp-openaccess/HCP_1200/506234/MNINonLinear/Results/rfMRI_REST1_RL/rfMRI_REST1_RL_hp2000.ica/filtered_func_data.ica/report/IC_48.html","506234","MNINonLinear//Results/rfMRI_REST1_RL/rfMRI_REST1_RL_hp2000.ica/filtered_func_data.ica/report/IC_48.html","j3OcidwoHIfw7RL840_NvCoFxgpI8QWV"
"s3://hcp-openaccess/HCP_1200/506234/MNINonLinear/Results/rfMRI_REST1_RL/rfMRI_REST1_RL_hp2000.ica/filtered_func_data.ica/report/IC_48.png","506234","MNINonLinear//Results/rfMRI_REST1_RL/rfMRI_REST1_RL_hp2000.ica/filtered_func_data.ica/report/IC_48.png","yjlBiiwB_YJbAOAsjQ24EqEKje69QfbR"
"s3://hcp-openaccess/HCP_1200/506234/MNINonLinear/Results/rfMRI_REST1_RL/rfMRI_REST1_RL_hp2000.ica/filtered_func_data.ica/report/IC_48_MM.html","506234","MNINonLinear//Results/rfMRI_REST1_RL/rfMRI_REST1_RL_hp2000.ica/filtered_func_data.ica/report/IC_48_MM.html","GwEiai05ZuG.fduGOmIyLjyUUo6DTsdb"
"s3://hcp-openaccess/HCP_1200/506234/MNINonLinear/Results/rfMRI_REST1_RL/rfMRI_REST1_RL_hp2000.ica/filtered_func_data.ica/report/IC_48_MMfit.png","506234","MNINonLinear//Results/rfMRI_REST1_RL/rfMRI_REST1_RL_hp2000.ica/filtered_func_data.ica/report/IC_48_MMfit.png","DuMTkHTXfAl_bAMcPAQCT8YO3CGWATMN"
"s3://hcp-openaccess/HCP_1200/506234/MNINonLinear/Results/rfMRI_REST1_RL/rfMRI_REST1_RL_hp2000.ica/filtered_func_data.ica/report/IC_48_prob.png","506234","MNINonLinear//Results/rfMRI_REST1_RL/rfMRI_REST1_RL_hp2000.ica/filtered_func_data.ica/report/IC_48_prob.png","gIvzJvp92kr_MrJihKwX.O9P9qHU6H2e"
"s3://hcp-openaccess/HCP_1200/506234/MNINonLinear/Results/rfMRI_REST1_RL/rfMRI_REST1_RL_hp2000.ica/filtered_func_data.ica/report/IC_48_thresh.png","506234","MNINonLinear//Results/rfMRI_REST1_RL/rfMRI_REST1_RL_hp2000.ica/filtered_func_data.ica/report/IC_48_thresh.png","5oH8.L.k9soj36rwR.1X78wD8UnHczcj"
"s3://hcp-openaccess/HCP_1200/506234/MNINonLinear/Results/rfMRI_REST1_RL/rfMRI_REST1_RL_hp2000.ica/filtered_func_data.ica/report/IC_49.html","506234","MNINonLinear//Results/rfMRI_REST1_RL/rfMRI_REST1_RL_hp2000.ica/filtered_func_data.ica/report/IC_49.html","wmhleWt7mrS6.3QgJ3Hz0p1_9W7CEBsG"
"s3://hcp-openaccess/HCP_1200/506234/MNINonLinear/Results/rfMRI_REST1_RL/rfMRI_REST1_RL_hp2000.ica/filtered_func_data.ica/report/IC_49.png","506234","MNINonLinear//Results/rfMRI_REST1_RL/rfMRI_REST1_RL_hp2000.ica/filtered_func_data.ica/report/IC_49.png","7P2bfw4dUKlHasSqzMYr_E3r62NdPpZV"
"s3://hcp-openaccess/HCP_1200/506234/MNINonLinear/Results/rfMRI_REST1_RL/rfMRI_REST1_RL_hp2000.ica/filtered_func_data.ica/report/IC_49_MM.html","506234","MNINonLinear//Results/rfMRI_REST1_RL/rfMRI_REST1_RL_hp2000.ica/filtered_func_data.ica/report/IC_49_MM.html","MDefNAkgqkzDx5h8yRXztfDHBhcunQNr"
"s3://hcp-openaccess/HCP_1200/506234/MNINonLinear/Results/rfMRI_REST1_RL/rfMRI_REST1_RL_hp2000.ica/filtered_func_data.ica/report/IC_49_MMfit.png","506234","MNINonLinear//Results/rfMRI_REST1_RL/rfMRI_REST1_RL_hp2000.ica/filtered_func_data.ica/report/IC_49_MMfit.png","EC7mdsy3Q2cm3QKx8tsCAgxfaLQvLcV4"
"s3://hcp-openaccess/HCP_1200/506234/MNINonLinear/Results/rfMRI_REST1_RL/rfMRI_REST1_RL_hp2000.ica/filtered_func_data.ica/report/IC_49_prob.png","506234","MNINonLinear//Results/rfMRI_REST1_RL/rfMRI_REST1_RL_hp2000.ica/filtered_func_data.ica/report/IC_49_prob.png","X.g0Aww4wcQn33ka6ltar7BRpHriijwR"
"s3://hcp-openaccess/HCP_1200/506234/MNINonLinear/Results/rfMRI_REST1_RL/rfMRI_REST1_RL_hp2000.ica/filtered_func_data.ica/report/IC_49_thresh.png","506234","MNINonLinear//Results/rfMRI_REST1_RL/rfMRI_REST1_RL_hp2000.ica/filtered_func_data.ica/report/IC_49_thresh.png","oKoL.pdAhV9YpWfbics4zRsXYTZ03gUc"
"s3://hcp-openaccess/HCP_1200/506234/MNINonLinear/Results/rfMRI_REST1_RL/rfMRI_REST1_RL_hp2000.ica/filtered_func_data.ica/report/IC_4_MM.html","506234","MNINonLinear//Results/rfMRI_REST1_RL/rfMRI_REST1_RL_hp2000.ica/filtered_func_data.ica/report/IC_4_MM.html","npIR5H6KpfCMc8D7_bdxeRjIf0sPQdFR"
"s3://hcp-openaccess/HCP_1200/506234/MNINonLinear/Results/rfMRI_REST1_RL/rfMRI_REST1_RL_hp2000.ica/filtered_func_data.ica/report/IC_4_MMfit.png","506234","MNINonLinear//Results/rfMRI_REST1_RL/rfMRI_REST1_RL_hp2000.ica/filtered_func_data.ica/report/IC_4_MMfit.png","DceckydRiksecT8GIaY7HYmXDg4JkWMy"
"s3://hcp-openaccess/HCP_1200/506234/MNINonLinear/Results/rfMRI_REST1_RL/rfMRI_REST1_RL_hp2000.ica/filtered_func_data.ica/report/IC_4_prob.png","506234","MNINonLinear//Results/rfMRI_REST1_RL/rfMRI_REST1_RL_hp2000.ica/filtered_func_data.ica/report/IC_4_prob.png","0ZNXyo4f1mcJu6hFIcL5_qyISZ5yausN"
"s3://hcp-openaccess/HCP_1200/506234/MNINonLinear/Results/rfMRI_REST1_RL/rfMRI_REST1_RL_hp2000.ica/filtered_func_data.ica/report/IC_4_thresh.png","506234","MNINonLinear//Results/rfMRI_REST1_RL/rfMRI_REST1_RL_hp2000.ica/filtered_func_data.ica/report/IC_4_thresh.png","e6kgDiTSH4G4eyKfKQuBoIizX.GPunaV"
"s3://hcp-openaccess/HCP_1200/506234/MNINonLinear/Results/rfMRI_REST1_RL/rfMRI_REST1_RL_hp2000.ica/filtered_func_data.ica/report/IC_5.html","506234","MNINonLinear//Results/rfMRI_REST1_RL/rfMRI_REST1_RL_hp2000.ica/filtered_func_data.ica/report/IC_5.html","qkWYS0T1kJhf9uU3S877XEEAFphXJ9KM"
"s3://hcp-openaccess/HCP_1200/506234/MNINonLinear/Results/rfMRI_REST1_RL/rfMRI_REST1_RL_hp2000.ica/filtered_func_data.ica/report/IC_5.png","506234","MNINonLinear//Results/rfMRI_REST1_RL/rfMRI_REST1_RL_hp2000.ica/filtered_func_data.ica/report/IC_5.png","Bvc31182vN_S1iyz8xJOE0sXquwNu_Jg"
"s3://hcp-openaccess/HCP_1200/506234/MNINonLinear/Results/rfMRI_REST1_RL/rfMRI_REST1_RL_hp2000.ica/filtered_func_data.ica/report/IC_50.html","506234","MNINonLinear//Results/rfMRI_REST1_RL/rfMRI_REST1_RL_hp2000.ica/filtered_func_data.ica/report/IC_50.html","GJZHiZ3X5ck0raz2_g7GkN4KiPzQlRg7"
"s3://hcp-openaccess/HCP_1200/506234/MNINonLinear/Results/rfMRI_REST1_RL/rfMRI_REST1_RL_hp2000.ica/filtered_func_data.ica/report/IC_50.png","506234","MNINonLinear//Results/rfMRI_REST1_RL/rfMRI_REST1_RL_hp2000.ica/filtered_func_data.ica/report/IC_50.png","xciJxJb5aRmg5TV_Q2jkI.4CM_iPoJBT"
"s3://hcp-openaccess/HCP_1200/506234/MNINonLinear/Results/rfMRI_REST1_RL/rfMRI_REST1_RL_hp2000.ica/filtered_func_data.ica/report/IC_50_MM.html","506234","MNINonLinear//Results/rfMRI_REST1_RL/rfMRI_REST1_RL_hp2000.ica/filtered_func_data.ica/report/IC_50_MM.html","Jp0v_LWt9jnRiq3IaMWJUr9R_ehtYWkw"
"s3://hcp-openaccess/HCP_1200/506234/MNINonLinear/Results/rfMRI_REST1_RL/rfMRI_REST1_RL_hp2000.ica/filtered_func_data.ica/report/IC_50_MMfit.png","506234","MNINonLinear//Results/rfMRI_REST1_RL/rfMRI_REST1_RL_hp2000.ica/filtered_func_data.ica/report/IC_50_MMfit.png","raV6H7Y.hxznQ2fsslQhJN_TgBbd796g"
"s3://hcp-openaccess/HCP_1200/506234/MNINonLinear/Results/rfMRI_REST1_RL/rfMRI_REST1_RL_hp2000.ica/filtered_func_data.ica/report/IC_50_prob.png","506234","MNINonLinear//Results/rfMRI_REST1_RL/rfMRI_REST1_RL_hp2000.ica/filtered_func_data.ica/report/IC_50_prob.png","W1h3kBIeSXorBhJCodf.2G8JRCymucD5"
"s3://hcp-openaccess/HCP_1200/506234/MNINonLinear/Results/rfMRI_REST1_RL/rfMRI_REST1_RL_hp2000.ica/filtered_func_data.ica/report/IC_50_thresh.png","506234","MNINonLinear//Results/rfMRI_REST1_RL/rfMRI_REST1_RL_hp2000.ica/filtered_func_data.ica/report/IC_50_thresh.png","_jHTlJ6iJWb0PaMiGpcfgC0Krjb2XZMl"
"s3://hcp-openaccess/HCP_1200/506234/MNINonLinear/Results/rfMRI_REST1_RL/rfMRI_REST1_RL_hp2000.ica/filtered_func_data.ica/report/IC_51.html","506234","MNINonLinear//Results/rfMRI_REST1_RL/rfMRI_REST1_RL_hp2000.ica/filtered_func_data.ica/report/IC_51.html","GkdBS7Mn.MrVOVW9dX25LYQSJERAd2ZP"
"s3://hcp-openaccess/HCP_1200/506234/MNINonLinear/Results/rfMRI_REST1_RL/rfMRI_REST1_RL_hp2000.ica/filtered_func_data.ica/report/IC_51.png","506234","MNINonLinear//Results/rfMRI_REST1_RL/rfMRI_REST1_RL_hp2000.ica/filtered_func_data.ica/report/IC_51.png","QTckpfav_adnLZbfP0qag8dV11lUSBLF"
"s3://hcp-openaccess/HCP_1200/506234/MNINonLinear/Results/rfMRI_REST1_RL/rfMRI_REST1_RL_hp2000.ica/filtered_func_data.ica/report/IC_51_MM.html","506234","MNINonLinear//Results/rfMRI_REST1_RL/rfMRI_REST1_RL_hp2000.ica/filtered_func_data.ica/report/IC_51_MM.html","uvpNz0C1UKDrbVNz1We.pLeoVCT8YMFE"
"s3://hcp-openaccess/HCP_1200/506234/MNINonLinear/Results/rfMRI_REST1_RL/rfMRI_REST1_RL_hp2000.ica/filtered_func_data.ica/report/IC_51_MMfit.png","506234","MNINonLinear//Results/rfMRI_REST1_RL/rfMRI_REST1_RL_hp2000.ica/filtered_func_data.ica/report/IC_51_MMfit.png","6JExmWdR5BU_u_Mkx_ndgV_7eH6avUs3"
"s3://hcp-openaccess/HCP_1200/506234/MNINonLinear/Results/rfMRI_REST1_RL/rfMRI_REST1_RL_hp2000.ica/filtered_func_data.ica/report/IC_51_prob.png","506234","MNINonLinear//Results/rfMRI_REST1_RL/rfMRI_REST1_RL_hp2000.ica/filtered_func_data.ica/report/IC_51_prob.png","YCTeXA1tvN7fXCKWWV5IEYGgnvQLKZ3K"
"s3://hcp-openaccess/HCP_1200/506234/MNINonLinear/Results/rfMRI_REST1_RL/rfMRI_REST1_RL_hp2000.ica/filtered_func_data.ica/report/IC_51_thresh.png","506234","MNINonLinear//Results/rfMRI_REST1_RL/rfMRI_REST1_RL_hp2000.ica/filtered_func_data.ica/report/IC_51_thresh.png","0auSGsB36M7YCyVYgvRh_I_ZkDVz68Hq"
"s3://hcp-openaccess/HCP_1200/506234/MNINonLinear/Results/rfMRI_REST1_RL/rfMRI_REST1_RL_hp2000.ica/filtered_func_data.ica/report/IC_52.html","506234","MNINonLinear//Results/rfMRI_REST1_RL/rfMRI_REST1_RL_hp2000.ica/filtered_func_data.ica/report/IC_52.html","A07hLK95gvqjRa0yfHYpoU.vjagv.09x"
"s3://hcp-openaccess/HCP_1200/506234/MNINonLinear/Results/rfMRI_REST1_RL/rfMRI_REST1_RL_hp2000.ica/filtered_func_data.ica/report/IC_52.png","506234","MNINonLinear//Results/rfMRI_REST1_RL/rfMRI_REST1_RL_hp2000.ica/filtered_func_data.ica/report/IC_52.png","SZ7IdSR.VNMHDEvfvNB6WzT20TAqpKrq"
"s3://hcp-openaccess/HCP_1200/506234/MNINonLinear/Results/rfMRI_REST1_RL/rfMRI_REST1_RL_hp2000.ica/filtered_func_data.ica/report/IC_52_MM.html","506234","MNINonLinear//Results/rfMRI_REST1_RL/rfMRI_REST1_RL_hp2000.ica/filtered_func_data.ica/report/IC_52_MM.html","MghlNR3R6cErMQv6hEMaIBC18BejT2Ww"
"s3://hcp-openaccess/HCP_1200/506234/MNINonLinear/Results/rfMRI_REST1_RL/rfMRI_REST1_RL_hp2000.ica/filtered_func_data.ica/report/IC_52_MMfit.png","506234","MNINonLinear//Results/rfMRI_REST1_RL/rfMRI_REST1_RL_hp2000.ica/filtered_func_data.ica/report/IC_52_MMfit.png","R0g.OT7oI6JmsDhZ6e1gmNAJeZUoq9yX"
"s3://hcp-openaccess/HCP_1200/506234/MNINonLinear/Results/rfMRI_REST1_RL/rfMRI_REST1_RL_hp2000.ica/filtered_func_data.ica/report/IC_52_prob.png","506234","MNINonLinear//Results/rfMRI_REST1_RL/rfMRI_REST1_RL_hp2000.ica/filtered_func_data.ica/report/IC_52_prob.png","4CpUcmswV2u1.uUTsZczJ1wn8TJxDDOp"
"s3://hcp-openaccess/HCP_1200/506234/MNINonLinear/Results/rfMRI_REST1_RL/rfMRI_REST1_RL_hp2000.ica/filtered_func_data.ica/report/IC_52_thresh.png","506234","MNINonLinear//Results/rfMRI_REST1_RL/rfMRI_REST1_RL_hp2000.ica/filtered_func_data.ica/report/IC_52_thresh.png","F_To1R3Dqgf_l5SfuLqdOmVOlM4CStbx"
"s3://hcp-openaccess/HCP_1200/506234/MNINonLinear/Results/rfMRI_REST1_RL/rfMRI_REST1_RL_hp2000.ica/filtered_func_data.ica/report/IC_53.html","506234","MNINonLinear//Results/rfMRI_REST1_RL/rfMRI_REST1_RL_hp2000.ica/filtered_func_data.ica/report/IC_53.html","7RJfLR5F77bybIiZuLei69CE0zsrYXj3"
"s3://hcp-openaccess/HCP_1200/506234/MNINonLinear/Results/rfMRI_REST1_RL/rfMRI_REST1_RL_hp2000.ica/filtered_func_data.ica/report/IC_53.png","506234","MNINonLinear//Results/rfMRI_REST1_RL/rfMRI_REST1_RL_hp2000.ica/filtered_func_data.ica/report/IC_53.png","ipjiy4mHJI_urny6eyPDyEGL7fi4ek7D"
"s3://hcp-openaccess/HCP_1200/506234/MNINonLinear/Results/rfMRI_REST1_RL/rfMRI_REST1_RL_hp2000.ica/filtered_func_data.ica/report/IC_53_MM.html","506234","MNINonLinear//Results/rfMRI_REST1_RL/rfMRI_REST1_RL_hp2000.ica/filtered_func_data.ica/report/IC_53_MM.html","JJARRj1xZlW2NKnMlwEtezzYVnmLZIjc"
"s3://hcp-openaccess/HCP_1200/506234/MNINonLinear/Results/rfMRI_REST1_RL/rfMRI_REST1_RL_hp2000.ica/filtered_func_data.ica/report/IC_53_MMfit.png","506234","MNINonLinear//Results/rfMRI_REST1_RL/rfMRI_REST1_RL_hp2000.ica/filtered_func_data.ica/report/IC_53_MMfit.png","5lpDFBUwuHvjaioUMvNbbkPzxm7BY2Qj"
"s3://hcp-openaccess/HCP_1200/506234/MNINonLinear/Results/rfMRI_REST1_RL/rfMRI_REST1_RL_hp2000.ica/filtered_func_data.ica/report/IC_53_prob.png","506234","MNINonLinear//Results/rfMRI_REST1_RL/rfMRI_REST1_RL_hp2000.ica/filtered_func_data.ica/report/IC_53_prob.png","2T4fqG0Fc9Qk0ZCWqdA6WYTCKJDaQn7j"
"s3://hcp-openaccess/HCP_1200/506234/MNINonLinear/Results/rfMRI_REST1_RL/rfMRI_REST1_RL_hp2000.ica/filtered_func_data.ica/report/IC_53_thresh.png","506234","MNINonLinear//Results/rfMRI_REST1_RL/rfMRI_REST1_RL_hp2000.ica/filtered_func_data.ica/report/IC_53_thresh.png","v1c7GcP9QqCn0GZoHFzEyNurDG.BmcL3"
"s3://hcp-openaccess/HCP_1200/506234/MNINonLinear/Results/rfMRI_REST1_RL/rfMRI_REST1_RL_hp2000.ica/filtered_func_data.ica/report/IC_54.html","506234","MNINonLinear//Results/rfMRI_REST1_RL/rfMRI_REST1_RL_hp2000.ica/filtered_func_data.ica/report/IC_54.html","5aybAiA41Lz4Rio0A6Y4vyYk.JVFqe8o"
"s3://hcp-openaccess/HCP_1200/506234/MNINonLinear/Results/rfMRI_REST1_RL/rfMRI_REST1_RL_hp2000.ica/filtered_func_data.ica/report/IC_54.png","506234","MNINonLinear//Results/rfMRI_REST1_RL/rfMRI_REST1_RL_hp2000.ica/filtered_func_data.ica/report/IC_54.png","GMbkLEN21OFFXXl2KnaV0cCRRakZTgPI"
"s3://hcp-openaccess/HCP_1200/506234/MNINonLinear/Results/rfMRI_REST1_RL/rfMRI_REST1_RL_hp2000.ica/filtered_func_data.ica/report/IC_54_MM.html","506234","MNINonLinear//Results/rfMRI_REST1_RL/rfMRI_REST1_RL_hp2000.ica/filtered_func_data.ica/report/IC_54_MM.html","F6lq6xQbPY.oAhtRW.RSnAC7oTe1XQdb"
"s3://hcp-openaccess/HCP_1200/506234/MNINonLinear/Results/rfMRI_REST1_RL/rfMRI_REST1_RL_hp2000.ica/filtered_func_data.ica/report/IC_54_MMfit.png","506234","MNINonLinear//Results/rfMRI_REST1_RL/rfMRI_REST1_RL_hp2000.ica/filtered_func_data.ica/report/IC_54_MMfit.png","6xXUiM9RlQ4scNVzWtKRg_qVe4TC41Qf"
"s3://hcp-openaccess/HCP_1200/506234/MNINonLinear/Results/rfMRI_REST1_RL/rfMRI_REST1_RL_hp2000.ica/filtered_func_data.ica/report/IC_54_prob.png","506234","MNINonLinear//Results/rfMRI_REST1_RL/rfMRI_REST1_RL_hp2000.ica/filtered_func_data.ica/report/IC_54_prob.png","iKNSha1iEP51PE6eK7IKaNDfW9yehjqo"
"s3://hcp-openaccess/HCP_1200/506234/MNINonLinear/Results/rfMRI_REST1_RL/rfMRI_REST1_RL_hp2000.ica/filtered_func_data.ica/report/IC_54_thresh.png","506234","MNINonLinear//Results/rfMRI_REST1_RL/rfMRI_REST1_RL_hp2000.ica/filtered_func_data.ica/report/IC_54_thresh.png","di0LErfW2Py95eTUonvndBLQkO7acJfe"
"s3://hcp-openaccess/HCP_1200/506234/MNINonLinear/Results/rfMRI_REST1_RL/rfMRI_REST1_RL_hp2000.ica/filtered_func_data.ica/report/IC_55.html","506234","MNINonLinear//Results/rfMRI_REST1_RL/rfMRI_REST1_RL_hp2000.ica/filtered_func_data.ica/report/IC_55.html","baqr3BLR7c4Dz7z9BeXQzf3PiATqYh4W"
"s3://hcp-openaccess/HCP_1200/506234/MNINonLinear/Results/rfMRI_REST1_RL/rfMRI_REST1_RL_hp2000.ica/filtered_func_data.ica/report/IC_55.png","506234","MNINonLinear//Results/rfMRI_REST1_RL/rfMRI_REST1_RL_hp2000.ica/filtered_func_data.ica/report/IC_55.png","YIIAd.ykCpZw8MCVAasFq_p1JxDW_HKt"
"s3://hcp-openaccess/HCP_1200/506234/MNINonLinear/Results/rfMRI_REST1_RL/rfMRI_REST1_RL_hp2000.ica/filtered_func_data.ica/report/IC_55_MM.html","506234","MNINonLinear//Results/rfMRI_REST1_RL/rfMRI_REST1_RL_hp2000.ica/filtered_func_data.ica/report/IC_55_MM.html","jdT9evTQJbduDQHH2XYM4AwO3XlOgGk0"
"s3://hcp-openaccess/HCP_1200/506234/MNINonLinear/Results/rfMRI_REST1_RL/rfMRI_REST1_RL_hp2000.ica/filtered_func_data.ica/report/IC_55_MMfit.png","506234","MNINonLinear//Results/rfMRI_REST1_RL/rfMRI_REST1_RL_hp2000.ica/filtered_func_data.ica/report/IC_55_MMfit.png","4T4svvnVPORr2nVJVe0qRTWyD2_2o54C"
"s3://hcp-openaccess/HCP_1200/506234/MNINonLinear/Results/rfMRI_REST1_RL/rfMRI_REST1_RL_hp2000.ica/filtered_func_data.ica/report/IC_55_prob.png","506234","MNINonLinear//Results/rfMRI_REST1_RL/rfMRI_REST1_RL_hp2000.ica/filtered_func_data.ica/report/IC_55_prob.png","0XY.V46etzfu9Id1OJyXg8xACtluzKss"
"s3://hcp-openaccess/HCP_1200/506234/MNINonLinear/Results/rfMRI_REST1_RL/rfMRI_REST1_RL_hp2000.ica/filtered_func_data.ica/report/IC_55_thresh.png","506234","MNINonLinear//Results/rfMRI_REST1_RL/rfMRI_REST1_RL_hp2000.ica/filtered_func_data.ica/report/IC_55_thresh.png","QmSH2SWGxRWgBa2RAP1FvMWiL5afRQ1b"
"s3://hcp-openaccess/HCP_1200/506234/MNINonLinear/Results/rfMRI_REST1_RL/rfMRI_REST1_RL_hp2000.ica/filtered_func_data.ica/report/IC_56.html","506234","MNINonLinear//Results/rfMRI_REST1_RL/rfMRI_REST1_RL_hp2000.ica/filtered_func_data.ica/report/IC_56.html","iF4co8pv6lrJpfC3zXKGLr9rm7kMAkEw"
"s3://hcp-openaccess/HCP_1200/506234/MNINonLinear/Results/rfMRI_REST1_RL/rfMRI_REST1_RL_hp2000.ica/filtered_func_data.ica/report/IC_56.png","506234","MNINonLinear//Results/rfMRI_REST1_RL/rfMRI_REST1_RL_hp2000.ica/filtered_func_data.ica/report/IC_56.png","cHg3pNaAMoaycnJywj.4tTfCS8RTHJad"
"s3://hcp-openaccess/HCP_1200/506234/MNINonLinear/Results/rfMRI_REST1_RL/rfMRI_REST1_RL_hp2000.ica/filtered_func_data.ica/report/IC_56_MM.html","506234","MNINonLinear//Results/rfMRI_REST1_RL/rfMRI_REST1_RL_hp2000.ica/filtered_func_data.ica/report/IC_56_MM.html","gOUKDqisY8vqeAKnjdi2MQtJueiUzuL4"
"s3://hcp-openaccess/HCP_1200/506234/MNINonLinear/Results/rfMRI_REST1_RL/rfMRI_REST1_RL_hp2000.ica/filtered_func_data.ica/report/IC_56_MMfit.png","506234","MNINonLinear//Results/rfMRI_REST1_RL/rfMRI_REST1_RL_hp2000.ica/filtered_func_data.ica/report/IC_56_MMfit.png","nIdePJ1juY3FrD2LazsrRf60MovSL9BD"
"s3://hcp-openaccess/HCP_1200/506234/MNINonLinear/Results/rfMRI_REST1_RL/rfMRI_REST1_RL_hp2000.ica/filtered_func_data.ica/report/IC_56_prob.png","506234","MNINonLinear//Results/rfMRI_REST1_RL/rfMRI_REST1_RL_hp2000.ica/filtered_func_data.ica/report/IC_56_prob.png","b3_TkZpMWA_TMz52y2iC9bI6lLDat0zj"
"s3://hcp-openaccess/HCP_1200/506234/MNINonLinear/Results/rfMRI_REST1_RL/rfMRI_REST1_RL_hp2000.ica/filtered_func_data.ica/report/IC_56_thresh.png","506234","MNINonLinear//Results/rfMRI_REST1_RL/rfMRI_REST1_RL_hp2000.ica/filtered_func_data.ica/report/IC_56_thresh.png","jhlYiBm7qWJBZ8qOmIzyQf_9bG6lbjUw"
"s3://hcp-openaccess/HCP_1200/506234/MNINonLinear/Results/rfMRI_REST1_RL/rfMRI_REST1_RL_hp2000.ica/filtered_func_data.ica/report/IC_57.html","506234","MNINonLinear//Results/rfMRI_REST1_RL/rfMRI_REST1_RL_hp2000.ica/filtered_func_data.ica/report/IC_57.html","mdH7NPm7ymGA0UXlFkIor62_AZazv_8H"
"s3://hcp-openaccess/HCP_1200/506234/MNINonLinear/Results/rfMRI_REST1_RL/rfMRI_REST1_RL_hp2000.ica/filtered_func_data.ica/report/IC_57.png","506234","MNINonLinear//Results/rfMRI_REST1_RL/rfMRI_REST1_RL_hp2000.ica/filtered_func_data.ica/report/IC_57.png","9Aw2RqBP8M8ngi4qr_jnMa6xOv8o4nTq"
"s3://hcp-openaccess/HCP_1200/506234/MNINonLinear/Results/rfMRI_REST1_RL/rfMRI_REST1_RL_hp2000.ica/filtered_func_data.ica/report/IC_57_MM.html","506234","MNINonLinear//Results/rfMRI_REST1_RL/rfMRI_REST1_RL_hp2000.ica/filtered_func_data.ica/report/IC_57_MM.html","_iHj19.tBdYWTh4IxvjvqnDHdmBrZt_a"
"s3://hcp-openaccess/HCP_1200/506234/MNINonLinear/Results/rfMRI_REST1_RL/rfMRI_REST1_RL_hp2000.ica/filtered_func_data.ica/report/IC_57_MMfit.png","506234","MNINonLinear//Results/rfMRI_REST1_RL/rfMRI_REST1_RL_hp2000.ica/filtered_func_data.ica/report/IC_57_MMfit.png","dn5aK_oHiMjmj_7RGvFNdChCy9HK2Ac8"
"s3://hcp-openaccess/HCP_1200/506234/MNINonLinear/Results/rfMRI_REST1_RL/rfMRI_REST1_RL_hp2000.ica/filtered_func_data.ica/report/IC_57_prob.png","506234","MNINonLinear//Results/rfMRI_REST1_RL/rfMRI_REST1_RL_hp2000.ica/filtered_func_data.ica/report/IC_57_prob.png","nM6D7wvr0Sle3Gj756Gr4CyUl2EAKLDW"
"s3://hcp-openaccess/HCP_1200/506234/MNINonLinear/Results/rfMRI_REST1_RL/rfMRI_REST1_RL_hp2000.ica/filtered_func_data.ica/report/IC_57_thresh.png","506234","MNINonLinear//Results/rfMRI_REST1_RL/rfMRI_REST1_RL_hp2000.ica/filtered_func_data.ica/report/IC_57_thresh.png","aXH5cQwHAoWgMq_wsotDt130ng01OhvD"
"s3://hcp-openaccess/HCP_1200/506234/MNINonLinear/Results/rfMRI_REST1_RL/rfMRI_REST1_RL_hp2000.ica/filtered_func_data.ica/report/IC_58.html","506234","MNINonLinear//Results/rfMRI_REST1_RL/rfMRI_REST1_RL_hp2000.ica/filtered_func_data.ica/report/IC_58.html","GAG8jnFM.qhE9HbfvzOU72NQxBOngLvn"
"s3://hcp-openaccess/HCP_1200/506234/MNINonLinear/Results/rfMRI_REST1_RL/rfMRI_REST1_RL_hp2000.ica/filtered_func_data.ica/report/IC_58.png","506234","MNINonLinear//Results/rfMRI_REST1_RL/rfMRI_REST1_RL_hp2000.ica/filtered_func_data.ica/report/IC_58.png","Ilydlrdx3rmwNnHm7VKAPogjer1WRbr9"
"s3://hcp-openaccess/HCP_1200/506234/MNINonLinear/Results/rfMRI_REST1_RL/rfMRI_REST1_RL_hp2000.ica/filtered_func_data.ica/report/IC_58_MM.html","506234","MNINonLinear//Results/rfMRI_REST1_RL/rfMRI_REST1_RL_hp2000.ica/filtered_func_data.ica/report/IC_58_MM.html","vH9.CiZdrBdDclBzgYBFL_bOqGsoa02r"
"s3://hcp-openaccess/HCP_1200/506234/MNINonLinear/Results/rfMRI_REST1_RL/rfMRI_REST1_RL_hp2000.ica/filtered_func_data.ica/report/IC_58_MMfit.png","506234","MNINonLinear//Results/rfMRI_REST1_RL/rfMRI_REST1_RL_hp2000.ica/filtered_func_data.ica/report/IC_58_MMfit.png","nC7SsChBfKsmX0IWPgDh10alcF39TF.N"
"s3://hcp-openaccess/HCP_1200/506234/MNINonLinear/Results/rfMRI_REST1_RL/rfMRI_REST1_RL_hp2000.ica/filtered_func_data.ica/report/IC_58_prob.png","506234","MNINonLinear//Results/rfMRI_REST1_RL/rfMRI_REST1_RL_hp2000.ica/filtered_func_data.ica/report/IC_58_prob.png","UiHn4IpBXSDwUKM0Ib2hnl4apUtUyl1V"
"s3://hcp-openaccess/HCP_1200/506234/MNINonLinear/Results/rfMRI_REST1_RL/rfMRI_REST1_RL_hp2000.ica/filtered_func_data.ica/report/IC_58_thresh.png","506234","MNINonLinear//Results/rfMRI_REST1_RL/rfMRI_REST1_RL_hp2000.ica/filtered_func_data.ica/report/IC_58_thresh.png","4QJwTNVD_BfPw51iLXaPGdvsaZBrgzVF"
"s3://hcp-openaccess/HCP_1200/506234/MNINonLinear/Results/rfMRI_REST1_RL/rfMRI_REST1_RL_hp2000.ica/filtered_func_data.ica/report/IC_59.html","506234","MNINonLinear//Results/rfMRI_REST1_RL/rfMRI_REST1_RL_hp2000.ica/filtered_func_data.ica/report/IC_59.html","oIL4AnHxD9h36DZOR0RnRB8ykCwCydTZ"
"s3://hcp-openaccess/HCP_1200/506234/MNINonLinear/Results/rfMRI_REST1_RL/rfMRI_REST1_RL_hp2000.ica/filtered_func_data.ica/report/IC_59.png","506234","MNINonLinear//Results/rfMRI_REST1_RL/rfMRI_REST1_RL_hp2000.ica/filtered_func_data.ica/report/IC_59.png","hEwKXOufCDP4Qt6JwEv35Gmzc6Z7Odjn"
"s3://hcp-openaccess/HCP_1200/506234/MNINonLinear/Results/rfMRI_REST1_RL/rfMRI_REST1_RL_hp2000.ica/filtered_func_data.ica/report/IC_59_MM.html","506234","MNINonLinear//Results/rfMRI_REST1_RL/rfMRI_REST1_RL_hp2000.ica/filtered_func_data.ica/report/IC_59_MM.html","gW9Er6oyGGIgZckAwJkPNwRXpi1JcqLx"
"s3://hcp-openaccess/HCP_1200/506234/MNINonLinear/Results/rfMRI_REST1_RL/rfMRI_REST1_RL_hp2000.ica/filtered_func_data.ica/report/IC_59_MMfit.png","506234","MNINonLinear//Results/rfMRI_REST1_RL/rfMRI_REST1_RL_hp2000.ica/filtered_func_data.ica/report/IC_59_MMfit.png","MskQSjc6nhDC75eQmvsE9xArBIhm6lMr"
"s3://hcp-openaccess/HCP_1200/506234/MNINonLinear/Results/rfMRI_REST1_RL/rfMRI_REST1_RL_hp2000.ica/filtered_func_data.ica/report/IC_59_prob.png","506234","MNINonLinear//Results/rfMRI_REST1_RL/rfMRI_REST1_RL_hp2000.ica/filtered_func_data.ica/report/IC_59_prob.png","dADufv7x3inQO77bRTAzD.Oc7WhW_iOt"
"s3://hcp-openaccess/HCP_1200/506234/MNINonLinear/Results/rfMRI_REST1_RL/rfMRI_REST1_RL_hp2000.ica/filtered_func_data.ica/report/IC_59_thresh.png","506234","MNINonLinear//Results/rfMRI_REST1_RL/rfMRI_REST1_RL_hp2000.ica/filtered_func_data.ica/report/IC_59_thresh.png","P8pafTtmfpEUZaIGORhP0KWn6rS1m29v"
"s3://hcp-openaccess/HCP_1200/506234/MNINonLinear/Results/rfMRI_REST1_RL/rfMRI_REST1_RL_hp2000.ica/filtered_func_data.ica/report/IC_5_MM.html","506234","MNINonLinear//Results/rfMRI_REST1_RL/rfMRI_REST1_RL_hp2000.ica/filtered_func_data.ica/report/IC_5_MM.html","x8bxEIphCi0zgsmYpGHMQtFvpXNMatqw"
"s3://hcp-openaccess/HCP_1200/506234/MNINonLinear/Results/rfMRI_REST1_RL/rfMRI_REST1_RL_hp2000.ica/filtered_func_data.ica/report/IC_5_MMfit.png","506234","MNINonLinear//Results/rfMRI_REST1_RL/rfMRI_REST1_RL_hp2000.ica/filtered_func_data.ica/report/IC_5_MMfit.png","prSPs8CxMJmmR5Vm7xM.WpGgj_f6iMra"
"s3://hcp-openaccess/HCP_1200/506234/MNINonLinear/Results/rfMRI_REST1_RL/rfMRI_REST1_RL_hp2000.ica/filtered_func_data.ica/report/IC_5_prob.png","506234","MNINonLinear//Results/rfMRI_REST1_RL/rfMRI_REST1_RL_hp2000.ica/filtered_func_data.ica/report/IC_5_prob.png","Mx7doNmSlhhjri0hH1zJA.lMAVauXZKU"
"s3://hcp-openaccess/HCP_1200/506234/MNINonLinear/Results/rfMRI_REST1_RL/rfMRI_REST1_RL_hp2000.ica/filtered_func_data.ica/report/IC_5_thresh.png","506234","MNINonLinear//Results/rfMRI_REST1_RL/rfMRI_REST1_RL_hp2000.ica/filtered_func_data.ica/report/IC_5_thresh.png","4UXF6Te4EsZCeLYhzronPA64E0Yawdq4"
"s3://hcp-openaccess/HCP_1200/506234/MNINonLinear/Results/rfMRI_REST1_RL/rfMRI_REST1_RL_hp2000.ica/filtered_func_data.ica/report/IC_6.html","506234","MNINonLinear//Results/rfMRI_REST1_RL/rfMRI_REST1_RL_hp2000.ica/filtered_func_data.ica/report/IC_6.html","VBpFi8qKoYJyC0fLoNHFwTgI.pAb86b7"
"s3://hcp-openaccess/HCP_1200/506234/MNINonLinear/Results/rfMRI_REST1_RL/rfMRI_REST1_RL_hp2000.ica/filtered_func_data.ica/report/IC_6.png","506234","MNINonLinear//Results/rfMRI_REST1_RL/rfMRI_REST1_RL_hp2000.ica/filtered_func_data.ica/report/IC_6.png","LU.k6yPgMOAK3Ay2nsoyqeGjSKekouyx"
"s3://hcp-openaccess/HCP_1200/506234/MNINonLinear/Results/rfMRI_REST1_RL/rfMRI_REST1_RL_hp2000.ica/filtered_func_data.ica/report/IC_60.html","506234","MNINonLinear//Results/rfMRI_REST1_RL/rfMRI_REST1_RL_hp2000.ica/filtered_func_data.ica/report/IC_60.html","XbcXsaAGSEVUvreV7mF1iRwNgJnhAoep"
"s3://hcp-openaccess/HCP_1200/506234/MNINonLinear/Results/rfMRI_REST1_RL/rfMRI_REST1_RL_hp2000.ica/filtered_func_data.ica/report/IC_60.png","506234","MNINonLinear//Results/rfMRI_REST1_RL/rfMRI_REST1_RL_hp2000.ica/filtered_func_data.ica/report/IC_60.png","4wwkCUUfWaMVehif8DhyxdeoH3vRF0N5"
"s3://hcp-openaccess/HCP_1200/506234/MNINonLinear/Results/rfMRI_REST1_RL/rfMRI_REST1_RL_hp2000.ica/filtered_func_data.ica/report/IC_60_MM.html","506234","MNINonLinear//Results/rfMRI_REST1_RL/rfMRI_REST1_RL_hp2000.ica/filtered_func_data.ica/report/IC_60_MM.html","MbA.2WnyJ6vZkxkDEQet8FY7_jSh4H_8"
"s3://hcp-openaccess/HCP_1200/506234/MNINonLinear/Results/rfMRI_REST1_RL/rfMRI_REST1_RL_hp2000.ica/filtered_func_data.ica/report/IC_60_MMfit.png","506234","MNINonLinear//Results/rfMRI_REST1_RL/rfMRI_REST1_RL_hp2000.ica/filtered_func_data.ica/report/IC_60_MMfit.png","Zrx07qvR8iSZt45JsVGDBEQ6_JUKHJUt"
"s3://hcp-openaccess/HCP_1200/506234/MNINonLinear/Results/rfMRI_REST1_RL/rfMRI_REST1_RL_hp2000.ica/filtered_func_data.ica/report/IC_60_prob.png","506234","MNINonLinear//Results/rfMRI_REST1_RL/rfMRI_REST1_RL_hp2000.ica/filtered_func_data.ica/report/IC_60_prob.png","j7Z0zGad.O3jSHrlCtAPRUzV9wrqivoj"
"s3://hcp-openaccess/HCP_1200/506234/MNINonLinear/Results/rfMRI_REST1_RL/rfMRI_REST1_RL_hp2000.ica/filtered_func_data.ica/report/IC_60_thresh.png","506234","MNINonLinear//Results/rfMRI_REST1_RL/rfMRI_REST1_RL_hp2000.ica/filtered_func_data.ica/report/IC_60_thresh.png","PcFgYm2zoVJEAw2nc19KLJvZD4StnZXl"
"s3://hcp-openaccess/HCP_1200/506234/MNINonLinear/Results/rfMRI_REST1_RL/rfMRI_REST1_RL_hp2000.ica/filtered_func_data.ica/report/IC_61.html","506234","MNINonLinear//Results/rfMRI_REST1_RL/rfMRI_REST1_RL_hp2000.ica/filtered_func_data.ica/report/IC_61.html","S2pt_qMCqUg60vPnRqopvUFKegBnrjjH"
"s3://hcp-openaccess/HCP_1200/506234/MNINonLinear/Results/rfMRI_REST1_RL/rfMRI_REST1_RL_hp2000.ica/filtered_func_data.ica/report/IC_61.png","506234","MNINonLinear//Results/rfMRI_REST1_RL/rfMRI_REST1_RL_hp2000.ica/filtered_func_data.ica/report/IC_61.png","c.ENZFPMMnq2_4aT23kalEiw9m1_qPAq"
"s3://hcp-openaccess/HCP_1200/506234/MNINonLinear/Results/rfMRI_REST1_RL/rfMRI_REST1_RL_hp2000.ica/filtered_func_data.ica/report/IC_61_MM.html","506234","MNINonLinear//Results/rfMRI_REST1_RL/rfMRI_REST1_RL_hp2000.ica/filtered_func_data.ica/report/IC_61_MM.html","TdPJ3_quHOgKnSwObQ4BmyjtTBX91B3T"
"s3://hcp-openaccess/HCP_1200/506234/MNINonLinear/Results/rfMRI_REST1_RL/rfMRI_REST1_RL_hp2000.ica/filtered_func_data.ica/report/IC_61_MMfit.png","506234","MNINonLinear//Results/rfMRI_REST1_RL/rfMRI_REST1_RL_hp2000.ica/filtered_func_data.ica/report/IC_61_MMfit.png","rwRVXs.nda9S6VOYQulujvPQGkV9rxmn"
"s3://hcp-openaccess/HCP_1200/506234/MNINonLinear/Results/rfMRI_REST1_RL/rfMRI_REST1_RL_hp2000.ica/filtered_func_data.ica/report/IC_61_prob.png","506234","MNINonLinear//Results/rfMRI_REST1_RL/rfMRI_REST1_RL_hp2000.ica/filtered_func_data.ica/report/IC_61_prob.png","srJhMnLe1D0s9x2ms4YWdmuzUCHyyStK"
"s3://hcp-openaccess/HCP_1200/506234/MNINonLinear/Results/rfMRI_REST1_RL/rfMRI_REST1_RL_hp2000.ica/filtered_func_data.ica/report/IC_61_thresh.png","506234","MNINonLinear//Results/rfMRI_REST1_RL/rfMRI_REST1_RL_hp2000.ica/filtered_func_data.ica/report/IC_61_thresh.png","IeiUZ.bCWxk99gfBea2qgi5eyn.Sm8mE"
"s3://hcp-openaccess/HCP_1200/506234/MNINonLinear/Results/rfMRI_REST1_RL/rfMRI_REST1_RL_hp2000.ica/filtered_func_data.ica/report/IC_62.html","506234","MNINonLinear//Results/rfMRI_REST1_RL/rfMRI_REST1_RL_hp2000.ica/filtered_func_data.ica/report/IC_62.html","ywLEEyr3vpj2gM_ZPChztlSisqtfDN01"
"s3://hcp-openaccess/HCP_1200/506234/MNINonLinear/Results/rfMRI_REST1_RL/rfMRI_REST1_RL_hp2000.ica/filtered_func_data.ica/report/IC_62.png","506234","MNINonLinear//Results/rfMRI_REST1_RL/rfMRI_REST1_RL_hp2000.ica/filtered_func_data.ica/report/IC_62.png","m6hnThuZ46k4qjL.isB5aMT6sPnbzaem"
"s3://hcp-openaccess/HCP_1200/506234/MNINonLinear/Results/rfMRI_REST1_RL/rfMRI_REST1_RL_hp2000.ica/filtered_func_data.ica/report/IC_62_MM.html","506234","MNINonLinear//Results/rfMRI_REST1_RL/rfMRI_REST1_RL_hp2000.ica/filtered_func_data.ica/report/IC_62_MM.html","umk8ZylxCQq69KEljV8xkbTYR0xR96TJ"
"s3://hcp-openaccess/HCP_1200/506234/MNINonLinear/Results/rfMRI_REST1_RL/rfMRI_REST1_RL_hp2000.ica/filtered_func_data.ica/report/IC_62_MMfit.png","506234","MNINonLinear//Results/rfMRI_REST1_RL/rfMRI_REST1_RL_hp2000.ica/filtered_func_data.ica/report/IC_62_MMfit.png","8xWkmSFLVnyTAqBPxK7HDjWkZGoCgQm_"
"s3://hcp-openaccess/HCP_1200/506234/MNINonLinear/Results/rfMRI_REST1_RL/rfMRI_REST1_RL_hp2000.ica/filtered_func_data.ica/report/IC_62_prob.png","506234","MNINonLinear//Results/rfMRI_REST1_RL/rfMRI_REST1_RL_hp2000.ica/filtered_func_data.ica/report/IC_62_prob.png","S7tZAmnsDEwdgcHtaya5gNb5BjFan15u"
"s3://hcp-openaccess/HCP_1200/506234/MNINonLinear/Results/rfMRI_REST1_RL/rfMRI_REST1_RL_hp2000.ica/filtered_func_data.ica/report/IC_62_thresh.png","506234","MNINonLinear//Results/rfMRI_REST1_RL/rfMRI_REST1_RL_hp2000.ica/filtered_func_data.ica/report/IC_62_thresh.png","5aAI9yiK6NtA5fTvey5o3Ps8W4KHGWxw"
"s3://hcp-openaccess/HCP_1200/506234/MNINonLinear/Results/rfMRI_REST1_RL/rfMRI_REST1_RL_hp2000.ica/filtered_func_data.ica/report/IC_63.html","506234","MNINonLinear//Results/rfMRI_REST1_RL/rfMRI_REST1_RL_hp2000.ica/filtered_func_data.ica/report/IC_63.html","Fzfw.Hw.d.Ex3VPrZa1ue4X2OcfnzM93"
"s3://hcp-openaccess/HCP_1200/506234/MNINonLinear/Results/rfMRI_REST1_RL/rfMRI_REST1_RL_hp2000.ica/filtered_func_data.ica/report/IC_63.png","506234","MNINonLinear//Results/rfMRI_REST1_RL/rfMRI_REST1_RL_hp2000.ica/filtered_func_data.ica/report/IC_63.png","5SqWUULJgdwGOP0nvgiJM5oBlinlbVX1"
"s3://hcp-openaccess/HCP_1200/506234/MNINonLinear/Results/rfMRI_REST1_RL/rfMRI_REST1_RL_hp2000.ica/filtered_func_data.ica/report/IC_63_MM.html","506234","MNINonLinear//Results/rfMRI_REST1_RL/rfMRI_REST1_RL_hp2000.ica/filtered_func_data.ica/report/IC_63_MM.html","59FahTGEMkw.z0SEJBRUH9.i4_rxcmCP"
"s3://hcp-openaccess/HCP_1200/506234/MNINonLinear/Results/rfMRI_REST1_RL/rfMRI_REST1_RL_hp2000.ica/filtered_func_data.ica/report/IC_63_MMfit.png","506234","MNINonLinear//Results/rfMRI_REST1_RL/rfMRI_REST1_RL_hp2000.ica/filtered_func_data.ica/report/IC_63_MMfit.png","OgHH9RMb3i4RQYj3r2ZFxBFgNhERcFSC"
"s3://hcp-openaccess/HCP_1200/506234/MNINonLinear/Results/rfMRI_REST1_RL/rfMRI_REST1_RL_hp2000.ica/filtered_func_data.ica/report/IC_63_prob.png","506234","MNINonLinear//Results/rfMRI_REST1_RL/rfMRI_REST1_RL_hp2000.ica/filtered_func_data.ica/report/IC_63_prob.png","JUmg8o_c6p4sh3SYKRlZ955hnMq32jrW"
"s3://hcp-openaccess/HCP_1200/506234/MNINonLinear/Results/rfMRI_REST1_RL/rfMRI_REST1_RL_hp2000.ica/filtered_func_data.ica/report/IC_63_thresh.png","506234","MNINonLinear//Results/rfMRI_REST1_RL/rfMRI_REST1_RL_hp2000.ica/filtered_func_data.ica/report/IC_63_thresh.png","ZW2d46yW2oAHcHlsJRFd8tPqfjNRyAfi"
"s3://hcp-openaccess/HCP_1200/506234/MNINonLinear/Results/rfMRI_REST1_RL/rfMRI_REST1_RL_hp2000.ica/filtered_func_data.ica/report/IC_64.html","506234","MNINonLinear//Results/rfMRI_REST1_RL/rfMRI_REST1_RL_hp2000.ica/filtered_func_data.ica/report/IC_64.html","ExJVoRgQQhVyOMJSS_GPNa8WJ9sdSW7p"
"s3://hcp-openaccess/HCP_1200/506234/MNINonLinear/Results/rfMRI_REST1_RL/rfMRI_REST1_RL_hp2000.ica/filtered_func_data.ica/report/IC_64.png","506234","MNINonLinear//Results/rfMRI_REST1_RL/rfMRI_REST1_RL_hp2000.ica/filtered_func_data.ica/report/IC_64.png","IZHlq3oFr1lQpx2ITnaaqgj_UxUfvHl2"
"s3://hcp-openaccess/HCP_1200/506234/MNINonLinear/Results/rfMRI_REST1_RL/rfMRI_REST1_RL_hp2000.ica/filtered_func_data.ica/report/IC_64_MM.html","506234","MNINonLinear//Results/rfMRI_REST1_RL/rfMRI_REST1_RL_hp2000.ica/filtered_func_data.ica/report/IC_64_MM.html","foY_No5CAtaiJ4DcWHtuJv2khXnzo0C4"
"s3://hcp-openaccess/HCP_1200/506234/MNINonLinear/Results/rfMRI_REST1_RL/rfMRI_REST1_RL_hp2000.ica/filtered_func_data.ica/report/IC_64_MMfit.png","506234","MNINonLinear//Results/rfMRI_REST1_RL/rfMRI_REST1_RL_hp2000.ica/filtered_func_data.ica/report/IC_64_MMfit.png","HT70_NxCRo2zKHZZYajuxuBSVUuL05U."
"s3://hcp-openaccess/HCP_1200/506234/MNINonLinear/Results/rfMRI_REST1_RL/rfMRI_REST1_RL_hp2000.ica/filtered_func_data.ica/report/IC_64_prob.png","506234","MNINonLinear//Results/rfMRI_REST1_RL/rfMRI_REST1_RL_hp2000.ica/filtered_func_data.ica/report/IC_64_prob.png","evpU.bKaR11DEWD_h9ReIEkoUiTZeRCt"
"s3://hcp-openaccess/HCP_1200/506234/MNINonLinear/Results/rfMRI_REST1_RL/rfMRI_REST1_RL_hp2000.ica/filtered_func_data.ica/report/IC_64_thresh.png","506234","MNINonLinear//Results/rfMRI_REST1_RL/rfMRI_REST1_RL_hp2000.ica/filtered_func_data.ica/report/IC_64_thresh.png","O5vFmijUcycbJqHxo_oEGj_zD8nkbU0e"
"s3://hcp-openaccess/HCP_1200/506234/MNINonLinear/Results/rfMRI_REST1_RL/rfMRI_REST1_RL_hp2000.ica/filtered_func_data.ica/report/IC_65.html","506234","MNINonLinear//Results/rfMRI_REST1_RL/rfMRI_REST1_RL_hp2000.ica/filtered_func_data.ica/report/IC_65.html","cKQLVAAcipxJkgC1lw36_kH2tNp9Qdl_"
"s3://hcp-openaccess/HCP_1200/506234/MNINonLinear/Results/rfMRI_REST1_RL/rfMRI_REST1_RL_hp2000.ica/filtered_func_data.ica/report/IC_65.png","506234","MNINonLinear//Results/rfMRI_REST1_RL/rfMRI_REST1_RL_hp2000.ica/filtered_func_data.ica/report/IC_65.png","dRw3ckNBrx1H0hZxQWig2WCeMJ43jqwV"
"s3://hcp-openaccess/HCP_1200/506234/MNINonLinear/Results/rfMRI_REST1_RL/rfMRI_REST1_RL_hp2000.ica/filtered_func_data.ica/report/IC_65_MM.html","506234","MNINonLinear//Results/rfMRI_REST1_RL/rfMRI_REST1_RL_hp2000.ica/filtered_func_data.ica/report/IC_65_MM.html","tEDIfCauSqQbcTZadjXhF.xB.PIBxTAB"
"s3://hcp-openaccess/HCP_1200/506234/MNINonLinear/Results/rfMRI_REST1_RL/rfMRI_REST1_RL_hp2000.ica/filtered_func_data.ica/report/IC_65_MMfit.png","506234","MNINonLinear//Results/rfMRI_REST1_RL/rfMRI_REST1_RL_hp2000.ica/filtered_func_data.ica/report/IC_65_MMfit.png","Z3KO21Hbin7fDoS0M1fRi6RKjxVcG4OQ"
"s3://hcp-openaccess/HCP_1200/506234/MNINonLinear/Results/rfMRI_REST1_RL/rfMRI_REST1_RL_hp2000.ica/filtered_func_data.ica/report/IC_65_prob.png","506234","MNINonLinear//Results/rfMRI_REST1_RL/rfMRI_REST1_RL_hp2000.ica/filtered_func_data.ica/report/IC_65_prob.png","MlM.J0TeykchggV7htJd9dg6PN7gSjLz"
"s3://hcp-openaccess/HCP_1200/506234/MNINonLinear/Results/rfMRI_REST1_RL/rfMRI_REST1_RL_hp2000.ica/filtered_func_data.ica/report/IC_65_thresh.png","506234","MNINonLinear//Results/rfMRI_REST1_RL/rfMRI_REST1_RL_hp2000.ica/filtered_func_data.ica/report/IC_65_thresh.png","m_kyhK5YgE7Ousp5q0XK71mvyPM3vnb1"
"s3://hcp-openaccess/HCP_1200/506234/MNINonLinear/Results/rfMRI_REST1_RL/rfMRI_REST1_RL_hp2000.ica/filtered_func_data.ica/report/IC_66.html","506234","MNINonLinear//Results/rfMRI_REST1_RL/rfMRI_REST1_RL_hp2000.ica/filtered_func_data.ica/report/IC_66.html","jen9sj.x_4Ryprt6hEbPU7WwgG0UAzGT"
"s3://hcp-openaccess/HCP_1200/506234/MNINonLinear/Results/rfMRI_REST1_RL/rfMRI_REST1_RL_hp2000.ica/filtered_func_data.ica/report/IC_66.png","506234","MNINonLinear//Results/rfMRI_REST1_RL/rfMRI_REST1_RL_hp2000.ica/filtered_func_data.ica/report/IC_66.png","Js75DOz_cd5L7UNemY0dOL1oom57sFp7"
"s3://hcp-openaccess/HCP_1200/506234/MNINonLinear/Results/rfMRI_REST1_RL/rfMRI_REST1_RL_hp2000.ica/filtered_func_data.ica/report/IC_66_MM.html","506234","MNINonLinear//Results/rfMRI_REST1_RL/rfMRI_REST1_RL_hp2000.ica/filtered_func_data.ica/report/IC_66_MM.html","RDrb3w6cu3jFMuZv1FvUXydEyhHFioIa"
"s3://hcp-openaccess/HCP_1200/506234/MNINonLinear/Results/rfMRI_REST1_RL/rfMRI_REST1_RL_hp2000.ica/filtered_func_data.ica/report/IC_66_MMfit.png","506234","MNINonLinear//Results/rfMRI_REST1_RL/rfMRI_REST1_RL_hp2000.ica/filtered_func_data.ica/report/IC_66_MMfit.png","0UJVjoei9z.opmMDT5xGKS5sznxVXn1c"
"s3://hcp-openaccess/HCP_1200/506234/MNINonLinear/Results/rfMRI_REST1_RL/rfMRI_REST1_RL_hp2000.ica/filtered_func_data.ica/report/IC_66_prob.png","506234","MNINonLinear//Results/rfMRI_REST1_RL/rfMRI_REST1_RL_hp2000.ica/filtered_func_data.ica/report/IC_66_prob.png","bfzpX1ZnMM5tscNw6IDIHeVds4W.WTcX"
"s3://hcp-openaccess/HCP_1200/506234/MNINonLinear/Results/rfMRI_REST1_RL/rfMRI_REST1_RL_hp2000.ica/filtered_func_data.ica/report/IC_66_thresh.png","506234","MNINonLinear//Results/rfMRI_REST1_RL/rfMRI_REST1_RL_hp2000.ica/filtered_func_data.ica/report/IC_66_thresh.png","gP1wKamRZ528wGMyucOdQPXX4irAQgPg"
"s3://hcp-openaccess/HCP_1200/506234/MNINonLinear/Results/rfMRI_REST1_RL/rfMRI_REST1_RL_hp2000.ica/filtered_func_data.ica/report/IC_67.html","506234","MNINonLinear//Results/rfMRI_REST1_RL/rfMRI_REST1_RL_hp2000.ica/filtered_func_data.ica/report/IC_67.html","0pI.1NdZuPhRFg8warUIHWd.aV36QGiW"
"s3://hcp-openaccess/HCP_1200/506234/MNINonLinear/Results/rfMRI_REST1_RL/rfMRI_REST1_RL_hp2000.ica/filtered_func_data.ica/report/IC_67.png","506234","MNINonLinear//Results/rfMRI_REST1_RL/rfMRI_REST1_RL_hp2000.ica/filtered_func_data.ica/report/IC_67.png","dO2eHtKhOXBoFgxlppquWxPPl8US3fBn"
"s3://hcp-openaccess/HCP_1200/506234/MNINonLinear/Results/rfMRI_REST1_RL/rfMRI_REST1_RL_hp2000.ica/filtered_func_data.ica/report/IC_67_MM.html","506234","MNINonLinear//Results/rfMRI_REST1_RL/rfMRI_REST1_RL_hp2000.ica/filtered_func_data.ica/report/IC_67_MM.html","jh9.ZhxmqcEeU7v.fUt1Y_EOKlfFyh2Q"
"s3://hcp-openaccess/HCP_1200/506234/MNINonLinear/Results/rfMRI_REST1_RL/rfMRI_REST1_RL_hp2000.ica/filtered_func_data.ica/report/IC_67_MMfit.png","506234","MNINonLinear//Results/rfMRI_REST1_RL/rfMRI_REST1_RL_hp2000.ica/filtered_func_data.ica/report/IC_67_MMfit.png","DRT29bMOwxsz5gQva6QjIfqFpZTWxKHT"
"s3://hcp-openaccess/HCP_1200/506234/MNINonLinear/Results/rfMRI_REST1_RL/rfMRI_REST1_RL_hp2000.ica/filtered_func_data.ica/report/IC_67_prob.png","506234","MNINonLinear//Results/rfMRI_REST1_RL/rfMRI_REST1_RL_hp2000.ica/filtered_func_data.ica/report/IC_67_prob.png","QY_m_rTx7ip.sk3AP4WMXmDEH0rmfOUG"
"s3://hcp-openaccess/HCP_1200/506234/MNINonLinear/Results/rfMRI_REST1_RL/rfMRI_REST1_RL_hp2000.ica/filtered_func_data.ica/report/IC_67_thresh.png","506234","MNINonLinear//Results/rfMRI_REST1_RL/rfMRI_REST1_RL_hp2000.ica/filtered_func_data.ica/report/IC_67_thresh.png","vpEAvh2YO0F54e1_pp3nDfO6ji38JUIo"
"s3://hcp-openaccess/HCP_1200/506234/MNINonLinear/Results/rfMRI_REST1_RL/rfMRI_REST1_RL_hp2000.ica/filtered_func_data.ica/report/IC_68.html","506234","MNINonLinear//Results/rfMRI_REST1_RL/rfMRI_REST1_RL_hp2000.ica/filtered_func_data.ica/report/IC_68.html","x9lsPKf2u_6Sbc82SjTChhky4TRz3g59"
"s3://hcp-openaccess/HCP_1200/506234/MNINonLinear/Results/rfMRI_REST1_RL/rfMRI_REST1_RL_hp2000.ica/filtered_func_data.ica/report/IC_68.png","506234","MNINonLinear//Results/rfMRI_REST1_RL/rfMRI_REST1_RL_hp2000.ica/filtered_func_data.ica/report/IC_68.png","ybYmuzMROGPqQcuvqov9OzvZ.XlI9ToG"
"s3://hcp-openaccess/HCP_1200/506234/MNINonLinear/Results/rfMRI_REST1_RL/rfMRI_REST1_RL_hp2000.ica/filtered_func_data.ica/report/IC_68_MM.html","506234","MNINonLinear//Results/rfMRI_REST1_RL/rfMRI_REST1_RL_hp2000.ica/filtered_func_data.ica/report/IC_68_MM.html","4gXP6LiDd.ow0bKKehiBhItnDDmUb6r."
"s3://hcp-openaccess/HCP_1200/506234/MNINonLinear/Results/rfMRI_REST1_RL/rfMRI_REST1_RL_hp2000.ica/filtered_func_data.ica/report/IC_68_MMfit.png","506234","MNINonLinear//Results/rfMRI_REST1_RL/rfMRI_REST1_RL_hp2000.ica/filtered_func_data.ica/report/IC_68_MMfit.png","BswkEsVWfz02PWOxphSkE2893No_zWoM"
"s3://hcp-openaccess/HCP_1200/506234/MNINonLinear/Results/rfMRI_REST1_RL/rfMRI_REST1_RL_hp2000.ica/filtered_func_data.ica/report/IC_68_prob.png","506234","MNINonLinear//Results/rfMRI_REST1_RL/rfMRI_REST1_RL_hp2000.ica/filtered_func_data.ica/report/IC_68_prob.png","JkTat.LB75cnut7TQOhjGs8cvDic1CQM"
"s3://hcp-openaccess/HCP_1200/506234/MNINonLinear/Results/rfMRI_REST1_RL/rfMRI_REST1_RL_hp2000.ica/filtered_func_data.ica/report/IC_68_thresh.png","506234","MNINonLinear//Results/rfMRI_REST1_RL/rfMRI_REST1_RL_hp2000.ica/filtered_func_data.ica/report/IC_68_thresh.png","JSjUKpzyVgj0aXxVq9SkhcN1ybveIBeq"
"s3://hcp-openaccess/HCP_1200/506234/MNINonLinear/Results/rfMRI_REST1_RL/rfMRI_REST1_RL_hp2000.ica/filtered_func_data.ica/report/IC_69.html","506234","MNINonLinear//Results/rfMRI_REST1_RL/rfMRI_REST1_RL_hp2000.ica/filtered_func_data.ica/report/IC_69.html","aek4tc0OOWCsEvDaQTtC57dK4k67BbyT"
"s3://hcp-openaccess/HCP_1200/506234/MNINonLinear/Results/rfMRI_REST1_RL/rfMRI_REST1_RL_hp2000.ica/filtered_func_data.ica/report/IC_69.png","506234","MNINonLinear//Results/rfMRI_REST1_RL/rfMRI_REST1_RL_hp2000.ica/filtered_func_data.ica/report/IC_69.png","GzTnwxIStvKINQR_4BJw0XQHkqOOsPfM"
"s3://hcp-openaccess/HCP_1200/506234/MNINonLinear/Results/rfMRI_REST1_RL/rfMRI_REST1_RL_hp2000.ica/filtered_func_data.ica/report/IC_69_MM.html","506234","MNINonLinear//Results/rfMRI_REST1_RL/rfMRI_REST1_RL_hp2000.ica/filtered_func_data.ica/report/IC_69_MM.html","l.GvGPXYHM.ZLcnVeE26_aebXcOtkzed"
"s3://hcp-openaccess/HCP_1200/506234/MNINonLinear/Results/rfMRI_REST1_RL/rfMRI_REST1_RL_hp2000.ica/filtered_func_data.ica/report/IC_69_MMfit.png","506234","MNINonLinear//Results/rfMRI_REST1_RL/rfMRI_REST1_RL_hp2000.ica/filtered_func_data.ica/report/IC_69_MMfit.png","KMNvsQuGjLcBXe01qCvGSoV_LBXBedi9"
"s3://hcp-openaccess/HCP_1200/506234/MNINonLinear/Results/rfMRI_REST1_RL/rfMRI_REST1_RL_hp2000.ica/filtered_func_data.ica/report/IC_69_prob.png","506234","MNINonLinear//Results/rfMRI_REST1_RL/rfMRI_REST1_RL_hp2000.ica/filtered_func_data.ica/report/IC_69_prob.png","ldS0FCUr4qRMpK9zx2cwwJaB_.al.VjX"
"s3://hcp-openaccess/HCP_1200/506234/MNINonLinear/Results/rfMRI_REST1_RL/rfMRI_REST1_RL_hp2000.ica/filtered_func_data.ica/report/IC_69_thresh.png","506234","MNINonLinear//Results/rfMRI_REST1_RL/rfMRI_REST1_RL_hp2000.ica/filtered_func_data.ica/report/IC_69_thresh.png","jd9djHaXUf3s.UTERm9m5oGcqOlV7yyy"
"s3://hcp-openaccess/HCP_1200/506234/MNINonLinear/Results/rfMRI_REST1_RL/rfMRI_REST1_RL_hp2000.ica/filtered_func_data.ica/report/IC_6_MM.html","506234","MNINonLinear//Results/rfMRI_REST1_RL/rfMRI_REST1_RL_hp2000.ica/filtered_func_data.ica/report/IC_6_MM.html","TCPHgMHmOih90kJQihQCsMf3UiC.fNiN"
"s3://hcp-openaccess/HCP_1200/506234/MNINonLinear/Results/rfMRI_REST1_RL/rfMRI_REST1_RL_hp2000.ica/filtered_func_data.ica/report/IC_6_MMfit.png","506234","MNINonLinear//Results/rfMRI_REST1_RL/rfMRI_REST1_RL_hp2000.ica/filtered_func_data.ica/report/IC_6_MMfit.png","aOSEKemGrr.sPphCCsS473cQvP3rOssC"
"s3://hcp-openaccess/HCP_1200/506234/MNINonLinear/Results/rfMRI_REST1_RL/rfMRI_REST1_RL_hp2000.ica/filtered_func_data.ica/report/IC_6_prob.png","506234","MNINonLinear//Results/rfMRI_REST1_RL/rfMRI_REST1_RL_hp2000.ica/filtered_func_data.ica/report/IC_6_prob.png","VfWMo9siKI1RILHIvqmcpJCYTAf1uT_U"
"s3://hcp-openaccess/HCP_1200/506234/MNINonLinear/Results/rfMRI_REST1_RL/rfMRI_REST1_RL_hp2000.ica/filtered_func_data.ica/report/IC_6_thresh.png","506234","MNINonLinear//Results/rfMRI_REST1_RL/rfMRI_REST1_RL_hp2000.ica/filtered_func_data.ica/report/IC_6_thresh.png","W1Duwv2FWkEYhRdmLh2zVIQkFRlq5xgs"
"s3://hcp-openaccess/HCP_1200/506234/MNINonLinear/Results/rfMRI_REST1_RL/rfMRI_REST1_RL_hp2000.ica/filtered_func_data.ica/report/IC_7.html","506234","MNINonLinear//Results/rfMRI_REST1_RL/rfMRI_REST1_RL_hp2000.ica/filtered_func_data.ica/report/IC_7.html","NTlSnK5iz8mFXYA8QhWUQoddo083hO2z"
"s3://hcp-openaccess/HCP_1200/506234/MNINonLinear/Results/rfMRI_REST1_RL/rfMRI_REST1_RL_hp2000.ica/filtered_func_data.ica/report/IC_7.png","506234","MNINonLinear//Results/rfMRI_REST1_RL/rfMRI_REST1_RL_hp2000.ica/filtered_func_data.ica/report/IC_7.png","Yh3cc34qc.elWU_POGPnYWbRpkMXMPcp"
"s3://hcp-openaccess/HCP_1200/506234/MNINonLinear/Results/rfMRI_REST1_RL/rfMRI_REST1_RL_hp2000.ica/filtered_func_data.ica/report/IC_70.html","506234","MNINonLinear//Results/rfMRI_REST1_RL/rfMRI_REST1_RL_hp2000.ica/filtered_func_data.ica/report/IC_70.html","QnErOV5Wfg3NRzI.Cm9g9l9mGxd6vGz1"
"s3://hcp-openaccess/HCP_1200/506234/MNINonLinear/Results/rfMRI_REST1_RL/rfMRI_REST1_RL_hp2000.ica/filtered_func_data.ica/report/IC_70.png","506234","MNINonLinear//Results/rfMRI_REST1_RL/rfMRI_REST1_RL_hp2000.ica/filtered_func_data.ica/report/IC_70.png","Oy1FYK0Wo0JSLftbrO0CHxugAMNyK1LD"
"s3://hcp-openaccess/HCP_1200/506234/MNINonLinear/Results/rfMRI_REST1_RL/rfMRI_REST1_RL_hp2000.ica/filtered_func_data.ica/report/IC_70_MM.html","506234","MNINonLinear//Results/rfMRI_REST1_RL/rfMRI_REST1_RL_hp2000.ica/filtered_func_data.ica/report/IC_70_MM.html","8gqgn_4kpi1kfUZPKJHPiep9IE1UXoTp"
"s3://hcp-openaccess/HCP_1200/506234/MNINonLinear/Results/rfMRI_REST1_RL/rfMRI_REST1_RL_hp2000.ica/filtered_func_data.ica/report/IC_70_MMfit.png","506234","MNINonLinear//Results/rfMRI_REST1_RL/rfMRI_REST1_RL_hp2000.ica/filtered_func_data.ica/report/IC_70_MMfit.png","12ajvnWtNFxYtyEaO_K9BL76XUVt5cWe"
"s3://hcp-openaccess/HCP_1200/506234/MNINonLinear/Results/rfMRI_REST1_RL/rfMRI_REST1_RL_hp2000.ica/filtered_func_data.ica/report/IC_70_prob.png","506234","MNINonLinear//Results/rfMRI_REST1_RL/rfMRI_REST1_RL_hp2000.ica/filtered_func_data.ica/report/IC_70_prob.png","822zF4iw2NG_sqaboqEl.8MSrYMdTHyX"
"s3://hcp-openaccess/HCP_1200/506234/MNINonLinear/Results/rfMRI_REST1_RL/rfMRI_REST1_RL_hp2000.ica/filtered_func_data.ica/report/IC_70_thresh.png","506234","MNINonLinear//Results/rfMRI_REST1_RL/rfMRI_REST1_RL_hp2000.ica/filtered_func_data.ica/report/IC_70_thresh.png","wzUWfp9pkkL95Q7s1pCeFA8rJAqYzxCK"
"s3://hcp-openaccess/HCP_1200/506234/MNINonLinear/Results/rfMRI_REST1_RL/rfMRI_REST1_RL_hp2000.ica/filtered_func_data.ica/report/IC_71.html","506234","MNINonLinear//Results/rfMRI_REST1_RL/rfMRI_REST1_RL_hp2000.ica/filtered_func_data.ica/report/IC_71.html","7S9fTUThM.frkQcKX5j3HWwlQVOUMFIr"
"s3://hcp-openaccess/HCP_1200/506234/MNINonLinear/Results/rfMRI_REST1_RL/rfMRI_REST1_RL_hp2000.ica/filtered_func_data.ica/report/IC_71.png","506234","MNINonLinear//Results/rfMRI_REST1_RL/rfMRI_REST1_RL_hp2000.ica/filtered_func_data.ica/report/IC_71.png","ieQHhjZPiZHPqDtaobiYlpRBVnSNt2jc"
"s3://hcp-openaccess/HCP_1200/506234/MNINonLinear/Results/rfMRI_REST1_RL/rfMRI_REST1_RL_hp2000.ica/filtered_func_data.ica/report/IC_71_MM.html","506234","MNINonLinear//Results/rfMRI_REST1_RL/rfMRI_REST1_RL_hp2000.ica/filtered_func_data.ica/report/IC_71_MM.html","iByjVs5UlaHQPbCvawFPrf3goO_hNfgA"
"s3://hcp-openaccess/HCP_1200/506234/MNINonLinear/Results/rfMRI_REST1_RL/rfMRI_REST1_RL_hp2000.ica/filtered_func_data.ica/report/IC_71_MMfit.png","506234","MNINonLinear//Results/rfMRI_REST1_RL/rfMRI_REST1_RL_hp2000.ica/filtered_func_data.ica/report/IC_71_MMfit.png","dKgK.FFm_rhSGw70SaQQaocwVZQDHqVL"
"s3://hcp-openaccess/HCP_1200/506234/MNINonLinear/Results/rfMRI_REST1_RL/rfMRI_REST1_RL_hp2000.ica/filtered_func_data.ica/report/IC_71_prob.png","506234","MNINonLinear//Results/rfMRI_REST1_RL/rfMRI_REST1_RL_hp2000.ica/filtered_func_data.ica/report/IC_71_prob.png","UtA.lSWZez7yrNFA1lA3iXgNoeBIA1Dm"
"s3://hcp-openaccess/HCP_1200/506234/MNINonLinear/Results/rfMRI_REST1_RL/rfMRI_REST1_RL_hp2000.ica/filtered_func_data.ica/report/IC_71_thresh.png","506234","MNINonLinear//Results/rfMRI_REST1_RL/rfMRI_REST1_RL_hp2000.ica/filtered_func_data.ica/report/IC_71_thresh.png","xnp83mb2CBceEbRyJvDsN02qQ76ArNrW"
"s3://hcp-openaccess/HCP_1200/506234/MNINonLinear/Results/rfMRI_REST1_RL/rfMRI_REST1_RL_hp2000.ica/filtered_func_data.ica/report/IC_72.html","506234","MNINonLinear//Results/rfMRI_REST1_RL/rfMRI_REST1_RL_hp2000.ica/filtered_func_data.ica/report/IC_72.html","M7IpywFsGVc9NNuiS7xg.nfJdPP0LdjF"
"s3://hcp-openaccess/HCP_1200/506234/MNINonLinear/Results/rfMRI_REST1_RL/rfMRI_REST1_RL_hp2000.ica/filtered_func_data.ica/report/IC_72.png","506234","MNINonLinear//Results/rfMRI_REST1_RL/rfMRI_REST1_RL_hp2000.ica/filtered_func_data.ica/report/IC_72.png","uzG9QpTA9FUb5yoQrxrWg6mvZdRoc56e"
"s3://hcp-openaccess/HCP_1200/506234/MNINonLinear/Results/rfMRI_REST1_RL/rfMRI_REST1_RL_hp2000.ica/filtered_func_data.ica/report/IC_72_MM.html","506234","MNINonLinear//Results/rfMRI_REST1_RL/rfMRI_REST1_RL_hp2000.ica/filtered_func_data.ica/report/IC_72_MM.html","SKlFc9OcGkFeHiLas9VE_Jjgj1s11_XG"
"s3://hcp-openaccess/HCP_1200/506234/MNINonLinear/Results/rfMRI_REST1_RL/rfMRI_REST1_RL_hp2000.ica/filtered_func_data.ica/report/IC_72_MMfit.png","506234","MNINonLinear//Results/rfMRI_REST1_RL/rfMRI_REST1_RL_hp2000.ica/filtered_func_data.ica/report/IC_72_MMfit.png","XptTs2wVPgb9OFmvW8cSFiEFk1RudavJ"
"s3://hcp-openaccess/HCP_1200/506234/MNINonLinear/Results/rfMRI_REST1_RL/rfMRI_REST1_RL_hp2000.ica/filtered_func_data.ica/report/IC_72_prob.png","506234","MNINonLinear//Results/rfMRI_REST1_RL/rfMRI_REST1_RL_hp2000.ica/filtered_func_data.ica/report/IC_72_prob.png","JACcZpKefHAyqhvIZIUPyn97utkXSgFu"
"s3://hcp-openaccess/HCP_1200/506234/MNINonLinear/Results/rfMRI_REST1_RL/rfMRI_REST1_RL_hp2000.ica/filtered_func_data.ica/report/IC_72_thresh.png","506234","MNINonLinear//Results/rfMRI_REST1_RL/rfMRI_REST1_RL_hp2000.ica/filtered_func_data.ica/report/IC_72_thresh.png","UCNIaQjPQf0.XWWhs_U_MJOrcMhe2Tc0"
"s3://hcp-openaccess/HCP_1200/506234/MNINonLinear/Results/rfMRI_REST1_RL/rfMRI_REST1_RL_hp2000.ica/filtered_func_data.ica/report/IC_73.html","506234","MNINonLinear//Results/rfMRI_REST1_RL/rfMRI_REST1_RL_hp2000.ica/filtered_func_data.ica/report/IC_73.html","fZ1vQSoyUYfhSDjYz_tZrPuW93Zhzmmq"
"s3://hcp-openaccess/HCP_1200/506234/MNINonLinear/Results/rfMRI_REST1_RL/rfMRI_REST1_RL_hp2000.ica/filtered_func_data.ica/report/IC_73.png","506234","MNINonLinear//Results/rfMRI_REST1_RL/rfMRI_REST1_RL_hp2000.ica/filtered_func_data.ica/report/IC_73.png","SwpxrAu3Z28GUU2cw1z2aJj.Tlo.vmi3"
"s3://hcp-openaccess/HCP_1200/506234/MNINonLinear/Results/rfMRI_REST1_RL/rfMRI_REST1_RL_hp2000.ica/filtered_func_data.ica/report/IC_73_MM.html","506234","MNINonLinear//Results/rfMRI_REST1_RL/rfMRI_REST1_RL_hp2000.ica/filtered_func_data.ica/report/IC_73_MM.html","4r9nIr7cPhyrz06QpTvmrdigaXR0.cCG"
"s3://hcp-openaccess/HCP_1200/506234/MNINonLinear/Results/rfMRI_REST1_RL/rfMRI_REST1_RL_hp2000.ica/filtered_func_data.ica/report/IC_73_MMfit.png","506234","MNINonLinear//Results/rfMRI_REST1_RL/rfMRI_REST1_RL_hp2000.ica/filtered_func_data.ica/report/IC_73_MMfit.png","X8XC3eD5FitdUCIGNti.gLQOrws5xBlB"
"s3://hcp-openaccess/HCP_1200/506234/MNINonLinear/Results/rfMRI_REST1_RL/rfMRI_REST1_RL_hp2000.ica/filtered_func_data.ica/report/IC_73_prob.png","506234","MNINonLinear//Results/rfMRI_REST1_RL/rfMRI_REST1_RL_hp2000.ica/filtered_func_data.ica/report/IC_73_prob.png","XDqb70IPgU111VfU1Z20.o758Se_Qpry"
"s3://hcp-openaccess/HCP_1200/506234/MNINonLinear/Results/rfMRI_REST1_RL/rfMRI_REST1_RL_hp2000.ica/filtered_func_data.ica/report/IC_73_thresh.png","506234","MNINonLinear//Results/rfMRI_REST1_RL/rfMRI_REST1_RL_hp2000.ica/filtered_func_data.ica/report/IC_73_thresh.png","g_tLqrMl6wlOu_rqTxeyDWFqhzDYTUy3"
"s3://hcp-openaccess/HCP_1200/506234/MNINonLinear/Results/rfMRI_REST1_RL/rfMRI_REST1_RL_hp2000.ica/filtered_func_data.ica/report/IC_74.html","506234","MNINonLinear//Results/rfMRI_REST1_RL/rfMRI_REST1_RL_hp2000.ica/filtered_func_data.ica/report/IC_74.html","sTUVJjoIx5KZXzjz5Ti7ia9moAr4CPr_"
"s3://hcp-openaccess/HCP_1200/506234/MNINonLinear/Results/rfMRI_REST1_RL/rfMRI_REST1_RL_hp2000.ica/filtered_func_data.ica/report/IC_74.png","506234","MNINonLinear//Results/rfMRI_REST1_RL/rfMRI_REST1_RL_hp2000.ica/filtered_func_data.ica/report/IC_74.png","hikVCqd4lF7qA9cHuax.n1feirj7XJJu"
"s3://hcp-openaccess/HCP_1200/506234/MNINonLinear/Results/rfMRI_REST1_RL/rfMRI_REST1_RL_hp2000.ica/filtered_func_data.ica/report/IC_74_MM.html","506234","MNINonLinear//Results/rfMRI_REST1_RL/rfMRI_REST1_RL_hp2000.ica/filtered_func_data.ica/report/IC_74_MM.html","N.2Upkf362jS4xq7nXfIv.gatHQIgBC3"
"s3://hcp-openaccess/HCP_1200/506234/MNINonLinear/Results/rfMRI_REST1_RL/rfMRI_REST1_RL_hp2000.ica/filtered_func_data.ica/report/IC_74_MMfit.png","506234","MNINonLinear//Results/rfMRI_REST1_RL/rfMRI_REST1_RL_hp2000.ica/filtered_func_data.ica/report/IC_74_MMfit.png","lh19r7pyGc7XJyDTUVv5gxBAPhg_vmju"
"s3://hcp-openaccess/HCP_1200/506234/MNINonLinear/Results/rfMRI_REST1_RL/rfMRI_REST1_RL_hp2000.ica/filtered_func_data.ica/report/IC_74_prob.png","506234","MNINonLinear//Results/rfMRI_REST1_RL/rfMRI_REST1_RL_hp2000.ica/filtered_func_data.ica/report/IC_74_prob.png","KLXMn_rdWKST4fXjC.2TUhh8fzLZ1RHd"
"s3://hcp-openaccess/HCP_1200/506234/MNINonLinear/Results/rfMRI_REST1_RL/rfMRI_REST1_RL_hp2000.ica/filtered_func_data.ica/report/IC_74_thresh.png","506234","MNINonLinear//Results/rfMRI_REST1_RL/rfMRI_REST1_RL_hp2000.ica/filtered_func_data.ica/report/IC_74_thresh.png","mVxxRgTrWFz3bihbC8u77Vgm8aON5ipB"
"s3://hcp-openaccess/HCP_1200/506234/MNINonLinear/Results/rfMRI_REST1_RL/rfMRI_REST1_RL_hp2000.ica/filtered_func_data.ica/report/IC_75.html","506234","MNINonLinear//Results/rfMRI_REST1_RL/rfMRI_REST1_RL_hp2000.ica/filtered_func_data.ica/report/IC_75.html","BLO0dtwdV._culie61ZPPGliDAVRNFRO"
"s3://hcp-openaccess/HCP_1200/506234/MNINonLinear/Results/rfMRI_REST1_RL/rfMRI_REST1_RL_hp2000.ica/filtered_func_data.ica/report/IC_75.png","506234","MNINonLinear//Results/rfMRI_REST1_RL/rfMRI_REST1_RL_hp2000.ica/filtered_func_data.ica/report/IC_75.png","U_KzEKTuE3X2C2C62UgOa6Lx8c.PvGtN"
"s3://hcp-openaccess/HCP_1200/506234/MNINonLinear/Results/rfMRI_REST1_RL/rfMRI_REST1_RL_hp2000.ica/filtered_func_data.ica/report/IC_75_MM.html","506234","MNINonLinear//Results/rfMRI_REST1_RL/rfMRI_REST1_RL_hp2000.ica/filtered_func_data.ica/report/IC_75_MM.html","EX0X6SQEIyRKNqYMQCapPgt3wr_XKuz1"
"s3://hcp-openaccess/HCP_1200/506234/MNINonLinear/Results/rfMRI_REST1_RL/rfMRI_REST1_RL_hp2000.ica/filtered_func_data.ica/report/IC_75_MMfit.png","506234","MNINonLinear//Results/rfMRI_REST1_RL/rfMRI_REST1_RL_hp2000.ica/filtered_func_data.ica/report/IC_75_MMfit.png","nXN9G8qGyeTMF_hy9DI.tdFvd04CUUnO"
"s3://hcp-openaccess/HCP_1200/506234/MNINonLinear/Results/rfMRI_REST1_RL/rfMRI_REST1_RL_hp2000.ica/filtered_func_data.ica/report/IC_75_prob.png","506234","MNINonLinear//Results/rfMRI_REST1_RL/rfMRI_REST1_RL_hp2000.ica/filtered_func_data.ica/report/IC_75_prob.png","Hnk0aEMN_73ZfES0JndpkNdEJwcpbUpu"
"s3://hcp-openaccess/HCP_1200/506234/MNINonLinear/Results/rfMRI_REST1_RL/rfMRI_REST1_RL_hp2000.ica/filtered_func_data.ica/report/IC_75_thresh.png","506234","MNINonLinear//Results/rfMRI_REST1_RL/rfMRI_REST1_RL_hp2000.ica/filtered_func_data.ica/report/IC_75_thresh.png","UpcjHtzbp_pX0Mym4.gkA5xTqodDsyCU"
"s3://hcp-openaccess/HCP_1200/506234/MNINonLinear/Results/rfMRI_REST1_RL/rfMRI_REST1_RL_hp2000.ica/filtered_func_data.ica/report/IC_76.html","506234","MNINonLinear//Results/rfMRI_REST1_RL/rfMRI_REST1_RL_hp2000.ica/filtered_func_data.ica/report/IC_76.html","._3XFOCQ69fLTfqEo.d3T9lNG5kWElob"
"s3://hcp-openaccess/HCP_1200/506234/MNINonLinear/Results/rfMRI_REST1_RL/rfMRI_REST1_RL_hp2000.ica/filtered_func_data.ica/report/IC_76.png","506234","MNINonLinear//Results/rfMRI_REST1_RL/rfMRI_REST1_RL_hp2000.ica/filtered_func_data.ica/report/IC_76.png",".txcrBZ6Snrjr8XhvWE0UUcvceStr_vj"
"s3://hcp-openaccess/HCP_1200/506234/MNINonLinear/Results/rfMRI_REST1_RL/rfMRI_REST1_RL_hp2000.ica/filtered_func_data.ica/report/IC_76_MM.html","506234","MNINonLinear//Results/rfMRI_REST1_RL/rfMRI_REST1_RL_hp2000.ica/filtered_func_data.ica/report/IC_76_MM.html","wkAEFIH1kEutxNfbUI8wd13nPpDwU36e"
"s3://hcp-openaccess/HCP_1200/506234/MNINonLinear/Results/rfMRI_REST1_RL/rfMRI_REST1_RL_hp2000.ica/filtered_func_data.ica/report/IC_76_MMfit.png","506234","MNINonLinear//Results/rfMRI_REST1_RL/rfMRI_REST1_RL_hp2000.ica/filtered_func_data.ica/report/IC_76_MMfit.png","o5Vf5faP6VjfIzDr19VciV5MBX.VauyR"
"s3://hcp-openaccess/HCP_1200/506234/MNINonLinear/Results/rfMRI_REST1_RL/rfMRI_REST1_RL_hp2000.ica/filtered_func_data.ica/report/IC_76_prob.png","506234","MNINonLinear//Results/rfMRI_REST1_RL/rfMRI_REST1_RL_hp2000.ica/filtered_func_data.ica/report/IC_76_prob.png","Pje9MWcuVjzr38sXC9rpe0Rh20UJ_V81"
"s3://hcp-openaccess/HCP_1200/506234/MNINonLinear/Results/rfMRI_REST1_RL/rfMRI_REST1_RL_hp2000.ica/filtered_func_data.ica/report/IC_76_thresh.png","506234","MNINonLinear//Results/rfMRI_REST1_RL/rfMRI_REST1_RL_hp2000.ica/filtered_func_data.ica/report/IC_76_thresh.png","IEYkv.4Z8qYE8FqOKLltmMjVpYqIG0td"
"s3://hcp-openaccess/HCP_1200/506234/MNINonLinear/Results/rfMRI_REST1_RL/rfMRI_REST1_RL_hp2000.ica/filtered_func_data.ica/report/IC_77.html","506234","MNINonLinear//Results/rfMRI_REST1_RL/rfMRI_REST1_RL_hp2000.ica/filtered_func_data.ica/report/IC_77.html","x4uWQ1vxJhvJFZdLCL7cn5vzt4Fogqme"
"s3://hcp-openaccess/HCP_1200/506234/MNINonLinear/Results/rfMRI_REST1_RL/rfMRI_REST1_RL_hp2000.ica/filtered_func_data.ica/report/IC_77.png","506234","MNINonLinear//Results/rfMRI_REST1_RL/rfMRI_REST1_RL_hp2000.ica/filtered_func_data.ica/report/IC_77.png","zNmTq07NKAguwB1d5CJZbRlFmHWPmXIG"
"s3://hcp-openaccess/HCP_1200/506234/MNINonLinear/Results/rfMRI_REST1_RL/rfMRI_REST1_RL_hp2000.ica/filtered_func_data.ica/report/IC_77_MM.html","506234","MNINonLinear//Results/rfMRI_REST1_RL/rfMRI_REST1_RL_hp2000.ica/filtered_func_data.ica/report/IC_77_MM.html","4MN99AxnxqmUR7.ytD5YmoFSRjgYcd_b"
"s3://hcp-openaccess/HCP_1200/506234/MNINonLinear/Results/rfMRI_REST1_RL/rfMRI_REST1_RL_hp2000.ica/filtered_func_data.ica/report/IC_77_MMfit.png","506234","MNINonLinear//Results/rfMRI_REST1_RL/rfMRI_REST1_RL_hp2000.ica/filtered_func_data.ica/report/IC_77_MMfit.png","RjIQvQuS_DNL7Osc2ovzums7uG2ppuT9"
"s3://hcp-openaccess/HCP_1200/506234/MNINonLinear/Results/rfMRI_REST1_RL/rfMRI_REST1_RL_hp2000.ica/filtered_func_data.ica/report/IC_77_prob.png","506234","MNINonLinear//Results/rfMRI_REST1_RL/rfMRI_REST1_RL_hp2000.ica/filtered_func_data.ica/report/IC_77_prob.png","UDISYFcpkngcnUXWR5gIP6L.lP46Zs4S"
"s3://hcp-openaccess/HCP_1200/506234/MNINonLinear/Results/rfMRI_REST1_RL/rfMRI_REST1_RL_hp2000.ica/filtered_func_data.ica/report/IC_77_thresh.png","506234","MNINonLinear//Results/rfMRI_REST1_RL/rfMRI_REST1_RL_hp2000.ica/filtered_func_data.ica/report/IC_77_thresh.png","oNQR3ssb36taRu7zXB_9wqUfAL9AF1VO"
"s3://hcp-openaccess/HCP_1200/506234/MNINonLinear/Results/rfMRI_REST1_RL/rfMRI_REST1_RL_hp2000.ica/filtered_func_data.ica/report/IC_78.html","506234","MNINonLinear//Results/rfMRI_REST1_RL/rfMRI_REST1_RL_hp2000.ica/filtered_func_data.ica/report/IC_78.html","jDs7C9OfL1HRwj.Vu2M9gV7Rfm5SJEOm"
"s3://hcp-openaccess/HCP_1200/506234/MNINonLinear/Results/rfMRI_REST1_RL/rfMRI_REST1_RL_hp2000.ica/filtered_func_data.ica/report/IC_78.png","506234","MNINonLinear//Results/rfMRI_REST1_RL/rfMRI_REST1_RL_hp2000.ica/filtered_func_data.ica/report/IC_78.png","OJtGIti8oBHLHPp3gU6RQ6EBEVqykO9t"
"s3://hcp-openaccess/HCP_1200/506234/MNINonLinear/Results/rfMRI_REST1_RL/rfMRI_REST1_RL_hp2000.ica/filtered_func_data.ica/report/IC_78_MM.html","506234","MNINonLinear//Results/rfMRI_REST1_RL/rfMRI_REST1_RL_hp2000.ica/filtered_func_data.ica/report/IC_78_MM.html","ueQz_C3HSWGLa50MF5cZZJihReEt3sl9"
"s3://hcp-openaccess/HCP_1200/506234/MNINonLinear/Results/rfMRI_REST1_RL/rfMRI_REST1_RL_hp2000.ica/filtered_func_data.ica/report/IC_78_MMfit.png","506234","MNINonLinear//Results/rfMRI_REST1_RL/rfMRI_REST1_RL_hp2000.ica/filtered_func_data.ica/report/IC_78_MMfit.png","A.SMHT54XS2lQdP.Sz1YuRe7Hbgk76Y9"
"s3://hcp-openaccess/HCP_1200/506234/MNINonLinear/Results/rfMRI_REST1_RL/rfMRI_REST1_RL_hp2000.ica/filtered_func_data.ica/report/IC_78_prob.png","506234","MNINonLinear//Results/rfMRI_REST1_RL/rfMRI_REST1_RL_hp2000.ica/filtered_func_data.ica/report/IC_78_prob.png","9lh6N18Bm6uQpEpC3g5cfw0iO_vSv0HG"
"s3://hcp-openaccess/HCP_1200/506234/MNINonLinear/Results/rfMRI_REST1_RL/rfMRI_REST1_RL_hp2000.ica/filtered_func_data.ica/report/IC_78_thresh.png","506234","MNINonLinear//Results/rfMRI_REST1_RL/rfMRI_REST1_RL_hp2000.ica/filtered_func_data.ica/report/IC_78_thresh.png","rcwxgt3P9OQXgAOMZSc2BDZZakVlESsx"
"s3://hcp-openaccess/HCP_1200/506234/MNINonLinear/Results/rfMRI_REST1_RL/rfMRI_REST1_RL_hp2000.ica/filtered_func_data.ica/report/IC_79.html","506234","MNINonLinear//Results/rfMRI_REST1_RL/rfMRI_REST1_RL_hp2000.ica/filtered_func_data.ica/report/IC_79.html","6mjHAIAFTIuTuZHUubAd5z3VkCFOgUz0"
"s3://hcp-openaccess/HCP_1200/506234/MNINonLinear/Results/rfMRI_REST1_RL/rfMRI_REST1_RL_hp2000.ica/filtered_func_data.ica/report/IC_79.png","506234","MNINonLinear//Results/rfMRI_REST1_RL/rfMRI_REST1_RL_hp2000.ica/filtered_func_data.ica/report/IC_79.png","Tq76eWbf0NFSpccqTf.s0jzBcPBuptuO"
"s3://hcp-openaccess/HCP_1200/506234/MNINonLinear/Results/rfMRI_REST1_RL/rfMRI_REST1_RL_hp2000.ica/filtered_func_data.ica/report/IC_79_MM.html","506234","MNINonLinear//Results/rfMRI_REST1_RL/rfMRI_REST1_RL_hp2000.ica/filtered_func_data.ica/report/IC_79_MM.html","RuF7rOYC9xt6QiGKL6RUh1BW75AsO2Dj"
"s3://hcp-openaccess/HCP_1200/506234/MNINonLinear/Results/rfMRI_REST1_RL/rfMRI_REST1_RL_hp2000.ica/filtered_func_data.ica/report/IC_79_MMfit.png","506234","MNINonLinear//Results/rfMRI_REST1_RL/rfMRI_REST1_RL_hp2000.ica/filtered_func_data.ica/report/IC_79_MMfit.png","shjZilFi4VN2ncbpi5jCqRwHkIEsSPQh"
"s3://hcp-openaccess/HCP_1200/506234/MNINonLinear/Results/rfMRI_REST1_RL/rfMRI_REST1_RL_hp2000.ica/filtered_func_data.ica/report/IC_79_prob.png","506234","MNINonLinear//Results/rfMRI_REST1_RL/rfMRI_REST1_RL_hp2000.ica/filtered_func_data.ica/report/IC_79_prob.png","Y8KF5FC5YTVB9t7cCfFVpfAobwwr2tfr"
"s3://hcp-openaccess/HCP_1200/506234/MNINonLinear/Results/rfMRI_REST1_RL/rfMRI_REST1_RL_hp2000.ica/filtered_func_data.ica/report/IC_79_thresh.png","506234","MNINonLinear//Results/rfMRI_REST1_RL/rfMRI_REST1_RL_hp2000.ica/filtered_func_data.ica/report/IC_79_thresh.png","jPbT.pqGAJzRvS66igV1rdM8MQhF8Zoy"
"s3://hcp-openaccess/HCP_1200/506234/MNINonLinear/Results/rfMRI_REST1_RL/rfMRI_REST1_RL_hp2000.ica/filtered_func_data.ica/report/IC_7_MM.html","506234","MNINonLinear//Results/rfMRI_REST1_RL/rfMRI_REST1_RL_hp2000.ica/filtered_func_data.ica/report/IC_7_MM.html","uEuLfcV1XLaZvtdWzl3VbDHaI38u1NIP"
"s3://hcp-openaccess/HCP_1200/506234/MNINonLinear/Results/rfMRI_REST1_RL/rfMRI_REST1_RL_hp2000.ica/filtered_func_data.ica/report/IC_7_MMfit.png","506234","MNINonLinear//Results/rfMRI_REST1_RL/rfMRI_REST1_RL_hp2000.ica/filtered_func_data.ica/report/IC_7_MMfit.png","QsgvTLjIlyrwZOlFp_vr0Xh.xdaCugM9"
"s3://hcp-openaccess/HCP_1200/506234/MNINonLinear/Results/rfMRI_REST1_RL/rfMRI_REST1_RL_hp2000.ica/filtered_func_data.ica/report/IC_7_prob.png","506234","MNINonLinear//Results/rfMRI_REST1_RL/rfMRI_REST1_RL_hp2000.ica/filtered_func_data.ica/report/IC_7_prob.png","sd0j1GIyVmYcZn_ab72y8i0qbbdX4pAw"
"s3://hcp-openaccess/HCP_1200/506234/MNINonLinear/Results/rfMRI_REST1_RL/rfMRI_REST1_RL_hp2000.ica/filtered_func_data.ica/report/IC_7_thresh.png","506234","MNINonLinear//Results/rfMRI_REST1_RL/rfMRI_REST1_RL_hp2000.ica/filtered_func_data.ica/report/IC_7_thresh.png","oBTO1nbuyjksXQJdYKBbk4jgESxPeDuW"
"s3://hcp-openaccess/HCP_1200/506234/MNINonLinear/Results/rfMRI_REST1_RL/rfMRI_REST1_RL_hp2000.ica/filtered_func_data.ica/report/IC_8.html","506234","MNINonLinear//Results/rfMRI_REST1_RL/rfMRI_REST1_RL_hp2000.ica/filtered_func_data.ica/report/IC_8.html","uAO8bSUwQr4qITTJ0unBSlQxA2nDGLyZ"
"s3://hcp-openaccess/HCP_1200/506234/MNINonLinear/Results/rfMRI_REST1_RL/rfMRI_REST1_RL_hp2000.ica/filtered_func_data.ica/report/IC_8.png","506234","MNINonLinear//Results/rfMRI_REST1_RL/rfMRI_REST1_RL_hp2000.ica/filtered_func_data.ica/report/IC_8.png","e3U3Pas_ZZKsaPXmOIe9ZEMV1et.oREa"
"s3://hcp-openaccess/HCP_1200/506234/MNINonLinear/Results/rfMRI_REST1_RL/rfMRI_REST1_RL_hp2000.ica/filtered_func_data.ica/report/IC_80.html","506234","MNINonLinear//Results/rfMRI_REST1_RL/rfMRI_REST1_RL_hp2000.ica/filtered_func_data.ica/report/IC_80.html","F_Abqnas1PXVwrKTwfu7mx0MErYBbXBr"
"s3://hcp-openaccess/HCP_1200/506234/MNINonLinear/Results/rfMRI_REST1_RL/rfMRI_REST1_RL_hp2000.ica/filtered_func_data.ica/report/IC_80.png","506234","MNINonLinear//Results/rfMRI_REST1_RL/rfMRI_REST1_RL_hp2000.ica/filtered_func_data.ica/report/IC_80.png","LE0TYhBR_k.7Zvwl95PVuVsApnVhH7pZ"
"s3://hcp-openaccess/HCP_1200/506234/MNINonLinear/Results/rfMRI_REST1_RL/rfMRI_REST1_RL_hp2000.ica/filtered_func_data.ica/report/IC_80_MM.html","506234","MNINonLinear//Results/rfMRI_REST1_RL/rfMRI_REST1_RL_hp2000.ica/filtered_func_data.ica/report/IC_80_MM.html","zfiCOdlPkl1uAx6gzhuTq1o0P53JCsQ4"
"s3://hcp-openaccess/HCP_1200/506234/MNINonLinear/Results/rfMRI_REST1_RL/rfMRI_REST1_RL_hp2000.ica/filtered_func_data.ica/report/IC_80_MMfit.png","506234","MNINonLinear//Results/rfMRI_REST1_RL/rfMRI_REST1_RL_hp2000.ica/filtered_func_data.ica/report/IC_80_MMfit.png","XX550R1qXFFhOH.dD4_861RMYE1PjiHS"
"s3://hcp-openaccess/HCP_1200/506234/MNINonLinear/Results/rfMRI_REST1_RL/rfMRI_REST1_RL_hp2000.ica/filtered_func_data.ica/report/IC_80_prob.png","506234","MNINonLinear//Results/rfMRI_REST1_RL/rfMRI_REST1_RL_hp2000.ica/filtered_func_data.ica/report/IC_80_prob.png","BvI2uF3QneX9IYJ_8pjfivkA1axBRk6y"
"s3://hcp-openaccess/HCP_1200/506234/MNINonLinear/Results/rfMRI_REST1_RL/rfMRI_REST1_RL_hp2000.ica/filtered_func_data.ica/report/IC_80_thresh.png","506234","MNINonLinear//Results/rfMRI_REST1_RL/rfMRI_REST1_RL_hp2000.ica/filtered_func_data.ica/report/IC_80_thresh.png","0ARcZmpDI4HVHYZkJBEgHa_Zgg4BLYRV"
"s3://hcp-openaccess/HCP_1200/506234/MNINonLinear/Results/rfMRI_REST1_RL/rfMRI_REST1_RL_hp2000.ica/filtered_func_data.ica/report/IC_81.html","506234","MNINonLinear//Results/rfMRI_REST1_RL/rfMRI_REST1_RL_hp2000.ica/filtered_func_data.ica/report/IC_81.html","Bt_qQa8lJjGUO2zR1HV0.nM1ZATAF7QN"
"s3://hcp-openaccess/HCP_1200/506234/MNINonLinear/Results/rfMRI_REST1_RL/rfMRI_REST1_RL_hp2000.ica/filtered_func_data.ica/report/IC_81.png","506234","MNINonLinear//Results/rfMRI_REST1_RL/rfMRI_REST1_RL_hp2000.ica/filtered_func_data.ica/report/IC_81.png","7OWhLmx8Li.VvOoDIVnRxjRtFXyg4Urw"
"s3://hcp-openaccess/HCP_1200/506234/MNINonLinear/Results/rfMRI_REST1_RL/rfMRI_REST1_RL_hp2000.ica/filtered_func_data.ica/report/IC_81_MM.html","506234","MNINonLinear//Results/rfMRI_REST1_RL/rfMRI_REST1_RL_hp2000.ica/filtered_func_data.ica/report/IC_81_MM.html","5yZJHCqZgAfAqHx35cmN_PUoJFmT_FwG"
"s3://hcp-openaccess/HCP_1200/506234/MNINonLinear/Results/rfMRI_REST1_RL/rfMRI_REST1_RL_hp2000.ica/filtered_func_data.ica/report/IC_81_MMfit.png","506234","MNINonLinear//Results/rfMRI_REST1_RL/rfMRI_REST1_RL_hp2000.ica/filtered_func_data.ica/report/IC_81_MMfit.png","N3VBcJc9HLt3H4jiXzJipaQJIOWINdg1"
"s3://hcp-openaccess/HCP_1200/506234/MNINonLinear/Results/rfMRI_REST1_RL/rfMRI_REST1_RL_hp2000.ica/filtered_func_data.ica/report/IC_81_prob.png","506234","MNINonLinear//Results/rfMRI_REST1_RL/rfMRI_REST1_RL_hp2000.ica/filtered_func_data.ica/report/IC_81_prob.png","eA8UN7i5SdgK_ld3GrALhLyBsvNKWAHE"
"s3://hcp-openaccess/HCP_1200/506234/MNINonLinear/Results/rfMRI_REST1_RL/rfMRI_REST1_RL_hp2000.ica/filtered_func_data.ica/report/IC_81_thresh.png","506234","MNINonLinear//Results/rfMRI_REST1_RL/rfMRI_REST1_RL_hp2000.ica/filtered_func_data.ica/report/IC_81_thresh.png","_qz9oA3xoLEw15fYYODR8.cGtlrJ1oPr"
"s3://hcp-openaccess/HCP_1200/506234/MNINonLinear/Results/rfMRI_REST1_RL/rfMRI_REST1_RL_hp2000.ica/filtered_func_data.ica/report/IC_82.html","506234","MNINonLinear//Results/rfMRI_REST1_RL/rfMRI_REST1_RL_hp2000.ica/filtered_func_data.ica/report/IC_82.html","O_RQnwWlUplaIZ7FiVeHpPPY2GiG_Fsh"
"s3://hcp-openaccess/HCP_1200/506234/MNINonLinear/Results/rfMRI_REST1_RL/rfMRI_REST1_RL_hp2000.ica/filtered_func_data.ica/report/IC_82.png","506234","MNINonLinear//Results/rfMRI_REST1_RL/rfMRI_REST1_RL_hp2000.ica/filtered_func_data.ica/report/IC_82.png","xHGcqlsIhjgWrzp7vwjS.Ztb6SLssaTW"
"s3://hcp-openaccess/HCP_1200/506234/MNINonLinear/Results/rfMRI_REST1_RL/rfMRI_REST1_RL_hp2000.ica/filtered_func_data.ica/report/IC_82_MM.html","506234","MNINonLinear//Results/rfMRI_REST1_RL/rfMRI_REST1_RL_hp2000.ica/filtered_func_data.ica/report/IC_82_MM.html","k8YddMOu8eR64Lq7_anqZNR.ks4X82uY"
"s3://hcp-openaccess/HCP_1200/506234/MNINonLinear/Results/rfMRI_REST1_RL/rfMRI_REST1_RL_hp2000.ica/filtered_func_data.ica/report/IC_82_MMfit.png","506234","MNINonLinear//Results/rfMRI_REST1_RL/rfMRI_REST1_RL_hp2000.ica/filtered_func_data.ica/report/IC_82_MMfit.png","SnvINkZ3fy8esbaYi2ZNykoOMIyoEZ2i"
"s3://hcp-openaccess/HCP_1200/506234/MNINonLinear/Results/rfMRI_REST1_RL/rfMRI_REST1_RL_hp2000.ica/filtered_func_data.ica/report/IC_82_prob.png","506234","MNINonLinear//Results/rfMRI_REST1_RL/rfMRI_REST1_RL_hp2000.ica/filtered_func_data.ica/report/IC_82_prob.png","ZmJv8M9s0mLrMka9gs2q82rtMj7OsPDr"
"s3://hcp-openaccess/HCP_1200/506234/MNINonLinear/Results/rfMRI_REST1_RL/rfMRI_REST1_RL_hp2000.ica/filtered_func_data.ica/report/IC_82_thresh.png","506234","MNINonLinear//Results/rfMRI_REST1_RL/rfMRI_REST1_RL_hp2000.ica/filtered_func_data.ica/report/IC_82_thresh.png","WslFwr.R1cTyMEGSk1lKAGjOJJtlA6kb"
"s3://hcp-openaccess/HCP_1200/506234/MNINonLinear/Results/rfMRI_REST1_RL/rfMRI_REST1_RL_hp2000.ica/filtered_func_data.ica/report/IC_83.html","506234","MNINonLinear//Results/rfMRI_REST1_RL/rfMRI_REST1_RL_hp2000.ica/filtered_func_data.ica/report/IC_83.html","yxM8H2_QWpZQ.yU.qpuONxjaqR8xXnqM"
"s3://hcp-openaccess/HCP_1200/506234/MNINonLinear/Results/rfMRI_REST1_RL/rfMRI_REST1_RL_hp2000.ica/filtered_func_data.ica/report/IC_83.png","506234","MNINonLinear//Results/rfMRI_REST1_RL/rfMRI_REST1_RL_hp2000.ica/filtered_func_data.ica/report/IC_83.png","yjt60kH4X.WGV2ONinsS4LkftO985yyu"
"s3://hcp-openaccess/HCP_1200/506234/MNINonLinear/Results/rfMRI_REST1_RL/rfMRI_REST1_RL_hp2000.ica/filtered_func_data.ica/report/IC_83_MM.html","506234","MNINonLinear//Results/rfMRI_REST1_RL/rfMRI_REST1_RL_hp2000.ica/filtered_func_data.ica/report/IC_83_MM.html","PLSDwVz8VDJEqlL9jFBBfOviM3X.4LeA"
"s3://hcp-openaccess/HCP_1200/506234/MNINonLinear/Results/rfMRI_REST1_RL/rfMRI_REST1_RL_hp2000.ica/filtered_func_data.ica/report/IC_83_MMfit.png","506234","MNINonLinear//Results/rfMRI_REST1_RL/rfMRI_REST1_RL_hp2000.ica/filtered_func_data.ica/report/IC_83_MMfit.png","Z2vyyDdYupSLwz.HixI5fS9znTiDBDmB"
"s3://hcp-openaccess/HCP_1200/506234/MNINonLinear/Results/rfMRI_REST1_RL/rfMRI_REST1_RL_hp2000.ica/filtered_func_data.ica/report/IC_83_prob.png","506234","MNINonLinear//Results/rfMRI_REST1_RL/rfMRI_REST1_RL_hp2000.ica/filtered_func_data.ica/report/IC_83_prob.png","R9U2U_4KNSKn_HqsbJwVRevKE.G728B5"
"s3://hcp-openaccess/HCP_1200/506234/MNINonLinear/Results/rfMRI_REST1_RL/rfMRI_REST1_RL_hp2000.ica/filtered_func_data.ica/report/IC_83_thresh.png","506234","MNINonLinear//Results/rfMRI_REST1_RL/rfMRI_REST1_RL_hp2000.ica/filtered_func_data.ica/report/IC_83_thresh.png","9Bb34Ig3Oi3YqlBClmFuFnrrSQG49Hd7"
"s3://hcp-openaccess/HCP_1200/506234/MNINonLinear/Results/rfMRI_REST1_RL/rfMRI_REST1_RL_hp2000.ica/filtered_func_data.ica/report/IC_84.html","506234","MNINonLinear//Results/rfMRI_REST1_RL/rfMRI_REST1_RL_hp2000.ica/filtered_func_data.ica/report/IC_84.html","vvNTOh_sZVq2jqESg.Q.klRCPe4e6CSv"
"s3://hcp-openaccess/HCP_1200/506234/MNINonLinear/Results/rfMRI_REST1_RL/rfMRI_REST1_RL_hp2000.ica/filtered_func_data.ica/report/IC_84.png","506234","MNINonLinear//Results/rfMRI_REST1_RL/rfMRI_REST1_RL_hp2000.ica/filtered_func_data.ica/report/IC_84.png","WqkzsXyg5hRd._uJmhoYe3J8Vz6gWPi5"
"s3://hcp-openaccess/HCP_1200/506234/MNINonLinear/Results/rfMRI_REST1_RL/rfMRI_REST1_RL_hp2000.ica/filtered_func_data.ica/report/IC_84_MM.html","506234","MNINonLinear//Results/rfMRI_REST1_RL/rfMRI_REST1_RL_hp2000.ica/filtered_func_data.ica/report/IC_84_MM.html","QOtAcmHOE9IAGJL3GTWL0MmYkt6xLQHo"
"s3://hcp-openaccess/HCP_1200/506234/MNINonLinear/Results/rfMRI_REST1_RL/rfMRI_REST1_RL_hp2000.ica/filtered_func_data.ica/report/IC_84_MMfit.png","506234","MNINonLinear//Results/rfMRI_REST1_RL/rfMRI_REST1_RL_hp2000.ica/filtered_func_data.ica/report/IC_84_MMfit.png","jHE6aPxcHSfR9ovgHFIz_wXXg.avwQ0E"
"s3://hcp-openaccess/HCP_1200/506234/MNINonLinear/Results/rfMRI_REST1_RL/rfMRI_REST1_RL_hp2000.ica/filtered_func_data.ica/report/IC_84_prob.png","506234","MNINonLinear//Results/rfMRI_REST1_RL/rfMRI_REST1_RL_hp2000.ica/filtered_func_data.ica/report/IC_84_prob.png","zm.HjbGTFbGxbGud_JRB2ificHt600Cp"
"s3://hcp-openaccess/HCP_1200/506234/MNINonLinear/Results/rfMRI_REST1_RL/rfMRI_REST1_RL_hp2000.ica/filtered_func_data.ica/report/IC_84_thresh.png","506234","MNINonLinear//Results/rfMRI_REST1_RL/rfMRI_REST1_RL_hp2000.ica/filtered_func_data.ica/report/IC_84_thresh.png","yFrcGlsUwSrkrtQFdbGv3SBtsvqyxgsM"
"s3://hcp-openaccess/HCP_1200/506234/MNINonLinear/Results/rfMRI_REST1_RL/rfMRI_REST1_RL_hp2000.ica/filtered_func_data.ica/report/IC_8_MM.html","506234","MNINonLinear//Results/rfMRI_REST1_RL/rfMRI_REST1_RL_hp2000.ica/filtered_func_data.ica/report/IC_8_MM.html","7gq2dg1XOO2J_0rpXcKuLFWeXP5M7_mN"
"s3://hcp-openaccess/HCP_1200/506234/MNINonLinear/Results/rfMRI_REST1_RL/rfMRI_REST1_RL_hp2000.ica/filtered_func_data.ica/report/IC_8_MMfit.png","506234","MNINonLinear//Results/rfMRI_REST1_RL/rfMRI_REST1_RL_hp2000.ica/filtered_func_data.ica/report/IC_8_MMfit.png","xCDC_w0q3xamrdLuJTRA1sFxirlLHc6h"
"s3://hcp-openaccess/HCP_1200/506234/MNINonLinear/Results/rfMRI_REST1_RL/rfMRI_REST1_RL_hp2000.ica/filtered_func_data.ica/report/IC_8_prob.png","506234","MNINonLinear//Results/rfMRI_REST1_RL/rfMRI_REST1_RL_hp2000.ica/filtered_func_data.ica/report/IC_8_prob.png","pk3hkuyNaYFeuMzG2wSO_1kl30iBXZap"
"s3://hcp-openaccess/HCP_1200/506234/MNINonLinear/Results/rfMRI_REST1_RL/rfMRI_REST1_RL_hp2000.ica/filtered_func_data.ica/report/IC_8_thresh.png","506234","MNINonLinear//Results/rfMRI_REST1_RL/rfMRI_REST1_RL_hp2000.ica/filtered_func_data.ica/report/IC_8_thresh.png","8kprVlR4atL3cMT136GFAp6xVXZTpCyg"
"s3://hcp-openaccess/HCP_1200/506234/MNINonLinear/Results/rfMRI_REST1_RL/rfMRI_REST1_RL_hp2000.ica/filtered_func_data.ica/report/IC_9.html","506234","MNINonLinear//Results/rfMRI_REST1_RL/rfMRI_REST1_RL_hp2000.ica/filtered_func_data.ica/report/IC_9.html","Hj08FVNSiKZRGCLbLmIzj3Q2os5zpnIZ"
"s3://hcp-openaccess/HCP_1200/506234/MNINonLinear/Results/rfMRI_REST1_RL/rfMRI_REST1_RL_hp2000.ica/filtered_func_data.ica/report/IC_9.png","506234","MNINonLinear//Results/rfMRI_REST1_RL/rfMRI_REST1_RL_hp2000.ica/filtered_func_data.ica/report/IC_9.png","KH786AmTPhUVD9YCskpZLVAw6UsuFJCM"
"s3://hcp-openaccess/HCP_1200/506234/MNINonLinear/Results/rfMRI_REST1_RL/rfMRI_REST1_RL_hp2000.ica/filtered_func_data.ica/report/IC_9_MM.html","506234","MNINonLinear//Results/rfMRI_REST1_RL/rfMRI_REST1_RL_hp2000.ica/filtered_func_data.ica/report/IC_9_MM.html","uMIy2czntDRy6cVojCEf.mfqKgveB89o"
"s3://hcp-openaccess/HCP_1200/506234/MNINonLinear/Results/rfMRI_REST1_RL/rfMRI_REST1_RL_hp2000.ica/filtered_func_data.ica/report/IC_9_MMfit.png","506234","MNINonLinear//Results/rfMRI_REST1_RL/rfMRI_REST1_RL_hp2000.ica/filtered_func_data.ica/report/IC_9_MMfit.png","f15A1jhIWsmNY1YOP6xYu7mLcAZmrayG"
"s3://hcp-openaccess/HCP_1200/506234/MNINonLinear/Results/rfMRI_REST1_RL/rfMRI_REST1_RL_hp2000.ica/filtered_func_data.ica/report/IC_9_prob.png","506234","MNINonLinear//Results/rfMRI_REST1_RL/rfMRI_REST1_RL_hp2000.ica/filtered_func_data.ica/report/IC_9_prob.png","CMDTscd.OGlhQ3jsUgg.i3pZpnpC8uk4"
"s3://hcp-openaccess/HCP_1200/506234/MNINonLinear/Results/rfMRI_REST1_RL/rfMRI_REST1_RL_hp2000.ica/filtered_func_data.ica/report/IC_9_thresh.png","506234","MNINonLinear//Results/rfMRI_REST1_RL/rfMRI_REST1_RL_hp2000.ica/filtered_func_data.ica/report/IC_9_thresh.png","2OxplL1UN6LurBCnCmkqrHbLfclBjVJa"
"s3://hcp-openaccess/HCP_1200/506234/MNINonLinear/Results/rfMRI_REST1_RL/rfMRI_REST1_RL_hp2000.ica/filtered_func_data.ica/report/f1.png","506234","MNINonLinear//Results/rfMRI_REST1_RL/rfMRI_REST1_RL_hp2000.ica/filtered_func_data.ica/report/f1.png","wsdFI0lE5UTTXOUzAUB7sBEVZ7yh9PGz"
"s3://hcp-openaccess/HCP_1200/506234/MNINonLinear/Results/rfMRI_REST1_RL/rfMRI_REST1_RL_hp2000.ica/filtered_func_data.ica/report/f1.txt","506234","MNINonLinear//Results/rfMRI_REST1_RL/rfMRI_REST1_RL_hp2000.ica/filtered_func_data.ica/report/f1.txt","DXNubnT_jGXccWUcXlMGuHRwoICGRu1X"
"s3://hcp-openaccess/HCP_1200/506234/MNINonLinear/Results/rfMRI_REST1_RL/rfMRI_REST1_RL_hp2000.ica/filtered_func_data.ica/report/f10.png","506234","MNINonLinear//Results/rfMRI_REST1_RL/rfMRI_REST1_RL_hp2000.ica/filtered_func_data.ica/report/f10.png","OjYtKyo.jjS0a4golFKDowCyA7AAoI9c"
"s3://hcp-openaccess/HCP_1200/506234/MNINonLinear/Results/rfMRI_REST1_RL/rfMRI_REST1_RL_hp2000.ica/filtered_func_data.ica/report/f10.txt","506234","MNINonLinear//Results/rfMRI_REST1_RL/rfMRI_REST1_RL_hp2000.ica/filtered_func_data.ica/report/f10.txt","7XXI1sQZ9rtmXQhTKpk3XNiTGMaH72zz"
"s3://hcp-openaccess/HCP_1200/506234/MNINonLinear/Results/rfMRI_REST1_RL/rfMRI_REST1_RL_hp2000.ica/filtered_func_data.ica/report/f11.png","506234","MNINonLinear//Results/rfMRI_REST1_RL/rfMRI_REST1_RL_hp2000.ica/filtered_func_data.ica/report/f11.png","nYo5x3AfZKTSBHZO94_n036XlncuIe8D"
"s3://hcp-openaccess/HCP_1200/506234/MNINonLinear/Results/rfMRI_REST1_RL/rfMRI_REST1_RL_hp2000.ica/filtered_func_data.ica/report/f11.txt","506234","MNINonLinear//Results/rfMRI_REST1_RL/rfMRI_REST1_RL_hp2000.ica/filtered_func_data.ica/report/f11.txt","02RPXgBQLa.ARETEu66EYfSd109ueORH"
"s3://hcp-openaccess/HCP_1200/506234/MNINonLinear/Results/rfMRI_REST1_RL/rfMRI_REST1_RL_hp2000.ica/filtered_func_data.ica/report/f12.png","506234","MNINonLinear//Results/rfMRI_REST1_RL/rfMRI_REST1_RL_hp2000.ica/filtered_func_data.ica/report/f12.png","KUuBVBUgw5u.oojzY0mtf2Z1h8r4qg0d"
"s3://hcp-openaccess/HCP_1200/506234/MNINonLinear/Results/rfMRI_REST1_RL/rfMRI_REST1_RL_hp2000.ica/filtered_func_data.ica/report/f12.txt","506234","MNINonLinear//Results/rfMRI_REST1_RL/rfMRI_REST1_RL_hp2000.ica/filtered_func_data.ica/report/f12.txt","KKMhG56LO0dwUf4zLvMbPXkN7KMruigR"
"s3://hcp-openaccess/HCP_1200/506234/MNINonLinear/Results/rfMRI_REST1_RL/rfMRI_REST1_RL_hp2000.ica/filtered_func_data.ica/report/f13.png","506234","MNINonLinear//Results/rfMRI_REST1_RL/rfMRI_REST1_RL_hp2000.ica/filtered_func_data.ica/report/f13.png","b43EcTOHZYCheKnDOsiDLH26.oOPcRwR"
"s3://hcp-openaccess/HCP_1200/506234/MNINonLinear/Results/rfMRI_REST1_RL/rfMRI_REST1_RL_hp2000.ica/filtered_func_data.ica/report/f13.txt","506234","MNINonLinear//Results/rfMRI_REST1_RL/rfMRI_REST1_RL_hp2000.ica/filtered_func_data.ica/report/f13.txt","ACehT7nZvMJejl6qYoXIJsYTiuCW66WS"
"s3://hcp-openaccess/HCP_1200/506234/MNINonLinear/Results/rfMRI_REST1_RL/rfMRI_REST1_RL_hp2000.ica/filtered_func_data.ica/report/f14.png","506234","MNINonLinear//Results/rfMRI_REST1_RL/rfMRI_REST1_RL_hp2000.ica/filtered_func_data.ica/report/f14.png","aFoxq5Punu38QU2bbzU5ihD.7vAhYU0q"
"s3://hcp-openaccess/HCP_1200/506234/MNINonLinear/Results/rfMRI_REST1_RL/rfMRI_REST1_RL_hp2000.ica/filtered_func_data.ica/report/f14.txt","506234","MNINonLinear//Results/rfMRI_REST1_RL/rfMRI_REST1_RL_hp2000.ica/filtered_func_data.ica/report/f14.txt","UreXlT72w7uN.7MFIBdUShcV5KxpEPcN"
"s3://hcp-openaccess/HCP_1200/506234/MNINonLinear/Results/rfMRI_REST1_RL/rfMRI_REST1_RL_hp2000.ica/filtered_func_data.ica/report/f15.png","506234","MNINonLinear//Results/rfMRI_REST1_RL/rfMRI_REST1_RL_hp2000.ica/filtered_func_data.ica/report/f15.png",".u7PsmtuwaK8fCA0cCBQp_MXTnExdRD4"
"s3://hcp-openaccess/HCP_1200/506234/MNINonLinear/Results/rfMRI_REST1_RL/rfMRI_REST1_RL_hp2000.ica/filtered_func_data.ica/report/f15.txt","506234","MNINonLinear//Results/rfMRI_REST1_RL/rfMRI_REST1_RL_hp2000.ica/filtered_func_data.ica/report/f15.txt","iWhMJgAoEfSxZwYy4XrJ13xvmr4jSwXM"
"s3://hcp-openaccess/HCP_1200/506234/MNINonLinear/Results/rfMRI_REST1_RL/rfMRI_REST1_RL_hp2000.ica/filtered_func_data.ica/report/f16.png","506234","MNINonLinear//Results/rfMRI_REST1_RL/rfMRI_REST1_RL_hp2000.ica/filtered_func_data.ica/report/f16.png","m.QtiZoaW6wwDQxpS2kNjHUeQf9TuB6f"
"s3://hcp-openaccess/HCP_1200/506234/MNINonLinear/Results/rfMRI_REST1_RL/rfMRI_REST1_RL_hp2000.ica/filtered_func_data.ica/report/f16.txt","506234","MNINonLinear//Results/rfMRI_REST1_RL/rfMRI_REST1_RL_hp2000.ica/filtered_func_data.ica/report/f16.txt","bQvENCPbHaigYmJU7le5PLo7UcnjQrFP"
"s3://hcp-openaccess/HCP_1200/506234/MNINonLinear/Results/rfMRI_REST1_RL/rfMRI_REST1_RL_hp2000.ica/filtered_func_data.ica/report/f17.png","506234","MNINonLinear//Results/rfMRI_REST1_RL/rfMRI_REST1_RL_hp2000.ica/filtered_func_data.ica/report/f17.png","mRberSzmxUOmSI6RG3xIRvhOt7oOuqKh"
"s3://hcp-openaccess/HCP_1200/506234/MNINonLinear/Results/rfMRI_REST1_RL/rfMRI_REST1_RL_hp2000.ica/filtered_func_data.ica/report/f17.txt","506234","MNINonLinear//Results/rfMRI_REST1_RL/rfMRI_REST1_RL_hp2000.ica/filtered_func_data.ica/report/f17.txt","BjIWt5EmJtxRg0HFxELvFMLi5TlXkv2t"
"s3://hcp-openaccess/HCP_1200/506234/MNINonLinear/Results/rfMRI_REST1_RL/rfMRI_REST1_RL_hp2000.ica/filtered_func_data.ica/report/f18.png","506234","MNINonLinear//Results/rfMRI_REST1_RL/rfMRI_REST1_RL_hp2000.ica/filtered_func_data.ica/report/f18.png","ebOdaVrjYE8F00SUD4E0mdiWhRv.K9vV"
"s3://hcp-openaccess/HCP_1200/506234/MNINonLinear/Results/rfMRI_REST1_RL/rfMRI_REST1_RL_hp2000.ica/filtered_func_data.ica/report/f18.txt","506234","MNINonLinear//Results/rfMRI_REST1_RL/rfMRI_REST1_RL_hp2000.ica/filtered_func_data.ica/report/f18.txt","6ArXhrxO4JM0078c1uuXsH_IcRZMcep5"
"s3://hcp-openaccess/HCP_1200/506234/MNINonLinear/Results/rfMRI_REST1_RL/rfMRI_REST1_RL_hp2000.ica/filtered_func_data.ica/report/f19.png","506234","MNINonLinear//Results/rfMRI_REST1_RL/rfMRI_REST1_RL_hp2000.ica/filtered_func_data.ica/report/f19.png","JGH1cvEQsYD.sptP7QfVBtaX3lpPmxUC"
"s3://hcp-openaccess/HCP_1200/506234/MNINonLinear/Results/rfMRI_REST1_RL/rfMRI_REST1_RL_hp2000.ica/filtered_func_data.ica/report/f19.txt","506234","MNINonLinear//Results/rfMRI_REST1_RL/rfMRI_REST1_RL_hp2000.ica/filtered_func_data.ica/report/f19.txt","JIT4BNVtv8otMRUK9WvA0le1pKFA9O3k"
"s3://hcp-openaccess/HCP_1200/506234/MNINonLinear/Results/rfMRI_REST1_RL/rfMRI_REST1_RL_hp2000.ica/filtered_func_data.ica/report/f2.png","506234","MNINonLinear//Results/rfMRI_REST1_RL/rfMRI_REST1_RL_hp2000.ica/filtered_func_data.ica/report/f2.png","c28VZIhZcDGlP46HyfkiYDAZokyoMRzd"
"s3://hcp-openaccess/HCP_1200/506234/MNINonLinear/Results/rfMRI_REST1_RL/rfMRI_REST1_RL_hp2000.ica/filtered_func_data.ica/report/f2.txt","506234","MNINonLinear//Results/rfMRI_REST1_RL/rfMRI_REST1_RL_hp2000.ica/filtered_func_data.ica/report/f2.txt","TRDwRreHK6aC4F.LYgIowRib96E3VkOK"
"s3://hcp-openaccess/HCP_1200/506234/MNINonLinear/Results/rfMRI_REST1_RL/rfMRI_REST1_RL_hp2000.ica/filtered_func_data.ica/report/f20.png","506234","MNINonLinear//Results/rfMRI_REST1_RL/rfMRI_REST1_RL_hp2000.ica/filtered_func_data.ica/report/f20.png","uP5f1VCPpjYi.Qk39gFouvgMEBcP_mpB"
"s3://hcp-openaccess/HCP_1200/506234/MNINonLinear/Results/rfMRI_REST1_RL/rfMRI_REST1_RL_hp2000.ica/filtered_func_data.ica/report/f20.txt","506234","MNINonLinear//Results/rfMRI_REST1_RL/rfMRI_REST1_RL_hp2000.ica/filtered_func_data.ica/report/f20.txt","arjg2jA254MjCSuH31vjkFmVMQiT9fev"
"s3://hcp-openaccess/HCP_1200/506234/MNINonLinear/Results/rfMRI_REST1_RL/rfMRI_REST1_RL_hp2000.ica/filtered_func_data.ica/report/f21.png","506234","MNINonLinear//Results/rfMRI_REST1_RL/rfMRI_REST1_RL_hp2000.ica/filtered_func_data.ica/report/f21.png","wgHh72eK9Awn6PmcF00Xbz69WU5nO.OD"
"s3://hcp-openaccess/HCP_1200/506234/MNINonLinear/Results/rfMRI_REST1_RL/rfMRI_REST1_RL_hp2000.ica/filtered_func_data.ica/report/f21.txt","506234","MNINonLinear//Results/rfMRI_REST1_RL/rfMRI_REST1_RL_hp2000.ica/filtered_func_data.ica/report/f21.txt","CoDFVVEcgp03hgLSuSdTXqnx8.ln8W4C"
"s3://hcp-openaccess/HCP_1200/506234/MNINonLinear/Results/rfMRI_REST1_RL/rfMRI_REST1_RL_hp2000.ica/filtered_func_data.ica/report/f22.png","506234","MNINonLinear//Results/rfMRI_REST1_RL/rfMRI_REST1_RL_hp2000.ica/filtered_func_data.ica/report/f22.png","SrK4ePmOzDlaC1mSTKwJXuyPnlajsvQ1"
"s3://hcp-openaccess/HCP_1200/506234/MNINonLinear/Results/rfMRI_REST1_RL/rfMRI_REST1_RL_hp2000.ica/filtered_func_data.ica/report/f22.txt","506234","MNINonLinear//Results/rfMRI_REST1_RL/rfMRI_REST1_RL_hp2000.ica/filtered_func_data.ica/report/f22.txt","pHBczmzRWQCrp9XqwcGiiveuxZ6Nsxb3"
"s3://hcp-openaccess/HCP_1200/506234/MNINonLinear/Results/rfMRI_REST1_RL/rfMRI_REST1_RL_hp2000.ica/filtered_func_data.ica/report/f23.png","506234","MNINonLinear//Results/rfMRI_REST1_RL/rfMRI_REST1_RL_hp2000.ica/filtered_func_data.ica/report/f23.png","kYgGn7IOc3dSNVSHGIEiBs49OkcZDhly"
"s3://hcp-openaccess/HCP_1200/506234/MNINonLinear/Results/rfMRI_REST1_RL/rfMRI_REST1_RL_hp2000.ica/filtered_func_data.ica/report/f23.txt","506234","MNINonLinear//Results/rfMRI_REST1_RL/rfMRI_REST1_RL_hp2000.ica/filtered_func_data.ica/report/f23.txt","CeWU2hjXYqbKId.myRdomb2xxCawzucp"
"s3://hcp-openaccess/HCP_1200/506234/MNINonLinear/Results/rfMRI_REST1_RL/rfMRI_REST1_RL_hp2000.ica/filtered_func_data.ica/report/f24.png","506234","MNINonLinear//Results/rfMRI_REST1_RL/rfMRI_REST1_RL_hp2000.ica/filtered_func_data.ica/report/f24.png","mEvmHYD8L16XtMm0SmFME9YX6H_B1LZN"
"s3://hcp-openaccess/HCP_1200/506234/MNINonLinear/Results/rfMRI_REST1_RL/rfMRI_REST1_RL_hp2000.ica/filtered_func_data.ica/report/f24.txt","506234","MNINonLinear//Results/rfMRI_REST1_RL/rfMRI_REST1_RL_hp2000.ica/filtered_func_data.ica/report/f24.txt","Ev4_MNUcip4ZVNuhxs2Pddw_WVF.6ApH"
"s3://hcp-openaccess/HCP_1200/506234/MNINonLinear/Results/rfMRI_REST1_RL/rfMRI_REST1_RL_hp2000.ica/filtered_func_data.ica/report/f25.png","506234","MNINonLinear//Results/rfMRI_REST1_RL/rfMRI_REST1_RL_hp2000.ica/filtered_func_data.ica/report/f25.png","g0.y1DpaXAcH5qGz4a8fYfho2.KZfw0N"
"s3://hcp-openaccess/HCP_1200/506234/MNINonLinear/Results/rfMRI_REST1_RL/rfMRI_REST1_RL_hp2000.ica/filtered_func_data.ica/report/f25.txt","506234","MNINonLinear//Results/rfMRI_REST1_RL/rfMRI_REST1_RL_hp2000.ica/filtered_func_data.ica/report/f25.txt","wWqjmuBVcOZ9iNiPIAb15HB2MMrr0LOF"
"s3://hcp-openaccess/HCP_1200/506234/MNINonLinear/Results/rfMRI_REST1_RL/rfMRI_REST1_RL_hp2000.ica/filtered_func_data.ica/report/f26.png","506234","MNINonLinear//Results/rfMRI_REST1_RL/rfMRI_REST1_RL_hp2000.ica/filtered_func_data.ica/report/f26.png","ndyHc56RdQQnIt9S88WaBchXIWie8YE6"
"s3://hcp-openaccess/HCP_1200/506234/MNINonLinear/Results/rfMRI_REST1_RL/rfMRI_REST1_RL_hp2000.ica/filtered_func_data.ica/report/f26.txt","506234","MNINonLinear//Results/rfMRI_REST1_RL/rfMRI_REST1_RL_hp2000.ica/filtered_func_data.ica/report/f26.txt","Xh5l6jwus4.mwtnRwUMzt1w0r9s.FRF_"
"s3://hcp-openaccess/HCP_1200/506234/MNINonLinear/Results/rfMRI_REST1_RL/rfMRI_REST1_RL_hp2000.ica/filtered_func_data.ica/report/f27.png","506234","MNINonLinear//Results/rfMRI_REST1_RL/rfMRI_REST1_RL_hp2000.ica/filtered_func_data.ica/report/f27.png","nfXnFluroXTBFKn65JXOJ65lhCpFL7Hf"
"s3://hcp-openaccess/HCP_1200/506234/MNINonLinear/Results/rfMRI_REST1_RL/rfMRI_REST1_RL_hp2000.ica/filtered_func_data.ica/report/f27.txt","506234","MNINonLinear//Results/rfMRI_REST1_RL/rfMRI_REST1_RL_hp2000.ica/filtered_func_data.ica/report/f27.txt","czI6.Xusjm3HmOEpy5u5vThAD.8ZDoui"
"s3://hcp-openaccess/HCP_1200/506234/MNINonLinear/Results/rfMRI_REST1_RL/rfMRI_REST1_RL_hp2000.ica/filtered_func_data.ica/report/f28.png","506234","MNINonLinear//Results/rfMRI_REST1_RL/rfMRI_REST1_RL_hp2000.ica/filtered_func_data.ica/report/f28.png","7Y2Rad4Es8biDa6oPf3Ny.I0YTCCzGSR"
"s3://hcp-openaccess/HCP_1200/506234/MNINonLinear/Results/rfMRI_REST1_RL/rfMRI_REST1_RL_hp2000.ica/filtered_func_data.ica/report/f28.txt","506234","MNINonLinear//Results/rfMRI_REST1_RL/rfMRI_REST1_RL_hp2000.ica/filtered_func_data.ica/report/f28.txt","duqtMrGRzyl7512AE7Dwi8AeKL.JMRVh"
"s3://hcp-openaccess/HCP_1200/506234/MNINonLinear/Results/rfMRI_REST1_RL/rfMRI_REST1_RL_hp2000.ica/filtered_func_data.ica/report/f29.png","506234","MNINonLinear//Results/rfMRI_REST1_RL/rfMRI_REST1_RL_hp2000.ica/filtered_func_data.ica/report/f29.png","8HcC0CUBvRKnjfYgeqnPqggCO0a0vOi9"
"s3://hcp-openaccess/HCP_1200/506234/MNINonLinear/Results/rfMRI_REST1_RL/rfMRI_REST1_RL_hp2000.ica/filtered_func_data.ica/report/f29.txt","506234","MNINonLinear//Results/rfMRI_REST1_RL/rfMRI_REST1_RL_hp2000.ica/filtered_func_data.ica/report/f29.txt","sJdus.aSkHQU_f45SNDPV0EzLvyor8Rk"
"s3://hcp-openaccess/HCP_1200/506234/MNINonLinear/Results/rfMRI_REST1_RL/rfMRI_REST1_RL_hp2000.ica/filtered_func_data.ica/report/f3.png","506234","MNINonLinear//Results/rfMRI_REST1_RL/rfMRI_REST1_RL_hp2000.ica/filtered_func_data.ica/report/f3.png","MguhhjpTHpFKWqf8CLrkjqGqomoP1liW"
"s3://hcp-openaccess/HCP_1200/506234/MNINonLinear/Results/rfMRI_REST1_RL/rfMRI_REST1_RL_hp2000.ica/filtered_func_data.ica/report/f3.txt","506234","MNINonLinear//Results/rfMRI_REST1_RL/rfMRI_REST1_RL_hp2000.ica/filtered_func_data.ica/report/f3.txt","EJPmurcak1qraOZlM6N2psg3_a2.J3jW"
"s3://hcp-openaccess/HCP_1200/506234/MNINonLinear/Results/rfMRI_REST1_RL/rfMRI_REST1_RL_hp2000.ica/filtered_func_data.ica/report/f30.png","506234","MNINonLinear//Results/rfMRI_REST1_RL/rfMRI_REST1_RL_hp2000.ica/filtered_func_data.ica/report/f30.png","pg1VDhd.Sbr0iUV11yHGTls4.GPZ4oCm"
"s3://hcp-openaccess/HCP_1200/506234/MNINonLinear/Results/rfMRI_REST1_RL/rfMRI_REST1_RL_hp2000.ica/filtered_func_data.ica/report/f30.txt","506234","MNINonLinear//Results/rfMRI_REST1_RL/rfMRI_REST1_RL_hp2000.ica/filtered_func_data.ica/report/f30.txt","Zdjo052s61uJboxNBPX_EVZCs2CsBlgJ"
"s3://hcp-openaccess/HCP_1200/506234/MNINonLinear/Results/rfMRI_REST1_RL/rfMRI_REST1_RL_hp2000.ica/filtered_func_data.ica/report/f31.png","506234","MNINonLinear//Results/rfMRI_REST1_RL/rfMRI_REST1_RL_hp2000.ica/filtered_func_data.ica/report/f31.png","GE4Ov6ufFtAAKRlCVZWYTiw7PT9UmjCK"
"s3://hcp-openaccess/HCP_1200/506234/MNINonLinear/Results/rfMRI_REST1_RL/rfMRI_REST1_RL_hp2000.ica/filtered_func_data.ica/report/f31.txt","506234","MNINonLinear//Results/rfMRI_REST1_RL/rfMRI_REST1_RL_hp2000.ica/filtered_func_data.ica/report/f31.txt","SdnPM29fY3stcl_PVFT_BSERq1KaHmEx"
"s3://hcp-openaccess/HCP_1200/506234/MNINonLinear/Results/rfMRI_REST1_RL/rfMRI_REST1_RL_hp2000.ica/filtered_func_data.ica/report/f32.png","506234","MNINonLinear//Results/rfMRI_REST1_RL/rfMRI_REST1_RL_hp2000.ica/filtered_func_data.ica/report/f32.png","q8ws_wsAYqdR4JrhCZJ8K2Tj2FMIPNQi"
"s3://hcp-openaccess/HCP_1200/506234/MNINonLinear/Results/rfMRI_REST1_RL/rfMRI_REST1_RL_hp2000.ica/filtered_func_data.ica/report/f32.txt","506234","MNINonLinear//Results/rfMRI_REST1_RL/rfMRI_REST1_RL_hp2000.ica/filtered_func_data.ica/report/f32.txt","DDup0oTOKtuYzyjIWTpM6MbL8R9ml2tZ"
"s3://hcp-openaccess/HCP_1200/506234/MNINonLinear/Results/rfMRI_REST1_RL/rfMRI_REST1_RL_hp2000.ica/filtered_func_data.ica/report/f33.png","506234","MNINonLinear//Results/rfMRI_REST1_RL/rfMRI_REST1_RL_hp2000.ica/filtered_func_data.ica/report/f33.png","t47AeFZwWwLJjbPUlns7O4MqcBQei2oH"
"s3://hcp-openaccess/HCP_1200/506234/MNINonLinear/Results/rfMRI_REST1_RL/rfMRI_REST1_RL_hp2000.ica/filtered_func_data.ica/report/f33.txt","506234","MNINonLinear//Results/rfMRI_REST1_RL/rfMRI_REST1_RL_hp2000.ica/filtered_func_data.ica/report/f33.txt","BKIDmLTPkAhFmc8LuDT5OlitNUo8WWif"
"s3://hcp-openaccess/HCP_1200/506234/MNINonLinear/Results/rfMRI_REST1_RL/rfMRI_REST1_RL_hp2000.ica/filtered_func_data.ica/report/f34.png","506234","MNINonLinear//Results/rfMRI_REST1_RL/rfMRI_REST1_RL_hp2000.ica/filtered_func_data.ica/report/f34.png","K6tZvdKPOvgLvMzcH_a8WH_eYWrVx55c"
"s3://hcp-openaccess/HCP_1200/506234/MNINonLinear/Results/rfMRI_REST1_RL/rfMRI_REST1_RL_hp2000.ica/filtered_func_data.ica/report/f34.txt","506234","MNINonLinear//Results/rfMRI_REST1_RL/rfMRI_REST1_RL_hp2000.ica/filtered_func_data.ica/report/f34.txt","oMSZeiHFQsuref17NDE8FQUbu4JvWjUZ"
"s3://hcp-openaccess/HCP_1200/506234/MNINonLinear/Results/rfMRI_REST1_RL/rfMRI_REST1_RL_hp2000.ica/filtered_func_data.ica/report/f35.png","506234","MNINonLinear//Results/rfMRI_REST1_RL/rfMRI_REST1_RL_hp2000.ica/filtered_func_data.ica/report/f35.png","9PWgZiA4yQAxqq609mqb046As3NK5npP"
"s3://hcp-openaccess/HCP_1200/506234/MNINonLinear/Results/rfMRI_REST1_RL/rfMRI_REST1_RL_hp2000.ica/filtered_func_data.ica/report/f35.txt","506234","MNINonLinear//Results/rfMRI_REST1_RL/rfMRI_REST1_RL_hp2000.ica/filtered_func_data.ica/report/f35.txt","6AzY82YcPDet9x3_c7JN.1tqhBneMnTG"
"s3://hcp-openaccess/HCP_1200/506234/MNINonLinear/Results/rfMRI_REST1_RL/rfMRI_REST1_RL_hp2000.ica/filtered_func_data.ica/report/f36.png","506234","MNINonLinear//Results/rfMRI_REST1_RL/rfMRI_REST1_RL_hp2000.ica/filtered_func_data.ica/report/f36.png","MffHNyAZ.mQYk2E7vVR8O0x3g2tKy0Gf"
"s3://hcp-openaccess/HCP_1200/506234/MNINonLinear/Results/rfMRI_REST1_RL/rfMRI_REST1_RL_hp2000.ica/filtered_func_data.ica/report/f36.txt","506234","MNINonLinear//Results/rfMRI_REST1_RL/rfMRI_REST1_RL_hp2000.ica/filtered_func_data.ica/report/f36.txt","_VfuTf51vhODmwAcEfNv4qaR6ipUNZxd"
"s3://hcp-openaccess/HCP_1200/506234/MNINonLinear/Results/rfMRI_REST1_RL/rfMRI_REST1_RL_hp2000.ica/filtered_func_data.ica/report/f37.png","506234","MNINonLinear//Results/rfMRI_REST1_RL/rfMRI_REST1_RL_hp2000.ica/filtered_func_data.ica/report/f37.png","GfTDAxNKZAXVipc6PJeMTedywrOJN1Gu"
"s3://hcp-openaccess/HCP_1200/506234/MNINonLinear/Results/rfMRI_REST1_RL/rfMRI_REST1_RL_hp2000.ica/filtered_func_data.ica/report/f37.txt","506234","MNINonLinear//Results/rfMRI_REST1_RL/rfMRI_REST1_RL_hp2000.ica/filtered_func_data.ica/report/f37.txt","HXi9Jr1hbvmvlKkgo.fEegp.QXwRZogB"
"s3://hcp-openaccess/HCP_1200/506234/MNINonLinear/Results/rfMRI_REST1_RL/rfMRI_REST1_RL_hp2000.ica/filtered_func_data.ica/report/f38.png","506234","MNINonLinear//Results/rfMRI_REST1_RL/rfMRI_REST1_RL_hp2000.ica/filtered_func_data.ica/report/f38.png","Kcunrmae_Xxo7m9elbm.x92598ZDQjVF"
"s3://hcp-openaccess/HCP_1200/506234/MNINonLinear/Results/rfMRI_REST1_RL/rfMRI_REST1_RL_hp2000.ica/filtered_func_data.ica/report/f38.txt","506234","MNINonLinear//Results/rfMRI_REST1_RL/rfMRI_REST1_RL_hp2000.ica/filtered_func_data.ica/report/f38.txt","CT_UBrejeqbFfD09zojUoRFU3l1apz9R"
"s3://hcp-openaccess/HCP_1200/506234/MNINonLinear/Results/rfMRI_REST1_RL/rfMRI_REST1_RL_hp2000.ica/filtered_func_data.ica/report/f39.png","506234","MNINonLinear//Results/rfMRI_REST1_RL/rfMRI_REST1_RL_hp2000.ica/filtered_func_data.ica/report/f39.png","okAXfBp64HXPgn1kEQj3PhemComNLNIo"
"s3://hcp-openaccess/HCP_1200/506234/MNINonLinear/Results/rfMRI_REST1_RL/rfMRI_REST1_RL_hp2000.ica/filtered_func_data.ica/report/f39.txt","506234","MNINonLinear//Results/rfMRI_REST1_RL/rfMRI_REST1_RL_hp2000.ica/filtered_func_data.ica/report/f39.txt","VeeJK.efS0v9A4UFbaM1mUfcP52Vd.Sw"
"s3://hcp-openaccess/HCP_1200/506234/MNINonLinear/Results/rfMRI_REST1_RL/rfMRI_REST1_RL_hp2000.ica/filtered_func_data.ica/report/f4.png","506234","MNINonLinear//Results/rfMRI_REST1_RL/rfMRI_REST1_RL_hp2000.ica/filtered_func_data.ica/report/f4.png","Sw5u1fpqFz.oWcn217KXmh04KXQMjP8H"
"s3://hcp-openaccess/HCP_1200/506234/MNINonLinear/Results/rfMRI_REST1_RL/rfMRI_REST1_RL_hp2000.ica/filtered_func_data.ica/report/f4.txt","506234","MNINonLinear//Results/rfMRI_REST1_RL/rfMRI_REST1_RL_hp2000.ica/filtered_func_data.ica/report/f4.txt","kGiE7d_t4EfIUE.HxHOjiyRePl9p5bm."
"s3://hcp-openaccess/HCP_1200/506234/MNINonLinear/Results/rfMRI_REST1_RL/rfMRI_REST1_RL_hp2000.ica/filtered_func_data.ica/report/f40.png","506234","MNINonLinear//Results/rfMRI_REST1_RL/rfMRI_REST1_RL_hp2000.ica/filtered_func_data.ica/report/f40.png","Of2Z3fs38X5XRyllj8YD8SO52DkrtgWP"
"s3://hcp-openaccess/HCP_1200/506234/MNINonLinear/Results/rfMRI_REST1_RL/rfMRI_REST1_RL_hp2000.ica/filtered_func_data.ica/report/f40.txt","506234","MNINonLinear//Results/rfMRI_REST1_RL/rfMRI_REST1_RL_hp2000.ica/filtered_func_data.ica/report/f40.txt","GEA.FnY06Dm9vCV9a6IX_dtSzkROyoMF"
"s3://hcp-openaccess/HCP_1200/506234/MNINonLinear/Results/rfMRI_REST1_RL/rfMRI_REST1_RL_hp2000.ica/filtered_func_data.ica/report/f41.png","506234","MNINonLinear//Results/rfMRI_REST1_RL/rfMRI_REST1_RL_hp2000.ica/filtered_func_data.ica/report/f41.png","uOuy7BGfDyqhYqIs2CWEl3ss9DJ1HVjJ"
"s3://hcp-openaccess/HCP_1200/506234/MNINonLinear/Results/rfMRI_REST1_RL/rfMRI_REST1_RL_hp2000.ica/filtered_func_data.ica/report/f41.txt","506234","MNINonLinear//Results/rfMRI_REST1_RL/rfMRI_REST1_RL_hp2000.ica/filtered_func_data.ica/report/f41.txt","mEQ3OxBjIT1lEoeKVqWd0bx76lkBLrFW"
"s3://hcp-openaccess/HCP_1200/506234/MNINonLinear/Results/rfMRI_REST1_RL/rfMRI_REST1_RL_hp2000.ica/filtered_func_data.ica/report/f42.png","506234","MNINonLinear//Results/rfMRI_REST1_RL/rfMRI_REST1_RL_hp2000.ica/filtered_func_data.ica/report/f42.png","wZ5PyGQ66uRN6G8u3tYrcTSLMAdvO0Jf"
"s3://hcp-openaccess/HCP_1200/506234/MNINonLinear/Results/rfMRI_REST1_RL/rfMRI_REST1_RL_hp2000.ica/filtered_func_data.ica/report/f42.txt","506234","MNINonLinear//Results/rfMRI_REST1_RL/rfMRI_REST1_RL_hp2000.ica/filtered_func_data.ica/report/f42.txt","RCpWX_hSFCRklHbYgNPGUFKmyc4H8sHh"
"s3://hcp-openaccess/HCP_1200/506234/MNINonLinear/Results/rfMRI_REST1_RL/rfMRI_REST1_RL_hp2000.ica/filtered_func_data.ica/report/f43.png","506234","MNINonLinear//Results/rfMRI_REST1_RL/rfMRI_REST1_RL_hp2000.ica/filtered_func_data.ica/report/f43.png","5T.ElMVdtWDJwl5VZTHeE62O_BHCBViS"
"s3://hcp-openaccess/HCP_1200/506234/MNINonLinear/Results/rfMRI_REST1_RL/rfMRI_REST1_RL_hp2000.ica/filtered_func_data.ica/report/f43.txt","506234","MNINonLinear//Results/rfMRI_REST1_RL/rfMRI_REST1_RL_hp2000.ica/filtered_func_data.ica/report/f43.txt","SIq64YlqTQ9zROzWLQ9G8ml5UtE7U27t"
"s3://hcp-openaccess/HCP_1200/506234/MNINonLinear/Results/rfMRI_REST1_RL/rfMRI_REST1_RL_hp2000.ica/filtered_func_data.ica/report/f44.png","506234","MNINonLinear//Results/rfMRI_REST1_RL/rfMRI_REST1_RL_hp2000.ica/filtered_func_data.ica/report/f44.png","y122HHHt9eZ6tdZF80nSWzgiOP1fNFKm"
"s3://hcp-openaccess/HCP_1200/506234/MNINonLinear/Results/rfMRI_REST1_RL/rfMRI_REST1_RL_hp2000.ica/filtered_func_data.ica/report/f44.txt","506234","MNINonLinear//Results/rfMRI_REST1_RL/rfMRI_REST1_RL_hp2000.ica/filtered_func_data.ica/report/f44.txt","BHoF6TjpLKelEF5SZOsdbWsg9464FKMd"
"s3://hcp-openaccess/HCP_1200/506234/MNINonLinear/Results/rfMRI_REST1_RL/rfMRI_REST1_RL_hp2000.ica/filtered_func_data.ica/report/f45.png","506234","MNINonLinear//Results/rfMRI_REST1_RL/rfMRI_REST1_RL_hp2000.ica/filtered_func_data.ica/report/f45.png","sbKp3Edqjdxb592W6YfnUnNTrRtN1aWP"
"s3://hcp-openaccess/HCP_1200/506234/MNINonLinear/Results/rfMRI_REST1_RL/rfMRI_REST1_RL_hp2000.ica/filtered_func_data.ica/report/f45.txt","506234","MNINonLinear//Results/rfMRI_REST1_RL/rfMRI_REST1_RL_hp2000.ica/filtered_func_data.ica/report/f45.txt","NUyVH55qOTY12iCy70BHD5XJYwKBd3Ae"
"s3://hcp-openaccess/HCP_1200/506234/MNINonLinear/Results/rfMRI_REST1_RL/rfMRI_REST1_RL_hp2000.ica/filtered_func_data.ica/report/f46.png","506234","MNINonLinear//Results/rfMRI_REST1_RL/rfMRI_REST1_RL_hp2000.ica/filtered_func_data.ica/report/f46.png","JLHGJci8JboCGtF_m2bE7MGZSEUXdx8F"
"s3://hcp-openaccess/HCP_1200/506234/MNINonLinear/Results/rfMRI_REST1_RL/rfMRI_REST1_RL_hp2000.ica/filtered_func_data.ica/report/f46.txt","506234","MNINonLinear//Results/rfMRI_REST1_RL/rfMRI_REST1_RL_hp2000.ica/filtered_func_data.ica/report/f46.txt","Il6HXWm.x3Spx.0Vz9qk9KwnBmOsSfkP"
"s3://hcp-openaccess/HCP_1200/506234/MNINonLinear/Results/rfMRI_REST1_RL/rfMRI_REST1_RL_hp2000.ica/filtered_func_data.ica/report/f47.png","506234","MNINonLinear//Results/rfMRI_REST1_RL/rfMRI_REST1_RL_hp2000.ica/filtered_func_data.ica/report/f47.png","8V0zngeAsaU9.UG0SJ3P.qy80LhK7KFi"
"s3://hcp-openaccess/HCP_1200/506234/MNINonLinear/Results/rfMRI_REST1_RL/rfMRI_REST1_RL_hp2000.ica/filtered_func_data.ica/report/f47.txt","506234","MNINonLinear//Results/rfMRI_REST1_RL/rfMRI_REST1_RL_hp2000.ica/filtered_func_data.ica/report/f47.txt","7L5_4qKAiRqoIsftYTC_ev7yXlEjReaD"
"s3://hcp-openaccess/HCP_1200/506234/MNINonLinear/Results/rfMRI_REST1_RL/rfMRI_REST1_RL_hp2000.ica/filtered_func_data.ica/report/f48.png","506234","MNINonLinear//Results/rfMRI_REST1_RL/rfMRI_REST1_RL_hp2000.ica/filtered_func_data.ica/report/f48.png","v1_FsSe0H43Thjfti5671QdelwdzUeWF"
"s3://hcp-openaccess/HCP_1200/506234/MNINonLinear/Results/rfMRI_REST1_RL/rfMRI_REST1_RL_hp2000.ica/filtered_func_data.ica/report/f48.txt","506234","MNINonLinear//Results/rfMRI_REST1_RL/rfMRI_REST1_RL_hp2000.ica/filtered_func_data.ica/report/f48.txt","BgpENoEuAQuSKSpPv4capl8XesSG2vQ_"
"s3://hcp-openaccess/HCP_1200/506234/MNINonLinear/Results/rfMRI_REST1_RL/rfMRI_REST1_RL_hp2000.ica/filtered_func_data.ica/report/f49.png","506234","MNINonLinear//Results/rfMRI_REST1_RL/rfMRI_REST1_RL_hp2000.ica/filtered_func_data.ica/report/f49.png","ok8gVlcGovMbCQPA1ukpcqSJDCG8_qyr"
"s3://hcp-openaccess/HCP_1200/506234/MNINonLinear/Results/rfMRI_REST1_RL/rfMRI_REST1_RL_hp2000.ica/filtered_func_data.ica/report/f49.txt","506234","MNINonLinear//Results/rfMRI_REST1_RL/rfMRI_REST1_RL_hp2000.ica/filtered_func_data.ica/report/f49.txt","HNZ5ITvB2BJnS_bSFp7meDfeWQ9QLeBw"
"s3://hcp-openaccess/HCP_1200/506234/MNINonLinear/Results/rfMRI_REST1_RL/rfMRI_REST1_RL_hp2000.ica/filtered_func_data.ica/report/f5.png","506234","MNINonLinear//Results/rfMRI_REST1_RL/rfMRI_REST1_RL_hp2000.ica/filtered_func_data.ica/report/f5.png","mqvzrlApXf21UuNaRG9rG4l3WmIxD4rs"
"s3://hcp-openaccess/HCP_1200/506234/MNINonLinear/Results/rfMRI_REST1_RL/rfMRI_REST1_RL_hp2000.ica/filtered_func_data.ica/report/f5.txt","506234","MNINonLinear//Results/rfMRI_REST1_RL/rfMRI_REST1_RL_hp2000.ica/filtered_func_data.ica/report/f5.txt","dZVH4orbqjypodCr_LOX9tikAEFpggSg"
"s3://hcp-openaccess/HCP_1200/506234/MNINonLinear/Results/rfMRI_REST1_RL/rfMRI_REST1_RL_hp2000.ica/filtered_func_data.ica/report/f50.png","506234","MNINonLinear//Results/rfMRI_REST1_RL/rfMRI_REST1_RL_hp2000.ica/filtered_func_data.ica/report/f50.png","U2hae3.YU4rFFHw90BOyOlDZL7VeGe7c"
"s3://hcp-openaccess/HCP_1200/506234/MNINonLinear/Results/rfMRI_REST1_RL/rfMRI_REST1_RL_hp2000.ica/filtered_func_data.ica/report/f50.txt","506234","MNINonLinear//Results/rfMRI_REST1_RL/rfMRI_REST1_RL_hp2000.ica/filtered_func_data.ica/report/f50.txt","wjM0_vWQdI2AZVbCiSKlv8W7ERA.vpt7"
"s3://hcp-openaccess/HCP_1200/506234/MNINonLinear/Results/rfMRI_REST1_RL/rfMRI_REST1_RL_hp2000.ica/filtered_func_data.ica/report/f51.png","506234","MNINonLinear//Results/rfMRI_REST1_RL/rfMRI_REST1_RL_hp2000.ica/filtered_func_data.ica/report/f51.png","IjngOHJiT8JZZVX3qzF4JRqiij1Lscuw"
"s3://hcp-openaccess/HCP_1200/506234/MNINonLinear/Results/rfMRI_REST1_RL/rfMRI_REST1_RL_hp2000.ica/filtered_func_data.ica/report/f51.txt","506234","MNINonLinear//Results/rfMRI_REST1_RL/rfMRI_REST1_RL_hp2000.ica/filtered_func_data.ica/report/f51.txt","YqDRz_hd497BABVFqghgCo_bnXNYyREk"
"s3://hcp-openaccess/HCP_1200/506234/MNINonLinear/Results/rfMRI_REST1_RL/rfMRI_REST1_RL_hp2000.ica/filtered_func_data.ica/report/f52.png","506234","MNINonLinear//Results/rfMRI_REST1_RL/rfMRI_REST1_RL_hp2000.ica/filtered_func_data.ica/report/f52.png","i2pcETITso5n5jMAlrRc_ypEW7bpsvfg"
"s3://hcp-openaccess/HCP_1200/506234/MNINonLinear/Results/rfMRI_REST1_RL/rfMRI_REST1_RL_hp2000.ica/filtered_func_data.ica/report/f52.txt","506234","MNINonLinear//Results/rfMRI_REST1_RL/rfMRI_REST1_RL_hp2000.ica/filtered_func_data.ica/report/f52.txt","yKswJIkkRln6v7Y9xNO1vX9ZqvJ1qv76"
"s3://hcp-openaccess/HCP_1200/506234/MNINonLinear/Results/rfMRI_REST1_RL/rfMRI_REST1_RL_hp2000.ica/filtered_func_data.ica/report/f53.png","506234","MNINonLinear//Results/rfMRI_REST1_RL/rfMRI_REST1_RL_hp2000.ica/filtered_func_data.ica/report/f53.png","U.AH.4HtIXeYQp3Q9Q5ryju3JP98Okzu"
"s3://hcp-openaccess/HCP_1200/506234/MNINonLinear/Results/rfMRI_REST1_RL/rfMRI_REST1_RL_hp2000.ica/filtered_func_data.ica/report/f53.txt","506234","MNINonLinear//Results/rfMRI_REST1_RL/rfMRI_REST1_RL_hp2000.ica/filtered_func_data.ica/report/f53.txt","764z0tuy6LOrHcicUmeEKGO0wmQtOGlP"
"s3://hcp-openaccess/HCP_1200/506234/MNINonLinear/Results/rfMRI_REST1_RL/rfMRI_REST1_RL_hp2000.ica/filtered_func_data.ica/report/f54.png","506234","MNINonLinear//Results/rfMRI_REST1_RL/rfMRI_REST1_RL_hp2000.ica/filtered_func_data.ica/report/f54.png","wF3CloC9b8VbL0B2x4XWC.e3I8GiaelW"
"s3://hcp-openaccess/HCP_1200/506234/MNINonLinear/Results/rfMRI_REST1_RL/rfMRI_REST1_RL_hp2000.ica/filtered_func_data.ica/report/f54.txt","506234","MNINonLinear//Results/rfMRI_REST1_RL/rfMRI_REST1_RL_hp2000.ica/filtered_func_data.ica/report/f54.txt","HCXjpMiiPT4BAOqQqg4TbxDNEkQlzS3z"
"s3://hcp-openaccess/HCP_1200/506234/MNINonLinear/Results/rfMRI_REST1_RL/rfMRI_REST1_RL_hp2000.ica/filtered_func_data.ica/report/f55.png","506234","MNINonLinear//Results/rfMRI_REST1_RL/rfMRI_REST1_RL_hp2000.ica/filtered_func_data.ica/report/f55.png","v5Jp3RzZ0LKg7lcN.nvbPoPeX.u69Deh"
"s3://hcp-openaccess/HCP_1200/506234/MNINonLinear/Results/rfMRI_REST1_RL/rfMRI_REST1_RL_hp2000.ica/filtered_func_data.ica/report/f55.txt","506234","MNINonLinear//Results/rfMRI_REST1_RL/rfMRI_REST1_RL_hp2000.ica/filtered_func_data.ica/report/f55.txt","Js.QcN7iQqBXyniPg9oebnZI1vJKoemF"
"s3://hcp-openaccess/HCP_1200/506234/MNINonLinear/Results/rfMRI_REST1_RL/rfMRI_REST1_RL_hp2000.ica/filtered_func_data.ica/report/f56.png","506234","MNINonLinear//Results/rfMRI_REST1_RL/rfMRI_REST1_RL_hp2000.ica/filtered_func_data.ica/report/f56.png","JGz6cHVppmKgTNrPL_ny.tF7_04v_aYU"
"s3://hcp-openaccess/HCP_1200/506234/MNINonLinear/Results/rfMRI_REST1_RL/rfMRI_REST1_RL_hp2000.ica/filtered_func_data.ica/report/f56.txt","506234","MNINonLinear//Results/rfMRI_REST1_RL/rfMRI_REST1_RL_hp2000.ica/filtered_func_data.ica/report/f56.txt","zoXCe006lLNH9QEIDUNJCEYEEoI2V9xv"
"s3://hcp-openaccess/HCP_1200/506234/MNINonLinear/Results/rfMRI_REST1_RL/rfMRI_REST1_RL_hp2000.ica/filtered_func_data.ica/report/f57.png","506234","MNINonLinear//Results/rfMRI_REST1_RL/rfMRI_REST1_RL_hp2000.ica/filtered_func_data.ica/report/f57.png","Q8ioNGIfS8idToXw_V9_dCIb4bpOpbZE"
"s3://hcp-openaccess/HCP_1200/506234/MNINonLinear/Results/rfMRI_REST1_RL/rfMRI_REST1_RL_hp2000.ica/filtered_func_data.ica/report/f57.txt","506234","MNINonLinear//Results/rfMRI_REST1_RL/rfMRI_REST1_RL_hp2000.ica/filtered_func_data.ica/report/f57.txt","ALuxqthUSMNVEywxepu9k9jYgJt6M8.h"
"s3://hcp-openaccess/HCP_1200/506234/MNINonLinear/Results/rfMRI_REST1_RL/rfMRI_REST1_RL_hp2000.ica/filtered_func_data.ica/report/f58.png","506234","MNINonLinear//Results/rfMRI_REST1_RL/rfMRI_REST1_RL_hp2000.ica/filtered_func_data.ica/report/f58.png","zWwkS95eqDWGW2DS0RWZNlSQos9piKl8"
"s3://hcp-openaccess/HCP_1200/506234/MNINonLinear/Results/rfMRI_REST1_RL/rfMRI_REST1_RL_hp2000.ica/filtered_func_data.ica/report/f58.txt","506234","MNINonLinear//Results/rfMRI_REST1_RL/rfMRI_REST1_RL_hp2000.ica/filtered_func_data.ica/report/f58.txt","N3ht0yuCvV40oHx0Z6VYumUqfiIfEFop"
"s3://hcp-openaccess/HCP_1200/506234/MNINonLinear/Results/rfMRI_REST1_RL/rfMRI_REST1_RL_hp2000.ica/filtered_func_data.ica/report/f59.png","506234","MNINonLinear//Results/rfMRI_REST1_RL/rfMRI_REST1_RL_hp2000.ica/filtered_func_data.ica/report/f59.png","cL9U6epfTA8vBLRWr6nq1mZkd.sO1d4l"
"s3://hcp-openaccess/HCP_1200/506234/MNINonLinear/Results/rfMRI_REST1_RL/rfMRI_REST1_RL_hp2000.ica/filtered_func_data.ica/report/f59.txt","506234","MNINonLinear//Results/rfMRI_REST1_RL/rfMRI_REST1_RL_hp2000.ica/filtered_func_data.ica/report/f59.txt","lv_0xVpnaEqmBVT0wLwHgq15BH.wYV.d"
"s3://hcp-openaccess/HCP_1200/506234/MNINonLinear/Results/rfMRI_REST1_RL/rfMRI_REST1_RL_hp2000.ica/filtered_func_data.ica/report/f6.png","506234","MNINonLinear//Results/rfMRI_REST1_RL/rfMRI_REST1_RL_hp2000.ica/filtered_func_data.ica/report/f6.png","Tet9BHIy1jnY4jP.8bB_EVdc9R2yhY4J"
"s3://hcp-openaccess/HCP_1200/506234/MNINonLinear/Results/rfMRI_REST1_RL/rfMRI_REST1_RL_hp2000.ica/filtered_func_data.ica/report/f6.txt","506234","MNINonLinear//Results/rfMRI_REST1_RL/rfMRI_REST1_RL_hp2000.ica/filtered_func_data.ica/report/f6.txt","kEQLEXMuKPKr5AFVqiAGEBUNzrNkbbeF"
"s3://hcp-openaccess/HCP_1200/506234/MNINonLinear/Results/rfMRI_REST1_RL/rfMRI_REST1_RL_hp2000.ica/filtered_func_data.ica/report/f60.png","506234","MNINonLinear//Results/rfMRI_REST1_RL/rfMRI_REST1_RL_hp2000.ica/filtered_func_data.ica/report/f60.png","qlQRNaWh.kF7G2h6h.ThE5Izcvog1Bi6"
"s3://hcp-openaccess/HCP_1200/506234/MNINonLinear/Results/rfMRI_REST1_RL/rfMRI_REST1_RL_hp2000.ica/filtered_func_data.ica/report/f60.txt","506234","MNINonLinear//Results/rfMRI_REST1_RL/rfMRI_REST1_RL_hp2000.ica/filtered_func_data.ica/report/f60.txt","kVDOJhCwJpV8qELeX3KKkUvGanTLkf3H"
"s3://hcp-openaccess/HCP_1200/506234/MNINonLinear/Results/rfMRI_REST1_RL/rfMRI_REST1_RL_hp2000.ica/filtered_func_data.ica/report/f61.png","506234","MNINonLinear//Results/rfMRI_REST1_RL/rfMRI_REST1_RL_hp2000.ica/filtered_func_data.ica/report/f61.png","EBRp13sZthwRLB3XzPLv1DhabYoqM0_o"
"s3://hcp-openaccess/HCP_1200/506234/MNINonLinear/Results/rfMRI_REST1_RL/rfMRI_REST1_RL_hp2000.ica/filtered_func_data.ica/report/f61.txt","506234","MNINonLinear//Results/rfMRI_REST1_RL/rfMRI_REST1_RL_hp2000.ica/filtered_func_data.ica/report/f61.txt","ekhFwRkiauN6LZyfeq7PtAHBfofdULDg"
"s3://hcp-openaccess/HCP_1200/506234/MNINonLinear/Results/rfMRI_REST1_RL/rfMRI_REST1_RL_hp2000.ica/filtered_func_data.ica/report/f62.png","506234","MNINonLinear//Results/rfMRI_REST1_RL/rfMRI_REST1_RL_hp2000.ica/filtered_func_data.ica/report/f62.png","ww9LaYTWOWxIClhGZBTn0y8Uv72dgf_C"
"s3://hcp-openaccess/HCP_1200/506234/MNINonLinear/Results/rfMRI_REST1_RL/rfMRI_REST1_RL_hp2000.ica/filtered_func_data.ica/report/f62.txt","506234","MNINonLinear//Results/rfMRI_REST1_RL/rfMRI_REST1_RL_hp2000.ica/filtered_func_data.ica/report/f62.txt","7_Zo8gouscfnerV1SYuyXHmZXeXidgzP"
"s3://hcp-openaccess/HCP_1200/506234/MNINonLinear/Results/rfMRI_REST1_RL/rfMRI_REST1_RL_hp2000.ica/filtered_func_data.ica/report/f63.png","506234","MNINonLinear//Results/rfMRI_REST1_RL/rfMRI_REST1_RL_hp2000.ica/filtered_func_data.ica/report/f63.png","mx1Rm8zvLB2Iej8naE6s1v6ftCbg8uZW"
"s3://hcp-openaccess/HCP_1200/506234/MNINonLinear/Results/rfMRI_REST1_RL/rfMRI_REST1_RL_hp2000.ica/filtered_func_data.ica/report/f63.txt","506234","MNINonLinear//Results/rfMRI_REST1_RL/rfMRI_REST1_RL_hp2000.ica/filtered_func_data.ica/report/f63.txt","BCbBaYaguynda5SIjnV3FuRzzXmuonmV"
"s3://hcp-openaccess/HCP_1200/506234/MNINonLinear/Results/rfMRI_REST1_RL/rfMRI_REST1_RL_hp2000.ica/filtered_func_data.ica/report/f64.png","506234","MNINonLinear//Results/rfMRI_REST1_RL/rfMRI_REST1_RL_hp2000.ica/filtered_func_data.ica/report/f64.png","yZ57Hyp0HoEzlOu9lT8QFsjsAgGdGj15"
"s3://hcp-openaccess/HCP_1200/506234/MNINonLinear/Results/rfMRI_REST1_RL/rfMRI_REST1_RL_hp2000.ica/filtered_func_data.ica/report/f64.txt","506234","MNINonLinear//Results/rfMRI_REST1_RL/rfMRI_REST1_RL_hp2000.ica/filtered_func_data.ica/report/f64.txt","xuPiWAW4UpAe1wz.ADXdXguKENFS.D3F"
"s3://hcp-openaccess/HCP_1200/506234/MNINonLinear/Results/rfMRI_REST1_RL/rfMRI_REST1_RL_hp2000.ica/filtered_func_data.ica/report/f65.png","506234","MNINonLinear//Results/rfMRI_REST1_RL/rfMRI_REST1_RL_hp2000.ica/filtered_func_data.ica/report/f65.png",".exLIExdih29IIBq6kVxFeTZPXQlyeFS"
"s3://hcp-openaccess/HCP_1200/506234/MNINonLinear/Results/rfMRI_REST1_RL/rfMRI_REST1_RL_hp2000.ica/filtered_func_data.ica/report/f65.txt","506234","MNINonLinear//Results/rfMRI_REST1_RL/rfMRI_REST1_RL_hp2000.ica/filtered_func_data.ica/report/f65.txt","aWEMHf0qNkVvPLV6I0RDngQYVaQAVv6i"
"s3://hcp-openaccess/HCP_1200/506234/MNINonLinear/Results/rfMRI_REST1_RL/rfMRI_REST1_RL_hp2000.ica/filtered_func_data.ica/report/f66.png","506234","MNINonLinear//Results/rfMRI_REST1_RL/rfMRI_REST1_RL_hp2000.ica/filtered_func_data.ica/report/f66.png","C35wxBaDod9owKg6U0EfSmAJuFDx8PHJ"
"s3://hcp-openaccess/HCP_1200/506234/MNINonLinear/Results/rfMRI_REST1_RL/rfMRI_REST1_RL_hp2000.ica/filtered_func_data.ica/report/f66.txt","506234","MNINonLinear//Results/rfMRI_REST1_RL/rfMRI_REST1_RL_hp2000.ica/filtered_func_data.ica/report/f66.txt","TOCkamCP9P9qpJ_7dcQQhzwFUKxM7pT3"
"s3://hcp-openaccess/HCP_1200/506234/MNINonLinear/Results/rfMRI_REST1_RL/rfMRI_REST1_RL_hp2000.ica/filtered_func_data.ica/report/f67.png","506234","MNINonLinear//Results/rfMRI_REST1_RL/rfMRI_REST1_RL_hp2000.ica/filtered_func_data.ica/report/f67.png","OSQwH_Tc4.RQdbTnw_KVlbceHatTXvpz"
"s3://hcp-openaccess/HCP_1200/506234/MNINonLinear/Results/rfMRI_REST1_RL/rfMRI_REST1_RL_hp2000.ica/filtered_func_data.ica/report/f67.txt","506234","MNINonLinear//Results/rfMRI_REST1_RL/rfMRI_REST1_RL_hp2000.ica/filtered_func_data.ica/report/f67.txt","nDavbEj0WCXgKOqhyK_MdwXNJVw0spqv"
"s3://hcp-openaccess/HCP_1200/506234/MNINonLinear/Results/rfMRI_REST1_RL/rfMRI_REST1_RL_hp2000.ica/filtered_func_data.ica/report/f68.png","506234","MNINonLinear//Results/rfMRI_REST1_RL/rfMRI_REST1_RL_hp2000.ica/filtered_func_data.ica/report/f68.png","7KANY0bSkKRtpP1auWqcb5poBnMpU_5E"
"s3://hcp-openaccess/HCP_1200/506234/MNINonLinear/Results/rfMRI_REST1_RL/rfMRI_REST1_RL_hp2000.ica/filtered_func_data.ica/report/f68.txt","506234","MNINonLinear//Results/rfMRI_REST1_RL/rfMRI_REST1_RL_hp2000.ica/filtered_func_data.ica/report/f68.txt","oU7MHuPUSbfEZAfzZFCkke4tkhhuqeeV"
"s3://hcp-openaccess/HCP_1200/506234/MNINonLinear/Results/rfMRI_REST1_RL/rfMRI_REST1_RL_hp2000.ica/filtered_func_data.ica/report/f69.png","506234","MNINonLinear//Results/rfMRI_REST1_RL/rfMRI_REST1_RL_hp2000.ica/filtered_func_data.ica/report/f69.png","ke9dICdzbdjuq17buaUG2KU4CzLeP.M2"
"s3://hcp-openaccess/HCP_1200/506234/MNINonLinear/Results/rfMRI_REST1_RL/rfMRI_REST1_RL_hp2000.ica/filtered_func_data.ica/report/f69.txt","506234","MNINonLinear//Results/rfMRI_REST1_RL/rfMRI_REST1_RL_hp2000.ica/filtered_func_data.ica/report/f69.txt","Jm01gAQn5s6lrrXMLhuHZ4_2XRSjIiBS"
"s3://hcp-openaccess/HCP_1200/506234/MNINonLinear/Results/rfMRI_REST1_RL/rfMRI_REST1_RL_hp2000.ica/filtered_func_data.ica/report/f7.png","506234","MNINonLinear//Results/rfMRI_REST1_RL/rfMRI_REST1_RL_hp2000.ica/filtered_func_data.ica/report/f7.png","TvtInCgtkD7cU07a87jg4TS5WEOh3DlZ"
"s3://hcp-openaccess/HCP_1200/506234/MNINonLinear/Results/rfMRI_REST1_RL/rfMRI_REST1_RL_hp2000.ica/filtered_func_data.ica/report/f7.txt","506234","MNINonLinear//Results/rfMRI_REST1_RL/rfMRI_REST1_RL_hp2000.ica/filtered_func_data.ica/report/f7.txt","GPk.4wTRiHmFz_NaAUqiv98E5GI8RIV4"
"s3://hcp-openaccess/HCP_1200/506234/MNINonLinear/Results/rfMRI_REST1_RL/rfMRI_REST1_RL_hp2000.ica/filtered_func_data.ica/report/f70.png","506234","MNINonLinear//Results/rfMRI_REST1_RL/rfMRI_REST1_RL_hp2000.ica/filtered_func_data.ica/report/f70.png","mz_xBkx_Co2EsZ_vCp_eJyDzAnq0Z3qk"
"s3://hcp-openaccess/HCP_1200/506234/MNINonLinear/Results/rfMRI_REST1_RL/rfMRI_REST1_RL_hp2000.ica/filtered_func_data.ica/report/f70.txt","506234","MNINonLinear//Results/rfMRI_REST1_RL/rfMRI_REST1_RL_hp2000.ica/filtered_func_data.ica/report/f70.txt","jKvwdC9RMVKapfyBa9msYorb0biihAOr"
"s3://hcp-openaccess/HCP_1200/506234/MNINonLinear/Results/rfMRI_REST1_RL/rfMRI_REST1_RL_hp2000.ica/filtered_func_data.ica/report/f71.png","506234","MNINonLinear//Results/rfMRI_REST1_RL/rfMRI_REST1_RL_hp2000.ica/filtered_func_data.ica/report/f71.png","6Gf_2LnQNFgosBevJ9AqslXG2iJEJH5V"
"s3://hcp-openaccess/HCP_1200/506234/MNINonLinear/Results/rfMRI_REST1_RL/rfMRI_REST1_RL_hp2000.ica/filtered_func_data.ica/report/f71.txt","506234","MNINonLinear//Results/rfMRI_REST1_RL/rfMRI_REST1_RL_hp2000.ica/filtered_func_data.ica/report/f71.txt","r9fuNq8P1VVbBu4uvGWX4hCPJ3JBosgk"
"s3://hcp-openaccess/HCP_1200/506234/MNINonLinear/Results/rfMRI_REST1_RL/rfMRI_REST1_RL_hp2000.ica/filtered_func_data.ica/report/f72.png","506234","MNINonLinear//Results/rfMRI_REST1_RL/rfMRI_REST1_RL_hp2000.ica/filtered_func_data.ica/report/f72.png","kbeyIpGIBzBwXOuAQzA6.UOAjG2snLG8"
"s3://hcp-openaccess/HCP_1200/506234/MNINonLinear/Results/rfMRI_REST1_RL/rfMRI_REST1_RL_hp2000.ica/filtered_func_data.ica/report/f72.txt","506234","MNINonLinear//Results/rfMRI_REST1_RL/rfMRI_REST1_RL_hp2000.ica/filtered_func_data.ica/report/f72.txt","jJbMBVljEZ0tRwk_uzHJWgjWPPI2HFWC"
"s3://hcp-openaccess/HCP_1200/506234/MNINonLinear/Results/rfMRI_REST1_RL/rfMRI_REST1_RL_hp2000.ica/filtered_func_data.ica/report/f73.png","506234","MNINonLinear//Results/rfMRI_REST1_RL/rfMRI_REST1_RL_hp2000.ica/filtered_func_data.ica/report/f73.png","bA9_qX2AeXUSmw3IGC3sRSjCUgscCXNl"
"s3://hcp-openaccess/HCP_1200/506234/MNINonLinear/Results/rfMRI_REST1_RL/rfMRI_REST1_RL_hp2000.ica/filtered_func_data.ica/report/f73.txt","506234","MNINonLinear//Results/rfMRI_REST1_RL/rfMRI_REST1_RL_hp2000.ica/filtered_func_data.ica/report/f73.txt","jK3IHc9vkpZwMwKm9vNht4PPT23SRZUd"
"s3://hcp-openaccess/HCP_1200/506234/MNINonLinear/Results/rfMRI_REST1_RL/rfMRI_REST1_RL_hp2000.ica/filtered_func_data.ica/report/f74.png","506234","MNINonLinear//Results/rfMRI_REST1_RL/rfMRI_REST1_RL_hp2000.ica/filtered_func_data.ica/report/f74.png","5kPH8GSsCsM4nXT5KH.9quZ5vjpPK3dX"
"s3://hcp-openaccess/HCP_1200/506234/MNINonLinear/Results/rfMRI_REST1_RL/rfMRI_REST1_RL_hp2000.ica/filtered_func_data.ica/report/f74.txt","506234","MNINonLinear//Results/rfMRI_REST1_RL/rfMRI_REST1_RL_hp2000.ica/filtered_func_data.ica/report/f74.txt","q5uhlhWyw6qM4fEn78F0bZ6yciLlhjk6"
"s3://hcp-openaccess/HCP_1200/506234/MNINonLinear/Results/rfMRI_REST1_RL/rfMRI_REST1_RL_hp2000.ica/filtered_func_data.ica/report/f75.png","506234","MNINonLinear//Results/rfMRI_REST1_RL/rfMRI_REST1_RL_hp2000.ica/filtered_func_data.ica/report/f75.png","jPurc6cr0G2d93EkTjI_KYL4lA2vWwCg"
"s3://hcp-openaccess/HCP_1200/506234/MNINonLinear/Results/rfMRI_REST1_RL/rfMRI_REST1_RL_hp2000.ica/filtered_func_data.ica/report/f75.txt","506234","MNINonLinear//Results/rfMRI_REST1_RL/rfMRI_REST1_RL_hp2000.ica/filtered_func_data.ica/report/f75.txt","mkEC2Twd0q5IQ26We5QNkm.GwTmVRjNp"
"s3://hcp-openaccess/HCP_1200/506234/MNINonLinear/Results/rfMRI_REST1_RL/rfMRI_REST1_RL_hp2000.ica/filtered_func_data.ica/report/f76.png","506234","MNINonLinear//Results/rfMRI_REST1_RL/rfMRI_REST1_RL_hp2000.ica/filtered_func_data.ica/report/f76.png","7WHKv8pIGb5HxJzItMpmg.5TzToZLn8N"
"s3://hcp-openaccess/HCP_1200/506234/MNINonLinear/Results/rfMRI_REST1_RL/rfMRI_REST1_RL_hp2000.ica/filtered_func_data.ica/report/f76.txt","506234","MNINonLinear//Results/rfMRI_REST1_RL/rfMRI_REST1_RL_hp2000.ica/filtered_func_data.ica/report/f76.txt","..UXhyyyZ4luZwGFQlfTGVXJ7S2rEzmU"
"s3://hcp-openaccess/HCP_1200/506234/MNINonLinear/Results/rfMRI_REST1_RL/rfMRI_REST1_RL_hp2000.ica/filtered_func_data.ica/report/f77.png","506234","MNINonLinear//Results/rfMRI_REST1_RL/rfMRI_REST1_RL_hp2000.ica/filtered_func_data.ica/report/f77.png","fJo_qv6FkLs381UaVO6y0wR4P68STj8x"
"s3://hcp-openaccess/HCP_1200/506234/MNINonLinear/Results/rfMRI_REST1_RL/rfMRI_REST1_RL_hp2000.ica/filtered_func_data.ica/report/f77.txt","506234","MNINonLinear//Results/rfMRI_REST1_RL/rfMRI_REST1_RL_hp2000.ica/filtered_func_data.ica/report/f77.txt","uQxE0oXagwUrHgysqPMafyI_9dBuSebT"
"s3://hcp-openaccess/HCP_1200/506234/MNINonLinear/Results/rfMRI_REST1_RL/rfMRI_REST1_RL_hp2000.ica/filtered_func_data.ica/report/f78.png","506234","MNINonLinear//Results/rfMRI_REST1_RL/rfMRI_REST1_RL_hp2000.ica/filtered_func_data.ica/report/f78.png","N.UHbr5dLoTKFjJzV3bGyD5N9pkT0JUK"
"s3://hcp-openaccess/HCP_1200/506234/MNINonLinear/Results/rfMRI_REST1_RL/rfMRI_REST1_RL_hp2000.ica/filtered_func_data.ica/report/f78.txt","506234","MNINonLinear//Results/rfMRI_REST1_RL/rfMRI_REST1_RL_hp2000.ica/filtered_func_data.ica/report/f78.txt","r5VGNPFlW4iPo6frIpwIuKyX7IOQrfCo"
"s3://hcp-openaccess/HCP_1200/506234/MNINonLinear/Results/rfMRI_REST1_RL/rfMRI_REST1_RL_hp2000.ica/filtered_func_data.ica/report/f79.png","506234","MNINonLinear//Results/rfMRI_REST1_RL/rfMRI_REST1_RL_hp2000.ica/filtered_func_data.ica/report/f79.png","7hvpr5BRHntIJByb1KCJBh_nhvzVHvcV"
"s3://hcp-openaccess/HCP_1200/506234/MNINonLinear/Results/rfMRI_REST1_RL/rfMRI_REST1_RL_hp2000.ica/filtered_func_data.ica/report/f79.txt","506234","MNINonLinear//Results/rfMRI_REST1_RL/rfMRI_REST1_RL_hp2000.ica/filtered_func_data.ica/report/f79.txt","fz4pvSJo_XkAwQ170OP5bGlVE7_GeEA8"
"s3://hcp-openaccess/HCP_1200/506234/MNINonLinear/Results/rfMRI_REST1_RL/rfMRI_REST1_RL_hp2000.ica/filtered_func_data.ica/report/f8.png","506234","MNINonLinear//Results/rfMRI_REST1_RL/rfMRI_REST1_RL_hp2000.ica/filtered_func_data.ica/report/f8.png","p_1OT_tRoSPZg7Sxsroen20UvGSPxDct"
"s3://hcp-openaccess/HCP_1200/506234/MNINonLinear/Results/rfMRI_REST1_RL/rfMRI_REST1_RL_hp2000.ica/filtered_func_data.ica/report/f8.txt","506234","MNINonLinear//Results/rfMRI_REST1_RL/rfMRI_REST1_RL_hp2000.ica/filtered_func_data.ica/report/f8.txt","YqraQCQgCpKGlC8hQizSf4mQDbGTmeoC"
"s3://hcp-openaccess/HCP_1200/506234/MNINonLinear/Results/rfMRI_REST1_RL/rfMRI_REST1_RL_hp2000.ica/filtered_func_data.ica/report/f80.png","506234","MNINonLinear//Results/rfMRI_REST1_RL/rfMRI_REST1_RL_hp2000.ica/filtered_func_data.ica/report/f80.png","fY7F40HSFTGgvqULYIQPlzpD3iFdRyL1"
"s3://hcp-openaccess/HCP_1200/506234/MNINonLinear/Results/rfMRI_REST1_RL/rfMRI_REST1_RL_hp2000.ica/filtered_func_data.ica/report/f80.txt","506234","MNINonLinear//Results/rfMRI_REST1_RL/rfMRI_REST1_RL_hp2000.ica/filtered_func_data.ica/report/f80.txt","1NpNHf4FqlNRf9E5hshKBGLrlgA255de"
"s3://hcp-openaccess/HCP_1200/506234/MNINonLinear/Results/rfMRI_REST1_RL/rfMRI_REST1_RL_hp2000.ica/filtered_func_data.ica/report/f81.png","506234","MNINonLinear//Results/rfMRI_REST1_RL/rfMRI_REST1_RL_hp2000.ica/filtered_func_data.ica/report/f81.png","4bMNSnbov2VRVODkLAMfTFYM2UNMtVTa"
"s3://hcp-openaccess/HCP_1200/506234/MNINonLinear/Results/rfMRI_REST1_RL/rfMRI_REST1_RL_hp2000.ica/filtered_func_data.ica/report/f81.txt","506234","MNINonLinear//Results/rfMRI_REST1_RL/rfMRI_REST1_RL_hp2000.ica/filtered_func_data.ica/report/f81.txt","o64VpFJ_mfB8eFcJ.By0G9X0NuSwEWFO"
"s3://hcp-openaccess/HCP_1200/506234/MNINonLinear/Results/rfMRI_REST1_RL/rfMRI_REST1_RL_hp2000.ica/filtered_func_data.ica/report/f82.png","506234","MNINonLinear//Results/rfMRI_REST1_RL/rfMRI_REST1_RL_hp2000.ica/filtered_func_data.ica/report/f82.png","mxTa3SIb6PEvDAFe_pEndVqC1kl3s7Hs"
"s3://hcp-openaccess/HCP_1200/506234/MNINonLinear/Results/rfMRI_REST1_RL/rfMRI_REST1_RL_hp2000.ica/filtered_func_data.ica/report/f82.txt","506234","MNINonLinear//Results/rfMRI_REST1_RL/rfMRI_REST1_RL_hp2000.ica/filtered_func_data.ica/report/f82.txt","h3Y4IfF5iaclonHDOCvVvnrQwXeKmWI7"
"s3://hcp-openaccess/HCP_1200/506234/MNINonLinear/Results/rfMRI_REST1_RL/rfMRI_REST1_RL_hp2000.ica/filtered_func_data.ica/report/f83.png","506234","MNINonLinear//Results/rfMRI_REST1_RL/rfMRI_REST1_RL_hp2000.ica/filtered_func_data.ica/report/f83.png","giP8zYXHUzmBILG1XXX4pw8YnZ7todkt"
"s3://hcp-openaccess/HCP_1200/506234/MNINonLinear/Results/rfMRI_REST1_RL/rfMRI_REST1_RL_hp2000.ica/filtered_func_data.ica/report/f83.txt","506234","MNINonLinear//Results/rfMRI_REST1_RL/rfMRI_REST1_RL_hp2000.ica/filtered_func_data.ica/report/f83.txt","0qEbwi7ysOWbBnvOP0BlJJBlFqqgEh5n"
"s3://hcp-openaccess/HCP_1200/506234/MNINonLinear/Results/rfMRI_REST1_RL/rfMRI_REST1_RL_hp2000.ica/filtered_func_data.ica/report/f84.png","506234","MNINonLinear//Results/rfMRI_REST1_RL/rfMRI_REST1_RL_hp2000.ica/filtered_func_data.ica/report/f84.png","MYNs6bcW07B.S7GVNkZOUR62J5dqustt"
"s3://hcp-openaccess/HCP_1200/506234/MNINonLinear/Results/rfMRI_REST1_RL/rfMRI_REST1_RL_hp2000.ica/filtered_func_data.ica/report/f84.txt","506234","MNINonLinear//Results/rfMRI_REST1_RL/rfMRI_REST1_RL_hp2000.ica/filtered_func_data.ica/report/f84.txt","pCrrlYWzpeqBaXqMbx0fudLOzArfM7bY"
"s3://hcp-openaccess/HCP_1200/506234/MNINonLinear/Results/rfMRI_REST1_RL/rfMRI_REST1_RL_hp2000.ica/filtered_func_data.ica/report/f9.png","506234","MNINonLinear//Results/rfMRI_REST1_RL/rfMRI_REST1_RL_hp2000.ica/filtered_func_data.ica/report/f9.png","HErVGNb3rEGRGy1e1B5n1jmZzgfjywqF"
"s3://hcp-openaccess/HCP_1200/506234/MNINonLinear/Results/rfMRI_REST1_RL/rfMRI_REST1_RL_hp2000.ica/filtered_func_data.ica/report/f9.txt","506234","MNINonLinear//Results/rfMRI_REST1_RL/rfMRI_REST1_RL_hp2000.ica/filtered_func_data.ica/report/f9.txt","sxZ2yaxD2RYs84Xmd4HYZOFB8Gl.D1qx"
"s3://hcp-openaccess/HCP_1200/506234/MNINonLinear/Results/rfMRI_REST1_RL/rfMRI_REST1_RL_hp2000.ica/filtered_func_data.ica/report/head.html","506234","MNINonLinear//Results/rfMRI_REST1_RL/rfMRI_REST1_RL_hp2000.ica/filtered_func_data.ica/report/head.html","jGwcU1lywBS4pTSRgr_JdTIQlrD4WXFH"
"s3://hcp-openaccess/HCP_1200/506234/MNINonLinear/Results/rfMRI_REST1_RL/rfMRI_REST1_RL_hp2000.ica/filtered_func_data.ica/report/log.html","506234","MNINonLinear//Results/rfMRI_REST1_RL/rfMRI_REST1_RL_hp2000.ica/filtered_func_data.ica/report/log.html","u.r4gQGDB.1T9by9np2eUfQ.SE8aCVjo"
"s3://hcp-openaccess/HCP_1200/506234/MNINonLinear/Results/rfMRI_REST1_RL/rfMRI_REST1_RL_hp2000.ica/filtered_func_data.ica/report/nav.html","506234","MNINonLinear//Results/rfMRI_REST1_RL/rfMRI_REST1_RL_hp2000.ica/filtered_func_data.ica/report/nav.html","KnfLzcLWLz1aKTB5qmeIBxdqcVZJwtbL"
"s3://hcp-openaccess/HCP_1200/506234/MNINonLinear/Results/rfMRI_REST1_RL/rfMRI_REST1_RL_hp2000.ica/filtered_func_data.ica/report/t1.png","506234","MNINonLinear//Results/rfMRI_REST1_RL/rfMRI_REST1_RL_hp2000.ica/filtered_func_data.ica/report/t1.png","Ye7HbYVm192jq6eic3nIyKZAvwm7RTAg"
"s3://hcp-openaccess/HCP_1200/506234/MNINonLinear/Results/rfMRI_REST1_RL/rfMRI_REST1_RL_hp2000.ica/filtered_func_data.ica/report/t1.txt","506234","MNINonLinear//Results/rfMRI_REST1_RL/rfMRI_REST1_RL_hp2000.ica/filtered_func_data.ica/report/t1.txt","0zB5avPZTn4xYfxIFDgXEVlp940WZ91X"
"s3://hcp-openaccess/HCP_1200/506234/MNINonLinear/Results/rfMRI_REST1_RL/rfMRI_REST1_RL_hp2000.ica/filtered_func_data.ica/report/t10.png","506234","MNINonLinear//Results/rfMRI_REST1_RL/rfMRI_REST1_RL_hp2000.ica/filtered_func_data.ica/report/t10.png","Oga321Oc._fnvxYEM95eJFwj63ZsPQAn"
"s3://hcp-openaccess/HCP_1200/506234/MNINonLinear/Results/rfMRI_REST1_RL/rfMRI_REST1_RL_hp2000.ica/filtered_func_data.ica/report/t10.txt","506234","MNINonLinear//Results/rfMRI_REST1_RL/rfMRI_REST1_RL_hp2000.ica/filtered_func_data.ica/report/t10.txt","MqehuH2tgCk7Znn.TsKDkkDZMfcC6mox"
"s3://hcp-openaccess/HCP_1200/506234/MNINonLinear/Results/rfMRI_REST1_RL/rfMRI_REST1_RL_hp2000.ica/filtered_func_data.ica/report/t11.png","506234","MNINonLinear//Results/rfMRI_REST1_RL/rfMRI_REST1_RL_hp2000.ica/filtered_func_data.ica/report/t11.png","9VU_yKucaskV1zeRi3fVb9YxQ8VfIbfT"
"s3://hcp-openaccess/HCP_1200/506234/MNINonLinear/Results/rfMRI_REST1_RL/rfMRI_REST1_RL_hp2000.ica/filtered_func_data.ica/report/t11.txt","506234","MNINonLinear//Results/rfMRI_REST1_RL/rfMRI_REST1_RL_hp2000.ica/filtered_func_data.ica/report/t11.txt","YeSqiCu4fTh_1DSJ5OjztqgvRc3pixL5"
"s3://hcp-openaccess/HCP_1200/506234/MNINonLinear/Results/rfMRI_REST1_RL/rfMRI_REST1_RL_hp2000.ica/filtered_func_data.ica/report/t12.png","506234","MNINonLinear//Results/rfMRI_REST1_RL/rfMRI_REST1_RL_hp2000.ica/filtered_func_data.ica/report/t12.png","yPtcSK4Y5Mbc_F45cuBz4WoqfbmuTCzB"
"s3://hcp-openaccess/HCP_1200/506234/MNINonLinear/Results/rfMRI_REST1_RL/rfMRI_REST1_RL_hp2000.ica/filtered_func_data.ica/report/t12.txt","506234","MNINonLinear//Results/rfMRI_REST1_RL/rfMRI_REST1_RL_hp2000.ica/filtered_func_data.ica/report/t12.txt","oxEphC_TDeeXP9mctC3LNUnjPr4Y8Mz4"
"s3://hcp-openaccess/HCP_1200/506234/MNINonLinear/Results/rfMRI_REST1_RL/rfMRI_REST1_RL_hp2000.ica/filtered_func_data.ica/report/t13.png","506234","MNINonLinear//Results/rfMRI_REST1_RL/rfMRI_REST1_RL_hp2000.ica/filtered_func_data.ica/report/t13.png",".pkLIVIOE7vxbhv3ZVPAkTnOOmefpW6f"
"s3://hcp-openaccess/HCP_1200/506234/MNINonLinear/Results/rfMRI_REST1_RL/rfMRI_REST1_RL_hp2000.ica/filtered_func_data.ica/report/t13.txt","506234","MNINonLinear//Results/rfMRI_REST1_RL/rfMRI_REST1_RL_hp2000.ica/filtered_func_data.ica/report/t13.txt","0M1Cyi6mz2A7M9f33ZaPBY5PP0xHGo7w"
"s3://hcp-openaccess/HCP_1200/506234/MNINonLinear/Results/rfMRI_REST1_RL/rfMRI_REST1_RL_hp2000.ica/filtered_func_data.ica/report/t14.png","506234","MNINonLinear//Results/rfMRI_REST1_RL/rfMRI_REST1_RL_hp2000.ica/filtered_func_data.ica/report/t14.png","Wk40_smQ_3gq4bzZXlQHoY.4Rsk_KMdg"
"s3://hcp-openaccess/HCP_1200/506234/MNINonLinear/Results/rfMRI_REST1_RL/rfMRI_REST1_RL_hp2000.ica/filtered_func_data.ica/report/t14.txt","506234","MNINonLinear//Results/rfMRI_REST1_RL/rfMRI_REST1_RL_hp2000.ica/filtered_func_data.ica/report/t14.txt","28zEvHTIbj8JKtUcYaTZ0EfPDXIFFJ5_"
"s3://hcp-openaccess/HCP_1200/506234/MNINonLinear/Results/rfMRI_REST1_RL/rfMRI_REST1_RL_hp2000.ica/filtered_func_data.ica/report/t15.png","506234","MNINonLinear//Results/rfMRI_REST1_RL/rfMRI_REST1_RL_hp2000.ica/filtered_func_data.ica/report/t15.png","tskb8YWrDFnE_d5H2FukBE7rb0VQpnh9"
"s3://hcp-openaccess/HCP_1200/506234/MNINonLinear/Results/rfMRI_REST1_RL/rfMRI_REST1_RL_hp2000.ica/filtered_func_data.ica/report/t15.txt","506234","MNINonLinear//Results/rfMRI_REST1_RL/rfMRI_REST1_RL_hp2000.ica/filtered_func_data.ica/report/t15.txt","MDNY49J.s1qNCoeiCznoGp7dI5NgPdBE"
"s3://hcp-openaccess/HCP_1200/506234/MNINonLinear/Results/rfMRI_REST1_RL/rfMRI_REST1_RL_hp2000.ica/filtered_func_data.ica/report/t16.png","506234","MNINonLinear//Results/rfMRI_REST1_RL/rfMRI_REST1_RL_hp2000.ica/filtered_func_data.ica/report/t16.png","bNWlHoHCU2DAexslCfrGO8ZYL5pbZ2My"
"s3://hcp-openaccess/HCP_1200/506234/MNINonLinear/Results/rfMRI_REST1_RL/rfMRI_REST1_RL_hp2000.ica/filtered_func_data.ica/report/t16.txt","506234","MNINonLinear//Results/rfMRI_REST1_RL/rfMRI_REST1_RL_hp2000.ica/filtered_func_data.ica/report/t16.txt","8P.LMQcIC3yxZjae7oyRPbAvYXezBv7F"
"s3://hcp-openaccess/HCP_1200/506234/MNINonLinear/Results/rfMRI_REST1_RL/rfMRI_REST1_RL_hp2000.ica/filtered_func_data.ica/report/t17.png","506234","MNINonLinear//Results/rfMRI_REST1_RL/rfMRI_REST1_RL_hp2000.ica/filtered_func_data.ica/report/t17.png","WR05YSYkePcf8FvEp_KBXLRDzjpKkMIA"
"s3://hcp-openaccess/HCP_1200/506234/MNINonLinear/Results/rfMRI_REST1_RL/rfMRI_REST1_RL_hp2000.ica/filtered_func_data.ica/report/t17.txt","506234","MNINonLinear//Results/rfMRI_REST1_RL/rfMRI_REST1_RL_hp2000.ica/filtered_func_data.ica/report/t17.txt","dHCjiv2ujJagKv3xHYrZgxWH5mWnQuPh"
"s3://hcp-openaccess/HCP_1200/506234/MNINonLinear/Results/rfMRI_REST1_RL/rfMRI_REST1_RL_hp2000.ica/filtered_func_data.ica/report/t18.png","506234","MNINonLinear//Results/rfMRI_REST1_RL/rfMRI_REST1_RL_hp2000.ica/filtered_func_data.ica/report/t18.png","rRIksUcIJAWKjptZHC57rx2Luyh46348"
"s3://hcp-openaccess/HCP_1200/506234/MNINonLinear/Results/rfMRI_REST1_RL/rfMRI_REST1_RL_hp2000.ica/filtered_func_data.ica/report/t18.txt","506234","MNINonLinear//Results/rfMRI_REST1_RL/rfMRI_REST1_RL_hp2000.ica/filtered_func_data.ica/report/t18.txt","9nD_WC2jdenCC8mi4g4dldh7wrJLRS8M"
"s3://hcp-openaccess/HCP_1200/506234/MNINonLinear/Results/rfMRI_REST1_RL/rfMRI_REST1_RL_hp2000.ica/filtered_func_data.ica/report/t19.png","506234","MNINonLinear//Results/rfMRI_REST1_RL/rfMRI_REST1_RL_hp2000.ica/filtered_func_data.ica/report/t19.png","bA7rDLftooHEPh7WQAtvLFCKRRJvJp.l"
"s3://hcp-openaccess/HCP_1200/506234/MNINonLinear/Results/rfMRI_REST1_RL/rfMRI_REST1_RL_hp2000.ica/filtered_func_data.ica/report/t19.txt","506234","MNINonLinear//Results/rfMRI_REST1_RL/rfMRI_REST1_RL_hp2000.ica/filtered_func_data.ica/report/t19.txt","fyH2D3gOXxNCHB1Egu9cC_WR1rWpxfw."
"s3://hcp-openaccess/HCP_1200/506234/MNINonLinear/Results/rfMRI_REST1_RL/rfMRI_REST1_RL_hp2000.ica/filtered_func_data.ica/report/t2.png","506234","MNINonLinear//Results/rfMRI_REST1_RL/rfMRI_REST1_RL_hp2000.ica/filtered_func_data.ica/report/t2.png","5XX60PWtOo_oz2v5L1i_Zeap4kgURlN3"
"s3://hcp-openaccess/HCP_1200/506234/MNINonLinear/Results/rfMRI_REST1_RL/rfMRI_REST1_RL_hp2000.ica/filtered_func_data.ica/report/t2.txt","506234","MNINonLinear//Results/rfMRI_REST1_RL/rfMRI_REST1_RL_hp2000.ica/filtered_func_data.ica/report/t2.txt","infIbi5FFL91Yx2SVZXLYZpvPRiafrOR"
"s3://hcp-openaccess/HCP_1200/506234/MNINonLinear/Results/rfMRI_REST1_RL/rfMRI_REST1_RL_hp2000.ica/filtered_func_data.ica/report/t20.png","506234","MNINonLinear//Results/rfMRI_REST1_RL/rfMRI_REST1_RL_hp2000.ica/filtered_func_data.ica/report/t20.png","x1ZhBG5YmA4lnGRSCK8re_iPre78mCZj"
"s3://hcp-openaccess/HCP_1200/506234/MNINonLinear/Results/rfMRI_REST1_RL/rfMRI_REST1_RL_hp2000.ica/filtered_func_data.ica/report/t20.txt","506234","MNINonLinear//Results/rfMRI_REST1_RL/rfMRI_REST1_RL_hp2000.ica/filtered_func_data.ica/report/t20.txt","FgjHexNTsUiGzF27FhCYVr0pmL.4u3Tq"
"s3://hcp-openaccess/HCP_1200/506234/MNINonLinear/Results/rfMRI_REST1_RL/rfMRI_REST1_RL_hp2000.ica/filtered_func_data.ica/report/t21.png","506234","MNINonLinear//Results/rfMRI_REST1_RL/rfMRI_REST1_RL_hp2000.ica/filtered_func_data.ica/report/t21.png","0P8U9lUqqBomUPzT6F6RnYJ0Ig0WEjqp"
"s3://hcp-openaccess/HCP_1200/506234/MNINonLinear/Results/rfMRI_REST1_RL/rfMRI_REST1_RL_hp2000.ica/filtered_func_data.ica/report/t21.txt","506234","MNINonLinear//Results/rfMRI_REST1_RL/rfMRI_REST1_RL_hp2000.ica/filtered_func_data.ica/report/t21.txt","6rsR8MAeg.4gypYL6GIkynfEvW5fy.Ie"
"s3://hcp-openaccess/HCP_1200/506234/MNINonLinear/Results/rfMRI_REST1_RL/rfMRI_REST1_RL_hp2000.ica/filtered_func_data.ica/report/t22.png","506234","MNINonLinear//Results/rfMRI_REST1_RL/rfMRI_REST1_RL_hp2000.ica/filtered_func_data.ica/report/t22.png","kQ_X1fEe5LHs90SVrTdsy4VyuUOjt9kJ"
"s3://hcp-openaccess/HCP_1200/506234/MNINonLinear/Results/rfMRI_REST1_RL/rfMRI_REST1_RL_hp2000.ica/filtered_func_data.ica/report/t22.txt","506234","MNINonLinear//Results/rfMRI_REST1_RL/rfMRI_REST1_RL_hp2000.ica/filtered_func_data.ica/report/t22.txt","L08sbTJOh6dD3JWf082AUusuWmeuD56M"
"s3://hcp-openaccess/HCP_1200/506234/MNINonLinear/Results/rfMRI_REST1_RL/rfMRI_REST1_RL_hp2000.ica/filtered_func_data.ica/report/t23.png","506234","MNINonLinear//Results/rfMRI_REST1_RL/rfMRI_REST1_RL_hp2000.ica/filtered_func_data.ica/report/t23.png","tbc1xW3PXcGneA34xFxpoFNqiCeUAONT"
"s3://hcp-openaccess/HCP_1200/506234/MNINonLinear/Results/rfMRI_REST1_RL/rfMRI_REST1_RL_hp2000.ica/filtered_func_data.ica/report/t23.txt","506234","MNINonLinear//Results/rfMRI_REST1_RL/rfMRI_REST1_RL_hp2000.ica/filtered_func_data.ica/report/t23.txt","ma24L6E.SMIgqTqDA2aZA5xLFH1r0uDs"
"s3://hcp-openaccess/HCP_1200/506234/MNINonLinear/Results/rfMRI_REST1_RL/rfMRI_REST1_RL_hp2000.ica/filtered_func_data.ica/report/t24.png","506234","MNINonLinear//Results/rfMRI_REST1_RL/rfMRI_REST1_RL_hp2000.ica/filtered_func_data.ica/report/t24.png","nfth68MU9Dqb8NOKALzp8Gm7zzewLyH5"
"s3://hcp-openaccess/HCP_1200/506234/MNINonLinear/Results/rfMRI_REST1_RL/rfMRI_REST1_RL_hp2000.ica/filtered_func_data.ica/report/t24.txt","506234","MNINonLinear//Results/rfMRI_REST1_RL/rfMRI_REST1_RL_hp2000.ica/filtered_func_data.ica/report/t24.txt","tfDGVWuRFcRr7yztE0mUZ_9eLZS1A3aD"
"s3://hcp-openaccess/HCP_1200/506234/MNINonLinear/Results/rfMRI_REST1_RL/rfMRI_REST1_RL_hp2000.ica/filtered_func_data.ica/report/t25.png","506234","MNINonLinear//Results/rfMRI_REST1_RL/rfMRI_REST1_RL_hp2000.ica/filtered_func_data.ica/report/t25.png","0V2.HSJR43c4w3qpTQqYTkTyZuJVI6_u"
"s3://hcp-openaccess/HCP_1200/506234/MNINonLinear/Results/rfMRI_REST1_RL/rfMRI_REST1_RL_hp2000.ica/filtered_func_data.ica/report/t25.txt","506234","MNINonLinear//Results/rfMRI_REST1_RL/rfMRI_REST1_RL_hp2000.ica/filtered_func_data.ica/report/t25.txt","kapcCrttXDPNIryniJwyUyC67MKt847R"
"s3://hcp-openaccess/HCP_1200/506234/MNINonLinear/Results/rfMRI_REST1_RL/rfMRI_REST1_RL_hp2000.ica/filtered_func_data.ica/report/t26.png","506234","MNINonLinear//Results/rfMRI_REST1_RL/rfMRI_REST1_RL_hp2000.ica/filtered_func_data.ica/report/t26.png","mnCMaowyDVPqdjzV_TkMWOoWV1gAaWGi"
"s3://hcp-openaccess/HCP_1200/506234/MNINonLinear/Results/rfMRI_REST1_RL/rfMRI_REST1_RL_hp2000.ica/filtered_func_data.ica/report/t26.txt","506234","MNINonLinear//Results/rfMRI_REST1_RL/rfMRI_REST1_RL_hp2000.ica/filtered_func_data.ica/report/t26.txt","D4tXRTSxYsh83ngMsS5momHccQIDigXm"
"s3://hcp-openaccess/HCP_1200/506234/MNINonLinear/Results/rfMRI_REST1_RL/rfMRI_REST1_RL_hp2000.ica/filtered_func_data.ica/report/t27.png","506234","MNINonLinear//Results/rfMRI_REST1_RL/rfMRI_REST1_RL_hp2000.ica/filtered_func_data.ica/report/t27.png","7cCTQMO87uwKThvYEUpnLYVI3FThdJiV"
"s3://hcp-openaccess/HCP_1200/506234/MNINonLinear/Results/rfMRI_REST1_RL/rfMRI_REST1_RL_hp2000.ica/filtered_func_data.ica/report/t27.txt","506234","MNINonLinear//Results/rfMRI_REST1_RL/rfMRI_REST1_RL_hp2000.ica/filtered_func_data.ica/report/t27.txt","FEzU8PYvBwMTa2xc2apApCFO3j5GUz.3"
"s3://hcp-openaccess/HCP_1200/506234/MNINonLinear/Results/rfMRI_REST1_RL/rfMRI_REST1_RL_hp2000.ica/filtered_func_data.ica/report/t28.png","506234","MNINonLinear//Results/rfMRI_REST1_RL/rfMRI_REST1_RL_hp2000.ica/filtered_func_data.ica/report/t28.png","SrhlbDsNcLOI6GgYHDM8GKJNvr3omKl0"
"s3://hcp-openaccess/HCP_1200/506234/MNINonLinear/Results/rfMRI_REST1_RL/rfMRI_REST1_RL_hp2000.ica/filtered_func_data.ica/report/t28.txt","506234","MNINonLinear//Results/rfMRI_REST1_RL/rfMRI_REST1_RL_hp2000.ica/filtered_func_data.ica/report/t28.txt","_Fy36oM9kodlcmPosUKzIBYYsA9Ow2.7"
"s3://hcp-openaccess/HCP_1200/506234/MNINonLinear/Results/rfMRI_REST1_RL/rfMRI_REST1_RL_hp2000.ica/filtered_func_data.ica/report/t29.png","506234","MNINonLinear//Results/rfMRI_REST1_RL/rfMRI_REST1_RL_hp2000.ica/filtered_func_data.ica/report/t29.png","Z1JMqMQYbppCMn.LzwyfqBQQQSpbZPJj"
"s3://hcp-openaccess/HCP_1200/506234/MNINonLinear/Results/rfMRI_REST1_RL/rfMRI_REST1_RL_hp2000.ica/filtered_func_data.ica/report/t29.txt","506234","MNINonLinear//Results/rfMRI_REST1_RL/rfMRI_REST1_RL_hp2000.ica/filtered_func_data.ica/report/t29.txt","qAIFlseHak4fo5o50FQgK1d6j4WSm9Hv"
"s3://hcp-openaccess/HCP_1200/506234/MNINonLinear/Results/rfMRI_REST1_RL/rfMRI_REST1_RL_hp2000.ica/filtered_func_data.ica/report/t3.png","506234","MNINonLinear//Results/rfMRI_REST1_RL/rfMRI_REST1_RL_hp2000.ica/filtered_func_data.ica/report/t3.png","mnZO.9knbM_Qi6IVzGleXyuSD1esUVYM"
"s3://hcp-openaccess/HCP_1200/506234/MNINonLinear/Results/rfMRI_REST1_RL/rfMRI_REST1_RL_hp2000.ica/filtered_func_data.ica/report/t3.txt","506234","MNINonLinear//Results/rfMRI_REST1_RL/rfMRI_REST1_RL_hp2000.ica/filtered_func_data.ica/report/t3.txt","qU6qCmS3MJV6Muw6Ikdn3Oc4R5B8PZc1"
"s3://hcp-openaccess/HCP_1200/506234/MNINonLinear/Results/rfMRI_REST1_RL/rfMRI_REST1_RL_hp2000.ica/filtered_func_data.ica/report/t30.png","506234","MNINonLinear//Results/rfMRI_REST1_RL/rfMRI_REST1_RL_hp2000.ica/filtered_func_data.ica/report/t30.png","98N1HZ6mGUk84pNgWC76nM0i8QlIKkBA"
"s3://hcp-openaccess/HCP_1200/506234/MNINonLinear/Results/rfMRI_REST1_RL/rfMRI_REST1_RL_hp2000.ica/filtered_func_data.ica/report/t30.txt","506234","MNINonLinear//Results/rfMRI_REST1_RL/rfMRI_REST1_RL_hp2000.ica/filtered_func_data.ica/report/t30.txt","TCWE3tCZGM3zeiekDOwrqKVWn8N2C3rT"
"s3://hcp-openaccess/HCP_1200/506234/MNINonLinear/Results/rfMRI_REST1_RL/rfMRI_REST1_RL_hp2000.ica/filtered_func_data.ica/report/t31.png","506234","MNINonLinear//Results/rfMRI_REST1_RL/rfMRI_REST1_RL_hp2000.ica/filtered_func_data.ica/report/t31.png","jhuK0RJOHtwEW6YTs3DJfQ.sPhSQYcyo"
"s3://hcp-openaccess/HCP_1200/506234/MNINonLinear/Results/rfMRI_REST1_RL/rfMRI_REST1_RL_hp2000.ica/filtered_func_data.ica/report/t31.txt","506234","MNINonLinear//Results/rfMRI_REST1_RL/rfMRI_REST1_RL_hp2000.ica/filtered_func_data.ica/report/t31.txt","Ga3xpe4.83D21.ZhWQWddPexeEPPTlHv"
"s3://hcp-openaccess/HCP_1200/506234/MNINonLinear/Results/rfMRI_REST1_RL/rfMRI_REST1_RL_hp2000.ica/filtered_func_data.ica/report/t32.png","506234","MNINonLinear//Results/rfMRI_REST1_RL/rfMRI_REST1_RL_hp2000.ica/filtered_func_data.ica/report/t32.png","WvpoPLdbeKhkXZisF_aJaP6yFxMROJTk"
"s3://hcp-openaccess/HCP_1200/506234/MNINonLinear/Results/rfMRI_REST1_RL/rfMRI_REST1_RL_hp2000.ica/filtered_func_data.ica/report/t32.txt","506234","MNINonLinear//Results/rfMRI_REST1_RL/rfMRI_REST1_RL_hp2000.ica/filtered_func_data.ica/report/t32.txt","Z.axrLgZc5qRld.bdiYPqzOXJq.w4oYf"
"s3://hcp-openaccess/HCP_1200/506234/MNINonLinear/Results/rfMRI_REST1_RL/rfMRI_REST1_RL_hp2000.ica/filtered_func_data.ica/report/t33.png","506234","MNINonLinear//Results/rfMRI_REST1_RL/rfMRI_REST1_RL_hp2000.ica/filtered_func_data.ica/report/t33.png","r8j9v_p.SfP6K1xYJtj2sEvRnJ9kIpZ."
"s3://hcp-openaccess/HCP_1200/506234/MNINonLinear/Results/rfMRI_REST1_RL/rfMRI_REST1_RL_hp2000.ica/filtered_func_data.ica/report/t33.txt","506234","MNINonLinear//Results/rfMRI_REST1_RL/rfMRI_REST1_RL_hp2000.ica/filtered_func_data.ica/report/t33.txt","VOlzEENMiJe3zyzHdgH0gL72iXhNyBxd"
"s3://hcp-openaccess/HCP_1200/506234/MNINonLinear/Results/rfMRI_REST1_RL/rfMRI_REST1_RL_hp2000.ica/filtered_func_data.ica/report/t34.png","506234","MNINonLinear//Results/rfMRI_REST1_RL/rfMRI_REST1_RL_hp2000.ica/filtered_func_data.ica/report/t34.png","Csn9swrgEyh2LNMwcBoWdwCaLz8JP9j1"
"s3://hcp-openaccess/HCP_1200/506234/MNINonLinear/Results/rfMRI_REST1_RL/rfMRI_REST1_RL_hp2000.ica/filtered_func_data.ica/report/t34.txt","506234","MNINonLinear//Results/rfMRI_REST1_RL/rfMRI_REST1_RL_hp2000.ica/filtered_func_data.ica/report/t34.txt","n3jGyXWqnzhaHmE30ROZ6Ga3wAmBnTBm"
"s3://hcp-openaccess/HCP_1200/506234/MNINonLinear/Results/rfMRI_REST1_RL/rfMRI_REST1_RL_hp2000.ica/filtered_func_data.ica/report/t35.png","506234","MNINonLinear//Results/rfMRI_REST1_RL/rfMRI_REST1_RL_hp2000.ica/filtered_func_data.ica/report/t35.png","AyDTAp6ed.DBeermszhmNye8PDqTKd05"
"s3://hcp-openaccess/HCP_1200/506234/MNINonLinear/Results/rfMRI_REST1_RL/rfMRI_REST1_RL_hp2000.ica/filtered_func_data.ica/report/t35.txt","506234","MNINonLinear//Results/rfMRI_REST1_RL/rfMRI_REST1_RL_hp2000.ica/filtered_func_data.ica/report/t35.txt","KH8yNkDnlMdAdQRBo0qOkxW8rIBZYHYt"
"s3://hcp-openaccess/HCP_1200/506234/MNINonLinear/Results/rfMRI_REST1_RL/rfMRI_REST1_RL_hp2000.ica/filtered_func_data.ica/report/t36.png","506234","MNINonLinear//Results/rfMRI_REST1_RL/rfMRI_REST1_RL_hp2000.ica/filtered_func_data.ica/report/t36.png","N0913gKdjC_pnJfzj_S9NXbKHzyDkQhL"
"s3://hcp-openaccess/HCP_1200/506234/MNINonLinear/Results/rfMRI_REST1_RL/rfMRI_REST1_RL_hp2000.ica/filtered_func_data.ica/report/t36.txt","506234","MNINonLinear//Results/rfMRI_REST1_RL/rfMRI_REST1_RL_hp2000.ica/filtered_func_data.ica/report/t36.txt","hdlInVnQ2Jw4vJ76vy6uMeIWLrqrPxQr"
"s3://hcp-openaccess/HCP_1200/506234/MNINonLinear/Results/rfMRI_REST1_RL/rfMRI_REST1_RL_hp2000.ica/filtered_func_data.ica/report/t37.png","506234","MNINonLinear//Results/rfMRI_REST1_RL/rfMRI_REST1_RL_hp2000.ica/filtered_func_data.ica/report/t37.png","z30bpuK518_aUgl6i47c7PYRaHd4BXLe"
"s3://hcp-openaccess/HCP_1200/506234/MNINonLinear/Results/rfMRI_REST1_RL/rfMRI_REST1_RL_hp2000.ica/filtered_func_data.ica/report/t37.txt","506234","MNINonLinear//Results/rfMRI_REST1_RL/rfMRI_REST1_RL_hp2000.ica/filtered_func_data.ica/report/t37.txt","9OlEhaRIFBlg45aAEWgmKBU6O0qIxKEb"
"s3://hcp-openaccess/HCP_1200/506234/MNINonLinear/Results/rfMRI_REST1_RL/rfMRI_REST1_RL_hp2000.ica/filtered_func_data.ica/report/t38.png","506234","MNINonLinear//Results/rfMRI_REST1_RL/rfMRI_REST1_RL_hp2000.ica/filtered_func_data.ica/report/t38.png","XLLBsgu7CNlLDJs_tqlhZDlRRHUBo6py"
"s3://hcp-openaccess/HCP_1200/506234/MNINonLinear/Results/rfMRI_REST1_RL/rfMRI_REST1_RL_hp2000.ica/filtered_func_data.ica/report/t38.txt","506234","MNINonLinear//Results/rfMRI_REST1_RL/rfMRI_REST1_RL_hp2000.ica/filtered_func_data.ica/report/t38.txt","mG_42wVe1X1j0HDMKIkvdxLlf7N56UXZ"
"s3://hcp-openaccess/HCP_1200/506234/MNINonLinear/Results/rfMRI_REST1_RL/rfMRI_REST1_RL_hp2000.ica/filtered_func_data.ica/report/t39.png","506234","MNINonLinear//Results/rfMRI_REST1_RL/rfMRI_REST1_RL_hp2000.ica/filtered_func_data.ica/report/t39.png","tm36BwHbpsTNe9h9ZLvn6XUkvGfymM6M"
"s3://hcp-openaccess/HCP_1200/506234/MNINonLinear/Results/rfMRI_REST1_RL/rfMRI_REST1_RL_hp2000.ica/filtered_func_data.ica/report/t39.txt","506234","MNINonLinear//Results/rfMRI_REST1_RL/rfMRI_REST1_RL_hp2000.ica/filtered_func_data.ica/report/t39.txt","eQEsm_EQYgdbYOjGS5Cwzv2ObaHTWm2r"
"s3://hcp-openaccess/HCP_1200/506234/MNINonLinear/Results/rfMRI_REST1_RL/rfMRI_REST1_RL_hp2000.ica/filtered_func_data.ica/report/t4.png","506234","MNINonLinear//Results/rfMRI_REST1_RL/rfMRI_REST1_RL_hp2000.ica/filtered_func_data.ica/report/t4.png","7R2ZCCOod0qlw6F5L_9TD0fTGwsHMG3J"
"s3://hcp-openaccess/HCP_1200/506234/MNINonLinear/Results/rfMRI_REST1_RL/rfMRI_REST1_RL_hp2000.ica/filtered_func_data.ica/report/t4.txt","506234","MNINonLinear//Results/rfMRI_REST1_RL/rfMRI_REST1_RL_hp2000.ica/filtered_func_data.ica/report/t4.txt","NxCeS_C7oVYQGjUYWEelWXBuD1SD3_u2"
"s3://hcp-openaccess/HCP_1200/506234/MNINonLinear/Results/rfMRI_REST1_RL/rfMRI_REST1_RL_hp2000.ica/filtered_func_data.ica/report/t40.png","506234","MNINonLinear//Results/rfMRI_REST1_RL/rfMRI_REST1_RL_hp2000.ica/filtered_func_data.ica/report/t40.png","qMiv0sJgHhD_FU6LWg.QkUkFQUhQDL3e"
"s3://hcp-openaccess/HCP_1200/506234/MNINonLinear/Results/rfMRI_REST1_RL/rfMRI_REST1_RL_hp2000.ica/filtered_func_data.ica/report/t40.txt","506234","MNINonLinear//Results/rfMRI_REST1_RL/rfMRI_REST1_RL_hp2000.ica/filtered_func_data.ica/report/t40.txt","LRnE0EgXeVD_Ln7UpUkyWj1TKowQsFsZ"
"s3://hcp-openaccess/HCP_1200/506234/MNINonLinear/Results/rfMRI_REST1_RL/rfMRI_REST1_RL_hp2000.ica/filtered_func_data.ica/report/t41.png","506234","MNINonLinear//Results/rfMRI_REST1_RL/rfMRI_REST1_RL_hp2000.ica/filtered_func_data.ica/report/t41.png","vqLEdM.BC8tXb3ifdW74.Do2po5Z.bnL"
"s3://hcp-openaccess/HCP_1200/506234/MNINonLinear/Results/rfMRI_REST1_RL/rfMRI_REST1_RL_hp2000.ica/filtered_func_data.ica/report/t41.txt","506234","MNINonLinear//Results/rfMRI_REST1_RL/rfMRI_REST1_RL_hp2000.ica/filtered_func_data.ica/report/t41.txt","MHSDJqkhIKZzApJ5d6lqQsM6LWEhYgsa"
"s3://hcp-openaccess/HCP_1200/506234/MNINonLinear/Results/rfMRI_REST1_RL/rfMRI_REST1_RL_hp2000.ica/filtered_func_data.ica/report/t42.png","506234","MNINonLinear//Results/rfMRI_REST1_RL/rfMRI_REST1_RL_hp2000.ica/filtered_func_data.ica/report/t42.png",".KLZbs4fw95o2eD1ywCrO_MNW40N4r6g"
"s3://hcp-openaccess/HCP_1200/506234/MNINonLinear/Results/rfMRI_REST1_RL/rfMRI_REST1_RL_hp2000.ica/filtered_func_data.ica/report/t42.txt","506234","MNINonLinear//Results/rfMRI_REST1_RL/rfMRI_REST1_RL_hp2000.ica/filtered_func_data.ica/report/t42.txt","sP6ZvoiNXSVXiOEftnw5nfxh.Iekon76"
"s3://hcp-openaccess/HCP_1200/506234/MNINonLinear/Results/rfMRI_REST1_RL/rfMRI_REST1_RL_hp2000.ica/filtered_func_data.ica/report/t43.png","506234","MNINonLinear//Results/rfMRI_REST1_RL/rfMRI_REST1_RL_hp2000.ica/filtered_func_data.ica/report/t43.png","8khVYQJ5TC03VkETGFmE_Rwl6jpwwBki"
"s3://hcp-openaccess/HCP_1200/506234/MNINonLinear/Results/rfMRI_REST1_RL/rfMRI_REST1_RL_hp2000.ica/filtered_func_data.ica/report/t43.txt","506234","MNINonLinear//Results/rfMRI_REST1_RL/rfMRI_REST1_RL_hp2000.ica/filtered_func_data.ica/report/t43.txt","nJt_iosZwmEh4UZRmfo4X6rNik6c_cMS"
"s3://hcp-openaccess/HCP_1200/506234/MNINonLinear/Results/rfMRI_REST1_RL/rfMRI_REST1_RL_hp2000.ica/filtered_func_data.ica/report/t44.png","506234","MNINonLinear//Results/rfMRI_REST1_RL/rfMRI_REST1_RL_hp2000.ica/filtered_func_data.ica/report/t44.png","Yy09xTUDpdtTmQ9jhE4NBMjN7eG257qx"
"s3://hcp-openaccess/HCP_1200/506234/MNINonLinear/Results/rfMRI_REST1_RL/rfMRI_REST1_RL_hp2000.ica/filtered_func_data.ica/report/t44.txt","506234","MNINonLinear//Results/rfMRI_REST1_RL/rfMRI_REST1_RL_hp2000.ica/filtered_func_data.ica/report/t44.txt","C01.H.anaJ79CLYGBAUGrKmdCeJOpGcm"
"s3://hcp-openaccess/HCP_1200/506234/MNINonLinear/Results/rfMRI_REST1_RL/rfMRI_REST1_RL_hp2000.ica/filtered_func_data.ica/report/t45.png","506234","MNINonLinear//Results/rfMRI_REST1_RL/rfMRI_REST1_RL_hp2000.ica/filtered_func_data.ica/report/t45.png","p8PAF7aa0nJQlOCYgTXCId9EDPYI7bof"
"s3://hcp-openaccess/HCP_1200/506234/MNINonLinear/Results/rfMRI_REST1_RL/rfMRI_REST1_RL_hp2000.ica/filtered_func_data.ica/report/t45.txt","506234","MNINonLinear//Results/rfMRI_REST1_RL/rfMRI_REST1_RL_hp2000.ica/filtered_func_data.ica/report/t45.txt","DnX0awjqyC3olNVuJwNJdXyVAmLGpPMX"
"s3://hcp-openaccess/HCP_1200/506234/MNINonLinear/Results/rfMRI_REST1_RL/rfMRI_REST1_RL_hp2000.ica/filtered_func_data.ica/report/t46.png","506234","MNINonLinear//Results/rfMRI_REST1_RL/rfMRI_REST1_RL_hp2000.ica/filtered_func_data.ica/report/t46.png","uDAQNyMpBkn22Lxsw6rsXWxbv5xJksxD"
"s3://hcp-openaccess/HCP_1200/506234/MNINonLinear/Results/rfMRI_REST1_RL/rfMRI_REST1_RL_hp2000.ica/filtered_func_data.ica/report/t46.txt","506234","MNINonLinear//Results/rfMRI_REST1_RL/rfMRI_REST1_RL_hp2000.ica/filtered_func_data.ica/report/t46.txt","okDt0LMn0QmakOZ5xPwmSRVz9XZbJHTA"
"s3://hcp-openaccess/HCP_1200/506234/MNINonLinear/Results/rfMRI_REST1_RL/rfMRI_REST1_RL_hp2000.ica/filtered_func_data.ica/report/t47.png","506234","MNINonLinear//Results/rfMRI_REST1_RL/rfMRI_REST1_RL_hp2000.ica/filtered_func_data.ica/report/t47.png","7YccWCg54YxcX01jgn4N32JQq1oWatis"
"s3://hcp-openaccess/HCP_1200/506234/MNINonLinear/Results/rfMRI_REST1_RL/rfMRI_REST1_RL_hp2000.ica/filtered_func_data.ica/report/t47.txt","506234","MNINonLinear//Results/rfMRI_REST1_RL/rfMRI_REST1_RL_hp2000.ica/filtered_func_data.ica/report/t47.txt","2rpgCbtOTQOVmI_hAwrWY3LUeyXAdSqv"
"s3://hcp-openaccess/HCP_1200/506234/MNINonLinear/Results/rfMRI_REST1_RL/rfMRI_REST1_RL_hp2000.ica/filtered_func_data.ica/report/t48.png","506234","MNINonLinear//Results/rfMRI_REST1_RL/rfMRI_REST1_RL_hp2000.ica/filtered_func_data.ica/report/t48.png","vgOon1iFauAhmh_eby0rMDfhvXRpw03o"
"s3://hcp-openaccess/HCP_1200/506234/MNINonLinear/Results/rfMRI_REST1_RL/rfMRI_REST1_RL_hp2000.ica/filtered_func_data.ica/report/t48.txt","506234","MNINonLinear//Results/rfMRI_REST1_RL/rfMRI_REST1_RL_hp2000.ica/filtered_func_data.ica/report/t48.txt","djINxVNPNGGmCYK7ee63xiqFLoZn_Vfe"
"s3://hcp-openaccess/HCP_1200/506234/MNINonLinear/Results/rfMRI_REST1_RL/rfMRI_REST1_RL_hp2000.ica/filtered_func_data.ica/report/t49.png","506234","MNINonLinear//Results/rfMRI_REST1_RL/rfMRI_REST1_RL_hp2000.ica/filtered_func_data.ica/report/t49.png","5oFJWueQJPZXfzBhC9rAVQo8gbgzjLAk"
"s3://hcp-openaccess/HCP_1200/506234/MNINonLinear/Results/rfMRI_REST1_RL/rfMRI_REST1_RL_hp2000.ica/filtered_func_data.ica/report/t49.txt","506234","MNINonLinear//Results/rfMRI_REST1_RL/rfMRI_REST1_RL_hp2000.ica/filtered_func_data.ica/report/t49.txt","Nh5orf74b9I8hyem4P8bZLDk3aG.bdTz"
"s3://hcp-openaccess/HCP_1200/506234/MNINonLinear/Results/rfMRI_REST1_RL/rfMRI_REST1_RL_hp2000.ica/filtered_func_data.ica/report/t5.png","506234","MNINonLinear//Results/rfMRI_REST1_RL/rfMRI_REST1_RL_hp2000.ica/filtered_func_data.ica/report/t5.png","SkwMf.BCUkT0s4sbhlmSA5DcaRpw7zJH"
"s3://hcp-openaccess/HCP_1200/506234/MNINonLinear/Results/rfMRI_REST1_RL/rfMRI_REST1_RL_hp2000.ica/filtered_func_data.ica/report/t5.txt","506234","MNINonLinear//Results/rfMRI_REST1_RL/rfMRI_REST1_RL_hp2000.ica/filtered_func_data.ica/report/t5.txt","4u_jaEh4pJ0vKfnfqGeub77DXcJMjgmy"
"s3://hcp-openaccess/HCP_1200/506234/MNINonLinear/Results/rfMRI_REST1_RL/rfMRI_REST1_RL_hp2000.ica/filtered_func_data.ica/report/t50.png","506234","MNINonLinear//Results/rfMRI_REST1_RL/rfMRI_REST1_RL_hp2000.ica/filtered_func_data.ica/report/t50.png","vT_GYXHfQhSHEvILr2AVG6xtqxB1mhSG"
"s3://hcp-openaccess/HCP_1200/506234/MNINonLinear/Results/rfMRI_REST1_RL/rfMRI_REST1_RL_hp2000.ica/filtered_func_data.ica/report/t50.txt","506234","MNINonLinear//Results/rfMRI_REST1_RL/rfMRI_REST1_RL_hp2000.ica/filtered_func_data.ica/report/t50.txt","SziFeMCb8gXlJVpe8r.DoiMVO2gW.WHE"
"s3://hcp-openaccess/HCP_1200/506234/MNINonLinear/Results/rfMRI_REST1_RL/rfMRI_REST1_RL_hp2000.ica/filtered_func_data.ica/report/t51.png","506234","MNINonLinear//Results/rfMRI_REST1_RL/rfMRI_REST1_RL_hp2000.ica/filtered_func_data.ica/report/t51.png","j6yqeZ970WMbURZ2cm6P5AHNLDPWq10x"
"s3://hcp-openaccess/HCP_1200/506234/MNINonLinear/Results/rfMRI_REST1_RL/rfMRI_REST1_RL_hp2000.ica/filtered_func_data.ica/report/t51.txt","506234","MNINonLinear//Results/rfMRI_REST1_RL/rfMRI_REST1_RL_hp2000.ica/filtered_func_data.ica/report/t51.txt","gvYj6wFag3Ej8cT617pbOPdCCWdk8RE3"
"s3://hcp-openaccess/HCP_1200/506234/MNINonLinear/Results/rfMRI_REST1_RL/rfMRI_REST1_RL_hp2000.ica/filtered_func_data.ica/report/t52.png","506234","MNINonLinear//Results/rfMRI_REST1_RL/rfMRI_REST1_RL_hp2000.ica/filtered_func_data.ica/report/t52.png","JvS2faKcCdtC7HBSk_KtYZpXIBLH2fG."
"s3://hcp-openaccess/HCP_1200/506234/MNINonLinear/Results/rfMRI_REST1_RL/rfMRI_REST1_RL_hp2000.ica/filtered_func_data.ica/report/t52.txt","506234","MNINonLinear//Results/rfMRI_REST1_RL/rfMRI_REST1_RL_hp2000.ica/filtered_func_data.ica/report/t52.txt","w5dN_tEFwvEaofnNSdSdqRWEs.TuvnPS"
"s3://hcp-openaccess/HCP_1200/506234/MNINonLinear/Results/rfMRI_REST1_RL/rfMRI_REST1_RL_hp2000.ica/filtered_func_data.ica/report/t53.png","506234","MNINonLinear//Results/rfMRI_REST1_RL/rfMRI_REST1_RL_hp2000.ica/filtered_func_data.ica/report/t53.png","4x8K5AYzC1fxAoMZ2sdoPj3D0rrv0HOm"
"s3://hcp-openaccess/HCP_1200/506234/MNINonLinear/Results/rfMRI_REST1_RL/rfMRI_REST1_RL_hp2000.ica/filtered_func_data.ica/report/t53.txt","506234","MNINonLinear//Results/rfMRI_REST1_RL/rfMRI_REST1_RL_hp2000.ica/filtered_func_data.ica/report/t53.txt","jBmCcOwZ1pZ9xvXzhJ1hvT6zs6C8aAMi"
"s3://hcp-openaccess/HCP_1200/506234/MNINonLinear/Results/rfMRI_REST1_RL/rfMRI_REST1_RL_hp2000.ica/filtered_func_data.ica/report/t54.png","506234","MNINonLinear//Results/rfMRI_REST1_RL/rfMRI_REST1_RL_hp2000.ica/filtered_func_data.ica/report/t54.png","2bykFOdcXAUvnmczodR4PdyBzMTIth_r"
"s3://hcp-openaccess/HCP_1200/506234/MNINonLinear/Results/rfMRI_REST1_RL/rfMRI_REST1_RL_hp2000.ica/filtered_func_data.ica/report/t54.txt","506234","MNINonLinear//Results/rfMRI_REST1_RL/rfMRI_REST1_RL_hp2000.ica/filtered_func_data.ica/report/t54.txt","Xw9FaYMmIVQvxM0bkITUAT4iqeeKdB1o"
"s3://hcp-openaccess/HCP_1200/506234/MNINonLinear/Results/rfMRI_REST1_RL/rfMRI_REST1_RL_hp2000.ica/filtered_func_data.ica/report/t55.png","506234","MNINonLinear//Results/rfMRI_REST1_RL/rfMRI_REST1_RL_hp2000.ica/filtered_func_data.ica/report/t55.png","mNWKdL6_3AOEoClXC0_Y0fJXi6srLicM"
"s3://hcp-openaccess/HCP_1200/506234/MNINonLinear/Results/rfMRI_REST1_RL/rfMRI_REST1_RL_hp2000.ica/filtered_func_data.ica/report/t55.txt","506234","MNINonLinear//Results/rfMRI_REST1_RL/rfMRI_REST1_RL_hp2000.ica/filtered_func_data.ica/report/t55.txt","uzTThdGT.4Btco2d5Ijs76T7nAZmzOPn"
"s3://hcp-openaccess/HCP_1200/506234/MNINonLinear/Results/rfMRI_REST1_RL/rfMRI_REST1_RL_hp2000.ica/filtered_func_data.ica/report/t56.png","506234","MNINonLinear//Results/rfMRI_REST1_RL/rfMRI_REST1_RL_hp2000.ica/filtered_func_data.ica/report/t56.png","xlwqP9_skSIQ7tLrshxwyjZCUyAjGbkH"
"s3://hcp-openaccess/HCP_1200/506234/MNINonLinear/Results/rfMRI_REST1_RL/rfMRI_REST1_RL_hp2000.ica/filtered_func_data.ica/report/t56.txt","506234","MNINonLinear//Results/rfMRI_REST1_RL/rfMRI_REST1_RL_hp2000.ica/filtered_func_data.ica/report/t56.txt","yftfbuZq1B1n8ZAPrjRZctaTJzwanKoo"
"s3://hcp-openaccess/HCP_1200/506234/MNINonLinear/Results/rfMRI_REST1_RL/rfMRI_REST1_RL_hp2000.ica/filtered_func_data.ica/report/t57.png","506234","MNINonLinear//Results/rfMRI_REST1_RL/rfMRI_REST1_RL_hp2000.ica/filtered_func_data.ica/report/t57.png","3mNpmL09A_7TlVp6NLArvvGwWGeOgQQr"
"s3://hcp-openaccess/HCP_1200/506234/MNINonLinear/Results/rfMRI_REST1_RL/rfMRI_REST1_RL_hp2000.ica/filtered_func_data.ica/report/t57.txt","506234","MNINonLinear//Results/rfMRI_REST1_RL/rfMRI_REST1_RL_hp2000.ica/filtered_func_data.ica/report/t57.txt","HdeQz6eUrCm6laIb36ot_E7wB_ArOxS7"
"s3://hcp-openaccess/HCP_1200/506234/MNINonLinear/Results/rfMRI_REST1_RL/rfMRI_REST1_RL_hp2000.ica/filtered_func_data.ica/report/t58.png","506234","MNINonLinear//Results/rfMRI_REST1_RL/rfMRI_REST1_RL_hp2000.ica/filtered_func_data.ica/report/t58.png","97_V98g4nrmXUfmwNCjY9z0lOD06XIDj"
"s3://hcp-openaccess/HCP_1200/506234/MNINonLinear/Results/rfMRI_REST1_RL/rfMRI_REST1_RL_hp2000.ica/filtered_func_data.ica/report/t58.txt","506234","MNINonLinear//Results/rfMRI_REST1_RL/rfMRI_REST1_RL_hp2000.ica/filtered_func_data.ica/report/t58.txt","WLRLLoEwsfk56TkeOilEOSIeXGj3o._y"
"s3://hcp-openaccess/HCP_1200/506234/MNINonLinear/Results/rfMRI_REST1_RL/rfMRI_REST1_RL_hp2000.ica/filtered_func_data.ica/report/t59.png","506234","MNINonLinear//Results/rfMRI_REST1_RL/rfMRI_REST1_RL_hp2000.ica/filtered_func_data.ica/report/t59.png","Px7Rtt1u8JyDVc56yuk7_NsWHQYXasz9"
"s3://hcp-openaccess/HCP_1200/506234/MNINonLinear/Results/rfMRI_REST1_RL/rfMRI_REST1_RL_hp2000.ica/filtered_func_data.ica/report/t59.txt","506234","MNINonLinear//Results/rfMRI_REST1_RL/rfMRI_REST1_RL_hp2000.ica/filtered_func_data.ica/report/t59.txt","b_YUXSV0UTMePUx4ByK.gKmJMozBP06n"
"s3://hcp-openaccess/HCP_1200/506234/MNINonLinear/Results/rfMRI_REST1_RL/rfMRI_REST1_RL_hp2000.ica/filtered_func_data.ica/report/t6.png","506234","MNINonLinear//Results/rfMRI_REST1_RL/rfMRI_REST1_RL_hp2000.ica/filtered_func_data.ica/report/t6.png","bUDHYbqitN1s10fVJRwi3CzK9y4KkjCZ"
"s3://hcp-openaccess/HCP_1200/506234/MNINonLinear/Results/rfMRI_REST1_RL/rfMRI_REST1_RL_hp2000.ica/filtered_func_data.ica/report/t6.txt","506234","MNINonLinear//Results/rfMRI_REST1_RL/rfMRI_REST1_RL_hp2000.ica/filtered_func_data.ica/report/t6.txt","UPMoGNKlEpPAXWVWDpsaetSIYY47lqGy"
"s3://hcp-openaccess/HCP_1200/506234/MNINonLinear/Results/rfMRI_REST1_RL/rfMRI_REST1_RL_hp2000.ica/filtered_func_data.ica/report/t60.png","506234","MNINonLinear//Results/rfMRI_REST1_RL/rfMRI_REST1_RL_hp2000.ica/filtered_func_data.ica/report/t60.png","Z4ZmmNVyv8IQhpO6fPiVqH_9mvACINBj"
"s3://hcp-openaccess/HCP_1200/506234/MNINonLinear/Results/rfMRI_REST1_RL/rfMRI_REST1_RL_hp2000.ica/filtered_func_data.ica/report/t60.txt","506234","MNINonLinear//Results/rfMRI_REST1_RL/rfMRI_REST1_RL_hp2000.ica/filtered_func_data.ica/report/t60.txt","S8Qh5rhbOoI4eHuA6Euf6PbVXJ5wMni3"
"s3://hcp-openaccess/HCP_1200/506234/MNINonLinear/Results/rfMRI_REST1_RL/rfMRI_REST1_RL_hp2000.ica/filtered_func_data.ica/report/t61.png","506234","MNINonLinear//Results/rfMRI_REST1_RL/rfMRI_REST1_RL_hp2000.ica/filtered_func_data.ica/report/t61.png","hMFsjEKVw5KsinswU6EJCSZ9pB4hx7BV"
"s3://hcp-openaccess/HCP_1200/506234/MNINonLinear/Results/rfMRI_REST1_RL/rfMRI_REST1_RL_hp2000.ica/filtered_func_data.ica/report/t61.txt","506234","MNINonLinear//Results/rfMRI_REST1_RL/rfMRI_REST1_RL_hp2000.ica/filtered_func_data.ica/report/t61.txt","kmrIyWlV_iy0HRhzoufl3ltINCAGzDeT"
"s3://hcp-openaccess/HCP_1200/506234/MNINonLinear/Results/rfMRI_REST1_RL/rfMRI_REST1_RL_hp2000.ica/filtered_func_data.ica/report/t62.png","506234","MNINonLinear//Results/rfMRI_REST1_RL/rfMRI_REST1_RL_hp2000.ica/filtered_func_data.ica/report/t62.png","FtVCpiteQpCW0tooOeNjFehJozRi9oK0"
"s3://hcp-openaccess/HCP_1200/506234/MNINonLinear/Results/rfMRI_REST1_RL/rfMRI_REST1_RL_hp2000.ica/filtered_func_data.ica/report/t62.txt","506234","MNINonLinear//Results/rfMRI_REST1_RL/rfMRI_REST1_RL_hp2000.ica/filtered_func_data.ica/report/t62.txt","0j2g8lhI8arBAyb8augVVQIWSnEWYg_i"
"s3://hcp-openaccess/HCP_1200/506234/MNINonLinear/Results/rfMRI_REST1_RL/rfMRI_REST1_RL_hp2000.ica/filtered_func_data.ica/report/t63.png","506234","MNINonLinear//Results/rfMRI_REST1_RL/rfMRI_REST1_RL_hp2000.ica/filtered_func_data.ica/report/t63.png","DKEYgLPOIWEErKh774z.DFnFCcUH2NWu"
"s3://hcp-openaccess/HCP_1200/506234/MNINonLinear/Results/rfMRI_REST1_RL/rfMRI_REST1_RL_hp2000.ica/filtered_func_data.ica/report/t63.txt","506234","MNINonLinear//Results/rfMRI_REST1_RL/rfMRI_REST1_RL_hp2000.ica/filtered_func_data.ica/report/t63.txt","MIZ0EvNyuDcJ8.W5T.8abazrEJlom07F"
"s3://hcp-openaccess/HCP_1200/506234/MNINonLinear/Results/rfMRI_REST1_RL/rfMRI_REST1_RL_hp2000.ica/filtered_func_data.ica/report/t64.png","506234","MNINonLinear//Results/rfMRI_REST1_RL/rfMRI_REST1_RL_hp2000.ica/filtered_func_data.ica/report/t64.png","WNgaWIo0bMnxADzYLVE2Fol0CyGZZgCT"
"s3://hcp-openaccess/HCP_1200/506234/MNINonLinear/Results/rfMRI_REST1_RL/rfMRI_REST1_RL_hp2000.ica/filtered_func_data.ica/report/t64.txt","506234","MNINonLinear//Results/rfMRI_REST1_RL/rfMRI_REST1_RL_hp2000.ica/filtered_func_data.ica/report/t64.txt","HIgnwjPLv.awTF6WPDlroAoY5KkGCUly"
"s3://hcp-openaccess/HCP_1200/506234/MNINonLinear/Results/rfMRI_REST1_RL/rfMRI_REST1_RL_hp2000.ica/filtered_func_data.ica/report/t65.png","506234","MNINonLinear//Results/rfMRI_REST1_RL/rfMRI_REST1_RL_hp2000.ica/filtered_func_data.ica/report/t65.png","oq.k_iPMf6SrETki5ZCBCw.2a0c7lr5M"
"s3://hcp-openaccess/HCP_1200/506234/MNINonLinear/Results/rfMRI_REST1_RL/rfMRI_REST1_RL_hp2000.ica/filtered_func_data.ica/report/t65.txt","506234","MNINonLinear//Results/rfMRI_REST1_RL/rfMRI_REST1_RL_hp2000.ica/filtered_func_data.ica/report/t65.txt","OlPPLcTkdKi3iKdtzny.rMUsOGeSMrzx"
"s3://hcp-openaccess/HCP_1200/506234/MNINonLinear/Results/rfMRI_REST1_RL/rfMRI_REST1_RL_hp2000.ica/filtered_func_data.ica/report/t66.png","506234","MNINonLinear//Results/rfMRI_REST1_RL/rfMRI_REST1_RL_hp2000.ica/filtered_func_data.ica/report/t66.png","lO5sfS.CV5kJKkhPkBTRf9RaFZ.upcus"
"s3://hcp-openaccess/HCP_1200/506234/MNINonLinear/Results/rfMRI_REST1_RL/rfMRI_REST1_RL_hp2000.ica/filtered_func_data.ica/report/t66.txt","506234","MNINonLinear//Results/rfMRI_REST1_RL/rfMRI_REST1_RL_hp2000.ica/filtered_func_data.ica/report/t66.txt","I_j1SosUynQQ8p.6b3Nv2dCFHkvMa53H"
"s3://hcp-openaccess/HCP_1200/506234/MNINonLinear/Results/rfMRI_REST1_RL/rfMRI_REST1_RL_hp2000.ica/filtered_func_data.ica/report/t67.png","506234","MNINonLinear//Results/rfMRI_REST1_RL/rfMRI_REST1_RL_hp2000.ica/filtered_func_data.ica/report/t67.png","ZNiJqZiYve06LKs4Ny3ttvve0k7fCVbr"
"s3://hcp-openaccess/HCP_1200/506234/MNINonLinear/Results/rfMRI_REST1_RL/rfMRI_REST1_RL_hp2000.ica/filtered_func_data.ica/report/t67.txt","506234","MNINonLinear//Results/rfMRI_REST1_RL/rfMRI_REST1_RL_hp2000.ica/filtered_func_data.ica/report/t67.txt","naW6vyJkl0_ucN7eFTHaD235xO1pznvW"
"s3://hcp-openaccess/HCP_1200/506234/MNINonLinear/Results/rfMRI_REST1_RL/rfMRI_REST1_RL_hp2000.ica/filtered_func_data.ica/report/t68.png","506234","MNINonLinear//Results/rfMRI_REST1_RL/rfMRI_REST1_RL_hp2000.ica/filtered_func_data.ica/report/t68.png","lXdbCwzk0BqidEN8SAB0PLpXwgPsr9K3"
"s3://hcp-openaccess/HCP_1200/506234/MNINonLinear/Results/rfMRI_REST1_RL/rfMRI_REST1_RL_hp2000.ica/filtered_func_data.ica/report/t68.txt","506234","MNINonLinear//Results/rfMRI_REST1_RL/rfMRI_REST1_RL_hp2000.ica/filtered_func_data.ica/report/t68.txt","7XjtPPhtBCjTX3XYI2v9XFcTFhEIj9aj"
"s3://hcp-openaccess/HCP_1200/506234/MNINonLinear/Results/rfMRI_REST1_RL/rfMRI_REST1_RL_hp2000.ica/filtered_func_data.ica/report/t69.png","506234","MNINonLinear//Results/rfMRI_REST1_RL/rfMRI_REST1_RL_hp2000.ica/filtered_func_data.ica/report/t69.png","vUGssUCrLqmwEiPwMWJJCMatFd0DSJaz"
"s3://hcp-openaccess/HCP_1200/506234/MNINonLinear/Results/rfMRI_REST1_RL/rfMRI_REST1_RL_hp2000.ica/filtered_func_data.ica/report/t69.txt","506234","MNINonLinear//Results/rfMRI_REST1_RL/rfMRI_REST1_RL_hp2000.ica/filtered_func_data.ica/report/t69.txt","zfLnZQA3lRNHYHfqDxkqV7ub104kLY3p"
"s3://hcp-openaccess/HCP_1200/506234/MNINonLinear/Results/rfMRI_REST1_RL/rfMRI_REST1_RL_hp2000.ica/filtered_func_data.ica/report/t7.png","506234","MNINonLinear//Results/rfMRI_REST1_RL/rfMRI_REST1_RL_hp2000.ica/filtered_func_data.ica/report/t7.png","1kB5T3uhp2uOmJXn6gQZ9CkkK54blyLo"
"s3://hcp-openaccess/HCP_1200/506234/MNINonLinear/Results/rfMRI_REST1_RL/rfMRI_REST1_RL_hp2000.ica/filtered_func_data.ica/report/t7.txt","506234","MNINonLinear//Results/rfMRI_REST1_RL/rfMRI_REST1_RL_hp2000.ica/filtered_func_data.ica/report/t7.txt","s8XybdfA2atSLRIsq6Qjlr14c2NpyoHV"
"s3://hcp-openaccess/HCP_1200/506234/MNINonLinear/Results/rfMRI_REST1_RL/rfMRI_REST1_RL_hp2000.ica/filtered_func_data.ica/report/t70.png","506234","MNINonLinear//Results/rfMRI_REST1_RL/rfMRI_REST1_RL_hp2000.ica/filtered_func_data.ica/report/t70.png","sChq62HzSW6OQ9e3BLgzSUdw02tEGseX"
"s3://hcp-openaccess/HCP_1200/506234/MNINonLinear/Results/rfMRI_REST1_RL/rfMRI_REST1_RL_hp2000.ica/filtered_func_data.ica/report/t70.txt","506234","MNINonLinear//Results/rfMRI_REST1_RL/rfMRI_REST1_RL_hp2000.ica/filtered_func_data.ica/report/t70.txt","9JdlIdXuS10wLxfkv6DhlS.B6kTaSUhy"
"s3://hcp-openaccess/HCP_1200/506234/MNINonLinear/Results/rfMRI_REST1_RL/rfMRI_REST1_RL_hp2000.ica/filtered_func_data.ica/report/t71.png","506234","MNINonLinear//Results/rfMRI_REST1_RL/rfMRI_REST1_RL_hp2000.ica/filtered_func_data.ica/report/t71.png","f7Ph3c0tLXyApiudbpIxGAeJopYKC7ba"
"s3://hcp-openaccess/HCP_1200/506234/MNINonLinear/Results/rfMRI_REST1_RL/rfMRI_REST1_RL_hp2000.ica/filtered_func_data.ica/report/t71.txt","506234","MNINonLinear//Results/rfMRI_REST1_RL/rfMRI_REST1_RL_hp2000.ica/filtered_func_data.ica/report/t71.txt","TToFh83gbl8aAiBLvmTzdMQlcSjL139j"
"s3://hcp-openaccess/HCP_1200/506234/MNINonLinear/Results/rfMRI_REST1_RL/rfMRI_REST1_RL_hp2000.ica/filtered_func_data.ica/report/t72.png","506234","MNINonLinear//Results/rfMRI_REST1_RL/rfMRI_REST1_RL_hp2000.ica/filtered_func_data.ica/report/t72.png","fEJqRKFcL.7i_Vh6Week1R.AVf6CLBK6"
"s3://hcp-openaccess/HCP_1200/506234/MNINonLinear/Results/rfMRI_REST1_RL/rfMRI_REST1_RL_hp2000.ica/filtered_func_data.ica/report/t72.txt","506234","MNINonLinear//Results/rfMRI_REST1_RL/rfMRI_REST1_RL_hp2000.ica/filtered_func_data.ica/report/t72.txt","0ilwDTM9HvjIVGNi1GnKjVbaL6vtKYdS"
"s3://hcp-openaccess/HCP_1200/506234/MNINonLinear/Results/rfMRI_REST1_RL/rfMRI_REST1_RL_hp2000.ica/filtered_func_data.ica/report/t73.png","506234","MNINonLinear//Results/rfMRI_REST1_RL/rfMRI_REST1_RL_hp2000.ica/filtered_func_data.ica/report/t73.png","Xl6YCLjZuCrQymnu1YUdLpq30ZBu.8cr"
"s3://hcp-openaccess/HCP_1200/506234/MNINonLinear/Results/rfMRI_REST1_RL/rfMRI_REST1_RL_hp2000.ica/filtered_func_data.ica/report/t73.txt","506234","MNINonLinear//Results/rfMRI_REST1_RL/rfMRI_REST1_RL_hp2000.ica/filtered_func_data.ica/report/t73.txt","ro7XbFO_m5lWprAAXAJI8qvhRNOMkZ9U"
"s3://hcp-openaccess/HCP_1200/506234/MNINonLinear/Results/rfMRI_REST1_RL/rfMRI_REST1_RL_hp2000.ica/filtered_func_data.ica/report/t74.png","506234","MNINonLinear//Results/rfMRI_REST1_RL/rfMRI_REST1_RL_hp2000.ica/filtered_func_data.ica/report/t74.png","MPf2NITJ1GBMGz3FJTKZjNg6ZVAVkpqN"
"s3://hcp-openaccess/HCP_1200/506234/MNINonLinear/Results/rfMRI_REST1_RL/rfMRI_REST1_RL_hp2000.ica/filtered_func_data.ica/report/t74.txt","506234","MNINonLinear//Results/rfMRI_REST1_RL/rfMRI_REST1_RL_hp2000.ica/filtered_func_data.ica/report/t74.txt","uF9cOHkFccePOljCoA7S3mbtKNWCt5Fm"
"s3://hcp-openaccess/HCP_1200/506234/MNINonLinear/Results/rfMRI_REST1_RL/rfMRI_REST1_RL_hp2000.ica/filtered_func_data.ica/report/t75.png","506234","MNINonLinear//Results/rfMRI_REST1_RL/rfMRI_REST1_RL_hp2000.ica/filtered_func_data.ica/report/t75.png","IQOOQOOAylQfZ2tl33SF7vEIBmNzXlYJ"
"s3://hcp-openaccess/HCP_1200/506234/MNINonLinear/Results/rfMRI_REST1_RL/rfMRI_REST1_RL_hp2000.ica/filtered_func_data.ica/report/t75.txt","506234","MNINonLinear//Results/rfMRI_REST1_RL/rfMRI_REST1_RL_hp2000.ica/filtered_func_data.ica/report/t75.txt","IxkY2p3kGiByAN7T6y7YzBC5uueH0rFj"
"s3://hcp-openaccess/HCP_1200/506234/MNINonLinear/Results/rfMRI_REST1_RL/rfMRI_REST1_RL_hp2000.ica/filtered_func_data.ica/report/t76.png","506234","MNINonLinear//Results/rfMRI_REST1_RL/rfMRI_REST1_RL_hp2000.ica/filtered_func_data.ica/report/t76.png","Xb4oEEs6Qd0VZ6qwewX.r8n30J40DvAG"
"s3://hcp-openaccess/HCP_1200/506234/MNINonLinear/Results/rfMRI_REST1_RL/rfMRI_REST1_RL_hp2000.ica/filtered_func_data.ica/report/t76.txt","506234","MNINonLinear//Results/rfMRI_REST1_RL/rfMRI_REST1_RL_hp2000.ica/filtered_func_data.ica/report/t76.txt","fRPWK2UpPP7SRPXM59WlUZB73jhF3tjX"
"s3://hcp-openaccess/HCP_1200/506234/MNINonLinear/Results/rfMRI_REST1_RL/rfMRI_REST1_RL_hp2000.ica/filtered_func_data.ica/report/t77.png","506234","MNINonLinear//Results/rfMRI_REST1_RL/rfMRI_REST1_RL_hp2000.ica/filtered_func_data.ica/report/t77.png","YJzelhjBihgM1MfqcejqnH14DKLh7BBo"
"s3://hcp-openaccess/HCP_1200/506234/MNINonLinear/Results/rfMRI_REST1_RL/rfMRI_REST1_RL_hp2000.ica/filtered_func_data.ica/report/t77.txt","506234","MNINonLinear//Results/rfMRI_REST1_RL/rfMRI_REST1_RL_hp2000.ica/filtered_func_data.ica/report/t77.txt","CmUBHtce_cc.6yRmGcpxeg9xHBeICiDp"
"s3://hcp-openaccess/HCP_1200/506234/MNINonLinear/Results/rfMRI_REST1_RL/rfMRI_REST1_RL_hp2000.ica/filtered_func_data.ica/report/t78.png","506234","MNINonLinear//Results/rfMRI_REST1_RL/rfMRI_REST1_RL_hp2000.ica/filtered_func_data.ica/report/t78.png","WjCtf2C.AZW9WtB92Uzwjdm.nRoeLqhQ"
"s3://hcp-openaccess/HCP_1200/506234/MNINonLinear/Results/rfMRI_REST1_RL/rfMRI_REST1_RL_hp2000.ica/filtered_func_data.ica/report/t78.txt","506234","MNINonLinear//Results/rfMRI_REST1_RL/rfMRI_REST1_RL_hp2000.ica/filtered_func_data.ica/report/t78.txt","r.dvjBFb8ZVl6LFA0bmr2kYQMl_jcDsI"
"s3://hcp-openaccess/HCP_1200/506234/MNINonLinear/Results/rfMRI_REST1_RL/rfMRI_REST1_RL_hp2000.ica/filtered_func_data.ica/report/t79.png","506234","MNINonLinear//Results/rfMRI_REST1_RL/rfMRI_REST1_RL_hp2000.ica/filtered_func_data.ica/report/t79.png","DFQYK3w9GziaSNelkPjVnZb38Ae5dt3C"
"s3://hcp-openaccess/HCP_1200/506234/MNINonLinear/Results/rfMRI_REST1_RL/rfMRI_REST1_RL_hp2000.ica/filtered_func_data.ica/report/t79.txt","506234","MNINonLinear//Results/rfMRI_REST1_RL/rfMRI_REST1_RL_hp2000.ica/filtered_func_data.ica/report/t79.txt","IOld53F79iF4wwu7Izh5xu84RHpP62sl"
"s3://hcp-openaccess/HCP_1200/506234/MNINonLinear/Results/rfMRI_REST1_RL/rfMRI_REST1_RL_hp2000.ica/filtered_func_data.ica/report/t8.png","506234","MNINonLinear//Results/rfMRI_REST1_RL/rfMRI_REST1_RL_hp2000.ica/filtered_func_data.ica/report/t8.png","bzSp6ER9VrefEUZTm7N4YA7uQRIemDvM"
"s3://hcp-openaccess/HCP_1200/506234/MNINonLinear/Results/rfMRI_REST1_RL/rfMRI_REST1_RL_hp2000.ica/filtered_func_data.ica/report/t8.txt","506234","MNINonLinear//Results/rfMRI_REST1_RL/rfMRI_REST1_RL_hp2000.ica/filtered_func_data.ica/report/t8.txt","kuCjPG4xpA94tCy8tlrzgRYLgwUMaLmE"
"s3://hcp-openaccess/HCP_1200/506234/MNINonLinear/Results/rfMRI_REST1_RL/rfMRI_REST1_RL_hp2000.ica/filtered_func_data.ica/report/t80.png","506234","MNINonLinear//Results/rfMRI_REST1_RL/rfMRI_REST1_RL_hp2000.ica/filtered_func_data.ica/report/t80.png","xx_f_VcmI9tP_m_iBmRaKF6b2yd8Vz61"
"s3://hcp-openaccess/HCP_1200/506234/MNINonLinear/Results/rfMRI_REST1_RL/rfMRI_REST1_RL_hp2000.ica/filtered_func_data.ica/report/t80.txt","506234","MNINonLinear//Results/rfMRI_REST1_RL/rfMRI_REST1_RL_hp2000.ica/filtered_func_data.ica/report/t80.txt","EXK9TZnM2z_78CPDPdPfMKJGdcC7ttYN"
"s3://hcp-openaccess/HCP_1200/506234/MNINonLinear/Results/rfMRI_REST1_RL/rfMRI_REST1_RL_hp2000.ica/filtered_func_data.ica/report/t81.png","506234","MNINonLinear//Results/rfMRI_REST1_RL/rfMRI_REST1_RL_hp2000.ica/filtered_func_data.ica/report/t81.png","9NJpZaWnsP6wsM49Al6ggSRik.2p5UwY"
"s3://hcp-openaccess/HCP_1200/506234/MNINonLinear/Results/rfMRI_REST1_RL/rfMRI_REST1_RL_hp2000.ica/filtered_func_data.ica/report/t81.txt","506234","MNINonLinear//Results/rfMRI_REST1_RL/rfMRI_REST1_RL_hp2000.ica/filtered_func_data.ica/report/t81.txt","w006Ww1.9gP8eCqcPy4c0uFakdQDfbYh"
"s3://hcp-openaccess/HCP_1200/506234/MNINonLinear/Results/rfMRI_REST1_RL/rfMRI_REST1_RL_hp2000.ica/filtered_func_data.ica/report/t82.png","506234","MNINonLinear//Results/rfMRI_REST1_RL/rfMRI_REST1_RL_hp2000.ica/filtered_func_data.ica/report/t82.png","kW0PJ9UeuYedCCWs0KYjkL4LsvTub55C"
"s3://hcp-openaccess/HCP_1200/506234/MNINonLinear/Results/rfMRI_REST1_RL/rfMRI_REST1_RL_hp2000.ica/filtered_func_data.ica/report/t82.txt","506234","MNINonLinear//Results/rfMRI_REST1_RL/rfMRI_REST1_RL_hp2000.ica/filtered_func_data.ica/report/t82.txt","tS34_iLXlALb0yHpbfuN8obCCNb3pdys"
"s3://hcp-openaccess/HCP_1200/506234/MNINonLinear/Results/rfMRI_REST1_RL/rfMRI_REST1_RL_hp2000.ica/filtered_func_data.ica/report/t83.png","506234","MNINonLinear//Results/rfMRI_REST1_RL/rfMRI_REST1_RL_hp2000.ica/filtered_func_data.ica/report/t83.png","KyCCiMka9khXc1A09WIxPoxke.pPV3DM"
"s3://hcp-openaccess/HCP_1200/506234/MNINonLinear/Results/rfMRI_REST1_RL/rfMRI_REST1_RL_hp2000.ica/filtered_func_data.ica/report/t83.txt","506234","MNINonLinear//Results/rfMRI_REST1_RL/rfMRI_REST1_RL_hp2000.ica/filtered_func_data.ica/report/t83.txt","5eYnRSaYaABXWWfL0OuhcT5jCPu6N.xF"
"s3://hcp-openaccess/HCP_1200/506234/MNINonLinear/Results/rfMRI_REST1_RL/rfMRI_REST1_RL_hp2000.ica/filtered_func_data.ica/report/t84.png","506234","MNINonLinear//Results/rfMRI_REST1_RL/rfMRI_REST1_RL_hp2000.ica/filtered_func_data.ica/report/t84.png","pWqSGHyN1X47_zYhsO4.j2o34qP6GvKb"
"s3://hcp-openaccess/HCP_1200/506234/MNINonLinear/Results/rfMRI_REST1_RL/rfMRI_REST1_RL_hp2000.ica/filtered_func_data.ica/report/t84.txt","506234","MNINonLinear//Results/rfMRI_REST1_RL/rfMRI_REST1_RL_hp2000.ica/filtered_func_data.ica/report/t84.txt","crRC1iZhJAMmK7h2DyScDhc.MoE8gdSH"
"s3://hcp-openaccess/HCP_1200/506234/MNINonLinear/Results/rfMRI_REST1_RL/rfMRI_REST1_RL_hp2000.ica/filtered_func_data.ica/report/t9.png","506234","MNINonLinear//Results/rfMRI_REST1_RL/rfMRI_REST1_RL_hp2000.ica/filtered_func_data.ica/report/t9.png","BfCtmJQlyvFU1vSS6_UltzgR.3vnMKWk"
"s3://hcp-openaccess/HCP_1200/506234/MNINonLinear/Results/rfMRI_REST1_RL/rfMRI_REST1_RL_hp2000.ica/filtered_func_data.ica/report/t9.txt","506234","MNINonLinear//Results/rfMRI_REST1_RL/rfMRI_REST1_RL_hp2000.ica/filtered_func_data.ica/report/t9.txt","vQjqcAEW1MIWGoZdAK_kUYk.lx9DBGQ6"
"s3://hcp-openaccess/HCP_1200/506234/MNINonLinear/Results/rfMRI_REST1_RL/rfMRI_REST1_RL_hp2000_clean.nii.gz","506234","MNINonLinear//Results/rfMRI_REST1_RL/rfMRI_REST1_RL_hp2000_clean.nii.gz","O6748QzW32CuMK5LTh96wwiHtRsRMDoF"
"s3://hcp-openaccess/HCP_1200/506234/MNINonLinear/Results/rfMRI_REST2_LR/506234_rfMRI_REST2_LR_ICA_Classification_dualscreen.scene","506234","MNINonLinear//Results/rfMRI_REST2_LR/506234_rfMRI_REST2_LR_ICA_Classification_dualscreen.scene","HttwbyS220wkMNsDLRjBw7eCtczzdwv_"
"s3://hcp-openaccess/HCP_1200/506234/MNINonLinear/Results/rfMRI_REST2_LR/506234_rfMRI_REST2_LR_ICA_Classification_singlescreen.scene","506234","MNINonLinear//Results/rfMRI_REST2_LR/506234_rfMRI_REST2_LR_ICA_Classification_singlescreen.scene","CqigAJT73HPV1n3OSLoq4Ul2OIlawXfB"
"s3://hcp-openaccess/HCP_1200/506234/MNINonLinear/Results/rfMRI_REST2_LR/Atlas_hp_preclean.dtseries.nii","506234","MNINonLinear//Results/rfMRI_REST2_LR/Atlas_hp_preclean.dtseries.nii","XYmnGbzt1PSd.n2svP5mglpP3JXW_Xi7"
"s3://hcp-openaccess/HCP_1200/506234/MNINonLinear/Results/rfMRI_REST2_LR/Movement_AbsoluteRMS.txt","506234","MNINonLinear//Results/rfMRI_REST2_LR/Movement_AbsoluteRMS.txt","y2kQlqQXHwCcdRzjWKE4OOHrfYpVUFH8"
"s3://hcp-openaccess/HCP_1200/506234/MNINonLinear/Results/rfMRI_REST2_LR/Movement_AbsoluteRMS_mean.txt","506234","MNINonLinear//Results/rfMRI_REST2_LR/Movement_AbsoluteRMS_mean.txt","bIONcknBgicRt5DjrCRu.a7mkixuLdgJ"
"s3://hcp-openaccess/HCP_1200/506234/MNINonLinear/Results/rfMRI_REST2_LR/Movement_Regressors.txt","506234","MNINonLinear//Results/rfMRI_REST2_LR/Movement_Regressors.txt","N3Ygm.MD4drZ3zlzXd9I65fTa4gHlKJ_"
"s3://hcp-openaccess/HCP_1200/506234/MNINonLinear/Results/rfMRI_REST2_LR/Movement_Regressors_dt.txt","506234","MNINonLinear//Results/rfMRI_REST2_LR/Movement_Regressors_dt.txt","wFORUGUcAIRhDYbEmsoxnTKWNBXtnFyy"
"s3://hcp-openaccess/HCP_1200/506234/MNINonLinear/Results/rfMRI_REST2_LR/Movement_RelativeRMS.txt","506234","MNINonLinear//Results/rfMRI_REST2_LR/Movement_RelativeRMS.txt","hJfIuBoVDh5UD8fQAjVjK5J3owlY8nHv"
"s3://hcp-openaccess/HCP_1200/506234/MNINonLinear/Results/rfMRI_REST2_LR/Movement_RelativeRMS_mean.txt","506234","MNINonLinear//Results/rfMRI_REST2_LR/Movement_RelativeRMS_mean.txt","rGVnrn_LVBfpwLHKflNec7PEcOnKitXu"
"s3://hcp-openaccess/HCP_1200/506234/MNINonLinear/Results/rfMRI_REST2_LR/PhaseOne_gdc_dc.nii.gz","506234","MNINonLinear//Results/rfMRI_REST2_LR/PhaseOne_gdc_dc.nii.gz","3RNB3iml_7MX6CDv0v2oVA8z16JA.X_4"
"s3://hcp-openaccess/HCP_1200/506234/MNINonLinear/Results/rfMRI_REST2_LR/PhaseTwo_gdc_dc.nii.gz","506234","MNINonLinear//Results/rfMRI_REST2_LR/PhaseTwo_gdc_dc.nii.gz","Ja5k8H1quYkx1jOblRPm949PBEbqro9H"
"s3://hcp-openaccess/HCP_1200/506234/MNINonLinear/Results/rfMRI_REST2_LR/ReclassifyAsNoise.txt","506234","MNINonLinear//Results/rfMRI_REST2_LR/ReclassifyAsNoise.txt","LuPFUXAqmSUoMvaYBqrNOESsLL6ZsrPB"
"s3://hcp-openaccess/HCP_1200/506234/MNINonLinear/Results/rfMRI_REST2_LR/ReclassifyAsSignal.txt","506234","MNINonLinear//Results/rfMRI_REST2_LR/ReclassifyAsSignal.txt","9Pqd.FIHlmzPWTKYOvsDpZvS1hkzT8jY"
"s3://hcp-openaccess/HCP_1200/506234/MNINonLinear/Results/rfMRI_REST2_LR/RestingStateStats/rfMRI_REST2_LR_Atlas_1-2_OrigTCS-HighPassTCS_QC_Summary_Plot.png","506234","MNINonLinear//Results/rfMRI_REST2_LR/RestingStateStats/rfMRI_REST2_LR_Atlas_1-2_OrigTCS-HighPassTCS_QC_Summary_Plot.png","O.U06DY1Z8h3WYB9Kzoxs9sNCErSCcMG"
"s3://hcp-openaccess/HCP_1200/506234/MNINonLinear/Results/rfMRI_REST2_LR/RestingStateStats/rfMRI_REST2_LR_Atlas_1-2_OrigTCS-HighPassTCS_QC_Summary_Plot_z.png","506234","MNINonLinear//Results/rfMRI_REST2_LR/RestingStateStats/rfMRI_REST2_LR_Atlas_1-2_OrigTCS-HighPassTCS_QC_Summary_Plot_z.png","miCj7qxBPVtSc_3mwPkb2OTA07iT3Uki"
"s3://hcp-openaccess/HCP_1200/506234/MNINonLinear/Results/rfMRI_REST2_LR/RestingStateStats/rfMRI_REST2_LR_Atlas_1-5_OrigTCS-UnstructNoiseTCS_QC_Summary_Plot.png","506234","MNINonLinear//Results/rfMRI_REST2_LR/RestingStateStats/rfMRI_REST2_LR_Atlas_1-5_OrigTCS-UnstructNoiseTCS_QC_Summary_Plot.png","eRL4GLWSP2nZgJSd3Lo8wiDksrS2yU6i"
"s3://hcp-openaccess/HCP_1200/506234/MNINonLinear/Results/rfMRI_REST2_LR/RestingStateStats/rfMRI_REST2_LR_Atlas_1-5_OrigTCS-UnstructNoiseTCS_QC_Summary_Plot_z.png","506234","MNINonLinear//Results/rfMRI_REST2_LR/RestingStateStats/rfMRI_REST2_LR_Atlas_1-5_OrigTCS-UnstructNoiseTCS_QC_Summary_Plot_z.png","T6GWXyLy6p278.3GHwzXChbR3t67GEC3"
"s3://hcp-openaccess/HCP_1200/506234/MNINonLinear/Results/rfMRI_REST2_LR/RestingStateStats/rfMRI_REST2_LR_Atlas_1_OrigTCS_QC_Summary_Plot.png","506234","MNINonLinear//Results/rfMRI_REST2_LR/RestingStateStats/rfMRI_REST2_LR_Atlas_1_OrigTCS_QC_Summary_Plot.png","UknX_bxQ8B6R0L1XEIzRX0zjQqNbheNw"
"s3://hcp-openaccess/HCP_1200/506234/MNINonLinear/Results/rfMRI_REST2_LR/RestingStateStats/rfMRI_REST2_LR_Atlas_1_OrigTCS_QC_Summary_Plot_z.png","506234","MNINonLinear//Results/rfMRI_REST2_LR/RestingStateStats/rfMRI_REST2_LR_Atlas_1_OrigTCS_QC_Summary_Plot_z.png","YrfHOQmPmaDrauZ_ntk_Q2bQpkr4sqbT"
"s3://hcp-openaccess/HCP_1200/506234/MNINonLinear/Results/rfMRI_REST2_LR/RestingStateStats/rfMRI_REST2_LR_Atlas_2-3_HighPassTCS-PostMotionTCS_QC_Summary_Plot.png","506234","MNINonLinear//Results/rfMRI_REST2_LR/RestingStateStats/rfMRI_REST2_LR_Atlas_2-3_HighPassTCS-PostMotionTCS_QC_Summary_Plot.png","KvvfD2FSoXlPZ0A.vzgtfwWbnVb.mNih"
"s3://hcp-openaccess/HCP_1200/506234/MNINonLinear/Results/rfMRI_REST2_LR/RestingStateStats/rfMRI_REST2_LR_Atlas_2-3_HighPassTCS-PostMotionTCS_QC_Summary_Plot_z.png","506234","MNINonLinear//Results/rfMRI_REST2_LR/RestingStateStats/rfMRI_REST2_LR_Atlas_2-3_HighPassTCS-PostMotionTCS_QC_Summary_Plot_z.png","Gy68BN4a.G.FUui15X2.h1ABg3lZJIQ1"
"s3://hcp-openaccess/HCP_1200/506234/MNINonLinear/Results/rfMRI_REST2_LR/RestingStateStats/rfMRI_REST2_LR_Atlas_2-5_HighPassTCS-UnstructNoiseTCS_QC_Summary_Plot.png","506234","MNINonLinear//Results/rfMRI_REST2_LR/RestingStateStats/rfMRI_REST2_LR_Atlas_2-5_HighPassTCS-UnstructNoiseTCS_QC_Summary_Plot.png","SHIJtLgk0u1MEXUe8.QyB_97Y8hYrgor"
"s3://hcp-openaccess/HCP_1200/506234/MNINonLinear/Results/rfMRI_REST2_LR/RestingStateStats/rfMRI_REST2_LR_Atlas_2-5_HighPassTCS-UnstructNoiseTCS_QC_Summary_Plot_z.png","506234","MNINonLinear//Results/rfMRI_REST2_LR/RestingStateStats/rfMRI_REST2_LR_Atlas_2-5_HighPassTCS-UnstructNoiseTCS_QC_Summary_Plot_z.png","mtCj6mtaivrf6N5BNSnIqI_yjLUzGPZo"
"s3://hcp-openaccess/HCP_1200/506234/MNINonLinear/Results/rfMRI_REST2_LR/RestingStateStats/rfMRI_REST2_LR_Atlas_2_HighPassTCS_QC_Summary_Plot.png","506234","MNINonLinear//Results/rfMRI_REST2_LR/RestingStateStats/rfMRI_REST2_LR_Atlas_2_HighPassTCS_QC_Summary_Plot.png","EL0vDdLKLu000TCwxEhgUuRqVq78OvQX"
"s3://hcp-openaccess/HCP_1200/506234/MNINonLinear/Results/rfMRI_REST2_LR/RestingStateStats/rfMRI_REST2_LR_Atlas_2_HighPassTCS_QC_Summary_Plot_z.png","506234","MNINonLinear//Results/rfMRI_REST2_LR/RestingStateStats/rfMRI_REST2_LR_Atlas_2_HighPassTCS_QC_Summary_Plot_z.png","aCdy9BussGQ3jkRTacLmTQkK1.L18_A7"
"s3://hcp-openaccess/HCP_1200/506234/MNINonLinear/Results/rfMRI_REST2_LR/RestingStateStats/rfMRI_REST2_LR_Atlas_3-4_PostMotionTCS-CleanedTCS_QC_Summary_Plot.png","506234","MNINonLinear//Results/rfMRI_REST2_LR/RestingStateStats/rfMRI_REST2_LR_Atlas_3-4_PostMotionTCS-CleanedTCS_QC_Summary_Plot.png","k8BwNkmHKxjLNB8SBiMe8Cyc2ERQSHrg"
"s3://hcp-openaccess/HCP_1200/506234/MNINonLinear/Results/rfMRI_REST2_LR/RestingStateStats/rfMRI_REST2_LR_Atlas_3-4_PostMotionTCS-CleanedTCS_QC_Summary_Plot_z.png","506234","MNINonLinear//Results/rfMRI_REST2_LR/RestingStateStats/rfMRI_REST2_LR_Atlas_3-4_PostMotionTCS-CleanedTCS_QC_Summary_Plot_z.png","BXT8DdQWMj4juaQ_N8IoK2Tmd_hGtKW9"
"s3://hcp-openaccess/HCP_1200/506234/MNINonLinear/Results/rfMRI_REST2_LR/RestingStateStats/rfMRI_REST2_LR_Atlas_3-5_PostMotionTCS-UnstructNoiseTCS_QC_Summary_Plot.png","506234","MNINonLinear//Results/rfMRI_REST2_LR/RestingStateStats/rfMRI_REST2_LR_Atlas_3-5_PostMotionTCS-UnstructNoiseTCS_QC_Summary_Plot.png","nydG6qW8KJ1d5.xIm3fLFohIzK94p2QX"
"s3://hcp-openaccess/HCP_1200/506234/MNINonLinear/Results/rfMRI_REST2_LR/RestingStateStats/rfMRI_REST2_LR_Atlas_3-5_PostMotionTCS-UnstructNoiseTCS_QC_Summary_Plot_z.png","506234","MNINonLinear//Results/rfMRI_REST2_LR/RestingStateStats/rfMRI_REST2_LR_Atlas_3-5_PostMotionTCS-UnstructNoiseTCS_QC_Summary_Plot_z.png","sgPGulwP6LADWuu2vd3a7si.Jcny_qOE"
"s3://hcp-openaccess/HCP_1200/506234/MNINonLinear/Results/rfMRI_REST2_LR/RestingStateStats/rfMRI_REST2_LR_Atlas_3_PostMotionTCS_QC_Summary_Plot.png","506234","MNINonLinear//Results/rfMRI_REST2_LR/RestingStateStats/rfMRI_REST2_LR_Atlas_3_PostMotionTCS_QC_Summary_Plot.png","0wj7VnPbAtT0rsp4dBOc3tHXDDqDKei1"
"s3://hcp-openaccess/HCP_1200/506234/MNINonLinear/Results/rfMRI_REST2_LR/RestingStateStats/rfMRI_REST2_LR_Atlas_3_PostMotionTCS_QC_Summary_Plot_z.png","506234","MNINonLinear//Results/rfMRI_REST2_LR/RestingStateStats/rfMRI_REST2_LR_Atlas_3_PostMotionTCS_QC_Summary_Plot_z.png","sl2RyvISxTHDlVRHIBfi3s3TiIA0vYZl"
"s3://hcp-openaccess/HCP_1200/506234/MNINonLinear/Results/rfMRI_REST2_LR/RestingStateStats/rfMRI_REST2_LR_Atlas_4-5_CleanedTCS-UnstructNoiseTCS_QC_Summary_Plot.png","506234","MNINonLinear//Results/rfMRI_REST2_LR/RestingStateStats/rfMRI_REST2_LR_Atlas_4-5_CleanedTCS-UnstructNoiseTCS_QC_Summary_Plot.png","FgRRHncYrw96vKp9J7dZ4c_L45MNUng4"
"s3://hcp-openaccess/HCP_1200/506234/MNINonLinear/Results/rfMRI_REST2_LR/RestingStateStats/rfMRI_REST2_LR_Atlas_4-5_CleanedTCS-UnstructNoiseTCS_QC_Summary_Plot_z.png","506234","MNINonLinear//Results/rfMRI_REST2_LR/RestingStateStats/rfMRI_REST2_LR_Atlas_4-5_CleanedTCS-UnstructNoiseTCS_QC_Summary_Plot_z.png","ixQrqq81Se6rf4uFr12IDbLsVBzdwWsR"
"s3://hcp-openaccess/HCP_1200/506234/MNINonLinear/Results/rfMRI_REST2_LR/RestingStateStats/rfMRI_REST2_LR_Atlas_4-6_CleanedTCS-WMCleanedTCS_QC_Summary_Plot.png","506234","MNINonLinear//Results/rfMRI_REST2_LR/RestingStateStats/rfMRI_REST2_LR_Atlas_4-6_CleanedTCS-WMCleanedTCS_QC_Summary_Plot.png","CExrhe4Hlgdu06o7c7zk_6_RDpCcbiz4"
"s3://hcp-openaccess/HCP_1200/506234/MNINonLinear/Results/rfMRI_REST2_LR/RestingStateStats/rfMRI_REST2_LR_Atlas_4-6_CleanedTCS-WMCleanedTCS_QC_Summary_Plot_z.png","506234","MNINonLinear//Results/rfMRI_REST2_LR/RestingStateStats/rfMRI_REST2_LR_Atlas_4-6_CleanedTCS-WMCleanedTCS_QC_Summary_Plot_z.png","Fq.zmFFs.iYf.u12BKwb1QCvKKRjMGWz"
"s3://hcp-openaccess/HCP_1200/506234/MNINonLinear/Results/rfMRI_REST2_LR/RestingStateStats/rfMRI_REST2_LR_Atlas_4-7_CleanedTCS-CSFCleanedTCS_QC_Summary_Plot.png","506234","MNINonLinear//Results/rfMRI_REST2_LR/RestingStateStats/rfMRI_REST2_LR_Atlas_4-7_CleanedTCS-CSFCleanedTCS_QC_Summary_Plot.png","BsIRzALwJ215V4RN8HzDx5kPps57nGzK"
"s3://hcp-openaccess/HCP_1200/506234/MNINonLinear/Results/rfMRI_REST2_LR/RestingStateStats/rfMRI_REST2_LR_Atlas_4-7_CleanedTCS-CSFCleanedTCS_QC_Summary_Plot_z.png","506234","MNINonLinear//Results/rfMRI_REST2_LR/RestingStateStats/rfMRI_REST2_LR_Atlas_4-7_CleanedTCS-CSFCleanedTCS_QC_Summary_Plot_z.png","SW.3AlYPEvCwfACZdABi7nmp0Mjx.wjt"
"s3://hcp-openaccess/HCP_1200/506234/MNINonLinear/Results/rfMRI_REST2_LR/RestingStateStats/rfMRI_REST2_LR_Atlas_4-8_CleanedTCS-WMCSFCleanedTCS_QC_Summary_Plot.png","506234","MNINonLinear//Results/rfMRI_REST2_LR/RestingStateStats/rfMRI_REST2_LR_Atlas_4-8_CleanedTCS-WMCSFCleanedTCS_QC_Summary_Plot.png","FNPUpZZLvNDnXWGYXUok5ru57BfZp6Mq"
"s3://hcp-openaccess/HCP_1200/506234/MNINonLinear/Results/rfMRI_REST2_LR/RestingStateStats/rfMRI_REST2_LR_Atlas_4-8_CleanedTCS-WMCSFCleanedTCS_QC_Summary_Plot_z.png","506234","MNINonLinear//Results/rfMRI_REST2_LR/RestingStateStats/rfMRI_REST2_LR_Atlas_4-8_CleanedTCS-WMCSFCleanedTCS_QC_Summary_Plot_z.png","HBOanfdcHeIenddq_r__W2dAbQ_kUOCc"
"s3://hcp-openaccess/HCP_1200/506234/MNINonLinear/Results/rfMRI_REST2_LR/RestingStateStats/rfMRI_REST2_LR_Atlas_4_CleanedTCS_QC_Summary_Plot.png","506234","MNINonLinear//Results/rfMRI_REST2_LR/RestingStateStats/rfMRI_REST2_LR_Atlas_4_CleanedTCS_QC_Summary_Plot.png","xura6e3XthIwRqo0ubxUKtrJ1FP3HQr3"
"s3://hcp-openaccess/HCP_1200/506234/MNINonLinear/Results/rfMRI_REST2_LR/RestingStateStats/rfMRI_REST2_LR_Atlas_4_CleanedTCS_QC_Summary_Plot_z.png","506234","MNINonLinear//Results/rfMRI_REST2_LR/RestingStateStats/rfMRI_REST2_LR_Atlas_4_CleanedTCS_QC_Summary_Plot_z.png","lmUMSVYcbbG3Zo7wqJ4QnLWO0UMCV6c8"
"s3://hcp-openaccess/HCP_1200/506234/MNINonLinear/Results/rfMRI_REST2_LR/RestingStateStats/rfMRI_REST2_LR_Atlas_5_UnstructNoiseTCS_QC_Summary_Plot.png","506234","MNINonLinear//Results/rfMRI_REST2_LR/RestingStateStats/rfMRI_REST2_LR_Atlas_5_UnstructNoiseTCS_QC_Summary_Plot.png","06AnPORZjJ0eU.TGrO218ZpRgs9BqIt2"
"s3://hcp-openaccess/HCP_1200/506234/MNINonLinear/Results/rfMRI_REST2_LR/RestingStateStats/rfMRI_REST2_LR_Atlas_5_UnstructNoiseTCS_QC_Summary_Plot_z.png","506234","MNINonLinear//Results/rfMRI_REST2_LR/RestingStateStats/rfMRI_REST2_LR_Atlas_5_UnstructNoiseTCS_QC_Summary_Plot_z.png","uvOyDDtqXkwmv2AaKLaXrbS2Y8u1LDsI"
"s3://hcp-openaccess/HCP_1200/506234/MNINonLinear/Results/rfMRI_REST2_LR/RestingStateStats/rfMRI_REST2_LR_Atlas_6-5_WMCleanedTCS-UnstructNoiseTCS_QC_Summary_Plot.png","506234","MNINonLinear//Results/rfMRI_REST2_LR/RestingStateStats/rfMRI_REST2_LR_Atlas_6-5_WMCleanedTCS-UnstructNoiseTCS_QC_Summary_Plot.png","Zq8Z0ondz0zL_LB.sLMvg3EhNjEia8.I"
"s3://hcp-openaccess/HCP_1200/506234/MNINonLinear/Results/rfMRI_REST2_LR/RestingStateStats/rfMRI_REST2_LR_Atlas_6-5_WMCleanedTCS-UnstructNoiseTCS_QC_Summary_Plot_z.png","506234","MNINonLinear//Results/rfMRI_REST2_LR/RestingStateStats/rfMRI_REST2_LR_Atlas_6-5_WMCleanedTCS-UnstructNoiseTCS_QC_Summary_Plot_z.png","OR.lEqN4NR.1f_eZGVs7xOTQP3xGLvSr"
"s3://hcp-openaccess/HCP_1200/506234/MNINonLinear/Results/rfMRI_REST2_LR/RestingStateStats/rfMRI_REST2_LR_Atlas_6_WMCleanedTCS_QC_Summary_Plot.png","506234","MNINonLinear//Results/rfMRI_REST2_LR/RestingStateStats/rfMRI_REST2_LR_Atlas_6_WMCleanedTCS_QC_Summary_Plot.png","RRQgFbBuhoVj5hKm8bghQKTtZF_F_wVq"
"s3://hcp-openaccess/HCP_1200/506234/MNINonLinear/Results/rfMRI_REST2_LR/RestingStateStats/rfMRI_REST2_LR_Atlas_6_WMCleanedTCS_QC_Summary_Plot_z.png","506234","MNINonLinear//Results/rfMRI_REST2_LR/RestingStateStats/rfMRI_REST2_LR_Atlas_6_WMCleanedTCS_QC_Summary_Plot_z.png","J3BAOpki6J9xqyYUd.ioChAyyyiOUCbg"
"s3://hcp-openaccess/HCP_1200/506234/MNINonLinear/Results/rfMRI_REST2_LR/RestingStateStats/rfMRI_REST2_LR_Atlas_7-5_CSFCleanedTCS-UnstructNoiseTCS_QC_Summary_Plot.png","506234","MNINonLinear//Results/rfMRI_REST2_LR/RestingStateStats/rfMRI_REST2_LR_Atlas_7-5_CSFCleanedTCS-UnstructNoiseTCS_QC_Summary_Plot.png","quL3dCCYQznz4RArYmfprVDppMOd3ZJx"
"s3://hcp-openaccess/HCP_1200/506234/MNINonLinear/Results/rfMRI_REST2_LR/RestingStateStats/rfMRI_REST2_LR_Atlas_7-5_CSFCleanedTCS-UnstructNoiseTCS_QC_Summary_Plot_z.png","506234","MNINonLinear//Results/rfMRI_REST2_LR/RestingStateStats/rfMRI_REST2_LR_Atlas_7-5_CSFCleanedTCS-UnstructNoiseTCS_QC_Summary_Plot_z.png","Q0tsEi.kDSGjJ3XwvtMhMHK1e1DP_FQz"
"s3://hcp-openaccess/HCP_1200/506234/MNINonLinear/Results/rfMRI_REST2_LR/RestingStateStats/rfMRI_REST2_LR_Atlas_7_CSFCleanedTCS_QC_Summary_Plot.png","506234","MNINonLinear//Results/rfMRI_REST2_LR/RestingStateStats/rfMRI_REST2_LR_Atlas_7_CSFCleanedTCS_QC_Summary_Plot.png","tjjIUVyWZznuy58AAlL1w1XmwL58dQoQ"
"s3://hcp-openaccess/HCP_1200/506234/MNINonLinear/Results/rfMRI_REST2_LR/RestingStateStats/rfMRI_REST2_LR_Atlas_7_CSFCleanedTCS_QC_Summary_Plot_z.png","506234","MNINonLinear//Results/rfMRI_REST2_LR/RestingStateStats/rfMRI_REST2_LR_Atlas_7_CSFCleanedTCS_QC_Summary_Plot_z.png","rbsw6ppQJElWRWgOH9N7bowZmPuzjXKj"
"s3://hcp-openaccess/HCP_1200/506234/MNINonLinear/Results/rfMRI_REST2_LR/RestingStateStats/rfMRI_REST2_LR_Atlas_8-5_WMCSFCleanedTCS-UnstructNoiseTCS_QC_Summary_Plot.png","506234","MNINonLinear//Results/rfMRI_REST2_LR/RestingStateStats/rfMRI_REST2_LR_Atlas_8-5_WMCSFCleanedTCS-UnstructNoiseTCS_QC_Summary_Plot.png","Z6xnF9dkW_Zqw_78AZHdzWqBJG7ZAeKT"
"s3://hcp-openaccess/HCP_1200/506234/MNINonLinear/Results/rfMRI_REST2_LR/RestingStateStats/rfMRI_REST2_LR_Atlas_8-5_WMCSFCleanedTCS-UnstructNoiseTCS_QC_Summary_Plot_z.png","506234","MNINonLinear//Results/rfMRI_REST2_LR/RestingStateStats/rfMRI_REST2_LR_Atlas_8-5_WMCSFCleanedTCS-UnstructNoiseTCS_QC_Summary_Plot_z.png","UAKQXPw8_aZso3aBm9BHrqsLV6KnIJxb"
"s3://hcp-openaccess/HCP_1200/506234/MNINonLinear/Results/rfMRI_REST2_LR/RestingStateStats/rfMRI_REST2_LR_Atlas_8_WMCSFCleanedTCS_QC_Summary_Plot.png","506234","MNINonLinear//Results/rfMRI_REST2_LR/RestingStateStats/rfMRI_REST2_LR_Atlas_8_WMCSFCleanedTCS_QC_Summary_Plot.png","NLoX.ufKf3_ExLlCD1EggnZLrH.rwW3c"
"s3://hcp-openaccess/HCP_1200/506234/MNINonLinear/Results/rfMRI_REST2_LR/RestingStateStats/rfMRI_REST2_LR_Atlas_8_WMCSFCleanedTCS_QC_Summary_Plot_z.png","506234","MNINonLinear//Results/rfMRI_REST2_LR/RestingStateStats/rfMRI_REST2_LR_Atlas_8_WMCSFCleanedTCS_QC_Summary_Plot_z.png","wF0YhiHaQekGg2K8.z3m_qKF9RMrxs_x"
"s3://hcp-openaccess/HCP_1200/506234/MNINonLinear/Results/rfMRI_REST2_LR/RestingStateStats/rfMRI_REST2_LR_Atlas_9_StructNoiseTCS_QC_Summary_Plot.png","506234","MNINonLinear//Results/rfMRI_REST2_LR/RestingStateStats/rfMRI_REST2_LR_Atlas_9_StructNoiseTCS_QC_Summary_Plot.png","gOHkgSzPLSAyn9lKQJ6aNL4giWDaEz1."
"s3://hcp-openaccess/HCP_1200/506234/MNINonLinear/Results/rfMRI_REST2_LR/RestingStateStats/rfMRI_REST2_LR_Atlas_9_StructNoiseTCS_QC_Summary_Plot_z.png","506234","MNINonLinear//Results/rfMRI_REST2_LR/RestingStateStats/rfMRI_REST2_LR_Atlas_9_StructNoiseTCS_QC_Summary_Plot_z.png","7_tnRQVQrmv_4Y262vRPs8zY1V6aNT8q"
"s3://hcp-openaccess/HCP_1200/506234/MNINonLinear/Results/rfMRI_REST2_LR/RestingStateStats/rfMRI_REST2_LR_Atlas_CleanedCSFtc.txt","506234","MNINonLinear//Results/rfMRI_REST2_LR/RestingStateStats/rfMRI_REST2_LR_Atlas_CleanedCSFtc.txt","TK1ii5nmSOBZDMgwnYxTh.L7gzsQu31e"
"s3://hcp-openaccess/HCP_1200/506234/MNINonLinear/Results/rfMRI_REST2_LR/RestingStateStats/rfMRI_REST2_LR_Atlas_CleanedMGT.txt","506234","MNINonLinear//Results/rfMRI_REST2_LR/RestingStateStats/rfMRI_REST2_LR_Atlas_CleanedMGT.txt","PV2QwTh36FD5PKQq4mcBFGNhl8mArMCp"
"s3://hcp-openaccess/HCP_1200/506234/MNINonLinear/Results/rfMRI_REST2_LR/RestingStateStats/rfMRI_REST2_LR_Atlas_CleanedWMtc.txt","506234","MNINonLinear//Results/rfMRI_REST2_LR/RestingStateStats/rfMRI_REST2_LR_Atlas_CleanedWMtc.txt","rnpBKz_85ETdDGK0gGTsJ_ya4DHoQi30"
"s3://hcp-openaccess/HCP_1200/506234/MNINonLinear/Results/rfMRI_REST2_LR/RestingStateStats/rfMRI_REST2_LR_Atlas_HighPassMGT.txt","506234","MNINonLinear//Results/rfMRI_REST2_LR/RestingStateStats/rfMRI_REST2_LR_Atlas_HighPassMGT.txt","XK3qk080QLw4TtnT6iszvSEFoItHWBtK"
"s3://hcp-openaccess/HCP_1200/506234/MNINonLinear/Results/rfMRI_REST2_LR/RestingStateStats/rfMRI_REST2_LR_Atlas_NoiseMGT.txt","506234","MNINonLinear//Results/rfMRI_REST2_LR/RestingStateStats/rfMRI_REST2_LR_Atlas_NoiseMGT.txt","bV5_VRIuxnxD5jMgvsVIdt4v2x0geQzZ"
"s3://hcp-openaccess/HCP_1200/506234/MNINonLinear/Results/rfMRI_REST2_LR/RestingStateStats/rfMRI_REST2_LR_Atlas_OrigMGT.txt","506234","MNINonLinear//Results/rfMRI_REST2_LR/RestingStateStats/rfMRI_REST2_LR_Atlas_OrigMGT.txt","WO8Eejx0KaxsOM.5v_l.QIVxP6x4pRmu"
"s3://hcp-openaccess/HCP_1200/506234/MNINonLinear/Results/rfMRI_REST2_LR/RestingStateStats/rfMRI_REST2_LR_Atlas_PostMotionMGT.txt","506234","MNINonLinear//Results/rfMRI_REST2_LR/RestingStateStats/rfMRI_REST2_LR_Atlas_PostMotionMGT.txt","dtDx0DQVTUGa_hZar8_KQTLnE0zcIRS4"
"s3://hcp-openaccess/HCP_1200/506234/MNINonLinear/Results/rfMRI_REST2_LR/RestingStateStats/rfMRI_REST2_LR_Atlas_UnstructNoiseMGT.txt","506234","MNINonLinear//Results/rfMRI_REST2_LR/RestingStateStats/rfMRI_REST2_LR_Atlas_UnstructNoiseMGT.txt","WByR1Dj1IjMKYTU3FJVkrv.IWz0OQrFG"
"s3://hcp-openaccess/HCP_1200/506234/MNINonLinear/Results/rfMRI_REST2_LR/RibbonVolumeToSurfaceMapping/goodvoxels.nii.gz","506234","MNINonLinear//Results/rfMRI_REST2_LR/RibbonVolumeToSurfaceMapping/goodvoxels.nii.gz","4szLsQuCwLvQsnoMARJwlH3jUuzdMWl."
"s3://hcp-openaccess/HCP_1200/506234/MNINonLinear/Results/rfMRI_REST2_LR/SBRef_dc.nii.gz","506234","MNINonLinear//Results/rfMRI_REST2_LR/SBRef_dc.nii.gz","iUqESJVQD9xpNvrO.1U.ZG.Iv.agIzRP"
"s3://hcp-openaccess/HCP_1200/506234/MNINonLinear/Results/rfMRI_REST2_LR/brainmask_fs.2.nii.gz","506234","MNINonLinear//Results/rfMRI_REST2_LR/brainmask_fs.2.nii.gz","d7ziC1fLVFFhJmAcp3HCfy2dcJeIFmxD"
"s3://hcp-openaccess/HCP_1200/506234/MNINonLinear/Results/rfMRI_REST2_LR/rfMRI_REST2_LR.L.native.func.gii","506234","MNINonLinear//Results/rfMRI_REST2_LR/rfMRI_REST2_LR.L.native.func.gii","ViWa.RDwgf_bUEA6W9UnsFg3zOLrDzIO"
"s3://hcp-openaccess/HCP_1200/506234/MNINonLinear/Results/rfMRI_REST2_LR/rfMRI_REST2_LR.R.native.func.gii","506234","MNINonLinear//Results/rfMRI_REST2_LR/rfMRI_REST2_LR.R.native.func.gii","GcQoZpHyTKsY24v5nvxRFRGdBNgJweAp"
"s3://hcp-openaccess/HCP_1200/506234/MNINonLinear/Results/rfMRI_REST2_LR/rfMRI_REST2_LR.nii.gz","506234","MNINonLinear//Results/rfMRI_REST2_LR/rfMRI_REST2_LR.nii.gz","oI0DsfhPLcwhxCLgwyrdfU4KE4gOu_.q"
"s3://hcp-openaccess/HCP_1200/506234/MNINonLinear/Results/rfMRI_REST2_LR/rfMRI_REST2_LR_Atlas.dtseries.nii","506234","MNINonLinear//Results/rfMRI_REST2_LR/rfMRI_REST2_LR_Atlas.dtseries.nii","8OW6_mEyWXE06SZSJ8FGFqT4PIZoxpMV"
"s3://hcp-openaccess/HCP_1200/506234/MNINonLinear/Results/rfMRI_REST2_LR/rfMRI_REST2_LR_Atlas_MSMAll.dtseries.nii","506234","MNINonLinear//Results/rfMRI_REST2_LR/rfMRI_REST2_LR_Atlas_MSMAll.dtseries.nii","bHSjc98CUpP08c_gNsVEvKVkRE7ANCGN"
"s3://hcp-openaccess/HCP_1200/506234/MNINonLinear/Results/rfMRI_REST2_LR/rfMRI_REST2_LR_Atlas_MSMAll_hp2000_clean.dtseries.nii","506234","MNINonLinear//Results/rfMRI_REST2_LR/rfMRI_REST2_LR_Atlas_MSMAll_hp2000_clean.dtseries.nii","ZM6yFd38.gi2906xQ5HM39OYc_7Mx.FL"
"s3://hcp-openaccess/HCP_1200/506234/MNINonLinear/Results/rfMRI_REST2_LR/rfMRI_REST2_LR_Atlas_hp2000_clean.dtseries.nii","506234","MNINonLinear//Results/rfMRI_REST2_LR/rfMRI_REST2_LR_Atlas_hp2000_clean.dtseries.nii","IKFuSbVwXkcyEFXPlROTf6axGZOSkxMM"
"s3://hcp-openaccess/HCP_1200/506234/MNINonLinear/Results/rfMRI_REST2_LR/rfMRI_REST2_LR_Atlas_hp2000_clean_bias.dscalar.nii","506234","MNINonLinear//Results/rfMRI_REST2_LR/rfMRI_REST2_LR_Atlas_hp2000_clean_bias.dscalar.nii","TRBp3ZPOdF1Nn1FRsKQoWhaGLn5zhuCG"
"s3://hcp-openaccess/HCP_1200/506234/MNINonLinear/Results/rfMRI_REST2_LR/rfMRI_REST2_LR_Atlas_hp2000_clean_vn.dscalar.nii","506234","MNINonLinear//Results/rfMRI_REST2_LR/rfMRI_REST2_LR_Atlas_hp2000_clean_vn.dscalar.nii","3I1BMQbmRcm8kxxgmPaVfKkoCsgicQop"
"s3://hcp-openaccess/HCP_1200/506234/MNINonLinear/Results/rfMRI_REST2_LR/rfMRI_REST2_LR_Atlas_stats.dscalar.nii","506234","MNINonLinear//Results/rfMRI_REST2_LR/rfMRI_REST2_LR_Atlas_stats.dscalar.nii","HDBwsKSQw5Y8ZiFxrh0t9V.KWjMxnBYL"
"s3://hcp-openaccess/HCP_1200/506234/MNINonLinear/Results/rfMRI_REST2_LR/rfMRI_REST2_LR_Atlas_stats.txt","506234","MNINonLinear//Results/rfMRI_REST2_LR/rfMRI_REST2_LR_Atlas_stats.txt","OXfFIev8lnkVQyKef0LdVZEcjjB2nnzz"
"s3://hcp-openaccess/HCP_1200/506234/MNINonLinear/Results/rfMRI_REST2_LR/rfMRI_REST2_LR_CSF.txt","506234","MNINonLinear//Results/rfMRI_REST2_LR/rfMRI_REST2_LR_CSF.txt","BaNI9Te6Vz7jqhqMvRepb3Y27pQV_OPB"
"s3://hcp-openaccess/HCP_1200/506234/MNINonLinear/Results/rfMRI_REST2_LR/rfMRI_REST2_LR_Jacobian.nii.gz","506234","MNINonLinear//Results/rfMRI_REST2_LR/rfMRI_REST2_LR_Jacobian.nii.gz","7LUBblMGqBiL4gsp5zGIplT.s.6WB7R0"
"s3://hcp-openaccess/HCP_1200/506234/MNINonLinear/Results/rfMRI_REST2_LR/rfMRI_REST2_LR_Physio_log.txt","506234","MNINonLinear//Results/rfMRI_REST2_LR/rfMRI_REST2_LR_Physio_log.txt","kP3Bxfbp4SAnStNkABk7dvUeQsTTpVnJ"
"s3://hcp-openaccess/HCP_1200/506234/MNINonLinear/Results/rfMRI_REST2_LR/rfMRI_REST2_LR_SBRef.nii.gz","506234","MNINonLinear//Results/rfMRI_REST2_LR/rfMRI_REST2_LR_SBRef.nii.gz","dB5PFR6FQEEFfjTFK83eBxlZDopF3d5l"
"s3://hcp-openaccess/HCP_1200/506234/MNINonLinear/Results/rfMRI_REST2_LR/rfMRI_REST2_LR_WM.txt","506234","MNINonLinear//Results/rfMRI_REST2_LR/rfMRI_REST2_LR_WM.txt","Xv1wBsNK8ahgQSYSUqbaOa.JeMBTqkfW"
"s3://hcp-openaccess/HCP_1200/506234/MNINonLinear/Results/rfMRI_REST2_LR/rfMRI_REST2_LR_hp2000.ica/.fix","506234","MNINonLinear//Results/rfMRI_REST2_LR/rfMRI_REST2_LR_hp2000.ica/.fix","fr75oFxnyEH9.lBhzUYgYJrw1QtjXzxZ"
"s3://hcp-openaccess/HCP_1200/506234/MNINonLinear/Results/rfMRI_REST2_LR/rfMRI_REST2_LR_hp2000.ica/Noise.txt","506234","MNINonLinear//Results/rfMRI_REST2_LR/rfMRI_REST2_LR_hp2000.ica/Noise.txt","HHS_LBJdIvz9rrqFmgoY0YgykWq7xKHG"
"s3://hcp-openaccess/HCP_1200/506234/MNINonLinear/Results/rfMRI_REST2_LR/rfMRI_REST2_LR_hp2000.ica/Signal.txt","506234","MNINonLinear//Results/rfMRI_REST2_LR/rfMRI_REST2_LR_hp2000.ica/Signal.txt","WjuTUCSkXTGS_qN7m3osp4CJIVh0P68G"
"s3://hcp-openaccess/HCP_1200/506234/MNINonLinear/Results/rfMRI_REST2_LR/rfMRI_REST2_LR_hp2000.ica/filtered_func_data.ica/eigenvalues_percent","506234","MNINonLinear//Results/rfMRI_REST2_LR/rfMRI_REST2_LR_hp2000.ica/filtered_func_data.ica/eigenvalues_percent","Pyoi3Wolo3nsUudoUvvZA9E3d1G43HIT"
"s3://hcp-openaccess/HCP_1200/506234/MNINonLinear/Results/rfMRI_REST2_LR/rfMRI_REST2_LR_hp2000.ica/filtered_func_data.ica/log.txt","506234","MNINonLinear//Results/rfMRI_REST2_LR/rfMRI_REST2_LR_hp2000.ica/filtered_func_data.ica/log.txt","uPeICD6vVB7VVnrk17rOkGvmFkja5hiV"
"s3://hcp-openaccess/HCP_1200/506234/MNINonLinear/Results/rfMRI_REST2_LR/rfMRI_REST2_LR_hp2000.ica/filtered_func_data.ica/melodic_FTmix","506234","MNINonLinear//Results/rfMRI_REST2_LR/rfMRI_REST2_LR_hp2000.ica/filtered_func_data.ica/melodic_FTmix","wKwRIqKjwUqbuCAR0wrdOd7em1nXMH0b"
"s3://hcp-openaccess/HCP_1200/506234/MNINonLinear/Results/rfMRI_REST2_LR/rfMRI_REST2_LR_hp2000.ica/filtered_func_data.ica/melodic_FTmix.sdseries.nii","506234","MNINonLinear//Results/rfMRI_REST2_LR/rfMRI_REST2_LR_hp2000.ica/filtered_func_data.ica/melodic_FTmix.sdseries.nii","c_cAqo5GqZWvpT8xdsEkQT8syQ_GK7CS"
"s3://hcp-openaccess/HCP_1200/506234/MNINonLinear/Results/rfMRI_REST2_LR/rfMRI_REST2_LR_hp2000.ica/filtered_func_data.ica/melodic_IC.nii.gz","506234","MNINonLinear//Results/rfMRI_REST2_LR/rfMRI_REST2_LR_hp2000.ica/filtered_func_data.ica/melodic_IC.nii.gz","IjoNh9vCu.iElr48OfxGWedLAAcRQNzJ"
"s3://hcp-openaccess/HCP_1200/506234/MNINonLinear/Results/rfMRI_REST2_LR/rfMRI_REST2_LR_hp2000.ica/filtered_func_data.ica/melodic_ICstats","506234","MNINonLinear//Results/rfMRI_REST2_LR/rfMRI_REST2_LR_hp2000.ica/filtered_func_data.ica/melodic_ICstats","dlsB6kgvlzAKnYE2vmzWQI87LryyI8yg"
"s3://hcp-openaccess/HCP_1200/506234/MNINonLinear/Results/rfMRI_REST2_LR/rfMRI_REST2_LR_hp2000.ica/filtered_func_data.ica/melodic_Tmodes","506234","MNINonLinear//Results/rfMRI_REST2_LR/rfMRI_REST2_LR_hp2000.ica/filtered_func_data.ica/melodic_Tmodes","G9xi3KUrnaOKJDCHJwkFtJJRf20gPEFP"
"s3://hcp-openaccess/HCP_1200/506234/MNINonLinear/Results/rfMRI_REST2_LR/rfMRI_REST2_LR_hp2000.ica/filtered_func_data.ica/melodic_mix","506234","MNINonLinear//Results/rfMRI_REST2_LR/rfMRI_REST2_LR_hp2000.ica/filtered_func_data.ica/melodic_mix","_GOQxIDgSrHE.nE6XudHS4qKyelLXlg8"
"s3://hcp-openaccess/HCP_1200/506234/MNINonLinear/Results/rfMRI_REST2_LR/rfMRI_REST2_LR_hp2000.ica/filtered_func_data.ica/melodic_mix.sdseries.nii","506234","MNINonLinear//Results/rfMRI_REST2_LR/rfMRI_REST2_LR_hp2000.ica/filtered_func_data.ica/melodic_mix.sdseries.nii","7Qwf1GsH4nJdUWEJI2fiwaLTdL8itvxM"
"s3://hcp-openaccess/HCP_1200/506234/MNINonLinear/Results/rfMRI_REST2_LR/rfMRI_REST2_LR_hp2000.ica/filtered_func_data.ica/melodic_oIC.dscalar.nii","506234","MNINonLinear//Results/rfMRI_REST2_LR/rfMRI_REST2_LR_hp2000.ica/filtered_func_data.ica/melodic_oIC.dscalar.nii","78hlOUCbRWHiyvR3c3dw7Ifhj5htdpDe"
"s3://hcp-openaccess/HCP_1200/506234/MNINonLinear/Results/rfMRI_REST2_LR/rfMRI_REST2_LR_hp2000.ica/filtered_func_data.ica/melodic_oIC.nii.gz","506234","MNINonLinear//Results/rfMRI_REST2_LR/rfMRI_REST2_LR_hp2000.ica/filtered_func_data.ica/melodic_oIC.nii.gz","pOYVukfDW8FJ4NfURZ_32yp3QmDXWZEZ"
"s3://hcp-openaccess/HCP_1200/506234/MNINonLinear/Results/rfMRI_REST2_LR/rfMRI_REST2_LR_hp2000.ica/filtered_func_data.ica/melodic_oIC_vol.dscalar.nii","506234","MNINonLinear//Results/rfMRI_REST2_LR/rfMRI_REST2_LR_hp2000.ica/filtered_func_data.ica/melodic_oIC_vol.dscalar.nii","0ksMv6Hfhu3gQmp2l8ckN4PQj8k0IJ9x"
"s3://hcp-openaccess/HCP_1200/506234/MNINonLinear/Results/rfMRI_REST2_LR/rfMRI_REST2_LR_hp2000.ica/filtered_func_data.ica/report/00index.html","506234","MNINonLinear//Results/rfMRI_REST2_LR/rfMRI_REST2_LR_hp2000.ica/filtered_func_data.ica/report/00index.html","i43cwAXBXnl08J.LFPAsqpgq8XgU.Asi"
"s3://hcp-openaccess/HCP_1200/506234/MNINonLinear/Results/rfMRI_REST2_LR/rfMRI_REST2_LR_hp2000.ica/filtered_func_data.ica/report/EVplot.png","506234","MNINonLinear//Results/rfMRI_REST2_LR/rfMRI_REST2_LR_hp2000.ica/filtered_func_data.ica/report/EVplot.png","diYzpZUQMooe8MHkXfuv2Diy9ubXzCIZ"
"s3://hcp-openaccess/HCP_1200/506234/MNINonLinear/Results/rfMRI_REST2_LR/rfMRI_REST2_LR_hp2000.ica/filtered_func_data.ica/report/IC_1.html","506234","MNINonLinear//Results/rfMRI_REST2_LR/rfMRI_REST2_LR_hp2000.ica/filtered_func_data.ica/report/IC_1.html","u4txCcHVVu1raAntLEu.WfMp9_eqik4N"
"s3://hcp-openaccess/HCP_1200/506234/MNINonLinear/Results/rfMRI_REST2_LR/rfMRI_REST2_LR_hp2000.ica/filtered_func_data.ica/report/IC_1.png","506234","MNINonLinear//Results/rfMRI_REST2_LR/rfMRI_REST2_LR_hp2000.ica/filtered_func_data.ica/report/IC_1.png","mJqwRmjoFm9R.NonfxgtRs3cT_ezmHb."
"s3://hcp-openaccess/HCP_1200/506234/MNINonLinear/Results/rfMRI_REST2_LR/rfMRI_REST2_LR_hp2000.ica/filtered_func_data.ica/report/IC_10.html","506234","MNINonLinear//Results/rfMRI_REST2_LR/rfMRI_REST2_LR_hp2000.ica/filtered_func_data.ica/report/IC_10.html","0JiitmgUB9qEwrZG9QF8cxuuCl1yHdlt"
"s3://hcp-openaccess/HCP_1200/506234/MNINonLinear/Results/rfMRI_REST2_LR/rfMRI_REST2_LR_hp2000.ica/filtered_func_data.ica/report/IC_10.png","506234","MNINonLinear//Results/rfMRI_REST2_LR/rfMRI_REST2_LR_hp2000.ica/filtered_func_data.ica/report/IC_10.png","85871kF5OlriAUXl1DAhS53TLuFzAmWV"
"s3://hcp-openaccess/HCP_1200/506234/MNINonLinear/Results/rfMRI_REST2_LR/rfMRI_REST2_LR_hp2000.ica/filtered_func_data.ica/report/IC_10_MM.html","506234","MNINonLinear//Results/rfMRI_REST2_LR/rfMRI_REST2_LR_hp2000.ica/filtered_func_data.ica/report/IC_10_MM.html","9LCjatHLWnidTLIkSfg2oQJtDAW3AFsn"
"s3://hcp-openaccess/HCP_1200/506234/MNINonLinear/Results/rfMRI_REST2_LR/rfMRI_REST2_LR_hp2000.ica/filtered_func_data.ica/report/IC_10_MMfit.png","506234","MNINonLinear//Results/rfMRI_REST2_LR/rfMRI_REST2_LR_hp2000.ica/filtered_func_data.ica/report/IC_10_MMfit.png","WFamIog23XB67TQmlfIJdcc0g8AHf0SE"
"s3://hcp-openaccess/HCP_1200/506234/MNINonLinear/Results/rfMRI_REST2_LR/rfMRI_REST2_LR_hp2000.ica/filtered_func_data.ica/report/IC_10_prob.png","506234","MNINonLinear//Results/rfMRI_REST2_LR/rfMRI_REST2_LR_hp2000.ica/filtered_func_data.ica/report/IC_10_prob.png","2Eb_e6C.7yIzQw52ne822XjslBio1eRV"
"s3://hcp-openaccess/HCP_1200/506234/MNINonLinear/Results/rfMRI_REST2_LR/rfMRI_REST2_LR_hp2000.ica/filtered_func_data.ica/report/IC_10_thresh.png","506234","MNINonLinear//Results/rfMRI_REST2_LR/rfMRI_REST2_LR_hp2000.ica/filtered_func_data.ica/report/IC_10_thresh.png","1ov0NHS1gIjeRCKrX7SkoXshMFHSOivy"
"s3://hcp-openaccess/HCP_1200/506234/MNINonLinear/Results/rfMRI_REST2_LR/rfMRI_REST2_LR_hp2000.ica/filtered_func_data.ica/report/IC_11.html","506234","MNINonLinear//Results/rfMRI_REST2_LR/rfMRI_REST2_LR_hp2000.ica/filtered_func_data.ica/report/IC_11.html","Bam3dq5hqArhOL8BHWQn5t.IME7y6HMa"
"s3://hcp-openaccess/HCP_1200/506234/MNINonLinear/Results/rfMRI_REST2_LR/rfMRI_REST2_LR_hp2000.ica/filtered_func_data.ica/report/IC_11.png","506234","MNINonLinear//Results/rfMRI_REST2_LR/rfMRI_REST2_LR_hp2000.ica/filtered_func_data.ica/report/IC_11.png","frx.g65506EJiZmwsNnEL42HjhBOaFQA"
"s3://hcp-openaccess/HCP_1200/506234/MNINonLinear/Results/rfMRI_REST2_LR/rfMRI_REST2_LR_hp2000.ica/filtered_func_data.ica/report/IC_11_MM.html","506234","MNINonLinear//Results/rfMRI_REST2_LR/rfMRI_REST2_LR_hp2000.ica/filtered_func_data.ica/report/IC_11_MM.html","JnNwVFo_BoBA7mN.SSn.gt0EUP2NFAFU"
"s3://hcp-openaccess/HCP_1200/506234/MNINonLinear/Results/rfMRI_REST2_LR/rfMRI_REST2_LR_hp2000.ica/filtered_func_data.ica/report/IC_11_MMfit.png","506234","MNINonLinear//Results/rfMRI_REST2_LR/rfMRI_REST2_LR_hp2000.ica/filtered_func_data.ica/report/IC_11_MMfit.png","undZYofNMgFXnG.6HWlqARSSziw.0vTv"
"s3://hcp-openaccess/HCP_1200/506234/MNINonLinear/Results/rfMRI_REST2_LR/rfMRI_REST2_LR_hp2000.ica/filtered_func_data.ica/report/IC_11_prob.png","506234","MNINonLinear//Results/rfMRI_REST2_LR/rfMRI_REST2_LR_hp2000.ica/filtered_func_data.ica/report/IC_11_prob.png","BzL7gWrZAVVOH6krUj559wZxbwSK3txG"
"s3://hcp-openaccess/HCP_1200/506234/MNINonLinear/Results/rfMRI_REST2_LR/rfMRI_REST2_LR_hp2000.ica/filtered_func_data.ica/report/IC_11_thresh.png","506234","MNINonLinear//Results/rfMRI_REST2_LR/rfMRI_REST2_LR_hp2000.ica/filtered_func_data.ica/report/IC_11_thresh.png","M4iy.qnGBCHQ9Z3Z67cLBZxne52whPTm"
"s3://hcp-openaccess/HCP_1200/506234/MNINonLinear/Results/rfMRI_REST2_LR/rfMRI_REST2_LR_hp2000.ica/filtered_func_data.ica/report/IC_12.html","506234","MNINonLinear//Results/rfMRI_REST2_LR/rfMRI_REST2_LR_hp2000.ica/filtered_func_data.ica/report/IC_12.html","Zpn_H3RipgnlBMbzsYUoNalDn_tcTJUm"
"s3://hcp-openaccess/HCP_1200/506234/MNINonLinear/Results/rfMRI_REST2_LR/rfMRI_REST2_LR_hp2000.ica/filtered_func_data.ica/report/IC_12.png","506234","MNINonLinear//Results/rfMRI_REST2_LR/rfMRI_REST2_LR_hp2000.ica/filtered_func_data.ica/report/IC_12.png","jRRyH_Xc_aybH9HgSFT2D.swAkP6U3q9"
"s3://hcp-openaccess/HCP_1200/506234/MNINonLinear/Results/rfMRI_REST2_LR/rfMRI_REST2_LR_hp2000.ica/filtered_func_data.ica/report/IC_12_MM.html","506234","MNINonLinear//Results/rfMRI_REST2_LR/rfMRI_REST2_LR_hp2000.ica/filtered_func_data.ica/report/IC_12_MM.html","YYUsTNHy7o2zfaBBs.kagzXvb2uY8PQY"
"s3://hcp-openaccess/HCP_1200/506234/MNINonLinear/Results/rfMRI_REST2_LR/rfMRI_REST2_LR_hp2000.ica/filtered_func_data.ica/report/IC_12_MMfit.png","506234","MNINonLinear//Results/rfMRI_REST2_LR/rfMRI_REST2_LR_hp2000.ica/filtered_func_data.ica/report/IC_12_MMfit.png","4iYBUPv3HQGPvjFOhezVBEhHG.49lr0x"
"s3://hcp-openaccess/HCP_1200/506234/MNINonLinear/Results/rfMRI_REST2_LR/rfMRI_REST2_LR_hp2000.ica/filtered_func_data.ica/report/IC_12_prob.png","506234","MNINonLinear//Results/rfMRI_REST2_LR/rfMRI_REST2_LR_hp2000.ica/filtered_func_data.ica/report/IC_12_prob.png","KgewaWn6X_uvMI45PIGKHrdmyV1SfrtH"
"s3://hcp-openaccess/HCP_1200/506234/MNINonLinear/Results/rfMRI_REST2_LR/rfMRI_REST2_LR_hp2000.ica/filtered_func_data.ica/report/IC_12_thresh.png","506234","MNINonLinear//Results/rfMRI_REST2_LR/rfMRI_REST2_LR_hp2000.ica/filtered_func_data.ica/report/IC_12_thresh.png","og5aW5dE2I49JqEphu_8PCYWPDF_tDcb"
"s3://hcp-openaccess/HCP_1200/506234/MNINonLinear/Results/rfMRI_REST2_LR/rfMRI_REST2_LR_hp2000.ica/filtered_func_data.ica/report/IC_13.html","506234","MNINonLinear//Results/rfMRI_REST2_LR/rfMRI_REST2_LR_hp2000.ica/filtered_func_data.ica/report/IC_13.html","Ef0MMaH53WJEmIYZwZTyNE1iFO8pBoTz"
"s3://hcp-openaccess/HCP_1200/506234/MNINonLinear/Results/rfMRI_REST2_LR/rfMRI_REST2_LR_hp2000.ica/filtered_func_data.ica/report/IC_13.png","506234","MNINonLinear//Results/rfMRI_REST2_LR/rfMRI_REST2_LR_hp2000.ica/filtered_func_data.ica/report/IC_13.png","kSpRi8rW.MoitSYA86hFis4airaYuo4z"
"s3://hcp-openaccess/HCP_1200/506234/MNINonLinear/Results/rfMRI_REST2_LR/rfMRI_REST2_LR_hp2000.ica/filtered_func_data.ica/report/IC_13_MM.html","506234","MNINonLinear//Results/rfMRI_REST2_LR/rfMRI_REST2_LR_hp2000.ica/filtered_func_data.ica/report/IC_13_MM.html","a8YNpkQahAXSvqK85Sm_EuBXukP4igow"
"s3://hcp-openaccess/HCP_1200/506234/MNINonLinear/Results/rfMRI_REST2_LR/rfMRI_REST2_LR_hp2000.ica/filtered_func_data.ica/report/IC_13_MMfit.png","506234","MNINonLinear//Results/rfMRI_REST2_LR/rfMRI_REST2_LR_hp2000.ica/filtered_func_data.ica/report/IC_13_MMfit.png","bLO0YbYtKVTP3w2FkikzyBB8FZCYjzle"
"s3://hcp-openaccess/HCP_1200/506234/MNINonLinear/Results/rfMRI_REST2_LR/rfMRI_REST2_LR_hp2000.ica/filtered_func_data.ica/report/IC_13_prob.png","506234","MNINonLinear//Results/rfMRI_REST2_LR/rfMRI_REST2_LR_hp2000.ica/filtered_func_data.ica/report/IC_13_prob.png","pAtLUFqag4dzkhR3bAngKawFrZ_F9JV9"
"s3://hcp-openaccess/HCP_1200/506234/MNINonLinear/Results/rfMRI_REST2_LR/rfMRI_REST2_LR_hp2000.ica/filtered_func_data.ica/report/IC_13_thresh.png","506234","MNINonLinear//Results/rfMRI_REST2_LR/rfMRI_REST2_LR_hp2000.ica/filtered_func_data.ica/report/IC_13_thresh.png","7GnrSt5szpQnuBWGXIV2e.bZXIY1uyrN"
"s3://hcp-openaccess/HCP_1200/506234/MNINonLinear/Results/rfMRI_REST2_LR/rfMRI_REST2_LR_hp2000.ica/filtered_func_data.ica/report/IC_14.html","506234","MNINonLinear//Results/rfMRI_REST2_LR/rfMRI_REST2_LR_hp2000.ica/filtered_func_data.ica/report/IC_14.html","c_4__1MqVybQGEwj.LvisRvMFuvlCFmn"
"s3://hcp-openaccess/HCP_1200/506234/MNINonLinear/Results/rfMRI_REST2_LR/rfMRI_REST2_LR_hp2000.ica/filtered_func_data.ica/report/IC_14.png","506234","MNINonLinear//Results/rfMRI_REST2_LR/rfMRI_REST2_LR_hp2000.ica/filtered_func_data.ica/report/IC_14.png","0.EyI7pGc4hV1k6IefCUycNL4BK0auPP"
"s3://hcp-openaccess/HCP_1200/506234/MNINonLinear/Results/rfMRI_REST2_LR/rfMRI_REST2_LR_hp2000.ica/filtered_func_data.ica/report/IC_14_MM.html","506234","MNINonLinear//Results/rfMRI_REST2_LR/rfMRI_REST2_LR_hp2000.ica/filtered_func_data.ica/report/IC_14_MM.html","R_d2plmyAfiTNUl8dWY_mO45eRhO8erK"
"s3://hcp-openaccess/HCP_1200/506234/MNINonLinear/Results/rfMRI_REST2_LR/rfMRI_REST2_LR_hp2000.ica/filtered_func_data.ica/report/IC_14_MMfit.png","506234","MNINonLinear//Results/rfMRI_REST2_LR/rfMRI_REST2_LR_hp2000.ica/filtered_func_data.ica/report/IC_14_MMfit.png","22NXb7iP9LAKfEZtCTqgez6DunUSoMFp"
"s3://hcp-openaccess/HCP_1200/506234/MNINonLinear/Results/rfMRI_REST2_LR/rfMRI_REST2_LR_hp2000.ica/filtered_func_data.ica/report/IC_14_prob.png","506234","MNINonLinear//Results/rfMRI_REST2_LR/rfMRI_REST2_LR_hp2000.ica/filtered_func_data.ica/report/IC_14_prob.png","p2hSNXhByPI.2Rr1A1_Sr1O2fNwp8Lb4"
"s3://hcp-openaccess/HCP_1200/506234/MNINonLinear/Results/rfMRI_REST2_LR/rfMRI_REST2_LR_hp2000.ica/filtered_func_data.ica/report/IC_14_thresh.png","506234","MNINonLinear//Results/rfMRI_REST2_LR/rfMRI_REST2_LR_hp2000.ica/filtered_func_data.ica/report/IC_14_thresh.png","1wXFvTXoMNw1GrlSXmlG5j1UUhuwgoOB"
"s3://hcp-openaccess/HCP_1200/506234/MNINonLinear/Results/rfMRI_REST2_LR/rfMRI_REST2_LR_hp2000.ica/filtered_func_data.ica/report/IC_15.html","506234","MNINonLinear//Results/rfMRI_REST2_LR/rfMRI_REST2_LR_hp2000.ica/filtered_func_data.ica/report/IC_15.html","aCv27ZvqSzIo4lmJemFqwbmJIZxcPf8q"
"s3://hcp-openaccess/HCP_1200/506234/MNINonLinear/Results/rfMRI_REST2_LR/rfMRI_REST2_LR_hp2000.ica/filtered_func_data.ica/report/IC_15.png","506234","MNINonLinear//Results/rfMRI_REST2_LR/rfMRI_REST2_LR_hp2000.ica/filtered_func_data.ica/report/IC_15.png","MH.z85cj2iqwIHWQ5Kr.LKx6AtrpRoHU"
"s3://hcp-openaccess/HCP_1200/506234/MNINonLinear/Results/rfMRI_REST2_LR/rfMRI_REST2_LR_hp2000.ica/filtered_func_data.ica/report/IC_15_MM.html","506234","MNINonLinear//Results/rfMRI_REST2_LR/rfMRI_REST2_LR_hp2000.ica/filtered_func_data.ica/report/IC_15_MM.html","2tCzEAMsH2RWNJxg9RPHbCCCatBtXEKY"
"s3://hcp-openaccess/HCP_1200/506234/MNINonLinear/Results/rfMRI_REST2_LR/rfMRI_REST2_LR_hp2000.ica/filtered_func_data.ica/report/IC_15_MMfit.png","506234","MNINonLinear//Results/rfMRI_REST2_LR/rfMRI_REST2_LR_hp2000.ica/filtered_func_data.ica/report/IC_15_MMfit.png","KUY1fCnuohyo2YfdabxK0F9ZHpe6gV.A"
"s3://hcp-openaccess/HCP_1200/506234/MNINonLinear/Results/rfMRI_REST2_LR/rfMRI_REST2_LR_hp2000.ica/filtered_func_data.ica/report/IC_15_prob.png","506234","MNINonLinear//Results/rfMRI_REST2_LR/rfMRI_REST2_LR_hp2000.ica/filtered_func_data.ica/report/IC_15_prob.png","az_T96bSsfvAewU2UT8AN1TQNX_.7o_G"
"s3://hcp-openaccess/HCP_1200/506234/MNINonLinear/Results/rfMRI_REST2_LR/rfMRI_REST2_LR_hp2000.ica/filtered_func_data.ica/report/IC_15_thresh.png","506234","MNINonLinear//Results/rfMRI_REST2_LR/rfMRI_REST2_LR_hp2000.ica/filtered_func_data.ica/report/IC_15_thresh.png","ZAdZzw9IpYIX1sJUdC43Nyh6k4k8yQAN"
"s3://hcp-openaccess/HCP_1200/506234/MNINonLinear/Results/rfMRI_REST2_LR/rfMRI_REST2_LR_hp2000.ica/filtered_func_data.ica/report/IC_16.html","506234","MNINonLinear//Results/rfMRI_REST2_LR/rfMRI_REST2_LR_hp2000.ica/filtered_func_data.ica/report/IC_16.html","bthXmCEhD0YY6e6Wu_EMiCCXzlZAazZG"
"s3://hcp-openaccess/HCP_1200/506234/MNINonLinear/Results/rfMRI_REST2_LR/rfMRI_REST2_LR_hp2000.ica/filtered_func_data.ica/report/IC_16.png","506234","MNINonLinear//Results/rfMRI_REST2_LR/rfMRI_REST2_LR_hp2000.ica/filtered_func_data.ica/report/IC_16.png","WMe_AmBboHbC9Nb1bxDR_G5bdOO3Wotx"
"s3://hcp-openaccess/HCP_1200/506234/MNINonLinear/Results/rfMRI_REST2_LR/rfMRI_REST2_LR_hp2000.ica/filtered_func_data.ica/report/IC_16_MM.html","506234","MNINonLinear//Results/rfMRI_REST2_LR/rfMRI_REST2_LR_hp2000.ica/filtered_func_data.ica/report/IC_16_MM.html","oANeYQEa5jur_XDnVxwJXZCqLj8IAuy3"
"s3://hcp-openaccess/HCP_1200/506234/MNINonLinear/Results/rfMRI_REST2_LR/rfMRI_REST2_LR_hp2000.ica/filtered_func_data.ica/report/IC_16_MMfit.png","506234","MNINonLinear//Results/rfMRI_REST2_LR/rfMRI_REST2_LR_hp2000.ica/filtered_func_data.ica/report/IC_16_MMfit.png","gwNHN6lLByAsjM6oMi0mapDjzng53DNv"
"s3://hcp-openaccess/HCP_1200/506234/MNINonLinear/Results/rfMRI_REST2_LR/rfMRI_REST2_LR_hp2000.ica/filtered_func_data.ica/report/IC_16_prob.png","506234","MNINonLinear//Results/rfMRI_REST2_LR/rfMRI_REST2_LR_hp2000.ica/filtered_func_data.ica/report/IC_16_prob.png","9nsChKYNa5bccotWyw48mk.A6VRxbir_"
"s3://hcp-openaccess/HCP_1200/506234/MNINonLinear/Results/rfMRI_REST2_LR/rfMRI_REST2_LR_hp2000.ica/filtered_func_data.ica/report/IC_16_thresh.png","506234","MNINonLinear//Results/rfMRI_REST2_LR/rfMRI_REST2_LR_hp2000.ica/filtered_func_data.ica/report/IC_16_thresh.png","N6V.vYFBEz.rlK_hZcmfhLO3IWKNouiH"
"s3://hcp-openaccess/HCP_1200/506234/MNINonLinear/Results/rfMRI_REST2_LR/rfMRI_REST2_LR_hp2000.ica/filtered_func_data.ica/report/IC_17.html","506234","MNINonLinear//Results/rfMRI_REST2_LR/rfMRI_REST2_LR_hp2000.ica/filtered_func_data.ica/report/IC_17.html","ePKa.GjJeiQOkFXDif3BH7BKNfyltD30"
"s3://hcp-openaccess/HCP_1200/506234/MNINonLinear/Results/rfMRI_REST2_LR/rfMRI_REST2_LR_hp2000.ica/filtered_func_data.ica/report/IC_17.png","506234","MNINonLinear//Results/rfMRI_REST2_LR/rfMRI_REST2_LR_hp2000.ica/filtered_func_data.ica/report/IC_17.png","RBnEGIjhCEChAi8KY9G2S0qIbmRAiXfx"
"s3://hcp-openaccess/HCP_1200/506234/MNINonLinear/Results/rfMRI_REST2_LR/rfMRI_REST2_LR_hp2000.ica/filtered_func_data.ica/report/IC_17_MM.html","506234","MNINonLinear//Results/rfMRI_REST2_LR/rfMRI_REST2_LR_hp2000.ica/filtered_func_data.ica/report/IC_17_MM.html","U6qRSZOPZNhPDOsJYy3sELfZ9DwKXLx6"
"s3://hcp-openaccess/HCP_1200/506234/MNINonLinear/Results/rfMRI_REST2_LR/rfMRI_REST2_LR_hp2000.ica/filtered_func_data.ica/report/IC_17_MMfit.png","506234","MNINonLinear//Results/rfMRI_REST2_LR/rfMRI_REST2_LR_hp2000.ica/filtered_func_data.ica/report/IC_17_MMfit.png","zXfqHm97cItpPP4hVyac5RRjwCIBAIxG"
"s3://hcp-openaccess/HCP_1200/506234/MNINonLinear/Results/rfMRI_REST2_LR/rfMRI_REST2_LR_hp2000.ica/filtered_func_data.ica/report/IC_17_prob.png","506234","MNINonLinear//Results/rfMRI_REST2_LR/rfMRI_REST2_LR_hp2000.ica/filtered_func_data.ica/report/IC_17_prob.png","P6bSRDVwFjZy.9vlBXuMR10W5.uuR8VQ"
"s3://hcp-openaccess/HCP_1200/506234/MNINonLinear/Results/rfMRI_REST2_LR/rfMRI_REST2_LR_hp2000.ica/filtered_func_data.ica/report/IC_17_thresh.png","506234","MNINonLinear//Results/rfMRI_REST2_LR/rfMRI_REST2_LR_hp2000.ica/filtered_func_data.ica/report/IC_17_thresh.png","sLz8xxRgWb0XKnM1pi82EXx87s4zaitK"
"s3://hcp-openaccess/HCP_1200/506234/MNINonLinear/Results/rfMRI_REST2_LR/rfMRI_REST2_LR_hp2000.ica/filtered_func_data.ica/report/IC_18.html","506234","MNINonLinear//Results/rfMRI_REST2_LR/rfMRI_REST2_LR_hp2000.ica/filtered_func_data.ica/report/IC_18.html","C7swr1xo_aGk5_LL64g2dmYImT2Dk9lZ"
"s3://hcp-openaccess/HCP_1200/506234/MNINonLinear/Results/rfMRI_REST2_LR/rfMRI_REST2_LR_hp2000.ica/filtered_func_data.ica/report/IC_18.png","506234","MNINonLinear//Results/rfMRI_REST2_LR/rfMRI_REST2_LR_hp2000.ica/filtered_func_data.ica/report/IC_18.png","CL3bi58UIwPYf2T2CuT6THN3Zj3Y37Xm"
"s3://hcp-openaccess/HCP_1200/506234/MNINonLinear/Results/rfMRI_REST2_LR/rfMRI_REST2_LR_hp2000.ica/filtered_func_data.ica/report/IC_18_MM.html","506234","MNINonLinear//Results/rfMRI_REST2_LR/rfMRI_REST2_LR_hp2000.ica/filtered_func_data.ica/report/IC_18_MM.html","FQtFYf.tzWrfnzP0izrZ7j_I_ojjirr5"
"s3://hcp-openaccess/HCP_1200/506234/MNINonLinear/Results/rfMRI_REST2_LR/rfMRI_REST2_LR_hp2000.ica/filtered_func_data.ica/report/IC_18_MMfit.png","506234","MNINonLinear//Results/rfMRI_REST2_LR/rfMRI_REST2_LR_hp2000.ica/filtered_func_data.ica/report/IC_18_MMfit.png","RjbYrf4gzOrFXT2KWDEw2Z.3Y8YaKC4_"
"s3://hcp-openaccess/HCP_1200/506234/MNINonLinear/Results/rfMRI_REST2_LR/rfMRI_REST2_LR_hp2000.ica/filtered_func_data.ica/report/IC_18_prob.png","506234","MNINonLinear//Results/rfMRI_REST2_LR/rfMRI_REST2_LR_hp2000.ica/filtered_func_data.ica/report/IC_18_prob.png","PY5YoudKGpRPjQgHEiMN20EhZhyX6P2u"
"s3://hcp-openaccess/HCP_1200/506234/MNINonLinear/Results/rfMRI_REST2_LR/rfMRI_REST2_LR_hp2000.ica/filtered_func_data.ica/report/IC_18_thresh.png","506234","MNINonLinear//Results/rfMRI_REST2_LR/rfMRI_REST2_LR_hp2000.ica/filtered_func_data.ica/report/IC_18_thresh.png","vIoXWCqvnmzw9NnX98Idscx2LhNb.gfO"
"s3://hcp-openaccess/HCP_1200/506234/MNINonLinear/Results/rfMRI_REST2_LR/rfMRI_REST2_LR_hp2000.ica/filtered_func_data.ica/report/IC_19.html","506234","MNINonLinear//Results/rfMRI_REST2_LR/rfMRI_REST2_LR_hp2000.ica/filtered_func_data.ica/report/IC_19.html","14dAz0iPoBV.X43oaDzJXoC6bSM_knCX"
"s3://hcp-openaccess/HCP_1200/506234/MNINonLinear/Results/rfMRI_REST2_LR/rfMRI_REST2_LR_hp2000.ica/filtered_func_data.ica/report/IC_19.png","506234","MNINonLinear//Results/rfMRI_REST2_LR/rfMRI_REST2_LR_hp2000.ica/filtered_func_data.ica/report/IC_19.png","tiR1soJQyC.Kf_uOSeImybOlhf0gfNh9"
"s3://hcp-openaccess/HCP_1200/506234/MNINonLinear/Results/rfMRI_REST2_LR/rfMRI_REST2_LR_hp2000.ica/filtered_func_data.ica/report/IC_19_MM.html","506234","MNINonLinear//Results/rfMRI_REST2_LR/rfMRI_REST2_LR_hp2000.ica/filtered_func_data.ica/report/IC_19_MM.html","_I4XqClzr7SA3RfQ7YKSZeqy5EC.UAmv"
"s3://hcp-openaccess/HCP_1200/506234/MNINonLinear/Results/rfMRI_REST2_LR/rfMRI_REST2_LR_hp2000.ica/filtered_func_data.ica/report/IC_19_MMfit.png","506234","MNINonLinear//Results/rfMRI_REST2_LR/rfMRI_REST2_LR_hp2000.ica/filtered_func_data.ica/report/IC_19_MMfit.png","d14Xoxg.6kWa5yMdmQjAasUboIW9EJyK"
"s3://hcp-openaccess/HCP_1200/506234/MNINonLinear/Results/rfMRI_REST2_LR/rfMRI_REST2_LR_hp2000.ica/filtered_func_data.ica/report/IC_19_prob.png","506234","MNINonLinear//Results/rfMRI_REST2_LR/rfMRI_REST2_LR_hp2000.ica/filtered_func_data.ica/report/IC_19_prob.png","8RvppS3XSgusfZfBSsrJBW0LfZlFEzQD"
"s3://hcp-openaccess/HCP_1200/506234/MNINonLinear/Results/rfMRI_REST2_LR/rfMRI_REST2_LR_hp2000.ica/filtered_func_data.ica/report/IC_19_thresh.png","506234","MNINonLinear//Results/rfMRI_REST2_LR/rfMRI_REST2_LR_hp2000.ica/filtered_func_data.ica/report/IC_19_thresh.png","W86dQMIIlxyUut_af1GuCIRGXSGTLyOO"
"s3://hcp-openaccess/HCP_1200/506234/MNINonLinear/Results/rfMRI_REST2_LR/rfMRI_REST2_LR_hp2000.ica/filtered_func_data.ica/report/IC_1_MM.html","506234","MNINonLinear//Results/rfMRI_REST2_LR/rfMRI_REST2_LR_hp2000.ica/filtered_func_data.ica/report/IC_1_MM.html","uqTye1x7iH4rJ5DHWgwQ7cFWtsaaaEA4"
"s3://hcp-openaccess/HCP_1200/506234/MNINonLinear/Results/rfMRI_REST2_LR/rfMRI_REST2_LR_hp2000.ica/filtered_func_data.ica/report/IC_1_MMfit.png","506234","MNINonLinear//Results/rfMRI_REST2_LR/rfMRI_REST2_LR_hp2000.ica/filtered_func_data.ica/report/IC_1_MMfit.png","8CqlZv4Pgs4Jq6pQr.ZVpBc4qlVSrqzl"
"s3://hcp-openaccess/HCP_1200/506234/MNINonLinear/Results/rfMRI_REST2_LR/rfMRI_REST2_LR_hp2000.ica/filtered_func_data.ica/report/IC_1_prob.png","506234","MNINonLinear//Results/rfMRI_REST2_LR/rfMRI_REST2_LR_hp2000.ica/filtered_func_data.ica/report/IC_1_prob.png","IxsnalTmcXg3hG3bRM8jhNQhfK2AFWCU"
"s3://hcp-openaccess/HCP_1200/506234/MNINonLinear/Results/rfMRI_REST2_LR/rfMRI_REST2_LR_hp2000.ica/filtered_func_data.ica/report/IC_1_thresh.png","506234","MNINonLinear//Results/rfMRI_REST2_LR/rfMRI_REST2_LR_hp2000.ica/filtered_func_data.ica/report/IC_1_thresh.png","hEg9W_mDMResB.n2VnugzXvxNfhHgF_k"
"s3://hcp-openaccess/HCP_1200/506234/MNINonLinear/Results/rfMRI_REST2_LR/rfMRI_REST2_LR_hp2000.ica/filtered_func_data.ica/report/IC_2.html","506234","MNINonLinear//Results/rfMRI_REST2_LR/rfMRI_REST2_LR_hp2000.ica/filtered_func_data.ica/report/IC_2.html","CINEJESS1wUgDkywSX7hbepz7bSg5aaD"
"s3://hcp-openaccess/HCP_1200/506234/MNINonLinear/Results/rfMRI_REST2_LR/rfMRI_REST2_LR_hp2000.ica/filtered_func_data.ica/report/IC_2.png","506234","MNINonLinear//Results/rfMRI_REST2_LR/rfMRI_REST2_LR_hp2000.ica/filtered_func_data.ica/report/IC_2.png","m1wFkk1zb1AWF34iNJ_eQr9WhteJ0FrG"
"s3://hcp-openaccess/HCP_1200/506234/MNINonLinear/Results/rfMRI_REST2_LR/rfMRI_REST2_LR_hp2000.ica/filtered_func_data.ica/report/IC_20.html","506234","MNINonLinear//Results/rfMRI_REST2_LR/rfMRI_REST2_LR_hp2000.ica/filtered_func_data.ica/report/IC_20.html","PDqUeIpMWvJg7SslA4mAaYW835Ytl0Xw"
"s3://hcp-openaccess/HCP_1200/506234/MNINonLinear/Results/rfMRI_REST2_LR/rfMRI_REST2_LR_hp2000.ica/filtered_func_data.ica/report/IC_20.png","506234","MNINonLinear//Results/rfMRI_REST2_LR/rfMRI_REST2_LR_hp2000.ica/filtered_func_data.ica/report/IC_20.png","rnDwiFXGcXpRqIrP23eSW98dX96_YPgr"
"s3://hcp-openaccess/HCP_1200/506234/MNINonLinear/Results/rfMRI_REST2_LR/rfMRI_REST2_LR_hp2000.ica/filtered_func_data.ica/report/IC_20_MM.html","506234","MNINonLinear//Results/rfMRI_REST2_LR/rfMRI_REST2_LR_hp2000.ica/filtered_func_data.ica/report/IC_20_MM.html","l63vhSfOMo1tUVkhd6FTPSlcEZgn5uDb"
"s3://hcp-openaccess/HCP_1200/506234/MNINonLinear/Results/rfMRI_REST2_LR/rfMRI_REST2_LR_hp2000.ica/filtered_func_data.ica/report/IC_20_MMfit.png","506234","MNINonLinear//Results/rfMRI_REST2_LR/rfMRI_REST2_LR_hp2000.ica/filtered_func_data.ica/report/IC_20_MMfit.png","WDXkbLsFyuPI0MLwlrB1a1XaqDFnKycc"
"s3://hcp-openaccess/HCP_1200/506234/MNINonLinear/Results/rfMRI_REST2_LR/rfMRI_REST2_LR_hp2000.ica/filtered_func_data.ica/report/IC_20_prob.png","506234","MNINonLinear//Results/rfMRI_REST2_LR/rfMRI_REST2_LR_hp2000.ica/filtered_func_data.ica/report/IC_20_prob.png","q_p6aAF2vcQi9Kms_R6P5dbp.xsjOsa2"
"s3://hcp-openaccess/HCP_1200/506234/MNINonLinear/Results/rfMRI_REST2_LR/rfMRI_REST2_LR_hp2000.ica/filtered_func_data.ica/report/IC_20_thresh.png","506234","MNINonLinear//Results/rfMRI_REST2_LR/rfMRI_REST2_LR_hp2000.ica/filtered_func_data.ica/report/IC_20_thresh.png","h1XasV3d2yFe24yZsHcyhjF.h8nRvsM6"
"s3://hcp-openaccess/HCP_1200/506234/MNINonLinear/Results/rfMRI_REST2_LR/rfMRI_REST2_LR_hp2000.ica/filtered_func_data.ica/report/IC_21.html","506234","MNINonLinear//Results/rfMRI_REST2_LR/rfMRI_REST2_LR_hp2000.ica/filtered_func_data.ica/report/IC_21.html","SakhSA7nlp.CoefvIuQOFO18nLWSVf66"
"s3://hcp-openaccess/HCP_1200/506234/MNINonLinear/Results/rfMRI_REST2_LR/rfMRI_REST2_LR_hp2000.ica/filtered_func_data.ica/report/IC_21.png","506234","MNINonLinear//Results/rfMRI_REST2_LR/rfMRI_REST2_LR_hp2000.ica/filtered_func_data.ica/report/IC_21.png","1GThQyaoTvC_AsiShUVSrlgQB8YP17zV"
"s3://hcp-openaccess/HCP_1200/506234/MNINonLinear/Results/rfMRI_REST2_LR/rfMRI_REST2_LR_hp2000.ica/filtered_func_data.ica/report/IC_21_MM.html","506234","MNINonLinear//Results/rfMRI_REST2_LR/rfMRI_REST2_LR_hp2000.ica/filtered_func_data.ica/report/IC_21_MM.html","SXRXx7blb7qgNryJFLCoNQCXHtccErQl"
"s3://hcp-openaccess/HCP_1200/506234/MNINonLinear/Results/rfMRI_REST2_LR/rfMRI_REST2_LR_hp2000.ica/filtered_func_data.ica/report/IC_21_MMfit.png","506234","MNINonLinear//Results/rfMRI_REST2_LR/rfMRI_REST2_LR_hp2000.ica/filtered_func_data.ica/report/IC_21_MMfit.png","ysJfTc.pioNfsQ.UV6Ko4H_m02LVbUXb"
"s3://hcp-openaccess/HCP_1200/506234/MNINonLinear/Results/rfMRI_REST2_LR/rfMRI_REST2_LR_hp2000.ica/filtered_func_data.ica/report/IC_21_prob.png","506234","MNINonLinear//Results/rfMRI_REST2_LR/rfMRI_REST2_LR_hp2000.ica/filtered_func_data.ica/report/IC_21_prob.png","uVXIbPG9fTCTPKbY0bZ0MxhGFn0_q3Ic"
"s3://hcp-openaccess/HCP_1200/506234/MNINonLinear/Results/rfMRI_REST2_LR/rfMRI_REST2_LR_hp2000.ica/filtered_func_data.ica/report/IC_21_thresh.png","506234","MNINonLinear//Results/rfMRI_REST2_LR/rfMRI_REST2_LR_hp2000.ica/filtered_func_data.ica/report/IC_21_thresh.png","yCAM4B22cZdfzTcQSmFcqV1xVg5Kx0AL"
"s3://hcp-openaccess/HCP_1200/506234/MNINonLinear/Results/rfMRI_REST2_LR/rfMRI_REST2_LR_hp2000.ica/filtered_func_data.ica/report/IC_22.html","506234","MNINonLinear//Results/rfMRI_REST2_LR/rfMRI_REST2_LR_hp2000.ica/filtered_func_data.ica/report/IC_22.html","Swt4kAnlibI1fCmBxE0TeaAfQkVYxDN7"
"s3://hcp-openaccess/HCP_1200/506234/MNINonLinear/Results/rfMRI_REST2_LR/rfMRI_REST2_LR_hp2000.ica/filtered_func_data.ica/report/IC_22.png","506234","MNINonLinear//Results/rfMRI_REST2_LR/rfMRI_REST2_LR_hp2000.ica/filtered_func_data.ica/report/IC_22.png","JDbAoUYqXpECd4sYpXPmHVgocmNvEnoA"
"s3://hcp-openaccess/HCP_1200/506234/MNINonLinear/Results/rfMRI_REST2_LR/rfMRI_REST2_LR_hp2000.ica/filtered_func_data.ica/report/IC_22_MM.html","506234","MNINonLinear//Results/rfMRI_REST2_LR/rfMRI_REST2_LR_hp2000.ica/filtered_func_data.ica/report/IC_22_MM.html","8.hsJ4he_KXCCMorm2OrZXD9Y0CEWakZ"
"s3://hcp-openaccess/HCP_1200/506234/MNINonLinear/Results/rfMRI_REST2_LR/rfMRI_REST2_LR_hp2000.ica/filtered_func_data.ica/report/IC_22_MMfit.png","506234","MNINonLinear//Results/rfMRI_REST2_LR/rfMRI_REST2_LR_hp2000.ica/filtered_func_data.ica/report/IC_22_MMfit.png","ukLHfYqAUTEP1tot6CzBA3L4D6HkgwGR"
"s3://hcp-openaccess/HCP_1200/506234/MNINonLinear/Results/rfMRI_REST2_LR/rfMRI_REST2_LR_hp2000.ica/filtered_func_data.ica/report/IC_22_prob.png","506234","MNINonLinear//Results/rfMRI_REST2_LR/rfMRI_REST2_LR_hp2000.ica/filtered_func_data.ica/report/IC_22_prob.png","jzfGFrikd3I6C6wN9fY1eCIZeZTuxI0x"
"s3://hcp-openaccess/HCP_1200/506234/MNINonLinear/Results/rfMRI_REST2_LR/rfMRI_REST2_LR_hp2000.ica/filtered_func_data.ica/report/IC_22_thresh.png","506234","MNINonLinear//Results/rfMRI_REST2_LR/rfMRI_REST2_LR_hp2000.ica/filtered_func_data.ica/report/IC_22_thresh.png","MVKjS9N47E0Gj_56RJsmMGnaZ8d4nQ4l"
"s3://hcp-openaccess/HCP_1200/506234/MNINonLinear/Results/rfMRI_REST2_LR/rfMRI_REST2_LR_hp2000.ica/filtered_func_data.ica/report/IC_23.html","506234","MNINonLinear//Results/rfMRI_REST2_LR/rfMRI_REST2_LR_hp2000.ica/filtered_func_data.ica/report/IC_23.html","Yo9Ng_9mOIJsSOodeB2JlyeXKgbNTu6B"
"s3://hcp-openaccess/HCP_1200/506234/MNINonLinear/Results/rfMRI_REST2_LR/rfMRI_REST2_LR_hp2000.ica/filtered_func_data.ica/report/IC_23.png","506234","MNINonLinear//Results/rfMRI_REST2_LR/rfMRI_REST2_LR_hp2000.ica/filtered_func_data.ica/report/IC_23.png","1noJMQnC2OSlMHdxX6dPbdxR.P817hVf"
"s3://hcp-openaccess/HCP_1200/506234/MNINonLinear/Results/rfMRI_REST2_LR/rfMRI_REST2_LR_hp2000.ica/filtered_func_data.ica/report/IC_23_MM.html","506234","MNINonLinear//Results/rfMRI_REST2_LR/rfMRI_REST2_LR_hp2000.ica/filtered_func_data.ica/report/IC_23_MM.html","Grqs.qAyb6iCy8UDoFR2fVuG77CK5cl7"
"s3://hcp-openaccess/HCP_1200/506234/MNINonLinear/Results/rfMRI_REST2_LR/rfMRI_REST2_LR_hp2000.ica/filtered_func_data.ica/report/IC_23_MMfit.png","506234","MNINonLinear//Results/rfMRI_REST2_LR/rfMRI_REST2_LR_hp2000.ica/filtered_func_data.ica/report/IC_23_MMfit.png","kxH6NxHgQjXXDIcMHA6FadWowRKjegdK"
"s3://hcp-openaccess/HCP_1200/506234/MNINonLinear/Results/rfMRI_REST2_LR/rfMRI_REST2_LR_hp2000.ica/filtered_func_data.ica/report/IC_23_prob.png","506234","MNINonLinear//Results/rfMRI_REST2_LR/rfMRI_REST2_LR_hp2000.ica/filtered_func_data.ica/report/IC_23_prob.png","zalluXQNqRiYF_9O9eaRb4RNOYye81W_"
"s3://hcp-openaccess/HCP_1200/506234/MNINonLinear/Results/rfMRI_REST2_LR/rfMRI_REST2_LR_hp2000.ica/filtered_func_data.ica/report/IC_23_thresh.png","506234","MNINonLinear//Results/rfMRI_REST2_LR/rfMRI_REST2_LR_hp2000.ica/filtered_func_data.ica/report/IC_23_thresh.png","adZSX3bCiEdqjkZ_4SfGZugIRboRhn8b"
"s3://hcp-openaccess/HCP_1200/506234/MNINonLinear/Results/rfMRI_REST2_LR/rfMRI_REST2_LR_hp2000.ica/filtered_func_data.ica/report/IC_24.html","506234","MNINonLinear//Results/rfMRI_REST2_LR/rfMRI_REST2_LR_hp2000.ica/filtered_func_data.ica/report/IC_24.html","2r4GyyYmSOmmcMYFJLDjtynojdKt9jbd"
"s3://hcp-openaccess/HCP_1200/506234/MNINonLinear/Results/rfMRI_REST2_LR/rfMRI_REST2_LR_hp2000.ica/filtered_func_data.ica/report/IC_24.png","506234","MNINonLinear//Results/rfMRI_REST2_LR/rfMRI_REST2_LR_hp2000.ica/filtered_func_data.ica/report/IC_24.png","jdxvhLgK8JmxvwwWjlSa6wc2M_BgQgVu"
"s3://hcp-openaccess/HCP_1200/506234/MNINonLinear/Results/rfMRI_REST2_LR/rfMRI_REST2_LR_hp2000.ica/filtered_func_data.ica/report/IC_24_MM.html","506234","MNINonLinear//Results/rfMRI_REST2_LR/rfMRI_REST2_LR_hp2000.ica/filtered_func_data.ica/report/IC_24_MM.html","f8dPu62fjX5GkRCRS9XU2aBIs6hQ0RpM"
"s3://hcp-openaccess/HCP_1200/506234/MNINonLinear/Results/rfMRI_REST2_LR/rfMRI_REST2_LR_hp2000.ica/filtered_func_data.ica/report/IC_24_MMfit.png","506234","MNINonLinear//Results/rfMRI_REST2_LR/rfMRI_REST2_LR_hp2000.ica/filtered_func_data.ica/report/IC_24_MMfit.png","5VmvVhZ_ukYG4NxzJX6_b6O3CSrN6tCN"
"s3://hcp-openaccess/HCP_1200/506234/MNINonLinear/Results/rfMRI_REST2_LR/rfMRI_REST2_LR_hp2000.ica/filtered_func_data.ica/report/IC_24_prob.png","506234","MNINonLinear//Results/rfMRI_REST2_LR/rfMRI_REST2_LR_hp2000.ica/filtered_func_data.ica/report/IC_24_prob.png","cDogV.AOHvfZr.j0O.EL8lDUClSjhoLN"
"s3://hcp-openaccess/HCP_1200/506234/MNINonLinear/Results/rfMRI_REST2_LR/rfMRI_REST2_LR_hp2000.ica/filtered_func_data.ica/report/IC_24_thresh.png","506234","MNINonLinear//Results/rfMRI_REST2_LR/rfMRI_REST2_LR_hp2000.ica/filtered_func_data.ica/report/IC_24_thresh.png","L818IRAcRjY7Xo2T_7Mpkv32hz_gb72M"
"s3://hcp-openaccess/HCP_1200/506234/MNINonLinear/Results/rfMRI_REST2_LR/rfMRI_REST2_LR_hp2000.ica/filtered_func_data.ica/report/IC_25.html","506234","MNINonLinear//Results/rfMRI_REST2_LR/rfMRI_REST2_LR_hp2000.ica/filtered_func_data.ica/report/IC_25.html","nRrvyR4XZhmxJ..KjCiQ.maLzpuL2VFG"
"s3://hcp-openaccess/HCP_1200/506234/MNINonLinear/Results/rfMRI_REST2_LR/rfMRI_REST2_LR_hp2000.ica/filtered_func_data.ica/report/IC_25.png","506234","MNINonLinear//Results/rfMRI_REST2_LR/rfMRI_REST2_LR_hp2000.ica/filtered_func_data.ica/report/IC_25.png","Ewu34byCRXn3DKGkOq6lnaE51p4_yRKk"
"s3://hcp-openaccess/HCP_1200/506234/MNINonLinear/Results/rfMRI_REST2_LR/rfMRI_REST2_LR_hp2000.ica/filtered_func_data.ica/report/IC_25_MM.html","506234","MNINonLinear//Results/rfMRI_REST2_LR/rfMRI_REST2_LR_hp2000.ica/filtered_func_data.ica/report/IC_25_MM.html","uvTObQnZxgvo0kiqVlVoLzIvVNWg4H4k"
"s3://hcp-openaccess/HCP_1200/506234/MNINonLinear/Results/rfMRI_REST2_LR/rfMRI_REST2_LR_hp2000.ica/filtered_func_data.ica/report/IC_25_MMfit.png","506234","MNINonLinear//Results/rfMRI_REST2_LR/rfMRI_REST2_LR_hp2000.ica/filtered_func_data.ica/report/IC_25_MMfit.png","zAEICHAIBziTpmlAzTB0LGxtNYAxI5Mj"
"s3://hcp-openaccess/HCP_1200/506234/MNINonLinear/Results/rfMRI_REST2_LR/rfMRI_REST2_LR_hp2000.ica/filtered_func_data.ica/report/IC_25_prob.png","506234","MNINonLinear//Results/rfMRI_REST2_LR/rfMRI_REST2_LR_hp2000.ica/filtered_func_data.ica/report/IC_25_prob.png","X1dAQ42PUQyp48m.zEc2UEvvliB2SnyE"
"s3://hcp-openaccess/HCP_1200/506234/MNINonLinear/Results/rfMRI_REST2_LR/rfMRI_REST2_LR_hp2000.ica/filtered_func_data.ica/report/IC_25_thresh.png","506234","MNINonLinear//Results/rfMRI_REST2_LR/rfMRI_REST2_LR_hp2000.ica/filtered_func_data.ica/report/IC_25_thresh.png","X4_vwWa4MsXrLbfgRbjN6wCjNC5wDMA3"
"s3://hcp-openaccess/HCP_1200/506234/MNINonLinear/Results/rfMRI_REST2_LR/rfMRI_REST2_LR_hp2000.ica/filtered_func_data.ica/report/IC_26.html","506234","MNINonLinear//Results/rfMRI_REST2_LR/rfMRI_REST2_LR_hp2000.ica/filtered_func_data.ica/report/IC_26.html","TwW1_uR4ZITbGecWLincD4soKGrDh7rS"
"s3://hcp-openaccess/HCP_1200/506234/MNINonLinear/Results/rfMRI_REST2_LR/rfMRI_REST2_LR_hp2000.ica/filtered_func_data.ica/report/IC_26.png","506234","MNINonLinear//Results/rfMRI_REST2_LR/rfMRI_REST2_LR_hp2000.ica/filtered_func_data.ica/report/IC_26.png","c1BFSqHlseOnbPSnlj2mRnyVbeO9fqUA"
"s3://hcp-openaccess/HCP_1200/506234/MNINonLinear/Results/rfMRI_REST2_LR/rfMRI_REST2_LR_hp2000.ica/filtered_func_data.ica/report/IC_26_MM.html","506234","MNINonLinear//Results/rfMRI_REST2_LR/rfMRI_REST2_LR_hp2000.ica/filtered_func_data.ica/report/IC_26_MM.html","xkqlA958.0UbYiO.FZOFQBZOnmvD5kGp"
"s3://hcp-openaccess/HCP_1200/506234/MNINonLinear/Results/rfMRI_REST2_LR/rfMRI_REST2_LR_hp2000.ica/filtered_func_data.ica/report/IC_26_MMfit.png","506234","MNINonLinear//Results/rfMRI_REST2_LR/rfMRI_REST2_LR_hp2000.ica/filtered_func_data.ica/report/IC_26_MMfit.png","AHQKjMIS6_EjtqnMIxx6FOsxMnohoOim"
"s3://hcp-openaccess/HCP_1200/506234/MNINonLinear/Results/rfMRI_REST2_LR/rfMRI_REST2_LR_hp2000.ica/filtered_func_data.ica/report/IC_26_prob.png","506234","MNINonLinear//Results/rfMRI_REST2_LR/rfMRI_REST2_LR_hp2000.ica/filtered_func_data.ica/report/IC_26_prob.png","vYBcULa_5svL5Pc2iFxjHq2N_FuHajX4"
"s3://hcp-openaccess/HCP_1200/506234/MNINonLinear/Results/rfMRI_REST2_LR/rfMRI_REST2_LR_hp2000.ica/filtered_func_data.ica/report/IC_26_thresh.png","506234","MNINonLinear//Results/rfMRI_REST2_LR/rfMRI_REST2_LR_hp2000.ica/filtered_func_data.ica/report/IC_26_thresh.png","._8gJm1dncL.PEnrUFKVyM5.xlMSiONn"
"s3://hcp-openaccess/HCP_1200/506234/MNINonLinear/Results/rfMRI_REST2_LR/rfMRI_REST2_LR_hp2000.ica/filtered_func_data.ica/report/IC_27.html","506234","MNINonLinear//Results/rfMRI_REST2_LR/rfMRI_REST2_LR_hp2000.ica/filtered_func_data.ica/report/IC_27.html","8QQIfT6U3Hoi.i9F6TjmU00wAKjrShst"
"s3://hcp-openaccess/HCP_1200/506234/MNINonLinear/Results/rfMRI_REST2_LR/rfMRI_REST2_LR_hp2000.ica/filtered_func_data.ica/report/IC_27.png","506234","MNINonLinear//Results/rfMRI_REST2_LR/rfMRI_REST2_LR_hp2000.ica/filtered_func_data.ica/report/IC_27.png","lDSbB0nVlUxZuBJgCBzh8Xahij6.P2kU"
"s3://hcp-openaccess/HCP_1200/506234/MNINonLinear/Results/rfMRI_REST2_LR/rfMRI_REST2_LR_hp2000.ica/filtered_func_data.ica/report/IC_27_MM.html","506234","MNINonLinear//Results/rfMRI_REST2_LR/rfMRI_REST2_LR_hp2000.ica/filtered_func_data.ica/report/IC_27_MM.html","F6L_ZIM9oHgLjX2gB2mtANInjd1b0tFL"
"s3://hcp-openaccess/HCP_1200/506234/MNINonLinear/Results/rfMRI_REST2_LR/rfMRI_REST2_LR_hp2000.ica/filtered_func_data.ica/report/IC_27_MMfit.png","506234","MNINonLinear//Results/rfMRI_REST2_LR/rfMRI_REST2_LR_hp2000.ica/filtered_func_data.ica/report/IC_27_MMfit.png","WBstmhI7tu2.CozinJdk4Eyi4rdIPvoR"
"s3://hcp-openaccess/HCP_1200/506234/MNINonLinear/Results/rfMRI_REST2_LR/rfMRI_REST2_LR_hp2000.ica/filtered_func_data.ica/report/IC_27_prob.png","506234","MNINonLinear//Results/rfMRI_REST2_LR/rfMRI_REST2_LR_hp2000.ica/filtered_func_data.ica/report/IC_27_prob.png","aM9kWlMpnLwXFpWkFd503R8j7JxP_OGy"
"s3://hcp-openaccess/HCP_1200/506234/MNINonLinear/Results/rfMRI_REST2_LR/rfMRI_REST2_LR_hp2000.ica/filtered_func_data.ica/report/IC_27_thresh.png","506234","MNINonLinear//Results/rfMRI_REST2_LR/rfMRI_REST2_LR_hp2000.ica/filtered_func_data.ica/report/IC_27_thresh.png","Vye4r0xC2Dd_74rB5syuk_B.F8bRgmOg"
"s3://hcp-openaccess/HCP_1200/506234/MNINonLinear/Results/rfMRI_REST2_LR/rfMRI_REST2_LR_hp2000.ica/filtered_func_data.ica/report/IC_28.html","506234","MNINonLinear//Results/rfMRI_REST2_LR/rfMRI_REST2_LR_hp2000.ica/filtered_func_data.ica/report/IC_28.html","YkKltmb.8_gURx3rn5DCNoowBHdFDDCl"
"s3://hcp-openaccess/HCP_1200/506234/MNINonLinear/Results/rfMRI_REST2_LR/rfMRI_REST2_LR_hp2000.ica/filtered_func_data.ica/report/IC_28.png","506234","MNINonLinear//Results/rfMRI_REST2_LR/rfMRI_REST2_LR_hp2000.ica/filtered_func_data.ica/report/IC_28.png","_FT1DLAnOGlHFbG1Z.Nb3Zf.yjcCDUCD"
"s3://hcp-openaccess/HCP_1200/506234/MNINonLinear/Results/rfMRI_REST2_LR/rfMRI_REST2_LR_hp2000.ica/filtered_func_data.ica/report/IC_28_MM.html","506234","MNINonLinear//Results/rfMRI_REST2_LR/rfMRI_REST2_LR_hp2000.ica/filtered_func_data.ica/report/IC_28_MM.html","QYOQr2eF.yYeb3bfeFFG9cx.WQt3zLjs"
"s3://hcp-openaccess/HCP_1200/506234/MNINonLinear/Results/rfMRI_REST2_LR/rfMRI_REST2_LR_hp2000.ica/filtered_func_data.ica/report/IC_28_MMfit.png","506234","MNINonLinear//Results/rfMRI_REST2_LR/rfMRI_REST2_LR_hp2000.ica/filtered_func_data.ica/report/IC_28_MMfit.png","NoWn982FcLW8xDInX696o6t0nNiXsyxR"
"s3://hcp-openaccess/HCP_1200/506234/MNINonLinear/Results/rfMRI_REST2_LR/rfMRI_REST2_LR_hp2000.ica/filtered_func_data.ica/report/IC_28_prob.png","506234","MNINonLinear//Results/rfMRI_REST2_LR/rfMRI_REST2_LR_hp2000.ica/filtered_func_data.ica/report/IC_28_prob.png","4uhoV.8Iw5fHCrw1J45Anj21z9wFiZzR"
"s3://hcp-openaccess/HCP_1200/506234/MNINonLinear/Results/rfMRI_REST2_LR/rfMRI_REST2_LR_hp2000.ica/filtered_func_data.ica/report/IC_28_thresh.png","506234","MNINonLinear//Results/rfMRI_REST2_LR/rfMRI_REST2_LR_hp2000.ica/filtered_func_data.ica/report/IC_28_thresh.png","K0coBmdnr4jvr0XYcsDdAK9_5FHNd0Dc"
"s3://hcp-openaccess/HCP_1200/506234/MNINonLinear/Results/rfMRI_REST2_LR/rfMRI_REST2_LR_hp2000.ica/filtered_func_data.ica/report/IC_29.html","506234","MNINonLinear//Results/rfMRI_REST2_LR/rfMRI_REST2_LR_hp2000.ica/filtered_func_data.ica/report/IC_29.html","TEj5hoB42hv4DymRskBiB3qo5sQGy5Os"
"s3://hcp-openaccess/HCP_1200/506234/MNINonLinear/Results/rfMRI_REST2_LR/rfMRI_REST2_LR_hp2000.ica/filtered_func_data.ica/report/IC_29.png","506234","MNINonLinear//Results/rfMRI_REST2_LR/rfMRI_REST2_LR_hp2000.ica/filtered_func_data.ica/report/IC_29.png","ePiXjTOA23V.VjEnqlryJc5O8EBxhPGU"
"s3://hcp-openaccess/HCP_1200/506234/MNINonLinear/Results/rfMRI_REST2_LR/rfMRI_REST2_LR_hp2000.ica/filtered_func_data.ica/report/IC_29_MM.html","506234","MNINonLinear//Results/rfMRI_REST2_LR/rfMRI_REST2_LR_hp2000.ica/filtered_func_data.ica/report/IC_29_MM.html","jVGjOnH1YTb1ptxG4rEb_PmKY3.zm90W"
"s3://hcp-openaccess/HCP_1200/506234/MNINonLinear/Results/rfMRI_REST2_LR/rfMRI_REST2_LR_hp2000.ica/filtered_func_data.ica/report/IC_29_MMfit.png","506234","MNINonLinear//Results/rfMRI_REST2_LR/rfMRI_REST2_LR_hp2000.ica/filtered_func_data.ica/report/IC_29_MMfit.png","QbHxxMH7kW0rc10gBRxZhjvKBjFADAe3"
"s3://hcp-openaccess/HCP_1200/506234/MNINonLinear/Results/rfMRI_REST2_LR/rfMRI_REST2_LR_hp2000.ica/filtered_func_data.ica/report/IC_29_prob.png","506234","MNINonLinear//Results/rfMRI_REST2_LR/rfMRI_REST2_LR_hp2000.ica/filtered_func_data.ica/report/IC_29_prob.png","XNS0WDq549OBJDRpPR4ktJg784AKVSew"
"s3://hcp-openaccess/HCP_1200/506234/MNINonLinear/Results/rfMRI_REST2_LR/rfMRI_REST2_LR_hp2000.ica/filtered_func_data.ica/report/IC_29_thresh.png","506234","MNINonLinear//Results/rfMRI_REST2_LR/rfMRI_REST2_LR_hp2000.ica/filtered_func_data.ica/report/IC_29_thresh.png","5Mk.mh8m9r94sy9IWet0uJlhKL_ARK2k"
"s3://hcp-openaccess/HCP_1200/506234/MNINonLinear/Results/rfMRI_REST2_LR/rfMRI_REST2_LR_hp2000.ica/filtered_func_data.ica/report/IC_2_MM.html","506234","MNINonLinear//Results/rfMRI_REST2_LR/rfMRI_REST2_LR_hp2000.ica/filtered_func_data.ica/report/IC_2_MM.html","FhHyBpVRwhtGjKyNf8.mIIjRBYtCq1Q0"
"s3://hcp-openaccess/HCP_1200/506234/MNINonLinear/Results/rfMRI_REST2_LR/rfMRI_REST2_LR_hp2000.ica/filtered_func_data.ica/report/IC_2_MMfit.png","506234","MNINonLinear//Results/rfMRI_REST2_LR/rfMRI_REST2_LR_hp2000.ica/filtered_func_data.ica/report/IC_2_MMfit.png","fUrNFmRfe4Xh88gYEaXfzbH5MverIJN7"
"s3://hcp-openaccess/HCP_1200/506234/MNINonLinear/Results/rfMRI_REST2_LR/rfMRI_REST2_LR_hp2000.ica/filtered_func_data.ica/report/IC_2_prob.png","506234","MNINonLinear//Results/rfMRI_REST2_LR/rfMRI_REST2_LR_hp2000.ica/filtered_func_data.ica/report/IC_2_prob.png","cAt20_gwOhszTvIowsrYj9h0aEHmt8f7"
"s3://hcp-openaccess/HCP_1200/506234/MNINonLinear/Results/rfMRI_REST2_LR/rfMRI_REST2_LR_hp2000.ica/filtered_func_data.ica/report/IC_2_thresh.png","506234","MNINonLinear//Results/rfMRI_REST2_LR/rfMRI_REST2_LR_hp2000.ica/filtered_func_data.ica/report/IC_2_thresh.png","h2zkSW9pigF0WwyCPzvXW9WBLO61R8lD"
"s3://hcp-openaccess/HCP_1200/506234/MNINonLinear/Results/rfMRI_REST2_LR/rfMRI_REST2_LR_hp2000.ica/filtered_func_data.ica/report/IC_3.html","506234","MNINonLinear//Results/rfMRI_REST2_LR/rfMRI_REST2_LR_hp2000.ica/filtered_func_data.ica/report/IC_3.html","cpYxEYUxkTMEvTPqcUM1vctuGIvMOBYg"
"s3://hcp-openaccess/HCP_1200/506234/MNINonLinear/Results/rfMRI_REST2_LR/rfMRI_REST2_LR_hp2000.ica/filtered_func_data.ica/report/IC_3.png","506234","MNINonLinear//Results/rfMRI_REST2_LR/rfMRI_REST2_LR_hp2000.ica/filtered_func_data.ica/report/IC_3.png","CJ2QcEoLs7ohkK1596kJQi91zW4kcNlQ"
"s3://hcp-openaccess/HCP_1200/506234/MNINonLinear/Results/rfMRI_REST2_LR/rfMRI_REST2_LR_hp2000.ica/filtered_func_data.ica/report/IC_30.html","506234","MNINonLinear//Results/rfMRI_REST2_LR/rfMRI_REST2_LR_hp2000.ica/filtered_func_data.ica/report/IC_30.html","2dIDKUk1oDfjuHtjsRexuP0g7U6kzAz9"
"s3://hcp-openaccess/HCP_1200/506234/MNINonLinear/Results/rfMRI_REST2_LR/rfMRI_REST2_LR_hp2000.ica/filtered_func_data.ica/report/IC_30.png","506234","MNINonLinear//Results/rfMRI_REST2_LR/rfMRI_REST2_LR_hp2000.ica/filtered_func_data.ica/report/IC_30.png","zI5_ZsUlhLBdH7SJobd9drVUKVivB0RW"
"s3://hcp-openaccess/HCP_1200/506234/MNINonLinear/Results/rfMRI_REST2_LR/rfMRI_REST2_LR_hp2000.ica/filtered_func_data.ica/report/IC_30_MM.html","506234","MNINonLinear//Results/rfMRI_REST2_LR/rfMRI_REST2_LR_hp2000.ica/filtered_func_data.ica/report/IC_30_MM.html","fqh2Vr1sXRCoplWVTccYohM7xomtg7Id"
"s3://hcp-openaccess/HCP_1200/506234/MNINonLinear/Results/rfMRI_REST2_LR/rfMRI_REST2_LR_hp2000.ica/filtered_func_data.ica/report/IC_30_MMfit.png","506234","MNINonLinear//Results/rfMRI_REST2_LR/rfMRI_REST2_LR_hp2000.ica/filtered_func_data.ica/report/IC_30_MMfit.png","HSmLAplA896T.ots6DWRdaBqLg5EmX3E"
"s3://hcp-openaccess/HCP_1200/506234/MNINonLinear/Results/rfMRI_REST2_LR/rfMRI_REST2_LR_hp2000.ica/filtered_func_data.ica/report/IC_30_prob.png","506234","MNINonLinear//Results/rfMRI_REST2_LR/rfMRI_REST2_LR_hp2000.ica/filtered_func_data.ica/report/IC_30_prob.png","llOf6zQMADjONQG3pqxeXDGHAPa8QGea"
"s3://hcp-openaccess/HCP_1200/506234/MNINonLinear/Results/rfMRI_REST2_LR/rfMRI_REST2_LR_hp2000.ica/filtered_func_data.ica/report/IC_30_thresh.png","506234","MNINonLinear//Results/rfMRI_REST2_LR/rfMRI_REST2_LR_hp2000.ica/filtered_func_data.ica/report/IC_30_thresh.png","Prc9urOVW278WAjeVJsL7UYYTgq901XC"
"s3://hcp-openaccess/HCP_1200/506234/MNINonLinear/Results/rfMRI_REST2_LR/rfMRI_REST2_LR_hp2000.ica/filtered_func_data.ica/report/IC_31.html","506234","MNINonLinear//Results/rfMRI_REST2_LR/rfMRI_REST2_LR_hp2000.ica/filtered_func_data.ica/report/IC_31.html","SZaPF_yANWxZV.DMYM.61.s8NaeCPIan"
"s3://hcp-openaccess/HCP_1200/506234/MNINonLinear/Results/rfMRI_REST2_LR/rfMRI_REST2_LR_hp2000.ica/filtered_func_data.ica/report/IC_31.png","506234","MNINonLinear//Results/rfMRI_REST2_LR/rfMRI_REST2_LR_hp2000.ica/filtered_func_data.ica/report/IC_31.png","iXd0yNTQ2EUZC6RZHasmRlnCaP5xalEm"
"s3://hcp-openaccess/HCP_1200/506234/MNINonLinear/Results/rfMRI_REST2_LR/rfMRI_REST2_LR_hp2000.ica/filtered_func_data.ica/report/IC_31_MM.html","506234","MNINonLinear//Results/rfMRI_REST2_LR/rfMRI_REST2_LR_hp2000.ica/filtered_func_data.ica/report/IC_31_MM.html","nPxKJeOvn_4iaO435FzWUEOARRdmU9AA"
"s3://hcp-openaccess/HCP_1200/506234/MNINonLinear/Results/rfMRI_REST2_LR/rfMRI_REST2_LR_hp2000.ica/filtered_func_data.ica/report/IC_31_MMfit.png","506234","MNINonLinear//Results/rfMRI_REST2_LR/rfMRI_REST2_LR_hp2000.ica/filtered_func_data.ica/report/IC_31_MMfit.png","ypxR2P.vbD2xFwkCSmeUBTtFut0DfBwq"
"s3://hcp-openaccess/HCP_1200/506234/MNINonLinear/Results/rfMRI_REST2_LR/rfMRI_REST2_LR_hp2000.ica/filtered_func_data.ica/report/IC_31_prob.png","506234","MNINonLinear//Results/rfMRI_REST2_LR/rfMRI_REST2_LR_hp2000.ica/filtered_func_data.ica/report/IC_31_prob.png","YpV0Ua_Ho4f.2SRLpeBdgRPZuSWGKV.c"
"s3://hcp-openaccess/HCP_1200/506234/MNINonLinear/Results/rfMRI_REST2_LR/rfMRI_REST2_LR_hp2000.ica/filtered_func_data.ica/report/IC_31_thresh.png","506234","MNINonLinear//Results/rfMRI_REST2_LR/rfMRI_REST2_LR_hp2000.ica/filtered_func_data.ica/report/IC_31_thresh.png","modoZFBug6qBp0N8ktN7qsZQpQL8KOt4"
"s3://hcp-openaccess/HCP_1200/506234/MNINonLinear/Results/rfMRI_REST2_LR/rfMRI_REST2_LR_hp2000.ica/filtered_func_data.ica/report/IC_32.html","506234","MNINonLinear//Results/rfMRI_REST2_LR/rfMRI_REST2_LR_hp2000.ica/filtered_func_data.ica/report/IC_32.html","ti_ZnGbTTD4E8T_c0z_QKqm_owlVsefE"
"s3://hcp-openaccess/HCP_1200/506234/MNINonLinear/Results/rfMRI_REST2_LR/rfMRI_REST2_LR_hp2000.ica/filtered_func_data.ica/report/IC_32.png","506234","MNINonLinear//Results/rfMRI_REST2_LR/rfMRI_REST2_LR_hp2000.ica/filtered_func_data.ica/report/IC_32.png","VjYvSKR1YSsdOR8uhmZWa.qaTEI3Bufi"
"s3://hcp-openaccess/HCP_1200/506234/MNINonLinear/Results/rfMRI_REST2_LR/rfMRI_REST2_LR_hp2000.ica/filtered_func_data.ica/report/IC_32_MM.html","506234","MNINonLinear//Results/rfMRI_REST2_LR/rfMRI_REST2_LR_hp2000.ica/filtered_func_data.ica/report/IC_32_MM.html","B_MQTPA3ZntXLa4GBNkcPrSQvJRf_Pzb"
"s3://hcp-openaccess/HCP_1200/506234/MNINonLinear/Results/rfMRI_REST2_LR/rfMRI_REST2_LR_hp2000.ica/filtered_func_data.ica/report/IC_32_MMfit.png","506234","MNINonLinear//Results/rfMRI_REST2_LR/rfMRI_REST2_LR_hp2000.ica/filtered_func_data.ica/report/IC_32_MMfit.png","D6kHIh8fveWlhkKsspXSL1tmkA8pdRfI"
"s3://hcp-openaccess/HCP_1200/506234/MNINonLinear/Results/rfMRI_REST2_LR/rfMRI_REST2_LR_hp2000.ica/filtered_func_data.ica/report/IC_32_prob.png","506234","MNINonLinear//Results/rfMRI_REST2_LR/rfMRI_REST2_LR_hp2000.ica/filtered_func_data.ica/report/IC_32_prob.png","TJMdfteoDOkqdgK_fXm8wwMkedzqvNw3"
"s3://hcp-openaccess/HCP_1200/506234/MNINonLinear/Results/rfMRI_REST2_LR/rfMRI_REST2_LR_hp2000.ica/filtered_func_data.ica/report/IC_32_thresh.png","506234","MNINonLinear//Results/rfMRI_REST2_LR/rfMRI_REST2_LR_hp2000.ica/filtered_func_data.ica/report/IC_32_thresh.png","5sw7_kuiA42kFUqsxETdtLilDrwiKcdU"
"s3://hcp-openaccess/HCP_1200/506234/MNINonLinear/Results/rfMRI_REST2_LR/rfMRI_REST2_LR_hp2000.ica/filtered_func_data.ica/report/IC_33.html","506234","MNINonLinear//Results/rfMRI_REST2_LR/rfMRI_REST2_LR_hp2000.ica/filtered_func_data.ica/report/IC_33.html","km0xUYs1b0fLD9lmWwIxH6Q8gxw3Hjb1"
"s3://hcp-openaccess/HCP_1200/506234/MNINonLinear/Results/rfMRI_REST2_LR/rfMRI_REST2_LR_hp2000.ica/filtered_func_data.ica/report/IC_33.png","506234","MNINonLinear//Results/rfMRI_REST2_LR/rfMRI_REST2_LR_hp2000.ica/filtered_func_data.ica/report/IC_33.png","pkf8_rv_8Ouv3uEIAZXLJ1ow.RqGw0WT"
"s3://hcp-openaccess/HCP_1200/506234/MNINonLinear/Results/rfMRI_REST2_LR/rfMRI_REST2_LR_hp2000.ica/filtered_func_data.ica/report/IC_33_MM.html","506234","MNINonLinear//Results/rfMRI_REST2_LR/rfMRI_REST2_LR_hp2000.ica/filtered_func_data.ica/report/IC_33_MM.html","jEiHyJCWXWB1l3c3j8AMJg7oP9O6ivfC"
"s3://hcp-openaccess/HCP_1200/506234/MNINonLinear/Results/rfMRI_REST2_LR/rfMRI_REST2_LR_hp2000.ica/filtered_func_data.ica/report/IC_33_MMfit.png","506234","MNINonLinear//Results/rfMRI_REST2_LR/rfMRI_REST2_LR_hp2000.ica/filtered_func_data.ica/report/IC_33_MMfit.png","F7CDDXDo7t6KQM.WY.BOwtKGom5cMbR2"
"s3://hcp-openaccess/HCP_1200/506234/MNINonLinear/Results/rfMRI_REST2_LR/rfMRI_REST2_LR_hp2000.ica/filtered_func_data.ica/report/IC_33_prob.png","506234","MNINonLinear//Results/rfMRI_REST2_LR/rfMRI_REST2_LR_hp2000.ica/filtered_func_data.ica/report/IC_33_prob.png","ko21454n4TILMMND7N.pfI24qLqYyCIw"
"s3://hcp-openaccess/HCP_1200/506234/MNINonLinear/Results/rfMRI_REST2_LR/rfMRI_REST2_LR_hp2000.ica/filtered_func_data.ica/report/IC_33_thresh.png","506234","MNINonLinear//Results/rfMRI_REST2_LR/rfMRI_REST2_LR_hp2000.ica/filtered_func_data.ica/report/IC_33_thresh.png","sKD1v0Pyhknwr10_1yLrBzAOwYy09C5_"
"s3://hcp-openaccess/HCP_1200/506234/MNINonLinear/Results/rfMRI_REST2_LR/rfMRI_REST2_LR_hp2000.ica/filtered_func_data.ica/report/IC_34.html","506234","MNINonLinear//Results/rfMRI_REST2_LR/rfMRI_REST2_LR_hp2000.ica/filtered_func_data.ica/report/IC_34.html","El8jfO1IMYD5MnV9NlBjVIQ4ooIBhhYV"
"s3://hcp-openaccess/HCP_1200/506234/MNINonLinear/Results/rfMRI_REST2_LR/rfMRI_REST2_LR_hp2000.ica/filtered_func_data.ica/report/IC_34.png","506234","MNINonLinear//Results/rfMRI_REST2_LR/rfMRI_REST2_LR_hp2000.ica/filtered_func_data.ica/report/IC_34.png","aot_mWML.p_WCE1vIO1xzoGb6sUSlqvM"
"s3://hcp-openaccess/HCP_1200/506234/MNINonLinear/Results/rfMRI_REST2_LR/rfMRI_REST2_LR_hp2000.ica/filtered_func_data.ica/report/IC_34_MM.html","506234","MNINonLinear//Results/rfMRI_REST2_LR/rfMRI_REST2_LR_hp2000.ica/filtered_func_data.ica/report/IC_34_MM.html","pFVjVDnUT5G9CpRThutGbE_nKts5G47x"
"s3://hcp-openaccess/HCP_1200/506234/MNINonLinear/Results/rfMRI_REST2_LR/rfMRI_REST2_LR_hp2000.ica/filtered_func_data.ica/report/IC_34_MMfit.png","506234","MNINonLinear//Results/rfMRI_REST2_LR/rfMRI_REST2_LR_hp2000.ica/filtered_func_data.ica/report/IC_34_MMfit.png","7Uw0v0_Ih5f0Br1dvfxKy6HAf48T2vZ5"
"s3://hcp-openaccess/HCP_1200/506234/MNINonLinear/Results/rfMRI_REST2_LR/rfMRI_REST2_LR_hp2000.ica/filtered_func_data.ica/report/IC_34_prob.png","506234","MNINonLinear//Results/rfMRI_REST2_LR/rfMRI_REST2_LR_hp2000.ica/filtered_func_data.ica/report/IC_34_prob.png","2f0qXd6zjWKs0eCj.TDM6v2D6CpwDogG"
"s3://hcp-openaccess/HCP_1200/506234/MNINonLinear/Results/rfMRI_REST2_LR/rfMRI_REST2_LR_hp2000.ica/filtered_func_data.ica/report/IC_34_thresh.png","506234","MNINonLinear//Results/rfMRI_REST2_LR/rfMRI_REST2_LR_hp2000.ica/filtered_func_data.ica/report/IC_34_thresh.png","1NLJZaQwJsLo7TWhmprm9iIWUl.3feBz"
"s3://hcp-openaccess/HCP_1200/506234/MNINonLinear/Results/rfMRI_REST2_LR/rfMRI_REST2_LR_hp2000.ica/filtered_func_data.ica/report/IC_35.html","506234","MNINonLinear//Results/rfMRI_REST2_LR/rfMRI_REST2_LR_hp2000.ica/filtered_func_data.ica/report/IC_35.html","uYQ.xBFy5h2UIj733oLmsbOOiqOCyGMu"
"s3://hcp-openaccess/HCP_1200/506234/MNINonLinear/Results/rfMRI_REST2_LR/rfMRI_REST2_LR_hp2000.ica/filtered_func_data.ica/report/IC_35.png","506234","MNINonLinear//Results/rfMRI_REST2_LR/rfMRI_REST2_LR_hp2000.ica/filtered_func_data.ica/report/IC_35.png","DLsLlEl9ypwQa3SczhPxd47M7npPOzpR"
"s3://hcp-openaccess/HCP_1200/506234/MNINonLinear/Results/rfMRI_REST2_LR/rfMRI_REST2_LR_hp2000.ica/filtered_func_data.ica/report/IC_35_MM.html","506234","MNINonLinear//Results/rfMRI_REST2_LR/rfMRI_REST2_LR_hp2000.ica/filtered_func_data.ica/report/IC_35_MM.html","ZKS7mOhggWbbcCb4yJUfwW47CZ824Qy7"
"s3://hcp-openaccess/HCP_1200/506234/MNINonLinear/Results/rfMRI_REST2_LR/rfMRI_REST2_LR_hp2000.ica/filtered_func_data.ica/report/IC_35_MMfit.png","506234","MNINonLinear//Results/rfMRI_REST2_LR/rfMRI_REST2_LR_hp2000.ica/filtered_func_data.ica/report/IC_35_MMfit.png","hxskoPYfam.JV1x7sOIxgt75c0ITXm8L"
"s3://hcp-openaccess/HCP_1200/506234/MNINonLinear/Results/rfMRI_REST2_LR/rfMRI_REST2_LR_hp2000.ica/filtered_func_data.ica/report/IC_35_prob.png","506234","MNINonLinear//Results/rfMRI_REST2_LR/rfMRI_REST2_LR_hp2000.ica/filtered_func_data.ica/report/IC_35_prob.png","mSHmrAQxi5frs933K__AJZongFgN3V6o"
"s3://hcp-openaccess/HCP_1200/506234/MNINonLinear/Results/rfMRI_REST2_LR/rfMRI_REST2_LR_hp2000.ica/filtered_func_data.ica/report/IC_35_thresh.png","506234","MNINonLinear//Results/rfMRI_REST2_LR/rfMRI_REST2_LR_hp2000.ica/filtered_func_data.ica/report/IC_35_thresh.png","yFEqK05sbigSO09L_MLuUS6VD1Tr5GU4"
"s3://hcp-openaccess/HCP_1200/506234/MNINonLinear/Results/rfMRI_REST2_LR/rfMRI_REST2_LR_hp2000.ica/filtered_func_data.ica/report/IC_36.html","506234","MNINonLinear//Results/rfMRI_REST2_LR/rfMRI_REST2_LR_hp2000.ica/filtered_func_data.ica/report/IC_36.html","zBuSy5uDUngD6DmFKc_3umBYNvU6g3.r"
"s3://hcp-openaccess/HCP_1200/506234/MNINonLinear/Results/rfMRI_REST2_LR/rfMRI_REST2_LR_hp2000.ica/filtered_func_data.ica/report/IC_36.png","506234","MNINonLinear//Results/rfMRI_REST2_LR/rfMRI_REST2_LR_hp2000.ica/filtered_func_data.ica/report/IC_36.png","FUfOeLmnQEEelETOkjtXysr5bA2Xodal"
"s3://hcp-openaccess/HCP_1200/506234/MNINonLinear/Results/rfMRI_REST2_LR/rfMRI_REST2_LR_hp2000.ica/filtered_func_data.ica/report/IC_36_MM.html","506234","MNINonLinear//Results/rfMRI_REST2_LR/rfMRI_REST2_LR_hp2000.ica/filtered_func_data.ica/report/IC_36_MM.html","hUWai4b63PziCpJ.zKjFoodi4bAtErWG"
"s3://hcp-openaccess/HCP_1200/506234/MNINonLinear/Results/rfMRI_REST2_LR/rfMRI_REST2_LR_hp2000.ica/filtered_func_data.ica/report/IC_36_MMfit.png","506234","MNINonLinear//Results/rfMRI_REST2_LR/rfMRI_REST2_LR_hp2000.ica/filtered_func_data.ica/report/IC_36_MMfit.png","5dO7tBFt.BUQmR9qSUhCSibb5trnBCxS"
"s3://hcp-openaccess/HCP_1200/506234/MNINonLinear/Results/rfMRI_REST2_LR/rfMRI_REST2_LR_hp2000.ica/filtered_func_data.ica/report/IC_36_prob.png","506234","MNINonLinear//Results/rfMRI_REST2_LR/rfMRI_REST2_LR_hp2000.ica/filtered_func_data.ica/report/IC_36_prob.png","WghFaNkm7K8KLpDBFl9ftXEmDmCdKEsQ"
"s3://hcp-openaccess/HCP_1200/506234/MNINonLinear/Results/rfMRI_REST2_LR/rfMRI_REST2_LR_hp2000.ica/filtered_func_data.ica/report/IC_36_thresh.png","506234","MNINonLinear//Results/rfMRI_REST2_LR/rfMRI_REST2_LR_hp2000.ica/filtered_func_data.ica/report/IC_36_thresh.png","sqLFOZyzr07zn1aBfINnv_E95nfJ7Hd5"
"s3://hcp-openaccess/HCP_1200/506234/MNINonLinear/Results/rfMRI_REST2_LR/rfMRI_REST2_LR_hp2000.ica/filtered_func_data.ica/report/IC_37.html","506234","MNINonLinear//Results/rfMRI_REST2_LR/rfMRI_REST2_LR_hp2000.ica/filtered_func_data.ica/report/IC_37.html","vCfzuKVN6Z3q3ub8IebYA27T0_uyYan8"
"s3://hcp-openaccess/HCP_1200/506234/MNINonLinear/Results/rfMRI_REST2_LR/rfMRI_REST2_LR_hp2000.ica/filtered_func_data.ica/report/IC_37.png","506234","MNINonLinear//Results/rfMRI_REST2_LR/rfMRI_REST2_LR_hp2000.ica/filtered_func_data.ica/report/IC_37.png","EVwGpOGckUPV0lLeQqdQ8zGNOS7BF2A."
"s3://hcp-openaccess/HCP_1200/506234/MNINonLinear/Results/rfMRI_REST2_LR/rfMRI_REST2_LR_hp2000.ica/filtered_func_data.ica/report/IC_37_MM.html","506234","MNINonLinear//Results/rfMRI_REST2_LR/rfMRI_REST2_LR_hp2000.ica/filtered_func_data.ica/report/IC_37_MM.html","X34V8fOxmnh7JhMZIaxCjljcTe7BZNxl"
"s3://hcp-openaccess/HCP_1200/506234/MNINonLinear/Results/rfMRI_REST2_LR/rfMRI_REST2_LR_hp2000.ica/filtered_func_data.ica/report/IC_37_MMfit.png","506234","MNINonLinear//Results/rfMRI_REST2_LR/rfMRI_REST2_LR_hp2000.ica/filtered_func_data.ica/report/IC_37_MMfit.png","Z.IYzSlCui9K5OYY2TxS9WsyzPGKYIg6"
"s3://hcp-openaccess/HCP_1200/506234/MNINonLinear/Results/rfMRI_REST2_LR/rfMRI_REST2_LR_hp2000.ica/filtered_func_data.ica/report/IC_37_prob.png","506234","MNINonLinear//Results/rfMRI_REST2_LR/rfMRI_REST2_LR_hp2000.ica/filtered_func_data.ica/report/IC_37_prob.png","yg9XBvrxEO5QNilf6fmUNyE.fpUUTEPw"
"s3://hcp-openaccess/HCP_1200/506234/MNINonLinear/Results/rfMRI_REST2_LR/rfMRI_REST2_LR_hp2000.ica/filtered_func_data.ica/report/IC_37_thresh.png","506234","MNINonLinear//Results/rfMRI_REST2_LR/rfMRI_REST2_LR_hp2000.ica/filtered_func_data.ica/report/IC_37_thresh.png","E_CCvoU03mcVps4auHq2ZryaAMEFvbRU"
"s3://hcp-openaccess/HCP_1200/506234/MNINonLinear/Results/rfMRI_REST2_LR/rfMRI_REST2_LR_hp2000.ica/filtered_func_data.ica/report/IC_38.html","506234","MNINonLinear//Results/rfMRI_REST2_LR/rfMRI_REST2_LR_hp2000.ica/filtered_func_data.ica/report/IC_38.html","ZqZb136V_5mOk0lgmOGKTRh.jVxeQbu3"
"s3://hcp-openaccess/HCP_1200/506234/MNINonLinear/Results/rfMRI_REST2_LR/rfMRI_REST2_LR_hp2000.ica/filtered_func_data.ica/report/IC_38.png","506234","MNINonLinear//Results/rfMRI_REST2_LR/rfMRI_REST2_LR_hp2000.ica/filtered_func_data.ica/report/IC_38.png","Tk06Wg910SaOKGlNKgBuTvvKLEd5LphT"
"s3://hcp-openaccess/HCP_1200/506234/MNINonLinear/Results/rfMRI_REST2_LR/rfMRI_REST2_LR_hp2000.ica/filtered_func_data.ica/report/IC_38_MM.html","506234","MNINonLinear//Results/rfMRI_REST2_LR/rfMRI_REST2_LR_hp2000.ica/filtered_func_data.ica/report/IC_38_MM.html","FYKn4e4y9z5cxfE2u30NubYdAUGI5doE"
"s3://hcp-openaccess/HCP_1200/506234/MNINonLinear/Results/rfMRI_REST2_LR/rfMRI_REST2_LR_hp2000.ica/filtered_func_data.ica/report/IC_38_MMfit.png","506234","MNINonLinear//Results/rfMRI_REST2_LR/rfMRI_REST2_LR_hp2000.ica/filtered_func_data.ica/report/IC_38_MMfit.png","iQXT.iIagJSwRNQmsTSBn1N1zcw18kGr"
"s3://hcp-openaccess/HCP_1200/506234/MNINonLinear/Results/rfMRI_REST2_LR/rfMRI_REST2_LR_hp2000.ica/filtered_func_data.ica/report/IC_38_prob.png","506234","MNINonLinear//Results/rfMRI_REST2_LR/rfMRI_REST2_LR_hp2000.ica/filtered_func_data.ica/report/IC_38_prob.png","Uye9HuE11m5S5ZSayZTVJWJdgMuQbJiU"
"s3://hcp-openaccess/HCP_1200/506234/MNINonLinear/Results/rfMRI_REST2_LR/rfMRI_REST2_LR_hp2000.ica/filtered_func_data.ica/report/IC_38_thresh.png","506234","MNINonLinear//Results/rfMRI_REST2_LR/rfMRI_REST2_LR_hp2000.ica/filtered_func_data.ica/report/IC_38_thresh.png","M4oE.7Q6HD0xS3GC1Ma2kPma_54ye1iK"
"s3://hcp-openaccess/HCP_1200/506234/MNINonLinear/Results/rfMRI_REST2_LR/rfMRI_REST2_LR_hp2000.ica/filtered_func_data.ica/report/IC_39.html","506234","MNINonLinear//Results/rfMRI_REST2_LR/rfMRI_REST2_LR_hp2000.ica/filtered_func_data.ica/report/IC_39.html","DQVYn_gX8_tgD66vIAmyUID2oOWpeD_j"
"s3://hcp-openaccess/HCP_1200/506234/MNINonLinear/Results/rfMRI_REST2_LR/rfMRI_REST2_LR_hp2000.ica/filtered_func_data.ica/report/IC_39.png","506234","MNINonLinear//Results/rfMRI_REST2_LR/rfMRI_REST2_LR_hp2000.ica/filtered_func_data.ica/report/IC_39.png","guD1a1MZfVS_SFOXpdFsREohHlDp5T12"
"s3://hcp-openaccess/HCP_1200/506234/MNINonLinear/Results/rfMRI_REST2_LR/rfMRI_REST2_LR_hp2000.ica/filtered_func_data.ica/report/IC_39_MM.html","506234","MNINonLinear//Results/rfMRI_REST2_LR/rfMRI_REST2_LR_hp2000.ica/filtered_func_data.ica/report/IC_39_MM.html","EDBBLhJcvzm_P8HM4z3l4oVEJQr13nRZ"
"s3://hcp-openaccess/HCP_1200/506234/MNINonLinear/Results/rfMRI_REST2_LR/rfMRI_REST2_LR_hp2000.ica/filtered_func_data.ica/report/IC_39_MMfit.png","506234","MNINonLinear//Results/rfMRI_REST2_LR/rfMRI_REST2_LR_hp2000.ica/filtered_func_data.ica/report/IC_39_MMfit.png","JB1n3JjU42RCyEA5EqDXFBivzQhupohm"
"s3://hcp-openaccess/HCP_1200/506234/MNINonLinear/Results/rfMRI_REST2_LR/rfMRI_REST2_LR_hp2000.ica/filtered_func_data.ica/report/IC_39_prob.png","506234","MNINonLinear//Results/rfMRI_REST2_LR/rfMRI_REST2_LR_hp2000.ica/filtered_func_data.ica/report/IC_39_prob.png","13BK.rk0v6cGiJXXblgNW9cZ5KYmrTCJ"
"s3://hcp-openaccess/HCP_1200/506234/MNINonLinear/Results/rfMRI_REST2_LR/rfMRI_REST2_LR_hp2000.ica/filtered_func_data.ica/report/IC_39_thresh.png","506234","MNINonLinear//Results/rfMRI_REST2_LR/rfMRI_REST2_LR_hp2000.ica/filtered_func_data.ica/report/IC_39_thresh.png","upCYO3Fgyle09z8LRedm3cmVxxxIRyh9"
"s3://hcp-openaccess/HCP_1200/506234/MNINonLinear/Results/rfMRI_REST2_LR/rfMRI_REST2_LR_hp2000.ica/filtered_func_data.ica/report/IC_3_MM.html","506234","MNINonLinear//Results/rfMRI_REST2_LR/rfMRI_REST2_LR_hp2000.ica/filtered_func_data.ica/report/IC_3_MM.html","o6nB1qaD79i6Tzjedzk1uE0OJWdCMdWR"
"s3://hcp-openaccess/HCP_1200/506234/MNINonLinear/Results/rfMRI_REST2_LR/rfMRI_REST2_LR_hp2000.ica/filtered_func_data.ica/report/IC_3_MMfit.png","506234","MNINonLinear//Results/rfMRI_REST2_LR/rfMRI_REST2_LR_hp2000.ica/filtered_func_data.ica/report/IC_3_MMfit.png","jYH5yaJfqkdUSefhAP.zYw1PuORYIzCa"
"s3://hcp-openaccess/HCP_1200/506234/MNINonLinear/Results/rfMRI_REST2_LR/rfMRI_REST2_LR_hp2000.ica/filtered_func_data.ica/report/IC_3_prob.png","506234","MNINonLinear//Results/rfMRI_REST2_LR/rfMRI_REST2_LR_hp2000.ica/filtered_func_data.ica/report/IC_3_prob.png","OXdSw8nxvn4K35lbYJkXvdkR2COd1wN."
"s3://hcp-openaccess/HCP_1200/506234/MNINonLinear/Results/rfMRI_REST2_LR/rfMRI_REST2_LR_hp2000.ica/filtered_func_data.ica/report/IC_3_thresh.png","506234","MNINonLinear//Results/rfMRI_REST2_LR/rfMRI_REST2_LR_hp2000.ica/filtered_func_data.ica/report/IC_3_thresh.png","dsuFlPQG8vbFxyZQ5t02HON.obydF5Q3"
"s3://hcp-openaccess/HCP_1200/506234/MNINonLinear/Results/rfMRI_REST2_LR/rfMRI_REST2_LR_hp2000.ica/filtered_func_data.ica/report/IC_4.html","506234","MNINonLinear//Results/rfMRI_REST2_LR/rfMRI_REST2_LR_hp2000.ica/filtered_func_data.ica/report/IC_4.html","C9fAUnsu7Uzwj8LSrR8uxJgJ3bmbkNTY"
"s3://hcp-openaccess/HCP_1200/506234/MNINonLinear/Results/rfMRI_REST2_LR/rfMRI_REST2_LR_hp2000.ica/filtered_func_data.ica/report/IC_4.png","506234","MNINonLinear//Results/rfMRI_REST2_LR/rfMRI_REST2_LR_hp2000.ica/filtered_func_data.ica/report/IC_4.png","MGLvjnvhP88ONfUrycPUMEPpdXkZBgCv"
"s3://hcp-openaccess/HCP_1200/506234/MNINonLinear/Results/rfMRI_REST2_LR/rfMRI_REST2_LR_hp2000.ica/filtered_func_data.ica/report/IC_40.html","506234","MNINonLinear//Results/rfMRI_REST2_LR/rfMRI_REST2_LR_hp2000.ica/filtered_func_data.ica/report/IC_40.html","_mMO_yIadBIMpNGdk1TMzvE_ItqsynUF"
"s3://hcp-openaccess/HCP_1200/506234/MNINonLinear/Results/rfMRI_REST2_LR/rfMRI_REST2_LR_hp2000.ica/filtered_func_data.ica/report/IC_40.png","506234","MNINonLinear//Results/rfMRI_REST2_LR/rfMRI_REST2_LR_hp2000.ica/filtered_func_data.ica/report/IC_40.png","KE3MWZ3PpSjG.MKcJg5gufYKzMw0bzfO"
"s3://hcp-openaccess/HCP_1200/506234/MNINonLinear/Results/rfMRI_REST2_LR/rfMRI_REST2_LR_hp2000.ica/filtered_func_data.ica/report/IC_40_MM.html","506234","MNINonLinear//Results/rfMRI_REST2_LR/rfMRI_REST2_LR_hp2000.ica/filtered_func_data.ica/report/IC_40_MM.html","0IUGsBS3vs3MZMSeYCNP39H6pa0wcieD"
"s3://hcp-openaccess/HCP_1200/506234/MNINonLinear/Results/rfMRI_REST2_LR/rfMRI_REST2_LR_hp2000.ica/filtered_func_data.ica/report/IC_40_MMfit.png","506234","MNINonLinear//Results/rfMRI_REST2_LR/rfMRI_REST2_LR_hp2000.ica/filtered_func_data.ica/report/IC_40_MMfit.png","QWaS6Jm3RTrzFolKzJxaWAm9mpLOb_ya"
"s3://hcp-openaccess/HCP_1200/506234/MNINonLinear/Results/rfMRI_REST2_LR/rfMRI_REST2_LR_hp2000.ica/filtered_func_data.ica/report/IC_40_prob.png","506234","MNINonLinear//Results/rfMRI_REST2_LR/rfMRI_REST2_LR_hp2000.ica/filtered_func_data.ica/report/IC_40_prob.png","tnJ.CUqiM_3bDitJjfH6YUrh49AiyjOw"
"s3://hcp-openaccess/HCP_1200/506234/MNINonLinear/Results/rfMRI_REST2_LR/rfMRI_REST2_LR_hp2000.ica/filtered_func_data.ica/report/IC_40_thresh.png","506234","MNINonLinear//Results/rfMRI_REST2_LR/rfMRI_REST2_LR_hp2000.ica/filtered_func_data.ica/report/IC_40_thresh.png","wKlgDVsWtVGno6EFJhyzg1LzCy.MZpN4"
"s3://hcp-openaccess/HCP_1200/506234/MNINonLinear/Results/rfMRI_REST2_LR/rfMRI_REST2_LR_hp2000.ica/filtered_func_data.ica/report/IC_41.html","506234","MNINonLinear//Results/rfMRI_REST2_LR/rfMRI_REST2_LR_hp2000.ica/filtered_func_data.ica/report/IC_41.html","FisI3nc2cKDmqxJOk_bpIVA4hHLCzUkQ"
"s3://hcp-openaccess/HCP_1200/506234/MNINonLinear/Results/rfMRI_REST2_LR/rfMRI_REST2_LR_hp2000.ica/filtered_func_data.ica/report/IC_41.png","506234","MNINonLinear//Results/rfMRI_REST2_LR/rfMRI_REST2_LR_hp2000.ica/filtered_func_data.ica/report/IC_41.png","EVywDdSzsmnuzH4zMPH5TERENeK0PGnl"
"s3://hcp-openaccess/HCP_1200/506234/MNINonLinear/Results/rfMRI_REST2_LR/rfMRI_REST2_LR_hp2000.ica/filtered_func_data.ica/report/IC_41_MM.html","506234","MNINonLinear//Results/rfMRI_REST2_LR/rfMRI_REST2_LR_hp2000.ica/filtered_func_data.ica/report/IC_41_MM.html","sQXAQAFAWrpMB725F9g2zAVN88Yc4K90"
"s3://hcp-openaccess/HCP_1200/506234/MNINonLinear/Results/rfMRI_REST2_LR/rfMRI_REST2_LR_hp2000.ica/filtered_func_data.ica/report/IC_41_MMfit.png","506234","MNINonLinear//Results/rfMRI_REST2_LR/rfMRI_REST2_LR_hp2000.ica/filtered_func_data.ica/report/IC_41_MMfit.png","1zP0FE7Or1N6dcfPAuvFTjJHbUZBzIdq"
"s3://hcp-openaccess/HCP_1200/506234/MNINonLinear/Results/rfMRI_REST2_LR/rfMRI_REST2_LR_hp2000.ica/filtered_func_data.ica/report/IC_41_prob.png","506234","MNINonLinear//Results/rfMRI_REST2_LR/rfMRI_REST2_LR_hp2000.ica/filtered_func_data.ica/report/IC_41_prob.png","TzDY5qzBD1N40AqLZ1kqWoMFl7_riCY7"
"s3://hcp-openaccess/HCP_1200/506234/MNINonLinear/Results/rfMRI_REST2_LR/rfMRI_REST2_LR_hp2000.ica/filtered_func_data.ica/report/IC_41_thresh.png","506234","MNINonLinear//Results/rfMRI_REST2_LR/rfMRI_REST2_LR_hp2000.ica/filtered_func_data.ica/report/IC_41_thresh.png","Tv4nmoSFE.m8i8F41atEpMf9A8nbVdXP"
"s3://hcp-openaccess/HCP_1200/506234/MNINonLinear/Results/rfMRI_REST2_LR/rfMRI_REST2_LR_hp2000.ica/filtered_func_data.ica/report/IC_42.html","506234","MNINonLinear//Results/rfMRI_REST2_LR/rfMRI_REST2_LR_hp2000.ica/filtered_func_data.ica/report/IC_42.html","X_dIYbvLF9aMlUZWE_XSiW2KAqm6gNDC"
"s3://hcp-openaccess/HCP_1200/506234/MNINonLinear/Results/rfMRI_REST2_LR/rfMRI_REST2_LR_hp2000.ica/filtered_func_data.ica/report/IC_42.png","506234","MNINonLinear//Results/rfMRI_REST2_LR/rfMRI_REST2_LR_hp2000.ica/filtered_func_data.ica/report/IC_42.png",".R8W6ooUJxjkLgizF9ui_0cUaVkdLbOL"
"s3://hcp-openaccess/HCP_1200/506234/MNINonLinear/Results/rfMRI_REST2_LR/rfMRI_REST2_LR_hp2000.ica/filtered_func_data.ica/report/IC_42_MM.html","506234","MNINonLinear//Results/rfMRI_REST2_LR/rfMRI_REST2_LR_hp2000.ica/filtered_func_data.ica/report/IC_42_MM.html","V5xVghtS9JMqjP5h.D.0VoDFZUoE1BVB"
"s3://hcp-openaccess/HCP_1200/506234/MNINonLinear/Results/rfMRI_REST2_LR/rfMRI_REST2_LR_hp2000.ica/filtered_func_data.ica/report/IC_42_MMfit.png","506234","MNINonLinear//Results/rfMRI_REST2_LR/rfMRI_REST2_LR_hp2000.ica/filtered_func_data.ica/report/IC_42_MMfit.png","c5NlGbQJJdhSe78v678KqHcgo2Sbq1r9"
"s3://hcp-openaccess/HCP_1200/506234/MNINonLinear/Results/rfMRI_REST2_LR/rfMRI_REST2_LR_hp2000.ica/filtered_func_data.ica/report/IC_42_prob.png","506234","MNINonLinear//Results/rfMRI_REST2_LR/rfMRI_REST2_LR_hp2000.ica/filtered_func_data.ica/report/IC_42_prob.png","PL5QN3hM5wb0UZ0_ySzZz6JIBfL5ElQy"
"s3://hcp-openaccess/HCP_1200/506234/MNINonLinear/Results/rfMRI_REST2_LR/rfMRI_REST2_LR_hp2000.ica/filtered_func_data.ica/report/IC_42_thresh.png","506234","MNINonLinear//Results/rfMRI_REST2_LR/rfMRI_REST2_LR_hp2000.ica/filtered_func_data.ica/report/IC_42_thresh.png","GNuCgmHeZNBx62LhYXXXUjAxi311ZM4N"
"s3://hcp-openaccess/HCP_1200/506234/MNINonLinear/Results/rfMRI_REST2_LR/rfMRI_REST2_LR_hp2000.ica/filtered_func_data.ica/report/IC_43.html","506234","MNINonLinear//Results/rfMRI_REST2_LR/rfMRI_REST2_LR_hp2000.ica/filtered_func_data.ica/report/IC_43.html","QTWoP6LFXwIJfwoQDqHdXAIki2SDbDZ7"
"s3://hcp-openaccess/HCP_1200/506234/MNINonLinear/Results/rfMRI_REST2_LR/rfMRI_REST2_LR_hp2000.ica/filtered_func_data.ica/report/IC_43.png","506234","MNINonLinear//Results/rfMRI_REST2_LR/rfMRI_REST2_LR_hp2000.ica/filtered_func_data.ica/report/IC_43.png","srk_u.lRw9fIlKdYfW0d4S8WHm7b9U2."
"s3://hcp-openaccess/HCP_1200/506234/MNINonLinear/Results/rfMRI_REST2_LR/rfMRI_REST2_LR_hp2000.ica/filtered_func_data.ica/report/IC_43_MM.html","506234","MNINonLinear//Results/rfMRI_REST2_LR/rfMRI_REST2_LR_hp2000.ica/filtered_func_data.ica/report/IC_43_MM.html","G7t1.a1mEcZuC4sYKSaaHw95HJAcImca"
"s3://hcp-openaccess/HCP_1200/506234/MNINonLinear/Results/rfMRI_REST2_LR/rfMRI_REST2_LR_hp2000.ica/filtered_func_data.ica/report/IC_43_MMfit.png","506234","MNINonLinear//Results/rfMRI_REST2_LR/rfMRI_REST2_LR_hp2000.ica/filtered_func_data.ica/report/IC_43_MMfit.png","bqgSG4XFKOACTOt68B0gQ5tIOmaVtqXs"
"s3://hcp-openaccess/HCP_1200/506234/MNINonLinear/Results/rfMRI_REST2_LR/rfMRI_REST2_LR_hp2000.ica/filtered_func_data.ica/report/IC_43_prob.png","506234","MNINonLinear//Results/rfMRI_REST2_LR/rfMRI_REST2_LR_hp2000.ica/filtered_func_data.ica/report/IC_43_prob.png","V7wJMX7.ZOyO8qQwJOktL.ULsRWN4TIK"
"s3://hcp-openaccess/HCP_1200/506234/MNINonLinear/Results/rfMRI_REST2_LR/rfMRI_REST2_LR_hp2000.ica/filtered_func_data.ica/report/IC_43_thresh.png","506234","MNINonLinear//Results/rfMRI_REST2_LR/rfMRI_REST2_LR_hp2000.ica/filtered_func_data.ica/report/IC_43_thresh.png","ZSsMjTnBk7v4eeaI9tIFYF6LnXA8M3Kn"
"s3://hcp-openaccess/HCP_1200/506234/MNINonLinear/Results/rfMRI_REST2_LR/rfMRI_REST2_LR_hp2000.ica/filtered_func_data.ica/report/IC_44.html","506234","MNINonLinear//Results/rfMRI_REST2_LR/rfMRI_REST2_LR_hp2000.ica/filtered_func_data.ica/report/IC_44.html","AHDCc.lPrk5LXPaNYSF7wl4thuDGYOeT"
"s3://hcp-openaccess/HCP_1200/506234/MNINonLinear/Results/rfMRI_REST2_LR/rfMRI_REST2_LR_hp2000.ica/filtered_func_data.ica/report/IC_44.png","506234","MNINonLinear//Results/rfMRI_REST2_LR/rfMRI_REST2_LR_hp2000.ica/filtered_func_data.ica/report/IC_44.png","ZSZNKtscyW_lg2C3ixpyLtqWv54GBjUD"
"s3://hcp-openaccess/HCP_1200/506234/MNINonLinear/Results/rfMRI_REST2_LR/rfMRI_REST2_LR_hp2000.ica/filtered_func_data.ica/report/IC_44_MM.html","506234","MNINonLinear//Results/rfMRI_REST2_LR/rfMRI_REST2_LR_hp2000.ica/filtered_func_data.ica/report/IC_44_MM.html","uyNExmUyoPGFpqg30Vg0FTJl3lEMip3s"
"s3://hcp-openaccess/HCP_1200/506234/MNINonLinear/Results/rfMRI_REST2_LR/rfMRI_REST2_LR_hp2000.ica/filtered_func_data.ica/report/IC_44_MMfit.png","506234","MNINonLinear//Results/rfMRI_REST2_LR/rfMRI_REST2_LR_hp2000.ica/filtered_func_data.ica/report/IC_44_MMfit.png","mypN5hwmudHZ5U8X4E9NNYNOgytVqAoM"
"s3://hcp-openaccess/HCP_1200/506234/MNINonLinear/Results/rfMRI_REST2_LR/rfMRI_REST2_LR_hp2000.ica/filtered_func_data.ica/report/IC_44_prob.png","506234","MNINonLinear//Results/rfMRI_REST2_LR/rfMRI_REST2_LR_hp2000.ica/filtered_func_data.ica/report/IC_44_prob.png","mJZ1NIEuG.zAzdEvzqcYmX_Q1H_J85ZM"
"s3://hcp-openaccess/HCP_1200/506234/MNINonLinear/Results/rfMRI_REST2_LR/rfMRI_REST2_LR_hp2000.ica/filtered_func_data.ica/report/IC_44_thresh.png","506234","MNINonLinear//Results/rfMRI_REST2_LR/rfMRI_REST2_LR_hp2000.ica/filtered_func_data.ica/report/IC_44_thresh.png","m6xIVxC6U6v9VFRRXrwdxCOZpvyEoQ1T"
"s3://hcp-openaccess/HCP_1200/506234/MNINonLinear/Results/rfMRI_REST2_LR/rfMRI_REST2_LR_hp2000.ica/filtered_func_data.ica/report/IC_45.html","506234","MNINonLinear//Results/rfMRI_REST2_LR/rfMRI_REST2_LR_hp2000.ica/filtered_func_data.ica/report/IC_45.html","6uDJ1gjEpb91flkTvhZTq0QmpXNtw_IK"
"s3://hcp-openaccess/HCP_1200/506234/MNINonLinear/Results/rfMRI_REST2_LR/rfMRI_REST2_LR_hp2000.ica/filtered_func_data.ica/report/IC_45.png","506234","MNINonLinear//Results/rfMRI_REST2_LR/rfMRI_REST2_LR_hp2000.ica/filtered_func_data.ica/report/IC_45.png","NjPn0Pky9HD0XnpQA6U8TpSsb_p7AGpL"
"s3://hcp-openaccess/HCP_1200/506234/MNINonLinear/Results/rfMRI_REST2_LR/rfMRI_REST2_LR_hp2000.ica/filtered_func_data.ica/report/IC_45_MM.html","506234","MNINonLinear//Results/rfMRI_REST2_LR/rfMRI_REST2_LR_hp2000.ica/filtered_func_data.ica/report/IC_45_MM.html","m4YKXne61EpPgYaeFTsBAq5nhxKEtzzi"
"s3://hcp-openaccess/HCP_1200/506234/MNINonLinear/Results/rfMRI_REST2_LR/rfMRI_REST2_LR_hp2000.ica/filtered_func_data.ica/report/IC_45_MMfit.png","506234","MNINonLinear//Results/rfMRI_REST2_LR/rfMRI_REST2_LR_hp2000.ica/filtered_func_data.ica/report/IC_45_MMfit.png","lWfBwTfBSuL_eFWPuUgdI3HNkKHvIHIr"
"s3://hcp-openaccess/HCP_1200/506234/MNINonLinear/Results/rfMRI_REST2_LR/rfMRI_REST2_LR_hp2000.ica/filtered_func_data.ica/report/IC_45_prob.png","506234","MNINonLinear//Results/rfMRI_REST2_LR/rfMRI_REST2_LR_hp2000.ica/filtered_func_data.ica/report/IC_45_prob.png","wBnvxAltgiz0yNLypW4rPoAg_0T66XoZ"
"s3://hcp-openaccess/HCP_1200/506234/MNINonLinear/Results/rfMRI_REST2_LR/rfMRI_REST2_LR_hp2000.ica/filtered_func_data.ica/report/IC_45_thresh.png","506234","MNINonLinear//Results/rfMRI_REST2_LR/rfMRI_REST2_LR_hp2000.ica/filtered_func_data.ica/report/IC_45_thresh.png","rZWo9fGIIvs1VvigbzKhzv7cKrOXAcKS"
"s3://hcp-openaccess/HCP_1200/506234/MNINonLinear/Results/rfMRI_REST2_LR/rfMRI_REST2_LR_hp2000.ica/filtered_func_data.ica/report/IC_46.html","506234","MNINonLinear//Results/rfMRI_REST2_LR/rfMRI_REST2_LR_hp2000.ica/filtered_func_data.ica/report/IC_46.html","vhziSTdM4eTX_kB_r6Z5dG0Mqre3VkGm"
"s3://hcp-openaccess/HCP_1200/506234/MNINonLinear/Results/rfMRI_REST2_LR/rfMRI_REST2_LR_hp2000.ica/filtered_func_data.ica/report/IC_46.png","506234","MNINonLinear//Results/rfMRI_REST2_LR/rfMRI_REST2_LR_hp2000.ica/filtered_func_data.ica/report/IC_46.png","EpaU9wEJWxiACCeaQWVlK4wvU.4lNkEw"
"s3://hcp-openaccess/HCP_1200/506234/MNINonLinear/Results/rfMRI_REST2_LR/rfMRI_REST2_LR_hp2000.ica/filtered_func_data.ica/report/IC_46_MM.html","506234","MNINonLinear//Results/rfMRI_REST2_LR/rfMRI_REST2_LR_hp2000.ica/filtered_func_data.ica/report/IC_46_MM.html","bQjOjkHB8sQy.g3OsA27p07SQUzhNY32"
"s3://hcp-openaccess/HCP_1200/506234/MNINonLinear/Results/rfMRI_REST2_LR/rfMRI_REST2_LR_hp2000.ica/filtered_func_data.ica/report/IC_46_MMfit.png","506234","MNINonLinear//Results/rfMRI_REST2_LR/rfMRI_REST2_LR_hp2000.ica/filtered_func_data.ica/report/IC_46_MMfit.png","6p7tqHaq5Huc37lQNFmqHbwwlc.ilCIn"
"s3://hcp-openaccess/HCP_1200/506234/MNINonLinear/Results/rfMRI_REST2_LR/rfMRI_REST2_LR_hp2000.ica/filtered_func_data.ica/report/IC_46_prob.png","506234","MNINonLinear//Results/rfMRI_REST2_LR/rfMRI_REST2_LR_hp2000.ica/filtered_func_data.ica/report/IC_46_prob.png","x_WyPZsjSsoDCvnlyome93_5R5VnoFNO"
"s3://hcp-openaccess/HCP_1200/506234/MNINonLinear/Results/rfMRI_REST2_LR/rfMRI_REST2_LR_hp2000.ica/filtered_func_data.ica/report/IC_46_thresh.png","506234","MNINonLinear//Results/rfMRI_REST2_LR/rfMRI_REST2_LR_hp2000.ica/filtered_func_data.ica/report/IC_46_thresh.png","0rxt5m.uQn1iDSz_OXaHudXQJ3c_HW0v"
"s3://hcp-openaccess/HCP_1200/506234/MNINonLinear/Results/rfMRI_REST2_LR/rfMRI_REST2_LR_hp2000.ica/filtered_func_data.ica/report/IC_47.html","506234","MNINonLinear//Results/rfMRI_REST2_LR/rfMRI_REST2_LR_hp2000.ica/filtered_func_data.ica/report/IC_47.html","3i8T1v4F2lezFT0.qs5Y8WY2wrJLljmR"
"s3://hcp-openaccess/HCP_1200/506234/MNINonLinear/Results/rfMRI_REST2_LR/rfMRI_REST2_LR_hp2000.ica/filtered_func_data.ica/report/IC_47.png","506234","MNINonLinear//Results/rfMRI_REST2_LR/rfMRI_REST2_LR_hp2000.ica/filtered_func_data.ica/report/IC_47.png","79AI39Vq1ic_oJ_Ziu2Fpa9yuGpSHaE8"
"s3://hcp-openaccess/HCP_1200/506234/MNINonLinear/Results/rfMRI_REST2_LR/rfMRI_REST2_LR_hp2000.ica/filtered_func_data.ica/report/IC_47_MM.html","506234","MNINonLinear//Results/rfMRI_REST2_LR/rfMRI_REST2_LR_hp2000.ica/filtered_func_data.ica/report/IC_47_MM.html","bfUo3AMVu66xmKMTT.xmGYhDW8Q3DlKU"
"s3://hcp-openaccess/HCP_1200/506234/MNINonLinear/Results/rfMRI_REST2_LR/rfMRI_REST2_LR_hp2000.ica/filtered_func_data.ica/report/IC_47_MMfit.png","506234","MNINonLinear//Results/rfMRI_REST2_LR/rfMRI_REST2_LR_hp2000.ica/filtered_func_data.ica/report/IC_47_MMfit.png","hD5FXkZEsfv_pNiB3r3Mcc6XVj8QJObT"
"s3://hcp-openaccess/HCP_1200/506234/MNINonLinear/Results/rfMRI_REST2_LR/rfMRI_REST2_LR_hp2000.ica/filtered_func_data.ica/report/IC_47_prob.png","506234","MNINonLinear//Results/rfMRI_REST2_LR/rfMRI_REST2_LR_hp2000.ica/filtered_func_data.ica/report/IC_47_prob.png","xZlIcHlU1kM9C1ShXXyBRRZnPzrTNyRd"
"s3://hcp-openaccess/HCP_1200/506234/MNINonLinear/Results/rfMRI_REST2_LR/rfMRI_REST2_LR_hp2000.ica/filtered_func_data.ica/report/IC_47_thresh.png","506234","MNINonLinear//Results/rfMRI_REST2_LR/rfMRI_REST2_LR_hp2000.ica/filtered_func_data.ica/report/IC_47_thresh.png","S.9WSQlsJd.SIUO3uaESRbQOmhZ03c7m"
"s3://hcp-openaccess/HCP_1200/506234/MNINonLinear/Results/rfMRI_REST2_LR/rfMRI_REST2_LR_hp2000.ica/filtered_func_data.ica/report/IC_48.html","506234","MNINonLinear//Results/rfMRI_REST2_LR/rfMRI_REST2_LR_hp2000.ica/filtered_func_data.ica/report/IC_48.html","MpQXIC10mH8uY9VWUdidi0UbwzzLfI4a"
"s3://hcp-openaccess/HCP_1200/506234/MNINonLinear/Results/rfMRI_REST2_LR/rfMRI_REST2_LR_hp2000.ica/filtered_func_data.ica/report/IC_48.png","506234","MNINonLinear//Results/rfMRI_REST2_LR/rfMRI_REST2_LR_hp2000.ica/filtered_func_data.ica/report/IC_48.png","FC3NCupLDHKeZ.1e2r5oBg3zmBw476X_"
"s3://hcp-openaccess/HCP_1200/506234/MNINonLinear/Results/rfMRI_REST2_LR/rfMRI_REST2_LR_hp2000.ica/filtered_func_data.ica/report/IC_48_MM.html","506234","MNINonLinear//Results/rfMRI_REST2_LR/rfMRI_REST2_LR_hp2000.ica/filtered_func_data.ica/report/IC_48_MM.html","o6rbGH43kAb.SsupJY50EGH5U7F60Vrg"
"s3://hcp-openaccess/HCP_1200/506234/MNINonLinear/Results/rfMRI_REST2_LR/rfMRI_REST2_LR_hp2000.ica/filtered_func_data.ica/report/IC_48_MMfit.png","506234","MNINonLinear//Results/rfMRI_REST2_LR/rfMRI_REST2_LR_hp2000.ica/filtered_func_data.ica/report/IC_48_MMfit.png","wbhVQlks7rvf01XdaXhAVxXi_qV9Fe5e"
"s3://hcp-openaccess/HCP_1200/506234/MNINonLinear/Results/rfMRI_REST2_LR/rfMRI_REST2_LR_hp2000.ica/filtered_func_data.ica/report/IC_48_prob.png","506234","MNINonLinear//Results/rfMRI_REST2_LR/rfMRI_REST2_LR_hp2000.ica/filtered_func_data.ica/report/IC_48_prob.png","yhUciiM53FKDltV5ujet1zYOvNTidoX6"
"s3://hcp-openaccess/HCP_1200/506234/MNINonLinear/Results/rfMRI_REST2_LR/rfMRI_REST2_LR_hp2000.ica/filtered_func_data.ica/report/IC_48_thresh.png","506234","MNINonLinear//Results/rfMRI_REST2_LR/rfMRI_REST2_LR_hp2000.ica/filtered_func_data.ica/report/IC_48_thresh.png","msmiRxDPwc3TacpSWlPatvWqafWvXwmC"
"s3://hcp-openaccess/HCP_1200/506234/MNINonLinear/Results/rfMRI_REST2_LR/rfMRI_REST2_LR_hp2000.ica/filtered_func_data.ica/report/IC_49.html","506234","MNINonLinear//Results/rfMRI_REST2_LR/rfMRI_REST2_LR_hp2000.ica/filtered_func_data.ica/report/IC_49.html","MlDQa4ouj0V_.nHx3OxPk1rwurYEdRjN"
"s3://hcp-openaccess/HCP_1200/506234/MNINonLinear/Results/rfMRI_REST2_LR/rfMRI_REST2_LR_hp2000.ica/filtered_func_data.ica/report/IC_49.png","506234","MNINonLinear//Results/rfMRI_REST2_LR/rfMRI_REST2_LR_hp2000.ica/filtered_func_data.ica/report/IC_49.png","KsHF2CkNrku6Rkbz71P8YLM1atiGV1He"
"s3://hcp-openaccess/HCP_1200/506234/MNINonLinear/Results/rfMRI_REST2_LR/rfMRI_REST2_LR_hp2000.ica/filtered_func_data.ica/report/IC_49_MM.html","506234","MNINonLinear//Results/rfMRI_REST2_LR/rfMRI_REST2_LR_hp2000.ica/filtered_func_data.ica/report/IC_49_MM.html","nwRud7DPRzj4vt5ySaLO.RqHb0HBe5QJ"
"s3://hcp-openaccess/HCP_1200/506234/MNINonLinear/Results/rfMRI_REST2_LR/rfMRI_REST2_LR_hp2000.ica/filtered_func_data.ica/report/IC_49_MMfit.png","506234","MNINonLinear//Results/rfMRI_REST2_LR/rfMRI_REST2_LR_hp2000.ica/filtered_func_data.ica/report/IC_49_MMfit.png","j4U_Y0_zuB6ypbQEJf3v4frYJX0X0xTf"
"s3://hcp-openaccess/HCP_1200/506234/MNINonLinear/Results/rfMRI_REST2_LR/rfMRI_REST2_LR_hp2000.ica/filtered_func_data.ica/report/IC_49_prob.png","506234","MNINonLinear//Results/rfMRI_REST2_LR/rfMRI_REST2_LR_hp2000.ica/filtered_func_data.ica/report/IC_49_prob.png","7yk3w1i1o6MQOM1kxYOt7BA_V4H9w1IZ"
"s3://hcp-openaccess/HCP_1200/506234/MNINonLinear/Results/rfMRI_REST2_LR/rfMRI_REST2_LR_hp2000.ica/filtered_func_data.ica/report/IC_49_thresh.png","506234","MNINonLinear//Results/rfMRI_REST2_LR/rfMRI_REST2_LR_hp2000.ica/filtered_func_data.ica/report/IC_49_thresh.png","wZ.1hNmrqlRXKlzXdBQ_CB6Fv6EiFdWK"
"s3://hcp-openaccess/HCP_1200/506234/MNINonLinear/Results/rfMRI_REST2_LR/rfMRI_REST2_LR_hp2000.ica/filtered_func_data.ica/report/IC_4_MM.html","506234","MNINonLinear//Results/rfMRI_REST2_LR/rfMRI_REST2_LR_hp2000.ica/filtered_func_data.ica/report/IC_4_MM.html","MB6kgZEiR5cO_xo_1HQUY4qvI5dfyT9B"
"s3://hcp-openaccess/HCP_1200/506234/MNINonLinear/Results/rfMRI_REST2_LR/rfMRI_REST2_LR_hp2000.ica/filtered_func_data.ica/report/IC_4_MMfit.png","506234","MNINonLinear//Results/rfMRI_REST2_LR/rfMRI_REST2_LR_hp2000.ica/filtered_func_data.ica/report/IC_4_MMfit.png","wAfeAiCxDIEBGFpaE95B4NRxnhugdnQH"
"s3://hcp-openaccess/HCP_1200/506234/MNINonLinear/Results/rfMRI_REST2_LR/rfMRI_REST2_LR_hp2000.ica/filtered_func_data.ica/report/IC_4_prob.png","506234","MNINonLinear//Results/rfMRI_REST2_LR/rfMRI_REST2_LR_hp2000.ica/filtered_func_data.ica/report/IC_4_prob.png","1Kq7nbnwFWnlEiOt1E7uXwKlWFGtWORz"
"s3://hcp-openaccess/HCP_1200/506234/MNINonLinear/Results/rfMRI_REST2_LR/rfMRI_REST2_LR_hp2000.ica/filtered_func_data.ica/report/IC_4_thresh.png","506234","MNINonLinear//Results/rfMRI_REST2_LR/rfMRI_REST2_LR_hp2000.ica/filtered_func_data.ica/report/IC_4_thresh.png","lBlQWk85avp5WEhw9u6bpokqsC1idt7t"
"s3://hcp-openaccess/HCP_1200/506234/MNINonLinear/Results/rfMRI_REST2_LR/rfMRI_REST2_LR_hp2000.ica/filtered_func_data.ica/report/IC_5.html","506234","MNINonLinear//Results/rfMRI_REST2_LR/rfMRI_REST2_LR_hp2000.ica/filtered_func_data.ica/report/IC_5.html","RR5ZijRTJFzZZiyI_AzAi8YVuI4VYSQK"
"s3://hcp-openaccess/HCP_1200/506234/MNINonLinear/Results/rfMRI_REST2_LR/rfMRI_REST2_LR_hp2000.ica/filtered_func_data.ica/report/IC_5.png","506234","MNINonLinear//Results/rfMRI_REST2_LR/rfMRI_REST2_LR_hp2000.ica/filtered_func_data.ica/report/IC_5.png","cz1c_V6KYjpt5bx3Ue3nm98So2APDF9Y"
"s3://hcp-openaccess/HCP_1200/506234/MNINonLinear/Results/rfMRI_REST2_LR/rfMRI_REST2_LR_hp2000.ica/filtered_func_data.ica/report/IC_50.html","506234","MNINonLinear//Results/rfMRI_REST2_LR/rfMRI_REST2_LR_hp2000.ica/filtered_func_data.ica/report/IC_50.html","hzpJTCMJc7BaB7Y0S5FlnWFh6ZpBPuuk"
"s3://hcp-openaccess/HCP_1200/506234/MNINonLinear/Results/rfMRI_REST2_LR/rfMRI_REST2_LR_hp2000.ica/filtered_func_data.ica/report/IC_50.png","506234","MNINonLinear//Results/rfMRI_REST2_LR/rfMRI_REST2_LR_hp2000.ica/filtered_func_data.ica/report/IC_50.png","3lLftLQ6NgdjnJmuZOZYJ95.czNC1qhx"
"s3://hcp-openaccess/HCP_1200/506234/MNINonLinear/Results/rfMRI_REST2_LR/rfMRI_REST2_LR_hp2000.ica/filtered_func_data.ica/report/IC_50_MM.html","506234","MNINonLinear//Results/rfMRI_REST2_LR/rfMRI_REST2_LR_hp2000.ica/filtered_func_data.ica/report/IC_50_MM.html","54dgV14QIwNIkpz95X_MfDl7CrMepedh"
"s3://hcp-openaccess/HCP_1200/506234/MNINonLinear/Results/rfMRI_REST2_LR/rfMRI_REST2_LR_hp2000.ica/filtered_func_data.ica/report/IC_50_MMfit.png","506234","MNINonLinear//Results/rfMRI_REST2_LR/rfMRI_REST2_LR_hp2000.ica/filtered_func_data.ica/report/IC_50_MMfit.png","6gkdA.leUx3y4.htghu62p1WgmpYcxy4"
"s3://hcp-openaccess/HCP_1200/506234/MNINonLinear/Results/rfMRI_REST2_LR/rfMRI_REST2_LR_hp2000.ica/filtered_func_data.ica/report/IC_50_prob.png","506234","MNINonLinear//Results/rfMRI_REST2_LR/rfMRI_REST2_LR_hp2000.ica/filtered_func_data.ica/report/IC_50_prob.png","5GQ6JpUK4h6kuB6D3CSVPpYuW2x64TxI"
"s3://hcp-openaccess/HCP_1200/506234/MNINonLinear/Results/rfMRI_REST2_LR/rfMRI_REST2_LR_hp2000.ica/filtered_func_data.ica/report/IC_50_thresh.png","506234","MNINonLinear//Results/rfMRI_REST2_LR/rfMRI_REST2_LR_hp2000.ica/filtered_func_data.ica/report/IC_50_thresh.png","2u_Xjq8yFzmQLnRN9B2BQEG3HkCL_Xo_"
"s3://hcp-openaccess/HCP_1200/506234/MNINonLinear/Results/rfMRI_REST2_LR/rfMRI_REST2_LR_hp2000.ica/filtered_func_data.ica/report/IC_51.html","506234","MNINonLinear//Results/rfMRI_REST2_LR/rfMRI_REST2_LR_hp2000.ica/filtered_func_data.ica/report/IC_51.html","BN4Xq__MB8cqH.HqN_DRVFDK1e2LGRW8"
"s3://hcp-openaccess/HCP_1200/506234/MNINonLinear/Results/rfMRI_REST2_LR/rfMRI_REST2_LR_hp2000.ica/filtered_func_data.ica/report/IC_51.png","506234","MNINonLinear//Results/rfMRI_REST2_LR/rfMRI_REST2_LR_hp2000.ica/filtered_func_data.ica/report/IC_51.png","kMPHnO2Wr888WVpUO9.eE6MmcNZj1jOQ"
"s3://hcp-openaccess/HCP_1200/506234/MNINonLinear/Results/rfMRI_REST2_LR/rfMRI_REST2_LR_hp2000.ica/filtered_func_data.ica/report/IC_51_MM.html","506234","MNINonLinear//Results/rfMRI_REST2_LR/rfMRI_REST2_LR_hp2000.ica/filtered_func_data.ica/report/IC_51_MM.html","_v5MObQLiCIcrqfUFo466iqO.Di72PkA"
"s3://hcp-openaccess/HCP_1200/506234/MNINonLinear/Results/rfMRI_REST2_LR/rfMRI_REST2_LR_hp2000.ica/filtered_func_data.ica/report/IC_51_MMfit.png","506234","MNINonLinear//Results/rfMRI_REST2_LR/rfMRI_REST2_LR_hp2000.ica/filtered_func_data.ica/report/IC_51_MMfit.png","6.OdNVZO_o3ZE4u_0SiVAIjLgezEVIJY"
"s3://hcp-openaccess/HCP_1200/506234/MNINonLinear/Results/rfMRI_REST2_LR/rfMRI_REST2_LR_hp2000.ica/filtered_func_data.ica/report/IC_51_prob.png","506234","MNINonLinear//Results/rfMRI_REST2_LR/rfMRI_REST2_LR_hp2000.ica/filtered_func_data.ica/report/IC_51_prob.png","3Cu1Dh8qvs2W.OMe7Emz8uCfqfFQ709T"
"s3://hcp-openaccess/HCP_1200/506234/MNINonLinear/Results/rfMRI_REST2_LR/rfMRI_REST2_LR_hp2000.ica/filtered_func_data.ica/report/IC_51_thresh.png","506234","MNINonLinear//Results/rfMRI_REST2_LR/rfMRI_REST2_LR_hp2000.ica/filtered_func_data.ica/report/IC_51_thresh.png","DAYGfCo_rEgwieesUQf77Pvzl3.Ht7dc"
"s3://hcp-openaccess/HCP_1200/506234/MNINonLinear/Results/rfMRI_REST2_LR/rfMRI_REST2_LR_hp2000.ica/filtered_func_data.ica/report/IC_52.html","506234","MNINonLinear//Results/rfMRI_REST2_LR/rfMRI_REST2_LR_hp2000.ica/filtered_func_data.ica/report/IC_52.html","RDE5Xuaz_0jwNUKy197_T_1aocYwNLUi"
"s3://hcp-openaccess/HCP_1200/506234/MNINonLinear/Results/rfMRI_REST2_LR/rfMRI_REST2_LR_hp2000.ica/filtered_func_data.ica/report/IC_52.png","506234","MNINonLinear//Results/rfMRI_REST2_LR/rfMRI_REST2_LR_hp2000.ica/filtered_func_data.ica/report/IC_52.png","2DBQDa6RfMIzDCGXVUeBJI1T5K4icgIr"
"s3://hcp-openaccess/HCP_1200/506234/MNINonLinear/Results/rfMRI_REST2_LR/rfMRI_REST2_LR_hp2000.ica/filtered_func_data.ica/report/IC_52_MM.html","506234","MNINonLinear//Results/rfMRI_REST2_LR/rfMRI_REST2_LR_hp2000.ica/filtered_func_data.ica/report/IC_52_MM.html","5dj7GnaatToxgRJRYR_WzQTzgx1hSct0"
"s3://hcp-openaccess/HCP_1200/506234/MNINonLinear/Results/rfMRI_REST2_LR/rfMRI_REST2_LR_hp2000.ica/filtered_func_data.ica/report/IC_52_MMfit.png","506234","MNINonLinear//Results/rfMRI_REST2_LR/rfMRI_REST2_LR_hp2000.ica/filtered_func_data.ica/report/IC_52_MMfit.png","p9g9OPc1jKFa3HTuVbGv_.2hcZqCC0Cl"
"s3://hcp-openaccess/HCP_1200/506234/MNINonLinear/Results/rfMRI_REST2_LR/rfMRI_REST2_LR_hp2000.ica/filtered_func_data.ica/report/IC_52_prob.png","506234","MNINonLinear//Results/rfMRI_REST2_LR/rfMRI_REST2_LR_hp2000.ica/filtered_func_data.ica/report/IC_52_prob.png","TL6CPqLHg.GBosIDn.V5y4OASq4QEbw."
"s3://hcp-openaccess/HCP_1200/506234/MNINonLinear/Results/rfMRI_REST2_LR/rfMRI_REST2_LR_hp2000.ica/filtered_func_data.ica/report/IC_52_thresh.png","506234","MNINonLinear//Results/rfMRI_REST2_LR/rfMRI_REST2_LR_hp2000.ica/filtered_func_data.ica/report/IC_52_thresh.png","u5YfC4ijskVAu8uhRzrGMWph8DvExVjy"
"s3://hcp-openaccess/HCP_1200/506234/MNINonLinear/Results/rfMRI_REST2_LR/rfMRI_REST2_LR_hp2000.ica/filtered_func_data.ica/report/IC_53.html","506234","MNINonLinear//Results/rfMRI_REST2_LR/rfMRI_REST2_LR_hp2000.ica/filtered_func_data.ica/report/IC_53.html","tZxyqB6JUwnZZ4223dnVzcu_zCVYtJmW"
"s3://hcp-openaccess/HCP_1200/506234/MNINonLinear/Results/rfMRI_REST2_LR/rfMRI_REST2_LR_hp2000.ica/filtered_func_data.ica/report/IC_53.png","506234","MNINonLinear//Results/rfMRI_REST2_LR/rfMRI_REST2_LR_hp2000.ica/filtered_func_data.ica/report/IC_53.png","DtnSmFtuTXXAib2kEyzWs_t6y0z9SnAX"
"s3://hcp-openaccess/HCP_1200/506234/MNINonLinear/Results/rfMRI_REST2_LR/rfMRI_REST2_LR_hp2000.ica/filtered_func_data.ica/report/IC_53_MM.html","506234","MNINonLinear//Results/rfMRI_REST2_LR/rfMRI_REST2_LR_hp2000.ica/filtered_func_data.ica/report/IC_53_MM.html","AZG7g1AL5u8Vx7JVZ9XRVifZx5ZILPBy"
"s3://hcp-openaccess/HCP_1200/506234/MNINonLinear/Results/rfMRI_REST2_LR/rfMRI_REST2_LR_hp2000.ica/filtered_func_data.ica/report/IC_53_MMfit.png","506234","MNINonLinear//Results/rfMRI_REST2_LR/rfMRI_REST2_LR_hp2000.ica/filtered_func_data.ica/report/IC_53_MMfit.png","d57jlQNmuJRNXToaW9zcNpXsdbCJSWTL"
"s3://hcp-openaccess/HCP_1200/506234/MNINonLinear/Results/rfMRI_REST2_LR/rfMRI_REST2_LR_hp2000.ica/filtered_func_data.ica/report/IC_53_prob.png","506234","MNINonLinear//Results/rfMRI_REST2_LR/rfMRI_REST2_LR_hp2000.ica/filtered_func_data.ica/report/IC_53_prob.png","cDKjQPjsTWJiSaBRDW5OT9WAR5rU2BZd"
"s3://hcp-openaccess/HCP_1200/506234/MNINonLinear/Results/rfMRI_REST2_LR/rfMRI_REST2_LR_hp2000.ica/filtered_func_data.ica/report/IC_53_thresh.png","506234","MNINonLinear//Results/rfMRI_REST2_LR/rfMRI_REST2_LR_hp2000.ica/filtered_func_data.ica/report/IC_53_thresh.png","Uh05umNRj5JxMBK6Q2jYDVqcaPVYcOmP"
"s3://hcp-openaccess/HCP_1200/506234/MNINonLinear/Results/rfMRI_REST2_LR/rfMRI_REST2_LR_hp2000.ica/filtered_func_data.ica/report/IC_54.html","506234","MNINonLinear//Results/rfMRI_REST2_LR/rfMRI_REST2_LR_hp2000.ica/filtered_func_data.ica/report/IC_54.html","r8vZUNz7LYoyo8ollFTHpIXv.la_QOX6"
"s3://hcp-openaccess/HCP_1200/506234/MNINonLinear/Results/rfMRI_REST2_LR/rfMRI_REST2_LR_hp2000.ica/filtered_func_data.ica/report/IC_54.png","506234","MNINonLinear//Results/rfMRI_REST2_LR/rfMRI_REST2_LR_hp2000.ica/filtered_func_data.ica/report/IC_54.png","vd5GTepY8EHLuSbyz8gnNPgGn78ufhRL"
"s3://hcp-openaccess/HCP_1200/506234/MNINonLinear/Results/rfMRI_REST2_LR/rfMRI_REST2_LR_hp2000.ica/filtered_func_data.ica/report/IC_54_MM.html","506234","MNINonLinear//Results/rfMRI_REST2_LR/rfMRI_REST2_LR_hp2000.ica/filtered_func_data.ica/report/IC_54_MM.html","ImOPXMJLVMIpTCfOT4GI041q31ToSxxg"
"s3://hcp-openaccess/HCP_1200/506234/MNINonLinear/Results/rfMRI_REST2_LR/rfMRI_REST2_LR_hp2000.ica/filtered_func_data.ica/report/IC_54_MMfit.png","506234","MNINonLinear//Results/rfMRI_REST2_LR/rfMRI_REST2_LR_hp2000.ica/filtered_func_data.ica/report/IC_54_MMfit.png","rbJr.7vdFihttRQhkDgdhBpQz3HpLZva"
"s3://hcp-openaccess/HCP_1200/506234/MNINonLinear/Results/rfMRI_REST2_LR/rfMRI_REST2_LR_hp2000.ica/filtered_func_data.ica/report/IC_54_prob.png","506234","MNINonLinear//Results/rfMRI_REST2_LR/rfMRI_REST2_LR_hp2000.ica/filtered_func_data.ica/report/IC_54_prob.png","HIPIriUYRXEc1N3BNYWxlvC.HsQXkzyU"
"s3://hcp-openaccess/HCP_1200/506234/MNINonLinear/Results/rfMRI_REST2_LR/rfMRI_REST2_LR_hp2000.ica/filtered_func_data.ica/report/IC_54_thresh.png","506234","MNINonLinear//Results/rfMRI_REST2_LR/rfMRI_REST2_LR_hp2000.ica/filtered_func_data.ica/report/IC_54_thresh.png","2UobUft9RD0AOTkOaUHcvkOEOLkwDqGa"
"s3://hcp-openaccess/HCP_1200/506234/MNINonLinear/Results/rfMRI_REST2_LR/rfMRI_REST2_LR_hp2000.ica/filtered_func_data.ica/report/IC_55.html","506234","MNINonLinear//Results/rfMRI_REST2_LR/rfMRI_REST2_LR_hp2000.ica/filtered_func_data.ica/report/IC_55.html","wMRJDS4upBicq5dqwY9HbkJ5LdDEEITh"
"s3://hcp-openaccess/HCP_1200/506234/MNINonLinear/Results/rfMRI_REST2_LR/rfMRI_REST2_LR_hp2000.ica/filtered_func_data.ica/report/IC_55.png","506234","MNINonLinear//Results/rfMRI_REST2_LR/rfMRI_REST2_LR_hp2000.ica/filtered_func_data.ica/report/IC_55.png","88Z6uiwB0CkBtf.a.ikCvCYxIUO8cmyR"
"s3://hcp-openaccess/HCP_1200/506234/MNINonLinear/Results/rfMRI_REST2_LR/rfMRI_REST2_LR_hp2000.ica/filtered_func_data.ica/report/IC_55_MM.html","506234","MNINonLinear//Results/rfMRI_REST2_LR/rfMRI_REST2_LR_hp2000.ica/filtered_func_data.ica/report/IC_55_MM.html","GL6SKaUMmxl2DoG2Csb66Qf4uB0NwpWr"
"s3://hcp-openaccess/HCP_1200/506234/MNINonLinear/Results/rfMRI_REST2_LR/rfMRI_REST2_LR_hp2000.ica/filtered_func_data.ica/report/IC_55_MMfit.png","506234","MNINonLinear//Results/rfMRI_REST2_LR/rfMRI_REST2_LR_hp2000.ica/filtered_func_data.ica/report/IC_55_MMfit.png","8RtAncTfFeoaF6d7hftdCtAboEZwaixg"
"s3://hcp-openaccess/HCP_1200/506234/MNINonLinear/Results/rfMRI_REST2_LR/rfMRI_REST2_LR_hp2000.ica/filtered_func_data.ica/report/IC_55_prob.png","506234","MNINonLinear//Results/rfMRI_REST2_LR/rfMRI_REST2_LR_hp2000.ica/filtered_func_data.ica/report/IC_55_prob.png","HwAWeEzrNAQbooG6Nl1778vJsJJ84dqq"
"s3://hcp-openaccess/HCP_1200/506234/MNINonLinear/Results/rfMRI_REST2_LR/rfMRI_REST2_LR_hp2000.ica/filtered_func_data.ica/report/IC_55_thresh.png","506234","MNINonLinear//Results/rfMRI_REST2_LR/rfMRI_REST2_LR_hp2000.ica/filtered_func_data.ica/report/IC_55_thresh.png","TspVQCDF6L8FFFnYzNPpgWVrKt_iMfuJ"
"s3://hcp-openaccess/HCP_1200/506234/MNINonLinear/Results/rfMRI_REST2_LR/rfMRI_REST2_LR_hp2000.ica/filtered_func_data.ica/report/IC_56.html","506234","MNINonLinear//Results/rfMRI_REST2_LR/rfMRI_REST2_LR_hp2000.ica/filtered_func_data.ica/report/IC_56.html","rCsQZiU0CHv8T7tDEbmWg6dMpCZk.Gzv"
"s3://hcp-openaccess/HCP_1200/506234/MNINonLinear/Results/rfMRI_REST2_LR/rfMRI_REST2_LR_hp2000.ica/filtered_func_data.ica/report/IC_56.png","506234","MNINonLinear//Results/rfMRI_REST2_LR/rfMRI_REST2_LR_hp2000.ica/filtered_func_data.ica/report/IC_56.png","4rNECEtmVynZaIsPp1CqwtQSxalKRNWC"
"s3://hcp-openaccess/HCP_1200/506234/MNINonLinear/Results/rfMRI_REST2_LR/rfMRI_REST2_LR_hp2000.ica/filtered_func_data.ica/report/IC_56_MM.html","506234","MNINonLinear//Results/rfMRI_REST2_LR/rfMRI_REST2_LR_hp2000.ica/filtered_func_data.ica/report/IC_56_MM.html","40Vf4Xe0G3M7vm0tp.JQ1FC0vu2HMTJW"
"s3://hcp-openaccess/HCP_1200/506234/MNINonLinear/Results/rfMRI_REST2_LR/rfMRI_REST2_LR_hp2000.ica/filtered_func_data.ica/report/IC_56_MMfit.png","506234","MNINonLinear//Results/rfMRI_REST2_LR/rfMRI_REST2_LR_hp2000.ica/filtered_func_data.ica/report/IC_56_MMfit.png","Qi0vQbM0QQsgho3HOO56z9j6rNj1z9Ce"
"s3://hcp-openaccess/HCP_1200/506234/MNINonLinear/Results/rfMRI_REST2_LR/rfMRI_REST2_LR_hp2000.ica/filtered_func_data.ica/report/IC_56_prob.png","506234","MNINonLinear//Results/rfMRI_REST2_LR/rfMRI_REST2_LR_hp2000.ica/filtered_func_data.ica/report/IC_56_prob.png","yW49IIDZhPyhFzim9ieuIh2xiE2tXsmJ"
"s3://hcp-openaccess/HCP_1200/506234/MNINonLinear/Results/rfMRI_REST2_LR/rfMRI_REST2_LR_hp2000.ica/filtered_func_data.ica/report/IC_56_thresh.png","506234","MNINonLinear//Results/rfMRI_REST2_LR/rfMRI_REST2_LR_hp2000.ica/filtered_func_data.ica/report/IC_56_thresh.png","ri0HTVdcFttL.QSrocQbw4OrDc0GQ6d2"
"s3://hcp-openaccess/HCP_1200/506234/MNINonLinear/Results/rfMRI_REST2_LR/rfMRI_REST2_LR_hp2000.ica/filtered_func_data.ica/report/IC_57.html","506234","MNINonLinear//Results/rfMRI_REST2_LR/rfMRI_REST2_LR_hp2000.ica/filtered_func_data.ica/report/IC_57.html","m3e_Y1.Oju4SKerrPxXtwYbNM_y.lUN7"
"s3://hcp-openaccess/HCP_1200/506234/MNINonLinear/Results/rfMRI_REST2_LR/rfMRI_REST2_LR_hp2000.ica/filtered_func_data.ica/report/IC_57.png","506234","MNINonLinear//Results/rfMRI_REST2_LR/rfMRI_REST2_LR_hp2000.ica/filtered_func_data.ica/report/IC_57.png","NkRL25iPk57hqrdWVgkTY_xBYEZdever"
"s3://hcp-openaccess/HCP_1200/506234/MNINonLinear/Results/rfMRI_REST2_LR/rfMRI_REST2_LR_hp2000.ica/filtered_func_data.ica/report/IC_57_MM.html","506234","MNINonLinear//Results/rfMRI_REST2_LR/rfMRI_REST2_LR_hp2000.ica/filtered_func_data.ica/report/IC_57_MM.html","Tv15.yNOYrAPc5HVNysTuRdCwytGa0aM"
"s3://hcp-openaccess/HCP_1200/506234/MNINonLinear/Results/rfMRI_REST2_LR/rfMRI_REST2_LR_hp2000.ica/filtered_func_data.ica/report/IC_57_MMfit.png","506234","MNINonLinear//Results/rfMRI_REST2_LR/rfMRI_REST2_LR_hp2000.ica/filtered_func_data.ica/report/IC_57_MMfit.png","Q_x.0Q__xl7PGML6c1v8kaWoiaJVqtgJ"
"s3://hcp-openaccess/HCP_1200/506234/MNINonLinear/Results/rfMRI_REST2_LR/rfMRI_REST2_LR_hp2000.ica/filtered_func_data.ica/report/IC_57_prob.png","506234","MNINonLinear//Results/rfMRI_REST2_LR/rfMRI_REST2_LR_hp2000.ica/filtered_func_data.ica/report/IC_57_prob.png","T4rQqCaH4qxAtNuQdivSiYNmkaG9n7Cy"
"s3://hcp-openaccess/HCP_1200/506234/MNINonLinear/Results/rfMRI_REST2_LR/rfMRI_REST2_LR_hp2000.ica/filtered_func_data.ica/report/IC_57_thresh.png","506234","MNINonLinear//Results/rfMRI_REST2_LR/rfMRI_REST2_LR_hp2000.ica/filtered_func_data.ica/report/IC_57_thresh.png","00aKmlEif9hnQpD7amValjzMYukHjNH_"
"s3://hcp-openaccess/HCP_1200/506234/MNINonLinear/Results/rfMRI_REST2_LR/rfMRI_REST2_LR_hp2000.ica/filtered_func_data.ica/report/IC_58.html","506234","MNINonLinear//Results/rfMRI_REST2_LR/rfMRI_REST2_LR_hp2000.ica/filtered_func_data.ica/report/IC_58.html","YTW29AjZcokSSsjNLF8pjjtJlV3j69o2"
"s3://hcp-openaccess/HCP_1200/506234/MNINonLinear/Results/rfMRI_REST2_LR/rfMRI_REST2_LR_hp2000.ica/filtered_func_data.ica/report/IC_58.png","506234","MNINonLinear//Results/rfMRI_REST2_LR/rfMRI_REST2_LR_hp2000.ica/filtered_func_data.ica/report/IC_58.png","4Au.DMewWQ8EKVuUPyfuNv8eWGthJ24M"
"s3://hcp-openaccess/HCP_1200/506234/MNINonLinear/Results/rfMRI_REST2_LR/rfMRI_REST2_LR_hp2000.ica/filtered_func_data.ica/report/IC_58_MM.html","506234","MNINonLinear//Results/rfMRI_REST2_LR/rfMRI_REST2_LR_hp2000.ica/filtered_func_data.ica/report/IC_58_MM.html","wjydjZDibeE0wqqdkEatgCw.choY.pgS"
"s3://hcp-openaccess/HCP_1200/506234/MNINonLinear/Results/rfMRI_REST2_LR/rfMRI_REST2_LR_hp2000.ica/filtered_func_data.ica/report/IC_58_MMfit.png","506234","MNINonLinear//Results/rfMRI_REST2_LR/rfMRI_REST2_LR_hp2000.ica/filtered_func_data.ica/report/IC_58_MMfit.png","Xv.6cWiO_H2GckseXxRyf.stqJxIHC6K"
"s3://hcp-openaccess/HCP_1200/506234/MNINonLinear/Results/rfMRI_REST2_LR/rfMRI_REST2_LR_hp2000.ica/filtered_func_data.ica/report/IC_58_prob.png","506234","MNINonLinear//Results/rfMRI_REST2_LR/rfMRI_REST2_LR_hp2000.ica/filtered_func_data.ica/report/IC_58_prob.png","_Wkh2LcinbaPqBHVm9b7UqcFJ7ydHxHh"
"s3://hcp-openaccess/HCP_1200/506234/MNINonLinear/Results/rfMRI_REST2_LR/rfMRI_REST2_LR_hp2000.ica/filtered_func_data.ica/report/IC_58_thresh.png","506234","MNINonLinear//Results/rfMRI_REST2_LR/rfMRI_REST2_LR_hp2000.ica/filtered_func_data.ica/report/IC_58_thresh.png","uCyUisaUap4ky8SXWXsnmi8w09KHN8lV"
"s3://hcp-openaccess/HCP_1200/506234/MNINonLinear/Results/rfMRI_REST2_LR/rfMRI_REST2_LR_hp2000.ica/filtered_func_data.ica/report/IC_59.html","506234","MNINonLinear//Results/rfMRI_REST2_LR/rfMRI_REST2_LR_hp2000.ica/filtered_func_data.ica/report/IC_59.html","7aU3ryCTA2_LAljoPWcdyXck5XBtTEhR"
"s3://hcp-openaccess/HCP_1200/506234/MNINonLinear/Results/rfMRI_REST2_LR/rfMRI_REST2_LR_hp2000.ica/filtered_func_data.ica/report/IC_59.png","506234","MNINonLinear//Results/rfMRI_REST2_LR/rfMRI_REST2_LR_hp2000.ica/filtered_func_data.ica/report/IC_59.png","8WQ3jNiK1ut5P7pAPyh44ze1lvJ448bt"
"s3://hcp-openaccess/HCP_1200/506234/MNINonLinear/Results/rfMRI_REST2_LR/rfMRI_REST2_LR_hp2000.ica/filtered_func_data.ica/report/IC_59_MM.html","506234","MNINonLinear//Results/rfMRI_REST2_LR/rfMRI_REST2_LR_hp2000.ica/filtered_func_data.ica/report/IC_59_MM.html","EBMLSiUi049JSSJzP1fzEoXrig.02ToW"
"s3://hcp-openaccess/HCP_1200/506234/MNINonLinear/Results/rfMRI_REST2_LR/rfMRI_REST2_LR_hp2000.ica/filtered_func_data.ica/report/IC_59_MMfit.png","506234","MNINonLinear//Results/rfMRI_REST2_LR/rfMRI_REST2_LR_hp2000.ica/filtered_func_data.ica/report/IC_59_MMfit.png","700JxSuWB7yAWPGf0f3.ftax4jNQhd0V"
"s3://hcp-openaccess/HCP_1200/506234/MNINonLinear/Results/rfMRI_REST2_LR/rfMRI_REST2_LR_hp2000.ica/filtered_func_data.ica/report/IC_59_prob.png","506234","MNINonLinear//Results/rfMRI_REST2_LR/rfMRI_REST2_LR_hp2000.ica/filtered_func_data.ica/report/IC_59_prob.png","_ihR3nHrJYZPzpqlJq_SFBA2ue7Eggtk"
"s3://hcp-openaccess/HCP_1200/506234/MNINonLinear/Results/rfMRI_REST2_LR/rfMRI_REST2_LR_hp2000.ica/filtered_func_data.ica/report/IC_59_thresh.png","506234","MNINonLinear//Results/rfMRI_REST2_LR/rfMRI_REST2_LR_hp2000.ica/filtered_func_data.ica/report/IC_59_thresh.png","wEoaRBG4PbS.6P2DNHT2dX2GL.svgeEC"
"s3://hcp-openaccess/HCP_1200/506234/MNINonLinear/Results/rfMRI_REST2_LR/rfMRI_REST2_LR_hp2000.ica/filtered_func_data.ica/report/IC_5_MM.html","506234","MNINonLinear//Results/rfMRI_REST2_LR/rfMRI_REST2_LR_hp2000.ica/filtered_func_data.ica/report/IC_5_MM.html","Fgr4IDBbS14elcm93d1c9rweGalo6Byj"
"s3://hcp-openaccess/HCP_1200/506234/MNINonLinear/Results/rfMRI_REST2_LR/rfMRI_REST2_LR_hp2000.ica/filtered_func_data.ica/report/IC_5_MMfit.png","506234","MNINonLinear//Results/rfMRI_REST2_LR/rfMRI_REST2_LR_hp2000.ica/filtered_func_data.ica/report/IC_5_MMfit.png","Hua8JkYpGZwbTbfnVvlKOVsQlj5DfkXc"
"s3://hcp-openaccess/HCP_1200/506234/MNINonLinear/Results/rfMRI_REST2_LR/rfMRI_REST2_LR_hp2000.ica/filtered_func_data.ica/report/IC_5_prob.png","506234","MNINonLinear//Results/rfMRI_REST2_LR/rfMRI_REST2_LR_hp2000.ica/filtered_func_data.ica/report/IC_5_prob.png","6M27yTZr7GUWvynC.0cYpRF_4KXgpw_M"
"s3://hcp-openaccess/HCP_1200/506234/MNINonLinear/Results/rfMRI_REST2_LR/rfMRI_REST2_LR_hp2000.ica/filtered_func_data.ica/report/IC_5_thresh.png","506234","MNINonLinear//Results/rfMRI_REST2_LR/rfMRI_REST2_LR_hp2000.ica/filtered_func_data.ica/report/IC_5_thresh.png","zKKEsVcteL2l3QiDPRXwr3bkWr2HiPoA"
"s3://hcp-openaccess/HCP_1200/506234/MNINonLinear/Results/rfMRI_REST2_LR/rfMRI_REST2_LR_hp2000.ica/filtered_func_data.ica/report/IC_6.html","506234","MNINonLinear//Results/rfMRI_REST2_LR/rfMRI_REST2_LR_hp2000.ica/filtered_func_data.ica/report/IC_6.html","VE0oltg7feln.ffQP8ju4hZlLg4I4Jth"
"s3://hcp-openaccess/HCP_1200/506234/MNINonLinear/Results/rfMRI_REST2_LR/rfMRI_REST2_LR_hp2000.ica/filtered_func_data.ica/report/IC_6.png","506234","MNINonLinear//Results/rfMRI_REST2_LR/rfMRI_REST2_LR_hp2000.ica/filtered_func_data.ica/report/IC_6.png","ssWi6LgxQuWTwvWRDeL8yzZFz3rlE75I"
"s3://hcp-openaccess/HCP_1200/506234/MNINonLinear/Results/rfMRI_REST2_LR/rfMRI_REST2_LR_hp2000.ica/filtered_func_data.ica/report/IC_60.html","506234","MNINonLinear//Results/rfMRI_REST2_LR/rfMRI_REST2_LR_hp2000.ica/filtered_func_data.ica/report/IC_60.html","4Q.a38RGpgopijh_byogLz5dvPVclXdA"
"s3://hcp-openaccess/HCP_1200/506234/MNINonLinear/Results/rfMRI_REST2_LR/rfMRI_REST2_LR_hp2000.ica/filtered_func_data.ica/report/IC_60.png","506234","MNINonLinear//Results/rfMRI_REST2_LR/rfMRI_REST2_LR_hp2000.ica/filtered_func_data.ica/report/IC_60.png","qAKvAUkld1_GZgl5h7vK4lpwAMxWYmmN"
"s3://hcp-openaccess/HCP_1200/506234/MNINonLinear/Results/rfMRI_REST2_LR/rfMRI_REST2_LR_hp2000.ica/filtered_func_data.ica/report/IC_60_MM.html","506234","MNINonLinear//Results/rfMRI_REST2_LR/rfMRI_REST2_LR_hp2000.ica/filtered_func_data.ica/report/IC_60_MM.html","_N.PG9yrokpZAo.8qmqoX7_Hd.0cw71Y"
"s3://hcp-openaccess/HCP_1200/506234/MNINonLinear/Results/rfMRI_REST2_LR/rfMRI_REST2_LR_hp2000.ica/filtered_func_data.ica/report/IC_60_MMfit.png","506234","MNINonLinear//Results/rfMRI_REST2_LR/rfMRI_REST2_LR_hp2000.ica/filtered_func_data.ica/report/IC_60_MMfit.png","DM9e_zDhvaTm7j1_Lf8ww9e2pqwNON6L"
"s3://hcp-openaccess/HCP_1200/506234/MNINonLinear/Results/rfMRI_REST2_LR/rfMRI_REST2_LR_hp2000.ica/filtered_func_data.ica/report/IC_60_prob.png","506234","MNINonLinear//Results/rfMRI_REST2_LR/rfMRI_REST2_LR_hp2000.ica/filtered_func_data.ica/report/IC_60_prob.png","hEMNMk0oIovGU80amTgQiuR3oV3dHpR4"
"s3://hcp-openaccess/HCP_1200/506234/MNINonLinear/Results/rfMRI_REST2_LR/rfMRI_REST2_LR_hp2000.ica/filtered_func_data.ica/report/IC_60_thresh.png","506234","MNINonLinear//Results/rfMRI_REST2_LR/rfMRI_REST2_LR_hp2000.ica/filtered_func_data.ica/report/IC_60_thresh.png","4Orqn8wGEpaFuAfNuERU9i7M6sGcmKCc"
"s3://hcp-openaccess/HCP_1200/506234/MNINonLinear/Results/rfMRI_REST2_LR/rfMRI_REST2_LR_hp2000.ica/filtered_func_data.ica/report/IC_61.html","506234","MNINonLinear//Results/rfMRI_REST2_LR/rfMRI_REST2_LR_hp2000.ica/filtered_func_data.ica/report/IC_61.html","EH9tZLzoAzgj819xeyuXc33NVieaqmKF"
"s3://hcp-openaccess/HCP_1200/506234/MNINonLinear/Results/rfMRI_REST2_LR/rfMRI_REST2_LR_hp2000.ica/filtered_func_data.ica/report/IC_61.png","506234","MNINonLinear//Results/rfMRI_REST2_LR/rfMRI_REST2_LR_hp2000.ica/filtered_func_data.ica/report/IC_61.png","o6XSfUGJG1F8ufR4dCHG4ML2ATXM5f27"
"s3://hcp-openaccess/HCP_1200/506234/MNINonLinear/Results/rfMRI_REST2_LR/rfMRI_REST2_LR_hp2000.ica/filtered_func_data.ica/report/IC_61_MM.html","506234","MNINonLinear//Results/rfMRI_REST2_LR/rfMRI_REST2_LR_hp2000.ica/filtered_func_data.ica/report/IC_61_MM.html","ckYCpn_Omx2wXHw37ZR2IkJbRp88HIrl"
"s3://hcp-openaccess/HCP_1200/506234/MNINonLinear/Results/rfMRI_REST2_LR/rfMRI_REST2_LR_hp2000.ica/filtered_func_data.ica/report/IC_61_MMfit.png","506234","MNINonLinear//Results/rfMRI_REST2_LR/rfMRI_REST2_LR_hp2000.ica/filtered_func_data.ica/report/IC_61_MMfit.png","oYtyalsfW.O6kE.fnmmhR_NZvqxC9TlL"
"s3://hcp-openaccess/HCP_1200/506234/MNINonLinear/Results/rfMRI_REST2_LR/rfMRI_REST2_LR_hp2000.ica/filtered_func_data.ica/report/IC_61_prob.png","506234","MNINonLinear//Results/rfMRI_REST2_LR/rfMRI_REST2_LR_hp2000.ica/filtered_func_data.ica/report/IC_61_prob.png","hGGkcg7RmKCxBL4BwurdU6.l0.mvCplG"
"s3://hcp-openaccess/HCP_1200/506234/MNINonLinear/Results/rfMRI_REST2_LR/rfMRI_REST2_LR_hp2000.ica/filtered_func_data.ica/report/IC_61_thresh.png","506234","MNINonLinear//Results/rfMRI_REST2_LR/rfMRI_REST2_LR_hp2000.ica/filtered_func_data.ica/report/IC_61_thresh.png","B8clJD8L.qj28PCYxS.2a058c49wU1dQ"
"s3://hcp-openaccess/HCP_1200/506234/MNINonLinear/Results/rfMRI_REST2_LR/rfMRI_REST2_LR_hp2000.ica/filtered_func_data.ica/report/IC_62.html","506234","MNINonLinear//Results/rfMRI_REST2_LR/rfMRI_REST2_LR_hp2000.ica/filtered_func_data.ica/report/IC_62.html","jc3xSQBVcjrbEubFQ1zbYwOKnj9BGdva"
"s3://hcp-openaccess/HCP_1200/506234/MNINonLinear/Results/rfMRI_REST2_LR/rfMRI_REST2_LR_hp2000.ica/filtered_func_data.ica/report/IC_62.png","506234","MNINonLinear//Results/rfMRI_REST2_LR/rfMRI_REST2_LR_hp2000.ica/filtered_func_data.ica/report/IC_62.png","qYby0Ynx7xKrTDeHprvqDoZqFAAR8o6Y"
"s3://hcp-openaccess/HCP_1200/506234/MNINonLinear/Results/rfMRI_REST2_LR/rfMRI_REST2_LR_hp2000.ica/filtered_func_data.ica/report/IC_62_MM.html","506234","MNINonLinear//Results/rfMRI_REST2_LR/rfMRI_REST2_LR_hp2000.ica/filtered_func_data.ica/report/IC_62_MM.html","wY5vaWhrb7PdC0cjRhd5U9fD2Ip4JyTJ"
"s3://hcp-openaccess/HCP_1200/506234/MNINonLinear/Results/rfMRI_REST2_LR/rfMRI_REST2_LR_hp2000.ica/filtered_func_data.ica/report/IC_62_MMfit.png","506234","MNINonLinear//Results/rfMRI_REST2_LR/rfMRI_REST2_LR_hp2000.ica/filtered_func_data.ica/report/IC_62_MMfit.png","XMS7WAjYTJfBKMDGdFiW.icYMJZ1kasj"
"s3://hcp-openaccess/HCP_1200/506234/MNINonLinear/Results/rfMRI_REST2_LR/rfMRI_REST2_LR_hp2000.ica/filtered_func_data.ica/report/IC_62_prob.png","506234","MNINonLinear//Results/rfMRI_REST2_LR/rfMRI_REST2_LR_hp2000.ica/filtered_func_data.ica/report/IC_62_prob.png","QrG3LiUi2SM.8ww2Kv0uH4mY5nzgaIQ9"
"s3://hcp-openaccess/HCP_1200/506234/MNINonLinear/Results/rfMRI_REST2_LR/rfMRI_REST2_LR_hp2000.ica/filtered_func_data.ica/report/IC_62_thresh.png","506234","MNINonLinear//Results/rfMRI_REST2_LR/rfMRI_REST2_LR_hp2000.ica/filtered_func_data.ica/report/IC_62_thresh.png","bcQOuxc9TlRm3LXtou_kVPW0SS5tlpvp"
"s3://hcp-openaccess/HCP_1200/506234/MNINonLinear/Results/rfMRI_REST2_LR/rfMRI_REST2_LR_hp2000.ica/filtered_func_data.ica/report/IC_63.html","506234","MNINonLinear//Results/rfMRI_REST2_LR/rfMRI_REST2_LR_hp2000.ica/filtered_func_data.ica/report/IC_63.html","eWdCnppn_FL6IC58mTC_sUT6jWQotkC7"
"s3://hcp-openaccess/HCP_1200/506234/MNINonLinear/Results/rfMRI_REST2_LR/rfMRI_REST2_LR_hp2000.ica/filtered_func_data.ica/report/IC_63.png","506234","MNINonLinear//Results/rfMRI_REST2_LR/rfMRI_REST2_LR_hp2000.ica/filtered_func_data.ica/report/IC_63.png","6okGtpa9TvCabZVyUo9kDCNI9awNLFAP"
"s3://hcp-openaccess/HCP_1200/506234/MNINonLinear/Results/rfMRI_REST2_LR/rfMRI_REST2_LR_hp2000.ica/filtered_func_data.ica/report/IC_63_MM.html","506234","MNINonLinear//Results/rfMRI_REST2_LR/rfMRI_REST2_LR_hp2000.ica/filtered_func_data.ica/report/IC_63_MM.html","wJsIMXzJF1mQrVjrI30N8skpDrHhac4J"
"s3://hcp-openaccess/HCP_1200/506234/MNINonLinear/Results/rfMRI_REST2_LR/rfMRI_REST2_LR_hp2000.ica/filtered_func_data.ica/report/IC_63_MMfit.png","506234","MNINonLinear//Results/rfMRI_REST2_LR/rfMRI_REST2_LR_hp2000.ica/filtered_func_data.ica/report/IC_63_MMfit.png","JaP5cpgloiPSCon_7HRs4ep0FpHBpuMA"
"s3://hcp-openaccess/HCP_1200/506234/MNINonLinear/Results/rfMRI_REST2_LR/rfMRI_REST2_LR_hp2000.ica/filtered_func_data.ica/report/IC_63_prob.png","506234","MNINonLinear//Results/rfMRI_REST2_LR/rfMRI_REST2_LR_hp2000.ica/filtered_func_data.ica/report/IC_63_prob.png","1UnU6Nv7TOPgIdqFWGj2U.qdxjXJqjrb"
"s3://hcp-openaccess/HCP_1200/506234/MNINonLinear/Results/rfMRI_REST2_LR/rfMRI_REST2_LR_hp2000.ica/filtered_func_data.ica/report/IC_63_thresh.png","506234","MNINonLinear//Results/rfMRI_REST2_LR/rfMRI_REST2_LR_hp2000.ica/filtered_func_data.ica/report/IC_63_thresh.png","a5PHq6mMp0mVBCHzW7STaCpnzyYHV40j"
"s3://hcp-openaccess/HCP_1200/506234/MNINonLinear/Results/rfMRI_REST2_LR/rfMRI_REST2_LR_hp2000.ica/filtered_func_data.ica/report/IC_64.html","506234","MNINonLinear//Results/rfMRI_REST2_LR/rfMRI_REST2_LR_hp2000.ica/filtered_func_data.ica/report/IC_64.html","lvYuNg_l.olcaoteR0nN6AdXLT0Sd5fQ"
"s3://hcp-openaccess/HCP_1200/506234/MNINonLinear/Results/rfMRI_REST2_LR/rfMRI_REST2_LR_hp2000.ica/filtered_func_data.ica/report/IC_64.png","506234","MNINonLinear//Results/rfMRI_REST2_LR/rfMRI_REST2_LR_hp2000.ica/filtered_func_data.ica/report/IC_64.png","lQTuzXmIgDBqZdekGrmXx9nx2F58X7jC"
"s3://hcp-openaccess/HCP_1200/506234/MNINonLinear/Results/rfMRI_REST2_LR/rfMRI_REST2_LR_hp2000.ica/filtered_func_data.ica/report/IC_64_MM.html","506234","MNINonLinear//Results/rfMRI_REST2_LR/rfMRI_REST2_LR_hp2000.ica/filtered_func_data.ica/report/IC_64_MM.html","kdX2b1gb4FJi8v1K7j8d5AHpVIm9NI2r"
"s3://hcp-openaccess/HCP_1200/506234/MNINonLinear/Results/rfMRI_REST2_LR/rfMRI_REST2_LR_hp2000.ica/filtered_func_data.ica/report/IC_64_MMfit.png","506234","MNINonLinear//Results/rfMRI_REST2_LR/rfMRI_REST2_LR_hp2000.ica/filtered_func_data.ica/report/IC_64_MMfit.png","Nkg8v1NdB6zYQvwSAONJMp2MYmBcmQeG"
"s3://hcp-openaccess/HCP_1200/506234/MNINonLinear/Results/rfMRI_REST2_LR/rfMRI_REST2_LR_hp2000.ica/filtered_func_data.ica/report/IC_64_prob.png","506234","MNINonLinear//Results/rfMRI_REST2_LR/rfMRI_REST2_LR_hp2000.ica/filtered_func_data.ica/report/IC_64_prob.png","pcPbPqB3e7Bs8phlq60aFNeBt19MR7nH"
"s3://hcp-openaccess/HCP_1200/506234/MNINonLinear/Results/rfMRI_REST2_LR/rfMRI_REST2_LR_hp2000.ica/filtered_func_data.ica/report/IC_64_thresh.png","506234","MNINonLinear//Results/rfMRI_REST2_LR/rfMRI_REST2_LR_hp2000.ica/filtered_func_data.ica/report/IC_64_thresh.png","StXe_NEQI44iSU_55koFB7TIumiyRxTi"
"s3://hcp-openaccess/HCP_1200/506234/MNINonLinear/Results/rfMRI_REST2_LR/rfMRI_REST2_LR_hp2000.ica/filtered_func_data.ica/report/IC_65.html","506234","MNINonLinear//Results/rfMRI_REST2_LR/rfMRI_REST2_LR_hp2000.ica/filtered_func_data.ica/report/IC_65.html","8U1d.IwFI79H2NloENiBoEcXvGkRw7C9"
"s3://hcp-openaccess/HCP_1200/506234/MNINonLinear/Results/rfMRI_REST2_LR/rfMRI_REST2_LR_hp2000.ica/filtered_func_data.ica/report/IC_65.png","506234","MNINonLinear//Results/rfMRI_REST2_LR/rfMRI_REST2_LR_hp2000.ica/filtered_func_data.ica/report/IC_65.png","HT89qHm9rfbe6outJyQQc3Jcfzl3GdL_"
"s3://hcp-openaccess/HCP_1200/506234/MNINonLinear/Results/rfMRI_REST2_LR/rfMRI_REST2_LR_hp2000.ica/filtered_func_data.ica/report/IC_65_MM.html","506234","MNINonLinear//Results/rfMRI_REST2_LR/rfMRI_REST2_LR_hp2000.ica/filtered_func_data.ica/report/IC_65_MM.html","nvfPJKT84NfScUDLohH7vN_U7fRcHH9v"
"s3://hcp-openaccess/HCP_1200/506234/MNINonLinear/Results/rfMRI_REST2_LR/rfMRI_REST2_LR_hp2000.ica/filtered_func_data.ica/report/IC_65_MMfit.png","506234","MNINonLinear//Results/rfMRI_REST2_LR/rfMRI_REST2_LR_hp2000.ica/filtered_func_data.ica/report/IC_65_MMfit.png","f.AWg5PUQ9DaaDrJHUSztXSPSsynnr0X"
"s3://hcp-openaccess/HCP_1200/506234/MNINonLinear/Results/rfMRI_REST2_LR/rfMRI_REST2_LR_hp2000.ica/filtered_func_data.ica/report/IC_65_prob.png","506234","MNINonLinear//Results/rfMRI_REST2_LR/rfMRI_REST2_LR_hp2000.ica/filtered_func_data.ica/report/IC_65_prob.png","mD5C6spMeST.xMuhKjnVqC.yNzP7kkI1"
"s3://hcp-openaccess/HCP_1200/506234/MNINonLinear/Results/rfMRI_REST2_LR/rfMRI_REST2_LR_hp2000.ica/filtered_func_data.ica/report/IC_65_thresh.png","506234","MNINonLinear//Results/rfMRI_REST2_LR/rfMRI_REST2_LR_hp2000.ica/filtered_func_data.ica/report/IC_65_thresh.png","e2rda05PRZmZ_Lgkgx2AAOg_5d2FejfJ"
"s3://hcp-openaccess/HCP_1200/506234/MNINonLinear/Results/rfMRI_REST2_LR/rfMRI_REST2_LR_hp2000.ica/filtered_func_data.ica/report/IC_66.html","506234","MNINonLinear//Results/rfMRI_REST2_LR/rfMRI_REST2_LR_hp2000.ica/filtered_func_data.ica/report/IC_66.html","GG_GQuvR4.8THfanYoaz0QUG0eRGErRC"
"s3://hcp-openaccess/HCP_1200/506234/MNINonLinear/Results/rfMRI_REST2_LR/rfMRI_REST2_LR_hp2000.ica/filtered_func_data.ica/report/IC_66.png","506234","MNINonLinear//Results/rfMRI_REST2_LR/rfMRI_REST2_LR_hp2000.ica/filtered_func_data.ica/report/IC_66.png","ZyPM.vuPPXaJstHzCMRZMUE1NQifX3qR"
"s3://hcp-openaccess/HCP_1200/506234/MNINonLinear/Results/rfMRI_REST2_LR/rfMRI_REST2_LR_hp2000.ica/filtered_func_data.ica/report/IC_66_MM.html","506234","MNINonLinear//Results/rfMRI_REST2_LR/rfMRI_REST2_LR_hp2000.ica/filtered_func_data.ica/report/IC_66_MM.html","qHBjmRiQ7X_rlMY_UDI1qedRVALQzFyL"
"s3://hcp-openaccess/HCP_1200/506234/MNINonLinear/Results/rfMRI_REST2_LR/rfMRI_REST2_LR_hp2000.ica/filtered_func_data.ica/report/IC_66_MMfit.png","506234","MNINonLinear//Results/rfMRI_REST2_LR/rfMRI_REST2_LR_hp2000.ica/filtered_func_data.ica/report/IC_66_MMfit.png","i4fhS.tJ03.MkIt5jK6G3SoKaZjK_mTY"
"s3://hcp-openaccess/HCP_1200/506234/MNINonLinear/Results/rfMRI_REST2_LR/rfMRI_REST2_LR_hp2000.ica/filtered_func_data.ica/report/IC_66_prob.png","506234","MNINonLinear//Results/rfMRI_REST2_LR/rfMRI_REST2_LR_hp2000.ica/filtered_func_data.ica/report/IC_66_prob.png","IA6cRgcXkdsGXbEmG2wqH7YoFALVqrD6"
"s3://hcp-openaccess/HCP_1200/506234/MNINonLinear/Results/rfMRI_REST2_LR/rfMRI_REST2_LR_hp2000.ica/filtered_func_data.ica/report/IC_66_thresh.png","506234","MNINonLinear//Results/rfMRI_REST2_LR/rfMRI_REST2_LR_hp2000.ica/filtered_func_data.ica/report/IC_66_thresh.png","0xEfkWyhrXGUtdTpsqlvJ4eXvYttwTdi"
"s3://hcp-openaccess/HCP_1200/506234/MNINonLinear/Results/rfMRI_REST2_LR/rfMRI_REST2_LR_hp2000.ica/filtered_func_data.ica/report/IC_67.html","506234","MNINonLinear//Results/rfMRI_REST2_LR/rfMRI_REST2_LR_hp2000.ica/filtered_func_data.ica/report/IC_67.html","Mw6IfpCtklAw1_TRATAbv0DQ2pTdpoOI"
"s3://hcp-openaccess/HCP_1200/506234/MNINonLinear/Results/rfMRI_REST2_LR/rfMRI_REST2_LR_hp2000.ica/filtered_func_data.ica/report/IC_67.png","506234","MNINonLinear//Results/rfMRI_REST2_LR/rfMRI_REST2_LR_hp2000.ica/filtered_func_data.ica/report/IC_67.png","928IgqUKaCUuMT270Rs2euj2Zii6hlfi"
"s3://hcp-openaccess/HCP_1200/506234/MNINonLinear/Results/rfMRI_REST2_LR/rfMRI_REST2_LR_hp2000.ica/filtered_func_data.ica/report/IC_67_MM.html","506234","MNINonLinear//Results/rfMRI_REST2_LR/rfMRI_REST2_LR_hp2000.ica/filtered_func_data.ica/report/IC_67_MM.html","B.rI0G5BLtjgsJlmnscLVdAEy.Qbq8zj"
"s3://hcp-openaccess/HCP_1200/506234/MNINonLinear/Results/rfMRI_REST2_LR/rfMRI_REST2_LR_hp2000.ica/filtered_func_data.ica/report/IC_67_MMfit.png","506234","MNINonLinear//Results/rfMRI_REST2_LR/rfMRI_REST2_LR_hp2000.ica/filtered_func_data.ica/report/IC_67_MMfit.png","67mAhZN9GRrPCVB9IOTX8EfkWbNuS43D"
"s3://hcp-openaccess/HCP_1200/506234/MNINonLinear/Results/rfMRI_REST2_LR/rfMRI_REST2_LR_hp2000.ica/filtered_func_data.ica/report/IC_67_prob.png","506234","MNINonLinear//Results/rfMRI_REST2_LR/rfMRI_REST2_LR_hp2000.ica/filtered_func_data.ica/report/IC_67_prob.png","CFioEEavTjuIwXHIzupFbHvZAlsKcAwl"
"s3://hcp-openaccess/HCP_1200/506234/MNINonLinear/Results/rfMRI_REST2_LR/rfMRI_REST2_LR_hp2000.ica/filtered_func_data.ica/report/IC_67_thresh.png","506234","MNINonLinear//Results/rfMRI_REST2_LR/rfMRI_REST2_LR_hp2000.ica/filtered_func_data.ica/report/IC_67_thresh.png","oNVErYOV0ltZuyneMtN70cKf2om1j13A"
"s3://hcp-openaccess/HCP_1200/506234/MNINonLinear/Results/rfMRI_REST2_LR/rfMRI_REST2_LR_hp2000.ica/filtered_func_data.ica/report/IC_68.html","506234","MNINonLinear//Results/rfMRI_REST2_LR/rfMRI_REST2_LR_hp2000.ica/filtered_func_data.ica/report/IC_68.html","ktiN12ui9MK6um5PR_KuVni4lezQJcTZ"
"s3://hcp-openaccess/HCP_1200/506234/MNINonLinear/Results/rfMRI_REST2_LR/rfMRI_REST2_LR_hp2000.ica/filtered_func_data.ica/report/IC_68.png","506234","MNINonLinear//Results/rfMRI_REST2_LR/rfMRI_REST2_LR_hp2000.ica/filtered_func_data.ica/report/IC_68.png","CtihwzE870jSqj2fr8_8Nje8HNmDN.eN"
"s3://hcp-openaccess/HCP_1200/506234/MNINonLinear/Results/rfMRI_REST2_LR/rfMRI_REST2_LR_hp2000.ica/filtered_func_data.ica/report/IC_68_MM.html","506234","MNINonLinear//Results/rfMRI_REST2_LR/rfMRI_REST2_LR_hp2000.ica/filtered_func_data.ica/report/IC_68_MM.html","su6sjtNXq7WQjwjcxvqATFG6hatdaD1H"
"s3://hcp-openaccess/HCP_1200/506234/MNINonLinear/Results/rfMRI_REST2_LR/rfMRI_REST2_LR_hp2000.ica/filtered_func_data.ica/report/IC_68_MMfit.png","506234","MNINonLinear//Results/rfMRI_REST2_LR/rfMRI_REST2_LR_hp2000.ica/filtered_func_data.ica/report/IC_68_MMfit.png","Bj2tyfKbvPVM0qluM6AQuwHD3_S1Bhtf"
"s3://hcp-openaccess/HCP_1200/506234/MNINonLinear/Results/rfMRI_REST2_LR/rfMRI_REST2_LR_hp2000.ica/filtered_func_data.ica/report/IC_68_prob.png","506234","MNINonLinear//Results/rfMRI_REST2_LR/rfMRI_REST2_LR_hp2000.ica/filtered_func_data.ica/report/IC_68_prob.png","tukJalB0bbfAZSGNTzTDzAsf2FwpUV.a"
"s3://hcp-openaccess/HCP_1200/506234/MNINonLinear/Results/rfMRI_REST2_LR/rfMRI_REST2_LR_hp2000.ica/filtered_func_data.ica/report/IC_68_thresh.png","506234","MNINonLinear//Results/rfMRI_REST2_LR/rfMRI_REST2_LR_hp2000.ica/filtered_func_data.ica/report/IC_68_thresh.png","6iNNiI96a5t9UOQkt1yOrqltyDzX99A9"
"s3://hcp-openaccess/HCP_1200/506234/MNINonLinear/Results/rfMRI_REST2_LR/rfMRI_REST2_LR_hp2000.ica/filtered_func_data.ica/report/IC_69.html","506234","MNINonLinear//Results/rfMRI_REST2_LR/rfMRI_REST2_LR_hp2000.ica/filtered_func_data.ica/report/IC_69.html","VwwTu1yJ4md9FASnNK3t8trdtmEa_6t1"
"s3://hcp-openaccess/HCP_1200/506234/MNINonLinear/Results/rfMRI_REST2_LR/rfMRI_REST2_LR_hp2000.ica/filtered_func_data.ica/report/IC_69.png","506234","MNINonLinear//Results/rfMRI_REST2_LR/rfMRI_REST2_LR_hp2000.ica/filtered_func_data.ica/report/IC_69.png","TDA32XiQxAd_Pu4vgOelIzwY0VZSUlet"
"s3://hcp-openaccess/HCP_1200/506234/MNINonLinear/Results/rfMRI_REST2_LR/rfMRI_REST2_LR_hp2000.ica/filtered_func_data.ica/report/IC_69_MM.html","506234","MNINonLinear//Results/rfMRI_REST2_LR/rfMRI_REST2_LR_hp2000.ica/filtered_func_data.ica/report/IC_69_MM.html","lRa54mZAuq8lzLXbRL9sAmSv4Dlq.7ww"
"s3://hcp-openaccess/HCP_1200/506234/MNINonLinear/Results/rfMRI_REST2_LR/rfMRI_REST2_LR_hp2000.ica/filtered_func_data.ica/report/IC_69_MMfit.png","506234","MNINonLinear//Results/rfMRI_REST2_LR/rfMRI_REST2_LR_hp2000.ica/filtered_func_data.ica/report/IC_69_MMfit.png","MS8qRQYhw5YgosYTMEwtXY.Q0nmL5UA_"
"s3://hcp-openaccess/HCP_1200/506234/MNINonLinear/Results/rfMRI_REST2_LR/rfMRI_REST2_LR_hp2000.ica/filtered_func_data.ica/report/IC_69_prob.png","506234","MNINonLinear//Results/rfMRI_REST2_LR/rfMRI_REST2_LR_hp2000.ica/filtered_func_data.ica/report/IC_69_prob.png","w_5Fzrq8X0KoXD5Q0TnLZx7JTcgQYVO1"
"s3://hcp-openaccess/HCP_1200/506234/MNINonLinear/Results/rfMRI_REST2_LR/rfMRI_REST2_LR_hp2000.ica/filtered_func_data.ica/report/IC_69_thresh.png","506234","MNINonLinear//Results/rfMRI_REST2_LR/rfMRI_REST2_LR_hp2000.ica/filtered_func_data.ica/report/IC_69_thresh.png","Gq9wztjmNIZcfb5G3tsgzw7BIfOWF4uR"
"s3://hcp-openaccess/HCP_1200/506234/MNINonLinear/Results/rfMRI_REST2_LR/rfMRI_REST2_LR_hp2000.ica/filtered_func_data.ica/report/IC_6_MM.html","506234","MNINonLinear//Results/rfMRI_REST2_LR/rfMRI_REST2_LR_hp2000.ica/filtered_func_data.ica/report/IC_6_MM.html","3w92.9nUphLr4lmBNevFPPwFACgnC9VY"
"s3://hcp-openaccess/HCP_1200/506234/MNINonLinear/Results/rfMRI_REST2_LR/rfMRI_REST2_LR_hp2000.ica/filtered_func_data.ica/report/IC_6_MMfit.png","506234","MNINonLinear//Results/rfMRI_REST2_LR/rfMRI_REST2_LR_hp2000.ica/filtered_func_data.ica/report/IC_6_MMfit.png","Tit0Ityr2SM3B3L3ffS9RorXyZPvOPnN"
"s3://hcp-openaccess/HCP_1200/506234/MNINonLinear/Results/rfMRI_REST2_LR/rfMRI_REST2_LR_hp2000.ica/filtered_func_data.ica/report/IC_6_prob.png","506234","MNINonLinear//Results/rfMRI_REST2_LR/rfMRI_REST2_LR_hp2000.ica/filtered_func_data.ica/report/IC_6_prob.png","m6lftueDNgkAbz2dSNZWW9.EodX091.Y"
"s3://hcp-openaccess/HCP_1200/506234/MNINonLinear/Results/rfMRI_REST2_LR/rfMRI_REST2_LR_hp2000.ica/filtered_func_data.ica/report/IC_6_thresh.png","506234","MNINonLinear//Results/rfMRI_REST2_LR/rfMRI_REST2_LR_hp2000.ica/filtered_func_data.ica/report/IC_6_thresh.png","ulFtSUoKnekqG2wD5bjKlDd91gUCtUqM"
"s3://hcp-openaccess/HCP_1200/506234/MNINonLinear/Results/rfMRI_REST2_LR/rfMRI_REST2_LR_hp2000.ica/filtered_func_data.ica/report/IC_7.html","506234","MNINonLinear//Results/rfMRI_REST2_LR/rfMRI_REST2_LR_hp2000.ica/filtered_func_data.ica/report/IC_7.html","eVXwwe6or_E2EejudBKa2WWhkWSjuW2c"
"s3://hcp-openaccess/HCP_1200/506234/MNINonLinear/Results/rfMRI_REST2_LR/rfMRI_REST2_LR_hp2000.ica/filtered_func_data.ica/report/IC_7.png","506234","MNINonLinear//Results/rfMRI_REST2_LR/rfMRI_REST2_LR_hp2000.ica/filtered_func_data.ica/report/IC_7.png","JrPEeWXOatnWC6ZZwd3FEheXCg4Kh18C"
"s3://hcp-openaccess/HCP_1200/506234/MNINonLinear/Results/rfMRI_REST2_LR/rfMRI_REST2_LR_hp2000.ica/filtered_func_data.ica/report/IC_70.html","506234","MNINonLinear//Results/rfMRI_REST2_LR/rfMRI_REST2_LR_hp2000.ica/filtered_func_data.ica/report/IC_70.html",".96G1VDTIraH8jHDvCo4AUpk.Dp_lyd8"
"s3://hcp-openaccess/HCP_1200/506234/MNINonLinear/Results/rfMRI_REST2_LR/rfMRI_REST2_LR_hp2000.ica/filtered_func_data.ica/report/IC_70.png","506234","MNINonLinear//Results/rfMRI_REST2_LR/rfMRI_REST2_LR_hp2000.ica/filtered_func_data.ica/report/IC_70.png","umEmgdry2W3uGoC8bRbHHqkgpCPF3AtT"
"s3://hcp-openaccess/HCP_1200/506234/MNINonLinear/Results/rfMRI_REST2_LR/rfMRI_REST2_LR_hp2000.ica/filtered_func_data.ica/report/IC_70_MM.html","506234","MNINonLinear//Results/rfMRI_REST2_LR/rfMRI_REST2_LR_hp2000.ica/filtered_func_data.ica/report/IC_70_MM.html","K5rI6x5W5A_olLpUmTtLq6u0A0cpItF6"
"s3://hcp-openaccess/HCP_1200/506234/MNINonLinear/Results/rfMRI_REST2_LR/rfMRI_REST2_LR_hp2000.ica/filtered_func_data.ica/report/IC_70_MMfit.png","506234","MNINonLinear//Results/rfMRI_REST2_LR/rfMRI_REST2_LR_hp2000.ica/filtered_func_data.ica/report/IC_70_MMfit.png",".e683b_EX2l6mu8cRwp4_wA5twMr4clE"
"s3://hcp-openaccess/HCP_1200/506234/MNINonLinear/Results/rfMRI_REST2_LR/rfMRI_REST2_LR_hp2000.ica/filtered_func_data.ica/report/IC_70_prob.png","506234","MNINonLinear//Results/rfMRI_REST2_LR/rfMRI_REST2_LR_hp2000.ica/filtered_func_data.ica/report/IC_70_prob.png","9jNbF1at6DEh0_24_K10WTdw96FeRJyR"
"s3://hcp-openaccess/HCP_1200/506234/MNINonLinear/Results/rfMRI_REST2_LR/rfMRI_REST2_LR_hp2000.ica/filtered_func_data.ica/report/IC_70_thresh.png","506234","MNINonLinear//Results/rfMRI_REST2_LR/rfMRI_REST2_LR_hp2000.ica/filtered_func_data.ica/report/IC_70_thresh.png","ONOCq1GcDqSEoDytCuXwuCDH8EAvhsjq"
"s3://hcp-openaccess/HCP_1200/506234/MNINonLinear/Results/rfMRI_REST2_LR/rfMRI_REST2_LR_hp2000.ica/filtered_func_data.ica/report/IC_71.html","506234","MNINonLinear//Results/rfMRI_REST2_LR/rfMRI_REST2_LR_hp2000.ica/filtered_func_data.ica/report/IC_71.html","Vyn09sIByunWPDlN_DTcBuEjWNh0.bhg"
"s3://hcp-openaccess/HCP_1200/506234/MNINonLinear/Results/rfMRI_REST2_LR/rfMRI_REST2_LR_hp2000.ica/filtered_func_data.ica/report/IC_71.png","506234","MNINonLinear//Results/rfMRI_REST2_LR/rfMRI_REST2_LR_hp2000.ica/filtered_func_data.ica/report/IC_71.png","Gp8_Q1EzN2I0Pd1lPO4TduDasP1zahcr"
"s3://hcp-openaccess/HCP_1200/506234/MNINonLinear/Results/rfMRI_REST2_LR/rfMRI_REST2_LR_hp2000.ica/filtered_func_data.ica/report/IC_71_MM.html","506234","MNINonLinear//Results/rfMRI_REST2_LR/rfMRI_REST2_LR_hp2000.ica/filtered_func_data.ica/report/IC_71_MM.html","Xu.dHOCX8Xi.wc3VtQtIve5VzYDbAVXZ"
"s3://hcp-openaccess/HCP_1200/506234/MNINonLinear/Results/rfMRI_REST2_LR/rfMRI_REST2_LR_hp2000.ica/filtered_func_data.ica/report/IC_71_MMfit.png","506234","MNINonLinear//Results/rfMRI_REST2_LR/rfMRI_REST2_LR_hp2000.ica/filtered_func_data.ica/report/IC_71_MMfit.png","Rr8aKLFXhzzJd9m3Ul8o2fydrajoInjA"
"s3://hcp-openaccess/HCP_1200/506234/MNINonLinear/Results/rfMRI_REST2_LR/rfMRI_REST2_LR_hp2000.ica/filtered_func_data.ica/report/IC_71_prob.png","506234","MNINonLinear//Results/rfMRI_REST2_LR/rfMRI_REST2_LR_hp2000.ica/filtered_func_data.ica/report/IC_71_prob.png","jUHP_9Pi_qAfk5o9iIo7DmBrVCbsFW._"
"s3://hcp-openaccess/HCP_1200/506234/MNINonLinear/Results/rfMRI_REST2_LR/rfMRI_REST2_LR_hp2000.ica/filtered_func_data.ica/report/IC_71_thresh.png","506234","MNINonLinear//Results/rfMRI_REST2_LR/rfMRI_REST2_LR_hp2000.ica/filtered_func_data.ica/report/IC_71_thresh.png","96OOdOD3c_1EgTR6wP0uc2WUyCpk3HVp"
"s3://hcp-openaccess/HCP_1200/506234/MNINonLinear/Results/rfMRI_REST2_LR/rfMRI_REST2_LR_hp2000.ica/filtered_func_data.ica/report/IC_72.html","506234","MNINonLinear//Results/rfMRI_REST2_LR/rfMRI_REST2_LR_hp2000.ica/filtered_func_data.ica/report/IC_72.html",".ag9qSB_vT6EGI5m_rmxOydKZOIEX2Nq"
"s3://hcp-openaccess/HCP_1200/506234/MNINonLinear/Results/rfMRI_REST2_LR/rfMRI_REST2_LR_hp2000.ica/filtered_func_data.ica/report/IC_72.png","506234","MNINonLinear//Results/rfMRI_REST2_LR/rfMRI_REST2_LR_hp2000.ica/filtered_func_data.ica/report/IC_72.png","2X4rHpXbcvaAlZgWHcapTi3g3zxuu._E"
"s3://hcp-openaccess/HCP_1200/506234/MNINonLinear/Results/rfMRI_REST2_LR/rfMRI_REST2_LR_hp2000.ica/filtered_func_data.ica/report/IC_72_MM.html","506234","MNINonLinear//Results/rfMRI_REST2_LR/rfMRI_REST2_LR_hp2000.ica/filtered_func_data.ica/report/IC_72_MM.html","lNgAau55d_ltFtr_iRCU4VlN1tEEhT0t"
"s3://hcp-openaccess/HCP_1200/506234/MNINonLinear/Results/rfMRI_REST2_LR/rfMRI_REST2_LR_hp2000.ica/filtered_func_data.ica/report/IC_72_MMfit.png","506234","MNINonLinear//Results/rfMRI_REST2_LR/rfMRI_REST2_LR_hp2000.ica/filtered_func_data.ica/report/IC_72_MMfit.png","MUokN1zxhvVz_gmC2.rf.0bjGqip4_1z"
"s3://hcp-openaccess/HCP_1200/506234/MNINonLinear/Results/rfMRI_REST2_LR/rfMRI_REST2_LR_hp2000.ica/filtered_func_data.ica/report/IC_72_prob.png","506234","MNINonLinear//Results/rfMRI_REST2_LR/rfMRI_REST2_LR_hp2000.ica/filtered_func_data.ica/report/IC_72_prob.png","SzsoVQL5l.Rq4AIDcEtoiDwBXOU1KJ4X"
"s3://hcp-openaccess/HCP_1200/506234/MNINonLinear/Results/rfMRI_REST2_LR/rfMRI_REST2_LR_hp2000.ica/filtered_func_data.ica/report/IC_72_thresh.png","506234","MNINonLinear//Results/rfMRI_REST2_LR/rfMRI_REST2_LR_hp2000.ica/filtered_func_data.ica/report/IC_72_thresh.png","FS7eUVhsqKCzhKtKckTQ4gir7eHWvsuZ"
"s3://hcp-openaccess/HCP_1200/506234/MNINonLinear/Results/rfMRI_REST2_LR/rfMRI_REST2_LR_hp2000.ica/filtered_func_data.ica/report/IC_73.html","506234","MNINonLinear//Results/rfMRI_REST2_LR/rfMRI_REST2_LR_hp2000.ica/filtered_func_data.ica/report/IC_73.html","WC4z0Z.zc3.OHXpeMvG1xch8cYmMprJk"
"s3://hcp-openaccess/HCP_1200/506234/MNINonLinear/Results/rfMRI_REST2_LR/rfMRI_REST2_LR_hp2000.ica/filtered_func_data.ica/report/IC_73.png","506234","MNINonLinear//Results/rfMRI_REST2_LR/rfMRI_REST2_LR_hp2000.ica/filtered_func_data.ica/report/IC_73.png","bTUu4zj7yEdLWY_MJ9D5jW9.NJbWe0D8"
"s3://hcp-openaccess/HCP_1200/506234/MNINonLinear/Results/rfMRI_REST2_LR/rfMRI_REST2_LR_hp2000.ica/filtered_func_data.ica/report/IC_73_MM.html","506234","MNINonLinear//Results/rfMRI_REST2_LR/rfMRI_REST2_LR_hp2000.ica/filtered_func_data.ica/report/IC_73_MM.html","aUC0LgsuCHNGrdNNuWBDM_OC468FBIFr"
"s3://hcp-openaccess/HCP_1200/506234/MNINonLinear/Results/rfMRI_REST2_LR/rfMRI_REST2_LR_hp2000.ica/filtered_func_data.ica/report/IC_73_MMfit.png","506234","MNINonLinear//Results/rfMRI_REST2_LR/rfMRI_REST2_LR_hp2000.ica/filtered_func_data.ica/report/IC_73_MMfit.png","wIQzJSW8s_ZOE16NERdhMoEQT_ajHQBM"
"s3://hcp-openaccess/HCP_1200/506234/MNINonLinear/Results/rfMRI_REST2_LR/rfMRI_REST2_LR_hp2000.ica/filtered_func_data.ica/report/IC_73_prob.png","506234","MNINonLinear//Results/rfMRI_REST2_LR/rfMRI_REST2_LR_hp2000.ica/filtered_func_data.ica/report/IC_73_prob.png","sZMwrlCwQHruPc5z_qd7X8RhyHaRjAWt"
"s3://hcp-openaccess/HCP_1200/506234/MNINonLinear/Results/rfMRI_REST2_LR/rfMRI_REST2_LR_hp2000.ica/filtered_func_data.ica/report/IC_73_thresh.png","506234","MNINonLinear//Results/rfMRI_REST2_LR/rfMRI_REST2_LR_hp2000.ica/filtered_func_data.ica/report/IC_73_thresh.png","egS4N2CNb0VJEA.A.p_.p66yDMIRMC9i"
"s3://hcp-openaccess/HCP_1200/506234/MNINonLinear/Results/rfMRI_REST2_LR/rfMRI_REST2_LR_hp2000.ica/filtered_func_data.ica/report/IC_74.html","506234","MNINonLinear//Results/rfMRI_REST2_LR/rfMRI_REST2_LR_hp2000.ica/filtered_func_data.ica/report/IC_74.html","4ZtyvkkB8NKQGD3l5kPVQO74HVRBbmNc"
"s3://hcp-openaccess/HCP_1200/506234/MNINonLinear/Results/rfMRI_REST2_LR/rfMRI_REST2_LR_hp2000.ica/filtered_func_data.ica/report/IC_74.png","506234","MNINonLinear//Results/rfMRI_REST2_LR/rfMRI_REST2_LR_hp2000.ica/filtered_func_data.ica/report/IC_74.png","TokR1pCfjz.Xd0YJnGlo_lqR1ZeyYGB4"
"s3://hcp-openaccess/HCP_1200/506234/MNINonLinear/Results/rfMRI_REST2_LR/rfMRI_REST2_LR_hp2000.ica/filtered_func_data.ica/report/IC_74_MM.html","506234","MNINonLinear//Results/rfMRI_REST2_LR/rfMRI_REST2_LR_hp2000.ica/filtered_func_data.ica/report/IC_74_MM.html","7fJ2p5oclezRq3_2FzHWWoLek6W9UrI5"
"s3://hcp-openaccess/HCP_1200/506234/MNINonLinear/Results/rfMRI_REST2_LR/rfMRI_REST2_LR_hp2000.ica/filtered_func_data.ica/report/IC_74_MMfit.png","506234","MNINonLinear//Results/rfMRI_REST2_LR/rfMRI_REST2_LR_hp2000.ica/filtered_func_data.ica/report/IC_74_MMfit.png","WGSSPmL7pzxjkSnLyzpw0ThfOHn_SaPe"
"s3://hcp-openaccess/HCP_1200/506234/MNINonLinear/Results/rfMRI_REST2_LR/rfMRI_REST2_LR_hp2000.ica/filtered_func_data.ica/report/IC_74_prob.png","506234","MNINonLinear//Results/rfMRI_REST2_LR/rfMRI_REST2_LR_hp2000.ica/filtered_func_data.ica/report/IC_74_prob.png","4Me6lp7AWheIhoBoPy3LadmMuE6KKl0f"
"s3://hcp-openaccess/HCP_1200/506234/MNINonLinear/Results/rfMRI_REST2_LR/rfMRI_REST2_LR_hp2000.ica/filtered_func_data.ica/report/IC_74_thresh.png","506234","MNINonLinear//Results/rfMRI_REST2_LR/rfMRI_REST2_LR_hp2000.ica/filtered_func_data.ica/report/IC_74_thresh.png","mJKzEXJfHanUE8EDMJ9MlYeCbJOJeYN7"
"s3://hcp-openaccess/HCP_1200/506234/MNINonLinear/Results/rfMRI_REST2_LR/rfMRI_REST2_LR_hp2000.ica/filtered_func_data.ica/report/IC_75.html","506234","MNINonLinear//Results/rfMRI_REST2_LR/rfMRI_REST2_LR_hp2000.ica/filtered_func_data.ica/report/IC_75.html","daFiqWeStZ3sKOTBJqE4TykXkxlKld3L"
"s3://hcp-openaccess/HCP_1200/506234/MNINonLinear/Results/rfMRI_REST2_LR/rfMRI_REST2_LR_hp2000.ica/filtered_func_data.ica/report/IC_75.png","506234","MNINonLinear//Results/rfMRI_REST2_LR/rfMRI_REST2_LR_hp2000.ica/filtered_func_data.ica/report/IC_75.png","2tGVwTcwYNMoOgj4QdJkSOmGhC3smvhS"
"s3://hcp-openaccess/HCP_1200/506234/MNINonLinear/Results/rfMRI_REST2_LR/rfMRI_REST2_LR_hp2000.ica/filtered_func_data.ica/report/IC_75_MM.html","506234","MNINonLinear//Results/rfMRI_REST2_LR/rfMRI_REST2_LR_hp2000.ica/filtered_func_data.ica/report/IC_75_MM.html","V7zAhl6d5VxgFFmihtKPv1rnoraWK9pB"
"s3://hcp-openaccess/HCP_1200/506234/MNINonLinear/Results/rfMRI_REST2_LR/rfMRI_REST2_LR_hp2000.ica/filtered_func_data.ica/report/IC_75_MMfit.png","506234","MNINonLinear//Results/rfMRI_REST2_LR/rfMRI_REST2_LR_hp2000.ica/filtered_func_data.ica/report/IC_75_MMfit.png","fGpOM.3VJt.CKzAexfL.NTSJmgTa0AOz"
"s3://hcp-openaccess/HCP_1200/506234/MNINonLinear/Results/rfMRI_REST2_LR/rfMRI_REST2_LR_hp2000.ica/filtered_func_data.ica/report/IC_75_prob.png","506234","MNINonLinear//Results/rfMRI_REST2_LR/rfMRI_REST2_LR_hp2000.ica/filtered_func_data.ica/report/IC_75_prob.png","sAs8MFrmRifeahJyffAhi1w0wY3mU2YK"
"s3://hcp-openaccess/HCP_1200/506234/MNINonLinear/Results/rfMRI_REST2_LR/rfMRI_REST2_LR_hp2000.ica/filtered_func_data.ica/report/IC_75_thresh.png","506234","MNINonLinear//Results/rfMRI_REST2_LR/rfMRI_REST2_LR_hp2000.ica/filtered_func_data.ica/report/IC_75_thresh.png","5B_MmzdWVZUUrmNgr.f5TxsGk6ufeH.x"
"s3://hcp-openaccess/HCP_1200/506234/MNINonLinear/Results/rfMRI_REST2_LR/rfMRI_REST2_LR_hp2000.ica/filtered_func_data.ica/report/IC_76.html","506234","MNINonLinear//Results/rfMRI_REST2_LR/rfMRI_REST2_LR_hp2000.ica/filtered_func_data.ica/report/IC_76.html","crJ.wE2A92oMgbEbPWcch1Eqw_WDz99s"
"s3://hcp-openaccess/HCP_1200/506234/MNINonLinear/Results/rfMRI_REST2_LR/rfMRI_REST2_LR_hp2000.ica/filtered_func_data.ica/report/IC_76.png","506234","MNINonLinear//Results/rfMRI_REST2_LR/rfMRI_REST2_LR_hp2000.ica/filtered_func_data.ica/report/IC_76.png","5ZwmBjynPR8oUJiGfnUSNOpJGSzB6V2y"
"s3://hcp-openaccess/HCP_1200/506234/MNINonLinear/Results/rfMRI_REST2_LR/rfMRI_REST2_LR_hp2000.ica/filtered_func_data.ica/report/IC_76_MM.html","506234","MNINonLinear//Results/rfMRI_REST2_LR/rfMRI_REST2_LR_hp2000.ica/filtered_func_data.ica/report/IC_76_MM.html","mYbTlN41zXG8a44FAFHybaceTLu2cuB."
"s3://hcp-openaccess/HCP_1200/506234/MNINonLinear/Results/rfMRI_REST2_LR/rfMRI_REST2_LR_hp2000.ica/filtered_func_data.ica/report/IC_76_MMfit.png","506234","MNINonLinear//Results/rfMRI_REST2_LR/rfMRI_REST2_LR_hp2000.ica/filtered_func_data.ica/report/IC_76_MMfit.png",".yqfSi1GpxC1eDakd7yWHpPlGkn8GWBP"
"s3://hcp-openaccess/HCP_1200/506234/MNINonLinear/Results/rfMRI_REST2_LR/rfMRI_REST2_LR_hp2000.ica/filtered_func_data.ica/report/IC_76_prob.png","506234","MNINonLinear//Results/rfMRI_REST2_LR/rfMRI_REST2_LR_hp2000.ica/filtered_func_data.ica/report/IC_76_prob.png","sOTk5Q.oHU00GO3AEjy2CTFTk3kkr_V0"
"s3://hcp-openaccess/HCP_1200/506234/MNINonLinear/Results/rfMRI_REST2_LR/rfMRI_REST2_LR_hp2000.ica/filtered_func_data.ica/report/IC_76_thresh.png","506234","MNINonLinear//Results/rfMRI_REST2_LR/rfMRI_REST2_LR_hp2000.ica/filtered_func_data.ica/report/IC_76_thresh.png","Iq2UuDR3LddHdSxgg_wczfF0JffWiChn"
"s3://hcp-openaccess/HCP_1200/506234/MNINonLinear/Results/rfMRI_REST2_LR/rfMRI_REST2_LR_hp2000.ica/filtered_func_data.ica/report/IC_77.html","506234","MNINonLinear//Results/rfMRI_REST2_LR/rfMRI_REST2_LR_hp2000.ica/filtered_func_data.ica/report/IC_77.html","FUBKLfqkSUECdAbZYUvDnA7KXUXdxrHl"
"s3://hcp-openaccess/HCP_1200/506234/MNINonLinear/Results/rfMRI_REST2_LR/rfMRI_REST2_LR_hp2000.ica/filtered_func_data.ica/report/IC_77.png","506234","MNINonLinear//Results/rfMRI_REST2_LR/rfMRI_REST2_LR_hp2000.ica/filtered_func_data.ica/report/IC_77.png","PKnxrnCAg_My0AXClPDe0bxB7vwvwPtx"
"s3://hcp-openaccess/HCP_1200/506234/MNINonLinear/Results/rfMRI_REST2_LR/rfMRI_REST2_LR_hp2000.ica/filtered_func_data.ica/report/IC_77_MM.html","506234","MNINonLinear//Results/rfMRI_REST2_LR/rfMRI_REST2_LR_hp2000.ica/filtered_func_data.ica/report/IC_77_MM.html","WTdxrCWWEWt0pG2MRh24Y5GxNcgNo0e6"
"s3://hcp-openaccess/HCP_1200/506234/MNINonLinear/Results/rfMRI_REST2_LR/rfMRI_REST2_LR_hp2000.ica/filtered_func_data.ica/report/IC_77_MMfit.png","506234","MNINonLinear//Results/rfMRI_REST2_LR/rfMRI_REST2_LR_hp2000.ica/filtered_func_data.ica/report/IC_77_MMfit.png","6JDunEKqnXZraIpHZ7vzbzO4PBZ9Ylth"
"s3://hcp-openaccess/HCP_1200/506234/MNINonLinear/Results/rfMRI_REST2_LR/rfMRI_REST2_LR_hp2000.ica/filtered_func_data.ica/report/IC_77_prob.png","506234","MNINonLinear//Results/rfMRI_REST2_LR/rfMRI_REST2_LR_hp2000.ica/filtered_func_data.ica/report/IC_77_prob.png","rfvIBFjbsyrd9Kbb6GeFRtF_U7f_msh."
"s3://hcp-openaccess/HCP_1200/506234/MNINonLinear/Results/rfMRI_REST2_LR/rfMRI_REST2_LR_hp2000.ica/filtered_func_data.ica/report/IC_77_thresh.png","506234","MNINonLinear//Results/rfMRI_REST2_LR/rfMRI_REST2_LR_hp2000.ica/filtered_func_data.ica/report/IC_77_thresh.png","Q6GBRGGIm8G8EvUGcf3opkeWj8OZ6.uy"
"s3://hcp-openaccess/HCP_1200/506234/MNINonLinear/Results/rfMRI_REST2_LR/rfMRI_REST2_LR_hp2000.ica/filtered_func_data.ica/report/IC_78.html","506234","MNINonLinear//Results/rfMRI_REST2_LR/rfMRI_REST2_LR_hp2000.ica/filtered_func_data.ica/report/IC_78.html","b0sbBnxEdzbvK5BwARrDVI5KoqmLjA3z"
"s3://hcp-openaccess/HCP_1200/506234/MNINonLinear/Results/rfMRI_REST2_LR/rfMRI_REST2_LR_hp2000.ica/filtered_func_data.ica/report/IC_78.png","506234","MNINonLinear//Results/rfMRI_REST2_LR/rfMRI_REST2_LR_hp2000.ica/filtered_func_data.ica/report/IC_78.png","zc_MEmO8Mm6.y4wNIEl_hHibfjLIfqvn"
"s3://hcp-openaccess/HCP_1200/506234/MNINonLinear/Results/rfMRI_REST2_LR/rfMRI_REST2_LR_hp2000.ica/filtered_func_data.ica/report/IC_78_MM.html","506234","MNINonLinear//Results/rfMRI_REST2_LR/rfMRI_REST2_LR_hp2000.ica/filtered_func_data.ica/report/IC_78_MM.html","2KwLYRZy.zKg5jjWGsoXnYshuurIYcNY"
"s3://hcp-openaccess/HCP_1200/506234/MNINonLinear/Results/rfMRI_REST2_LR/rfMRI_REST2_LR_hp2000.ica/filtered_func_data.ica/report/IC_78_MMfit.png","506234","MNINonLinear//Results/rfMRI_REST2_LR/rfMRI_REST2_LR_hp2000.ica/filtered_func_data.ica/report/IC_78_MMfit.png","NIM1HXBma0yr.aR5l_6084xPFXJOVY0y"
"s3://hcp-openaccess/HCP_1200/506234/MNINonLinear/Results/rfMRI_REST2_LR/rfMRI_REST2_LR_hp2000.ica/filtered_func_data.ica/report/IC_78_prob.png","506234","MNINonLinear//Results/rfMRI_REST2_LR/rfMRI_REST2_LR_hp2000.ica/filtered_func_data.ica/report/IC_78_prob.png","bzbg2Jvf5bxhog9CDcvubvkfsF6kJoas"
"s3://hcp-openaccess/HCP_1200/506234/MNINonLinear/Results/rfMRI_REST2_LR/rfMRI_REST2_LR_hp2000.ica/filtered_func_data.ica/report/IC_78_thresh.png","506234","MNINonLinear//Results/rfMRI_REST2_LR/rfMRI_REST2_LR_hp2000.ica/filtered_func_data.ica/report/IC_78_thresh.png","i9lETNaRIgfbb66fjeMjMORe2w2LZoFX"
"s3://hcp-openaccess/HCP_1200/506234/MNINonLinear/Results/rfMRI_REST2_LR/rfMRI_REST2_LR_hp2000.ica/filtered_func_data.ica/report/IC_79.html","506234","MNINonLinear//Results/rfMRI_REST2_LR/rfMRI_REST2_LR_hp2000.ica/filtered_func_data.ica/report/IC_79.html","Tvl7qPzQqGY9TtGZdIPXztlms2LktITJ"
"s3://hcp-openaccess/HCP_1200/506234/MNINonLinear/Results/rfMRI_REST2_LR/rfMRI_REST2_LR_hp2000.ica/filtered_func_data.ica/report/IC_79.png","506234","MNINonLinear//Results/rfMRI_REST2_LR/rfMRI_REST2_LR_hp2000.ica/filtered_func_data.ica/report/IC_79.png","rbPOxMRW_x.gG8fU9yhSvfoLCxePsORf"
"s3://hcp-openaccess/HCP_1200/506234/MNINonLinear/Results/rfMRI_REST2_LR/rfMRI_REST2_LR_hp2000.ica/filtered_func_data.ica/report/IC_79_MM.html","506234","MNINonLinear//Results/rfMRI_REST2_LR/rfMRI_REST2_LR_hp2000.ica/filtered_func_data.ica/report/IC_79_MM.html","PZooZ0E2_5wizP3EfbPjR9iyaXGr07FT"
"s3://hcp-openaccess/HCP_1200/506234/MNINonLinear/Results/rfMRI_REST2_LR/rfMRI_REST2_LR_hp2000.ica/filtered_func_data.ica/report/IC_79_MMfit.png","506234","MNINonLinear//Results/rfMRI_REST2_LR/rfMRI_REST2_LR_hp2000.ica/filtered_func_data.ica/report/IC_79_MMfit.png","IhkwPCpWVaqcVYHuLnw5hLfv.rYtzJMw"
"s3://hcp-openaccess/HCP_1200/506234/MNINonLinear/Results/rfMRI_REST2_LR/rfMRI_REST2_LR_hp2000.ica/filtered_func_data.ica/report/IC_79_prob.png","506234","MNINonLinear//Results/rfMRI_REST2_LR/rfMRI_REST2_LR_hp2000.ica/filtered_func_data.ica/report/IC_79_prob.png","u3ownflAiBEU9xLNqHiUEmlIygDy6aNe"
"s3://hcp-openaccess/HCP_1200/506234/MNINonLinear/Results/rfMRI_REST2_LR/rfMRI_REST2_LR_hp2000.ica/filtered_func_data.ica/report/IC_79_thresh.png","506234","MNINonLinear//Results/rfMRI_REST2_LR/rfMRI_REST2_LR_hp2000.ica/filtered_func_data.ica/report/IC_79_thresh.png","CGvYAvsvJFztRi29MBh7J3Z2vTB.C9Ir"
"s3://hcp-openaccess/HCP_1200/506234/MNINonLinear/Results/rfMRI_REST2_LR/rfMRI_REST2_LR_hp2000.ica/filtered_func_data.ica/report/IC_7_MM.html","506234","MNINonLinear//Results/rfMRI_REST2_LR/rfMRI_REST2_LR_hp2000.ica/filtered_func_data.ica/report/IC_7_MM.html","Lfla7NQhKw7ACE5zJzOK.ub53Muxdu_Z"
"s3://hcp-openaccess/HCP_1200/506234/MNINonLinear/Results/rfMRI_REST2_LR/rfMRI_REST2_LR_hp2000.ica/filtered_func_data.ica/report/IC_7_MMfit.png","506234","MNINonLinear//Results/rfMRI_REST2_LR/rfMRI_REST2_LR_hp2000.ica/filtered_func_data.ica/report/IC_7_MMfit.png","9CNjXYWa7sSld1e6pX1vS086ffNG598v"
"s3://hcp-openaccess/HCP_1200/506234/MNINonLinear/Results/rfMRI_REST2_LR/rfMRI_REST2_LR_hp2000.ica/filtered_func_data.ica/report/IC_7_prob.png","506234","MNINonLinear//Results/rfMRI_REST2_LR/rfMRI_REST2_LR_hp2000.ica/filtered_func_data.ica/report/IC_7_prob.png","_TY.9QZEoanzbHiTlK2NJ1wMRijCUYTB"
"s3://hcp-openaccess/HCP_1200/506234/MNINonLinear/Results/rfMRI_REST2_LR/rfMRI_REST2_LR_hp2000.ica/filtered_func_data.ica/report/IC_7_thresh.png","506234","MNINonLinear//Results/rfMRI_REST2_LR/rfMRI_REST2_LR_hp2000.ica/filtered_func_data.ica/report/IC_7_thresh.png","nlO6xkRxE_X1VMW8fI2IZtiAGQlTO6N0"
"s3://hcp-openaccess/HCP_1200/506234/MNINonLinear/Results/rfMRI_REST2_LR/rfMRI_REST2_LR_hp2000.ica/filtered_func_data.ica/report/IC_8.html","506234","MNINonLinear//Results/rfMRI_REST2_LR/rfMRI_REST2_LR_hp2000.ica/filtered_func_data.ica/report/IC_8.html","Spd.OLWdHKNOpQ.YRqBB9cjmSQORUdCB"
"s3://hcp-openaccess/HCP_1200/506234/MNINonLinear/Results/rfMRI_REST2_LR/rfMRI_REST2_LR_hp2000.ica/filtered_func_data.ica/report/IC_8.png","506234","MNINonLinear//Results/rfMRI_REST2_LR/rfMRI_REST2_LR_hp2000.ica/filtered_func_data.ica/report/IC_8.png","X3nrQzRQiBqFW8QhKheiu15tFqvsiJ6L"
"s3://hcp-openaccess/HCP_1200/506234/MNINonLinear/Results/rfMRI_REST2_LR/rfMRI_REST2_LR_hp2000.ica/filtered_func_data.ica/report/IC_80.html","506234","MNINonLinear//Results/rfMRI_REST2_LR/rfMRI_REST2_LR_hp2000.ica/filtered_func_data.ica/report/IC_80.html","ruflDIByA5wNwN2Rq2RQyGWGWF43g7RM"
"s3://hcp-openaccess/HCP_1200/506234/MNINonLinear/Results/rfMRI_REST2_LR/rfMRI_REST2_LR_hp2000.ica/filtered_func_data.ica/report/IC_80.png","506234","MNINonLinear//Results/rfMRI_REST2_LR/rfMRI_REST2_LR_hp2000.ica/filtered_func_data.ica/report/IC_80.png","brR3jktVc5fyFJHDI6ra50l0BKzZu4Nf"
"s3://hcp-openaccess/HCP_1200/506234/MNINonLinear/Results/rfMRI_REST2_LR/rfMRI_REST2_LR_hp2000.ica/filtered_func_data.ica/report/IC_80_MM.html","506234","MNINonLinear//Results/rfMRI_REST2_LR/rfMRI_REST2_LR_hp2000.ica/filtered_func_data.ica/report/IC_80_MM.html","Gs_nozzcVrRx4Y3KTmGDlsr_qBqyBCJp"
"s3://hcp-openaccess/HCP_1200/506234/MNINonLinear/Results/rfMRI_REST2_LR/rfMRI_REST2_LR_hp2000.ica/filtered_func_data.ica/report/IC_80_MMfit.png","506234","MNINonLinear//Results/rfMRI_REST2_LR/rfMRI_REST2_LR_hp2000.ica/filtered_func_data.ica/report/IC_80_MMfit.png","laHvNM4JjDmFwYiUflgzeurvUTCA4a90"
"s3://hcp-openaccess/HCP_1200/506234/MNINonLinear/Results/rfMRI_REST2_LR/rfMRI_REST2_LR_hp2000.ica/filtered_func_data.ica/report/IC_80_prob.png","506234","MNINonLinear//Results/rfMRI_REST2_LR/rfMRI_REST2_LR_hp2000.ica/filtered_func_data.ica/report/IC_80_prob.png","HFx3aYKab_HPB7DjKzph0wunY4O6VohC"
"s3://hcp-openaccess/HCP_1200/506234/MNINonLinear/Results/rfMRI_REST2_LR/rfMRI_REST2_LR_hp2000.ica/filtered_func_data.ica/report/IC_80_thresh.png","506234","MNINonLinear//Results/rfMRI_REST2_LR/rfMRI_REST2_LR_hp2000.ica/filtered_func_data.ica/report/IC_80_thresh.png","vG1j_JA_N8MHL_KqR.GidqkwtMcc__Fg"
"s3://hcp-openaccess/HCP_1200/506234/MNINonLinear/Results/rfMRI_REST2_LR/rfMRI_REST2_LR_hp2000.ica/filtered_func_data.ica/report/IC_81.html","506234","MNINonLinear//Results/rfMRI_REST2_LR/rfMRI_REST2_LR_hp2000.ica/filtered_func_data.ica/report/IC_81.html","sfIsBUGwxR_FC41ayovdLq09_DTYjOCa"
"s3://hcp-openaccess/HCP_1200/506234/MNINonLinear/Results/rfMRI_REST2_LR/rfMRI_REST2_LR_hp2000.ica/filtered_func_data.ica/report/IC_81.png","506234","MNINonLinear//Results/rfMRI_REST2_LR/rfMRI_REST2_LR_hp2000.ica/filtered_func_data.ica/report/IC_81.png","D_1QhG8.H8nXJMv9rF.7x.SG3i9YZOiF"
"s3://hcp-openaccess/HCP_1200/506234/MNINonLinear/Results/rfMRI_REST2_LR/rfMRI_REST2_LR_hp2000.ica/filtered_func_data.ica/report/IC_81_MM.html","506234","MNINonLinear//Results/rfMRI_REST2_LR/rfMRI_REST2_LR_hp2000.ica/filtered_func_data.ica/report/IC_81_MM.html","xp97MwCwV3TdBBrFYWXi6lBAAj.dsXM."
"s3://hcp-openaccess/HCP_1200/506234/MNINonLinear/Results/rfMRI_REST2_LR/rfMRI_REST2_LR_hp2000.ica/filtered_func_data.ica/report/IC_81_MMfit.png","506234","MNINonLinear//Results/rfMRI_REST2_LR/rfMRI_REST2_LR_hp2000.ica/filtered_func_data.ica/report/IC_81_MMfit.png","OL2kxHGkMpSLr90yuxIGkT4rXe3OvEdW"
"s3://hcp-openaccess/HCP_1200/506234/MNINonLinear/Results/rfMRI_REST2_LR/rfMRI_REST2_LR_hp2000.ica/filtered_func_data.ica/report/IC_81_prob.png","506234","MNINonLinear//Results/rfMRI_REST2_LR/rfMRI_REST2_LR_hp2000.ica/filtered_func_data.ica/report/IC_81_prob.png","GUuIvqX8vhTKT6F0C0QVIlD2BUPDIUlY"
"s3://hcp-openaccess/HCP_1200/506234/MNINonLinear/Results/rfMRI_REST2_LR/rfMRI_REST2_LR_hp2000.ica/filtered_func_data.ica/report/IC_81_thresh.png","506234","MNINonLinear//Results/rfMRI_REST2_LR/rfMRI_REST2_LR_hp2000.ica/filtered_func_data.ica/report/IC_81_thresh.png","JDEK55syc5loIyEbpeBN3UGEtUv0bLlA"
"s3://hcp-openaccess/HCP_1200/506234/MNINonLinear/Results/rfMRI_REST2_LR/rfMRI_REST2_LR_hp2000.ica/filtered_func_data.ica/report/IC_82.html","506234","MNINonLinear//Results/rfMRI_REST2_LR/rfMRI_REST2_LR_hp2000.ica/filtered_func_data.ica/report/IC_82.html","o11obCNqcHByr81gbj.KJfXaJo.Ml2WT"
"s3://hcp-openaccess/HCP_1200/506234/MNINonLinear/Results/rfMRI_REST2_LR/rfMRI_REST2_LR_hp2000.ica/filtered_func_data.ica/report/IC_82.png","506234","MNINonLinear//Results/rfMRI_REST2_LR/rfMRI_REST2_LR_hp2000.ica/filtered_func_data.ica/report/IC_82.png","57MVzHOLHcwhQP0Y0EdtWllAVZULhjLK"
"s3://hcp-openaccess/HCP_1200/506234/MNINonLinear/Results/rfMRI_REST2_LR/rfMRI_REST2_LR_hp2000.ica/filtered_func_data.ica/report/IC_82_MM.html","506234","MNINonLinear//Results/rfMRI_REST2_LR/rfMRI_REST2_LR_hp2000.ica/filtered_func_data.ica/report/IC_82_MM.html","DJQIimqujxBDioUPy8LJ.XOVr_r26tL2"
"s3://hcp-openaccess/HCP_1200/506234/MNINonLinear/Results/rfMRI_REST2_LR/rfMRI_REST2_LR_hp2000.ica/filtered_func_data.ica/report/IC_82_MMfit.png","506234","MNINonLinear//Results/rfMRI_REST2_LR/rfMRI_REST2_LR_hp2000.ica/filtered_func_data.ica/report/IC_82_MMfit.png","pKancPtlJUt_HIpJyo1GFAWz8Fx3NGbH"
"s3://hcp-openaccess/HCP_1200/506234/MNINonLinear/Results/rfMRI_REST2_LR/rfMRI_REST2_LR_hp2000.ica/filtered_func_data.ica/report/IC_82_prob.png","506234","MNINonLinear//Results/rfMRI_REST2_LR/rfMRI_REST2_LR_hp2000.ica/filtered_func_data.ica/report/IC_82_prob.png","IKub7TbgF6zghJSdQMnJpmU1xX.ljXMO"
"s3://hcp-openaccess/HCP_1200/506234/MNINonLinear/Results/rfMRI_REST2_LR/rfMRI_REST2_LR_hp2000.ica/filtered_func_data.ica/report/IC_82_thresh.png","506234","MNINonLinear//Results/rfMRI_REST2_LR/rfMRI_REST2_LR_hp2000.ica/filtered_func_data.ica/report/IC_82_thresh.png","7W1p1ZhzOKSrV8YpOM0RT85mudMRcArP"
"s3://hcp-openaccess/HCP_1200/506234/MNINonLinear/Results/rfMRI_REST2_LR/rfMRI_REST2_LR_hp2000.ica/filtered_func_data.ica/report/IC_83.html","506234","MNINonLinear//Results/rfMRI_REST2_LR/rfMRI_REST2_LR_hp2000.ica/filtered_func_data.ica/report/IC_83.html","8ELLDGNgfTMC_VLKcg3w5CrUh9ylN4mv"
"s3://hcp-openaccess/HCP_1200/506234/MNINonLinear/Results/rfMRI_REST2_LR/rfMRI_REST2_LR_hp2000.ica/filtered_func_data.ica/report/IC_83.png","506234","MNINonLinear//Results/rfMRI_REST2_LR/rfMRI_REST2_LR_hp2000.ica/filtered_func_data.ica/report/IC_83.png","nKkofHhMdRff2LlMMg1tTle_EMdlRlEJ"
"s3://hcp-openaccess/HCP_1200/506234/MNINonLinear/Results/rfMRI_REST2_LR/rfMRI_REST2_LR_hp2000.ica/filtered_func_data.ica/report/IC_83_MM.html","506234","MNINonLinear//Results/rfMRI_REST2_LR/rfMRI_REST2_LR_hp2000.ica/filtered_func_data.ica/report/IC_83_MM.html","iwsIYvj1P7xSZTwa3BKz9mHRcbSLqGoh"
"s3://hcp-openaccess/HCP_1200/506234/MNINonLinear/Results/rfMRI_REST2_LR/rfMRI_REST2_LR_hp2000.ica/filtered_func_data.ica/report/IC_83_MMfit.png","506234","MNINonLinear//Results/rfMRI_REST2_LR/rfMRI_REST2_LR_hp2000.ica/filtered_func_data.ica/report/IC_83_MMfit.png","zBzBJF.Vt2J6iOOPageqXRPyVJsX12Hi"
"s3://hcp-openaccess/HCP_1200/506234/MNINonLinear/Results/rfMRI_REST2_LR/rfMRI_REST2_LR_hp2000.ica/filtered_func_data.ica/report/IC_83_prob.png","506234","MNINonLinear//Results/rfMRI_REST2_LR/rfMRI_REST2_LR_hp2000.ica/filtered_func_data.ica/report/IC_83_prob.png","ev8Tt9BIUja4w63rn8oLDgnsx8xK6m2Q"
"s3://hcp-openaccess/HCP_1200/506234/MNINonLinear/Results/rfMRI_REST2_LR/rfMRI_REST2_LR_hp2000.ica/filtered_func_data.ica/report/IC_83_thresh.png","506234","MNINonLinear//Results/rfMRI_REST2_LR/rfMRI_REST2_LR_hp2000.ica/filtered_func_data.ica/report/IC_83_thresh.png","QQh7bK1BqeqxK4cRpRSKNC9LjlZs_FfW"
"s3://hcp-openaccess/HCP_1200/506234/MNINonLinear/Results/rfMRI_REST2_LR/rfMRI_REST2_LR_hp2000.ica/filtered_func_data.ica/report/IC_8_MM.html","506234","MNINonLinear//Results/rfMRI_REST2_LR/rfMRI_REST2_LR_hp2000.ica/filtered_func_data.ica/report/IC_8_MM.html","PfUmNTY2lhtBC58M1MetuAgaldgSCR57"
"s3://hcp-openaccess/HCP_1200/506234/MNINonLinear/Results/rfMRI_REST2_LR/rfMRI_REST2_LR_hp2000.ica/filtered_func_data.ica/report/IC_8_MMfit.png","506234","MNINonLinear//Results/rfMRI_REST2_LR/rfMRI_REST2_LR_hp2000.ica/filtered_func_data.ica/report/IC_8_MMfit.png","RPWlyBYrChvXub1QzEA63miftRqkXMut"
"s3://hcp-openaccess/HCP_1200/506234/MNINonLinear/Results/rfMRI_REST2_LR/rfMRI_REST2_LR_hp2000.ica/filtered_func_data.ica/report/IC_8_prob.png","506234","MNINonLinear//Results/rfMRI_REST2_LR/rfMRI_REST2_LR_hp2000.ica/filtered_func_data.ica/report/IC_8_prob.png","1nwl8NT6I31VumTsq1Ff.NKFnKqgd8YS"
"s3://hcp-openaccess/HCP_1200/506234/MNINonLinear/Results/rfMRI_REST2_LR/rfMRI_REST2_LR_hp2000.ica/filtered_func_data.ica/report/IC_8_thresh.png","506234","MNINonLinear//Results/rfMRI_REST2_LR/rfMRI_REST2_LR_hp2000.ica/filtered_func_data.ica/report/IC_8_thresh.png","zL0JR0Q7Ws8iQ2YxeznsRfr1zxXwH8s4"
"s3://hcp-openaccess/HCP_1200/506234/MNINonLinear/Results/rfMRI_REST2_LR/rfMRI_REST2_LR_hp2000.ica/filtered_func_data.ica/report/IC_9.html","506234","MNINonLinear//Results/rfMRI_REST2_LR/rfMRI_REST2_LR_hp2000.ica/filtered_func_data.ica/report/IC_9.html","2koeq9X5ga4Pe7GK7uG0YQiubatBUtvW"
"s3://hcp-openaccess/HCP_1200/506234/MNINonLinear/Results/rfMRI_REST2_LR/rfMRI_REST2_LR_hp2000.ica/filtered_func_data.ica/report/IC_9.png","506234","MNINonLinear//Results/rfMRI_REST2_LR/rfMRI_REST2_LR_hp2000.ica/filtered_func_data.ica/report/IC_9.png","MlhVrkIgfCkMHKCVRsOtzIHKlPDuRjW8"
"s3://hcp-openaccess/HCP_1200/506234/MNINonLinear/Results/rfMRI_REST2_LR/rfMRI_REST2_LR_hp2000.ica/filtered_func_data.ica/report/IC_9_MM.html","506234","MNINonLinear//Results/rfMRI_REST2_LR/rfMRI_REST2_LR_hp2000.ica/filtered_func_data.ica/report/IC_9_MM.html","ddHPZHHHpX41JkS_1dg_6E6E37CMzjsV"
"s3://hcp-openaccess/HCP_1200/506234/MNINonLinear/Results/rfMRI_REST2_LR/rfMRI_REST2_LR_hp2000.ica/filtered_func_data.ica/report/IC_9_MMfit.png","506234","MNINonLinear//Results/rfMRI_REST2_LR/rfMRI_REST2_LR_hp2000.ica/filtered_func_data.ica/report/IC_9_MMfit.png","vVA7gEAZvOLAmzSXxdJQUvFHknDjNI2I"
"s3://hcp-openaccess/HCP_1200/506234/MNINonLinear/Results/rfMRI_REST2_LR/rfMRI_REST2_LR_hp2000.ica/filtered_func_data.ica/report/IC_9_prob.png","506234","MNINonLinear//Results/rfMRI_REST2_LR/rfMRI_REST2_LR_hp2000.ica/filtered_func_data.ica/report/IC_9_prob.png","4DnIFDlNLSwYe8l85Yc9c7J1M8cUJbwD"
"s3://hcp-openaccess/HCP_1200/506234/MNINonLinear/Results/rfMRI_REST2_LR/rfMRI_REST2_LR_hp2000.ica/filtered_func_data.ica/report/IC_9_thresh.png","506234","MNINonLinear//Results/rfMRI_REST2_LR/rfMRI_REST2_LR_hp2000.ica/filtered_func_data.ica/report/IC_9_thresh.png","IMJlV1OQJCoaBIQGbrSr6ixP00Tznxsf"
"s3://hcp-openaccess/HCP_1200/506234/MNINonLinear/Results/rfMRI_REST2_LR/rfMRI_REST2_LR_hp2000.ica/filtered_func_data.ica/report/f1.png","506234","MNINonLinear//Results/rfMRI_REST2_LR/rfMRI_REST2_LR_hp2000.ica/filtered_func_data.ica/report/f1.png","euyO9mjs5B2v3YBO21EmTOaX8U15PMsN"
"s3://hcp-openaccess/HCP_1200/506234/MNINonLinear/Results/rfMRI_REST2_LR/rfMRI_REST2_LR_hp2000.ica/filtered_func_data.ica/report/f1.txt","506234","MNINonLinear//Results/rfMRI_REST2_LR/rfMRI_REST2_LR_hp2000.ica/filtered_func_data.ica/report/f1.txt","uZ6ERvnlvip7ayeulnbce3i.JTQlVN2S"
"s3://hcp-openaccess/HCP_1200/506234/MNINonLinear/Results/rfMRI_REST2_LR/rfMRI_REST2_LR_hp2000.ica/filtered_func_data.ica/report/f10.png","506234","MNINonLinear//Results/rfMRI_REST2_LR/rfMRI_REST2_LR_hp2000.ica/filtered_func_data.ica/report/f10.png","k9oV5luHEfKV0asggJMTKIxH3XCTBTa."
"s3://hcp-openaccess/HCP_1200/506234/MNINonLinear/Results/rfMRI_REST2_LR/rfMRI_REST2_LR_hp2000.ica/filtered_func_data.ica/report/f10.txt","506234","MNINonLinear//Results/rfMRI_REST2_LR/rfMRI_REST2_LR_hp2000.ica/filtered_func_data.ica/report/f10.txt","TxSNyXj_SQcXDlPdCTPACXVCxKYvBYIz"
"s3://hcp-openaccess/HCP_1200/506234/MNINonLinear/Results/rfMRI_REST2_LR/rfMRI_REST2_LR_hp2000.ica/filtered_func_data.ica/report/f11.png","506234","MNINonLinear//Results/rfMRI_REST2_LR/rfMRI_REST2_LR_hp2000.ica/filtered_func_data.ica/report/f11.png","OBCFmcrSo3jsOt0d0u17iH7Q8d2W2Tsj"
"s3://hcp-openaccess/HCP_1200/506234/MNINonLinear/Results/rfMRI_REST2_LR/rfMRI_REST2_LR_hp2000.ica/filtered_func_data.ica/report/f11.txt","506234","MNINonLinear//Results/rfMRI_REST2_LR/rfMRI_REST2_LR_hp2000.ica/filtered_func_data.ica/report/f11.txt","66KCDHXi.xROwOyRFg3_Dr_0BTm1FWcY"
"s3://hcp-openaccess/HCP_1200/506234/MNINonLinear/Results/rfMRI_REST2_LR/rfMRI_REST2_LR_hp2000.ica/filtered_func_data.ica/report/f12.png","506234","MNINonLinear//Results/rfMRI_REST2_LR/rfMRI_REST2_LR_hp2000.ica/filtered_func_data.ica/report/f12.png","TpkFGUEciE9sYkDqtZdenpIyneCgLEwG"
"s3://hcp-openaccess/HCP_1200/506234/MNINonLinear/Results/rfMRI_REST2_LR/rfMRI_REST2_LR_hp2000.ica/filtered_func_data.ica/report/f12.txt","506234","MNINonLinear//Results/rfMRI_REST2_LR/rfMRI_REST2_LR_hp2000.ica/filtered_func_data.ica/report/f12.txt","jXHpMW9kf_oQc4pxDa1f4jCvtWu69OXW"
"s3://hcp-openaccess/HCP_1200/506234/MNINonLinear/Results/rfMRI_REST2_LR/rfMRI_REST2_LR_hp2000.ica/filtered_func_data.ica/report/f13.png","506234","MNINonLinear//Results/rfMRI_REST2_LR/rfMRI_REST2_LR_hp2000.ica/filtered_func_data.ica/report/f13.png","DDqmqP55I2SQ068UElpExuWYOyGPnWjQ"
"s3://hcp-openaccess/HCP_1200/506234/MNINonLinear/Results/rfMRI_REST2_LR/rfMRI_REST2_LR_hp2000.ica/filtered_func_data.ica/report/f13.txt","506234","MNINonLinear//Results/rfMRI_REST2_LR/rfMRI_REST2_LR_hp2000.ica/filtered_func_data.ica/report/f13.txt","XaNLvc.WtZaQYtJ6EJ4EhUzuLtHA8dVL"
"s3://hcp-openaccess/HCP_1200/506234/MNINonLinear/Results/rfMRI_REST2_LR/rfMRI_REST2_LR_hp2000.ica/filtered_func_data.ica/report/f14.png","506234","MNINonLinear//Results/rfMRI_REST2_LR/rfMRI_REST2_LR_hp2000.ica/filtered_func_data.ica/report/f14.png","pTPuDGFFWSaNHfZ9pZQbCP_wQAbHfCzQ"
"s3://hcp-openaccess/HCP_1200/506234/MNINonLinear/Results/rfMRI_REST2_LR/rfMRI_REST2_LR_hp2000.ica/filtered_func_data.ica/report/f14.txt","506234","MNINonLinear//Results/rfMRI_REST2_LR/rfMRI_REST2_LR_hp2000.ica/filtered_func_data.ica/report/f14.txt","jEmpyuGdD5LM9SxScAzutaL1mzOmOGw8"
"s3://hcp-openaccess/HCP_1200/506234/MNINonLinear/Results/rfMRI_REST2_LR/rfMRI_REST2_LR_hp2000.ica/filtered_func_data.ica/report/f15.png","506234","MNINonLinear//Results/rfMRI_REST2_LR/rfMRI_REST2_LR_hp2000.ica/filtered_func_data.ica/report/f15.png","fVP9RBPCOnK7mQCvCBDSC4EHHJXY0fc4"
"s3://hcp-openaccess/HCP_1200/506234/MNINonLinear/Results/rfMRI_REST2_LR/rfMRI_REST2_LR_hp2000.ica/filtered_func_data.ica/report/f15.txt","506234","MNINonLinear//Results/rfMRI_REST2_LR/rfMRI_REST2_LR_hp2000.ica/filtered_func_data.ica/report/f15.txt","Uz4Mi8ss3NfMUgs8.SPEMnszQCJZoKCm"
"s3://hcp-openaccess/HCP_1200/506234/MNINonLinear/Results/rfMRI_REST2_LR/rfMRI_REST2_LR_hp2000.ica/filtered_func_data.ica/report/f16.png","506234","MNINonLinear//Results/rfMRI_REST2_LR/rfMRI_REST2_LR_hp2000.ica/filtered_func_data.ica/report/f16.png","OJIXbdeHWCxDSL.rdsLXj3aYNMAqPurl"
"s3://hcp-openaccess/HCP_1200/506234/MNINonLinear/Results/rfMRI_REST2_LR/rfMRI_REST2_LR_hp2000.ica/filtered_func_data.ica/report/f16.txt","506234","MNINonLinear//Results/rfMRI_REST2_LR/rfMRI_REST2_LR_hp2000.ica/filtered_func_data.ica/report/f16.txt","MGLfwy3z7U_.NB8HvxCcierBml5jd4V1"
"s3://hcp-openaccess/HCP_1200/506234/MNINonLinear/Results/rfMRI_REST2_LR/rfMRI_REST2_LR_hp2000.ica/filtered_func_data.ica/report/f17.png","506234","MNINonLinear//Results/rfMRI_REST2_LR/rfMRI_REST2_LR_hp2000.ica/filtered_func_data.ica/report/f17.png","eILJ7rZZItu1YbPuaCUcAi7XmKDMI_Xd"
"s3://hcp-openaccess/HCP_1200/506234/MNINonLinear/Results/rfMRI_REST2_LR/rfMRI_REST2_LR_hp2000.ica/filtered_func_data.ica/report/f17.txt","506234","MNINonLinear//Results/rfMRI_REST2_LR/rfMRI_REST2_LR_hp2000.ica/filtered_func_data.ica/report/f17.txt","TNlXZSvtpd.eq2kD60hgMWKJvmp0dWHZ"
"s3://hcp-openaccess/HCP_1200/506234/MNINonLinear/Results/rfMRI_REST2_LR/rfMRI_REST2_LR_hp2000.ica/filtered_func_data.ica/report/f18.png","506234","MNINonLinear//Results/rfMRI_REST2_LR/rfMRI_REST2_LR_hp2000.ica/filtered_func_data.ica/report/f18.png","Xi27eIgpk.9dtu3hHL6iDTY.aM9oZUSY"
"s3://hcp-openaccess/HCP_1200/506234/MNINonLinear/Results/rfMRI_REST2_LR/rfMRI_REST2_LR_hp2000.ica/filtered_func_data.ica/report/f18.txt","506234","MNINonLinear//Results/rfMRI_REST2_LR/rfMRI_REST2_LR_hp2000.ica/filtered_func_data.ica/report/f18.txt","gTxndRAE4KRmHS5JMkjpojDvQpTf_HU1"
"s3://hcp-openaccess/HCP_1200/506234/MNINonLinear/Results/rfMRI_REST2_LR/rfMRI_REST2_LR_hp2000.ica/filtered_func_data.ica/report/f19.png","506234","MNINonLinear//Results/rfMRI_REST2_LR/rfMRI_REST2_LR_hp2000.ica/filtered_func_data.ica/report/f19.png","LYkJ16bm8NeuD2y1evcspW6HY_PO8_LD"
"s3://hcp-openaccess/HCP_1200/506234/MNINonLinear/Results/rfMRI_REST2_LR/rfMRI_REST2_LR_hp2000.ica/filtered_func_data.ica/report/f19.txt","506234","MNINonLinear//Results/rfMRI_REST2_LR/rfMRI_REST2_LR_hp2000.ica/filtered_func_data.ica/report/f19.txt","qYCDV8ZlZzLxD0wVb76BBjhcZfWZWgto"
"s3://hcp-openaccess/HCP_1200/506234/MNINonLinear/Results/rfMRI_REST2_LR/rfMRI_REST2_LR_hp2000.ica/filtered_func_data.ica/report/f2.png","506234","MNINonLinear//Results/rfMRI_REST2_LR/rfMRI_REST2_LR_hp2000.ica/filtered_func_data.ica/report/f2.png","BkEhmj5sNX3Z5V_OpIGuUqqoAfK5z3xx"
"s3://hcp-openaccess/HCP_1200/506234/MNINonLinear/Results/rfMRI_REST2_LR/rfMRI_REST2_LR_hp2000.ica/filtered_func_data.ica/report/f2.txt","506234","MNINonLinear//Results/rfMRI_REST2_LR/rfMRI_REST2_LR_hp2000.ica/filtered_func_data.ica/report/f2.txt","nSCQhdN7eji1q2PscBldyq2b39RvJazL"
"s3://hcp-openaccess/HCP_1200/506234/MNINonLinear/Results/rfMRI_REST2_LR/rfMRI_REST2_LR_hp2000.ica/filtered_func_data.ica/report/f20.png","506234","MNINonLinear//Results/rfMRI_REST2_LR/rfMRI_REST2_LR_hp2000.ica/filtered_func_data.ica/report/f20.png","hN6DlmHPf1R.J104xcNGlH1XyL03vGpN"
"s3://hcp-openaccess/HCP_1200/506234/MNINonLinear/Results/rfMRI_REST2_LR/rfMRI_REST2_LR_hp2000.ica/filtered_func_data.ica/report/f20.txt","506234","MNINonLinear//Results/rfMRI_REST2_LR/rfMRI_REST2_LR_hp2000.ica/filtered_func_data.ica/report/f20.txt","p92v4ociIQRXctdim89di64YnJA6mAND"
"s3://hcp-openaccess/HCP_1200/506234/MNINonLinear/Results/rfMRI_REST2_LR/rfMRI_REST2_LR_hp2000.ica/filtered_func_data.ica/report/f21.png","506234","MNINonLinear//Results/rfMRI_REST2_LR/rfMRI_REST2_LR_hp2000.ica/filtered_func_data.ica/report/f21.png","2AyuZOveXCtymOJI3lMl97tDsZJI_R_G"
"s3://hcp-openaccess/HCP_1200/506234/MNINonLinear/Results/rfMRI_REST2_LR/rfMRI_REST2_LR_hp2000.ica/filtered_func_data.ica/report/f21.txt","506234","MNINonLinear//Results/rfMRI_REST2_LR/rfMRI_REST2_LR_hp2000.ica/filtered_func_data.ica/report/f21.txt","Oa6BhJWVyXkdrOm6i3MquKbaNzZnxEvD"
"s3://hcp-openaccess/HCP_1200/506234/MNINonLinear/Results/rfMRI_REST2_LR/rfMRI_REST2_LR_hp2000.ica/filtered_func_data.ica/report/f22.png","506234","MNINonLinear//Results/rfMRI_REST2_LR/rfMRI_REST2_LR_hp2000.ica/filtered_func_data.ica/report/f22.png","Dtn5kc23dFKuJ75GgpkZ3VX.4Rcaoj3i"
"s3://hcp-openaccess/HCP_1200/506234/MNINonLinear/Results/rfMRI_REST2_LR/rfMRI_REST2_LR_hp2000.ica/filtered_func_data.ica/report/f22.txt","506234","MNINonLinear//Results/rfMRI_REST2_LR/rfMRI_REST2_LR_hp2000.ica/filtered_func_data.ica/report/f22.txt","Mm7Mp0WfvA1UkhsvHWVdnpRMKMBGz1gm"
"s3://hcp-openaccess/HCP_1200/506234/MNINonLinear/Results/rfMRI_REST2_LR/rfMRI_REST2_LR_hp2000.ica/filtered_func_data.ica/report/f23.png","506234","MNINonLinear//Results/rfMRI_REST2_LR/rfMRI_REST2_LR_hp2000.ica/filtered_func_data.ica/report/f23.png","8kxSlhoBP9FDeC6MqgOl2AE0FPLjO98M"
"s3://hcp-openaccess/HCP_1200/506234/MNINonLinear/Results/rfMRI_REST2_LR/rfMRI_REST2_LR_hp2000.ica/filtered_func_data.ica/report/f23.txt","506234","MNINonLinear//Results/rfMRI_REST2_LR/rfMRI_REST2_LR_hp2000.ica/filtered_func_data.ica/report/f23.txt","cO3XmM7NrxC3PPB_jZ_Q1kfSFfHY.Bp4"
"s3://hcp-openaccess/HCP_1200/506234/MNINonLinear/Results/rfMRI_REST2_LR/rfMRI_REST2_LR_hp2000.ica/filtered_func_data.ica/report/f24.png","506234","MNINonLinear//Results/rfMRI_REST2_LR/rfMRI_REST2_LR_hp2000.ica/filtered_func_data.ica/report/f24.png","US7KaRN3IbzBUSisMw91fdnaOc4hPfcR"
"s3://hcp-openaccess/HCP_1200/506234/MNINonLinear/Results/rfMRI_REST2_LR/rfMRI_REST2_LR_hp2000.ica/filtered_func_data.ica/report/f24.txt","506234","MNINonLinear//Results/rfMRI_REST2_LR/rfMRI_REST2_LR_hp2000.ica/filtered_func_data.ica/report/f24.txt","fi5vUlHqkXZwYCPV9aqKqTmDoopO0keF"
"s3://hcp-openaccess/HCP_1200/506234/MNINonLinear/Results/rfMRI_REST2_LR/rfMRI_REST2_LR_hp2000.ica/filtered_func_data.ica/report/f25.png","506234","MNINonLinear//Results/rfMRI_REST2_LR/rfMRI_REST2_LR_hp2000.ica/filtered_func_data.ica/report/f25.png","_bt_dCKLgs8PABCUMNMPH.Ql3yBXoxu."
"s3://hcp-openaccess/HCP_1200/506234/MNINonLinear/Results/rfMRI_REST2_LR/rfMRI_REST2_LR_hp2000.ica/filtered_func_data.ica/report/f25.txt","506234","MNINonLinear//Results/rfMRI_REST2_LR/rfMRI_REST2_LR_hp2000.ica/filtered_func_data.ica/report/f25.txt","Af0OlPbqjTOc5oKbZb0chmwfEWmvNzsm"
"s3://hcp-openaccess/HCP_1200/506234/MNINonLinear/Results/rfMRI_REST2_LR/rfMRI_REST2_LR_hp2000.ica/filtered_func_data.ica/report/f26.png","506234","MNINonLinear//Results/rfMRI_REST2_LR/rfMRI_REST2_LR_hp2000.ica/filtered_func_data.ica/report/f26.png","2tXraVY_vlHBkgOETUcw8.m7UkXwvX2d"
"s3://hcp-openaccess/HCP_1200/506234/MNINonLinear/Results/rfMRI_REST2_LR/rfMRI_REST2_LR_hp2000.ica/filtered_func_data.ica/report/f26.txt","506234","MNINonLinear//Results/rfMRI_REST2_LR/rfMRI_REST2_LR_hp2000.ica/filtered_func_data.ica/report/f26.txt","WrltDGa10wGpT4IpgoD9CZqGEDD8D.SB"
"s3://hcp-openaccess/HCP_1200/506234/MNINonLinear/Results/rfMRI_REST2_LR/rfMRI_REST2_LR_hp2000.ica/filtered_func_data.ica/report/f27.png","506234","MNINonLinear//Results/rfMRI_REST2_LR/rfMRI_REST2_LR_hp2000.ica/filtered_func_data.ica/report/f27.png","4QAj7ZjjMNdqoiw2TZ1AnjvIlm380m.s"
"s3://hcp-openaccess/HCP_1200/506234/MNINonLinear/Results/rfMRI_REST2_LR/rfMRI_REST2_LR_hp2000.ica/filtered_func_data.ica/report/f27.txt","506234","MNINonLinear//Results/rfMRI_REST2_LR/rfMRI_REST2_LR_hp2000.ica/filtered_func_data.ica/report/f27.txt","GPTe.lapWQrbRr9oBPgmTLIu2HWNs17J"
"s3://hcp-openaccess/HCP_1200/506234/MNINonLinear/Results/rfMRI_REST2_LR/rfMRI_REST2_LR_hp2000.ica/filtered_func_data.ica/report/f28.png","506234","MNINonLinear//Results/rfMRI_REST2_LR/rfMRI_REST2_LR_hp2000.ica/filtered_func_data.ica/report/f28.png","CI9Nit7YCDLt985g_2Kjj3O5b1PUeUFo"
"s3://hcp-openaccess/HCP_1200/506234/MNINonLinear/Results/rfMRI_REST2_LR/rfMRI_REST2_LR_hp2000.ica/filtered_func_data.ica/report/f28.txt","506234","MNINonLinear//Results/rfMRI_REST2_LR/rfMRI_REST2_LR_hp2000.ica/filtered_func_data.ica/report/f28.txt","ey6hDfXNtZRb0nN9DgnIf9xjTSpJ9YKd"
"s3://hcp-openaccess/HCP_1200/506234/MNINonLinear/Results/rfMRI_REST2_LR/rfMRI_REST2_LR_hp2000.ica/filtered_func_data.ica/report/f29.png","506234","MNINonLinear//Results/rfMRI_REST2_LR/rfMRI_REST2_LR_hp2000.ica/filtered_func_data.ica/report/f29.png","mtFcrAM7Bxm2v_0zPIah1qdCTkh0RGfb"
"s3://hcp-openaccess/HCP_1200/506234/MNINonLinear/Results/rfMRI_REST2_LR/rfMRI_REST2_LR_hp2000.ica/filtered_func_data.ica/report/f29.txt","506234","MNINonLinear//Results/rfMRI_REST2_LR/rfMRI_REST2_LR_hp2000.ica/filtered_func_data.ica/report/f29.txt","tKm.QwuTNn7htAOxG_LJGgDzshivHLHF"
"s3://hcp-openaccess/HCP_1200/506234/MNINonLinear/Results/rfMRI_REST2_LR/rfMRI_REST2_LR_hp2000.ica/filtered_func_data.ica/report/f3.png","506234","MNINonLinear//Results/rfMRI_REST2_LR/rfMRI_REST2_LR_hp2000.ica/filtered_func_data.ica/report/f3.png","OptmN8G3WldvOdo67tezTKRmjcj7j_NT"
"s3://hcp-openaccess/HCP_1200/506234/MNINonLinear/Results/rfMRI_REST2_LR/rfMRI_REST2_LR_hp2000.ica/filtered_func_data.ica/report/f3.txt","506234","MNINonLinear//Results/rfMRI_REST2_LR/rfMRI_REST2_LR_hp2000.ica/filtered_func_data.ica/report/f3.txt","xp8Q6BLRX5u_CY.hbUH5pSKYWIivOLAq"
"s3://hcp-openaccess/HCP_1200/506234/MNINonLinear/Results/rfMRI_REST2_LR/rfMRI_REST2_LR_hp2000.ica/filtered_func_data.ica/report/f30.png","506234","MNINonLinear//Results/rfMRI_REST2_LR/rfMRI_REST2_LR_hp2000.ica/filtered_func_data.ica/report/f30.png","gU_2u7HkELH0n2fyETGJIm85oTVsielV"
"s3://hcp-openaccess/HCP_1200/506234/MNINonLinear/Results/rfMRI_REST2_LR/rfMRI_REST2_LR_hp2000.ica/filtered_func_data.ica/report/f30.txt","506234","MNINonLinear//Results/rfMRI_REST2_LR/rfMRI_REST2_LR_hp2000.ica/filtered_func_data.ica/report/f30.txt","bj1VRimT3yL4TZ3G9xqya_jk7.v0QVRV"
"s3://hcp-openaccess/HCP_1200/506234/MNINonLinear/Results/rfMRI_REST2_LR/rfMRI_REST2_LR_hp2000.ica/filtered_func_data.ica/report/f31.png","506234","MNINonLinear//Results/rfMRI_REST2_LR/rfMRI_REST2_LR_hp2000.ica/filtered_func_data.ica/report/f31.png","VXBiK15hAbl7hutZLWhCERjjjKOJGUy4"
"s3://hcp-openaccess/HCP_1200/506234/MNINonLinear/Results/rfMRI_REST2_LR/rfMRI_REST2_LR_hp2000.ica/filtered_func_data.ica/report/f31.txt","506234","MNINonLinear//Results/rfMRI_REST2_LR/rfMRI_REST2_LR_hp2000.ica/filtered_func_data.ica/report/f31.txt","JkQ5oe86vQiKRTBbEr29QV08bdRu4iN8"
"s3://hcp-openaccess/HCP_1200/506234/MNINonLinear/Results/rfMRI_REST2_LR/rfMRI_REST2_LR_hp2000.ica/filtered_func_data.ica/report/f32.png","506234","MNINonLinear//Results/rfMRI_REST2_LR/rfMRI_REST2_LR_hp2000.ica/filtered_func_data.ica/report/f32.png","2xs4JT7L4ctUJMvzptY.m4mG9lbAWpn7"
"s3://hcp-openaccess/HCP_1200/506234/MNINonLinear/Results/rfMRI_REST2_LR/rfMRI_REST2_LR_hp2000.ica/filtered_func_data.ica/report/f32.txt","506234","MNINonLinear//Results/rfMRI_REST2_LR/rfMRI_REST2_LR_hp2000.ica/filtered_func_data.ica/report/f32.txt","i9fRDVZTO8zLpIwGWc_Uhjf5L1QIqjKm"
"s3://hcp-openaccess/HCP_1200/506234/MNINonLinear/Results/rfMRI_REST2_LR/rfMRI_REST2_LR_hp2000.ica/filtered_func_data.ica/report/f33.png","506234","MNINonLinear//Results/rfMRI_REST2_LR/rfMRI_REST2_LR_hp2000.ica/filtered_func_data.ica/report/f33.png","mvobLCVxMx7F7zz_VFtH1lb8dnCfOjEn"
"s3://hcp-openaccess/HCP_1200/506234/MNINonLinear/Results/rfMRI_REST2_LR/rfMRI_REST2_LR_hp2000.ica/filtered_func_data.ica/report/f33.txt","506234","MNINonLinear//Results/rfMRI_REST2_LR/rfMRI_REST2_LR_hp2000.ica/filtered_func_data.ica/report/f33.txt","He3VaPcukH88z9BJ8SPtdL88IM5_5BUG"
"s3://hcp-openaccess/HCP_1200/506234/MNINonLinear/Results/rfMRI_REST2_LR/rfMRI_REST2_LR_hp2000.ica/filtered_func_data.ica/report/f34.png","506234","MNINonLinear//Results/rfMRI_REST2_LR/rfMRI_REST2_LR_hp2000.ica/filtered_func_data.ica/report/f34.png","eLlVMgoustGzTzzvH__Fb.E86vxXDPQ7"
"s3://hcp-openaccess/HCP_1200/506234/MNINonLinear/Results/rfMRI_REST2_LR/rfMRI_REST2_LR_hp2000.ica/filtered_func_data.ica/report/f34.txt","506234","MNINonLinear//Results/rfMRI_REST2_LR/rfMRI_REST2_LR_hp2000.ica/filtered_func_data.ica/report/f34.txt","GCeRJ4DhkEPQPN1G9PBC0HDFlgmcKcJp"
"s3://hcp-openaccess/HCP_1200/506234/MNINonLinear/Results/rfMRI_REST2_LR/rfMRI_REST2_LR_hp2000.ica/filtered_func_data.ica/report/f35.png","506234","MNINonLinear//Results/rfMRI_REST2_LR/rfMRI_REST2_LR_hp2000.ica/filtered_func_data.ica/report/f35.png","NCbSem6LZKQF6_4nXoIOUV9nIZiUeEw9"
"s3://hcp-openaccess/HCP_1200/506234/MNINonLinear/Results/rfMRI_REST2_LR/rfMRI_REST2_LR_hp2000.ica/filtered_func_data.ica/report/f35.txt","506234","MNINonLinear//Results/rfMRI_REST2_LR/rfMRI_REST2_LR_hp2000.ica/filtered_func_data.ica/report/f35.txt","FVlYss3cyiaP3HEuUsbnujbvW1bvLeBn"
"s3://hcp-openaccess/HCP_1200/506234/MNINonLinear/Results/rfMRI_REST2_LR/rfMRI_REST2_LR_hp2000.ica/filtered_func_data.ica/report/f36.png","506234","MNINonLinear//Results/rfMRI_REST2_LR/rfMRI_REST2_LR_hp2000.ica/filtered_func_data.ica/report/f36.png","aRX1X9z5ycBMFMWiugjecOsZPEh8oqSm"
"s3://hcp-openaccess/HCP_1200/506234/MNINonLinear/Results/rfMRI_REST2_LR/rfMRI_REST2_LR_hp2000.ica/filtered_func_data.ica/report/f36.txt","506234","MNINonLinear//Results/rfMRI_REST2_LR/rfMRI_REST2_LR_hp2000.ica/filtered_func_data.ica/report/f36.txt","2I8eIm80Fs7g3HwuS7_OkPlktNXyPovm"
"s3://hcp-openaccess/HCP_1200/506234/MNINonLinear/Results/rfMRI_REST2_LR/rfMRI_REST2_LR_hp2000.ica/filtered_func_data.ica/report/f37.png","506234","MNINonLinear//Results/rfMRI_REST2_LR/rfMRI_REST2_LR_hp2000.ica/filtered_func_data.ica/report/f37.png","AYr8854zaWKusfRKXZltCkuHm5rU0Jie"
"s3://hcp-openaccess/HCP_1200/506234/MNINonLinear/Results/rfMRI_REST2_LR/rfMRI_REST2_LR_hp2000.ica/filtered_func_data.ica/report/f37.txt","506234","MNINonLinear//Results/rfMRI_REST2_LR/rfMRI_REST2_LR_hp2000.ica/filtered_func_data.ica/report/f37.txt","r64ORGEInygxinhCCKztTWtZl83DX7wp"
"s3://hcp-openaccess/HCP_1200/506234/MNINonLinear/Results/rfMRI_REST2_LR/rfMRI_REST2_LR_hp2000.ica/filtered_func_data.ica/report/f38.png","506234","MNINonLinear//Results/rfMRI_REST2_LR/rfMRI_REST2_LR_hp2000.ica/filtered_func_data.ica/report/f38.png","uXuWYOecTyLBFrq1mJDEyraSFtMrbg4T"
"s3://hcp-openaccess/HCP_1200/506234/MNINonLinear/Results/rfMRI_REST2_LR/rfMRI_REST2_LR_hp2000.ica/filtered_func_data.ica/report/f38.txt","506234","MNINonLinear//Results/rfMRI_REST2_LR/rfMRI_REST2_LR_hp2000.ica/filtered_func_data.ica/report/f38.txt","FffUdpuimmsbi2hGtyNtKWnGsrJTgeta"
"s3://hcp-openaccess/HCP_1200/506234/MNINonLinear/Results/rfMRI_REST2_LR/rfMRI_REST2_LR_hp2000.ica/filtered_func_data.ica/report/f39.png","506234","MNINonLinear//Results/rfMRI_REST2_LR/rfMRI_REST2_LR_hp2000.ica/filtered_func_data.ica/report/f39.png","h4ZOPK4AzXz8Ef4LqAsWVlE7azORlYoB"
"s3://hcp-openaccess/HCP_1200/506234/MNINonLinear/Results/rfMRI_REST2_LR/rfMRI_REST2_LR_hp2000.ica/filtered_func_data.ica/report/f39.txt","506234","MNINonLinear//Results/rfMRI_REST2_LR/rfMRI_REST2_LR_hp2000.ica/filtered_func_data.ica/report/f39.txt","627myJrj3cWpo9Kr_tiLeWDkeVT18wf5"
"s3://hcp-openaccess/HCP_1200/506234/MNINonLinear/Results/rfMRI_REST2_LR/rfMRI_REST2_LR_hp2000.ica/filtered_func_data.ica/report/f4.png","506234","MNINonLinear//Results/rfMRI_REST2_LR/rfMRI_REST2_LR_hp2000.ica/filtered_func_data.ica/report/f4.png","twxWd0qoWGU0NxKvpRo3nx.4C_7qu8a_"
"s3://hcp-openaccess/HCP_1200/506234/MNINonLinear/Results/rfMRI_REST2_LR/rfMRI_REST2_LR_hp2000.ica/filtered_func_data.ica/report/f4.txt","506234","MNINonLinear//Results/rfMRI_REST2_LR/rfMRI_REST2_LR_hp2000.ica/filtered_func_data.ica/report/f4.txt","f9Tb3rDvQdg2h.BKTUrBv3.7X83oXZIn"
"s3://hcp-openaccess/HCP_1200/506234/MNINonLinear/Results/rfMRI_REST2_LR/rfMRI_REST2_LR_hp2000.ica/filtered_func_data.ica/report/f40.png","506234","MNINonLinear//Results/rfMRI_REST2_LR/rfMRI_REST2_LR_hp2000.ica/filtered_func_data.ica/report/f40.png","t07N.nkWW6GhI1B4fjJqb4fPpwB4HlkI"
"s3://hcp-openaccess/HCP_1200/506234/MNINonLinear/Results/rfMRI_REST2_LR/rfMRI_REST2_LR_hp2000.ica/filtered_func_data.ica/report/f40.txt","506234","MNINonLinear//Results/rfMRI_REST2_LR/rfMRI_REST2_LR_hp2000.ica/filtered_func_data.ica/report/f40.txt","4qyfLT2IbkkGL0ADNAxXGPPcqve70UCy"
"s3://hcp-openaccess/HCP_1200/506234/MNINonLinear/Results/rfMRI_REST2_LR/rfMRI_REST2_LR_hp2000.ica/filtered_func_data.ica/report/f41.png","506234","MNINonLinear//Results/rfMRI_REST2_LR/rfMRI_REST2_LR_hp2000.ica/filtered_func_data.ica/report/f41.png","qr_RPNTuK6fRiOCGUFnHrNHepAQGBo0E"
"s3://hcp-openaccess/HCP_1200/506234/MNINonLinear/Results/rfMRI_REST2_LR/rfMRI_REST2_LR_hp2000.ica/filtered_func_data.ica/report/f41.txt","506234","MNINonLinear//Results/rfMRI_REST2_LR/rfMRI_REST2_LR_hp2000.ica/filtered_func_data.ica/report/f41.txt","k0qv8GOVppNSrGegMkcXoYn8AgPoUPGG"
"s3://hcp-openaccess/HCP_1200/506234/MNINonLinear/Results/rfMRI_REST2_LR/rfMRI_REST2_LR_hp2000.ica/filtered_func_data.ica/report/f42.png","506234","MNINonLinear//Results/rfMRI_REST2_LR/rfMRI_REST2_LR_hp2000.ica/filtered_func_data.ica/report/f42.png","pqX.MFPkrtlGSwrOOgSI3xi4VAe78lSe"
"s3://hcp-openaccess/HCP_1200/506234/MNINonLinear/Results/rfMRI_REST2_LR/rfMRI_REST2_LR_hp2000.ica/filtered_func_data.ica/report/f42.txt","506234","MNINonLinear//Results/rfMRI_REST2_LR/rfMRI_REST2_LR_hp2000.ica/filtered_func_data.ica/report/f42.txt","faIwLVNSWmwLXX6qFWSd5JR_3esNPzjs"
"s3://hcp-openaccess/HCP_1200/506234/MNINonLinear/Results/rfMRI_REST2_LR/rfMRI_REST2_LR_hp2000.ica/filtered_func_data.ica/report/f43.png","506234","MNINonLinear//Results/rfMRI_REST2_LR/rfMRI_REST2_LR_hp2000.ica/filtered_func_data.ica/report/f43.png","t52NhDIpjSADIyKFU3n._j2Vegp5Dtvx"
"s3://hcp-openaccess/HCP_1200/506234/MNINonLinear/Results/rfMRI_REST2_LR/rfMRI_REST2_LR_hp2000.ica/filtered_func_data.ica/report/f43.txt","506234","MNINonLinear//Results/rfMRI_REST2_LR/rfMRI_REST2_LR_hp2000.ica/filtered_func_data.ica/report/f43.txt","WQvspIft8ksBrp87CN6OWjQe0coR0kH5"
"s3://hcp-openaccess/HCP_1200/506234/MNINonLinear/Results/rfMRI_REST2_LR/rfMRI_REST2_LR_hp2000.ica/filtered_func_data.ica/report/f44.png","506234","MNINonLinear//Results/rfMRI_REST2_LR/rfMRI_REST2_LR_hp2000.ica/filtered_func_data.ica/report/f44.png","zEk2XNUXNE.CFNyC6HPWdxVILP5E1BfP"
"s3://hcp-openaccess/HCP_1200/506234/MNINonLinear/Results/rfMRI_REST2_LR/rfMRI_REST2_LR_hp2000.ica/filtered_func_data.ica/report/f44.txt","506234","MNINonLinear//Results/rfMRI_REST2_LR/rfMRI_REST2_LR_hp2000.ica/filtered_func_data.ica/report/f44.txt","H9vqzdeOrwE4EKQtDJC5mpH0r3cZAthx"
"s3://hcp-openaccess/HCP_1200/506234/MNINonLinear/Results/rfMRI_REST2_LR/rfMRI_REST2_LR_hp2000.ica/filtered_func_data.ica/report/f45.png","506234","MNINonLinear//Results/rfMRI_REST2_LR/rfMRI_REST2_LR_hp2000.ica/filtered_func_data.ica/report/f45.png","K4GAttQhze1amfVCAkjhAuI.igFiCahi"
"s3://hcp-openaccess/HCP_1200/506234/MNINonLinear/Results/rfMRI_REST2_LR/rfMRI_REST2_LR_hp2000.ica/filtered_func_data.ica/report/f45.txt","506234","MNINonLinear//Results/rfMRI_REST2_LR/rfMRI_REST2_LR_hp2000.ica/filtered_func_data.ica/report/f45.txt","_XeDVNhTtE3s7wuCKFaSQBekMMFczz9W"
"s3://hcp-openaccess/HCP_1200/506234/MNINonLinear/Results/rfMRI_REST2_LR/rfMRI_REST2_LR_hp2000.ica/filtered_func_data.ica/report/f46.png","506234","MNINonLinear//Results/rfMRI_REST2_LR/rfMRI_REST2_LR_hp2000.ica/filtered_func_data.ica/report/f46.png","OAA1yYkhRAYwASEeI_zFwzQku2wcVFNq"
"s3://hcp-openaccess/HCP_1200/506234/MNINonLinear/Results/rfMRI_REST2_LR/rfMRI_REST2_LR_hp2000.ica/filtered_func_data.ica/report/f46.txt","506234","MNINonLinear//Results/rfMRI_REST2_LR/rfMRI_REST2_LR_hp2000.ica/filtered_func_data.ica/report/f46.txt","U3GDhdpYmE0Rh_2CD4powufttJz5Ha1S"
"s3://hcp-openaccess/HCP_1200/506234/MNINonLinear/Results/rfMRI_REST2_LR/rfMRI_REST2_LR_hp2000.ica/filtered_func_data.ica/report/f47.png","506234","MNINonLinear//Results/rfMRI_REST2_LR/rfMRI_REST2_LR_hp2000.ica/filtered_func_data.ica/report/f47.png","EVaF0ornLkbruYQi6IEAicOz0h10Em.H"
"s3://hcp-openaccess/HCP_1200/506234/MNINonLinear/Results/rfMRI_REST2_LR/rfMRI_REST2_LR_hp2000.ica/filtered_func_data.ica/report/f47.txt","506234","MNINonLinear//Results/rfMRI_REST2_LR/rfMRI_REST2_LR_hp2000.ica/filtered_func_data.ica/report/f47.txt","BDb3YrVQ0oNhtve3UWOmwehmvD.m3pXG"
"s3://hcp-openaccess/HCP_1200/506234/MNINonLinear/Results/rfMRI_REST2_LR/rfMRI_REST2_LR_hp2000.ica/filtered_func_data.ica/report/f48.png","506234","MNINonLinear//Results/rfMRI_REST2_LR/rfMRI_REST2_LR_hp2000.ica/filtered_func_data.ica/report/f48.png","Q_oo7EtM2j0J4pcEZniaiJHl03.q15aw"
"s3://hcp-openaccess/HCP_1200/506234/MNINonLinear/Results/rfMRI_REST2_LR/rfMRI_REST2_LR_hp2000.ica/filtered_func_data.ica/report/f48.txt","506234","MNINonLinear//Results/rfMRI_REST2_LR/rfMRI_REST2_LR_hp2000.ica/filtered_func_data.ica/report/f48.txt","DUy8pOrQhp49ByGf1RRUg7qztxttZ7gU"
"s3://hcp-openaccess/HCP_1200/506234/MNINonLinear/Results/rfMRI_REST2_LR/rfMRI_REST2_LR_hp2000.ica/filtered_func_data.ica/report/f49.png","506234","MNINonLinear//Results/rfMRI_REST2_LR/rfMRI_REST2_LR_hp2000.ica/filtered_func_data.ica/report/f49.png","T3esi2ENymVSAx4B2cN5Vq3gGUhSQL77"
"s3://hcp-openaccess/HCP_1200/506234/MNINonLinear/Results/rfMRI_REST2_LR/rfMRI_REST2_LR_hp2000.ica/filtered_func_data.ica/report/f49.txt","506234","MNINonLinear//Results/rfMRI_REST2_LR/rfMRI_REST2_LR_hp2000.ica/filtered_func_data.ica/report/f49.txt","a.GlAwPOV9iqQm7QrcNfi3b7QajyD1PI"
"s3://hcp-openaccess/HCP_1200/506234/MNINonLinear/Results/rfMRI_REST2_LR/rfMRI_REST2_LR_hp2000.ica/filtered_func_data.ica/report/f5.png","506234","MNINonLinear//Results/rfMRI_REST2_LR/rfMRI_REST2_LR_hp2000.ica/filtered_func_data.ica/report/f5.png","7IwwyLUvc44wIZROSNSRecwC1yT.u22."
"s3://hcp-openaccess/HCP_1200/506234/MNINonLinear/Results/rfMRI_REST2_LR/rfMRI_REST2_LR_hp2000.ica/filtered_func_data.ica/report/f5.txt","506234","MNINonLinear//Results/rfMRI_REST2_LR/rfMRI_REST2_LR_hp2000.ica/filtered_func_data.ica/report/f5.txt","4KImOd63tvmgBs5pn8LURUw_ByFIqLtG"
"s3://hcp-openaccess/HCP_1200/506234/MNINonLinear/Results/rfMRI_REST2_LR/rfMRI_REST2_LR_hp2000.ica/filtered_func_data.ica/report/f50.png","506234","MNINonLinear//Results/rfMRI_REST2_LR/rfMRI_REST2_LR_hp2000.ica/filtered_func_data.ica/report/f50.png","sSpbIMuUszvzLj7fIjs0vrEmbDcYmiip"
"s3://hcp-openaccess/HCP_1200/506234/MNINonLinear/Results/rfMRI_REST2_LR/rfMRI_REST2_LR_hp2000.ica/filtered_func_data.ica/report/f50.txt","506234","MNINonLinear//Results/rfMRI_REST2_LR/rfMRI_REST2_LR_hp2000.ica/filtered_func_data.ica/report/f50.txt","ya7YC.3pJXJWGnnNSvS18FsP1YUWHRau"
"s3://hcp-openaccess/HCP_1200/506234/MNINonLinear/Results/rfMRI_REST2_LR/rfMRI_REST2_LR_hp2000.ica/filtered_func_data.ica/report/f51.png","506234","MNINonLinear//Results/rfMRI_REST2_LR/rfMRI_REST2_LR_hp2000.ica/filtered_func_data.ica/report/f51.png","3gD1sJUIbmQlwaMQhwsKkAP.yu1ploed"
"s3://hcp-openaccess/HCP_1200/506234/MNINonLinear/Results/rfMRI_REST2_LR/rfMRI_REST2_LR_hp2000.ica/filtered_func_data.ica/report/f51.txt","506234","MNINonLinear//Results/rfMRI_REST2_LR/rfMRI_REST2_LR_hp2000.ica/filtered_func_data.ica/report/f51.txt","yAB6b4wZmi3XEdrA0ZwgzD0WwakJXP05"
"s3://hcp-openaccess/HCP_1200/506234/MNINonLinear/Results/rfMRI_REST2_LR/rfMRI_REST2_LR_hp2000.ica/filtered_func_data.ica/report/f52.png","506234","MNINonLinear//Results/rfMRI_REST2_LR/rfMRI_REST2_LR_hp2000.ica/filtered_func_data.ica/report/f52.png","7R0qu5FhKECsQH1HSXjRp.B6tJ3MyqDK"
"s3://hcp-openaccess/HCP_1200/506234/MNINonLinear/Results/rfMRI_REST2_LR/rfMRI_REST2_LR_hp2000.ica/filtered_func_data.ica/report/f52.txt","506234","MNINonLinear//Results/rfMRI_REST2_LR/rfMRI_REST2_LR_hp2000.ica/filtered_func_data.ica/report/f52.txt","_G1JkqeKj6rzyfj52LWWa4qWGjshrMhL"
"s3://hcp-openaccess/HCP_1200/506234/MNINonLinear/Results/rfMRI_REST2_LR/rfMRI_REST2_LR_hp2000.ica/filtered_func_data.ica/report/f53.png","506234","MNINonLinear//Results/rfMRI_REST2_LR/rfMRI_REST2_LR_hp2000.ica/filtered_func_data.ica/report/f53.png","noNCo8t_5cXG9v8MtDeNrLfASFMDGMk4"
"s3://hcp-openaccess/HCP_1200/506234/MNINonLinear/Results/rfMRI_REST2_LR/rfMRI_REST2_LR_hp2000.ica/filtered_func_data.ica/report/f53.txt","506234","MNINonLinear//Results/rfMRI_REST2_LR/rfMRI_REST2_LR_hp2000.ica/filtered_func_data.ica/report/f53.txt","PrjndBO3RHcOqCn7QqH.0cA57TEZOsn2"
"s3://hcp-openaccess/HCP_1200/506234/MNINonLinear/Results/rfMRI_REST2_LR/rfMRI_REST2_LR_hp2000.ica/filtered_func_data.ica/report/f54.png","506234","MNINonLinear//Results/rfMRI_REST2_LR/rfMRI_REST2_LR_hp2000.ica/filtered_func_data.ica/report/f54.png","P6bpdSN_a9hw5xznsws6FxSp8RX19OBF"
"s3://hcp-openaccess/HCP_1200/506234/MNINonLinear/Results/rfMRI_REST2_LR/rfMRI_REST2_LR_hp2000.ica/filtered_func_data.ica/report/f54.txt","506234","MNINonLinear//Results/rfMRI_REST2_LR/rfMRI_REST2_LR_hp2000.ica/filtered_func_data.ica/report/f54.txt","Ntq2jPJljF3zuFpCO4IvLH3yxaZaAm6J"
"s3://hcp-openaccess/HCP_1200/506234/MNINonLinear/Results/rfMRI_REST2_LR/rfMRI_REST2_LR_hp2000.ica/filtered_func_data.ica/report/f55.png","506234","MNINonLinear//Results/rfMRI_REST2_LR/rfMRI_REST2_LR_hp2000.ica/filtered_func_data.ica/report/f55.png","neEQ7h_WRZ6l1U.3iZyXRrkP7jh1SvJI"
"s3://hcp-openaccess/HCP_1200/506234/MNINonLinear/Results/rfMRI_REST2_LR/rfMRI_REST2_LR_hp2000.ica/filtered_func_data.ica/report/f55.txt","506234","MNINonLinear//Results/rfMRI_REST2_LR/rfMRI_REST2_LR_hp2000.ica/filtered_func_data.ica/report/f55.txt","6Qvxm7XCm1y2v1eYkj_oh0.UzFqvLMIK"
"s3://hcp-openaccess/HCP_1200/506234/MNINonLinear/Results/rfMRI_REST2_LR/rfMRI_REST2_LR_hp2000.ica/filtered_func_data.ica/report/f56.png","506234","MNINonLinear//Results/rfMRI_REST2_LR/rfMRI_REST2_LR_hp2000.ica/filtered_func_data.ica/report/f56.png","xdisB2VCwpiXTx9Xm1Oqe_HbfXdOb6ck"
"s3://hcp-openaccess/HCP_1200/506234/MNINonLinear/Results/rfMRI_REST2_LR/rfMRI_REST2_LR_hp2000.ica/filtered_func_data.ica/report/f56.txt","506234","MNINonLinear//Results/rfMRI_REST2_LR/rfMRI_REST2_LR_hp2000.ica/filtered_func_data.ica/report/f56.txt","BOpbLs5I6wGO7Na7hKjKKk20utLU2MOE"
"s3://hcp-openaccess/HCP_1200/506234/MNINonLinear/Results/rfMRI_REST2_LR/rfMRI_REST2_LR_hp2000.ica/filtered_func_data.ica/report/f57.png","506234","MNINonLinear//Results/rfMRI_REST2_LR/rfMRI_REST2_LR_hp2000.ica/filtered_func_data.ica/report/f57.png","UMfMP5hhzyRv3D4Y67hqdaWGBsVQ3.wX"
"s3://hcp-openaccess/HCP_1200/506234/MNINonLinear/Results/rfMRI_REST2_LR/rfMRI_REST2_LR_hp2000.ica/filtered_func_data.ica/report/f57.txt","506234","MNINonLinear//Results/rfMRI_REST2_LR/rfMRI_REST2_LR_hp2000.ica/filtered_func_data.ica/report/f57.txt","1VTH3aLkeW4svU10QO83E_pf0dht7qAh"
"s3://hcp-openaccess/HCP_1200/506234/MNINonLinear/Results/rfMRI_REST2_LR/rfMRI_REST2_LR_hp2000.ica/filtered_func_data.ica/report/f58.png","506234","MNINonLinear//Results/rfMRI_REST2_LR/rfMRI_REST2_LR_hp2000.ica/filtered_func_data.ica/report/f58.png","V3V12..Ptoba_uKPSCpU9rQzQGpWcBD6"
"s3://hcp-openaccess/HCP_1200/506234/MNINonLinear/Results/rfMRI_REST2_LR/rfMRI_REST2_LR_hp2000.ica/filtered_func_data.ica/report/f58.txt","506234","MNINonLinear//Results/rfMRI_REST2_LR/rfMRI_REST2_LR_hp2000.ica/filtered_func_data.ica/report/f58.txt","C3Wc1Ow4CzatIBBTzbmaPA8k3YfKQgGH"
"s3://hcp-openaccess/HCP_1200/506234/MNINonLinear/Results/rfMRI_REST2_LR/rfMRI_REST2_LR_hp2000.ica/filtered_func_data.ica/report/f59.png","506234","MNINonLinear//Results/rfMRI_REST2_LR/rfMRI_REST2_LR_hp2000.ica/filtered_func_data.ica/report/f59.png","ffjqVueqQ8wLWCA1kRWnsZ37L9lWy2Gd"
"s3://hcp-openaccess/HCP_1200/506234/MNINonLinear/Results/rfMRI_REST2_LR/rfMRI_REST2_LR_hp2000.ica/filtered_func_data.ica/report/f59.txt","506234","MNINonLinear//Results/rfMRI_REST2_LR/rfMRI_REST2_LR_hp2000.ica/filtered_func_data.ica/report/f59.txt","3CLaTRO0U4ABs1nDFNmuvjQZDxftDdba"
"s3://hcp-openaccess/HCP_1200/506234/MNINonLinear/Results/rfMRI_REST2_LR/rfMRI_REST2_LR_hp2000.ica/filtered_func_data.ica/report/f6.png","506234","MNINonLinear//Results/rfMRI_REST2_LR/rfMRI_REST2_LR_hp2000.ica/filtered_func_data.ica/report/f6.png","R4bgv7kF1.6HD823fOI0KJDSFQUIPCZA"
"s3://hcp-openaccess/HCP_1200/506234/MNINonLinear/Results/rfMRI_REST2_LR/rfMRI_REST2_LR_hp2000.ica/filtered_func_data.ica/report/f6.txt","506234","MNINonLinear//Results/rfMRI_REST2_LR/rfMRI_REST2_LR_hp2000.ica/filtered_func_data.ica/report/f6.txt","MNeKSS3Wlrpe6H196mM6AcXMMs5iNiIk"
"s3://hcp-openaccess/HCP_1200/506234/MNINonLinear/Results/rfMRI_REST2_LR/rfMRI_REST2_LR_hp2000.ica/filtered_func_data.ica/report/f60.png","506234","MNINonLinear//Results/rfMRI_REST2_LR/rfMRI_REST2_LR_hp2000.ica/filtered_func_data.ica/report/f60.png","kFA1DMqR7yeHwcfPFLHQCs4ri5dsx.VT"
"s3://hcp-openaccess/HCP_1200/506234/MNINonLinear/Results/rfMRI_REST2_LR/rfMRI_REST2_LR_hp2000.ica/filtered_func_data.ica/report/f60.txt","506234","MNINonLinear//Results/rfMRI_REST2_LR/rfMRI_REST2_LR_hp2000.ica/filtered_func_data.ica/report/f60.txt","lE54jHOzr0JpDYYG4OH61.vkiDCZ9.X1"
"s3://hcp-openaccess/HCP_1200/506234/MNINonLinear/Results/rfMRI_REST2_LR/rfMRI_REST2_LR_hp2000.ica/filtered_func_data.ica/report/f61.png","506234","MNINonLinear//Results/rfMRI_REST2_LR/rfMRI_REST2_LR_hp2000.ica/filtered_func_data.ica/report/f61.png","5j8Gijt0Vq8z6MgTLOpM3m14Uw2MnYgx"
"s3://hcp-openaccess/HCP_1200/506234/MNINonLinear/Results/rfMRI_REST2_LR/rfMRI_REST2_LR_hp2000.ica/filtered_func_data.ica/report/f61.txt","506234","MNINonLinear//Results/rfMRI_REST2_LR/rfMRI_REST2_LR_hp2000.ica/filtered_func_data.ica/report/f61.txt","ZFIwIlxvwAmgMaip1vCBdh.HlunNu_dK"
"s3://hcp-openaccess/HCP_1200/506234/MNINonLinear/Results/rfMRI_REST2_LR/rfMRI_REST2_LR_hp2000.ica/filtered_func_data.ica/report/f62.png","506234","MNINonLinear//Results/rfMRI_REST2_LR/rfMRI_REST2_LR_hp2000.ica/filtered_func_data.ica/report/f62.png","EyYn89Ulv.ZOBPEfgV8ws07dwSfpqbyi"
"s3://hcp-openaccess/HCP_1200/506234/MNINonLinear/Results/rfMRI_REST2_LR/rfMRI_REST2_LR_hp2000.ica/filtered_func_data.ica/report/f62.txt","506234","MNINonLinear//Results/rfMRI_REST2_LR/rfMRI_REST2_LR_hp2000.ica/filtered_func_data.ica/report/f62.txt","Rnc3bZixYXJ7JeiAG6VJfv9gSW0JF884"
"s3://hcp-openaccess/HCP_1200/506234/MNINonLinear/Results/rfMRI_REST2_LR/rfMRI_REST2_LR_hp2000.ica/filtered_func_data.ica/report/f63.png","506234","MNINonLinear//Results/rfMRI_REST2_LR/rfMRI_REST2_LR_hp2000.ica/filtered_func_data.ica/report/f63.png","zOoMPB.TnIbLOLmHWPUx7eUq2IKIFcsP"
"s3://hcp-openaccess/HCP_1200/506234/MNINonLinear/Results/rfMRI_REST2_LR/rfMRI_REST2_LR_hp2000.ica/filtered_func_data.ica/report/f63.txt","506234","MNINonLinear//Results/rfMRI_REST2_LR/rfMRI_REST2_LR_hp2000.ica/filtered_func_data.ica/report/f63.txt","_BwwoZyOSvw5FWA4qh6pUjGep326NIhm"
"s3://hcp-openaccess/HCP_1200/506234/MNINonLinear/Results/rfMRI_REST2_LR/rfMRI_REST2_LR_hp2000.ica/filtered_func_data.ica/report/f64.png","506234","MNINonLinear//Results/rfMRI_REST2_LR/rfMRI_REST2_LR_hp2000.ica/filtered_func_data.ica/report/f64.png","rCjn9itptkYaP5wfXSIk4I70hZA2KL3D"
"s3://hcp-openaccess/HCP_1200/506234/MNINonLinear/Results/rfMRI_REST2_LR/rfMRI_REST2_LR_hp2000.ica/filtered_func_data.ica/report/f64.txt","506234","MNINonLinear//Results/rfMRI_REST2_LR/rfMRI_REST2_LR_hp2000.ica/filtered_func_data.ica/report/f64.txt","R5YA9HhvihzscboSI.rIxf42jPLIYc_x"
"s3://hcp-openaccess/HCP_1200/506234/MNINonLinear/Results/rfMRI_REST2_LR/rfMRI_REST2_LR_hp2000.ica/filtered_func_data.ica/report/f65.png","506234","MNINonLinear//Results/rfMRI_REST2_LR/rfMRI_REST2_LR_hp2000.ica/filtered_func_data.ica/report/f65.png","z_kZk6B_wpEOrJTPyVF8ykv0hqwF3Hno"
"s3://hcp-openaccess/HCP_1200/506234/MNINonLinear/Results/rfMRI_REST2_LR/rfMRI_REST2_LR_hp2000.ica/filtered_func_data.ica/report/f65.txt","506234","MNINonLinear//Results/rfMRI_REST2_LR/rfMRI_REST2_LR_hp2000.ica/filtered_func_data.ica/report/f65.txt","EziHVslVp3rdeOgzhKb73b_Uufv9FXSe"
"s3://hcp-openaccess/HCP_1200/506234/MNINonLinear/Results/rfMRI_REST2_LR/rfMRI_REST2_LR_hp2000.ica/filtered_func_data.ica/report/f66.png","506234","MNINonLinear//Results/rfMRI_REST2_LR/rfMRI_REST2_LR_hp2000.ica/filtered_func_data.ica/report/f66.png","AdHaNWX0bx67ezePYCtCqGCdQGGgmzDt"
"s3://hcp-openaccess/HCP_1200/506234/MNINonLinear/Results/rfMRI_REST2_LR/rfMRI_REST2_LR_hp2000.ica/filtered_func_data.ica/report/f66.txt","506234","MNINonLinear//Results/rfMRI_REST2_LR/rfMRI_REST2_LR_hp2000.ica/filtered_func_data.ica/report/f66.txt","21o4aoPqoIY3leeyDeIm6v.PqhtHPXN."
"s3://hcp-openaccess/HCP_1200/506234/MNINonLinear/Results/rfMRI_REST2_LR/rfMRI_REST2_LR_hp2000.ica/filtered_func_data.ica/report/f67.png","506234","MNINonLinear//Results/rfMRI_REST2_LR/rfMRI_REST2_LR_hp2000.ica/filtered_func_data.ica/report/f67.png","IhZZvrFs_qoQkVWSgIo1opSIFqp5Bbe2"
"s3://hcp-openaccess/HCP_1200/506234/MNINonLinear/Results/rfMRI_REST2_LR/rfMRI_REST2_LR_hp2000.ica/filtered_func_data.ica/report/f67.txt","506234","MNINonLinear//Results/rfMRI_REST2_LR/rfMRI_REST2_LR_hp2000.ica/filtered_func_data.ica/report/f67.txt","vdddgawg.ZuQRX_2RMD_9W8iww5tlOnn"
"s3://hcp-openaccess/HCP_1200/506234/MNINonLinear/Results/rfMRI_REST2_LR/rfMRI_REST2_LR_hp2000.ica/filtered_func_data.ica/report/f68.png","506234","MNINonLinear//Results/rfMRI_REST2_LR/rfMRI_REST2_LR_hp2000.ica/filtered_func_data.ica/report/f68.png","SGAs2hWmngr1XS61dXEJ0UZRslLIFo7a"
"s3://hcp-openaccess/HCP_1200/506234/MNINonLinear/Results/rfMRI_REST2_LR/rfMRI_REST2_LR_hp2000.ica/filtered_func_data.ica/report/f68.txt","506234","MNINonLinear//Results/rfMRI_REST2_LR/rfMRI_REST2_LR_hp2000.ica/filtered_func_data.ica/report/f68.txt","B1J29L4lXgBSYOiWF1wHhCgeav1XNB0U"
"s3://hcp-openaccess/HCP_1200/506234/MNINonLinear/Results/rfMRI_REST2_LR/rfMRI_REST2_LR_hp2000.ica/filtered_func_data.ica/report/f69.png","506234","MNINonLinear//Results/rfMRI_REST2_LR/rfMRI_REST2_LR_hp2000.ica/filtered_func_data.ica/report/f69.png","JQHokC5i.SAqRFt6Q_4_FrhrFfPQAB7S"
"s3://hcp-openaccess/HCP_1200/506234/MNINonLinear/Results/rfMRI_REST2_LR/rfMRI_REST2_LR_hp2000.ica/filtered_func_data.ica/report/f69.txt","506234","MNINonLinear//Results/rfMRI_REST2_LR/rfMRI_REST2_LR_hp2000.ica/filtered_func_data.ica/report/f69.txt",".f9GQwQtyjAQujhlE2v_xfJnICu6RZfD"
"s3://hcp-openaccess/HCP_1200/506234/MNINonLinear/Results/rfMRI_REST2_LR/rfMRI_REST2_LR_hp2000.ica/filtered_func_data.ica/report/f7.png","506234","MNINonLinear//Results/rfMRI_REST2_LR/rfMRI_REST2_LR_hp2000.ica/filtered_func_data.ica/report/f7.png","RtSn5Y46FxWENjpPmLKkIknbWV4yodeI"
"s3://hcp-openaccess/HCP_1200/506234/MNINonLinear/Results/rfMRI_REST2_LR/rfMRI_REST2_LR_hp2000.ica/filtered_func_data.ica/report/f7.txt","506234","MNINonLinear//Results/rfMRI_REST2_LR/rfMRI_REST2_LR_hp2000.ica/filtered_func_data.ica/report/f7.txt","7p_nsJU8Ct371uyCKpNVHTYbTo.j2am."
"s3://hcp-openaccess/HCP_1200/506234/MNINonLinear/Results/rfMRI_REST2_LR/rfMRI_REST2_LR_hp2000.ica/filtered_func_data.ica/report/f70.png","506234","MNINonLinear//Results/rfMRI_REST2_LR/rfMRI_REST2_LR_hp2000.ica/filtered_func_data.ica/report/f70.png","P0Wd1dh23KDKnuRfHKDO_Avi7aEmAUQ1"
"s3://hcp-openaccess/HCP_1200/506234/MNINonLinear/Results/rfMRI_REST2_LR/rfMRI_REST2_LR_hp2000.ica/filtered_func_data.ica/report/f70.txt","506234","MNINonLinear//Results/rfMRI_REST2_LR/rfMRI_REST2_LR_hp2000.ica/filtered_func_data.ica/report/f70.txt","3O_Dx0lqY3Apqn18Xp.Udji7xy3QaoR_"
"s3://hcp-openaccess/HCP_1200/506234/MNINonLinear/Results/rfMRI_REST2_LR/rfMRI_REST2_LR_hp2000.ica/filtered_func_data.ica/report/f71.png","506234","MNINonLinear//Results/rfMRI_REST2_LR/rfMRI_REST2_LR_hp2000.ica/filtered_func_data.ica/report/f71.png","mfD.Bb4FuxaNm8OLHVaimxM.vfG43KyE"
"s3://hcp-openaccess/HCP_1200/506234/MNINonLinear/Results/rfMRI_REST2_LR/rfMRI_REST2_LR_hp2000.ica/filtered_func_data.ica/report/f71.txt","506234","MNINonLinear//Results/rfMRI_REST2_LR/rfMRI_REST2_LR_hp2000.ica/filtered_func_data.ica/report/f71.txt","uzNlB6g6jJ2TT9vQNKS6dZ7_W24N4CHs"
"s3://hcp-openaccess/HCP_1200/506234/MNINonLinear/Results/rfMRI_REST2_LR/rfMRI_REST2_LR_hp2000.ica/filtered_func_data.ica/report/f72.png","506234","MNINonLinear//Results/rfMRI_REST2_LR/rfMRI_REST2_LR_hp2000.ica/filtered_func_data.ica/report/f72.png","qo9Fd7Um1kEwhYzzICHk1sdGpr.n459G"
"s3://hcp-openaccess/HCP_1200/506234/MNINonLinear/Results/rfMRI_REST2_LR/rfMRI_REST2_LR_hp2000.ica/filtered_func_data.ica/report/f72.txt","506234","MNINonLinear//Results/rfMRI_REST2_LR/rfMRI_REST2_LR_hp2000.ica/filtered_func_data.ica/report/f72.txt","Rbh7_Bxah8pYHonR_pSQtZTle6dduCtF"
"s3://hcp-openaccess/HCP_1200/506234/MNINonLinear/Results/rfMRI_REST2_LR/rfMRI_REST2_LR_hp2000.ica/filtered_func_data.ica/report/f73.png","506234","MNINonLinear//Results/rfMRI_REST2_LR/rfMRI_REST2_LR_hp2000.ica/filtered_func_data.ica/report/f73.png","Sr2LrdV_ZZJMgmxWF8fD9O.dfyFwKwB2"
"s3://hcp-openaccess/HCP_1200/506234/MNINonLinear/Results/rfMRI_REST2_LR/rfMRI_REST2_LR_hp2000.ica/filtered_func_data.ica/report/f73.txt","506234","MNINonLinear//Results/rfMRI_REST2_LR/rfMRI_REST2_LR_hp2000.ica/filtered_func_data.ica/report/f73.txt",".En92japHJf4datEAq0LHu8RW5Tn.yO8"
"s3://hcp-openaccess/HCP_1200/506234/MNINonLinear/Results/rfMRI_REST2_LR/rfMRI_REST2_LR_hp2000.ica/filtered_func_data.ica/report/f74.png","506234","MNINonLinear//Results/rfMRI_REST2_LR/rfMRI_REST2_LR_hp2000.ica/filtered_func_data.ica/report/f74.png","4WOE2wu.wxs2O2bfAzyUj5Eh_iTu6EJY"
"s3://hcp-openaccess/HCP_1200/506234/MNINonLinear/Results/rfMRI_REST2_LR/rfMRI_REST2_LR_hp2000.ica/filtered_func_data.ica/report/f74.txt","506234","MNINonLinear//Results/rfMRI_REST2_LR/rfMRI_REST2_LR_hp2000.ica/filtered_func_data.ica/report/f74.txt","NNuTDZCPVj3pKmVscLzeqnH_l_vbhhAd"
"s3://hcp-openaccess/HCP_1200/506234/MNINonLinear/Results/rfMRI_REST2_LR/rfMRI_REST2_LR_hp2000.ica/filtered_func_data.ica/report/f75.png","506234","MNINonLinear//Results/rfMRI_REST2_LR/rfMRI_REST2_LR_hp2000.ica/filtered_func_data.ica/report/f75.png","ghOLfS7uCB1DrgEDLRixzvW_k_moCH0N"
"s3://hcp-openaccess/HCP_1200/506234/MNINonLinear/Results/rfMRI_REST2_LR/rfMRI_REST2_LR_hp2000.ica/filtered_func_data.ica/report/f75.txt","506234","MNINonLinear//Results/rfMRI_REST2_LR/rfMRI_REST2_LR_hp2000.ica/filtered_func_data.ica/report/f75.txt","VZ4_46DNhiyTeUQgcGEdo6PBccECffxg"
"s3://hcp-openaccess/HCP_1200/506234/MNINonLinear/Results/rfMRI_REST2_LR/rfMRI_REST2_LR_hp2000.ica/filtered_func_data.ica/report/f76.png","506234","MNINonLinear//Results/rfMRI_REST2_LR/rfMRI_REST2_LR_hp2000.ica/filtered_func_data.ica/report/f76.png","kA4KBjd31PKuA6AgmN0jsWAqTbV0Bi7r"
"s3://hcp-openaccess/HCP_1200/506234/MNINonLinear/Results/rfMRI_REST2_LR/rfMRI_REST2_LR_hp2000.ica/filtered_func_data.ica/report/f76.txt","506234","MNINonLinear//Results/rfMRI_REST2_LR/rfMRI_REST2_LR_hp2000.ica/filtered_func_data.ica/report/f76.txt","gWTp.mTCOAZ5yvZSRrRZPvOXzSA1Lz39"
"s3://hcp-openaccess/HCP_1200/506234/MNINonLinear/Results/rfMRI_REST2_LR/rfMRI_REST2_LR_hp2000.ica/filtered_func_data.ica/report/f77.png","506234","MNINonLinear//Results/rfMRI_REST2_LR/rfMRI_REST2_LR_hp2000.ica/filtered_func_data.ica/report/f77.png","Fc7mxPiZ2sUp3iSYI.Bd0CaOmtu_N.Sd"
"s3://hcp-openaccess/HCP_1200/506234/MNINonLinear/Results/rfMRI_REST2_LR/rfMRI_REST2_LR_hp2000.ica/filtered_func_data.ica/report/f77.txt","506234","MNINonLinear//Results/rfMRI_REST2_LR/rfMRI_REST2_LR_hp2000.ica/filtered_func_data.ica/report/f77.txt","2uFW2yPOR5DXvGDFEWiqyg.Q7wg89zVl"
"s3://hcp-openaccess/HCP_1200/506234/MNINonLinear/Results/rfMRI_REST2_LR/rfMRI_REST2_LR_hp2000.ica/filtered_func_data.ica/report/f78.png","506234","MNINonLinear//Results/rfMRI_REST2_LR/rfMRI_REST2_LR_hp2000.ica/filtered_func_data.ica/report/f78.png","c6q7mqiSX4O7T80oHpeW5cG0XSm7DtD3"
"s3://hcp-openaccess/HCP_1200/506234/MNINonLinear/Results/rfMRI_REST2_LR/rfMRI_REST2_LR_hp2000.ica/filtered_func_data.ica/report/f78.txt","506234","MNINonLinear//Results/rfMRI_REST2_LR/rfMRI_REST2_LR_hp2000.ica/filtered_func_data.ica/report/f78.txt","7uUhrlklxm7Dfee7gMWLgQTH6uH2TpOA"
"s3://hcp-openaccess/HCP_1200/506234/MNINonLinear/Results/rfMRI_REST2_LR/rfMRI_REST2_LR_hp2000.ica/filtered_func_data.ica/report/f79.png","506234","MNINonLinear//Results/rfMRI_REST2_LR/rfMRI_REST2_LR_hp2000.ica/filtered_func_data.ica/report/f79.png","C1FYiwks4GRo9DCQv9eRbXEb4BWHWa2P"
"s3://hcp-openaccess/HCP_1200/506234/MNINonLinear/Results/rfMRI_REST2_LR/rfMRI_REST2_LR_hp2000.ica/filtered_func_data.ica/report/f79.txt","506234","MNINonLinear//Results/rfMRI_REST2_LR/rfMRI_REST2_LR_hp2000.ica/filtered_func_data.ica/report/f79.txt","P6cXbTs5uRIBEIIV6ZS1wBTQJboReE1N"
"s3://hcp-openaccess/HCP_1200/506234/MNINonLinear/Results/rfMRI_REST2_LR/rfMRI_REST2_LR_hp2000.ica/filtered_func_data.ica/report/f8.png","506234","MNINonLinear//Results/rfMRI_REST2_LR/rfMRI_REST2_LR_hp2000.ica/filtered_func_data.ica/report/f8.png","NCYYExsqWI...snOiQSzy1NwIa.T2EhO"
"s3://hcp-openaccess/HCP_1200/506234/MNINonLinear/Results/rfMRI_REST2_LR/rfMRI_REST2_LR_hp2000.ica/filtered_func_data.ica/report/f8.txt","506234","MNINonLinear//Results/rfMRI_REST2_LR/rfMRI_REST2_LR_hp2000.ica/filtered_func_data.ica/report/f8.txt","UpILKG0xXd7gqkm.DV2Lw9vWyT2Dkf4j"
"s3://hcp-openaccess/HCP_1200/506234/MNINonLinear/Results/rfMRI_REST2_LR/rfMRI_REST2_LR_hp2000.ica/filtered_func_data.ica/report/f80.png","506234","MNINonLinear//Results/rfMRI_REST2_LR/rfMRI_REST2_LR_hp2000.ica/filtered_func_data.ica/report/f80.png","3LMyUhH5LQ24.XJVRAgQhqSBi7FAvVhq"
"s3://hcp-openaccess/HCP_1200/506234/MNINonLinear/Results/rfMRI_REST2_LR/rfMRI_REST2_LR_hp2000.ica/filtered_func_data.ica/report/f80.txt","506234","MNINonLinear//Results/rfMRI_REST2_LR/rfMRI_REST2_LR_hp2000.ica/filtered_func_data.ica/report/f80.txt","Csp4tzqYSdO8OITFLTgd0iyLmzYX3fyZ"
"s3://hcp-openaccess/HCP_1200/506234/MNINonLinear/Results/rfMRI_REST2_LR/rfMRI_REST2_LR_hp2000.ica/filtered_func_data.ica/report/f81.png","506234","MNINonLinear//Results/rfMRI_REST2_LR/rfMRI_REST2_LR_hp2000.ica/filtered_func_data.ica/report/f81.png","bslN9SFL48d96D38Plx4GPLNHfgkVv3B"
"s3://hcp-openaccess/HCP_1200/506234/MNINonLinear/Results/rfMRI_REST2_LR/rfMRI_REST2_LR_hp2000.ica/filtered_func_data.ica/report/f81.txt","506234","MNINonLinear//Results/rfMRI_REST2_LR/rfMRI_REST2_LR_hp2000.ica/filtered_func_data.ica/report/f81.txt","eKPRStBp2Ms2sIE5EUHr8XyBP3G91qI4"
"s3://hcp-openaccess/HCP_1200/506234/MNINonLinear/Results/rfMRI_REST2_LR/rfMRI_REST2_LR_hp2000.ica/filtered_func_data.ica/report/f82.png","506234","MNINonLinear//Results/rfMRI_REST2_LR/rfMRI_REST2_LR_hp2000.ica/filtered_func_data.ica/report/f82.png","72pvZLHlzIb_sYDHpwC9Jg9mN0q6xM9n"
"s3://hcp-openaccess/HCP_1200/506234/MNINonLinear/Results/rfMRI_REST2_LR/rfMRI_REST2_LR_hp2000.ica/filtered_func_data.ica/report/f82.txt","506234","MNINonLinear//Results/rfMRI_REST2_LR/rfMRI_REST2_LR_hp2000.ica/filtered_func_data.ica/report/f82.txt","3fWBdwQImC196ELzGubNYSftyPIG0qPe"
"s3://hcp-openaccess/HCP_1200/506234/MNINonLinear/Results/rfMRI_REST2_LR/rfMRI_REST2_LR_hp2000.ica/filtered_func_data.ica/report/f83.png","506234","MNINonLinear//Results/rfMRI_REST2_LR/rfMRI_REST2_LR_hp2000.ica/filtered_func_data.ica/report/f83.png","UUeeyL8Y82SolMYXfSCXNqmVurQB5mfd"
"s3://hcp-openaccess/HCP_1200/506234/MNINonLinear/Results/rfMRI_REST2_LR/rfMRI_REST2_LR_hp2000.ica/filtered_func_data.ica/report/f83.txt","506234","MNINonLinear//Results/rfMRI_REST2_LR/rfMRI_REST2_LR_hp2000.ica/filtered_func_data.ica/report/f83.txt","c9nDpVbQLSVp3bLDjvtYLJNPld0fzjIh"
"s3://hcp-openaccess/HCP_1200/506234/MNINonLinear/Results/rfMRI_REST2_LR/rfMRI_REST2_LR_hp2000.ica/filtered_func_data.ica/report/f9.png","506234","MNINonLinear//Results/rfMRI_REST2_LR/rfMRI_REST2_LR_hp2000.ica/filtered_func_data.ica/report/f9.png",".ipQTQ3DICpE9xwbDVkYFft_e5S5Rn.B"
"s3://hcp-openaccess/HCP_1200/506234/MNINonLinear/Results/rfMRI_REST2_LR/rfMRI_REST2_LR_hp2000.ica/filtered_func_data.ica/report/f9.txt","506234","MNINonLinear//Results/rfMRI_REST2_LR/rfMRI_REST2_LR_hp2000.ica/filtered_func_data.ica/report/f9.txt","NqZP9bkCLaOCCcvebtxGaOAzxYaGN9Hu"
"s3://hcp-openaccess/HCP_1200/506234/MNINonLinear/Results/rfMRI_REST2_LR/rfMRI_REST2_LR_hp2000.ica/filtered_func_data.ica/report/head.html","506234","MNINonLinear//Results/rfMRI_REST2_LR/rfMRI_REST2_LR_hp2000.ica/filtered_func_data.ica/report/head.html","4TAXdF_eaomniwR51svSfdGg_VztbXKV"
"s3://hcp-openaccess/HCP_1200/506234/MNINonLinear/Results/rfMRI_REST2_LR/rfMRI_REST2_LR_hp2000.ica/filtered_func_data.ica/report/log.html","506234","MNINonLinear//Results/rfMRI_REST2_LR/rfMRI_REST2_LR_hp2000.ica/filtered_func_data.ica/report/log.html","a0UTNieV50eA24urlul4IIOc2xqEJyxi"
"s3://hcp-openaccess/HCP_1200/506234/MNINonLinear/Results/rfMRI_REST2_LR/rfMRI_REST2_LR_hp2000.ica/filtered_func_data.ica/report/nav.html","506234","MNINonLinear//Results/rfMRI_REST2_LR/rfMRI_REST2_LR_hp2000.ica/filtered_func_data.ica/report/nav.html","Es1T3qBbGer2ejevigH9aFKZ5ufZiVIt"
"s3://hcp-openaccess/HCP_1200/506234/MNINonLinear/Results/rfMRI_REST2_LR/rfMRI_REST2_LR_hp2000.ica/filtered_func_data.ica/report/t1.png","506234","MNINonLinear//Results/rfMRI_REST2_LR/rfMRI_REST2_LR_hp2000.ica/filtered_func_data.ica/report/t1.png","E00hXzuvAywX1Ms8cRetQpHtZneIHUWT"
"s3://hcp-openaccess/HCP_1200/506234/MNINonLinear/Results/rfMRI_REST2_LR/rfMRI_REST2_LR_hp2000.ica/filtered_func_data.ica/report/t1.txt","506234","MNINonLinear//Results/rfMRI_REST2_LR/rfMRI_REST2_LR_hp2000.ica/filtered_func_data.ica/report/t1.txt","2RV3LgPAj__93k0d5SFzcHwG5SYrsZX3"
"s3://hcp-openaccess/HCP_1200/506234/MNINonLinear/Results/rfMRI_REST2_LR/rfMRI_REST2_LR_hp2000.ica/filtered_func_data.ica/report/t10.png","506234","MNINonLinear//Results/rfMRI_REST2_LR/rfMRI_REST2_LR_hp2000.ica/filtered_func_data.ica/report/t10.png","hf8Q9NLIS7Dc3GsCP.OlYlhbZhZG5byF"
"s3://hcp-openaccess/HCP_1200/506234/MNINonLinear/Results/rfMRI_REST2_LR/rfMRI_REST2_LR_hp2000.ica/filtered_func_data.ica/report/t10.txt","506234","MNINonLinear//Results/rfMRI_REST2_LR/rfMRI_REST2_LR_hp2000.ica/filtered_func_data.ica/report/t10.txt","92KoBQ.tEDH0E8qj_LsEX1D5825cYgOA"
"s3://hcp-openaccess/HCP_1200/506234/MNINonLinear/Results/rfMRI_REST2_LR/rfMRI_REST2_LR_hp2000.ica/filtered_func_data.ica/report/t11.png","506234","MNINonLinear//Results/rfMRI_REST2_LR/rfMRI_REST2_LR_hp2000.ica/filtered_func_data.ica/report/t11.png","lmDlzvyg7b75x_pB.AFlgIX.in109HMG"
"s3://hcp-openaccess/HCP_1200/506234/MNINonLinear/Results/rfMRI_REST2_LR/rfMRI_REST2_LR_hp2000.ica/filtered_func_data.ica/report/t11.txt","506234","MNINonLinear//Results/rfMRI_REST2_LR/rfMRI_REST2_LR_hp2000.ica/filtered_func_data.ica/report/t11.txt","ScH9nLv_xup3qu5o1MHZBVN4S4.LsBvt"
"s3://hcp-openaccess/HCP_1200/506234/MNINonLinear/Results/rfMRI_REST2_LR/rfMRI_REST2_LR_hp2000.ica/filtered_func_data.ica/report/t12.png","506234","MNINonLinear//Results/rfMRI_REST2_LR/rfMRI_REST2_LR_hp2000.ica/filtered_func_data.ica/report/t12.png","f3.PpcqBWfKlBAh6ZBTPTmi59S7IZkXW"
"s3://hcp-openaccess/HCP_1200/506234/MNINonLinear/Results/rfMRI_REST2_LR/rfMRI_REST2_LR_hp2000.ica/filtered_func_data.ica/report/t12.txt","506234","MNINonLinear//Results/rfMRI_REST2_LR/rfMRI_REST2_LR_hp2000.ica/filtered_func_data.ica/report/t12.txt","g5WWLB3nWNVK.oM2IdPLaNwPe09TA0KL"
"s3://hcp-openaccess/HCP_1200/506234/MNINonLinear/Results/rfMRI_REST2_LR/rfMRI_REST2_LR_hp2000.ica/filtered_func_data.ica/report/t13.png","506234","MNINonLinear//Results/rfMRI_REST2_LR/rfMRI_REST2_LR_hp2000.ica/filtered_func_data.ica/report/t13.png","4QvSNtx6lxKV2BW6cWW9pnj1BJxoABrO"
"s3://hcp-openaccess/HCP_1200/506234/MNINonLinear/Results/rfMRI_REST2_LR/rfMRI_REST2_LR_hp2000.ica/filtered_func_data.ica/report/t13.txt","506234","MNINonLinear//Results/rfMRI_REST2_LR/rfMRI_REST2_LR_hp2000.ica/filtered_func_data.ica/report/t13.txt","nwjqYGHpWeUTmy1uaKBWD1RIU9slviRL"
"s3://hcp-openaccess/HCP_1200/506234/MNINonLinear/Results/rfMRI_REST2_LR/rfMRI_REST2_LR_hp2000.ica/filtered_func_data.ica/report/t14.png","506234","MNINonLinear//Results/rfMRI_REST2_LR/rfMRI_REST2_LR_hp2000.ica/filtered_func_data.ica/report/t14.png","pmewFe0EM6pJzMHKXyi1SAkVLtJgVvPW"
"s3://hcp-openaccess/HCP_1200/506234/MNINonLinear/Results/rfMRI_REST2_LR/rfMRI_REST2_LR_hp2000.ica/filtered_func_data.ica/report/t14.txt","506234","MNINonLinear//Results/rfMRI_REST2_LR/rfMRI_REST2_LR_hp2000.ica/filtered_func_data.ica/report/t14.txt","_xqAfdZ8n3eUl0jh7rsEHLy0p2DvzBOv"
"s3://hcp-openaccess/HCP_1200/506234/MNINonLinear/Results/rfMRI_REST2_LR/rfMRI_REST2_LR_hp2000.ica/filtered_func_data.ica/report/t15.png","506234","MNINonLinear//Results/rfMRI_REST2_LR/rfMRI_REST2_LR_hp2000.ica/filtered_func_data.ica/report/t15.png","xY9g2Ix_6_3Ff66gJjRVcgjLtxJRBL.n"
"s3://hcp-openaccess/HCP_1200/506234/MNINonLinear/Results/rfMRI_REST2_LR/rfMRI_REST2_LR_hp2000.ica/filtered_func_data.ica/report/t15.txt","506234","MNINonLinear//Results/rfMRI_REST2_LR/rfMRI_REST2_LR_hp2000.ica/filtered_func_data.ica/report/t15.txt","J7.xhIA6lAJuIwdUO_SZ0OAvGqstnvyF"
"s3://hcp-openaccess/HCP_1200/506234/MNINonLinear/Results/rfMRI_REST2_LR/rfMRI_REST2_LR_hp2000.ica/filtered_func_data.ica/report/t16.png","506234","MNINonLinear//Results/rfMRI_REST2_LR/rfMRI_REST2_LR_hp2000.ica/filtered_func_data.ica/report/t16.png","at86tPKOY6NdKqpJdwy9vpDroNLGDyOE"
"s3://hcp-openaccess/HCP_1200/506234/MNINonLinear/Results/rfMRI_REST2_LR/rfMRI_REST2_LR_hp2000.ica/filtered_func_data.ica/report/t16.txt","506234","MNINonLinear//Results/rfMRI_REST2_LR/rfMRI_REST2_LR_hp2000.ica/filtered_func_data.ica/report/t16.txt","K54UHVdaXpsl6XeXiLTglKrODFQ7WbXZ"
"s3://hcp-openaccess/HCP_1200/506234/MNINonLinear/Results/rfMRI_REST2_LR/rfMRI_REST2_LR_hp2000.ica/filtered_func_data.ica/report/t17.png","506234","MNINonLinear//Results/rfMRI_REST2_LR/rfMRI_REST2_LR_hp2000.ica/filtered_func_data.ica/report/t17.png","aQ5qbG347MtI8f9k9Oz7qjIa2gF0TSva"
"s3://hcp-openaccess/HCP_1200/506234/MNINonLinear/Results/rfMRI_REST2_LR/rfMRI_REST2_LR_hp2000.ica/filtered_func_data.ica/report/t17.txt","506234","MNINonLinear//Results/rfMRI_REST2_LR/rfMRI_REST2_LR_hp2000.ica/filtered_func_data.ica/report/t17.txt","4aOpi57JMAwPXvG1vCfYiK_bDeXlxc_i"
"s3://hcp-openaccess/HCP_1200/506234/MNINonLinear/Results/rfMRI_REST2_LR/rfMRI_REST2_LR_hp2000.ica/filtered_func_data.ica/report/t18.png","506234","MNINonLinear//Results/rfMRI_REST2_LR/rfMRI_REST2_LR_hp2000.ica/filtered_func_data.ica/report/t18.png","sgZ.iUzjsAGRnt2StV.LRgKnR_5nO0C."
"s3://hcp-openaccess/HCP_1200/506234/MNINonLinear/Results/rfMRI_REST2_LR/rfMRI_REST2_LR_hp2000.ica/filtered_func_data.ica/report/t18.txt","506234","MNINonLinear//Results/rfMRI_REST2_LR/rfMRI_REST2_LR_hp2000.ica/filtered_func_data.ica/report/t18.txt","m1HG8eZcrYQtAeWD1FN2UgrSw7aYr0jY"
"s3://hcp-openaccess/HCP_1200/506234/MNINonLinear/Results/rfMRI_REST2_LR/rfMRI_REST2_LR_hp2000.ica/filtered_func_data.ica/report/t19.png","506234","MNINonLinear//Results/rfMRI_REST2_LR/rfMRI_REST2_LR_hp2000.ica/filtered_func_data.ica/report/t19.png","4fEigBX7skAULc4tc0_B23WTmtViuB7P"
"s3://hcp-openaccess/HCP_1200/506234/MNINonLinear/Results/rfMRI_REST2_LR/rfMRI_REST2_LR_hp2000.ica/filtered_func_data.ica/report/t19.txt","506234","MNINonLinear//Results/rfMRI_REST2_LR/rfMRI_REST2_LR_hp2000.ica/filtered_func_data.ica/report/t19.txt","itsgfKOzzjgsH1.j0DynE2W83_2wVEa5"
"s3://hcp-openaccess/HCP_1200/506234/MNINonLinear/Results/rfMRI_REST2_LR/rfMRI_REST2_LR_hp2000.ica/filtered_func_data.ica/report/t2.png","506234","MNINonLinear//Results/rfMRI_REST2_LR/rfMRI_REST2_LR_hp2000.ica/filtered_func_data.ica/report/t2.png","zJBhiuzP9qyNj7kq94PFWOutrMM3W69x"
"s3://hcp-openaccess/HCP_1200/506234/MNINonLinear/Results/rfMRI_REST2_LR/rfMRI_REST2_LR_hp2000.ica/filtered_func_data.ica/report/t2.txt","506234","MNINonLinear//Results/rfMRI_REST2_LR/rfMRI_REST2_LR_hp2000.ica/filtered_func_data.ica/report/t2.txt","h1DhJ.XSsPLa_onRR.AyRbkcFpJBbRRu"
"s3://hcp-openaccess/HCP_1200/506234/MNINonLinear/Results/rfMRI_REST2_LR/rfMRI_REST2_LR_hp2000.ica/filtered_func_data.ica/report/t20.png","506234","MNINonLinear//Results/rfMRI_REST2_LR/rfMRI_REST2_LR_hp2000.ica/filtered_func_data.ica/report/t20.png","_aMntfgtG2sWEDuQSXGIa_GKL49wgKKV"
"s3://hcp-openaccess/HCP_1200/506234/MNINonLinear/Results/rfMRI_REST2_LR/rfMRI_REST2_LR_hp2000.ica/filtered_func_data.ica/report/t20.txt","506234","MNINonLinear//Results/rfMRI_REST2_LR/rfMRI_REST2_LR_hp2000.ica/filtered_func_data.ica/report/t20.txt","mYewefRruoQFUE58mvf7.iwiIFG5Z4ML"
"s3://hcp-openaccess/HCP_1200/506234/MNINonLinear/Results/rfMRI_REST2_LR/rfMRI_REST2_LR_hp2000.ica/filtered_func_data.ica/report/t21.png","506234","MNINonLinear//Results/rfMRI_REST2_LR/rfMRI_REST2_LR_hp2000.ica/filtered_func_data.ica/report/t21.png","b7YgI.G6Tj7WPDZlb8OkSik.q_dwQFRK"
"s3://hcp-openaccess/HCP_1200/506234/MNINonLinear/Results/rfMRI_REST2_LR/rfMRI_REST2_LR_hp2000.ica/filtered_func_data.ica/report/t21.txt","506234","MNINonLinear//Results/rfMRI_REST2_LR/rfMRI_REST2_LR_hp2000.ica/filtered_func_data.ica/report/t21.txt","QZOiV8zS01A62gabSOxWs3u1h503YNXQ"
"s3://hcp-openaccess/HCP_1200/506234/MNINonLinear/Results/rfMRI_REST2_LR/rfMRI_REST2_LR_hp2000.ica/filtered_func_data.ica/report/t22.png","506234","MNINonLinear//Results/rfMRI_REST2_LR/rfMRI_REST2_LR_hp2000.ica/filtered_func_data.ica/report/t22.png","2Lk7HuSAFdEtJWR7DuknuTQLzsiTdLDL"
"s3://hcp-openaccess/HCP_1200/506234/MNINonLinear/Results/rfMRI_REST2_LR/rfMRI_REST2_LR_hp2000.ica/filtered_func_data.ica/report/t22.txt","506234","MNINonLinear//Results/rfMRI_REST2_LR/rfMRI_REST2_LR_hp2000.ica/filtered_func_data.ica/report/t22.txt","ODBUX18knv.IW.ccnyDcnmPbpa3VAi0O"
"s3://hcp-openaccess/HCP_1200/506234/MNINonLinear/Results/rfMRI_REST2_LR/rfMRI_REST2_LR_hp2000.ica/filtered_func_data.ica/report/t23.png","506234","MNINonLinear//Results/rfMRI_REST2_LR/rfMRI_REST2_LR_hp2000.ica/filtered_func_data.ica/report/t23.png","7OaHWY7elZwTz7_Ej2bmsOohOBinHUe6"
"s3://hcp-openaccess/HCP_1200/506234/MNINonLinear/Results/rfMRI_REST2_LR/rfMRI_REST2_LR_hp2000.ica/filtered_func_data.ica/report/t23.txt","506234","MNINonLinear//Results/rfMRI_REST2_LR/rfMRI_REST2_LR_hp2000.ica/filtered_func_data.ica/report/t23.txt","ZXGXvhVqy60TSRP2abODT.d8xHYilGtG"
"s3://hcp-openaccess/HCP_1200/506234/MNINonLinear/Results/rfMRI_REST2_LR/rfMRI_REST2_LR_hp2000.ica/filtered_func_data.ica/report/t24.png","506234","MNINonLinear//Results/rfMRI_REST2_LR/rfMRI_REST2_LR_hp2000.ica/filtered_func_data.ica/report/t24.png","yYaLsLOp7ycT7hM.tBJmdfmt3MkWpnbt"
"s3://hcp-openaccess/HCP_1200/506234/MNINonLinear/Results/rfMRI_REST2_LR/rfMRI_REST2_LR_hp2000.ica/filtered_func_data.ica/report/t24.txt","506234","MNINonLinear//Results/rfMRI_REST2_LR/rfMRI_REST2_LR_hp2000.ica/filtered_func_data.ica/report/t24.txt","0nmfPjXhf.T8qNNVIiVzvopb.o.Ulqof"
"s3://hcp-openaccess/HCP_1200/506234/MNINonLinear/Results/rfMRI_REST2_LR/rfMRI_REST2_LR_hp2000.ica/filtered_func_data.ica/report/t25.png","506234","MNINonLinear//Results/rfMRI_REST2_LR/rfMRI_REST2_LR_hp2000.ica/filtered_func_data.ica/report/t25.png","mmWKjPdNjYpEubJgKhcl4Xa.B81zx5_H"
"s3://hcp-openaccess/HCP_1200/506234/MNINonLinear/Results/rfMRI_REST2_LR/rfMRI_REST2_LR_hp2000.ica/filtered_func_data.ica/report/t25.txt","506234","MNINonLinear//Results/rfMRI_REST2_LR/rfMRI_REST2_LR_hp2000.ica/filtered_func_data.ica/report/t25.txt","CJq1ptyci8G1DHy772KY5ESaUytGrTzi"
"s3://hcp-openaccess/HCP_1200/506234/MNINonLinear/Results/rfMRI_REST2_LR/rfMRI_REST2_LR_hp2000.ica/filtered_func_data.ica/report/t26.png","506234","MNINonLinear//Results/rfMRI_REST2_LR/rfMRI_REST2_LR_hp2000.ica/filtered_func_data.ica/report/t26.png","9r_uXhu6Kw.nERexuNTAnf016.7jknRF"
"s3://hcp-openaccess/HCP_1200/506234/MNINonLinear/Results/rfMRI_REST2_LR/rfMRI_REST2_LR_hp2000.ica/filtered_func_data.ica/report/t26.txt","506234","MNINonLinear//Results/rfMRI_REST2_LR/rfMRI_REST2_LR_hp2000.ica/filtered_func_data.ica/report/t26.txt","ssUZgE9U7.9aMkleExOrz2p.7Z2KykqZ"
"s3://hcp-openaccess/HCP_1200/506234/MNINonLinear/Results/rfMRI_REST2_LR/rfMRI_REST2_LR_hp2000.ica/filtered_func_data.ica/report/t27.png","506234","MNINonLinear//Results/rfMRI_REST2_LR/rfMRI_REST2_LR_hp2000.ica/filtered_func_data.ica/report/t27.png","kRlzxC2SBgKouNJBpajZEFIzY2iLznLS"
"s3://hcp-openaccess/HCP_1200/506234/MNINonLinear/Results/rfMRI_REST2_LR/rfMRI_REST2_LR_hp2000.ica/filtered_func_data.ica/report/t27.txt","506234","MNINonLinear//Results/rfMRI_REST2_LR/rfMRI_REST2_LR_hp2000.ica/filtered_func_data.ica/report/t27.txt","QVAQWXOGVH7JKjnUfPKVxc.ndqv_uI3h"
"s3://hcp-openaccess/HCP_1200/506234/MNINonLinear/Results/rfMRI_REST2_LR/rfMRI_REST2_LR_hp2000.ica/filtered_func_data.ica/report/t28.png","506234","MNINonLinear//Results/rfMRI_REST2_LR/rfMRI_REST2_LR_hp2000.ica/filtered_func_data.ica/report/t28.png","GX5inVjoIil9Ezme9Vj0vlrkM6G23POs"
"s3://hcp-openaccess/HCP_1200/506234/MNINonLinear/Results/rfMRI_REST2_LR/rfMRI_REST2_LR_hp2000.ica/filtered_func_data.ica/report/t28.txt","506234","MNINonLinear//Results/rfMRI_REST2_LR/rfMRI_REST2_LR_hp2000.ica/filtered_func_data.ica/report/t28.txt","gUcAqVMHgeLu2AKSZpdtxUEPf.iQztEc"
"s3://hcp-openaccess/HCP_1200/506234/MNINonLinear/Results/rfMRI_REST2_LR/rfMRI_REST2_LR_hp2000.ica/filtered_func_data.ica/report/t29.png","506234","MNINonLinear//Results/rfMRI_REST2_LR/rfMRI_REST2_LR_hp2000.ica/filtered_func_data.ica/report/t29.png","OkIKzlcTH8gTHHdFI6WeV6k3L.YC9DEO"
"s3://hcp-openaccess/HCP_1200/506234/MNINonLinear/Results/rfMRI_REST2_LR/rfMRI_REST2_LR_hp2000.ica/filtered_func_data.ica/report/t29.txt","506234","MNINonLinear//Results/rfMRI_REST2_LR/rfMRI_REST2_LR_hp2000.ica/filtered_func_data.ica/report/t29.txt","fXLhtntk4rS8orOZ3WnruMC.TOep3fiP"
"s3://hcp-openaccess/HCP_1200/506234/MNINonLinear/Results/rfMRI_REST2_LR/rfMRI_REST2_LR_hp2000.ica/filtered_func_data.ica/report/t3.png","506234","MNINonLinear//Results/rfMRI_REST2_LR/rfMRI_REST2_LR_hp2000.ica/filtered_func_data.ica/report/t3.png","l6ldjOmD7eJAQRYV9h3d6PTnRbAJOlC4"
"s3://hcp-openaccess/HCP_1200/506234/MNINonLinear/Results/rfMRI_REST2_LR/rfMRI_REST2_LR_hp2000.ica/filtered_func_data.ica/report/t3.txt","506234","MNINonLinear//Results/rfMRI_REST2_LR/rfMRI_REST2_LR_hp2000.ica/filtered_func_data.ica/report/t3.txt","Eu1VxN.zALOWzXOEI0U61u1hh7Mnr_g."
"s3://hcp-openaccess/HCP_1200/506234/MNINonLinear/Results/rfMRI_REST2_LR/rfMRI_REST2_LR_hp2000.ica/filtered_func_data.ica/report/t30.png","506234","MNINonLinear//Results/rfMRI_REST2_LR/rfMRI_REST2_LR_hp2000.ica/filtered_func_data.ica/report/t30.png","HrLfkRXj3S97g1yThM_6k8T0hkfDfefk"
"s3://hcp-openaccess/HCP_1200/506234/MNINonLinear/Results/rfMRI_REST2_LR/rfMRI_REST2_LR_hp2000.ica/filtered_func_data.ica/report/t30.txt","506234","MNINonLinear//Results/rfMRI_REST2_LR/rfMRI_REST2_LR_hp2000.ica/filtered_func_data.ica/report/t30.txt","ER21GbWB9KimNrUxSuAk61Og4lZggk_s"
"s3://hcp-openaccess/HCP_1200/506234/MNINonLinear/Results/rfMRI_REST2_LR/rfMRI_REST2_LR_hp2000.ica/filtered_func_data.ica/report/t31.png","506234","MNINonLinear//Results/rfMRI_REST2_LR/rfMRI_REST2_LR_hp2000.ica/filtered_func_data.ica/report/t31.png","AQPOU0UrV8gyuTi5581wW3ddPuNY.piF"
"s3://hcp-openaccess/HCP_1200/506234/MNINonLinear/Results/rfMRI_REST2_LR/rfMRI_REST2_LR_hp2000.ica/filtered_func_data.ica/report/t31.txt","506234","MNINonLinear//Results/rfMRI_REST2_LR/rfMRI_REST2_LR_hp2000.ica/filtered_func_data.ica/report/t31.txt","bakD9kFGI1ojcCo9DZfKh1DP4_5KNIZl"
"s3://hcp-openaccess/HCP_1200/506234/MNINonLinear/Results/rfMRI_REST2_LR/rfMRI_REST2_LR_hp2000.ica/filtered_func_data.ica/report/t32.png","506234","MNINonLinear//Results/rfMRI_REST2_LR/rfMRI_REST2_LR_hp2000.ica/filtered_func_data.ica/report/t32.png","ICFVtCxMWzXv.D26HRaIviQzQYz648lL"
"s3://hcp-openaccess/HCP_1200/506234/MNINonLinear/Results/rfMRI_REST2_LR/rfMRI_REST2_LR_hp2000.ica/filtered_func_data.ica/report/t32.txt","506234","MNINonLinear//Results/rfMRI_REST2_LR/rfMRI_REST2_LR_hp2000.ica/filtered_func_data.ica/report/t32.txt","7cZI4v1neGwEbyxxAS4t2whtjH262kWM"
"s3://hcp-openaccess/HCP_1200/506234/MNINonLinear/Results/rfMRI_REST2_LR/rfMRI_REST2_LR_hp2000.ica/filtered_func_data.ica/report/t33.png","506234","MNINonLinear//Results/rfMRI_REST2_LR/rfMRI_REST2_LR_hp2000.ica/filtered_func_data.ica/report/t33.png","s__S9_euKe_Q19F37RWE7qSkSeeI0.ud"
"s3://hcp-openaccess/HCP_1200/506234/MNINonLinear/Results/rfMRI_REST2_LR/rfMRI_REST2_LR_hp2000.ica/filtered_func_data.ica/report/t33.txt","506234","MNINonLinear//Results/rfMRI_REST2_LR/rfMRI_REST2_LR_hp2000.ica/filtered_func_data.ica/report/t33.txt","ChF3omD_QDj0l9X3YVbL9XKH6qFegf5s"
"s3://hcp-openaccess/HCP_1200/506234/MNINonLinear/Results/rfMRI_REST2_LR/rfMRI_REST2_LR_hp2000.ica/filtered_func_data.ica/report/t34.png","506234","MNINonLinear//Results/rfMRI_REST2_LR/rfMRI_REST2_LR_hp2000.ica/filtered_func_data.ica/report/t34.png","AS6Q7ymi0ToBop7ZlEMsxQ6Iz0z.CqvL"
"s3://hcp-openaccess/HCP_1200/506234/MNINonLinear/Results/rfMRI_REST2_LR/rfMRI_REST2_LR_hp2000.ica/filtered_func_data.ica/report/t34.txt","506234","MNINonLinear//Results/rfMRI_REST2_LR/rfMRI_REST2_LR_hp2000.ica/filtered_func_data.ica/report/t34.txt","E7qYjy6JeJ8.ujPFXhrOu9Xpom7zoTSs"
"s3://hcp-openaccess/HCP_1200/506234/MNINonLinear/Results/rfMRI_REST2_LR/rfMRI_REST2_LR_hp2000.ica/filtered_func_data.ica/report/t35.png","506234","MNINonLinear//Results/rfMRI_REST2_LR/rfMRI_REST2_LR_hp2000.ica/filtered_func_data.ica/report/t35.png",".L6RnA.D8WLxZEOVXlbcB0Dzt3P9ApVj"
"s3://hcp-openaccess/HCP_1200/506234/MNINonLinear/Results/rfMRI_REST2_LR/rfMRI_REST2_LR_hp2000.ica/filtered_func_data.ica/report/t35.txt","506234","MNINonLinear//Results/rfMRI_REST2_LR/rfMRI_REST2_LR_hp2000.ica/filtered_func_data.ica/report/t35.txt","0GvTOB2N0JZG0UHPw6_RZYu560C_.nwm"
"s3://hcp-openaccess/HCP_1200/506234/MNINonLinear/Results/rfMRI_REST2_LR/rfMRI_REST2_LR_hp2000.ica/filtered_func_data.ica/report/t36.png","506234","MNINonLinear//Results/rfMRI_REST2_LR/rfMRI_REST2_LR_hp2000.ica/filtered_func_data.ica/report/t36.png","_2HyXQHsmatbdCk2b8OimvnIJ39gH7RW"
"s3://hcp-openaccess/HCP_1200/506234/MNINonLinear/Results/rfMRI_REST2_LR/rfMRI_REST2_LR_hp2000.ica/filtered_func_data.ica/report/t36.txt","506234","MNINonLinear//Results/rfMRI_REST2_LR/rfMRI_REST2_LR_hp2000.ica/filtered_func_data.ica/report/t36.txt","ogveJds0yXYsXu1kDbZi5wT_phkgDdUr"
"s3://hcp-openaccess/HCP_1200/506234/MNINonLinear/Results/rfMRI_REST2_LR/rfMRI_REST2_LR_hp2000.ica/filtered_func_data.ica/report/t37.png","506234","MNINonLinear//Results/rfMRI_REST2_LR/rfMRI_REST2_LR_hp2000.ica/filtered_func_data.ica/report/t37.png","3yFhhnL4P7XcCE9cUTIBlBsshYjComhV"
"s3://hcp-openaccess/HCP_1200/506234/MNINonLinear/Results/rfMRI_REST2_LR/rfMRI_REST2_LR_hp2000.ica/filtered_func_data.ica/report/t37.txt","506234","MNINonLinear//Results/rfMRI_REST2_LR/rfMRI_REST2_LR_hp2000.ica/filtered_func_data.ica/report/t37.txt",".5K9cfIG._TDqEKfKFCW2afW8R7YYrGK"
"s3://hcp-openaccess/HCP_1200/506234/MNINonLinear/Results/rfMRI_REST2_LR/rfMRI_REST2_LR_hp2000.ica/filtered_func_data.ica/report/t38.png","506234","MNINonLinear//Results/rfMRI_REST2_LR/rfMRI_REST2_LR_hp2000.ica/filtered_func_data.ica/report/t38.png","AkxtZVt5ZaOlEDiBhlzZ_EwiOMruBPVE"
"s3://hcp-openaccess/HCP_1200/506234/MNINonLinear/Results/rfMRI_REST2_LR/rfMRI_REST2_LR_hp2000.ica/filtered_func_data.ica/report/t38.txt","506234","MNINonLinear//Results/rfMRI_REST2_LR/rfMRI_REST2_LR_hp2000.ica/filtered_func_data.ica/report/t38.txt","_zsdMezahKa2Xmig8NFs83c8F9UoHEDd"
"s3://hcp-openaccess/HCP_1200/506234/MNINonLinear/Results/rfMRI_REST2_LR/rfMRI_REST2_LR_hp2000.ica/filtered_func_data.ica/report/t39.png","506234","MNINonLinear//Results/rfMRI_REST2_LR/rfMRI_REST2_LR_hp2000.ica/filtered_func_data.ica/report/t39.png","IG4xpLPq8MUESno4GiCYApKVyGzVk614"
"s3://hcp-openaccess/HCP_1200/506234/MNINonLinear/Results/rfMRI_REST2_LR/rfMRI_REST2_LR_hp2000.ica/filtered_func_data.ica/report/t39.txt","506234","MNINonLinear//Results/rfMRI_REST2_LR/rfMRI_REST2_LR_hp2000.ica/filtered_func_data.ica/report/t39.txt","0SJ9JMciRf8zOQEaIYzPu2xwNyXvwIJP"
"s3://hcp-openaccess/HCP_1200/506234/MNINonLinear/Results/rfMRI_REST2_LR/rfMRI_REST2_LR_hp2000.ica/filtered_func_data.ica/report/t4.png","506234","MNINonLinear//Results/rfMRI_REST2_LR/rfMRI_REST2_LR_hp2000.ica/filtered_func_data.ica/report/t4.png","yooigqajXAmjnLfMVNAy.vw2Bli9Syls"
"s3://hcp-openaccess/HCP_1200/506234/MNINonLinear/Results/rfMRI_REST2_LR/rfMRI_REST2_LR_hp2000.ica/filtered_func_data.ica/report/t4.txt","506234","MNINonLinear//Results/rfMRI_REST2_LR/rfMRI_REST2_LR_hp2000.ica/filtered_func_data.ica/report/t4.txt","gMGDC0ua52lkWZ7_02LpdSE1_Azahjm_"
"s3://hcp-openaccess/HCP_1200/506234/MNINonLinear/Results/rfMRI_REST2_LR/rfMRI_REST2_LR_hp2000.ica/filtered_func_data.ica/report/t40.png","506234","MNINonLinear//Results/rfMRI_REST2_LR/rfMRI_REST2_LR_hp2000.ica/filtered_func_data.ica/report/t40.png","7_3mXq7EBGYtPEJT2XBDDFLj17GUaxIn"
"s3://hcp-openaccess/HCP_1200/506234/MNINonLinear/Results/rfMRI_REST2_LR/rfMRI_REST2_LR_hp2000.ica/filtered_func_data.ica/report/t40.txt","506234","MNINonLinear//Results/rfMRI_REST2_LR/rfMRI_REST2_LR_hp2000.ica/filtered_func_data.ica/report/t40.txt","fOqN3CIavrZom9G033fOz2th5qGkU6Pv"
"s3://hcp-openaccess/HCP_1200/506234/MNINonLinear/Results/rfMRI_REST2_LR/rfMRI_REST2_LR_hp2000.ica/filtered_func_data.ica/report/t41.png","506234","MNINonLinear//Results/rfMRI_REST2_LR/rfMRI_REST2_LR_hp2000.ica/filtered_func_data.ica/report/t41.png","ArDME64eYNJOC5BpT7u7a0t7cSU.dxyk"
"s3://hcp-openaccess/HCP_1200/506234/MNINonLinear/Results/rfMRI_REST2_LR/rfMRI_REST2_LR_hp2000.ica/filtered_func_data.ica/report/t41.txt","506234","MNINonLinear//Results/rfMRI_REST2_LR/rfMRI_REST2_LR_hp2000.ica/filtered_func_data.ica/report/t41.txt","S1GpjBp5UvpkMOLAIJj7NgAfXik.meaA"
"s3://hcp-openaccess/HCP_1200/506234/MNINonLinear/Results/rfMRI_REST2_LR/rfMRI_REST2_LR_hp2000.ica/filtered_func_data.ica/report/t42.png","506234","MNINonLinear//Results/rfMRI_REST2_LR/rfMRI_REST2_LR_hp2000.ica/filtered_func_data.ica/report/t42.png","fVLg.ZQXk6Q5VbnfCQ0FoiS7OmgHKrSb"
"s3://hcp-openaccess/HCP_1200/506234/MNINonLinear/Results/rfMRI_REST2_LR/rfMRI_REST2_LR_hp2000.ica/filtered_func_data.ica/report/t42.txt","506234","MNINonLinear//Results/rfMRI_REST2_LR/rfMRI_REST2_LR_hp2000.ica/filtered_func_data.ica/report/t42.txt","3T9xe9rG4h4yxdMoBRRhSDrJtlanxyaO"
"s3://hcp-openaccess/HCP_1200/506234/MNINonLinear/Results/rfMRI_REST2_LR/rfMRI_REST2_LR_hp2000.ica/filtered_func_data.ica/report/t43.png","506234","MNINonLinear//Results/rfMRI_REST2_LR/rfMRI_REST2_LR_hp2000.ica/filtered_func_data.ica/report/t43.png","9IMviTZNvlM13Z2BrN5bU5YybMeCBePB"
"s3://hcp-openaccess/HCP_1200/506234/MNINonLinear/Results/rfMRI_REST2_LR/rfMRI_REST2_LR_hp2000.ica/filtered_func_data.ica/report/t43.txt","506234","MNINonLinear//Results/rfMRI_REST2_LR/rfMRI_REST2_LR_hp2000.ica/filtered_func_data.ica/report/t43.txt","EKdgd_T37uWhDP29UZjzG2lVuOtIuqAT"
"s3://hcp-openaccess/HCP_1200/506234/MNINonLinear/Results/rfMRI_REST2_LR/rfMRI_REST2_LR_hp2000.ica/filtered_func_data.ica/report/t44.png","506234","MNINonLinear//Results/rfMRI_REST2_LR/rfMRI_REST2_LR_hp2000.ica/filtered_func_data.ica/report/t44.png","VsHywoDCZ4m.1Xi9hjI6JiVbx2w5YfP."
"s3://hcp-openaccess/HCP_1200/506234/MNINonLinear/Results/rfMRI_REST2_LR/rfMRI_REST2_LR_hp2000.ica/filtered_func_data.ica/report/t44.txt","506234","MNINonLinear//Results/rfMRI_REST2_LR/rfMRI_REST2_LR_hp2000.ica/filtered_func_data.ica/report/t44.txt","Tqyo2q6ZN3kHOkVaVTRbZby.yWJBNzuk"
"s3://hcp-openaccess/HCP_1200/506234/MNINonLinear/Results/rfMRI_REST2_LR/rfMRI_REST2_LR_hp2000.ica/filtered_func_data.ica/report/t45.png","506234","MNINonLinear//Results/rfMRI_REST2_LR/rfMRI_REST2_LR_hp2000.ica/filtered_func_data.ica/report/t45.png","axyUdFHUA6g3FrnEUS8Swg52IcHAAxIL"
"s3://hcp-openaccess/HCP_1200/506234/MNINonLinear/Results/rfMRI_REST2_LR/rfMRI_REST2_LR_hp2000.ica/filtered_func_data.ica/report/t45.txt","506234","MNINonLinear//Results/rfMRI_REST2_LR/rfMRI_REST2_LR_hp2000.ica/filtered_func_data.ica/report/t45.txt","qQpgjhv_KUaNXF5CWROxxgVUwgl.27xP"
"s3://hcp-openaccess/HCP_1200/506234/MNINonLinear/Results/rfMRI_REST2_LR/rfMRI_REST2_LR_hp2000.ica/filtered_func_data.ica/report/t46.png","506234","MNINonLinear//Results/rfMRI_REST2_LR/rfMRI_REST2_LR_hp2000.ica/filtered_func_data.ica/report/t46.png","HCn31Pfyw9hIbwzFHzRxmIjapqTEcgvO"
"s3://hcp-openaccess/HCP_1200/506234/MNINonLinear/Results/rfMRI_REST2_LR/rfMRI_REST2_LR_hp2000.ica/filtered_func_data.ica/report/t46.txt","506234","MNINonLinear//Results/rfMRI_REST2_LR/rfMRI_REST2_LR_hp2000.ica/filtered_func_data.ica/report/t46.txt","l.rrrooObK6klTMB9uBI4KBBWOY_qQ9s"
"s3://hcp-openaccess/HCP_1200/506234/MNINonLinear/Results/rfMRI_REST2_LR/rfMRI_REST2_LR_hp2000.ica/filtered_func_data.ica/report/t47.png","506234","MNINonLinear//Results/rfMRI_REST2_LR/rfMRI_REST2_LR_hp2000.ica/filtered_func_data.ica/report/t47.png","S9gpsmQNCJyc7HbEP4ppFfr5yOJNtiIa"
"s3://hcp-openaccess/HCP_1200/506234/MNINonLinear/Results/rfMRI_REST2_LR/rfMRI_REST2_LR_hp2000.ica/filtered_func_data.ica/report/t47.txt","506234","MNINonLinear//Results/rfMRI_REST2_LR/rfMRI_REST2_LR_hp2000.ica/filtered_func_data.ica/report/t47.txt","BKK7WTRK53fOy.5sY.X9a_9egnBf4ndD"
"s3://hcp-openaccess/HCP_1200/506234/MNINonLinear/Results/rfMRI_REST2_LR/rfMRI_REST2_LR_hp2000.ica/filtered_func_data.ica/report/t48.png","506234","MNINonLinear//Results/rfMRI_REST2_LR/rfMRI_REST2_LR_hp2000.ica/filtered_func_data.ica/report/t48.png","SE6_.Q5Ogc4fJaocJx4NC2ej13VU5yPz"
"s3://hcp-openaccess/HCP_1200/506234/MNINonLinear/Results/rfMRI_REST2_LR/rfMRI_REST2_LR_hp2000.ica/filtered_func_data.ica/report/t48.txt","506234","MNINonLinear//Results/rfMRI_REST2_LR/rfMRI_REST2_LR_hp2000.ica/filtered_func_data.ica/report/t48.txt","AXxJImMXFc5rVBoquF2w.uZ8yA3T8Boz"
"s3://hcp-openaccess/HCP_1200/506234/MNINonLinear/Results/rfMRI_REST2_LR/rfMRI_REST2_LR_hp2000.ica/filtered_func_data.ica/report/t49.png","506234","MNINonLinear//Results/rfMRI_REST2_LR/rfMRI_REST2_LR_hp2000.ica/filtered_func_data.ica/report/t49.png","945WkC6jG4vgfW1o2gnaw_A0GistXdXw"
"s3://hcp-openaccess/HCP_1200/506234/MNINonLinear/Results/rfMRI_REST2_LR/rfMRI_REST2_LR_hp2000.ica/filtered_func_data.ica/report/t49.txt","506234","MNINonLinear//Results/rfMRI_REST2_LR/rfMRI_REST2_LR_hp2000.ica/filtered_func_data.ica/report/t49.txt","H5u5jUEtIq0je5DGTT2alAKyHCIw6F.E"
"s3://hcp-openaccess/HCP_1200/506234/MNINonLinear/Results/rfMRI_REST2_LR/rfMRI_REST2_LR_hp2000.ica/filtered_func_data.ica/report/t5.png","506234","MNINonLinear//Results/rfMRI_REST2_LR/rfMRI_REST2_LR_hp2000.ica/filtered_func_data.ica/report/t5.png","GKED8XZ5pPBbtM85MLvlSNpNxsyhxHGY"
"s3://hcp-openaccess/HCP_1200/506234/MNINonLinear/Results/rfMRI_REST2_LR/rfMRI_REST2_LR_hp2000.ica/filtered_func_data.ica/report/t5.txt","506234","MNINonLinear//Results/rfMRI_REST2_LR/rfMRI_REST2_LR_hp2000.ica/filtered_func_data.ica/report/t5.txt","lpbUQCrqpvgHiC_TCInAQl3r0YNtDp1U"
"s3://hcp-openaccess/HCP_1200/506234/MNINonLinear/Results/rfMRI_REST2_LR/rfMRI_REST2_LR_hp2000.ica/filtered_func_data.ica/report/t50.png","506234","MNINonLinear//Results/rfMRI_REST2_LR/rfMRI_REST2_LR_hp2000.ica/filtered_func_data.ica/report/t50.png","sdB9Ly9xjFYRxwheYqnEZzr3666Hdfnl"
"s3://hcp-openaccess/HCP_1200/506234/MNINonLinear/Results/rfMRI_REST2_LR/rfMRI_REST2_LR_hp2000.ica/filtered_func_data.ica/report/t50.txt","506234","MNINonLinear//Results/rfMRI_REST2_LR/rfMRI_REST2_LR_hp2000.ica/filtered_func_data.ica/report/t50.txt","TFF91PwMzqWXEglH3Io_o4mDURbZA9XB"
"s3://hcp-openaccess/HCP_1200/506234/MNINonLinear/Results/rfMRI_REST2_LR/rfMRI_REST2_LR_hp2000.ica/filtered_func_data.ica/report/t51.png","506234","MNINonLinear//Results/rfMRI_REST2_LR/rfMRI_REST2_LR_hp2000.ica/filtered_func_data.ica/report/t51.png","7OJ_7xKKmQ6VdAc8Iwli_TvkAw.PeLTz"
"s3://hcp-openaccess/HCP_1200/506234/MNINonLinear/Results/rfMRI_REST2_LR/rfMRI_REST2_LR_hp2000.ica/filtered_func_data.ica/report/t51.txt","506234","MNINonLinear//Results/rfMRI_REST2_LR/rfMRI_REST2_LR_hp2000.ica/filtered_func_data.ica/report/t51.txt","a5QVgyXI3EWjWxQ6zFczlRJY04IqnhVb"
"s3://hcp-openaccess/HCP_1200/506234/MNINonLinear/Results/rfMRI_REST2_LR/rfMRI_REST2_LR_hp2000.ica/filtered_func_data.ica/report/t52.png","506234","MNINonLinear//Results/rfMRI_REST2_LR/rfMRI_REST2_LR_hp2000.ica/filtered_func_data.ica/report/t52.png","yGzD8WG_A4Mx7N6jMlK4viduQM_tNMKg"
"s3://hcp-openaccess/HCP_1200/506234/MNINonLinear/Results/rfMRI_REST2_LR/rfMRI_REST2_LR_hp2000.ica/filtered_func_data.ica/report/t52.txt","506234","MNINonLinear//Results/rfMRI_REST2_LR/rfMRI_REST2_LR_hp2000.ica/filtered_func_data.ica/report/t52.txt","zOmVuGu_q8BbaBk39Pe7I_fE30KttnG5"
"s3://hcp-openaccess/HCP_1200/506234/MNINonLinear/Results/rfMRI_REST2_LR/rfMRI_REST2_LR_hp2000.ica/filtered_func_data.ica/report/t53.png","506234","MNINonLinear//Results/rfMRI_REST2_LR/rfMRI_REST2_LR_hp2000.ica/filtered_func_data.ica/report/t53.png","jmhZaKUpoymvC2O.bkmL.8DKyqjUVPrO"
"s3://hcp-openaccess/HCP_1200/506234/MNINonLinear/Results/rfMRI_REST2_LR/rfMRI_REST2_LR_hp2000.ica/filtered_func_data.ica/report/t53.txt","506234","MNINonLinear//Results/rfMRI_REST2_LR/rfMRI_REST2_LR_hp2000.ica/filtered_func_data.ica/report/t53.txt","oeLxIRvNE4Uc52NDT2u2H_ww3fCBqJgj"
"s3://hcp-openaccess/HCP_1200/506234/MNINonLinear/Results/rfMRI_REST2_LR/rfMRI_REST2_LR_hp2000.ica/filtered_func_data.ica/report/t54.png","506234","MNINonLinear//Results/rfMRI_REST2_LR/rfMRI_REST2_LR_hp2000.ica/filtered_func_data.ica/report/t54.png","GfefCVliQd_H2eqX6DcXRsG.fFNSew92"
"s3://hcp-openaccess/HCP_1200/506234/MNINonLinear/Results/rfMRI_REST2_LR/rfMRI_REST2_LR_hp2000.ica/filtered_func_data.ica/report/t54.txt","506234","MNINonLinear//Results/rfMRI_REST2_LR/rfMRI_REST2_LR_hp2000.ica/filtered_func_data.ica/report/t54.txt","MFdgu4w4vSEK6XqtZoSLtUxAMGCVVldu"
"s3://hcp-openaccess/HCP_1200/506234/MNINonLinear/Results/rfMRI_REST2_LR/rfMRI_REST2_LR_hp2000.ica/filtered_func_data.ica/report/t55.png","506234","MNINonLinear//Results/rfMRI_REST2_LR/rfMRI_REST2_LR_hp2000.ica/filtered_func_data.ica/report/t55.png","0duPjC5q3VtgIDAfP8GjQ6luGQcnfWPe"
"s3://hcp-openaccess/HCP_1200/506234/MNINonLinear/Results/rfMRI_REST2_LR/rfMRI_REST2_LR_hp2000.ica/filtered_func_data.ica/report/t55.txt","506234","MNINonLinear//Results/rfMRI_REST2_LR/rfMRI_REST2_LR_hp2000.ica/filtered_func_data.ica/report/t55.txt","KIh1M1rybsAiFKlfXwxxT8qfnAkb1Qd7"
"s3://hcp-openaccess/HCP_1200/506234/MNINonLinear/Results/rfMRI_REST2_LR/rfMRI_REST2_LR_hp2000.ica/filtered_func_data.ica/report/t56.png","506234","MNINonLinear//Results/rfMRI_REST2_LR/rfMRI_REST2_LR_hp2000.ica/filtered_func_data.ica/report/t56.png","lA76VWaiMKqHi2NjvKbVEPFBL2U8qWLj"
"s3://hcp-openaccess/HCP_1200/506234/MNINonLinear/Results/rfMRI_REST2_LR/rfMRI_REST2_LR_hp2000.ica/filtered_func_data.ica/report/t56.txt","506234","MNINonLinear//Results/rfMRI_REST2_LR/rfMRI_REST2_LR_hp2000.ica/filtered_func_data.ica/report/t56.txt","x8Cg9mxkA82iKSCNi3UVU3GbmV3enexr"
"s3://hcp-openaccess/HCP_1200/506234/MNINonLinear/Results/rfMRI_REST2_LR/rfMRI_REST2_LR_hp2000.ica/filtered_func_data.ica/report/t57.png","506234","MNINonLinear//Results/rfMRI_REST2_LR/rfMRI_REST2_LR_hp2000.ica/filtered_func_data.ica/report/t57.png","Uh3om8T3OBfrzKCszIxusmzIozEm66Zl"
"s3://hcp-openaccess/HCP_1200/506234/MNINonLinear/Results/rfMRI_REST2_LR/rfMRI_REST2_LR_hp2000.ica/filtered_func_data.ica/report/t57.txt","506234","MNINonLinear//Results/rfMRI_REST2_LR/rfMRI_REST2_LR_hp2000.ica/filtered_func_data.ica/report/t57.txt","ckuD48foKbdV1RVFzgS1Ad.Tks8_oVhe"
"s3://hcp-openaccess/HCP_1200/506234/MNINonLinear/Results/rfMRI_REST2_LR/rfMRI_REST2_LR_hp2000.ica/filtered_func_data.ica/report/t58.png","506234","MNINonLinear//Results/rfMRI_REST2_LR/rfMRI_REST2_LR_hp2000.ica/filtered_func_data.ica/report/t58.png","7axk.rqZd0hYGNbum34xVEIdLfZQOATF"
"s3://hcp-openaccess/HCP_1200/506234/MNINonLinear/Results/rfMRI_REST2_LR/rfMRI_REST2_LR_hp2000.ica/filtered_func_data.ica/report/t58.txt","506234","MNINonLinear//Results/rfMRI_REST2_LR/rfMRI_REST2_LR_hp2000.ica/filtered_func_data.ica/report/t58.txt","1MfVnaLINRcvAGVJ6w52gHGnXXBVZyPa"
"s3://hcp-openaccess/HCP_1200/506234/MNINonLinear/Results/rfMRI_REST2_LR/rfMRI_REST2_LR_hp2000.ica/filtered_func_data.ica/report/t59.png","506234","MNINonLinear//Results/rfMRI_REST2_LR/rfMRI_REST2_LR_hp2000.ica/filtered_func_data.ica/report/t59.png","ReAUD_pkcyor6zxmp.jCHWKiwajOAxtq"
"s3://hcp-openaccess/HCP_1200/506234/MNINonLinear/Results/rfMRI_REST2_LR/rfMRI_REST2_LR_hp2000.ica/filtered_func_data.ica/report/t59.txt","506234","MNINonLinear//Results/rfMRI_REST2_LR/rfMRI_REST2_LR_hp2000.ica/filtered_func_data.ica/report/t59.txt","cPJbBq1d.2asnvlK1MsSb_kPQ_sGbZ1k"
"s3://hcp-openaccess/HCP_1200/506234/MNINonLinear/Results/rfMRI_REST2_LR/rfMRI_REST2_LR_hp2000.ica/filtered_func_data.ica/report/t6.png","506234","MNINonLinear//Results/rfMRI_REST2_LR/rfMRI_REST2_LR_hp2000.ica/filtered_func_data.ica/report/t6.png","mWmDxKDX0.Tj0wcoioh1Z.gPFep4mHDa"
"s3://hcp-openaccess/HCP_1200/506234/MNINonLinear/Results/rfMRI_REST2_LR/rfMRI_REST2_LR_hp2000.ica/filtered_func_data.ica/report/t6.txt","506234","MNINonLinear//Results/rfMRI_REST2_LR/rfMRI_REST2_LR_hp2000.ica/filtered_func_data.ica/report/t6.txt","0WGnk9gStD0PTjrLi6HwbXAtGRpkpFOO"
"s3://hcp-openaccess/HCP_1200/506234/MNINonLinear/Results/rfMRI_REST2_LR/rfMRI_REST2_LR_hp2000.ica/filtered_func_data.ica/report/t60.png","506234","MNINonLinear//Results/rfMRI_REST2_LR/rfMRI_REST2_LR_hp2000.ica/filtered_func_data.ica/report/t60.png","0yeyX4AmGokQcYYWzTGvuSq9LYtIamap"
"s3://hcp-openaccess/HCP_1200/506234/MNINonLinear/Results/rfMRI_REST2_LR/rfMRI_REST2_LR_hp2000.ica/filtered_func_data.ica/report/t60.txt","506234","MNINonLinear//Results/rfMRI_REST2_LR/rfMRI_REST2_LR_hp2000.ica/filtered_func_data.ica/report/t60.txt","tuSA_PO7_EXmnhI2gAymX1B0lGKzCemR"
"s3://hcp-openaccess/HCP_1200/506234/MNINonLinear/Results/rfMRI_REST2_LR/rfMRI_REST2_LR_hp2000.ica/filtered_func_data.ica/report/t61.png","506234","MNINonLinear//Results/rfMRI_REST2_LR/rfMRI_REST2_LR_hp2000.ica/filtered_func_data.ica/report/t61.png","ZdgqDULmp6kTBjj8ZFBBRFrP04BkyzcI"
"s3://hcp-openaccess/HCP_1200/506234/MNINonLinear/Results/rfMRI_REST2_LR/rfMRI_REST2_LR_hp2000.ica/filtered_func_data.ica/report/t61.txt","506234","MNINonLinear//Results/rfMRI_REST2_LR/rfMRI_REST2_LR_hp2000.ica/filtered_func_data.ica/report/t61.txt","Y3YNfVUqyxFb0C.leg_YsxANVxcZRq.H"
"s3://hcp-openaccess/HCP_1200/506234/MNINonLinear/Results/rfMRI_REST2_LR/rfMRI_REST2_LR_hp2000.ica/filtered_func_data.ica/report/t62.png","506234","MNINonLinear//Results/rfMRI_REST2_LR/rfMRI_REST2_LR_hp2000.ica/filtered_func_data.ica/report/t62.png","f9BRccIEOLl_HCeDHcoq2tZ8ZBLTH53Q"
"s3://hcp-openaccess/HCP_1200/506234/MNINonLinear/Results/rfMRI_REST2_LR/rfMRI_REST2_LR_hp2000.ica/filtered_func_data.ica/report/t62.txt","506234","MNINonLinear//Results/rfMRI_REST2_LR/rfMRI_REST2_LR_hp2000.ica/filtered_func_data.ica/report/t62.txt","oYJ_cc74Kn51RvHJ.w.guJpXRbbtplGn"
"s3://hcp-openaccess/HCP_1200/506234/MNINonLinear/Results/rfMRI_REST2_LR/rfMRI_REST2_LR_hp2000.ica/filtered_func_data.ica/report/t63.png","506234","MNINonLinear//Results/rfMRI_REST2_LR/rfMRI_REST2_LR_hp2000.ica/filtered_func_data.ica/report/t63.png","gthkr9zsBxkkWepDqe3l2E7szQUcNHyd"
"s3://hcp-openaccess/HCP_1200/506234/MNINonLinear/Results/rfMRI_REST2_LR/rfMRI_REST2_LR_hp2000.ica/filtered_func_data.ica/report/t63.txt","506234","MNINonLinear//Results/rfMRI_REST2_LR/rfMRI_REST2_LR_hp2000.ica/filtered_func_data.ica/report/t63.txt","XXvHEVy7fatBZuf6aZY5KjTbVqymMC7D"
"s3://hcp-openaccess/HCP_1200/506234/MNINonLinear/Results/rfMRI_REST2_LR/rfMRI_REST2_LR_hp2000.ica/filtered_func_data.ica/report/t64.png","506234","MNINonLinear//Results/rfMRI_REST2_LR/rfMRI_REST2_LR_hp2000.ica/filtered_func_data.ica/report/t64.png","WCUF79xpeOLtxlc6HGRRm_aRUFyEJmG0"
"s3://hcp-openaccess/HCP_1200/506234/MNINonLinear/Results/rfMRI_REST2_LR/rfMRI_REST2_LR_hp2000.ica/filtered_func_data.ica/report/t64.txt","506234","MNINonLinear//Results/rfMRI_REST2_LR/rfMRI_REST2_LR_hp2000.ica/filtered_func_data.ica/report/t64.txt","WFBXJidOHHLC61L3oCoMpGGw3clqH9YA"
"s3://hcp-openaccess/HCP_1200/506234/MNINonLinear/Results/rfMRI_REST2_LR/rfMRI_REST2_LR_hp2000.ica/filtered_func_data.ica/report/t65.png","506234","MNINonLinear//Results/rfMRI_REST2_LR/rfMRI_REST2_LR_hp2000.ica/filtered_func_data.ica/report/t65.png","QzPhdfUVlGnP0Ind5.0UQgSiPR09Grt5"
"s3://hcp-openaccess/HCP_1200/506234/MNINonLinear/Results/rfMRI_REST2_LR/rfMRI_REST2_LR_hp2000.ica/filtered_func_data.ica/report/t65.txt","506234","MNINonLinear//Results/rfMRI_REST2_LR/rfMRI_REST2_LR_hp2000.ica/filtered_func_data.ica/report/t65.txt","2VKZspcc8MGwYKBHYyDQa7eza0RFMdy_"
"s3://hcp-openaccess/HCP_1200/506234/MNINonLinear/Results/rfMRI_REST2_LR/rfMRI_REST2_LR_hp2000.ica/filtered_func_data.ica/report/t66.png","506234","MNINonLinear//Results/rfMRI_REST2_LR/rfMRI_REST2_LR_hp2000.ica/filtered_func_data.ica/report/t66.png","jnO.vUU3IVNdeAZuDuB_jHE6GKgNdiqW"
"s3://hcp-openaccess/HCP_1200/506234/MNINonLinear/Results/rfMRI_REST2_LR/rfMRI_REST2_LR_hp2000.ica/filtered_func_data.ica/report/t66.txt","506234","MNINonLinear//Results/rfMRI_REST2_LR/rfMRI_REST2_LR_hp2000.ica/filtered_func_data.ica/report/t66.txt","otAneY51IsMHfhxjJY.7aoyJ4LW2Vz23"
"s3://hcp-openaccess/HCP_1200/506234/MNINonLinear/Results/rfMRI_REST2_LR/rfMRI_REST2_LR_hp2000.ica/filtered_func_data.ica/report/t67.png","506234","MNINonLinear//Results/rfMRI_REST2_LR/rfMRI_REST2_LR_hp2000.ica/filtered_func_data.ica/report/t67.png","ffG1XibOfzQ45LFzhWLGyfshHwxG8K7m"
"s3://hcp-openaccess/HCP_1200/506234/MNINonLinear/Results/rfMRI_REST2_LR/rfMRI_REST2_LR_hp2000.ica/filtered_func_data.ica/report/t67.txt","506234","MNINonLinear//Results/rfMRI_REST2_LR/rfMRI_REST2_LR_hp2000.ica/filtered_func_data.ica/report/t67.txt","0zGpCVVNU4jzsDYh0jKT4yKL_PL1gd.O"
"s3://hcp-openaccess/HCP_1200/506234/MNINonLinear/Results/rfMRI_REST2_LR/rfMRI_REST2_LR_hp2000.ica/filtered_func_data.ica/report/t68.png","506234","MNINonLinear//Results/rfMRI_REST2_LR/rfMRI_REST2_LR_hp2000.ica/filtered_func_data.ica/report/t68.png","EPJ_MD5KcfvErHSMFVXD.KX2Qae4Glta"
"s3://hcp-openaccess/HCP_1200/506234/MNINonLinear/Results/rfMRI_REST2_LR/rfMRI_REST2_LR_hp2000.ica/filtered_func_data.ica/report/t68.txt","506234","MNINonLinear//Results/rfMRI_REST2_LR/rfMRI_REST2_LR_hp2000.ica/filtered_func_data.ica/report/t68.txt","aCFtWEd.y_9tRjcODKjO_X3tLiDJ0BhX"
"s3://hcp-openaccess/HCP_1200/506234/MNINonLinear/Results/rfMRI_REST2_LR/rfMRI_REST2_LR_hp2000.ica/filtered_func_data.ica/report/t69.png","506234","MNINonLinear//Results/rfMRI_REST2_LR/rfMRI_REST2_LR_hp2000.ica/filtered_func_data.ica/report/t69.png","4GsJlIkV85DjbGLQ.QdZV2wL0F59i_oD"
"s3://hcp-openaccess/HCP_1200/506234/MNINonLinear/Results/rfMRI_REST2_LR/rfMRI_REST2_LR_hp2000.ica/filtered_func_data.ica/report/t69.txt","506234","MNINonLinear//Results/rfMRI_REST2_LR/rfMRI_REST2_LR_hp2000.ica/filtered_func_data.ica/report/t69.txt","kgyn.RfyrOWAP630MTB4yWdjpLrVR3lt"
"s3://hcp-openaccess/HCP_1200/506234/MNINonLinear/Results/rfMRI_REST2_LR/rfMRI_REST2_LR_hp2000.ica/filtered_func_data.ica/report/t7.png","506234","MNINonLinear//Results/rfMRI_REST2_LR/rfMRI_REST2_LR_hp2000.ica/filtered_func_data.ica/report/t7.png","QT47JkdH5rzUxkLr0dBXcY38DPa1b8TL"
"s3://hcp-openaccess/HCP_1200/506234/MNINonLinear/Results/rfMRI_REST2_LR/rfMRI_REST2_LR_hp2000.ica/filtered_func_data.ica/report/t7.txt","506234","MNINonLinear//Results/rfMRI_REST2_LR/rfMRI_REST2_LR_hp2000.ica/filtered_func_data.ica/report/t7.txt","_o94scQg3wYX3QHxWkTBHatD4C7ugWEb"
"s3://hcp-openaccess/HCP_1200/506234/MNINonLinear/Results/rfMRI_REST2_LR/rfMRI_REST2_LR_hp2000.ica/filtered_func_data.ica/report/t70.png","506234","MNINonLinear//Results/rfMRI_REST2_LR/rfMRI_REST2_LR_hp2000.ica/filtered_func_data.ica/report/t70.png","1XCo0axyGtM0KqrQGeF3.du23iqskEKu"
"s3://hcp-openaccess/HCP_1200/506234/MNINonLinear/Results/rfMRI_REST2_LR/rfMRI_REST2_LR_hp2000.ica/filtered_func_data.ica/report/t70.txt","506234","MNINonLinear//Results/rfMRI_REST2_LR/rfMRI_REST2_LR_hp2000.ica/filtered_func_data.ica/report/t70.txt","uzmPKJVR8j_Qc17Duc27tPR_S.6sMDjU"
"s3://hcp-openaccess/HCP_1200/506234/MNINonLinear/Results/rfMRI_REST2_LR/rfMRI_REST2_LR_hp2000.ica/filtered_func_data.ica/report/t71.png","506234","MNINonLinear//Results/rfMRI_REST2_LR/rfMRI_REST2_LR_hp2000.ica/filtered_func_data.ica/report/t71.png","BUg6ZlBs8E_Jj13Kf2S.nsZgZefMkwTT"
"s3://hcp-openaccess/HCP_1200/506234/MNINonLinear/Results/rfMRI_REST2_LR/rfMRI_REST2_LR_hp2000.ica/filtered_func_data.ica/report/t71.txt","506234","MNINonLinear//Results/rfMRI_REST2_LR/rfMRI_REST2_LR_hp2000.ica/filtered_func_data.ica/report/t71.txt","D.NPXsynHhgQXJEU4duW5KU7CqLVKdGS"
"s3://hcp-openaccess/HCP_1200/506234/MNINonLinear/Results/rfMRI_REST2_LR/rfMRI_REST2_LR_hp2000.ica/filtered_func_data.ica/report/t72.png","506234","MNINonLinear//Results/rfMRI_REST2_LR/rfMRI_REST2_LR_hp2000.ica/filtered_func_data.ica/report/t72.png","SjOmCDz8DWNeaY61OGQ6rPRZESPQfdQw"
"s3://hcp-openaccess/HCP_1200/506234/MNINonLinear/Results/rfMRI_REST2_LR/rfMRI_REST2_LR_hp2000.ica/filtered_func_data.ica/report/t72.txt","506234","MNINonLinear//Results/rfMRI_REST2_LR/rfMRI_REST2_LR_hp2000.ica/filtered_func_data.ica/report/t72.txt","ie5Xyo79WM3qVfcxNbSuhw6V27T98Gm4"
"s3://hcp-openaccess/HCP_1200/506234/MNINonLinear/Results/rfMRI_REST2_LR/rfMRI_REST2_LR_hp2000.ica/filtered_func_data.ica/report/t73.png","506234","MNINonLinear//Results/rfMRI_REST2_LR/rfMRI_REST2_LR_hp2000.ica/filtered_func_data.ica/report/t73.png","7Rcg2SqqWbRIiy9We..9aOkoBS0uhnSN"
"s3://hcp-openaccess/HCP_1200/506234/MNINonLinear/Results/rfMRI_REST2_LR/rfMRI_REST2_LR_hp2000.ica/filtered_func_data.ica/report/t73.txt","506234","MNINonLinear//Results/rfMRI_REST2_LR/rfMRI_REST2_LR_hp2000.ica/filtered_func_data.ica/report/t73.txt","2x2QG5Uz0GgIJPb3UvmNXUsmolS_0KUi"
"s3://hcp-openaccess/HCP_1200/506234/MNINonLinear/Results/rfMRI_REST2_LR/rfMRI_REST2_LR_hp2000.ica/filtered_func_data.ica/report/t74.png","506234","MNINonLinear//Results/rfMRI_REST2_LR/rfMRI_REST2_LR_hp2000.ica/filtered_func_data.ica/report/t74.png","PRekvFJd6ntrPpcMqogZcQadGiSs.8cD"
"s3://hcp-openaccess/HCP_1200/506234/MNINonLinear/Results/rfMRI_REST2_LR/rfMRI_REST2_LR_hp2000.ica/filtered_func_data.ica/report/t74.txt","506234","MNINonLinear//Results/rfMRI_REST2_LR/rfMRI_REST2_LR_hp2000.ica/filtered_func_data.ica/report/t74.txt","kiUOpkdituy6TFOLQjEyxwN8g61CYpwB"
"s3://hcp-openaccess/HCP_1200/506234/MNINonLinear/Results/rfMRI_REST2_LR/rfMRI_REST2_LR_hp2000.ica/filtered_func_data.ica/report/t75.png","506234","MNINonLinear//Results/rfMRI_REST2_LR/rfMRI_REST2_LR_hp2000.ica/filtered_func_data.ica/report/t75.png","clKIBHpWOgvX6lUXiDvK2ITLCDDR6AuU"
"s3://hcp-openaccess/HCP_1200/506234/MNINonLinear/Results/rfMRI_REST2_LR/rfMRI_REST2_LR_hp2000.ica/filtered_func_data.ica/report/t75.txt","506234","MNINonLinear//Results/rfMRI_REST2_LR/rfMRI_REST2_LR_hp2000.ica/filtered_func_data.ica/report/t75.txt","2skwl5vD9_xK6sQp9c92RDnUN5kqZu2."
"s3://hcp-openaccess/HCP_1200/506234/MNINonLinear/Results/rfMRI_REST2_LR/rfMRI_REST2_LR_hp2000.ica/filtered_func_data.ica/report/t76.png","506234","MNINonLinear//Results/rfMRI_REST2_LR/rfMRI_REST2_LR_hp2000.ica/filtered_func_data.ica/report/t76.png","HC9pluHPa2FlJlxcgH6SDN1etS82bg9I"
"s3://hcp-openaccess/HCP_1200/506234/MNINonLinear/Results/rfMRI_REST2_LR/rfMRI_REST2_LR_hp2000.ica/filtered_func_data.ica/report/t76.txt","506234","MNINonLinear//Results/rfMRI_REST2_LR/rfMRI_REST2_LR_hp2000.ica/filtered_func_data.ica/report/t76.txt","q10ODGGxnbhFYj7WVsL635dnbk8UxyZB"
"s3://hcp-openaccess/HCP_1200/506234/MNINonLinear/Results/rfMRI_REST2_LR/rfMRI_REST2_LR_hp2000.ica/filtered_func_data.ica/report/t77.png","506234","MNINonLinear//Results/rfMRI_REST2_LR/rfMRI_REST2_LR_hp2000.ica/filtered_func_data.ica/report/t77.png","Qw.S9so6tpfOA.Aut6Aj.cKbmdcIBtYf"
"s3://hcp-openaccess/HCP_1200/506234/MNINonLinear/Results/rfMRI_REST2_LR/rfMRI_REST2_LR_hp2000.ica/filtered_func_data.ica/report/t77.txt","506234","MNINonLinear//Results/rfMRI_REST2_LR/rfMRI_REST2_LR_hp2000.ica/filtered_func_data.ica/report/t77.txt","X81wRjvmmidvjTyPliiWcbyyFaY5OAf0"
"s3://hcp-openaccess/HCP_1200/506234/MNINonLinear/Results/rfMRI_REST2_LR/rfMRI_REST2_LR_hp2000.ica/filtered_func_data.ica/report/t78.png","506234","MNINonLinear//Results/rfMRI_REST2_LR/rfMRI_REST2_LR_hp2000.ica/filtered_func_data.ica/report/t78.png","iSz6W67nooZYo0aWE6ZflpRb45Bbi9IO"
"s3://hcp-openaccess/HCP_1200/506234/MNINonLinear/Results/rfMRI_REST2_LR/rfMRI_REST2_LR_hp2000.ica/filtered_func_data.ica/report/t78.txt","506234","MNINonLinear//Results/rfMRI_REST2_LR/rfMRI_REST2_LR_hp2000.ica/filtered_func_data.ica/report/t78.txt","C9S0dum4gb4azFY2AUBwPtHZbtm8yM7b"
"s3://hcp-openaccess/HCP_1200/506234/MNINonLinear/Results/rfMRI_REST2_LR/rfMRI_REST2_LR_hp2000.ica/filtered_func_data.ica/report/t79.png","506234","MNINonLinear//Results/rfMRI_REST2_LR/rfMRI_REST2_LR_hp2000.ica/filtered_func_data.ica/report/t79.png","1VRGHyMIxC_PQN_HxKQRAawuI3QNlVJ_"
"s3://hcp-openaccess/HCP_1200/506234/MNINonLinear/Results/rfMRI_REST2_LR/rfMRI_REST2_LR_hp2000.ica/filtered_func_data.ica/report/t79.txt","506234","MNINonLinear//Results/rfMRI_REST2_LR/rfMRI_REST2_LR_hp2000.ica/filtered_func_data.ica/report/t79.txt","kA3AZbvcXXbX91XNug3UUjq.XehfR90Y"
"s3://hcp-openaccess/HCP_1200/506234/MNINonLinear/Results/rfMRI_REST2_LR/rfMRI_REST2_LR_hp2000.ica/filtered_func_data.ica/report/t8.png","506234","MNINonLinear//Results/rfMRI_REST2_LR/rfMRI_REST2_LR_hp2000.ica/filtered_func_data.ica/report/t8.png","6op0F_9enhwwTLm_5o9mobtVzDJYikAs"
"s3://hcp-openaccess/HCP_1200/506234/MNINonLinear/Results/rfMRI_REST2_LR/rfMRI_REST2_LR_hp2000.ica/filtered_func_data.ica/report/t8.txt","506234","MNINonLinear//Results/rfMRI_REST2_LR/rfMRI_REST2_LR_hp2000.ica/filtered_func_data.ica/report/t8.txt","CFwL6UT.q5AsyWI5Zvi2z3kHynyExgll"
"s3://hcp-openaccess/HCP_1200/506234/MNINonLinear/Results/rfMRI_REST2_LR/rfMRI_REST2_LR_hp2000.ica/filtered_func_data.ica/report/t80.png","506234","MNINonLinear//Results/rfMRI_REST2_LR/rfMRI_REST2_LR_hp2000.ica/filtered_func_data.ica/report/t80.png","CrVffN5.3iyYLg_01q6LYAc0kcBquOsi"
"s3://hcp-openaccess/HCP_1200/506234/MNINonLinear/Results/rfMRI_REST2_LR/rfMRI_REST2_LR_hp2000.ica/filtered_func_data.ica/report/t80.txt","506234","MNINonLinear//Results/rfMRI_REST2_LR/rfMRI_REST2_LR_hp2000.ica/filtered_func_data.ica/report/t80.txt","ePQQw4koPcLunf9b9FvBt0VaQAcZ3Msf"
"s3://hcp-openaccess/HCP_1200/506234/MNINonLinear/Results/rfMRI_REST2_LR/rfMRI_REST2_LR_hp2000.ica/filtered_func_data.ica/report/t81.png","506234","MNINonLinear//Results/rfMRI_REST2_LR/rfMRI_REST2_LR_hp2000.ica/filtered_func_data.ica/report/t81.png","lmQnwdCDQfRoM9I93LYm5GDo2X4GMHjA"
"s3://hcp-openaccess/HCP_1200/506234/MNINonLinear/Results/rfMRI_REST2_LR/rfMRI_REST2_LR_hp2000.ica/filtered_func_data.ica/report/t81.txt","506234","MNINonLinear//Results/rfMRI_REST2_LR/rfMRI_REST2_LR_hp2000.ica/filtered_func_data.ica/report/t81.txt","bsnLwvGGtqfOVKger5SxRqpJlw_Hu21B"
"s3://hcp-openaccess/HCP_1200/506234/MNINonLinear/Results/rfMRI_REST2_LR/rfMRI_REST2_LR_hp2000.ica/filtered_func_data.ica/report/t82.png","506234","MNINonLinear//Results/rfMRI_REST2_LR/rfMRI_REST2_LR_hp2000.ica/filtered_func_data.ica/report/t82.png","sGJgAYcr9Xwf7kB.6ndgrmgdlh6stwu3"
"s3://hcp-openaccess/HCP_1200/506234/MNINonLinear/Results/rfMRI_REST2_LR/rfMRI_REST2_LR_hp2000.ica/filtered_func_data.ica/report/t82.txt","506234","MNINonLinear//Results/rfMRI_REST2_LR/rfMRI_REST2_LR_hp2000.ica/filtered_func_data.ica/report/t82.txt","mCztWb6fq.q2cKoPIpJbP1vQ0mr4MJiB"
"s3://hcp-openaccess/HCP_1200/506234/MNINonLinear/Results/rfMRI_REST2_LR/rfMRI_REST2_LR_hp2000.ica/filtered_func_data.ica/report/t83.png","506234","MNINonLinear//Results/rfMRI_REST2_LR/rfMRI_REST2_LR_hp2000.ica/filtered_func_data.ica/report/t83.png","9bBq6WJM_g_jBu6bIdwutE1gq1AB_.7R"
"s3://hcp-openaccess/HCP_1200/506234/MNINonLinear/Results/rfMRI_REST2_LR/rfMRI_REST2_LR_hp2000.ica/filtered_func_data.ica/report/t83.txt","506234","MNINonLinear//Results/rfMRI_REST2_LR/rfMRI_REST2_LR_hp2000.ica/filtered_func_data.ica/report/t83.txt","jFKBDHdS_gnsup1BnHTGYwUAgOhGWXBG"
"s3://hcp-openaccess/HCP_1200/506234/MNINonLinear/Results/rfMRI_REST2_LR/rfMRI_REST2_LR_hp2000.ica/filtered_func_data.ica/report/t9.png","506234","MNINonLinear//Results/rfMRI_REST2_LR/rfMRI_REST2_LR_hp2000.ica/filtered_func_data.ica/report/t9.png","8vKF3_0vn3rP1f.IN3nQXV.O3WEt4nu."
"s3://hcp-openaccess/HCP_1200/506234/MNINonLinear/Results/rfMRI_REST2_LR/rfMRI_REST2_LR_hp2000.ica/filtered_func_data.ica/report/t9.txt","506234","MNINonLinear//Results/rfMRI_REST2_LR/rfMRI_REST2_LR_hp2000.ica/filtered_func_data.ica/report/t9.txt","ysdehHC8V8KFyNMkVnvMMvGVys6lw0Vs"
"s3://hcp-openaccess/HCP_1200/506234/MNINonLinear/Results/rfMRI_REST2_LR/rfMRI_REST2_LR_hp2000_clean.nii.gz","506234","MNINonLinear//Results/rfMRI_REST2_LR/rfMRI_REST2_LR_hp2000_clean.nii.gz","kJLoU8IEw6cdWt9T7cFuT7n2x9lmMEkv"
"s3://hcp-openaccess/HCP_1200/506234/MNINonLinear/Results/rfMRI_REST2_RL/506234_rfMRI_REST2_RL_ICA_Classification_dualscreen.scene","506234","MNINonLinear//Results/rfMRI_REST2_RL/506234_rfMRI_REST2_RL_ICA_Classification_dualscreen.scene","pjW8UvhWjNdKfWK1VPUgwODiP4ykCq1d"
"s3://hcp-openaccess/HCP_1200/506234/MNINonLinear/Results/rfMRI_REST2_RL/506234_rfMRI_REST2_RL_ICA_Classification_singlescreen.scene","506234","MNINonLinear//Results/rfMRI_REST2_RL/506234_rfMRI_REST2_RL_ICA_Classification_singlescreen.scene","dmwuh0z2AWHQmMH553cHI_HG6sqlTiDS"
"s3://hcp-openaccess/HCP_1200/506234/MNINonLinear/Results/rfMRI_REST2_RL/Atlas_hp_preclean.dtseries.nii","506234","MNINonLinear//Results/rfMRI_REST2_RL/Atlas_hp_preclean.dtseries.nii","g8gBLuVFho0yahuN9XJtsVZzoDheQRP9"
"s3://hcp-openaccess/HCP_1200/506234/MNINonLinear/Results/rfMRI_REST2_RL/Movement_AbsoluteRMS.txt","506234","MNINonLinear//Results/rfMRI_REST2_RL/Movement_AbsoluteRMS.txt",".ES9cp2eIhSvLRBD0ll5u_gUisTzb0xM"
"s3://hcp-openaccess/HCP_1200/506234/MNINonLinear/Results/rfMRI_REST2_RL/Movement_AbsoluteRMS_mean.txt","506234","MNINonLinear//Results/rfMRI_REST2_RL/Movement_AbsoluteRMS_mean.txt","sKQdVXs_Jaog02pe4xb8tywKQkLLIS1e"
"s3://hcp-openaccess/HCP_1200/506234/MNINonLinear/Results/rfMRI_REST2_RL/Movement_Regressors.txt","506234","MNINonLinear//Results/rfMRI_REST2_RL/Movement_Regressors.txt","0RxrbSRVaueSpbKQXAJPBFxAq1n.ioay"
"s3://hcp-openaccess/HCP_1200/506234/MNINonLinear/Results/rfMRI_REST2_RL/Movement_Regressors_dt.txt","506234","MNINonLinear//Results/rfMRI_REST2_RL/Movement_Regressors_dt.txt","9SHrMWRolNWOl9O7rQBOAhgsTcJKpB54"
"s3://hcp-openaccess/HCP_1200/506234/MNINonLinear/Results/rfMRI_REST2_RL/Movement_RelativeRMS.txt","506234","MNINonLinear//Results/rfMRI_REST2_RL/Movement_RelativeRMS.txt","haRg5HZ_fTwvaRHVaoAPdeqvzhZdOray"
"s3://hcp-openaccess/HCP_1200/506234/MNINonLinear/Results/rfMRI_REST2_RL/Movement_RelativeRMS_mean.txt","506234","MNINonLinear//Results/rfMRI_REST2_RL/Movement_RelativeRMS_mean.txt","Ocpdj8VLLuOByO0T251ArDWHYkNC3k8U"
"s3://hcp-openaccess/HCP_1200/506234/MNINonLinear/Results/rfMRI_REST2_RL/PhaseOne_gdc_dc.nii.gz","506234","MNINonLinear//Results/rfMRI_REST2_RL/PhaseOne_gdc_dc.nii.gz","dZgjCWG4Cdty3N8P.NaXGR8pfENDEs0F"
"s3://hcp-openaccess/HCP_1200/506234/MNINonLinear/Results/rfMRI_REST2_RL/PhaseTwo_gdc_dc.nii.gz","506234","MNINonLinear//Results/rfMRI_REST2_RL/PhaseTwo_gdc_dc.nii.gz","RPk8KgY1ub1AdvUKCSdIMBzm8NkrMXFj"
"s3://hcp-openaccess/HCP_1200/506234/MNINonLinear/Results/rfMRI_REST2_RL/ReclassifyAsNoise.txt","506234","MNINonLinear//Results/rfMRI_REST2_RL/ReclassifyAsNoise.txt","JzAtRSmGeJrOmGorLUIELmn7zn0nx9pw"
"s3://hcp-openaccess/HCP_1200/506234/MNINonLinear/Results/rfMRI_REST2_RL/ReclassifyAsSignal.txt","506234","MNINonLinear//Results/rfMRI_REST2_RL/ReclassifyAsSignal.txt","jWkQzaKcTh7pAizkSU49XrxM69zuW7aN"
"s3://hcp-openaccess/HCP_1200/506234/MNINonLinear/Results/rfMRI_REST2_RL/RestingStateStats/rfMRI_REST2_RL_Atlas_1-2_OrigTCS-HighPassTCS_QC_Summary_Plot.png","506234","MNINonLinear//Results/rfMRI_REST2_RL/RestingStateStats/rfMRI_REST2_RL_Atlas_1-2_OrigTCS-HighPassTCS_QC_Summary_Plot.png","_Cd.dHANowhy1OX_s5OBzphUtrR1zYPV"
"s3://hcp-openaccess/HCP_1200/506234/MNINonLinear/Results/rfMRI_REST2_RL/RestingStateStats/rfMRI_REST2_RL_Atlas_1-2_OrigTCS-HighPassTCS_QC_Summary_Plot_z.png","506234","MNINonLinear//Results/rfMRI_REST2_RL/RestingStateStats/rfMRI_REST2_RL_Atlas_1-2_OrigTCS-HighPassTCS_QC_Summary_Plot_z.png","pegK2RdrxPoCG6nIPJRv.IJY0QZ2HVZ6"
"s3://hcp-openaccess/HCP_1200/506234/MNINonLinear/Results/rfMRI_REST2_RL/RestingStateStats/rfMRI_REST2_RL_Atlas_1-5_OrigTCS-UnstructNoiseTCS_QC_Summary_Plot.png","506234","MNINonLinear//Results/rfMRI_REST2_RL/RestingStateStats/rfMRI_REST2_RL_Atlas_1-5_OrigTCS-UnstructNoiseTCS_QC_Summary_Plot.png","tvb4U3c4A376.b4fLRLaEwHsXyVG.q4z"
"s3://hcp-openaccess/HCP_1200/506234/MNINonLinear/Results/rfMRI_REST2_RL/RestingStateStats/rfMRI_REST2_RL_Atlas_1-5_OrigTCS-UnstructNoiseTCS_QC_Summary_Plot_z.png","506234","MNINonLinear//Results/rfMRI_REST2_RL/RestingStateStats/rfMRI_REST2_RL_Atlas_1-5_OrigTCS-UnstructNoiseTCS_QC_Summary_Plot_z.png","I739R2QGgkgfBaqqgh6_JYA.reyW561k"
"s3://hcp-openaccess/HCP_1200/506234/MNINonLinear/Results/rfMRI_REST2_RL/RestingStateStats/rfMRI_REST2_RL_Atlas_1_OrigTCS_QC_Summary_Plot.png","506234","MNINonLinear//Results/rfMRI_REST2_RL/RestingStateStats/rfMRI_REST2_RL_Atlas_1_OrigTCS_QC_Summary_Plot.png",".uQFuB3dMt5w8xdFZhkxPhtN.5p4MH5F"
"s3://hcp-openaccess/HCP_1200/506234/MNINonLinear/Results/rfMRI_REST2_RL/RestingStateStats/rfMRI_REST2_RL_Atlas_1_OrigTCS_QC_Summary_Plot_z.png","506234","MNINonLinear//Results/rfMRI_REST2_RL/RestingStateStats/rfMRI_REST2_RL_Atlas_1_OrigTCS_QC_Summary_Plot_z.png","YdHbG_uFqnO07D29hn4UWjdpUflZcowK"
"s3://hcp-openaccess/HCP_1200/506234/MNINonLinear/Results/rfMRI_REST2_RL/RestingStateStats/rfMRI_REST2_RL_Atlas_2-3_HighPassTCS-PostMotionTCS_QC_Summary_Plot.png","506234","MNINonLinear//Results/rfMRI_REST2_RL/RestingStateStats/rfMRI_REST2_RL_Atlas_2-3_HighPassTCS-PostMotionTCS_QC_Summary_Plot.png","9gghvVyZN65ay047_dW_TWViAH2dn9.2"
"s3://hcp-openaccess/HCP_1200/506234/MNINonLinear/Results/rfMRI_REST2_RL/RestingStateStats/rfMRI_REST2_RL_Atlas_2-3_HighPassTCS-PostMotionTCS_QC_Summary_Plot_z.png","506234","MNINonLinear//Results/rfMRI_REST2_RL/RestingStateStats/rfMRI_REST2_RL_Atlas_2-3_HighPassTCS-PostMotionTCS_QC_Summary_Plot_z.png","w_o0Qkbj1uJzLwK.0xbum3JIVuMur4G6"
"s3://hcp-openaccess/HCP_1200/506234/MNINonLinear/Results/rfMRI_REST2_RL/RestingStateStats/rfMRI_REST2_RL_Atlas_2-5_HighPassTCS-UnstructNoiseTCS_QC_Summary_Plot.png","506234","MNINonLinear//Results/rfMRI_REST2_RL/RestingStateStats/rfMRI_REST2_RL_Atlas_2-5_HighPassTCS-UnstructNoiseTCS_QC_Summary_Plot.png","tLhT_rhY3QZz2lY.RVin9hnSjcuAqfYp"
"s3://hcp-openaccess/HCP_1200/506234/MNINonLinear/Results/rfMRI_REST2_RL/RestingStateStats/rfMRI_REST2_RL_Atlas_2-5_HighPassTCS-UnstructNoiseTCS_QC_Summary_Plot_z.png","506234","MNINonLinear//Results/rfMRI_REST2_RL/RestingStateStats/rfMRI_REST2_RL_Atlas_2-5_HighPassTCS-UnstructNoiseTCS_QC_Summary_Plot_z.png","dbYu5LpA.g9uOXgkIctOHGMXGJ.uK8h2"
"s3://hcp-openaccess/HCP_1200/506234/MNINonLinear/Results/rfMRI_REST2_RL/RestingStateStats/rfMRI_REST2_RL_Atlas_2_HighPassTCS_QC_Summary_Plot.png","506234","MNINonLinear//Results/rfMRI_REST2_RL/RestingStateStats/rfMRI_REST2_RL_Atlas_2_HighPassTCS_QC_Summary_Plot.png","RoWOY8Y5RQimgQMEQPr7O0k0eUy9tUx3"
"s3://hcp-openaccess/HCP_1200/506234/MNINonLinear/Results/rfMRI_REST2_RL/RestingStateStats/rfMRI_REST2_RL_Atlas_2_HighPassTCS_QC_Summary_Plot_z.png","506234","MNINonLinear//Results/rfMRI_REST2_RL/RestingStateStats/rfMRI_REST2_RL_Atlas_2_HighPassTCS_QC_Summary_Plot_z.png","NNV.CWj7sOtv5vvS62aGwFnMJ6PbZpF7"
"s3://hcp-openaccess/HCP_1200/506234/MNINonLinear/Results/rfMRI_REST2_RL/RestingStateStats/rfMRI_REST2_RL_Atlas_3-4_PostMotionTCS-CleanedTCS_QC_Summary_Plot.png","506234","MNINonLinear//Results/rfMRI_REST2_RL/RestingStateStats/rfMRI_REST2_RL_Atlas_3-4_PostMotionTCS-CleanedTCS_QC_Summary_Plot.png","3TcvsXDcd5xbnKtkZC5Zy2Vp4qR.hzUU"
"s3://hcp-openaccess/HCP_1200/506234/MNINonLinear/Results/rfMRI_REST2_RL/RestingStateStats/rfMRI_REST2_RL_Atlas_3-4_PostMotionTCS-CleanedTCS_QC_Summary_Plot_z.png","506234","MNINonLinear//Results/rfMRI_REST2_RL/RestingStateStats/rfMRI_REST2_RL_Atlas_3-4_PostMotionTCS-CleanedTCS_QC_Summary_Plot_z.png","pAQKvt8AJwfFZpG8kpJa_YuaYGzrQ1T1"
"s3://hcp-openaccess/HCP_1200/506234/MNINonLinear/Results/rfMRI_REST2_RL/RestingStateStats/rfMRI_REST2_RL_Atlas_3-5_PostMotionTCS-UnstructNoiseTCS_QC_Summary_Plot.png","506234","MNINonLinear//Results/rfMRI_REST2_RL/RestingStateStats/rfMRI_REST2_RL_Atlas_3-5_PostMotionTCS-UnstructNoiseTCS_QC_Summary_Plot.png","wBUJK5EiPvkSW4Awzx.eEbYcGYGaBx3U"
"s3://hcp-openaccess/HCP_1200/506234/MNINonLinear/Results/rfMRI_REST2_RL/RestingStateStats/rfMRI_REST2_RL_Atlas_3-5_PostMotionTCS-UnstructNoiseTCS_QC_Summary_Plot_z.png","506234","MNINonLinear//Results/rfMRI_REST2_RL/RestingStateStats/rfMRI_REST2_RL_Atlas_3-5_PostMotionTCS-UnstructNoiseTCS_QC_Summary_Plot_z.png","h_.37EwMEt_fpFKp0uiUIVCuzKKzQvWg"
"s3://hcp-openaccess/HCP_1200/506234/MNINonLinear/Results/rfMRI_REST2_RL/RestingStateStats/rfMRI_REST2_RL_Atlas_3_PostMotionTCS_QC_Summary_Plot.png","506234","MNINonLinear//Results/rfMRI_REST2_RL/RestingStateStats/rfMRI_REST2_RL_Atlas_3_PostMotionTCS_QC_Summary_Plot.png","8jJSOnz0hBF9ZdI9MBl3wxFn2AYsrpPB"
"s3://hcp-openaccess/HCP_1200/506234/MNINonLinear/Results/rfMRI_REST2_RL/RestingStateStats/rfMRI_REST2_RL_Atlas_3_PostMotionTCS_QC_Summary_Plot_z.png","506234","MNINonLinear//Results/rfMRI_REST2_RL/RestingStateStats/rfMRI_REST2_RL_Atlas_3_PostMotionTCS_QC_Summary_Plot_z.png","nmAPLYUZkYF_nkO6BoVzA2KtOjuJetlP"
"s3://hcp-openaccess/HCP_1200/506234/MNINonLinear/Results/rfMRI_REST2_RL/RestingStateStats/rfMRI_REST2_RL_Atlas_4-5_CleanedTCS-UnstructNoiseTCS_QC_Summary_Plot.png","506234","MNINonLinear//Results/rfMRI_REST2_RL/RestingStateStats/rfMRI_REST2_RL_Atlas_4-5_CleanedTCS-UnstructNoiseTCS_QC_Summary_Plot.png","mwPMH4BFwy_r6q5RInRb6.Wh47ANv_4s"
"s3://hcp-openaccess/HCP_1200/506234/MNINonLinear/Results/rfMRI_REST2_RL/RestingStateStats/rfMRI_REST2_RL_Atlas_4-5_CleanedTCS-UnstructNoiseTCS_QC_Summary_Plot_z.png","506234","MNINonLinear//Results/rfMRI_REST2_RL/RestingStateStats/rfMRI_REST2_RL_Atlas_4-5_CleanedTCS-UnstructNoiseTCS_QC_Summary_Plot_z.png","CNsZgiUOc1sVKwonSAAGC7nzsk9nfnWy"
"s3://hcp-openaccess/HCP_1200/506234/MNINonLinear/Results/rfMRI_REST2_RL/RestingStateStats/rfMRI_REST2_RL_Atlas_4-6_CleanedTCS-WMCleanedTCS_QC_Summary_Plot.png","506234","MNINonLinear//Results/rfMRI_REST2_RL/RestingStateStats/rfMRI_REST2_RL_Atlas_4-6_CleanedTCS-WMCleanedTCS_QC_Summary_Plot.png","ZPJtb57giiuJpxdAuTKgAOA0T5wSnJTR"
"s3://hcp-openaccess/HCP_1200/506234/MNINonLinear/Results/rfMRI_REST2_RL/RestingStateStats/rfMRI_REST2_RL_Atlas_4-6_CleanedTCS-WMCleanedTCS_QC_Summary_Plot_z.png","506234","MNINonLinear//Results/rfMRI_REST2_RL/RestingStateStats/rfMRI_REST2_RL_Atlas_4-6_CleanedTCS-WMCleanedTCS_QC_Summary_Plot_z.png","kmQmFIUjfKXUE2WnjJ0DB352fura1QFt"
"s3://hcp-openaccess/HCP_1200/506234/MNINonLinear/Results/rfMRI_REST2_RL/RestingStateStats/rfMRI_REST2_RL_Atlas_4-7_CleanedTCS-CSFCleanedTCS_QC_Summary_Plot.png","506234","MNINonLinear//Results/rfMRI_REST2_RL/RestingStateStats/rfMRI_REST2_RL_Atlas_4-7_CleanedTCS-CSFCleanedTCS_QC_Summary_Plot.png","hIoNBUqswJmszOjo8cRHrk45mxXjb_4D"
"s3://hcp-openaccess/HCP_1200/506234/MNINonLinear/Results/rfMRI_REST2_RL/RestingStateStats/rfMRI_REST2_RL_Atlas_4-7_CleanedTCS-CSFCleanedTCS_QC_Summary_Plot_z.png","506234","MNINonLinear//Results/rfMRI_REST2_RL/RestingStateStats/rfMRI_REST2_RL_Atlas_4-7_CleanedTCS-CSFCleanedTCS_QC_Summary_Plot_z.png","_8M7UVlTc0vBaI5RPB_sCF4gVPiX5qH9"
"s3://hcp-openaccess/HCP_1200/506234/MNINonLinear/Results/rfMRI_REST2_RL/RestingStateStats/rfMRI_REST2_RL_Atlas_4-8_CleanedTCS-WMCSFCleanedTCS_QC_Summary_Plot.png","506234","MNINonLinear//Results/rfMRI_REST2_RL/RestingStateStats/rfMRI_REST2_RL_Atlas_4-8_CleanedTCS-WMCSFCleanedTCS_QC_Summary_Plot.png","j15mu3Fk3F4M2N4NZwRg68C0LgsME6d4"
"s3://hcp-openaccess/HCP_1200/506234/MNINonLinear/Results/rfMRI_REST2_RL/RestingStateStats/rfMRI_REST2_RL_Atlas_4-8_CleanedTCS-WMCSFCleanedTCS_QC_Summary_Plot_z.png","506234","MNINonLinear//Results/rfMRI_REST2_RL/RestingStateStats/rfMRI_REST2_RL_Atlas_4-8_CleanedTCS-WMCSFCleanedTCS_QC_Summary_Plot_z.png","5zZYtnxqovqOR5FpI2JhpIomP0jBiwQa"
"s3://hcp-openaccess/HCP_1200/506234/MNINonLinear/Results/rfMRI_REST2_RL/RestingStateStats/rfMRI_REST2_RL_Atlas_4_CleanedTCS_QC_Summary_Plot.png","506234","MNINonLinear//Results/rfMRI_REST2_RL/RestingStateStats/rfMRI_REST2_RL_Atlas_4_CleanedTCS_QC_Summary_Plot.png","nroJKDNhvS1J6aFSfgRtAjtq8fjxgHwL"
"s3://hcp-openaccess/HCP_1200/506234/MNINonLinear/Results/rfMRI_REST2_RL/RestingStateStats/rfMRI_REST2_RL_Atlas_4_CleanedTCS_QC_Summary_Plot_z.png","506234","MNINonLinear//Results/rfMRI_REST2_RL/RestingStateStats/rfMRI_REST2_RL_Atlas_4_CleanedTCS_QC_Summary_Plot_z.png","AFY7mWEvZf.nlDNmcym.vlefFnLDBoDs"
"s3://hcp-openaccess/HCP_1200/506234/MNINonLinear/Results/rfMRI_REST2_RL/RestingStateStats/rfMRI_REST2_RL_Atlas_5_UnstructNoiseTCS_QC_Summary_Plot.png","506234","MNINonLinear//Results/rfMRI_REST2_RL/RestingStateStats/rfMRI_REST2_RL_Atlas_5_UnstructNoiseTCS_QC_Summary_Plot.png","Cqqa9hsb6hp_Zw_HPkQyolt2.j7_ykvN"
"s3://hcp-openaccess/HCP_1200/506234/MNINonLinear/Results/rfMRI_REST2_RL/RestingStateStats/rfMRI_REST2_RL_Atlas_5_UnstructNoiseTCS_QC_Summary_Plot_z.png","506234","MNINonLinear//Results/rfMRI_REST2_RL/RestingStateStats/rfMRI_REST2_RL_Atlas_5_UnstructNoiseTCS_QC_Summary_Plot_z.png","aPCt4aUSojXw7gQP1JEe4fcRKNdruQPB"
"s3://hcp-openaccess/HCP_1200/506234/MNINonLinear/Results/rfMRI_REST2_RL/RestingStateStats/rfMRI_REST2_RL_Atlas_6-5_WMCleanedTCS-UnstructNoiseTCS_QC_Summary_Plot.png","506234","MNINonLinear//Results/rfMRI_REST2_RL/RestingStateStats/rfMRI_REST2_RL_Atlas_6-5_WMCleanedTCS-UnstructNoiseTCS_QC_Summary_Plot.png","xquLwMoIkVSCGiIsTPSfnrZ_GT0kCoHX"
"s3://hcp-openaccess/HCP_1200/506234/MNINonLinear/Results/rfMRI_REST2_RL/RestingStateStats/rfMRI_REST2_RL_Atlas_6-5_WMCleanedTCS-UnstructNoiseTCS_QC_Summary_Plot_z.png","506234","MNINonLinear//Results/rfMRI_REST2_RL/RestingStateStats/rfMRI_REST2_RL_Atlas_6-5_WMCleanedTCS-UnstructNoiseTCS_QC_Summary_Plot_z.png","r3kv49tpc3hqUJd5YLDVBf..uYWJrqz0"
"s3://hcp-openaccess/HCP_1200/506234/MNINonLinear/Results/rfMRI_REST2_RL/RestingStateStats/rfMRI_REST2_RL_Atlas_6_WMCleanedTCS_QC_Summary_Plot.png","506234","MNINonLinear//Results/rfMRI_REST2_RL/RestingStateStats/rfMRI_REST2_RL_Atlas_6_WMCleanedTCS_QC_Summary_Plot.png","VwTbmGoPXTBSqAy7SPYSSvZS7VAWMl1u"
"s3://hcp-openaccess/HCP_1200/506234/MNINonLinear/Results/rfMRI_REST2_RL/RestingStateStats/rfMRI_REST2_RL_Atlas_6_WMCleanedTCS_QC_Summary_Plot_z.png","506234","MNINonLinear//Results/rfMRI_REST2_RL/RestingStateStats/rfMRI_REST2_RL_Atlas_6_WMCleanedTCS_QC_Summary_Plot_z.png","HFfN7SNH_hG0jGMMNBECd90KySsXYQ_V"
"s3://hcp-openaccess/HCP_1200/506234/MNINonLinear/Results/rfMRI_REST2_RL/RestingStateStats/rfMRI_REST2_RL_Atlas_7-5_CSFCleanedTCS-UnstructNoiseTCS_QC_Summary_Plot.png","506234","MNINonLinear//Results/rfMRI_REST2_RL/RestingStateStats/rfMRI_REST2_RL_Atlas_7-5_CSFCleanedTCS-UnstructNoiseTCS_QC_Summary_Plot.png","xZ1pDAqnyV48QouSbGzD7dhYFEIA_hk0"
"s3://hcp-openaccess/HCP_1200/506234/MNINonLinear/Results/rfMRI_REST2_RL/RestingStateStats/rfMRI_REST2_RL_Atlas_7-5_CSFCleanedTCS-UnstructNoiseTCS_QC_Summary_Plot_z.png","506234","MNINonLinear//Results/rfMRI_REST2_RL/RestingStateStats/rfMRI_REST2_RL_Atlas_7-5_CSFCleanedTCS-UnstructNoiseTCS_QC_Summary_Plot_z.png","9YLpuO4iCo4HjNlpkAmYF7wjd8OC.gbw"
"s3://hcp-openaccess/HCP_1200/506234/MNINonLinear/Results/rfMRI_REST2_RL/RestingStateStats/rfMRI_REST2_RL_Atlas_7_CSFCleanedTCS_QC_Summary_Plot.png","506234","MNINonLinear//Results/rfMRI_REST2_RL/RestingStateStats/rfMRI_REST2_RL_Atlas_7_CSFCleanedTCS_QC_Summary_Plot.png","pzST3EvS1xKzAbm4_kivoiBJK1ws06RI"
"s3://hcp-openaccess/HCP_1200/506234/MNINonLinear/Results/rfMRI_REST2_RL/RestingStateStats/rfMRI_REST2_RL_Atlas_7_CSFCleanedTCS_QC_Summary_Plot_z.png","506234","MNINonLinear//Results/rfMRI_REST2_RL/RestingStateStats/rfMRI_REST2_RL_Atlas_7_CSFCleanedTCS_QC_Summary_Plot_z.png","ZHJq1PmCNaY7n0zAEwiM40oV1k.uVZEf"
"s3://hcp-openaccess/HCP_1200/506234/MNINonLinear/Results/rfMRI_REST2_RL/RestingStateStats/rfMRI_REST2_RL_Atlas_8-5_WMCSFCleanedTCS-UnstructNoiseTCS_QC_Summary_Plot.png","506234","MNINonLinear//Results/rfMRI_REST2_RL/RestingStateStats/rfMRI_REST2_RL_Atlas_8-5_WMCSFCleanedTCS-UnstructNoiseTCS_QC_Summary_Plot.png","9dMIX5e4d_OTu1lIj4tzwue8Pkvqj38f"
"s3://hcp-openaccess/HCP_1200/506234/MNINonLinear/Results/rfMRI_REST2_RL/RestingStateStats/rfMRI_REST2_RL_Atlas_8-5_WMCSFCleanedTCS-UnstructNoiseTCS_QC_Summary_Plot_z.png","506234","MNINonLinear//Results/rfMRI_REST2_RL/RestingStateStats/rfMRI_REST2_RL_Atlas_8-5_WMCSFCleanedTCS-UnstructNoiseTCS_QC_Summary_Plot_z.png","mNTbZpWbKPGUq.f5rETnrNDbYt0L0p35"
"s3://hcp-openaccess/HCP_1200/506234/MNINonLinear/Results/rfMRI_REST2_RL/RestingStateStats/rfMRI_REST2_RL_Atlas_8_WMCSFCleanedTCS_QC_Summary_Plot.png","506234","MNINonLinear//Results/rfMRI_REST2_RL/RestingStateStats/rfMRI_REST2_RL_Atlas_8_WMCSFCleanedTCS_QC_Summary_Plot.png","T1tav7uU440RaMFJBUKVrNYudWWRkA_v"
"s3://hcp-openaccess/HCP_1200/506234/MNINonLinear/Results/rfMRI_REST2_RL/RestingStateStats/rfMRI_REST2_RL_Atlas_8_WMCSFCleanedTCS_QC_Summary_Plot_z.png","506234","MNINonLinear//Results/rfMRI_REST2_RL/RestingStateStats/rfMRI_REST2_RL_Atlas_8_WMCSFCleanedTCS_QC_Summary_Plot_z.png","6ie0Od5Xzl7.h65I5haX2KWEPQtsN5ww"
"s3://hcp-openaccess/HCP_1200/506234/MNINonLinear/Results/rfMRI_REST2_RL/RestingStateStats/rfMRI_REST2_RL_Atlas_9_StructNoiseTCS_QC_Summary_Plot.png","506234","MNINonLinear//Results/rfMRI_REST2_RL/RestingStateStats/rfMRI_REST2_RL_Atlas_9_StructNoiseTCS_QC_Summary_Plot.png","XVmTvMzPdmUnZpx.ZiW6kB1BjYZM0BU5"
"s3://hcp-openaccess/HCP_1200/506234/MNINonLinear/Results/rfMRI_REST2_RL/RestingStateStats/rfMRI_REST2_RL_Atlas_9_StructNoiseTCS_QC_Summary_Plot_z.png","506234","MNINonLinear//Results/rfMRI_REST2_RL/RestingStateStats/rfMRI_REST2_RL_Atlas_9_StructNoiseTCS_QC_Summary_Plot_z.png","Xhcszv_chiX75inlNYC0sn1.3fvWCEoK"
"s3://hcp-openaccess/HCP_1200/506234/MNINonLinear/Results/rfMRI_REST2_RL/RestingStateStats/rfMRI_REST2_RL_Atlas_CleanedCSFtc.txt","506234","MNINonLinear//Results/rfMRI_REST2_RL/RestingStateStats/rfMRI_REST2_RL_Atlas_CleanedCSFtc.txt","CZHAe.EIaBrcYXtYE2CBEGK_Pi2VzNuh"
"s3://hcp-openaccess/HCP_1200/506234/MNINonLinear/Results/rfMRI_REST2_RL/RestingStateStats/rfMRI_REST2_RL_Atlas_CleanedMGT.txt","506234","MNINonLinear//Results/rfMRI_REST2_RL/RestingStateStats/rfMRI_REST2_RL_Atlas_CleanedMGT.txt","CthJZS.UVMf8Pdn36g7LFCLpCD5ngO8J"
"s3://hcp-openaccess/HCP_1200/506234/MNINonLinear/Results/rfMRI_REST2_RL/RestingStateStats/rfMRI_REST2_RL_Atlas_CleanedWMtc.txt","506234","MNINonLinear//Results/rfMRI_REST2_RL/RestingStateStats/rfMRI_REST2_RL_Atlas_CleanedWMtc.txt","6Dz2GFCNt4a_xPo5R3sC0HEiDIpodN.7"
"s3://hcp-openaccess/HCP_1200/506234/MNINonLinear/Results/rfMRI_REST2_RL/RestingStateStats/rfMRI_REST2_RL_Atlas_HighPassMGT.txt","506234","MNINonLinear//Results/rfMRI_REST2_RL/RestingStateStats/rfMRI_REST2_RL_Atlas_HighPassMGT.txt","rg9v9710.Ricb4s_xGWeacA451YKXdOu"
"s3://hcp-openaccess/HCP_1200/506234/MNINonLinear/Results/rfMRI_REST2_RL/RestingStateStats/rfMRI_REST2_RL_Atlas_NoiseMGT.txt","506234","MNINonLinear//Results/rfMRI_REST2_RL/RestingStateStats/rfMRI_REST2_RL_Atlas_NoiseMGT.txt","FqJFzV4UJCtwZI4pLOK4mDHbZbsDEJnm"
"s3://hcp-openaccess/HCP_1200/506234/MNINonLinear/Results/rfMRI_REST2_RL/RestingStateStats/rfMRI_REST2_RL_Atlas_OrigMGT.txt","506234","MNINonLinear//Results/rfMRI_REST2_RL/RestingStateStats/rfMRI_REST2_RL_Atlas_OrigMGT.txt","2UkAm3ki_SXkbAE5QE6jDDmQtpci9nrn"
"s3://hcp-openaccess/HCP_1200/506234/MNINonLinear/Results/rfMRI_REST2_RL/RestingStateStats/rfMRI_REST2_RL_Atlas_PostMotionMGT.txt","506234","MNINonLinear//Results/rfMRI_REST2_RL/RestingStateStats/rfMRI_REST2_RL_Atlas_PostMotionMGT.txt","EnbAf90RHQJU3u_F15V5iYByX.eqm1_H"
"s3://hcp-openaccess/HCP_1200/506234/MNINonLinear/Results/rfMRI_REST2_RL/RestingStateStats/rfMRI_REST2_RL_Atlas_UnstructNoiseMGT.txt","506234","MNINonLinear//Results/rfMRI_REST2_RL/RestingStateStats/rfMRI_REST2_RL_Atlas_UnstructNoiseMGT.txt","n23to5z_xD.1it.2yVQsQnTdc2YUi6sy"
"s3://hcp-openaccess/HCP_1200/506234/MNINonLinear/Results/rfMRI_REST2_RL/RibbonVolumeToSurfaceMapping/goodvoxels.nii.gz","506234","MNINonLinear//Results/rfMRI_REST2_RL/RibbonVolumeToSurfaceMapping/goodvoxels.nii.gz","lJetXWvnsdYQrOLY8P9qw9fO11bp6l7X"
"s3://hcp-openaccess/HCP_1200/506234/MNINonLinear/Results/rfMRI_REST2_RL/SBRef_dc.nii.gz","506234","MNINonLinear//Results/rfMRI_REST2_RL/SBRef_dc.nii.gz","9tc6HIQYKojvdoKPpT8fSqxf8e2qSbyb"
"s3://hcp-openaccess/HCP_1200/506234/MNINonLinear/Results/rfMRI_REST2_RL/brainmask_fs.2.nii.gz","506234","MNINonLinear//Results/rfMRI_REST2_RL/brainmask_fs.2.nii.gz","huqqiKmIz.pch.eej69Ki_TDG8Mp0ewX"
"s3://hcp-openaccess/HCP_1200/506234/MNINonLinear/Results/rfMRI_REST2_RL/rfMRI_REST2_RL.L.native.func.gii","506234","MNINonLinear//Results/rfMRI_REST2_RL/rfMRI_REST2_RL.L.native.func.gii","AhQhQD5K51cfVx1zawLRWOQCyBnTKtfE"
"s3://hcp-openaccess/HCP_1200/506234/MNINonLinear/Results/rfMRI_REST2_RL/rfMRI_REST2_RL.R.native.func.gii","506234","MNINonLinear//Results/rfMRI_REST2_RL/rfMRI_REST2_RL.R.native.func.gii","ygYyr1dlSuRnX55zPOeEhKvqYX1X97iK"
"s3://hcp-openaccess/HCP_1200/506234/MNINonLinear/Results/rfMRI_REST2_RL/rfMRI_REST2_RL.nii.gz","506234","MNINonLinear//Results/rfMRI_REST2_RL/rfMRI_REST2_RL.nii.gz","livNitf2IHQ94qr06StvKFeFQsZ.Yy9y"
"s3://hcp-openaccess/HCP_1200/506234/MNINonLinear/Results/rfMRI_REST2_RL/rfMRI_REST2_RL_Atlas.dtseries.nii","506234","MNINonLinear//Results/rfMRI_REST2_RL/rfMRI_REST2_RL_Atlas.dtseries.nii","6pB9Y20KNtvMprSbpHQ_W0w3KdIeKHOR"
"s3://hcp-openaccess/HCP_1200/506234/MNINonLinear/Results/rfMRI_REST2_RL/rfMRI_REST2_RL_Atlas_MSMAll.dtseries.nii","506234","MNINonLinear//Results/rfMRI_REST2_RL/rfMRI_REST2_RL_Atlas_MSMAll.dtseries.nii","Z_DFPf_7_O1qCvntJDLDRE1pEN.OxpOH"
"s3://hcp-openaccess/HCP_1200/506234/MNINonLinear/Results/rfMRI_REST2_RL/rfMRI_REST2_RL_Atlas_MSMAll_hp2000_clean.dtseries.nii","506234","MNINonLinear//Results/rfMRI_REST2_RL/rfMRI_REST2_RL_Atlas_MSMAll_hp2000_clean.dtseries.nii","TaTDOoaM7_Rhfg4nTWbBQrWXqjTH0rkI"
"s3://hcp-openaccess/HCP_1200/506234/MNINonLinear/Results/rfMRI_REST2_RL/rfMRI_REST2_RL_Atlas_hp2000_clean.dtseries.nii","506234","MNINonLinear//Results/rfMRI_REST2_RL/rfMRI_REST2_RL_Atlas_hp2000_clean.dtseries.nii","3B0Xejnp7K4uS0zpdkrpbfQLNuTiKSfW"
"s3://hcp-openaccess/HCP_1200/506234/MNINonLinear/Results/rfMRI_REST2_RL/rfMRI_REST2_RL_Atlas_hp2000_clean_bias.dscalar.nii","506234","MNINonLinear//Results/rfMRI_REST2_RL/rfMRI_REST2_RL_Atlas_hp2000_clean_bias.dscalar.nii","72z3OtisAkwWMZFgnUeZMeM2WJymZPwN"
"s3://hcp-openaccess/HCP_1200/506234/MNINonLinear/Results/rfMRI_REST2_RL/rfMRI_REST2_RL_Atlas_hp2000_clean_vn.dscalar.nii","506234","MNINonLinear//Results/rfMRI_REST2_RL/rfMRI_REST2_RL_Atlas_hp2000_clean_vn.dscalar.nii","987Wk4_Nh1IjCGu461qh2pTcBCH8YTMv"
"s3://hcp-openaccess/HCP_1200/506234/MNINonLinear/Results/rfMRI_REST2_RL/rfMRI_REST2_RL_Atlas_stats.dscalar.nii","506234","MNINonLinear//Results/rfMRI_REST2_RL/rfMRI_REST2_RL_Atlas_stats.dscalar.nii","MYFJJ65sgzCFENXuDL8pafWXTfO3q3sA"
"s3://hcp-openaccess/HCP_1200/506234/MNINonLinear/Results/rfMRI_REST2_RL/rfMRI_REST2_RL_Atlas_stats.txt","506234","MNINonLinear//Results/rfMRI_REST2_RL/rfMRI_REST2_RL_Atlas_stats.txt","3DASPjpd2fcijteLE5i84fafPGK53UVD"
"s3://hcp-openaccess/HCP_1200/506234/MNINonLinear/Results/rfMRI_REST2_RL/rfMRI_REST2_RL_CSF.txt","506234","MNINonLinear//Results/rfMRI_REST2_RL/rfMRI_REST2_RL_CSF.txt","YKiqZxq1kt4x8ANlnNC.zKktUuioNDfQ"
"s3://hcp-openaccess/HCP_1200/506234/MNINonLinear/Results/rfMRI_REST2_RL/rfMRI_REST2_RL_Jacobian.nii.gz","506234","MNINonLinear//Results/rfMRI_REST2_RL/rfMRI_REST2_RL_Jacobian.nii.gz","H_K3A8CS1_hjSC10urhig4ljKikk.Nnr"
"s3://hcp-openaccess/HCP_1200/506234/MNINonLinear/Results/rfMRI_REST2_RL/rfMRI_REST2_RL_Physio_log.txt","506234","MNINonLinear//Results/rfMRI_REST2_RL/rfMRI_REST2_RL_Physio_log.txt","LUQMTjj_s0Fw8maOentTdvo.1fRhF8hp"
"s3://hcp-openaccess/HCP_1200/506234/MNINonLinear/Results/rfMRI_REST2_RL/rfMRI_REST2_RL_SBRef.nii.gz","506234","MNINonLinear//Results/rfMRI_REST2_RL/rfMRI_REST2_RL_SBRef.nii.gz","dunA9IBvF.JRN55zuCC0SVCRrDD7OorZ"
"s3://hcp-openaccess/HCP_1200/506234/MNINonLinear/Results/rfMRI_REST2_RL/rfMRI_REST2_RL_WM.txt","506234","MNINonLinear//Results/rfMRI_REST2_RL/rfMRI_REST2_RL_WM.txt","oeRnEw8G6oB_zKqi18xMothTKWoSK1Mx"
"s3://hcp-openaccess/HCP_1200/506234/MNINonLinear/Results/rfMRI_REST2_RL/rfMRI_REST2_RL_hp2000.ica/.fix","506234","MNINonLinear//Results/rfMRI_REST2_RL/rfMRI_REST2_RL_hp2000.ica/.fix","lV15187CZs.I4.j.G_YLo9_lUQcffNEv"
"s3://hcp-openaccess/HCP_1200/506234/MNINonLinear/Results/rfMRI_REST2_RL/rfMRI_REST2_RL_hp2000.ica/Noise.txt","506234","MNINonLinear//Results/rfMRI_REST2_RL/rfMRI_REST2_RL_hp2000.ica/Noise.txt","yLQZAWHhU9IHvjXHwsu6UJG7.QES_pjY"
"s3://hcp-openaccess/HCP_1200/506234/MNINonLinear/Results/rfMRI_REST2_RL/rfMRI_REST2_RL_hp2000.ica/Signal.txt","506234","MNINonLinear//Results/rfMRI_REST2_RL/rfMRI_REST2_RL_hp2000.ica/Signal.txt","jNVomkVIwL0XLu7pRITBx0x3clLoENsy"
"s3://hcp-openaccess/HCP_1200/506234/MNINonLinear/Results/rfMRI_REST2_RL/rfMRI_REST2_RL_hp2000.ica/filtered_func_data.ica/eigenvalues_percent","506234","MNINonLinear//Results/rfMRI_REST2_RL/rfMRI_REST2_RL_hp2000.ica/filtered_func_data.ica/eigenvalues_percent","pfZcathW_jVb3p.kWZjUDbQdu7GD9g5d"
"s3://hcp-openaccess/HCP_1200/506234/MNINonLinear/Results/rfMRI_REST2_RL/rfMRI_REST2_RL_hp2000.ica/filtered_func_data.ica/log.txt","506234","MNINonLinear//Results/rfMRI_REST2_RL/rfMRI_REST2_RL_hp2000.ica/filtered_func_data.ica/log.txt","xOU3rP_9CmoiOu2Cjatxvrby0yvNdJGl"
"s3://hcp-openaccess/HCP_1200/506234/MNINonLinear/Results/rfMRI_REST2_RL/rfMRI_REST2_RL_hp2000.ica/filtered_func_data.ica/melodic_FTmix","506234","MNINonLinear//Results/rfMRI_REST2_RL/rfMRI_REST2_RL_hp2000.ica/filtered_func_data.ica/melodic_FTmix","eH_0lVvfN9BnSXF61wyPDSryGBPiLE_L"
"s3://hcp-openaccess/HCP_1200/506234/MNINonLinear/Results/rfMRI_REST2_RL/rfMRI_REST2_RL_hp2000.ica/filtered_func_data.ica/melodic_FTmix.sdseries.nii","506234","MNINonLinear//Results/rfMRI_REST2_RL/rfMRI_REST2_RL_hp2000.ica/filtered_func_data.ica/melodic_FTmix.sdseries.nii","99pCc6IFcZrz2vgREGnqFrPuQjz6Cne."
"s3://hcp-openaccess/HCP_1200/506234/MNINonLinear/Results/rfMRI_REST2_RL/rfMRI_REST2_RL_hp2000.ica/filtered_func_data.ica/melodic_IC.nii.gz","506234","MNINonLinear//Results/rfMRI_REST2_RL/rfMRI_REST2_RL_hp2000.ica/filtered_func_data.ica/melodic_IC.nii.gz","0jHlYvHe8KRZtqLPdkqI46dcC_7gAkXI"
"s3://hcp-openaccess/HCP_1200/506234/MNINonLinear/Results/rfMRI_REST2_RL/rfMRI_REST2_RL_hp2000.ica/filtered_func_data.ica/melodic_ICstats","506234","MNINonLinear//Results/rfMRI_REST2_RL/rfMRI_REST2_RL_hp2000.ica/filtered_func_data.ica/melodic_ICstats","DhoUUQOgQb3Hz7EjtFBciQ39LkNUV9Qs"
"s3://hcp-openaccess/HCP_1200/506234/MNINonLinear/Results/rfMRI_REST2_RL/rfMRI_REST2_RL_hp2000.ica/filtered_func_data.ica/melodic_Tmodes","506234","MNINonLinear//Results/rfMRI_REST2_RL/rfMRI_REST2_RL_hp2000.ica/filtered_func_data.ica/melodic_Tmodes","TJXDESvhtre1EW7MIh_8pvak7Mto05zd"
"s3://hcp-openaccess/HCP_1200/506234/MNINonLinear/Results/rfMRI_REST2_RL/rfMRI_REST2_RL_hp2000.ica/filtered_func_data.ica/melodic_mix","506234","MNINonLinear//Results/rfMRI_REST2_RL/rfMRI_REST2_RL_hp2000.ica/filtered_func_data.ica/melodic_mix","sLYOK9uRMO8yCzOwAmn0UzvdR513JTIn"
"s3://hcp-openaccess/HCP_1200/506234/MNINonLinear/Results/rfMRI_REST2_RL/rfMRI_REST2_RL_hp2000.ica/filtered_func_data.ica/melodic_mix.sdseries.nii","506234","MNINonLinear//Results/rfMRI_REST2_RL/rfMRI_REST2_RL_hp2000.ica/filtered_func_data.ica/melodic_mix.sdseries.nii","S65eViIGTTDtfy42oNR_ED9bi_ZnuRWx"
"s3://hcp-openaccess/HCP_1200/506234/MNINonLinear/Results/rfMRI_REST2_RL/rfMRI_REST2_RL_hp2000.ica/filtered_func_data.ica/melodic_oIC.dscalar.nii","506234","MNINonLinear//Results/rfMRI_REST2_RL/rfMRI_REST2_RL_hp2000.ica/filtered_func_data.ica/melodic_oIC.dscalar.nii","2jX6SBgbGJFADLX2fzhm8cCv2Ne8J9i_"
"s3://hcp-openaccess/HCP_1200/506234/MNINonLinear/Results/rfMRI_REST2_RL/rfMRI_REST2_RL_hp2000.ica/filtered_func_data.ica/melodic_oIC.nii.gz","506234","MNINonLinear//Results/rfMRI_REST2_RL/rfMRI_REST2_RL_hp2000.ica/filtered_func_data.ica/melodic_oIC.nii.gz","2PXGmrGRZlAXKtJn7efkkmDg.JiyctaD"
"s3://hcp-openaccess/HCP_1200/506234/MNINonLinear/Results/rfMRI_REST2_RL/rfMRI_REST2_RL_hp2000.ica/filtered_func_data.ica/melodic_oIC_vol.dscalar.nii","506234","MNINonLinear//Results/rfMRI_REST2_RL/rfMRI_REST2_RL_hp2000.ica/filtered_func_data.ica/melodic_oIC_vol.dscalar.nii","n98.sPgAWxQvw9dwToTWeW1cx7DDUsUy"
"s3://hcp-openaccess/HCP_1200/506234/MNINonLinear/Results/rfMRI_REST2_RL/rfMRI_REST2_RL_hp2000.ica/filtered_func_data.ica/report/00index.html","506234","MNINonLinear//Results/rfMRI_REST2_RL/rfMRI_REST2_RL_hp2000.ica/filtered_func_data.ica/report/00index.html","qkmLyBWQJrqmpqLBdsweip9CXQNAG4iE"
"s3://hcp-openaccess/HCP_1200/506234/MNINonLinear/Results/rfMRI_REST2_RL/rfMRI_REST2_RL_hp2000.ica/filtered_func_data.ica/report/EVplot.png","506234","MNINonLinear//Results/rfMRI_REST2_RL/rfMRI_REST2_RL_hp2000.ica/filtered_func_data.ica/report/EVplot.png","xiYoT1q7ZqBhKy_EbTuTWaZqMB0U0BQO"
"s3://hcp-openaccess/HCP_1200/506234/MNINonLinear/Results/rfMRI_REST2_RL/rfMRI_REST2_RL_hp2000.ica/filtered_func_data.ica/report/IC_1.html","506234","MNINonLinear//Results/rfMRI_REST2_RL/rfMRI_REST2_RL_hp2000.ica/filtered_func_data.ica/report/IC_1.html","3w7t7HBPXN34L34vm4ow48CDpFCEabYC"
"s3://hcp-openaccess/HCP_1200/506234/MNINonLinear/Results/rfMRI_REST2_RL/rfMRI_REST2_RL_hp2000.ica/filtered_func_data.ica/report/IC_1.png","506234","MNINonLinear//Results/rfMRI_REST2_RL/rfMRI_REST2_RL_hp2000.ica/filtered_func_data.ica/report/IC_1.png","5v_YTvaLYFyEGTEbAloxmCLxMzwerWle"
"s3://hcp-openaccess/HCP_1200/506234/MNINonLinear/Results/rfMRI_REST2_RL/rfMRI_REST2_RL_hp2000.ica/filtered_func_data.ica/report/IC_10.html","506234","MNINonLinear//Results/rfMRI_REST2_RL/rfMRI_REST2_RL_hp2000.ica/filtered_func_data.ica/report/IC_10.html","lsz7z0WgXySSgU1i2MJXrtBlj2oG26eQ"
"s3://hcp-openaccess/HCP_1200/506234/MNINonLinear/Results/rfMRI_REST2_RL/rfMRI_REST2_RL_hp2000.ica/filtered_func_data.ica/report/IC_10.png","506234","MNINonLinear//Results/rfMRI_REST2_RL/rfMRI_REST2_RL_hp2000.ica/filtered_func_data.ica/report/IC_10.png","lTSwZVfyAEk5YwElt8WG08iwNq5wh0Q1"
"s3://hcp-openaccess/HCP_1200/506234/MNINonLinear/Results/rfMRI_REST2_RL/rfMRI_REST2_RL_hp2000.ica/filtered_func_data.ica/report/IC_10_MM.html","506234","MNINonLinear//Results/rfMRI_REST2_RL/rfMRI_REST2_RL_hp2000.ica/filtered_func_data.ica/report/IC_10_MM.html","ejevc2MCSsGA6_CN9UzpxAHNxyuLBjXa"
"s3://hcp-openaccess/HCP_1200/506234/MNINonLinear/Results/rfMRI_REST2_RL/rfMRI_REST2_RL_hp2000.ica/filtered_func_data.ica/report/IC_10_MMfit.png","506234","MNINonLinear//Results/rfMRI_REST2_RL/rfMRI_REST2_RL_hp2000.ica/filtered_func_data.ica/report/IC_10_MMfit.png","12mJA13m0hQdDIuZVi28pD_eLL.cfwzq"
"s3://hcp-openaccess/HCP_1200/506234/MNINonLinear/Results/rfMRI_REST2_RL/rfMRI_REST2_RL_hp2000.ica/filtered_func_data.ica/report/IC_10_prob.png","506234","MNINonLinear//Results/rfMRI_REST2_RL/rfMRI_REST2_RL_hp2000.ica/filtered_func_data.ica/report/IC_10_prob.png","VG2Jl7alZjFQYv7bHNujyNV1YHeV6Snd"
"s3://hcp-openaccess/HCP_1200/506234/MNINonLinear/Results/rfMRI_REST2_RL/rfMRI_REST2_RL_hp2000.ica/filtered_func_data.ica/report/IC_10_thresh.png","506234","MNINonLinear//Results/rfMRI_REST2_RL/rfMRI_REST2_RL_hp2000.ica/filtered_func_data.ica/report/IC_10_thresh.png","VwLrPsrs.FZYhcw5a5LWCAxt.kQ3DJk2"
"s3://hcp-openaccess/HCP_1200/506234/MNINonLinear/Results/rfMRI_REST2_RL/rfMRI_REST2_RL_hp2000.ica/filtered_func_data.ica/report/IC_11.html","506234","MNINonLinear//Results/rfMRI_REST2_RL/rfMRI_REST2_RL_hp2000.ica/filtered_func_data.ica/report/IC_11.html","UaqMtkIkHJXiPQvXFVcT4kjLAHtfFsyX"
"s3://hcp-openaccess/HCP_1200/506234/MNINonLinear/Results/rfMRI_REST2_RL/rfMRI_REST2_RL_hp2000.ica/filtered_func_data.ica/report/IC_11.png","506234","MNINonLinear//Results/rfMRI_REST2_RL/rfMRI_REST2_RL_hp2000.ica/filtered_func_data.ica/report/IC_11.png","OvxQWgc8Aw5o83lCcDCeZieyU53fa2Rp"
"s3://hcp-openaccess/HCP_1200/506234/MNINonLinear/Results/rfMRI_REST2_RL/rfMRI_REST2_RL_hp2000.ica/filtered_func_data.ica/report/IC_11_MM.html","506234","MNINonLinear//Results/rfMRI_REST2_RL/rfMRI_REST2_RL_hp2000.ica/filtered_func_data.ica/report/IC_11_MM.html","7BpGFI87iTppIuilGnJD0YKiJV2NB_dA"
"s3://hcp-openaccess/HCP_1200/506234/MNINonLinear/Results/rfMRI_REST2_RL/rfMRI_REST2_RL_hp2000.ica/filtered_func_data.ica/report/IC_11_MMfit.png","506234","MNINonLinear//Results/rfMRI_REST2_RL/rfMRI_REST2_RL_hp2000.ica/filtered_func_data.ica/report/IC_11_MMfit.png","CcCVrnQfr818b2qUWX8q8.ncxBCjVvDH"
"s3://hcp-openaccess/HCP_1200/506234/MNINonLinear/Results/rfMRI_REST2_RL/rfMRI_REST2_RL_hp2000.ica/filtered_func_data.ica/report/IC_11_prob.png","506234","MNINonLinear//Results/rfMRI_REST2_RL/rfMRI_REST2_RL_hp2000.ica/filtered_func_data.ica/report/IC_11_prob.png","36159vuz_IGDyOiOQDJtsXGuUXOl8qUT"
"s3://hcp-openaccess/HCP_1200/506234/MNINonLinear/Results/rfMRI_REST2_RL/rfMRI_REST2_RL_hp2000.ica/filtered_func_data.ica/report/IC_11_thresh.png","506234","MNINonLinear//Results/rfMRI_REST2_RL/rfMRI_REST2_RL_hp2000.ica/filtered_func_data.ica/report/IC_11_thresh.png","RU0aKSzXlUivhXmjVX2KrcZGqJ.NbPIO"
"s3://hcp-openaccess/HCP_1200/506234/MNINonLinear/Results/rfMRI_REST2_RL/rfMRI_REST2_RL_hp2000.ica/filtered_func_data.ica/report/IC_12.html","506234","MNINonLinear//Results/rfMRI_REST2_RL/rfMRI_REST2_RL_hp2000.ica/filtered_func_data.ica/report/IC_12.html","ZPHqWzFrTW5mCYo2D0okaCvGMKXSGmvx"
"s3://hcp-openaccess/HCP_1200/506234/MNINonLinear/Results/rfMRI_REST2_RL/rfMRI_REST2_RL_hp2000.ica/filtered_func_data.ica/report/IC_12.png","506234","MNINonLinear//Results/rfMRI_REST2_RL/rfMRI_REST2_RL_hp2000.ica/filtered_func_data.ica/report/IC_12.png","raKmKbySHnX_JHZO9dmuRSkmrjtp9s3I"
"s3://hcp-openaccess/HCP_1200/506234/MNINonLinear/Results/rfMRI_REST2_RL/rfMRI_REST2_RL_hp2000.ica/filtered_func_data.ica/report/IC_12_MM.html","506234","MNINonLinear//Results/rfMRI_REST2_RL/rfMRI_REST2_RL_hp2000.ica/filtered_func_data.ica/report/IC_12_MM.html","PGgB_v2wnVzTc3XnjbCYU94V0ZttQ_IA"
"s3://hcp-openaccess/HCP_1200/506234/MNINonLinear/Results/rfMRI_REST2_RL/rfMRI_REST2_RL_hp2000.ica/filtered_func_data.ica/report/IC_12_MMfit.png","506234","MNINonLinear//Results/rfMRI_REST2_RL/rfMRI_REST2_RL_hp2000.ica/filtered_func_data.ica/report/IC_12_MMfit.png","8rE6ugPpOE.xjGOwj3Tx_bkfslwHBQC_"
"s3://hcp-openaccess/HCP_1200/506234/MNINonLinear/Results/rfMRI_REST2_RL/rfMRI_REST2_RL_hp2000.ica/filtered_func_data.ica/report/IC_12_prob.png","506234","MNINonLinear//Results/rfMRI_REST2_RL/rfMRI_REST2_RL_hp2000.ica/filtered_func_data.ica/report/IC_12_prob.png","iU7mb1sMT_GXqIQb00CeRqyeSBcDk_eJ"
"s3://hcp-openaccess/HCP_1200/506234/MNINonLinear/Results/rfMRI_REST2_RL/rfMRI_REST2_RL_hp2000.ica/filtered_func_data.ica/report/IC_12_thresh.png","506234","MNINonLinear//Results/rfMRI_REST2_RL/rfMRI_REST2_RL_hp2000.ica/filtered_func_data.ica/report/IC_12_thresh.png","_AsM04Ukck7fXY.yPDxN9YUvU7LKcx9M"
"s3://hcp-openaccess/HCP_1200/506234/MNINonLinear/Results/rfMRI_REST2_RL/rfMRI_REST2_RL_hp2000.ica/filtered_func_data.ica/report/IC_13.html","506234","MNINonLinear//Results/rfMRI_REST2_RL/rfMRI_REST2_RL_hp2000.ica/filtered_func_data.ica/report/IC_13.html","3LAHbplrz0cgeNPQR39CHEkFM3n1mbzH"
"s3://hcp-openaccess/HCP_1200/506234/MNINonLinear/Results/rfMRI_REST2_RL/rfMRI_REST2_RL_hp2000.ica/filtered_func_data.ica/report/IC_13.png","506234","MNINonLinear//Results/rfMRI_REST2_RL/rfMRI_REST2_RL_hp2000.ica/filtered_func_data.ica/report/IC_13.png","mZJOT2bFSb8fVRGh42uqAsDQ5HsoVcQx"
"s3://hcp-openaccess/HCP_1200/506234/MNINonLinear/Results/rfMRI_REST2_RL/rfMRI_REST2_RL_hp2000.ica/filtered_func_data.ica/report/IC_13_MM.html","506234","MNINonLinear//Results/rfMRI_REST2_RL/rfMRI_REST2_RL_hp2000.ica/filtered_func_data.ica/report/IC_13_MM.html","4v.V9SRueI3Sy4ffV394koq5SPJv120S"
"s3://hcp-openaccess/HCP_1200/506234/MNINonLinear/Results/rfMRI_REST2_RL/rfMRI_REST2_RL_hp2000.ica/filtered_func_data.ica/report/IC_13_MMfit.png","506234","MNINonLinear//Results/rfMRI_REST2_RL/rfMRI_REST2_RL_hp2000.ica/filtered_func_data.ica/report/IC_13_MMfit.png","s68m2Bna7ft_nxV4GpySvLqvDMuRiEKF"
"s3://hcp-openaccess/HCP_1200/506234/MNINonLinear/Results/rfMRI_REST2_RL/rfMRI_REST2_RL_hp2000.ica/filtered_func_data.ica/report/IC_13_prob.png","506234","MNINonLinear//Results/rfMRI_REST2_RL/rfMRI_REST2_RL_hp2000.ica/filtered_func_data.ica/report/IC_13_prob.png","zO_Z7kO28R.z4_43t1pw3mSByS2HSNlO"
"s3://hcp-openaccess/HCP_1200/506234/MNINonLinear/Results/rfMRI_REST2_RL/rfMRI_REST2_RL_hp2000.ica/filtered_func_data.ica/report/IC_13_thresh.png","506234","MNINonLinear//Results/rfMRI_REST2_RL/rfMRI_REST2_RL_hp2000.ica/filtered_func_data.ica/report/IC_13_thresh.png","jijbKoWQF1KeXFDKl8tc.pnHCQvuwsiF"
"s3://hcp-openaccess/HCP_1200/506234/MNINonLinear/Results/rfMRI_REST2_RL/rfMRI_REST2_RL_hp2000.ica/filtered_func_data.ica/report/IC_14.html","506234","MNINonLinear//Results/rfMRI_REST2_RL/rfMRI_REST2_RL_hp2000.ica/filtered_func_data.ica/report/IC_14.html","dxqyia1rQ4Z4alyQMI7tG8cewuDib0VB"
"s3://hcp-openaccess/HCP_1200/506234/MNINonLinear/Results/rfMRI_REST2_RL/rfMRI_REST2_RL_hp2000.ica/filtered_func_data.ica/report/IC_14.png","506234","MNINonLinear//Results/rfMRI_REST2_RL/rfMRI_REST2_RL_hp2000.ica/filtered_func_data.ica/report/IC_14.png","FqC3.5Xx6k4OJTbQ75nHIGdQ9Xc7aCnu"
"s3://hcp-openaccess/HCP_1200/506234/MNINonLinear/Results/rfMRI_REST2_RL/rfMRI_REST2_RL_hp2000.ica/filtered_func_data.ica/report/IC_14_MM.html","506234","MNINonLinear//Results/rfMRI_REST2_RL/rfMRI_REST2_RL_hp2000.ica/filtered_func_data.ica/report/IC_14_MM.html","91wuBQha56xkTwqMairL7pRMvKDk.Oco"
"s3://hcp-openaccess/HCP_1200/506234/MNINonLinear/Results/rfMRI_REST2_RL/rfMRI_REST2_RL_hp2000.ica/filtered_func_data.ica/report/IC_14_MMfit.png","506234","MNINonLinear//Results/rfMRI_REST2_RL/rfMRI_REST2_RL_hp2000.ica/filtered_func_data.ica/report/IC_14_MMfit.png","66N1WpWjPFc78VJROCf4Abm_3yDrSP1Z"
"s3://hcp-openaccess/HCP_1200/506234/MNINonLinear/Results/rfMRI_REST2_RL/rfMRI_REST2_RL_hp2000.ica/filtered_func_data.ica/report/IC_14_prob.png","506234","MNINonLinear//Results/rfMRI_REST2_RL/rfMRI_REST2_RL_hp2000.ica/filtered_func_data.ica/report/IC_14_prob.png","OI5Os47z0KS4ij2sbuHnA2PgGM9wRP6d"
"s3://hcp-openaccess/HCP_1200/506234/MNINonLinear/Results/rfMRI_REST2_RL/rfMRI_REST2_RL_hp2000.ica/filtered_func_data.ica/report/IC_14_thresh.png","506234","MNINonLinear//Results/rfMRI_REST2_RL/rfMRI_REST2_RL_hp2000.ica/filtered_func_data.ica/report/IC_14_thresh.png","wD5UH_ur.Qyo3yK9.iBBveXBKC1tfCeG"
"s3://hcp-openaccess/HCP_1200/506234/MNINonLinear/Results/rfMRI_REST2_RL/rfMRI_REST2_RL_hp2000.ica/filtered_func_data.ica/report/IC_15.html","506234","MNINonLinear//Results/rfMRI_REST2_RL/rfMRI_REST2_RL_hp2000.ica/filtered_func_data.ica/report/IC_15.html","NgKRnfzIjDWpGtbUPvpYjs2_VFs_qIfx"
"s3://hcp-openaccess/HCP_1200/506234/MNINonLinear/Results/rfMRI_REST2_RL/rfMRI_REST2_RL_hp2000.ica/filtered_func_data.ica/report/IC_15.png","506234","MNINonLinear//Results/rfMRI_REST2_RL/rfMRI_REST2_RL_hp2000.ica/filtered_func_data.ica/report/IC_15.png","S3Y.LKe3nqRONAuVRX2DhsjfjjfCn_lY"
"s3://hcp-openaccess/HCP_1200/506234/MNINonLinear/Results/rfMRI_REST2_RL/rfMRI_REST2_RL_hp2000.ica/filtered_func_data.ica/report/IC_15_MM.html","506234","MNINonLinear//Results/rfMRI_REST2_RL/rfMRI_REST2_RL_hp2000.ica/filtered_func_data.ica/report/IC_15_MM.html","bh6qDJBGB0rgeQJFo0t4Q1f63IfRl7j8"
"s3://hcp-openaccess/HCP_1200/506234/MNINonLinear/Results/rfMRI_REST2_RL/rfMRI_REST2_RL_hp2000.ica/filtered_func_data.ica/report/IC_15_MMfit.png","506234","MNINonLinear//Results/rfMRI_REST2_RL/rfMRI_REST2_RL_hp2000.ica/filtered_func_data.ica/report/IC_15_MMfit.png","59Qk5lYxLXcCEZbQi2ca.KmBdhBiAIzn"
"s3://hcp-openaccess/HCP_1200/506234/MNINonLinear/Results/rfMRI_REST2_RL/rfMRI_REST2_RL_hp2000.ica/filtered_func_data.ica/report/IC_15_prob.png","506234","MNINonLinear//Results/rfMRI_REST2_RL/rfMRI_REST2_RL_hp2000.ica/filtered_func_data.ica/report/IC_15_prob.png","epjuGisOiFHoKZwdaYluG7zIJ9qBGNyx"
"s3://hcp-openaccess/HCP_1200/506234/MNINonLinear/Results/rfMRI_REST2_RL/rfMRI_REST2_RL_hp2000.ica/filtered_func_data.ica/report/IC_15_thresh.png","506234","MNINonLinear//Results/rfMRI_REST2_RL/rfMRI_REST2_RL_hp2000.ica/filtered_func_data.ica/report/IC_15_thresh.png","U7bOlHUet6tHvJ0116dYIMMsFU5e_YJK"
"s3://hcp-openaccess/HCP_1200/506234/MNINonLinear/Results/rfMRI_REST2_RL/rfMRI_REST2_RL_hp2000.ica/filtered_func_data.ica/report/IC_16.html","506234","MNINonLinear//Results/rfMRI_REST2_RL/rfMRI_REST2_RL_hp2000.ica/filtered_func_data.ica/report/IC_16.html","DWEk0mZniqlsf8ZGaY1gjNFAxwA3Rcl9"
"s3://hcp-openaccess/HCP_1200/506234/MNINonLinear/Results/rfMRI_REST2_RL/rfMRI_REST2_RL_hp2000.ica/filtered_func_data.ica/report/IC_16.png","506234","MNINonLinear//Results/rfMRI_REST2_RL/rfMRI_REST2_RL_hp2000.ica/filtered_func_data.ica/report/IC_16.png","xSrGx2x5sjFf13LvV_q2anAQNTaJKmgM"
"s3://hcp-openaccess/HCP_1200/506234/MNINonLinear/Results/rfMRI_REST2_RL/rfMRI_REST2_RL_hp2000.ica/filtered_func_data.ica/report/IC_16_MM.html","506234","MNINonLinear//Results/rfMRI_REST2_RL/rfMRI_REST2_RL_hp2000.ica/filtered_func_data.ica/report/IC_16_MM.html",".XEWTo.lD5bTfIZv.0ovtPJQ1ObH8e6u"
"s3://hcp-openaccess/HCP_1200/506234/MNINonLinear/Results/rfMRI_REST2_RL/rfMRI_REST2_RL_hp2000.ica/filtered_func_data.ica/report/IC_16_MMfit.png","506234","MNINonLinear//Results/rfMRI_REST2_RL/rfMRI_REST2_RL_hp2000.ica/filtered_func_data.ica/report/IC_16_MMfit.png","oShNDNmIehinGELdmlXuw8WFGfoaa3q2"
"s3://hcp-openaccess/HCP_1200/506234/MNINonLinear/Results/rfMRI_REST2_RL/rfMRI_REST2_RL_hp2000.ica/filtered_func_data.ica/report/IC_16_prob.png","506234","MNINonLinear//Results/rfMRI_REST2_RL/rfMRI_REST2_RL_hp2000.ica/filtered_func_data.ica/report/IC_16_prob.png","rHnO7E.E7apKVQOgSySllCyfrjXovghe"
"s3://hcp-openaccess/HCP_1200/506234/MNINonLinear/Results/rfMRI_REST2_RL/rfMRI_REST2_RL_hp2000.ica/filtered_func_data.ica/report/IC_16_thresh.png","506234","MNINonLinear//Results/rfMRI_REST2_RL/rfMRI_REST2_RL_hp2000.ica/filtered_func_data.ica/report/IC_16_thresh.png","103np_Brz4DvVr6P1GspOE5sf7xhJG.1"
"s3://hcp-openaccess/HCP_1200/506234/MNINonLinear/Results/rfMRI_REST2_RL/rfMRI_REST2_RL_hp2000.ica/filtered_func_data.ica/report/IC_17.html","506234","MNINonLinear//Results/rfMRI_REST2_RL/rfMRI_REST2_RL_hp2000.ica/filtered_func_data.ica/report/IC_17.html","5QquurN84N23YzXGUROnce3A2z2oTYk8"
"s3://hcp-openaccess/HCP_1200/506234/MNINonLinear/Results/rfMRI_REST2_RL/rfMRI_REST2_RL_hp2000.ica/filtered_func_data.ica/report/IC_17.png","506234","MNINonLinear//Results/rfMRI_REST2_RL/rfMRI_REST2_RL_hp2000.ica/filtered_func_data.ica/report/IC_17.png","_VEDbYqTtC_NS7BE_1DDr.0XuC.PyX7O"
"s3://hcp-openaccess/HCP_1200/506234/MNINonLinear/Results/rfMRI_REST2_RL/rfMRI_REST2_RL_hp2000.ica/filtered_func_data.ica/report/IC_17_MM.html","506234","MNINonLinear//Results/rfMRI_REST2_RL/rfMRI_REST2_RL_hp2000.ica/filtered_func_data.ica/report/IC_17_MM.html","89yb29jACP6Fvg.ARxrZCjb2TqIX5uMp"
"s3://hcp-openaccess/HCP_1200/506234/MNINonLinear/Results/rfMRI_REST2_RL/rfMRI_REST2_RL_hp2000.ica/filtered_func_data.ica/report/IC_17_MMfit.png","506234","MNINonLinear//Results/rfMRI_REST2_RL/rfMRI_REST2_RL_hp2000.ica/filtered_func_data.ica/report/IC_17_MMfit.png","8j3iXiEYABu19X57IIgmExctKEosB5_Z"
"s3://hcp-openaccess/HCP_1200/506234/MNINonLinear/Results/rfMRI_REST2_RL/rfMRI_REST2_RL_hp2000.ica/filtered_func_data.ica/report/IC_17_prob.png","506234","MNINonLinear//Results/rfMRI_REST2_RL/rfMRI_REST2_RL_hp2000.ica/filtered_func_data.ica/report/IC_17_prob.png","2eTP6e5sAinMmgj7A5HPHwPFgyKDEdnw"
"s3://hcp-openaccess/HCP_1200/506234/MNINonLinear/Results/rfMRI_REST2_RL/rfMRI_REST2_RL_hp2000.ica/filtered_func_data.ica/report/IC_17_thresh.png","506234","MNINonLinear//Results/rfMRI_REST2_RL/rfMRI_REST2_RL_hp2000.ica/filtered_func_data.ica/report/IC_17_thresh.png","8TYDLysGYNgRFDulj0UTLpV1.QupF1MR"
"s3://hcp-openaccess/HCP_1200/506234/MNINonLinear/Results/rfMRI_REST2_RL/rfMRI_REST2_RL_hp2000.ica/filtered_func_data.ica/report/IC_18.html","506234","MNINonLinear//Results/rfMRI_REST2_RL/rfMRI_REST2_RL_hp2000.ica/filtered_func_data.ica/report/IC_18.html","av6KtFQ41pDKBRbRY0Vt8aWzJ7HTxxI5"
"s3://hcp-openaccess/HCP_1200/506234/MNINonLinear/Results/rfMRI_REST2_RL/rfMRI_REST2_RL_hp2000.ica/filtered_func_data.ica/report/IC_18.png","506234","MNINonLinear//Results/rfMRI_REST2_RL/rfMRI_REST2_RL_hp2000.ica/filtered_func_data.ica/report/IC_18.png","7xkpxPHl4Ungu2IASkiQgSp98TU0NQsQ"
"s3://hcp-openaccess/HCP_1200/506234/MNINonLinear/Results/rfMRI_REST2_RL/rfMRI_REST2_RL_hp2000.ica/filtered_func_data.ica/report/IC_18_MM.html","506234","MNINonLinear//Results/rfMRI_REST2_RL/rfMRI_REST2_RL_hp2000.ica/filtered_func_data.ica/report/IC_18_MM.html","QxCLX_lUPan3uQ9J.JWcXHuVv6chzLJP"
"s3://hcp-openaccess/HCP_1200/506234/MNINonLinear/Results/rfMRI_REST2_RL/rfMRI_REST2_RL_hp2000.ica/filtered_func_data.ica/report/IC_18_MMfit.png","506234","MNINonLinear//Results/rfMRI_REST2_RL/rfMRI_REST2_RL_hp2000.ica/filtered_func_data.ica/report/IC_18_MMfit.png","V8MJpZGna4AgZehlpJj3B3HbqHmXH3EP"
"s3://hcp-openaccess/HCP_1200/506234/MNINonLinear/Results/rfMRI_REST2_RL/rfMRI_REST2_RL_hp2000.ica/filtered_func_data.ica/report/IC_18_prob.png","506234","MNINonLinear//Results/rfMRI_REST2_RL/rfMRI_REST2_RL_hp2000.ica/filtered_func_data.ica/report/IC_18_prob.png","yoGkHJBiXzzcDcsmVBnRFbN58LW3TlGO"
"s3://hcp-openaccess/HCP_1200/506234/MNINonLinear/Results/rfMRI_REST2_RL/rfMRI_REST2_RL_hp2000.ica/filtered_func_data.ica/report/IC_18_thresh.png","506234","MNINonLinear//Results/rfMRI_REST2_RL/rfMRI_REST2_RL_hp2000.ica/filtered_func_data.ica/report/IC_18_thresh.png","IlaFKIGhsWdzkJfGOb7WYhLvlrmQHSf5"
"s3://hcp-openaccess/HCP_1200/506234/MNINonLinear/Results/rfMRI_REST2_RL/rfMRI_REST2_RL_hp2000.ica/filtered_func_data.ica/report/IC_19.html","506234","MNINonLinear//Results/rfMRI_REST2_RL/rfMRI_REST2_RL_hp2000.ica/filtered_func_data.ica/report/IC_19.html","DczI2C_zEMkc2uv0MARYELnqhITJYTHk"
"s3://hcp-openaccess/HCP_1200/506234/MNINonLinear/Results/rfMRI_REST2_RL/rfMRI_REST2_RL_hp2000.ica/filtered_func_data.ica/report/IC_19.png","506234","MNINonLinear//Results/rfMRI_REST2_RL/rfMRI_REST2_RL_hp2000.ica/filtered_func_data.ica/report/IC_19.png","zIF4QvecgJyMm.W7E_EQcJnb_S3lZVLS"
"s3://hcp-openaccess/HCP_1200/506234/MNINonLinear/Results/rfMRI_REST2_RL/rfMRI_REST2_RL_hp2000.ica/filtered_func_data.ica/report/IC_19_MM.html","506234","MNINonLinear//Results/rfMRI_REST2_RL/rfMRI_REST2_RL_hp2000.ica/filtered_func_data.ica/report/IC_19_MM.html","7cQsd4rVwmSUjExkc3fEL86Hr4Q7xbYd"
"s3://hcp-openaccess/HCP_1200/506234/MNINonLinear/Results/rfMRI_REST2_RL/rfMRI_REST2_RL_hp2000.ica/filtered_func_data.ica/report/IC_19_MMfit.png","506234","MNINonLinear//Results/rfMRI_REST2_RL/rfMRI_REST2_RL_hp2000.ica/filtered_func_data.ica/report/IC_19_MMfit.png","i5aSnT__69Q8H7sbQ08.dp0VYeGDMN3."
"s3://hcp-openaccess/HCP_1200/506234/MNINonLinear/Results/rfMRI_REST2_RL/rfMRI_REST2_RL_hp2000.ica/filtered_func_data.ica/report/IC_19_prob.png","506234","MNINonLinear//Results/rfMRI_REST2_RL/rfMRI_REST2_RL_hp2000.ica/filtered_func_data.ica/report/IC_19_prob.png","UnNhRICySSgEr0VEQiOwl__bGJRZXV0w"
"s3://hcp-openaccess/HCP_1200/506234/MNINonLinear/Results/rfMRI_REST2_RL/rfMRI_REST2_RL_hp2000.ica/filtered_func_data.ica/report/IC_19_thresh.png","506234","MNINonLinear//Results/rfMRI_REST2_RL/rfMRI_REST2_RL_hp2000.ica/filtered_func_data.ica/report/IC_19_thresh.png","IqUFcA4k1JoTSHQmyPOulZggrJRkIz.8"
"s3://hcp-openaccess/HCP_1200/506234/MNINonLinear/Results/rfMRI_REST2_RL/rfMRI_REST2_RL_hp2000.ica/filtered_func_data.ica/report/IC_1_MM.html","506234","MNINonLinear//Results/rfMRI_REST2_RL/rfMRI_REST2_RL_hp2000.ica/filtered_func_data.ica/report/IC_1_MM.html","mSmnwk_D9LJ3hN2.IY2D05z4q2YV.c6F"
"s3://hcp-openaccess/HCP_1200/506234/MNINonLinear/Results/rfMRI_REST2_RL/rfMRI_REST2_RL_hp2000.ica/filtered_func_data.ica/report/IC_1_MMfit.png","506234","MNINonLinear//Results/rfMRI_REST2_RL/rfMRI_REST2_RL_hp2000.ica/filtered_func_data.ica/report/IC_1_MMfit.png","5POwDL2OSDwth67wxYgHCk9Rpao91bjC"
"s3://hcp-openaccess/HCP_1200/506234/MNINonLinear/Results/rfMRI_REST2_RL/rfMRI_REST2_RL_hp2000.ica/filtered_func_data.ica/report/IC_1_prob.png","506234","MNINonLinear//Results/rfMRI_REST2_RL/rfMRI_REST2_RL_hp2000.ica/filtered_func_data.ica/report/IC_1_prob.png","0eiT00esCwyPOLcxWecsl5WDVJkTh9iC"
"s3://hcp-openaccess/HCP_1200/506234/MNINonLinear/Results/rfMRI_REST2_RL/rfMRI_REST2_RL_hp2000.ica/filtered_func_data.ica/report/IC_1_thresh.png","506234","MNINonLinear//Results/rfMRI_REST2_RL/rfMRI_REST2_RL_hp2000.ica/filtered_func_data.ica/report/IC_1_thresh.png","13WTEfBO_oVmj3o8ptmFutWMN5vdRHJi"
"s3://hcp-openaccess/HCP_1200/506234/MNINonLinear/Results/rfMRI_REST2_RL/rfMRI_REST2_RL_hp2000.ica/filtered_func_data.ica/report/IC_2.html","506234","MNINonLinear//Results/rfMRI_REST2_RL/rfMRI_REST2_RL_hp2000.ica/filtered_func_data.ica/report/IC_2.html","8EnPWVJN53EmELugZfg.iPP46w1TzVVN"
"s3://hcp-openaccess/HCP_1200/506234/MNINonLinear/Results/rfMRI_REST2_RL/rfMRI_REST2_RL_hp2000.ica/filtered_func_data.ica/report/IC_2.png","506234","MNINonLinear//Results/rfMRI_REST2_RL/rfMRI_REST2_RL_hp2000.ica/filtered_func_data.ica/report/IC_2.png","dSd.j1PZWmEbSv07xt29zqrlOMHwaBHh"
"s3://hcp-openaccess/HCP_1200/506234/MNINonLinear/Results/rfMRI_REST2_RL/rfMRI_REST2_RL_hp2000.ica/filtered_func_data.ica/report/IC_20.html","506234","MNINonLinear//Results/rfMRI_REST2_RL/rfMRI_REST2_RL_hp2000.ica/filtered_func_data.ica/report/IC_20.html","XdME3FHI9r_blfX2ttx7DXooTg_kFhRY"
"s3://hcp-openaccess/HCP_1200/506234/MNINonLinear/Results/rfMRI_REST2_RL/rfMRI_REST2_RL_hp2000.ica/filtered_func_data.ica/report/IC_20.png","506234","MNINonLinear//Results/rfMRI_REST2_RL/rfMRI_REST2_RL_hp2000.ica/filtered_func_data.ica/report/IC_20.png","Q13SxYrVKDeUw2qZFlhlPINWfoHT72gK"
"s3://hcp-openaccess/HCP_1200/506234/MNINonLinear/Results/rfMRI_REST2_RL/rfMRI_REST2_RL_hp2000.ica/filtered_func_data.ica/report/IC_20_MM.html","506234","MNINonLinear//Results/rfMRI_REST2_RL/rfMRI_REST2_RL_hp2000.ica/filtered_func_data.ica/report/IC_20_MM.html","mmSGCcvAx1MqTAIjO8gSLhMFgOT1KpFV"
"s3://hcp-openaccess/HCP_1200/506234/MNINonLinear/Results/rfMRI_REST2_RL/rfMRI_REST2_RL_hp2000.ica/filtered_func_data.ica/report/IC_20_MMfit.png","506234","MNINonLinear//Results/rfMRI_REST2_RL/rfMRI_REST2_RL_hp2000.ica/filtered_func_data.ica/report/IC_20_MMfit.png","hLF1Pz5DryH8NtGUmcF9UmAjYDKmBT_t"
"s3://hcp-openaccess/HCP_1200/506234/MNINonLinear/Results/rfMRI_REST2_RL/rfMRI_REST2_RL_hp2000.ica/filtered_func_data.ica/report/IC_20_prob.png","506234","MNINonLinear//Results/rfMRI_REST2_RL/rfMRI_REST2_RL_hp2000.ica/filtered_func_data.ica/report/IC_20_prob.png","6YbQgmJPbm_5fypHEoheaegxQjMvoLAm"
"s3://hcp-openaccess/HCP_1200/506234/MNINonLinear/Results/rfMRI_REST2_RL/rfMRI_REST2_RL_hp2000.ica/filtered_func_data.ica/report/IC_20_thresh.png","506234","MNINonLinear//Results/rfMRI_REST2_RL/rfMRI_REST2_RL_hp2000.ica/filtered_func_data.ica/report/IC_20_thresh.png","qWDNPkdK0cQXaNRicQSQ3_rOqxkdgl_k"
"s3://hcp-openaccess/HCP_1200/506234/MNINonLinear/Results/rfMRI_REST2_RL/rfMRI_REST2_RL_hp2000.ica/filtered_func_data.ica/report/IC_21.html","506234","MNINonLinear//Results/rfMRI_REST2_RL/rfMRI_REST2_RL_hp2000.ica/filtered_func_data.ica/report/IC_21.html","zHRmiJZJY26Y1rqSHCcQexQDTv5FbP_S"
"s3://hcp-openaccess/HCP_1200/506234/MNINonLinear/Results/rfMRI_REST2_RL/rfMRI_REST2_RL_hp2000.ica/filtered_func_data.ica/report/IC_21.png","506234","MNINonLinear//Results/rfMRI_REST2_RL/rfMRI_REST2_RL_hp2000.ica/filtered_func_data.ica/report/IC_21.png","oG_qf9sPQCiOBn70MngeEZn.UzY1DcDC"
"s3://hcp-openaccess/HCP_1200/506234/MNINonLinear/Results/rfMRI_REST2_RL/rfMRI_REST2_RL_hp2000.ica/filtered_func_data.ica/report/IC_21_MM.html","506234","MNINonLinear//Results/rfMRI_REST2_RL/rfMRI_REST2_RL_hp2000.ica/filtered_func_data.ica/report/IC_21_MM.html","Eb77wIuNRwrSK_qkxZS_jSJx3Q2gtWjh"
"s3://hcp-openaccess/HCP_1200/506234/MNINonLinear/Results/rfMRI_REST2_RL/rfMRI_REST2_RL_hp2000.ica/filtered_func_data.ica/report/IC_21_MMfit.png","506234","MNINonLinear//Results/rfMRI_REST2_RL/rfMRI_REST2_RL_hp2000.ica/filtered_func_data.ica/report/IC_21_MMfit.png","rLHQeJchJ0jknbxeFDDpSR7f4u0mcWPB"
"s3://hcp-openaccess/HCP_1200/506234/MNINonLinear/Results/rfMRI_REST2_RL/rfMRI_REST2_RL_hp2000.ica/filtered_func_data.ica/report/IC_21_prob.png","506234","MNINonLinear//Results/rfMRI_REST2_RL/rfMRI_REST2_RL_hp2000.ica/filtered_func_data.ica/report/IC_21_prob.png","uidX1X_o5m1tljYXXbywt8YCR4wFTwcA"
"s3://hcp-openaccess/HCP_1200/506234/MNINonLinear/Results/rfMRI_REST2_RL/rfMRI_REST2_RL_hp2000.ica/filtered_func_data.ica/report/IC_21_thresh.png","506234","MNINonLinear//Results/rfMRI_REST2_RL/rfMRI_REST2_RL_hp2000.ica/filtered_func_data.ica/report/IC_21_thresh.png","PSMOOxLNq4kyCzzHWXzHLo8IdtgAXfEO"
"s3://hcp-openaccess/HCP_1200/506234/MNINonLinear/Results/rfMRI_REST2_RL/rfMRI_REST2_RL_hp2000.ica/filtered_func_data.ica/report/IC_22.html","506234","MNINonLinear//Results/rfMRI_REST2_RL/rfMRI_REST2_RL_hp2000.ica/filtered_func_data.ica/report/IC_22.html","RBAgQdyKAc768lrGLhczym27gglY4YFR"
"s3://hcp-openaccess/HCP_1200/506234/MNINonLinear/Results/rfMRI_REST2_RL/rfMRI_REST2_RL_hp2000.ica/filtered_func_data.ica/report/IC_22.png","506234","MNINonLinear//Results/rfMRI_REST2_RL/rfMRI_REST2_RL_hp2000.ica/filtered_func_data.ica/report/IC_22.png","V7VptewTcLTubQuY7I2ZdxdTDGZ92QmR"
"s3://hcp-openaccess/HCP_1200/506234/MNINonLinear/Results/rfMRI_REST2_RL/rfMRI_REST2_RL_hp2000.ica/filtered_func_data.ica/report/IC_22_MM.html","506234","MNINonLinear//Results/rfMRI_REST2_RL/rfMRI_REST2_RL_hp2000.ica/filtered_func_data.ica/report/IC_22_MM.html","mncz9IuIAvtkWCAbZ4SBP2mFPW6QerNW"
"s3://hcp-openaccess/HCP_1200/506234/MNINonLinear/Results/rfMRI_REST2_RL/rfMRI_REST2_RL_hp2000.ica/filtered_func_data.ica/report/IC_22_MMfit.png","506234","MNINonLinear//Results/rfMRI_REST2_RL/rfMRI_REST2_RL_hp2000.ica/filtered_func_data.ica/report/IC_22_MMfit.png","gvgzuAr6MOjccc_mvb7HUze6dob2mFcP"
"s3://hcp-openaccess/HCP_1200/506234/MNINonLinear/Results/rfMRI_REST2_RL/rfMRI_REST2_RL_hp2000.ica/filtered_func_data.ica/report/IC_22_prob.png","506234","MNINonLinear//Results/rfMRI_REST2_RL/rfMRI_REST2_RL_hp2000.ica/filtered_func_data.ica/report/IC_22_prob.png","fyNp_qzIiOmMO3lzccqbetOxrwP9vFF_"
"s3://hcp-openaccess/HCP_1200/506234/MNINonLinear/Results/rfMRI_REST2_RL/rfMRI_REST2_RL_hp2000.ica/filtered_func_data.ica/report/IC_22_thresh.png","506234","MNINonLinear//Results/rfMRI_REST2_RL/rfMRI_REST2_RL_hp2000.ica/filtered_func_data.ica/report/IC_22_thresh.png","ThWIS60T0FMISWB2u2FJIahHl4QxF8gn"
"s3://hcp-openaccess/HCP_1200/506234/MNINonLinear/Results/rfMRI_REST2_RL/rfMRI_REST2_RL_hp2000.ica/filtered_func_data.ica/report/IC_23.html","506234","MNINonLinear//Results/rfMRI_REST2_RL/rfMRI_REST2_RL_hp2000.ica/filtered_func_data.ica/report/IC_23.html","qNcD.nPWPqnBei8ClsIcUlnnBd.mD3Mw"
"s3://hcp-openaccess/HCP_1200/506234/MNINonLinear/Results/rfMRI_REST2_RL/rfMRI_REST2_RL_hp2000.ica/filtered_func_data.ica/report/IC_23.png","506234","MNINonLinear//Results/rfMRI_REST2_RL/rfMRI_REST2_RL_hp2000.ica/filtered_func_data.ica/report/IC_23.png","kth.lIUL8gjjK6Exp30g5E53W.ahrLZ7"
"s3://hcp-openaccess/HCP_1200/506234/MNINonLinear/Results/rfMRI_REST2_RL/rfMRI_REST2_RL_hp2000.ica/filtered_func_data.ica/report/IC_23_MM.html","506234","MNINonLinear//Results/rfMRI_REST2_RL/rfMRI_REST2_RL_hp2000.ica/filtered_func_data.ica/report/IC_23_MM.html","0io3uMDgYWcfTWdYMFJ7_FgqtfvinHDL"
"s3://hcp-openaccess/HCP_1200/506234/MNINonLinear/Results/rfMRI_REST2_RL/rfMRI_REST2_RL_hp2000.ica/filtered_func_data.ica/report/IC_23_MMfit.png","506234","MNINonLinear//Results/rfMRI_REST2_RL/rfMRI_REST2_RL_hp2000.ica/filtered_func_data.ica/report/IC_23_MMfit.png","viLxBdCo6dgSzB9QE79gxRnajncfUYAC"
"s3://hcp-openaccess/HCP_1200/506234/MNINonLinear/Results/rfMRI_REST2_RL/rfMRI_REST2_RL_hp2000.ica/filtered_func_data.ica/report/IC_23_prob.png","506234","MNINonLinear//Results/rfMRI_REST2_RL/rfMRI_REST2_RL_hp2000.ica/filtered_func_data.ica/report/IC_23_prob.png","2I6JkrWef6.n_.DQudzsCz3musc3BcXv"
"s3://hcp-openaccess/HCP_1200/506234/MNINonLinear/Results/rfMRI_REST2_RL/rfMRI_REST2_RL_hp2000.ica/filtered_func_data.ica/report/IC_23_thresh.png","506234","MNINonLinear//Results/rfMRI_REST2_RL/rfMRI_REST2_RL_hp2000.ica/filtered_func_data.ica/report/IC_23_thresh.png","oyx8pk4sqh3ufEbpHrNcW1Qo2O52prvS"
"s3://hcp-openaccess/HCP_1200/506234/MNINonLinear/Results/rfMRI_REST2_RL/rfMRI_REST2_RL_hp2000.ica/filtered_func_data.ica/report/IC_24.html","506234","MNINonLinear//Results/rfMRI_REST2_RL/rfMRI_REST2_RL_hp2000.ica/filtered_func_data.ica/report/IC_24.html","zNUfSNikiHH4_WrTrbyin27B.he8Nqj1"
"s3://hcp-openaccess/HCP_1200/506234/MNINonLinear/Results/rfMRI_REST2_RL/rfMRI_REST2_RL_hp2000.ica/filtered_func_data.ica/report/IC_24.png","506234","MNINonLinear//Results/rfMRI_REST2_RL/rfMRI_REST2_RL_hp2000.ica/filtered_func_data.ica/report/IC_24.png","8aUqTBo9IqLYk6XbUzPv1Hbv_LKi8lV6"
"s3://hcp-openaccess/HCP_1200/506234/MNINonLinear/Results/rfMRI_REST2_RL/rfMRI_REST2_RL_hp2000.ica/filtered_func_data.ica/report/IC_24_MM.html","506234","MNINonLinear//Results/rfMRI_REST2_RL/rfMRI_REST2_RL_hp2000.ica/filtered_func_data.ica/report/IC_24_MM.html","_w.EHfWgATxwQjbRnRE1VtKUhEZS_t.I"
"s3://hcp-openaccess/HCP_1200/506234/MNINonLinear/Results/rfMRI_REST2_RL/rfMRI_REST2_RL_hp2000.ica/filtered_func_data.ica/report/IC_24_MMfit.png","506234","MNINonLinear//Results/rfMRI_REST2_RL/rfMRI_REST2_RL_hp2000.ica/filtered_func_data.ica/report/IC_24_MMfit.png","LY0QtcLnmTG6RhggaFV966eRcZFdiH1A"
"s3://hcp-openaccess/HCP_1200/506234/MNINonLinear/Results/rfMRI_REST2_RL/rfMRI_REST2_RL_hp2000.ica/filtered_func_data.ica/report/IC_24_prob.png","506234","MNINonLinear//Results/rfMRI_REST2_RL/rfMRI_REST2_RL_hp2000.ica/filtered_func_data.ica/report/IC_24_prob.png","mA4kCRgvyqRNfzFEK0EsrV0RTyxVGFeC"
"s3://hcp-openaccess/HCP_1200/506234/MNINonLinear/Results/rfMRI_REST2_RL/rfMRI_REST2_RL_hp2000.ica/filtered_func_data.ica/report/IC_24_thresh.png","506234","MNINonLinear//Results/rfMRI_REST2_RL/rfMRI_REST2_RL_hp2000.ica/filtered_func_data.ica/report/IC_24_thresh.png","raUwEtzr.ehHRxiCdcPU9Ybhu0LAJqoH"
"s3://hcp-openaccess/HCP_1200/506234/MNINonLinear/Results/rfMRI_REST2_RL/rfMRI_REST2_RL_hp2000.ica/filtered_func_data.ica/report/IC_25.html","506234","MNINonLinear//Results/rfMRI_REST2_RL/rfMRI_REST2_RL_hp2000.ica/filtered_func_data.ica/report/IC_25.html","1zxYQxrvn7pU3SV_luzDXlxK7iLEPo6u"
"s3://hcp-openaccess/HCP_1200/506234/MNINonLinear/Results/rfMRI_REST2_RL/rfMRI_REST2_RL_hp2000.ica/filtered_func_data.ica/report/IC_25.png","506234","MNINonLinear//Results/rfMRI_REST2_RL/rfMRI_REST2_RL_hp2000.ica/filtered_func_data.ica/report/IC_25.png","68Ax_2mV_ZFmbhVQqn0W4AttFSuUuQJ5"
"s3://hcp-openaccess/HCP_1200/506234/MNINonLinear/Results/rfMRI_REST2_RL/rfMRI_REST2_RL_hp2000.ica/filtered_func_data.ica/report/IC_25_MM.html","506234","MNINonLinear//Results/rfMRI_REST2_RL/rfMRI_REST2_RL_hp2000.ica/filtered_func_data.ica/report/IC_25_MM.html","5x9arwj0FG4v4G9G7jjMoX_HDWxPcBsa"
"s3://hcp-openaccess/HCP_1200/506234/MNINonLinear/Results/rfMRI_REST2_RL/rfMRI_REST2_RL_hp2000.ica/filtered_func_data.ica/report/IC_25_MMfit.png","506234","MNINonLinear//Results/rfMRI_REST2_RL/rfMRI_REST2_RL_hp2000.ica/filtered_func_data.ica/report/IC_25_MMfit.png","oLaEagkNFaZTllsFZTHKZJhPVIYsVNwt"
"s3://hcp-openaccess/HCP_1200/506234/MNINonLinear/Results/rfMRI_REST2_RL/rfMRI_REST2_RL_hp2000.ica/filtered_func_data.ica/report/IC_25_prob.png","506234","MNINonLinear//Results/rfMRI_REST2_RL/rfMRI_REST2_RL_hp2000.ica/filtered_func_data.ica/report/IC_25_prob.png","vyekPtH6PrbCA6Qmd5IHH3e2sLdbnloX"
"s3://hcp-openaccess/HCP_1200/506234/MNINonLinear/Results/rfMRI_REST2_RL/rfMRI_REST2_RL_hp2000.ica/filtered_func_data.ica/report/IC_25_thresh.png","506234","MNINonLinear//Results/rfMRI_REST2_RL/rfMRI_REST2_RL_hp2000.ica/filtered_func_data.ica/report/IC_25_thresh.png","1OLP4K8ykbLcX3uJThjcFkeWR5ZXSeuq"
"s3://hcp-openaccess/HCP_1200/506234/MNINonLinear/Results/rfMRI_REST2_RL/rfMRI_REST2_RL_hp2000.ica/filtered_func_data.ica/report/IC_26.html","506234","MNINonLinear//Results/rfMRI_REST2_RL/rfMRI_REST2_RL_hp2000.ica/filtered_func_data.ica/report/IC_26.html","xFOoE6Xw0Rvk_EJOBCMFSzTagjm58Fag"
"s3://hcp-openaccess/HCP_1200/506234/MNINonLinear/Results/rfMRI_REST2_RL/rfMRI_REST2_RL_hp2000.ica/filtered_func_data.ica/report/IC_26.png","506234","MNINonLinear//Results/rfMRI_REST2_RL/rfMRI_REST2_RL_hp2000.ica/filtered_func_data.ica/report/IC_26.png","h7WLZNQduboCTM3ApD2b36xhWLoCecJw"
"s3://hcp-openaccess/HCP_1200/506234/MNINonLinear/Results/rfMRI_REST2_RL/rfMRI_REST2_RL_hp2000.ica/filtered_func_data.ica/report/IC_26_MM.html","506234","MNINonLinear//Results/rfMRI_REST2_RL/rfMRI_REST2_RL_hp2000.ica/filtered_func_data.ica/report/IC_26_MM.html","Dnac_hdNC3bLAJlDxjUKwZkswL9NCeat"
"s3://hcp-openaccess/HCP_1200/506234/MNINonLinear/Results/rfMRI_REST2_RL/rfMRI_REST2_RL_hp2000.ica/filtered_func_data.ica/report/IC_26_MMfit.png","506234","MNINonLinear//Results/rfMRI_REST2_RL/rfMRI_REST2_RL_hp2000.ica/filtered_func_data.ica/report/IC_26_MMfit.png","ElShDBInjERcMWtj34LDh5Wpck2bZTXy"
"s3://hcp-openaccess/HCP_1200/506234/MNINonLinear/Results/rfMRI_REST2_RL/rfMRI_REST2_RL_hp2000.ica/filtered_func_data.ica/report/IC_26_prob.png","506234","MNINonLinear//Results/rfMRI_REST2_RL/rfMRI_REST2_RL_hp2000.ica/filtered_func_data.ica/report/IC_26_prob.png","nOuXN7fBxwdiX7Mu7_DmFuzLi8GscFoY"
"s3://hcp-openaccess/HCP_1200/506234/MNINonLinear/Results/rfMRI_REST2_RL/rfMRI_REST2_RL_hp2000.ica/filtered_func_data.ica/report/IC_26_thresh.png","506234","MNINonLinear//Results/rfMRI_REST2_RL/rfMRI_REST2_RL_hp2000.ica/filtered_func_data.ica/report/IC_26_thresh.png",".KwELOLMuFOk7ZiWq3Zi9Ex56tYb1re4"
"s3://hcp-openaccess/HCP_1200/506234/MNINonLinear/Results/rfMRI_REST2_RL/rfMRI_REST2_RL_hp2000.ica/filtered_func_data.ica/report/IC_27.html","506234","MNINonLinear//Results/rfMRI_REST2_RL/rfMRI_REST2_RL_hp2000.ica/filtered_func_data.ica/report/IC_27.html","sSwKKtpRpRaak7Al7SOajO6olyPn7YrM"
"s3://hcp-openaccess/HCP_1200/506234/MNINonLinear/Results/rfMRI_REST2_RL/rfMRI_REST2_RL_hp2000.ica/filtered_func_data.ica/report/IC_27.png","506234","MNINonLinear//Results/rfMRI_REST2_RL/rfMRI_REST2_RL_hp2000.ica/filtered_func_data.ica/report/IC_27.png","XK5DTeieVRs7IUxU8SL4k.5vESrQeaoU"
"s3://hcp-openaccess/HCP_1200/506234/MNINonLinear/Results/rfMRI_REST2_RL/rfMRI_REST2_RL_hp2000.ica/filtered_func_data.ica/report/IC_27_MM.html","506234","MNINonLinear//Results/rfMRI_REST2_RL/rfMRI_REST2_RL_hp2000.ica/filtered_func_data.ica/report/IC_27_MM.html","SzjUi52ggyFZrG224KGpCt33rAjbUJnj"
"s3://hcp-openaccess/HCP_1200/506234/MNINonLinear/Results/rfMRI_REST2_RL/rfMRI_REST2_RL_hp2000.ica/filtered_func_data.ica/report/IC_27_MMfit.png","506234","MNINonLinear//Results/rfMRI_REST2_RL/rfMRI_REST2_RL_hp2000.ica/filtered_func_data.ica/report/IC_27_MMfit.png","e6bXgh5OhFJ4ESLn3Xk84eUlKQm8jS2v"
"s3://hcp-openaccess/HCP_1200/506234/MNINonLinear/Results/rfMRI_REST2_RL/rfMRI_REST2_RL_hp2000.ica/filtered_func_data.ica/report/IC_27_prob.png","506234","MNINonLinear//Results/rfMRI_REST2_RL/rfMRI_REST2_RL_hp2000.ica/filtered_func_data.ica/report/IC_27_prob.png","HRxSe_gsECH86WMtVMiI8sJXqODu3mpP"
"s3://hcp-openaccess/HCP_1200/506234/MNINonLinear/Results/rfMRI_REST2_RL/rfMRI_REST2_RL_hp2000.ica/filtered_func_data.ica/report/IC_27_thresh.png","506234","MNINonLinear//Results/rfMRI_REST2_RL/rfMRI_REST2_RL_hp2000.ica/filtered_func_data.ica/report/IC_27_thresh.png","SopRFjZ7sYHLdmLpgK94qbcowTInKvmw"
"s3://hcp-openaccess/HCP_1200/506234/MNINonLinear/Results/rfMRI_REST2_RL/rfMRI_REST2_RL_hp2000.ica/filtered_func_data.ica/report/IC_28.html","506234","MNINonLinear//Results/rfMRI_REST2_RL/rfMRI_REST2_RL_hp2000.ica/filtered_func_data.ica/report/IC_28.html","6LTs.8kg6xcT51afS9TOM7OUxVil02Jq"
"s3://hcp-openaccess/HCP_1200/506234/MNINonLinear/Results/rfMRI_REST2_RL/rfMRI_REST2_RL_hp2000.ica/filtered_func_data.ica/report/IC_28.png","506234","MNINonLinear//Results/rfMRI_REST2_RL/rfMRI_REST2_RL_hp2000.ica/filtered_func_data.ica/report/IC_28.png","nrzL5mG_9ZfSaVvTy7lxfg6pvqFh0XQt"
"s3://hcp-openaccess/HCP_1200/506234/MNINonLinear/Results/rfMRI_REST2_RL/rfMRI_REST2_RL_hp2000.ica/filtered_func_data.ica/report/IC_28_MM.html","506234","MNINonLinear//Results/rfMRI_REST2_RL/rfMRI_REST2_RL_hp2000.ica/filtered_func_data.ica/report/IC_28_MM.html","dWg1OWRpMZtCzL5Xurml7IZMH.L0VjXo"
"s3://hcp-openaccess/HCP_1200/506234/MNINonLinear/Results/rfMRI_REST2_RL/rfMRI_REST2_RL_hp2000.ica/filtered_func_data.ica/report/IC_28_MMfit.png","506234","MNINonLinear//Results/rfMRI_REST2_RL/rfMRI_REST2_RL_hp2000.ica/filtered_func_data.ica/report/IC_28_MMfit.png","ks_gVteEeQr_ls7pSgldoBmYR_DUAf1M"
"s3://hcp-openaccess/HCP_1200/506234/MNINonLinear/Results/rfMRI_REST2_RL/rfMRI_REST2_RL_hp2000.ica/filtered_func_data.ica/report/IC_28_prob.png","506234","MNINonLinear//Results/rfMRI_REST2_RL/rfMRI_REST2_RL_hp2000.ica/filtered_func_data.ica/report/IC_28_prob.png","rJWqXbSnpYamu8AOETIU5dD8sQR7tJ6Z"
"s3://hcp-openaccess/HCP_1200/506234/MNINonLinear/Results/rfMRI_REST2_RL/rfMRI_REST2_RL_hp2000.ica/filtered_func_data.ica/report/IC_28_thresh.png","506234","MNINonLinear//Results/rfMRI_REST2_RL/rfMRI_REST2_RL_hp2000.ica/filtered_func_data.ica/report/IC_28_thresh.png","WwvKYJxVLuxaPnWTYAtRCeQOILhW8APh"
"s3://hcp-openaccess/HCP_1200/506234/MNINonLinear/Results/rfMRI_REST2_RL/rfMRI_REST2_RL_hp2000.ica/filtered_func_data.ica/report/IC_29.html","506234","MNINonLinear//Results/rfMRI_REST2_RL/rfMRI_REST2_RL_hp2000.ica/filtered_func_data.ica/report/IC_29.html","xh3oZsxB9_S3AOl761rgKpxskMOmePUL"
"s3://hcp-openaccess/HCP_1200/506234/MNINonLinear/Results/rfMRI_REST2_RL/rfMRI_REST2_RL_hp2000.ica/filtered_func_data.ica/report/IC_29.png","506234","MNINonLinear//Results/rfMRI_REST2_RL/rfMRI_REST2_RL_hp2000.ica/filtered_func_data.ica/report/IC_29.png","vJeVwuUAeNbVyFSFrOZbnCtTolnTnSUP"
"s3://hcp-openaccess/HCP_1200/506234/MNINonLinear/Results/rfMRI_REST2_RL/rfMRI_REST2_RL_hp2000.ica/filtered_func_data.ica/report/IC_29_MM.html","506234","MNINonLinear//Results/rfMRI_REST2_RL/rfMRI_REST2_RL_hp2000.ica/filtered_func_data.ica/report/IC_29_MM.html","KEFh1GP.s1NU9Fe5F_6ExkILRD2eMXsp"
"s3://hcp-openaccess/HCP_1200/506234/MNINonLinear/Results/rfMRI_REST2_RL/rfMRI_REST2_RL_hp2000.ica/filtered_func_data.ica/report/IC_29_MMfit.png","506234","MNINonLinear//Results/rfMRI_REST2_RL/rfMRI_REST2_RL_hp2000.ica/filtered_func_data.ica/report/IC_29_MMfit.png","_9POuqPA6rBkS23NukoJ75US7WMb6fSt"
"s3://hcp-openaccess/HCP_1200/506234/MNINonLinear/Results/rfMRI_REST2_RL/rfMRI_REST2_RL_hp2000.ica/filtered_func_data.ica/report/IC_29_prob.png","506234","MNINonLinear//Results/rfMRI_REST2_RL/rfMRI_REST2_RL_hp2000.ica/filtered_func_data.ica/report/IC_29_prob.png","r_68BDD1NhLFeuuLkjVsJVIs_PMiDL9W"
"s3://hcp-openaccess/HCP_1200/506234/MNINonLinear/Results/rfMRI_REST2_RL/rfMRI_REST2_RL_hp2000.ica/filtered_func_data.ica/report/IC_29_thresh.png","506234","MNINonLinear//Results/rfMRI_REST2_RL/rfMRI_REST2_RL_hp2000.ica/filtered_func_data.ica/report/IC_29_thresh.png","5EMrzJQ3DtnkxSdz0AjpRMjIKDyMeDL8"
"s3://hcp-openaccess/HCP_1200/506234/MNINonLinear/Results/rfMRI_REST2_RL/rfMRI_REST2_RL_hp2000.ica/filtered_func_data.ica/report/IC_2_MM.html","506234","MNINonLinear//Results/rfMRI_REST2_RL/rfMRI_REST2_RL_hp2000.ica/filtered_func_data.ica/report/IC_2_MM.html","rlHBm2KWFKZF1sm7pT0kX9k39CZPQftr"
"s3://hcp-openaccess/HCP_1200/506234/MNINonLinear/Results/rfMRI_REST2_RL/rfMRI_REST2_RL_hp2000.ica/filtered_func_data.ica/report/IC_2_MMfit.png","506234","MNINonLinear//Results/rfMRI_REST2_RL/rfMRI_REST2_RL_hp2000.ica/filtered_func_data.ica/report/IC_2_MMfit.png","mbbpOtsLvRc_wz7UTIM.b5EmDK4HwfgX"
"s3://hcp-openaccess/HCP_1200/506234/MNINonLinear/Results/rfMRI_REST2_RL/rfMRI_REST2_RL_hp2000.ica/filtered_func_data.ica/report/IC_2_prob.png","506234","MNINonLinear//Results/rfMRI_REST2_RL/rfMRI_REST2_RL_hp2000.ica/filtered_func_data.ica/report/IC_2_prob.png","gxuxtFoTTLXXM..M8qdDnYfGYkKwAOu0"
"s3://hcp-openaccess/HCP_1200/506234/MNINonLinear/Results/rfMRI_REST2_RL/rfMRI_REST2_RL_hp2000.ica/filtered_func_data.ica/report/IC_2_thresh.png","506234","MNINonLinear//Results/rfMRI_REST2_RL/rfMRI_REST2_RL_hp2000.ica/filtered_func_data.ica/report/IC_2_thresh.png","xrF7Mc0m1xom_yEnidUWcjPHeZ3KOQRd"
"s3://hcp-openaccess/HCP_1200/506234/MNINonLinear/Results/rfMRI_REST2_RL/rfMRI_REST2_RL_hp2000.ica/filtered_func_data.ica/report/IC_3.html","506234","MNINonLinear//Results/rfMRI_REST2_RL/rfMRI_REST2_RL_hp2000.ica/filtered_func_data.ica/report/IC_3.html","O73aDFNxdK1WkpShwt89W0y3b5CATOYD"
"s3://hcp-openaccess/HCP_1200/506234/MNINonLinear/Results/rfMRI_REST2_RL/rfMRI_REST2_RL_hp2000.ica/filtered_func_data.ica/report/IC_3.png","506234","MNINonLinear//Results/rfMRI_REST2_RL/rfMRI_REST2_RL_hp2000.ica/filtered_func_data.ica/report/IC_3.png","ER9A8V5Dkze27R8PkdHfZK64irA2vx.8"
"s3://hcp-openaccess/HCP_1200/506234/MNINonLinear/Results/rfMRI_REST2_RL/rfMRI_REST2_RL_hp2000.ica/filtered_func_data.ica/report/IC_30.html","506234","MNINonLinear//Results/rfMRI_REST2_RL/rfMRI_REST2_RL_hp2000.ica/filtered_func_data.ica/report/IC_30.html","smiNLRLtzOKoDXcyqF9KGFi2tYZmRPJ2"
"s3://hcp-openaccess/HCP_1200/506234/MNINonLinear/Results/rfMRI_REST2_RL/rfMRI_REST2_RL_hp2000.ica/filtered_func_data.ica/report/IC_30.png","506234","MNINonLinear//Results/rfMRI_REST2_RL/rfMRI_REST2_RL_hp2000.ica/filtered_func_data.ica/report/IC_30.png","D8ouGJxT2g6Uq4P0ndF7pYs8ZdivQeh1"
"s3://hcp-openaccess/HCP_1200/506234/MNINonLinear/Results/rfMRI_REST2_RL/rfMRI_REST2_RL_hp2000.ica/filtered_func_data.ica/report/IC_30_MM.html","506234","MNINonLinear//Results/rfMRI_REST2_RL/rfMRI_REST2_RL_hp2000.ica/filtered_func_data.ica/report/IC_30_MM.html","Gms3EuxWvE9eLMEfro2xwIdw0O4Yoyzw"
"s3://hcp-openaccess/HCP_1200/506234/MNINonLinear/Results/rfMRI_REST2_RL/rfMRI_REST2_RL_hp2000.ica/filtered_func_data.ica/report/IC_30_MMfit.png","506234","MNINonLinear//Results/rfMRI_REST2_RL/rfMRI_REST2_RL_hp2000.ica/filtered_func_data.ica/report/IC_30_MMfit.png","rPxQGv0H1jjmHiRd7elF6Op5JbIbzkdX"
"s3://hcp-openaccess/HCP_1200/506234/MNINonLinear/Results/rfMRI_REST2_RL/rfMRI_REST2_RL_hp2000.ica/filtered_func_data.ica/report/IC_30_prob.png","506234","MNINonLinear//Results/rfMRI_REST2_RL/rfMRI_REST2_RL_hp2000.ica/filtered_func_data.ica/report/IC_30_prob.png","6Go3ksyebb2PxD6Finng6Dp1d9i2fKm3"
"s3://hcp-openaccess/HCP_1200/506234/MNINonLinear/Results/rfMRI_REST2_RL/rfMRI_REST2_RL_hp2000.ica/filtered_func_data.ica/report/IC_30_thresh.png","506234","MNINonLinear//Results/rfMRI_REST2_RL/rfMRI_REST2_RL_hp2000.ica/filtered_func_data.ica/report/IC_30_thresh.png","Kx6XBT5jQiYtl61DxqqsDa6HSSWVO15v"
"s3://hcp-openaccess/HCP_1200/506234/MNINonLinear/Results/rfMRI_REST2_RL/rfMRI_REST2_RL_hp2000.ica/filtered_func_data.ica/report/IC_31.html","506234","MNINonLinear//Results/rfMRI_REST2_RL/rfMRI_REST2_RL_hp2000.ica/filtered_func_data.ica/report/IC_31.html","h80nl3S9_u5YoiZ4IsEO5JDkC.pauD4x"
"s3://hcp-openaccess/HCP_1200/506234/MNINonLinear/Results/rfMRI_REST2_RL/rfMRI_REST2_RL_hp2000.ica/filtered_func_data.ica/report/IC_31.png","506234","MNINonLinear//Results/rfMRI_REST2_RL/rfMRI_REST2_RL_hp2000.ica/filtered_func_data.ica/report/IC_31.png","280zDnWUwDk3CE4kxOEGcz0ADWH2eUzJ"
"s3://hcp-openaccess/HCP_1200/506234/MNINonLinear/Results/rfMRI_REST2_RL/rfMRI_REST2_RL_hp2000.ica/filtered_func_data.ica/report/IC_31_MM.html","506234","MNINonLinear//Results/rfMRI_REST2_RL/rfMRI_REST2_RL_hp2000.ica/filtered_func_data.ica/report/IC_31_MM.html","xFl9L3cfVzH3NhWel00FUchyztXhhf6k"
"s3://hcp-openaccess/HCP_1200/506234/MNINonLinear/Results/rfMRI_REST2_RL/rfMRI_REST2_RL_hp2000.ica/filtered_func_data.ica/report/IC_31_MMfit.png","506234","MNINonLinear//Results/rfMRI_REST2_RL/rfMRI_REST2_RL_hp2000.ica/filtered_func_data.ica/report/IC_31_MMfit.png","NBM53AlKlCh1f4pxq02TnmtJgrrLJHPg"
"s3://hcp-openaccess/HCP_1200/506234/MNINonLinear/Results/rfMRI_REST2_RL/rfMRI_REST2_RL_hp2000.ica/filtered_func_data.ica/report/IC_31_prob.png","506234","MNINonLinear//Results/rfMRI_REST2_RL/rfMRI_REST2_RL_hp2000.ica/filtered_func_data.ica/report/IC_31_prob.png","B49YUm.lE7ggCjFc6TzE0suHbQJtjO2O"
"s3://hcp-openaccess/HCP_1200/506234/MNINonLinear/Results/rfMRI_REST2_RL/rfMRI_REST2_RL_hp2000.ica/filtered_func_data.ica/report/IC_31_thresh.png","506234","MNINonLinear//Results/rfMRI_REST2_RL/rfMRI_REST2_RL_hp2000.ica/filtered_func_data.ica/report/IC_31_thresh.png","IHsphdC5ZVca9ph6A3_ItFFJSEVx7IYi"
"s3://hcp-openaccess/HCP_1200/506234/MNINonLinear/Results/rfMRI_REST2_RL/rfMRI_REST2_RL_hp2000.ica/filtered_func_data.ica/report/IC_32.html","506234","MNINonLinear//Results/rfMRI_REST2_RL/rfMRI_REST2_RL_hp2000.ica/filtered_func_data.ica/report/IC_32.html","kQUn6b8qteWWVT_op0H.SdnRYKtqI2uR"
"s3://hcp-openaccess/HCP_1200/506234/MNINonLinear/Results/rfMRI_REST2_RL/rfMRI_REST2_RL_hp2000.ica/filtered_func_data.ica/report/IC_32.png","506234","MNINonLinear//Results/rfMRI_REST2_RL/rfMRI_REST2_RL_hp2000.ica/filtered_func_data.ica/report/IC_32.png","OL9WDLJYIuWe9E293C_zEh3XdYBKtnaA"
"s3://hcp-openaccess/HCP_1200/506234/MNINonLinear/Results/rfMRI_REST2_RL/rfMRI_REST2_RL_hp2000.ica/filtered_func_data.ica/report/IC_32_MM.html","506234","MNINonLinear//Results/rfMRI_REST2_RL/rfMRI_REST2_RL_hp2000.ica/filtered_func_data.ica/report/IC_32_MM.html","Vs.71bqOwu0zlu0W4AW0eV3s3ESKqvxW"
"s3://hcp-openaccess/HCP_1200/506234/MNINonLinear/Results/rfMRI_REST2_RL/rfMRI_REST2_RL_hp2000.ica/filtered_func_data.ica/report/IC_32_MMfit.png","506234","MNINonLinear//Results/rfMRI_REST2_RL/rfMRI_REST2_RL_hp2000.ica/filtered_func_data.ica/report/IC_32_MMfit.png","rhfR9xzq__Iqpq10K_MRNRhSQKqDgr_a"
"s3://hcp-openaccess/HCP_1200/506234/MNINonLinear/Results/rfMRI_REST2_RL/rfMRI_REST2_RL_hp2000.ica/filtered_func_data.ica/report/IC_32_prob.png","506234","MNINonLinear//Results/rfMRI_REST2_RL/rfMRI_REST2_RL_hp2000.ica/filtered_func_data.ica/report/IC_32_prob.png","hqvKYoJ61mN0smbOVYYkPwENPLfR8g4V"
"s3://hcp-openaccess/HCP_1200/506234/MNINonLinear/Results/rfMRI_REST2_RL/rfMRI_REST2_RL_hp2000.ica/filtered_func_data.ica/report/IC_32_thresh.png","506234","MNINonLinear//Results/rfMRI_REST2_RL/rfMRI_REST2_RL_hp2000.ica/filtered_func_data.ica/report/IC_32_thresh.png","9CFRqJ6Z.M8llgmOdg_onbnO0xVKnkZ5"
"s3://hcp-openaccess/HCP_1200/506234/MNINonLinear/Results/rfMRI_REST2_RL/rfMRI_REST2_RL_hp2000.ica/filtered_func_data.ica/report/IC_33.html","506234","MNINonLinear//Results/rfMRI_REST2_RL/rfMRI_REST2_RL_hp2000.ica/filtered_func_data.ica/report/IC_33.html","EROMwmcG_OpZddxKUp7IAlgfwpPetq2J"
"s3://hcp-openaccess/HCP_1200/506234/MNINonLinear/Results/rfMRI_REST2_RL/rfMRI_REST2_RL_hp2000.ica/filtered_func_data.ica/report/IC_33.png","506234","MNINonLinear//Results/rfMRI_REST2_RL/rfMRI_REST2_RL_hp2000.ica/filtered_func_data.ica/report/IC_33.png","K2UEJSLa_13jFiHKCPIwTQinmVJalDVg"
"s3://hcp-openaccess/HCP_1200/506234/MNINonLinear/Results/rfMRI_REST2_RL/rfMRI_REST2_RL_hp2000.ica/filtered_func_data.ica/report/IC_33_MM.html","506234","MNINonLinear//Results/rfMRI_REST2_RL/rfMRI_REST2_RL_hp2000.ica/filtered_func_data.ica/report/IC_33_MM.html","wbpF3gUC0Bs2z.4rJEpdxmbcJ5pcBvP3"
"s3://hcp-openaccess/HCP_1200/506234/MNINonLinear/Results/rfMRI_REST2_RL/rfMRI_REST2_RL_hp2000.ica/filtered_func_data.ica/report/IC_33_MMfit.png","506234","MNINonLinear//Results/rfMRI_REST2_RL/rfMRI_REST2_RL_hp2000.ica/filtered_func_data.ica/report/IC_33_MMfit.png","Hs9QF4n5c7n73WjP.bub_E8zPkAanKg5"
"s3://hcp-openaccess/HCP_1200/506234/MNINonLinear/Results/rfMRI_REST2_RL/rfMRI_REST2_RL_hp2000.ica/filtered_func_data.ica/report/IC_33_prob.png","506234","MNINonLinear//Results/rfMRI_REST2_RL/rfMRI_REST2_RL_hp2000.ica/filtered_func_data.ica/report/IC_33_prob.png","l5N1b2iYucmywh4z7eBxfG2JAR.ak_SZ"
"s3://hcp-openaccess/HCP_1200/506234/MNINonLinear/Results/rfMRI_REST2_RL/rfMRI_REST2_RL_hp2000.ica/filtered_func_data.ica/report/IC_33_thresh.png","506234","MNINonLinear//Results/rfMRI_REST2_RL/rfMRI_REST2_RL_hp2000.ica/filtered_func_data.ica/report/IC_33_thresh.png","YlHRGOeSzCJJjSpU7S4npM539iPC_hJr"
"s3://hcp-openaccess/HCP_1200/506234/MNINonLinear/Results/rfMRI_REST2_RL/rfMRI_REST2_RL_hp2000.ica/filtered_func_data.ica/report/IC_34.html","506234","MNINonLinear//Results/rfMRI_REST2_RL/rfMRI_REST2_RL_hp2000.ica/filtered_func_data.ica/report/IC_34.html","TPHPA8NjgDq1_dAV2TtvzA3LuXbsc.rQ"
"s3://hcp-openaccess/HCP_1200/506234/MNINonLinear/Results/rfMRI_REST2_RL/rfMRI_REST2_RL_hp2000.ica/filtered_func_data.ica/report/IC_34.png","506234","MNINonLinear//Results/rfMRI_REST2_RL/rfMRI_REST2_RL_hp2000.ica/filtered_func_data.ica/report/IC_34.png","SuEhO6V3CCFNr7.FDbGYAtxObNjTl4kV"
"s3://hcp-openaccess/HCP_1200/506234/MNINonLinear/Results/rfMRI_REST2_RL/rfMRI_REST2_RL_hp2000.ica/filtered_func_data.ica/report/IC_34_MM.html","506234","MNINonLinear//Results/rfMRI_REST2_RL/rfMRI_REST2_RL_hp2000.ica/filtered_func_data.ica/report/IC_34_MM.html","okBe.gymFUm_jRLYSI8ltuLSIBW99dv5"
"s3://hcp-openaccess/HCP_1200/506234/MNINonLinear/Results/rfMRI_REST2_RL/rfMRI_REST2_RL_hp2000.ica/filtered_func_data.ica/report/IC_34_MMfit.png","506234","MNINonLinear//Results/rfMRI_REST2_RL/rfMRI_REST2_RL_hp2000.ica/filtered_func_data.ica/report/IC_34_MMfit.png","T7k.rX4WbdsStYiRExAu7XprGf7mAPlD"
"s3://hcp-openaccess/HCP_1200/506234/MNINonLinear/Results/rfMRI_REST2_RL/rfMRI_REST2_RL_hp2000.ica/filtered_func_data.ica/report/IC_34_prob.png","506234","MNINonLinear//Results/rfMRI_REST2_RL/rfMRI_REST2_RL_hp2000.ica/filtered_func_data.ica/report/IC_34_prob.png","1Gx.1pU.Iy2K6iwFpAfZ2v62qCsjY.hT"
"s3://hcp-openaccess/HCP_1200/506234/MNINonLinear/Results/rfMRI_REST2_RL/rfMRI_REST2_RL_hp2000.ica/filtered_func_data.ica/report/IC_34_thresh.png","506234","MNINonLinear//Results/rfMRI_REST2_RL/rfMRI_REST2_RL_hp2000.ica/filtered_func_data.ica/report/IC_34_thresh.png","nwmHrdek42Udg5HWO6lQ_8i0utyoNBfK"
"s3://hcp-openaccess/HCP_1200/506234/MNINonLinear/Results/rfMRI_REST2_RL/rfMRI_REST2_RL_hp2000.ica/filtered_func_data.ica/report/IC_35.html","506234","MNINonLinear//Results/rfMRI_REST2_RL/rfMRI_REST2_RL_hp2000.ica/filtered_func_data.ica/report/IC_35.html","kSqAOwBsH5.j.CJiDLgdQGSfFr8RAWC5"
"s3://hcp-openaccess/HCP_1200/506234/MNINonLinear/Results/rfMRI_REST2_RL/rfMRI_REST2_RL_hp2000.ica/filtered_func_data.ica/report/IC_35.png","506234","MNINonLinear//Results/rfMRI_REST2_RL/rfMRI_REST2_RL_hp2000.ica/filtered_func_data.ica/report/IC_35.png","tKHWpDhozN7kMWbzcy3zCSRr9wSBNDoc"
"s3://hcp-openaccess/HCP_1200/506234/MNINonLinear/Results/rfMRI_REST2_RL/rfMRI_REST2_RL_hp2000.ica/filtered_func_data.ica/report/IC_35_MM.html","506234","MNINonLinear//Results/rfMRI_REST2_RL/rfMRI_REST2_RL_hp2000.ica/filtered_func_data.ica/report/IC_35_MM.html","rqPNH5aw43rmnT9Ew5_k2HsAhHuJ2NL3"
"s3://hcp-openaccess/HCP_1200/506234/MNINonLinear/Results/rfMRI_REST2_RL/rfMRI_REST2_RL_hp2000.ica/filtered_func_data.ica/report/IC_35_MMfit.png","506234","MNINonLinear//Results/rfMRI_REST2_RL/rfMRI_REST2_RL_hp2000.ica/filtered_func_data.ica/report/IC_35_MMfit.png","urQcSwB2u8TYi5TBnUNi1NZJyDvDd2Rn"
"s3://hcp-openaccess/HCP_1200/506234/MNINonLinear/Results/rfMRI_REST2_RL/rfMRI_REST2_RL_hp2000.ica/filtered_func_data.ica/report/IC_35_prob.png","506234","MNINonLinear//Results/rfMRI_REST2_RL/rfMRI_REST2_RL_hp2000.ica/filtered_func_data.ica/report/IC_35_prob.png","HIEQudd7.qlHY5HIUirI1XdyaZp6mDBr"
"s3://hcp-openaccess/HCP_1200/506234/MNINonLinear/Results/rfMRI_REST2_RL/rfMRI_REST2_RL_hp2000.ica/filtered_func_data.ica/report/IC_35_thresh.png","506234","MNINonLinear//Results/rfMRI_REST2_RL/rfMRI_REST2_RL_hp2000.ica/filtered_func_data.ica/report/IC_35_thresh.png",".QAkL00idWPKr16rBcRWf1PskrkP9jbs"
"s3://hcp-openaccess/HCP_1200/506234/MNINonLinear/Results/rfMRI_REST2_RL/rfMRI_REST2_RL_hp2000.ica/filtered_func_data.ica/report/IC_36.html","506234","MNINonLinear//Results/rfMRI_REST2_RL/rfMRI_REST2_RL_hp2000.ica/filtered_func_data.ica/report/IC_36.html","s5luPUVNs8WzHFfpBgD_1W0ozH1_T2eO"
"s3://hcp-openaccess/HCP_1200/506234/MNINonLinear/Results/rfMRI_REST2_RL/rfMRI_REST2_RL_hp2000.ica/filtered_func_data.ica/report/IC_36.png","506234","MNINonLinear//Results/rfMRI_REST2_RL/rfMRI_REST2_RL_hp2000.ica/filtered_func_data.ica/report/IC_36.png","tK_RSQK985NZoOD19TLmVKK8d3TXnlCW"
"s3://hcp-openaccess/HCP_1200/506234/MNINonLinear/Results/rfMRI_REST2_RL/rfMRI_REST2_RL_hp2000.ica/filtered_func_data.ica/report/IC_36_MM.html","506234","MNINonLinear//Results/rfMRI_REST2_RL/rfMRI_REST2_RL_hp2000.ica/filtered_func_data.ica/report/IC_36_MM.html","5q_Z2l8.4K53gCDAAexjEF9am9sWLREg"
"s3://hcp-openaccess/HCP_1200/506234/MNINonLinear/Results/rfMRI_REST2_RL/rfMRI_REST2_RL_hp2000.ica/filtered_func_data.ica/report/IC_36_MMfit.png","506234","MNINonLinear//Results/rfMRI_REST2_RL/rfMRI_REST2_RL_hp2000.ica/filtered_func_data.ica/report/IC_36_MMfit.png","pSMOtYhEhPchzy48.AyaDMwwd4l5c2Xz"
"s3://hcp-openaccess/HCP_1200/506234/MNINonLinear/Results/rfMRI_REST2_RL/rfMRI_REST2_RL_hp2000.ica/filtered_func_data.ica/report/IC_36_prob.png","506234","MNINonLinear//Results/rfMRI_REST2_RL/rfMRI_REST2_RL_hp2000.ica/filtered_func_data.ica/report/IC_36_prob.png","OQMCeoXGvWCjXPf9MV3BU1fyrTSUuaT_"
"s3://hcp-openaccess/HCP_1200/506234/MNINonLinear/Results/rfMRI_REST2_RL/rfMRI_REST2_RL_hp2000.ica/filtered_func_data.ica/report/IC_36_thresh.png","506234","MNINonLinear//Results/rfMRI_REST2_RL/rfMRI_REST2_RL_hp2000.ica/filtered_func_data.ica/report/IC_36_thresh.png","1p4YinM0JOhwyX9Qm28YqIVMWMPWF0YL"
"s3://hcp-openaccess/HCP_1200/506234/MNINonLinear/Results/rfMRI_REST2_RL/rfMRI_REST2_RL_hp2000.ica/filtered_func_data.ica/report/IC_37.html","506234","MNINonLinear//Results/rfMRI_REST2_RL/rfMRI_REST2_RL_hp2000.ica/filtered_func_data.ica/report/IC_37.html","P8JaOHJ_FQGHnA8JD9ZeUOZFA1DqdSlB"
"s3://hcp-openaccess/HCP_1200/506234/MNINonLinear/Results/rfMRI_REST2_RL/rfMRI_REST2_RL_hp2000.ica/filtered_func_data.ica/report/IC_37.png","506234","MNINonLinear//Results/rfMRI_REST2_RL/rfMRI_REST2_RL_hp2000.ica/filtered_func_data.ica/report/IC_37.png","5KGGXag6ZVO1MLdpQAFDNKdvt5eho9L9"
"s3://hcp-openaccess/HCP_1200/506234/MNINonLinear/Results/rfMRI_REST2_RL/rfMRI_REST2_RL_hp2000.ica/filtered_func_data.ica/report/IC_37_MM.html","506234","MNINonLinear//Results/rfMRI_REST2_RL/rfMRI_REST2_RL_hp2000.ica/filtered_func_data.ica/report/IC_37_MM.html","vik0VI5D___DajwdZKDaUPvR3c735iyb"
"s3://hcp-openaccess/HCP_1200/506234/MNINonLinear/Results/rfMRI_REST2_RL/rfMRI_REST2_RL_hp2000.ica/filtered_func_data.ica/report/IC_37_MMfit.png","506234","MNINonLinear//Results/rfMRI_REST2_RL/rfMRI_REST2_RL_hp2000.ica/filtered_func_data.ica/report/IC_37_MMfit.png","RcR48FO.m8yHhD_9qBl4IZGoyIeQ6CAF"
"s3://hcp-openaccess/HCP_1200/506234/MNINonLinear/Results/rfMRI_REST2_RL/rfMRI_REST2_RL_hp2000.ica/filtered_func_data.ica/report/IC_37_prob.png","506234","MNINonLinear//Results/rfMRI_REST2_RL/rfMRI_REST2_RL_hp2000.ica/filtered_func_data.ica/report/IC_37_prob.png","5nrkmrWYnowHGzB0FG9CVAJKJSxysCFb"
"s3://hcp-openaccess/HCP_1200/506234/MNINonLinear/Results/rfMRI_REST2_RL/rfMRI_REST2_RL_hp2000.ica/filtered_func_data.ica/report/IC_37_thresh.png","506234","MNINonLinear//Results/rfMRI_REST2_RL/rfMRI_REST2_RL_hp2000.ica/filtered_func_data.ica/report/IC_37_thresh.png","gh_uFT9rhP8YtwiDNdOY4CRZD1Nu9Ie2"
"s3://hcp-openaccess/HCP_1200/506234/MNINonLinear/Results/rfMRI_REST2_RL/rfMRI_REST2_RL_hp2000.ica/filtered_func_data.ica/report/IC_38.html","506234","MNINonLinear//Results/rfMRI_REST2_RL/rfMRI_REST2_RL_hp2000.ica/filtered_func_data.ica/report/IC_38.html","r.e3ew3kIafFxtMQoIPfTEEmJoKuBagC"
"s3://hcp-openaccess/HCP_1200/506234/MNINonLinear/Results/rfMRI_REST2_RL/rfMRI_REST2_RL_hp2000.ica/filtered_func_data.ica/report/IC_38.png","506234","MNINonLinear//Results/rfMRI_REST2_RL/rfMRI_REST2_RL_hp2000.ica/filtered_func_data.ica/report/IC_38.png","MiAEVG040fHAPh0hm.yiJvV_VGhgnpFN"
"s3://hcp-openaccess/HCP_1200/506234/MNINonLinear/Results/rfMRI_REST2_RL/rfMRI_REST2_RL_hp2000.ica/filtered_func_data.ica/report/IC_38_MM.html","506234","MNINonLinear//Results/rfMRI_REST2_RL/rfMRI_REST2_RL_hp2000.ica/filtered_func_data.ica/report/IC_38_MM.html","Vu4uwK3r456MT51QTSphkPUeOsm9Hc.D"
"s3://hcp-openaccess/HCP_1200/506234/MNINonLinear/Results/rfMRI_REST2_RL/rfMRI_REST2_RL_hp2000.ica/filtered_func_data.ica/report/IC_38_MMfit.png","506234","MNINonLinear//Results/rfMRI_REST2_RL/rfMRI_REST2_RL_hp2000.ica/filtered_func_data.ica/report/IC_38_MMfit.png","QnJyIOANnlvmgR17oSc_hegfijuCckLC"
"s3://hcp-openaccess/HCP_1200/506234/MNINonLinear/Results/rfMRI_REST2_RL/rfMRI_REST2_RL_hp2000.ica/filtered_func_data.ica/report/IC_38_prob.png","506234","MNINonLinear//Results/rfMRI_REST2_RL/rfMRI_REST2_RL_hp2000.ica/filtered_func_data.ica/report/IC_38_prob.png","5u4JRBY1JowlxGXUfP.34LQyZQ1KRb_1"
"s3://hcp-openaccess/HCP_1200/506234/MNINonLinear/Results/rfMRI_REST2_RL/rfMRI_REST2_RL_hp2000.ica/filtered_func_data.ica/report/IC_38_thresh.png","506234","MNINonLinear//Results/rfMRI_REST2_RL/rfMRI_REST2_RL_hp2000.ica/filtered_func_data.ica/report/IC_38_thresh.png","yKcI.SgphrUEPuFiqtfNHrbD.M30E4.t"
"s3://hcp-openaccess/HCP_1200/506234/MNINonLinear/Results/rfMRI_REST2_RL/rfMRI_REST2_RL_hp2000.ica/filtered_func_data.ica/report/IC_39.html","506234","MNINonLinear//Results/rfMRI_REST2_RL/rfMRI_REST2_RL_hp2000.ica/filtered_func_data.ica/report/IC_39.html","_d2qBv1NqyW8dKZcI04lsvTV3pzBqahN"
"s3://hcp-openaccess/HCP_1200/506234/MNINonLinear/Results/rfMRI_REST2_RL/rfMRI_REST2_RL_hp2000.ica/filtered_func_data.ica/report/IC_39.png","506234","MNINonLinear//Results/rfMRI_REST2_RL/rfMRI_REST2_RL_hp2000.ica/filtered_func_data.ica/report/IC_39.png","SX8IRoyAo1VE0docABvv_y73sxrnxbcn"
"s3://hcp-openaccess/HCP_1200/506234/MNINonLinear/Results/rfMRI_REST2_RL/rfMRI_REST2_RL_hp2000.ica/filtered_func_data.ica/report/IC_39_MM.html","506234","MNINonLinear//Results/rfMRI_REST2_RL/rfMRI_REST2_RL_hp2000.ica/filtered_func_data.ica/report/IC_39_MM.html","g1CpTrr5b5n4iVVT03Z9a2evZEuhwFHT"
"s3://hcp-openaccess/HCP_1200/506234/MNINonLinear/Results/rfMRI_REST2_RL/rfMRI_REST2_RL_hp2000.ica/filtered_func_data.ica/report/IC_39_MMfit.png","506234","MNINonLinear//Results/rfMRI_REST2_RL/rfMRI_REST2_RL_hp2000.ica/filtered_func_data.ica/report/IC_39_MMfit.png","vr.7CvFOE_f8yWiIDpGtVGOPZ7luThpo"
"s3://hcp-openaccess/HCP_1200/506234/MNINonLinear/Results/rfMRI_REST2_RL/rfMRI_REST2_RL_hp2000.ica/filtered_func_data.ica/report/IC_39_prob.png","506234","MNINonLinear//Results/rfMRI_REST2_RL/rfMRI_REST2_RL_hp2000.ica/filtered_func_data.ica/report/IC_39_prob.png","175besfdPNS9pcKOeTKfIaekeup7V6gw"
"s3://hcp-openaccess/HCP_1200/506234/MNINonLinear/Results/rfMRI_REST2_RL/rfMRI_REST2_RL_hp2000.ica/filtered_func_data.ica/report/IC_39_thresh.png","506234","MNINonLinear//Results/rfMRI_REST2_RL/rfMRI_REST2_RL_hp2000.ica/filtered_func_data.ica/report/IC_39_thresh.png","cs7zus2jdF22oKcZFqw5EvvX.EMfkoAJ"
"s3://hcp-openaccess/HCP_1200/506234/MNINonLinear/Results/rfMRI_REST2_RL/rfMRI_REST2_RL_hp2000.ica/filtered_func_data.ica/report/IC_3_MM.html","506234","MNINonLinear//Results/rfMRI_REST2_RL/rfMRI_REST2_RL_hp2000.ica/filtered_func_data.ica/report/IC_3_MM.html","JThb9WTD4Sp_dlw_NwLAm7V6S0gh8l2c"
"s3://hcp-openaccess/HCP_1200/506234/MNINonLinear/Results/rfMRI_REST2_RL/rfMRI_REST2_RL_hp2000.ica/filtered_func_data.ica/report/IC_3_MMfit.png","506234","MNINonLinear//Results/rfMRI_REST2_RL/rfMRI_REST2_RL_hp2000.ica/filtered_func_data.ica/report/IC_3_MMfit.png","Vjt4PrLCKFu6SkeSahTvcUESNJGfm6F8"
"s3://hcp-openaccess/HCP_1200/506234/MNINonLinear/Results/rfMRI_REST2_RL/rfMRI_REST2_RL_hp2000.ica/filtered_func_data.ica/report/IC_3_prob.png","506234","MNINonLinear//Results/rfMRI_REST2_RL/rfMRI_REST2_RL_hp2000.ica/filtered_func_data.ica/report/IC_3_prob.png","IoIJE_pyY0KrOFet9.TLTzDtGlfA44HU"
"s3://hcp-openaccess/HCP_1200/506234/MNINonLinear/Results/rfMRI_REST2_RL/rfMRI_REST2_RL_hp2000.ica/filtered_func_data.ica/report/IC_3_thresh.png","506234","MNINonLinear//Results/rfMRI_REST2_RL/rfMRI_REST2_RL_hp2000.ica/filtered_func_data.ica/report/IC_3_thresh.png","rqMjrNVqg7n6ILDCGBk4vfd5do9J.S0b"
"s3://hcp-openaccess/HCP_1200/506234/MNINonLinear/Results/rfMRI_REST2_RL/rfMRI_REST2_RL_hp2000.ica/filtered_func_data.ica/report/IC_4.html","506234","MNINonLinear//Results/rfMRI_REST2_RL/rfMRI_REST2_RL_hp2000.ica/filtered_func_data.ica/report/IC_4.html","NNBdA6sF4GY.MJxKsgpTyCt9Gqfs3Ydd"
"s3://hcp-openaccess/HCP_1200/506234/MNINonLinear/Results/rfMRI_REST2_RL/rfMRI_REST2_RL_hp2000.ica/filtered_func_data.ica/report/IC_4.png","506234","MNINonLinear//Results/rfMRI_REST2_RL/rfMRI_REST2_RL_hp2000.ica/filtered_func_data.ica/report/IC_4.png","ThDEV3XXQ52rbale1NtQlI01eKBGoScG"
"s3://hcp-openaccess/HCP_1200/506234/MNINonLinear/Results/rfMRI_REST2_RL/rfMRI_REST2_RL_hp2000.ica/filtered_func_data.ica/report/IC_40.html","506234","MNINonLinear//Results/rfMRI_REST2_RL/rfMRI_REST2_RL_hp2000.ica/filtered_func_data.ica/report/IC_40.html","oXG2blve1D7arNg38MSR94YCpRCfjDRR"
"s3://hcp-openaccess/HCP_1200/506234/MNINonLinear/Results/rfMRI_REST2_RL/rfMRI_REST2_RL_hp2000.ica/filtered_func_data.ica/report/IC_40.png","506234","MNINonLinear//Results/rfMRI_REST2_RL/rfMRI_REST2_RL_hp2000.ica/filtered_func_data.ica/report/IC_40.png","C0yUDEmSssWplvbZFzQx4Mv98kby56gf"
"s3://hcp-openaccess/HCP_1200/506234/MNINonLinear/Results/rfMRI_REST2_RL/rfMRI_REST2_RL_hp2000.ica/filtered_func_data.ica/report/IC_40_MM.html","506234","MNINonLinear//Results/rfMRI_REST2_RL/rfMRI_REST2_RL_hp2000.ica/filtered_func_data.ica/report/IC_40_MM.html","DL1qXcgbSF_bovL3PFsLJ9ZB0Tjl0fgy"
"s3://hcp-openaccess/HCP_1200/506234/MNINonLinear/Results/rfMRI_REST2_RL/rfMRI_REST2_RL_hp2000.ica/filtered_func_data.ica/report/IC_40_MMfit.png","506234","MNINonLinear//Results/rfMRI_REST2_RL/rfMRI_REST2_RL_hp2000.ica/filtered_func_data.ica/report/IC_40_MMfit.png","GJrJ87sckXBngMy6oDQJXUJuH21SXs9t"
"s3://hcp-openaccess/HCP_1200/506234/MNINonLinear/Results/rfMRI_REST2_RL/rfMRI_REST2_RL_hp2000.ica/filtered_func_data.ica/report/IC_40_prob.png","506234","MNINonLinear//Results/rfMRI_REST2_RL/rfMRI_REST2_RL_hp2000.ica/filtered_func_data.ica/report/IC_40_prob.png","gMnFJzSp9Dn5o1M7hc9Uw0R5vHLL3CFE"
"s3://hcp-openaccess/HCP_1200/506234/MNINonLinear/Results/rfMRI_REST2_RL/rfMRI_REST2_RL_hp2000.ica/filtered_func_data.ica/report/IC_40_thresh.png","506234","MNINonLinear//Results/rfMRI_REST2_RL/rfMRI_REST2_RL_hp2000.ica/filtered_func_data.ica/report/IC_40_thresh.png","k9mXL5MpqnupqE68hSgEqDnH25yAvBgU"
"s3://hcp-openaccess/HCP_1200/506234/MNINonLinear/Results/rfMRI_REST2_RL/rfMRI_REST2_RL_hp2000.ica/filtered_func_data.ica/report/IC_41.html","506234","MNINonLinear//Results/rfMRI_REST2_RL/rfMRI_REST2_RL_hp2000.ica/filtered_func_data.ica/report/IC_41.html","NDnJy.wYPeyZjtg_efmibGB1RA_8ol_O"
"s3://hcp-openaccess/HCP_1200/506234/MNINonLinear/Results/rfMRI_REST2_RL/rfMRI_REST2_RL_hp2000.ica/filtered_func_data.ica/report/IC_41.png","506234","MNINonLinear//Results/rfMRI_REST2_RL/rfMRI_REST2_RL_hp2000.ica/filtered_func_data.ica/report/IC_41.png","4KVyfgclSGf_0KU13TBQRkhZnv_JeDlw"
"s3://hcp-openaccess/HCP_1200/506234/MNINonLinear/Results/rfMRI_REST2_RL/rfMRI_REST2_RL_hp2000.ica/filtered_func_data.ica/report/IC_41_MM.html","506234","MNINonLinear//Results/rfMRI_REST2_RL/rfMRI_REST2_RL_hp2000.ica/filtered_func_data.ica/report/IC_41_MM.html","XPuqlnWfIpUJYSCNzgp_uAfhl27Vyf0H"
"s3://hcp-openaccess/HCP_1200/506234/MNINonLinear/Results/rfMRI_REST2_RL/rfMRI_REST2_RL_hp2000.ica/filtered_func_data.ica/report/IC_41_MMfit.png","506234","MNINonLinear//Results/rfMRI_REST2_RL/rfMRI_REST2_RL_hp2000.ica/filtered_func_data.ica/report/IC_41_MMfit.png","ltZ7Go_K.uxWCsPFLZHOHEvIqHeBiq7k"
"s3://hcp-openaccess/HCP_1200/506234/MNINonLinear/Results/rfMRI_REST2_RL/rfMRI_REST2_RL_hp2000.ica/filtered_func_data.ica/report/IC_41_prob.png","506234","MNINonLinear//Results/rfMRI_REST2_RL/rfMRI_REST2_RL_hp2000.ica/filtered_func_data.ica/report/IC_41_prob.png","4RjTzI1RtUFH7zx3ECkMo8EcxMmx6ihr"
"s3://hcp-openaccess/HCP_1200/506234/MNINonLinear/Results/rfMRI_REST2_RL/rfMRI_REST2_RL_hp2000.ica/filtered_func_data.ica/report/IC_41_thresh.png","506234","MNINonLinear//Results/rfMRI_REST2_RL/rfMRI_REST2_RL_hp2000.ica/filtered_func_data.ica/report/IC_41_thresh.png","EA_8TQRmDLkZxsYA52vxkxMCDIJKXFnN"
"s3://hcp-openaccess/HCP_1200/506234/MNINonLinear/Results/rfMRI_REST2_RL/rfMRI_REST2_RL_hp2000.ica/filtered_func_data.ica/report/IC_42.html","506234","MNINonLinear//Results/rfMRI_REST2_RL/rfMRI_REST2_RL_hp2000.ica/filtered_func_data.ica/report/IC_42.html","yjYlmvc7p26wiz9.YxkOD57faeLzOI.w"
"s3://hcp-openaccess/HCP_1200/506234/MNINonLinear/Results/rfMRI_REST2_RL/rfMRI_REST2_RL_hp2000.ica/filtered_func_data.ica/report/IC_42.png","506234","MNINonLinear//Results/rfMRI_REST2_RL/rfMRI_REST2_RL_hp2000.ica/filtered_func_data.ica/report/IC_42.png","rQeBDktZJE81TsK81gd23Rz9ty5ecNB6"
"s3://hcp-openaccess/HCP_1200/506234/MNINonLinear/Results/rfMRI_REST2_RL/rfMRI_REST2_RL_hp2000.ica/filtered_func_data.ica/report/IC_42_MM.html","506234","MNINonLinear//Results/rfMRI_REST2_RL/rfMRI_REST2_RL_hp2000.ica/filtered_func_data.ica/report/IC_42_MM.html","G7ELJFn._Cf0u1XNL7Na4pXLdnDBGjde"
"s3://hcp-openaccess/HCP_1200/506234/MNINonLinear/Results/rfMRI_REST2_RL/rfMRI_REST2_RL_hp2000.ica/filtered_func_data.ica/report/IC_42_MMfit.png","506234","MNINonLinear//Results/rfMRI_REST2_RL/rfMRI_REST2_RL_hp2000.ica/filtered_func_data.ica/report/IC_42_MMfit.png","PtWQjUkljFvgZHsi0IhnNsXZPqEgDKSQ"
"s3://hcp-openaccess/HCP_1200/506234/MNINonLinear/Results/rfMRI_REST2_RL/rfMRI_REST2_RL_hp2000.ica/filtered_func_data.ica/report/IC_42_prob.png","506234","MNINonLinear//Results/rfMRI_REST2_RL/rfMRI_REST2_RL_hp2000.ica/filtered_func_data.ica/report/IC_42_prob.png","e7isoVfWPXqAQR2ce5qzJpYKcEV92N3d"
"s3://hcp-openaccess/HCP_1200/506234/MNINonLinear/Results/rfMRI_REST2_RL/rfMRI_REST2_RL_hp2000.ica/filtered_func_data.ica/report/IC_42_thresh.png","506234","MNINonLinear//Results/rfMRI_REST2_RL/rfMRI_REST2_RL_hp2000.ica/filtered_func_data.ica/report/IC_42_thresh.png","Kqmrm13UU32rvwIdhT5fdadj_pNmAgE1"
"s3://hcp-openaccess/HCP_1200/506234/MNINonLinear/Results/rfMRI_REST2_RL/rfMRI_REST2_RL_hp2000.ica/filtered_func_data.ica/report/IC_43.html","506234","MNINonLinear//Results/rfMRI_REST2_RL/rfMRI_REST2_RL_hp2000.ica/filtered_func_data.ica/report/IC_43.html","qYzvWSCepsE1_pDU_CsmJ99h1Jgcnpam"
"s3://hcp-openaccess/HCP_1200/506234/MNINonLinear/Results/rfMRI_REST2_RL/rfMRI_REST2_RL_hp2000.ica/filtered_func_data.ica/report/IC_43.png","506234","MNINonLinear//Results/rfMRI_REST2_RL/rfMRI_REST2_RL_hp2000.ica/filtered_func_data.ica/report/IC_43.png","599sV3hK1aKFMk8jKGja9ErVZh4LA5BW"
"s3://hcp-openaccess/HCP_1200/506234/MNINonLinear/Results/rfMRI_REST2_RL/rfMRI_REST2_RL_hp2000.ica/filtered_func_data.ica/report/IC_43_MM.html","506234","MNINonLinear//Results/rfMRI_REST2_RL/rfMRI_REST2_RL_hp2000.ica/filtered_func_data.ica/report/IC_43_MM.html","BlYJjFz4h5Edlao6dSQHm2V_cAiKQysy"
"s3://hcp-openaccess/HCP_1200/506234/MNINonLinear/Results/rfMRI_REST2_RL/rfMRI_REST2_RL_hp2000.ica/filtered_func_data.ica/report/IC_43_MMfit.png","506234","MNINonLinear//Results/rfMRI_REST2_RL/rfMRI_REST2_RL_hp2000.ica/filtered_func_data.ica/report/IC_43_MMfit.png","DOr6oxMZGI91E5Kz8dXBzkNLHFr9ZlSU"
"s3://hcp-openaccess/HCP_1200/506234/MNINonLinear/Results/rfMRI_REST2_RL/rfMRI_REST2_RL_hp2000.ica/filtered_func_data.ica/report/IC_43_prob.png","506234","MNINonLinear//Results/rfMRI_REST2_RL/rfMRI_REST2_RL_hp2000.ica/filtered_func_data.ica/report/IC_43_prob.png","3qGbPo0Q1RD38H2Dd._xbRNKFt_wB6GK"
"s3://hcp-openaccess/HCP_1200/506234/MNINonLinear/Results/rfMRI_REST2_RL/rfMRI_REST2_RL_hp2000.ica/filtered_func_data.ica/report/IC_43_thresh.png","506234","MNINonLinear//Results/rfMRI_REST2_RL/rfMRI_REST2_RL_hp2000.ica/filtered_func_data.ica/report/IC_43_thresh.png","JB57QceDxGE1lJ2mrH68_qKqADnvbfUH"
"s3://hcp-openaccess/HCP_1200/506234/MNINonLinear/Results/rfMRI_REST2_RL/rfMRI_REST2_RL_hp2000.ica/filtered_func_data.ica/report/IC_44.html","506234","MNINonLinear//Results/rfMRI_REST2_RL/rfMRI_REST2_RL_hp2000.ica/filtered_func_data.ica/report/IC_44.html","NeTLDb6AdSl4pA4JDc9DU.vR46_FraSU"
"s3://hcp-openaccess/HCP_1200/506234/MNINonLinear/Results/rfMRI_REST2_RL/rfMRI_REST2_RL_hp2000.ica/filtered_func_data.ica/report/IC_44.png","506234","MNINonLinear//Results/rfMRI_REST2_RL/rfMRI_REST2_RL_hp2000.ica/filtered_func_data.ica/report/IC_44.png","X0Z5XpKLW7E694JzbYrQJZ_dROBNi.JJ"
"s3://hcp-openaccess/HCP_1200/506234/MNINonLinear/Results/rfMRI_REST2_RL/rfMRI_REST2_RL_hp2000.ica/filtered_func_data.ica/report/IC_44_MM.html","506234","MNINonLinear//Results/rfMRI_REST2_RL/rfMRI_REST2_RL_hp2000.ica/filtered_func_data.ica/report/IC_44_MM.html","lxuVHW.uCfl4bwzqoVzUPQLLu8VGq8ZV"
"s3://hcp-openaccess/HCP_1200/506234/MNINonLinear/Results/rfMRI_REST2_RL/rfMRI_REST2_RL_hp2000.ica/filtered_func_data.ica/report/IC_44_MMfit.png","506234","MNINonLinear//Results/rfMRI_REST2_RL/rfMRI_REST2_RL_hp2000.ica/filtered_func_data.ica/report/IC_44_MMfit.png","Hg7g38UjiKzwIY8KQOBkS13WghlRW3nN"
"s3://hcp-openaccess/HCP_1200/506234/MNINonLinear/Results/rfMRI_REST2_RL/rfMRI_REST2_RL_hp2000.ica/filtered_func_data.ica/report/IC_44_prob.png","506234","MNINonLinear//Results/rfMRI_REST2_RL/rfMRI_REST2_RL_hp2000.ica/filtered_func_data.ica/report/IC_44_prob.png","3FetvwcHdzHaAxeef7Gf6hI4GneWpXkK"
"s3://hcp-openaccess/HCP_1200/506234/MNINonLinear/Results/rfMRI_REST2_RL/rfMRI_REST2_RL_hp2000.ica/filtered_func_data.ica/report/IC_44_thresh.png","506234","MNINonLinear//Results/rfMRI_REST2_RL/rfMRI_REST2_RL_hp2000.ica/filtered_func_data.ica/report/IC_44_thresh.png","T7Hx5uzLdfYz8uULQsfyaMmUCnzXKdIv"
"s3://hcp-openaccess/HCP_1200/506234/MNINonLinear/Results/rfMRI_REST2_RL/rfMRI_REST2_RL_hp2000.ica/filtered_func_data.ica/report/IC_45.html","506234","MNINonLinear//Results/rfMRI_REST2_RL/rfMRI_REST2_RL_hp2000.ica/filtered_func_data.ica/report/IC_45.html","rbDscfu9G0rp3htJWzNStcRHERaFc8eZ"
"s3://hcp-openaccess/HCP_1200/506234/MNINonLinear/Results/rfMRI_REST2_RL/rfMRI_REST2_RL_hp2000.ica/filtered_func_data.ica/report/IC_45.png","506234","MNINonLinear//Results/rfMRI_REST2_RL/rfMRI_REST2_RL_hp2000.ica/filtered_func_data.ica/report/IC_45.png","GzOO6aCSkRUvvbrM2RWbZFTgYT5qu3rs"
"s3://hcp-openaccess/HCP_1200/506234/MNINonLinear/Results/rfMRI_REST2_RL/rfMRI_REST2_RL_hp2000.ica/filtered_func_data.ica/report/IC_45_MM.html","506234","MNINonLinear//Results/rfMRI_REST2_RL/rfMRI_REST2_RL_hp2000.ica/filtered_func_data.ica/report/IC_45_MM.html","du5_JYKEdmGYgqgkpaujhKNJe3zQV52V"
"s3://hcp-openaccess/HCP_1200/506234/MNINonLinear/Results/rfMRI_REST2_RL/rfMRI_REST2_RL_hp2000.ica/filtered_func_data.ica/report/IC_45_MMfit.png","506234","MNINonLinear//Results/rfMRI_REST2_RL/rfMRI_REST2_RL_hp2000.ica/filtered_func_data.ica/report/IC_45_MMfit.png","8pCM90c3IKf8sqcxzzbPYmdg38NOy0xz"
"s3://hcp-openaccess/HCP_1200/506234/MNINonLinear/Results/rfMRI_REST2_RL/rfMRI_REST2_RL_hp2000.ica/filtered_func_data.ica/report/IC_45_prob.png","506234","MNINonLinear//Results/rfMRI_REST2_RL/rfMRI_REST2_RL_hp2000.ica/filtered_func_data.ica/report/IC_45_prob.png","tR4lnApjaQx7JSi.eiJ6HMHFoMAJs_3v"
"s3://hcp-openaccess/HCP_1200/506234/MNINonLinear/Results/rfMRI_REST2_RL/rfMRI_REST2_RL_hp2000.ica/filtered_func_data.ica/report/IC_45_thresh.png","506234","MNINonLinear//Results/rfMRI_REST2_RL/rfMRI_REST2_RL_hp2000.ica/filtered_func_data.ica/report/IC_45_thresh.png","7HVH7LqROFbQq94QiZOxBFma4d3qYqUQ"
"s3://hcp-openaccess/HCP_1200/506234/MNINonLinear/Results/rfMRI_REST2_RL/rfMRI_REST2_RL_hp2000.ica/filtered_func_data.ica/report/IC_46.html","506234","MNINonLinear//Results/rfMRI_REST2_RL/rfMRI_REST2_RL_hp2000.ica/filtered_func_data.ica/report/IC_46.html","9r3RBN4Yk6VsEVI4ZeArpavbE8UY.oWp"
"s3://hcp-openaccess/HCP_1200/506234/MNINonLinear/Results/rfMRI_REST2_RL/rfMRI_REST2_RL_hp2000.ica/filtered_func_data.ica/report/IC_46.png","506234","MNINonLinear//Results/rfMRI_REST2_RL/rfMRI_REST2_RL_hp2000.ica/filtered_func_data.ica/report/IC_46.png","DPNZjulwDh5dWkeE0mnBuLYt3T7cBdMQ"
"s3://hcp-openaccess/HCP_1200/506234/MNINonLinear/Results/rfMRI_REST2_RL/rfMRI_REST2_RL_hp2000.ica/filtered_func_data.ica/report/IC_46_MM.html","506234","MNINonLinear//Results/rfMRI_REST2_RL/rfMRI_REST2_RL_hp2000.ica/filtered_func_data.ica/report/IC_46_MM.html","ddSj6hEmKSZ_U.vOuyUCfpkIJN6e8sxM"
"s3://hcp-openaccess/HCP_1200/506234/MNINonLinear/Results/rfMRI_REST2_RL/rfMRI_REST2_RL_hp2000.ica/filtered_func_data.ica/report/IC_46_MMfit.png","506234","MNINonLinear//Results/rfMRI_REST2_RL/rfMRI_REST2_RL_hp2000.ica/filtered_func_data.ica/report/IC_46_MMfit.png",".1m5P1d6TdXgvVZoWK02DisGVayZyF2k"
"s3://hcp-openaccess/HCP_1200/506234/MNINonLinear/Results/rfMRI_REST2_RL/rfMRI_REST2_RL_hp2000.ica/filtered_func_data.ica/report/IC_46_prob.png","506234","MNINonLinear//Results/rfMRI_REST2_RL/rfMRI_REST2_RL_hp2000.ica/filtered_func_data.ica/report/IC_46_prob.png","NSrGrGwW79A4XCfC3gUtCyi7epPYIEp."
"s3://hcp-openaccess/HCP_1200/506234/MNINonLinear/Results/rfMRI_REST2_RL/rfMRI_REST2_RL_hp2000.ica/filtered_func_data.ica/report/IC_46_thresh.png","506234","MNINonLinear//Results/rfMRI_REST2_RL/rfMRI_REST2_RL_hp2000.ica/filtered_func_data.ica/report/IC_46_thresh.png","wRp.tHWKzGrfotfUriH1_vF4Rn0k3wfH"
"s3://hcp-openaccess/HCP_1200/506234/MNINonLinear/Results/rfMRI_REST2_RL/rfMRI_REST2_RL_hp2000.ica/filtered_func_data.ica/report/IC_47.html","506234","MNINonLinear//Results/rfMRI_REST2_RL/rfMRI_REST2_RL_hp2000.ica/filtered_func_data.ica/report/IC_47.html","0le2cN_pP1YvuteyfqdCwJ6tVffnMDcl"
"s3://hcp-openaccess/HCP_1200/506234/MNINonLinear/Results/rfMRI_REST2_RL/rfMRI_REST2_RL_hp2000.ica/filtered_func_data.ica/report/IC_47.png","506234","MNINonLinear//Results/rfMRI_REST2_RL/rfMRI_REST2_RL_hp2000.ica/filtered_func_data.ica/report/IC_47.png","latebwl7xw4nQP3mtrdzK7rEg2lu9Q09"
"s3://hcp-openaccess/HCP_1200/506234/MNINonLinear/Results/rfMRI_REST2_RL/rfMRI_REST2_RL_hp2000.ica/filtered_func_data.ica/report/IC_47_MM.html","506234","MNINonLinear//Results/rfMRI_REST2_RL/rfMRI_REST2_RL_hp2000.ica/filtered_func_data.ica/report/IC_47_MM.html","3cMIwvVSTEOZqEj5z6Ye52tZ_sCY2sX_"
"s3://hcp-openaccess/HCP_1200/506234/MNINonLinear/Results/rfMRI_REST2_RL/rfMRI_REST2_RL_hp2000.ica/filtered_func_data.ica/report/IC_47_MMfit.png","506234","MNINonLinear//Results/rfMRI_REST2_RL/rfMRI_REST2_RL_hp2000.ica/filtered_func_data.ica/report/IC_47_MMfit.png","4QVfWHXqwwEnfxAQIaFIZt9WsBw.LKf6"
"s3://hcp-openaccess/HCP_1200/506234/MNINonLinear/Results/rfMRI_REST2_RL/rfMRI_REST2_RL_hp2000.ica/filtered_func_data.ica/report/IC_47_prob.png","506234","MNINonLinear//Results/rfMRI_REST2_RL/rfMRI_REST2_RL_hp2000.ica/filtered_func_data.ica/report/IC_47_prob.png","hC64Nd1BZb_kQRUKSkJkZh9O.JRXFP1_"
"s3://hcp-openaccess/HCP_1200/506234/MNINonLinear/Results/rfMRI_REST2_RL/rfMRI_REST2_RL_hp2000.ica/filtered_func_data.ica/report/IC_47_thresh.png","506234","MNINonLinear//Results/rfMRI_REST2_RL/rfMRI_REST2_RL_hp2000.ica/filtered_func_data.ica/report/IC_47_thresh.png","kXLu0D94X0jUQ_cKqzBROFeNddKaNxib"
"s3://hcp-openaccess/HCP_1200/506234/MNINonLinear/Results/rfMRI_REST2_RL/rfMRI_REST2_RL_hp2000.ica/filtered_func_data.ica/report/IC_48.html","506234","MNINonLinear//Results/rfMRI_REST2_RL/rfMRI_REST2_RL_hp2000.ica/filtered_func_data.ica/report/IC_48.html","3upQWKgXszIgs2Khvmr9zCQTZgnfZqi9"
"s3://hcp-openaccess/HCP_1200/506234/MNINonLinear/Results/rfMRI_REST2_RL/rfMRI_REST2_RL_hp2000.ica/filtered_func_data.ica/report/IC_48.png","506234","MNINonLinear//Results/rfMRI_REST2_RL/rfMRI_REST2_RL_hp2000.ica/filtered_func_data.ica/report/IC_48.png","DY2R89q_HbTz.54f2i7k9OA5VBch3M8p"
"s3://hcp-openaccess/HCP_1200/506234/MNINonLinear/Results/rfMRI_REST2_RL/rfMRI_REST2_RL_hp2000.ica/filtered_func_data.ica/report/IC_48_MM.html","506234","MNINonLinear//Results/rfMRI_REST2_RL/rfMRI_REST2_RL_hp2000.ica/filtered_func_data.ica/report/IC_48_MM.html","a_d2EuPIZv4nAdqS6QBqopEIqyLAc9mb"
"s3://hcp-openaccess/HCP_1200/506234/MNINonLinear/Results/rfMRI_REST2_RL/rfMRI_REST2_RL_hp2000.ica/filtered_func_data.ica/report/IC_48_MMfit.png","506234","MNINonLinear//Results/rfMRI_REST2_RL/rfMRI_REST2_RL_hp2000.ica/filtered_func_data.ica/report/IC_48_MMfit.png","x1EhvuNOAgubp519iiNqHcgHMAgIpqA0"
"s3://hcp-openaccess/HCP_1200/506234/MNINonLinear/Results/rfMRI_REST2_RL/rfMRI_REST2_RL_hp2000.ica/filtered_func_data.ica/report/IC_48_prob.png","506234","MNINonLinear//Results/rfMRI_REST2_RL/rfMRI_REST2_RL_hp2000.ica/filtered_func_data.ica/report/IC_48_prob.png","xkt2Ssbi3B.lDhRxFW.ZrTV_zoloZlYH"
"s3://hcp-openaccess/HCP_1200/506234/MNINonLinear/Results/rfMRI_REST2_RL/rfMRI_REST2_RL_hp2000.ica/filtered_func_data.ica/report/IC_48_thresh.png","506234","MNINonLinear//Results/rfMRI_REST2_RL/rfMRI_REST2_RL_hp2000.ica/filtered_func_data.ica/report/IC_48_thresh.png","NBkoofP7Obbhd3GiluST2cfgbXmAmsg2"
"s3://hcp-openaccess/HCP_1200/506234/MNINonLinear/Results/rfMRI_REST2_RL/rfMRI_REST2_RL_hp2000.ica/filtered_func_data.ica/report/IC_49.html","506234","MNINonLinear//Results/rfMRI_REST2_RL/rfMRI_REST2_RL_hp2000.ica/filtered_func_data.ica/report/IC_49.html","oPlaBrr7ItIDpdqNNCft.W1cY9YNFcIQ"
"s3://hcp-openaccess/HCP_1200/506234/MNINonLinear/Results/rfMRI_REST2_RL/rfMRI_REST2_RL_hp2000.ica/filtered_func_data.ica/report/IC_49.png","506234","MNINonLinear//Results/rfMRI_REST2_RL/rfMRI_REST2_RL_hp2000.ica/filtered_func_data.ica/report/IC_49.png","kOa5YAhdsaDofPkZIARuQQt5KXfKHeLl"
"s3://hcp-openaccess/HCP_1200/506234/MNINonLinear/Results/rfMRI_REST2_RL/rfMRI_REST2_RL_hp2000.ica/filtered_func_data.ica/report/IC_49_MM.html","506234","MNINonLinear//Results/rfMRI_REST2_RL/rfMRI_REST2_RL_hp2000.ica/filtered_func_data.ica/report/IC_49_MM.html","fNtwif35_D0zGO__w.ZqMr09_I3Y.1mg"
"s3://hcp-openaccess/HCP_1200/506234/MNINonLinear/Results/rfMRI_REST2_RL/rfMRI_REST2_RL_hp2000.ica/filtered_func_data.ica/report/IC_49_MMfit.png","506234","MNINonLinear//Results/rfMRI_REST2_RL/rfMRI_REST2_RL_hp2000.ica/filtered_func_data.ica/report/IC_49_MMfit.png","0iOaLPYynU2zSH_a2EHciOyhzKNC58M5"
"s3://hcp-openaccess/HCP_1200/506234/MNINonLinear/Results/rfMRI_REST2_RL/rfMRI_REST2_RL_hp2000.ica/filtered_func_data.ica/report/IC_49_prob.png","506234","MNINonLinear//Results/rfMRI_REST2_RL/rfMRI_REST2_RL_hp2000.ica/filtered_func_data.ica/report/IC_49_prob.png","5E29OGpN.5TqYm258P0HFufj66NKhTKw"
"s3://hcp-openaccess/HCP_1200/506234/MNINonLinear/Results/rfMRI_REST2_RL/rfMRI_REST2_RL_hp2000.ica/filtered_func_data.ica/report/IC_49_thresh.png","506234","MNINonLinear//Results/rfMRI_REST2_RL/rfMRI_REST2_RL_hp2000.ica/filtered_func_data.ica/report/IC_49_thresh.png","uD4CZkcLTY70mZLiL6uDJRqzb6Zp6ruP"
"s3://hcp-openaccess/HCP_1200/506234/MNINonLinear/Results/rfMRI_REST2_RL/rfMRI_REST2_RL_hp2000.ica/filtered_func_data.ica/report/IC_4_MM.html","506234","MNINonLinear//Results/rfMRI_REST2_RL/rfMRI_REST2_RL_hp2000.ica/filtered_func_data.ica/report/IC_4_MM.html","l3TxxzZOEKe56hDs5h847LuaGwzuy4kl"
"s3://hcp-openaccess/HCP_1200/506234/MNINonLinear/Results/rfMRI_REST2_RL/rfMRI_REST2_RL_hp2000.ica/filtered_func_data.ica/report/IC_4_MMfit.png","506234","MNINonLinear//Results/rfMRI_REST2_RL/rfMRI_REST2_RL_hp2000.ica/filtered_func_data.ica/report/IC_4_MMfit.png","YO31rtuAWDC0DCeKvDIwiZFelXyxIC6X"
"s3://hcp-openaccess/HCP_1200/506234/MNINonLinear/Results/rfMRI_REST2_RL/rfMRI_REST2_RL_hp2000.ica/filtered_func_data.ica/report/IC_4_prob.png","506234","MNINonLinear//Results/rfMRI_REST2_RL/rfMRI_REST2_RL_hp2000.ica/filtered_func_data.ica/report/IC_4_prob.png","wushfjItUwSgQPFdVd5oJbG2cNhuwlF3"
"s3://hcp-openaccess/HCP_1200/506234/MNINonLinear/Results/rfMRI_REST2_RL/rfMRI_REST2_RL_hp2000.ica/filtered_func_data.ica/report/IC_4_thresh.png","506234","MNINonLinear//Results/rfMRI_REST2_RL/rfMRI_REST2_RL_hp2000.ica/filtered_func_data.ica/report/IC_4_thresh.png","PlWPC.bY8Wagg.U6rLRC1b7WfVtrOVnK"
"s3://hcp-openaccess/HCP_1200/506234/MNINonLinear/Results/rfMRI_REST2_RL/rfMRI_REST2_RL_hp2000.ica/filtered_func_data.ica/report/IC_5.html","506234","MNINonLinear//Results/rfMRI_REST2_RL/rfMRI_REST2_RL_hp2000.ica/filtered_func_data.ica/report/IC_5.html","CEloMUxy_niPPFrNgdspqyAuBZ0LAB7m"
"s3://hcp-openaccess/HCP_1200/506234/MNINonLinear/Results/rfMRI_REST2_RL/rfMRI_REST2_RL_hp2000.ica/filtered_func_data.ica/report/IC_5.png","506234","MNINonLinear//Results/rfMRI_REST2_RL/rfMRI_REST2_RL_hp2000.ica/filtered_func_data.ica/report/IC_5.png","hE1_YcSGzBhV0B3cwT0A3wX80Ih9TFvJ"
"s3://hcp-openaccess/HCP_1200/506234/MNINonLinear/Results/rfMRI_REST2_RL/rfMRI_REST2_RL_hp2000.ica/filtered_func_data.ica/report/IC_50.html","506234","MNINonLinear//Results/rfMRI_REST2_RL/rfMRI_REST2_RL_hp2000.ica/filtered_func_data.ica/report/IC_50.html","Y8bpNJfg6JnCj1aDwPYfS.LPFJ.udFfi"
"s3://hcp-openaccess/HCP_1200/506234/MNINonLinear/Results/rfMRI_REST2_RL/rfMRI_REST2_RL_hp2000.ica/filtered_func_data.ica/report/IC_50.png","506234","MNINonLinear//Results/rfMRI_REST2_RL/rfMRI_REST2_RL_hp2000.ica/filtered_func_data.ica/report/IC_50.png","QjGMdwmwTYMsT8mMUhRyqI9ef3dlkA_S"
"s3://hcp-openaccess/HCP_1200/506234/MNINonLinear/Results/rfMRI_REST2_RL/rfMRI_REST2_RL_hp2000.ica/filtered_func_data.ica/report/IC_50_MM.html","506234","MNINonLinear//Results/rfMRI_REST2_RL/rfMRI_REST2_RL_hp2000.ica/filtered_func_data.ica/report/IC_50_MM.html","5mXKnVMIKNNa7O_wDzvsvsMMiGPdMbx1"
"s3://hcp-openaccess/HCP_1200/506234/MNINonLinear/Results/rfMRI_REST2_RL/rfMRI_REST2_RL_hp2000.ica/filtered_func_data.ica/report/IC_50_MMfit.png","506234","MNINonLinear//Results/rfMRI_REST2_RL/rfMRI_REST2_RL_hp2000.ica/filtered_func_data.ica/report/IC_50_MMfit.png","_3PMwplWZ6hsj6vPV3bu0.ypIILxmteT"
"s3://hcp-openaccess/HCP_1200/506234/MNINonLinear/Results/rfMRI_REST2_RL/rfMRI_REST2_RL_hp2000.ica/filtered_func_data.ica/report/IC_50_prob.png","506234","MNINonLinear//Results/rfMRI_REST2_RL/rfMRI_REST2_RL_hp2000.ica/filtered_func_data.ica/report/IC_50_prob.png","tNmjcL.ujHf3sfNe3FWysIcKjbcQzekc"
"s3://hcp-openaccess/HCP_1200/506234/MNINonLinear/Results/rfMRI_REST2_RL/rfMRI_REST2_RL_hp2000.ica/filtered_func_data.ica/report/IC_50_thresh.png","506234","MNINonLinear//Results/rfMRI_REST2_RL/rfMRI_REST2_RL_hp2000.ica/filtered_func_data.ica/report/IC_50_thresh.png","RQy7uTLbv1zX3PXNa.hJ5V9EfIIOTcAf"
"s3://hcp-openaccess/HCP_1200/506234/MNINonLinear/Results/rfMRI_REST2_RL/rfMRI_REST2_RL_hp2000.ica/filtered_func_data.ica/report/IC_51.html","506234","MNINonLinear//Results/rfMRI_REST2_RL/rfMRI_REST2_RL_hp2000.ica/filtered_func_data.ica/report/IC_51.html","F2b3aFTs_whivhTOAzKyQBJlQqsh7JO2"
"s3://hcp-openaccess/HCP_1200/506234/MNINonLinear/Results/rfMRI_REST2_RL/rfMRI_REST2_RL_hp2000.ica/filtered_func_data.ica/report/IC_51.png","506234","MNINonLinear//Results/rfMRI_REST2_RL/rfMRI_REST2_RL_hp2000.ica/filtered_func_data.ica/report/IC_51.png","JgZSLnSQ9WS3Rx8xZgVvw6hZdBdtc8RW"
"s3://hcp-openaccess/HCP_1200/506234/MNINonLinear/Results/rfMRI_REST2_RL/rfMRI_REST2_RL_hp2000.ica/filtered_func_data.ica/report/IC_51_MM.html","506234","MNINonLinear//Results/rfMRI_REST2_RL/rfMRI_REST2_RL_hp2000.ica/filtered_func_data.ica/report/IC_51_MM.html","MgJNc7WUnumUfhM.C9GSwX3FXi_7dayN"
"s3://hcp-openaccess/HCP_1200/506234/MNINonLinear/Results/rfMRI_REST2_RL/rfMRI_REST2_RL_hp2000.ica/filtered_func_data.ica/report/IC_51_MMfit.png","506234","MNINonLinear//Results/rfMRI_REST2_RL/rfMRI_REST2_RL_hp2000.ica/filtered_func_data.ica/report/IC_51_MMfit.png","JITcyhrdc6FgAjw.az0JVpqQ9n7G3Duq"
"s3://hcp-openaccess/HCP_1200/506234/MNINonLinear/Results/rfMRI_REST2_RL/rfMRI_REST2_RL_hp2000.ica/filtered_func_data.ica/report/IC_51_prob.png","506234","MNINonLinear//Results/rfMRI_REST2_RL/rfMRI_REST2_RL_hp2000.ica/filtered_func_data.ica/report/IC_51_prob.png","ELVq7nin_JQh07BntoJrMzYI5wwdwsf0"
"s3://hcp-openaccess/HCP_1200/506234/MNINonLinear/Results/rfMRI_REST2_RL/rfMRI_REST2_RL_hp2000.ica/filtered_func_data.ica/report/IC_51_thresh.png","506234","MNINonLinear//Results/rfMRI_REST2_RL/rfMRI_REST2_RL_hp2000.ica/filtered_func_data.ica/report/IC_51_thresh.png","wcSG_Yf6MMhzkQl25T70Bl23CD7OeH67"
"s3://hcp-openaccess/HCP_1200/506234/MNINonLinear/Results/rfMRI_REST2_RL/rfMRI_REST2_RL_hp2000.ica/filtered_func_data.ica/report/IC_52.html","506234","MNINonLinear//Results/rfMRI_REST2_RL/rfMRI_REST2_RL_hp2000.ica/filtered_func_data.ica/report/IC_52.html","PTL8eIzztQEbIA1OXV8aqFeGuTUZsPLp"
"s3://hcp-openaccess/HCP_1200/506234/MNINonLinear/Results/rfMRI_REST2_RL/rfMRI_REST2_RL_hp2000.ica/filtered_func_data.ica/report/IC_52.png","506234","MNINonLinear//Results/rfMRI_REST2_RL/rfMRI_REST2_RL_hp2000.ica/filtered_func_data.ica/report/IC_52.png","ZIOmonJXWjpmyhICgV7gzKCFHEOf08oX"
"s3://hcp-openaccess/HCP_1200/506234/MNINonLinear/Results/rfMRI_REST2_RL/rfMRI_REST2_RL_hp2000.ica/filtered_func_data.ica/report/IC_52_MM.html","506234","MNINonLinear//Results/rfMRI_REST2_RL/rfMRI_REST2_RL_hp2000.ica/filtered_func_data.ica/report/IC_52_MM.html","zx7pbnCyo3h.ohH9o5EEibjOT4hZzMw4"
"s3://hcp-openaccess/HCP_1200/506234/MNINonLinear/Results/rfMRI_REST2_RL/rfMRI_REST2_RL_hp2000.ica/filtered_func_data.ica/report/IC_52_MMfit.png","506234","MNINonLinear//Results/rfMRI_REST2_RL/rfMRI_REST2_RL_hp2000.ica/filtered_func_data.ica/report/IC_52_MMfit.png","DxR_wFmpz.xDo6__4KE1Ks.4bi24KY8a"
"s3://hcp-openaccess/HCP_1200/506234/MNINonLinear/Results/rfMRI_REST2_RL/rfMRI_REST2_RL_hp2000.ica/filtered_func_data.ica/report/IC_52_prob.png","506234","MNINonLinear//Results/rfMRI_REST2_RL/rfMRI_REST2_RL_hp2000.ica/filtered_func_data.ica/report/IC_52_prob.png","yt83SKd.vU9LqXaMpiCVZ2YJ3cFXkXmM"
"s3://hcp-openaccess/HCP_1200/506234/MNINonLinear/Results/rfMRI_REST2_RL/rfMRI_REST2_RL_hp2000.ica/filtered_func_data.ica/report/IC_52_thresh.png","506234","MNINonLinear//Results/rfMRI_REST2_RL/rfMRI_REST2_RL_hp2000.ica/filtered_func_data.ica/report/IC_52_thresh.png","n8iyo1gwtCzahK2tgh77mcjOFJHGlbTe"
"s3://hcp-openaccess/HCP_1200/506234/MNINonLinear/Results/rfMRI_REST2_RL/rfMRI_REST2_RL_hp2000.ica/filtered_func_data.ica/report/IC_53.html","506234","MNINonLinear//Results/rfMRI_REST2_RL/rfMRI_REST2_RL_hp2000.ica/filtered_func_data.ica/report/IC_53.html","6hfs5EVFX2UPG6Sp_KM7pzOtleos3D8N"
"s3://hcp-openaccess/HCP_1200/506234/MNINonLinear/Results/rfMRI_REST2_RL/rfMRI_REST2_RL_hp2000.ica/filtered_func_data.ica/report/IC_53.png","506234","MNINonLinear//Results/rfMRI_REST2_RL/rfMRI_REST2_RL_hp2000.ica/filtered_func_data.ica/report/IC_53.png","IrXXwAdSolS00.tfUMlIC2igqq5.U6yH"
"s3://hcp-openaccess/HCP_1200/506234/MNINonLinear/Results/rfMRI_REST2_RL/rfMRI_REST2_RL_hp2000.ica/filtered_func_data.ica/report/IC_53_MM.html","506234","MNINonLinear//Results/rfMRI_REST2_RL/rfMRI_REST2_RL_hp2000.ica/filtered_func_data.ica/report/IC_53_MM.html","KCNAZk0ZhMr00tVCZQ4dW.8ZsIQua9gg"
"s3://hcp-openaccess/HCP_1200/506234/MNINonLinear/Results/rfMRI_REST2_RL/rfMRI_REST2_RL_hp2000.ica/filtered_func_data.ica/report/IC_53_MMfit.png","506234","MNINonLinear//Results/rfMRI_REST2_RL/rfMRI_REST2_RL_hp2000.ica/filtered_func_data.ica/report/IC_53_MMfit.png","ZzfOZ0O0Qn1UObX9SuVD0nRWlIRtal_P"
"s3://hcp-openaccess/HCP_1200/506234/MNINonLinear/Results/rfMRI_REST2_RL/rfMRI_REST2_RL_hp2000.ica/filtered_func_data.ica/report/IC_53_prob.png","506234","MNINonLinear//Results/rfMRI_REST2_RL/rfMRI_REST2_RL_hp2000.ica/filtered_func_data.ica/report/IC_53_prob.png","F4AEXpYCD_sOGTFeKMJUOcLbIGR2PiSr"
"s3://hcp-openaccess/HCP_1200/506234/MNINonLinear/Results/rfMRI_REST2_RL/rfMRI_REST2_RL_hp2000.ica/filtered_func_data.ica/report/IC_53_thresh.png","506234","MNINonLinear//Results/rfMRI_REST2_RL/rfMRI_REST2_RL_hp2000.ica/filtered_func_data.ica/report/IC_53_thresh.png","7m8jyRv13aHcUQWUNf4p4WdbA7Fd1LOl"
"s3://hcp-openaccess/HCP_1200/506234/MNINonLinear/Results/rfMRI_REST2_RL/rfMRI_REST2_RL_hp2000.ica/filtered_func_data.ica/report/IC_54.html","506234","MNINonLinear//Results/rfMRI_REST2_RL/rfMRI_REST2_RL_hp2000.ica/filtered_func_data.ica/report/IC_54.html","Vm4nVfPdDTmPSwFMJglwttMupCAFlROD"
"s3://hcp-openaccess/HCP_1200/506234/MNINonLinear/Results/rfMRI_REST2_RL/rfMRI_REST2_RL_hp2000.ica/filtered_func_data.ica/report/IC_54.png","506234","MNINonLinear//Results/rfMRI_REST2_RL/rfMRI_REST2_RL_hp2000.ica/filtered_func_data.ica/report/IC_54.png","SwkUfPkJxOhLSpkYYva0_LpmpNYKJZbU"
"s3://hcp-openaccess/HCP_1200/506234/MNINonLinear/Results/rfMRI_REST2_RL/rfMRI_REST2_RL_hp2000.ica/filtered_func_data.ica/report/IC_54_MM.html","506234","MNINonLinear//Results/rfMRI_REST2_RL/rfMRI_REST2_RL_hp2000.ica/filtered_func_data.ica/report/IC_54_MM.html","2Rnxy7folkmFmMPtra5WHxoM0z.T9YoD"
"s3://hcp-openaccess/HCP_1200/506234/MNINonLinear/Results/rfMRI_REST2_RL/rfMRI_REST2_RL_hp2000.ica/filtered_func_data.ica/report/IC_54_MMfit.png","506234","MNINonLinear//Results/rfMRI_REST2_RL/rfMRI_REST2_RL_hp2000.ica/filtered_func_data.ica/report/IC_54_MMfit.png","9eyNxAlZxWveIZ4T2TZaPDGYUFtZEZSL"
"s3://hcp-openaccess/HCP_1200/506234/MNINonLinear/Results/rfMRI_REST2_RL/rfMRI_REST2_RL_hp2000.ica/filtered_func_data.ica/report/IC_54_prob.png","506234","MNINonLinear//Results/rfMRI_REST2_RL/rfMRI_REST2_RL_hp2000.ica/filtered_func_data.ica/report/IC_54_prob.png","du.e5Q3bDinoAwQ8Uy3W1QZa_6GXFU7w"
"s3://hcp-openaccess/HCP_1200/506234/MNINonLinear/Results/rfMRI_REST2_RL/rfMRI_REST2_RL_hp2000.ica/filtered_func_data.ica/report/IC_54_thresh.png","506234","MNINonLinear//Results/rfMRI_REST2_RL/rfMRI_REST2_RL_hp2000.ica/filtered_func_data.ica/report/IC_54_thresh.png","bYqJW8cy5EMyP_rbEauNtD0tKMG.TBcN"
"s3://hcp-openaccess/HCP_1200/506234/MNINonLinear/Results/rfMRI_REST2_RL/rfMRI_REST2_RL_hp2000.ica/filtered_func_data.ica/report/IC_55.html","506234","MNINonLinear//Results/rfMRI_REST2_RL/rfMRI_REST2_RL_hp2000.ica/filtered_func_data.ica/report/IC_55.html","3pv5Oi9pwuakDVqZfZQoC_BAlz9BQfu."
"s3://hcp-openaccess/HCP_1200/506234/MNINonLinear/Results/rfMRI_REST2_RL/rfMRI_REST2_RL_hp2000.ica/filtered_func_data.ica/report/IC_55.png","506234","MNINonLinear//Results/rfMRI_REST2_RL/rfMRI_REST2_RL_hp2000.ica/filtered_func_data.ica/report/IC_55.png","e77KRUQ7J7vYgS7goH0qO9pf6Al8GzMQ"
"s3://hcp-openaccess/HCP_1200/506234/MNINonLinear/Results/rfMRI_REST2_RL/rfMRI_REST2_RL_hp2000.ica/filtered_func_data.ica/report/IC_55_MM.html","506234","MNINonLinear//Results/rfMRI_REST2_RL/rfMRI_REST2_RL_hp2000.ica/filtered_func_data.ica/report/IC_55_MM.html","Pp9SrLK4lMf.zgrbNlATMtN6p6VLEHEa"
"s3://hcp-openaccess/HCP_1200/506234/MNINonLinear/Results/rfMRI_REST2_RL/rfMRI_REST2_RL_hp2000.ica/filtered_func_data.ica/report/IC_55_MMfit.png","506234","MNINonLinear//Results/rfMRI_REST2_RL/rfMRI_REST2_RL_hp2000.ica/filtered_func_data.ica/report/IC_55_MMfit.png","JZFmFozH8uDqR5EWzPht80KjwkQrTnCC"
"s3://hcp-openaccess/HCP_1200/506234/MNINonLinear/Results/rfMRI_REST2_RL/rfMRI_REST2_RL_hp2000.ica/filtered_func_data.ica/report/IC_55_prob.png","506234","MNINonLinear//Results/rfMRI_REST2_RL/rfMRI_REST2_RL_hp2000.ica/filtered_func_data.ica/report/IC_55_prob.png","x0_ebbJ7nuLhM6mXAXfskZryBtbgabap"
"s3://hcp-openaccess/HCP_1200/506234/MNINonLinear/Results/rfMRI_REST2_RL/rfMRI_REST2_RL_hp2000.ica/filtered_func_data.ica/report/IC_55_thresh.png","506234","MNINonLinear//Results/rfMRI_REST2_RL/rfMRI_REST2_RL_hp2000.ica/filtered_func_data.ica/report/IC_55_thresh.png","6s8A80Zgdk2wLlmCfaAJDDpXKyFoPNcD"
"s3://hcp-openaccess/HCP_1200/506234/MNINonLinear/Results/rfMRI_REST2_RL/rfMRI_REST2_RL_hp2000.ica/filtered_func_data.ica/report/IC_56.html","506234","MNINonLinear//Results/rfMRI_REST2_RL/rfMRI_REST2_RL_hp2000.ica/filtered_func_data.ica/report/IC_56.html","3scMGiw3GB4z_hcPgzKgrzdZAKHWdxdC"
"s3://hcp-openaccess/HCP_1200/506234/MNINonLinear/Results/rfMRI_REST2_RL/rfMRI_REST2_RL_hp2000.ica/filtered_func_data.ica/report/IC_56.png","506234","MNINonLinear//Results/rfMRI_REST2_RL/rfMRI_REST2_RL_hp2000.ica/filtered_func_data.ica/report/IC_56.png","BphM_VmNb1MThIgjdp8vSjXSCQxACZgw"
"s3://hcp-openaccess/HCP_1200/506234/MNINonLinear/Results/rfMRI_REST2_RL/rfMRI_REST2_RL_hp2000.ica/filtered_func_data.ica/report/IC_56_MM.html","506234","MNINonLinear//Results/rfMRI_REST2_RL/rfMRI_REST2_RL_hp2000.ica/filtered_func_data.ica/report/IC_56_MM.html","NcGs9oH2JjVJkHIlBMaxB.o5mSbkwOqq"
"s3://hcp-openaccess/HCP_1200/506234/MNINonLinear/Results/rfMRI_REST2_RL/rfMRI_REST2_RL_hp2000.ica/filtered_func_data.ica/report/IC_56_MMfit.png","506234","MNINonLinear//Results/rfMRI_REST2_RL/rfMRI_REST2_RL_hp2000.ica/filtered_func_data.ica/report/IC_56_MMfit.png","7y2qrOooE_DidtzVnaQEFP8Cr20aPend"
"s3://hcp-openaccess/HCP_1200/506234/MNINonLinear/Results/rfMRI_REST2_RL/rfMRI_REST2_RL_hp2000.ica/filtered_func_data.ica/report/IC_56_prob.png","506234","MNINonLinear//Results/rfMRI_REST2_RL/rfMRI_REST2_RL_hp2000.ica/filtered_func_data.ica/report/IC_56_prob.png","BnNwp1s5q64jMnre3MszGcwOe5zV6w2l"
"s3://hcp-openaccess/HCP_1200/506234/MNINonLinear/Results/rfMRI_REST2_RL/rfMRI_REST2_RL_hp2000.ica/filtered_func_data.ica/report/IC_56_thresh.png","506234","MNINonLinear//Results/rfMRI_REST2_RL/rfMRI_REST2_RL_hp2000.ica/filtered_func_data.ica/report/IC_56_thresh.png","Q1.j1C.wVOmdmmZuaMmMv_EcpEip8RVu"
"s3://hcp-openaccess/HCP_1200/506234/MNINonLinear/Results/rfMRI_REST2_RL/rfMRI_REST2_RL_hp2000.ica/filtered_func_data.ica/report/IC_57.html","506234","MNINonLinear//Results/rfMRI_REST2_RL/rfMRI_REST2_RL_hp2000.ica/filtered_func_data.ica/report/IC_57.html","QlLdBO1iqq7xKFT38l_3PNn9Hz69HPMM"
"s3://hcp-openaccess/HCP_1200/506234/MNINonLinear/Results/rfMRI_REST2_RL/rfMRI_REST2_RL_hp2000.ica/filtered_func_data.ica/report/IC_57.png","506234","MNINonLinear//Results/rfMRI_REST2_RL/rfMRI_REST2_RL_hp2000.ica/filtered_func_data.ica/report/IC_57.png","427rjXfrklPpYCTHOLp8Sl1GezvyW9UN"
"s3://hcp-openaccess/HCP_1200/506234/MNINonLinear/Results/rfMRI_REST2_RL/rfMRI_REST2_RL_hp2000.ica/filtered_func_data.ica/report/IC_57_MM.html","506234","MNINonLinear//Results/rfMRI_REST2_RL/rfMRI_REST2_RL_hp2000.ica/filtered_func_data.ica/report/IC_57_MM.html","eEz6w2IMavicYI0.piHnTy1LPi7IEE1D"
"s3://hcp-openaccess/HCP_1200/506234/MNINonLinear/Results/rfMRI_REST2_RL/rfMRI_REST2_RL_hp2000.ica/filtered_func_data.ica/report/IC_57_MMfit.png","506234","MNINonLinear//Results/rfMRI_REST2_RL/rfMRI_REST2_RL_hp2000.ica/filtered_func_data.ica/report/IC_57_MMfit.png","ZlqPCLAX36qckdAU7RD9Y9v9D8vF0mMY"
"s3://hcp-openaccess/HCP_1200/506234/MNINonLinear/Results/rfMRI_REST2_RL/rfMRI_REST2_RL_hp2000.ica/filtered_func_data.ica/report/IC_57_prob.png","506234","MNINonLinear//Results/rfMRI_REST2_RL/rfMRI_REST2_RL_hp2000.ica/filtered_func_data.ica/report/IC_57_prob.png","UqgH1SRKYEMnxXSbPRlWBPRu23ztSryA"
"s3://hcp-openaccess/HCP_1200/506234/MNINonLinear/Results/rfMRI_REST2_RL/rfMRI_REST2_RL_hp2000.ica/filtered_func_data.ica/report/IC_57_thresh.png","506234","MNINonLinear//Results/rfMRI_REST2_RL/rfMRI_REST2_RL_hp2000.ica/filtered_func_data.ica/report/IC_57_thresh.png","PvwCfHxZHEp91Se80r2MJ.bMS8pnPgbj"
"s3://hcp-openaccess/HCP_1200/506234/MNINonLinear/Results/rfMRI_REST2_RL/rfMRI_REST2_RL_hp2000.ica/filtered_func_data.ica/report/IC_58.html","506234","MNINonLinear//Results/rfMRI_REST2_RL/rfMRI_REST2_RL_hp2000.ica/filtered_func_data.ica/report/IC_58.html","1GisADyujZrmowhj.hQMlQzAMu5afOZF"
"s3://hcp-openaccess/HCP_1200/506234/MNINonLinear/Results/rfMRI_REST2_RL/rfMRI_REST2_RL_hp2000.ica/filtered_func_data.ica/report/IC_58.png","506234","MNINonLinear//Results/rfMRI_REST2_RL/rfMRI_REST2_RL_hp2000.ica/filtered_func_data.ica/report/IC_58.png","g78.TKEdKcfJVDjWBjmUMBFjCBUcKyh_"
"s3://hcp-openaccess/HCP_1200/506234/MNINonLinear/Results/rfMRI_REST2_RL/rfMRI_REST2_RL_hp2000.ica/filtered_func_data.ica/report/IC_58_MM.html","506234","MNINonLinear//Results/rfMRI_REST2_RL/rfMRI_REST2_RL_hp2000.ica/filtered_func_data.ica/report/IC_58_MM.html","ouz6Xa2VBsqBGAZK0w4C3FNma9RYhbTQ"
"s3://hcp-openaccess/HCP_1200/506234/MNINonLinear/Results/rfMRI_REST2_RL/rfMRI_REST2_RL_hp2000.ica/filtered_func_data.ica/report/IC_58_MMfit.png","506234","MNINonLinear//Results/rfMRI_REST2_RL/rfMRI_REST2_RL_hp2000.ica/filtered_func_data.ica/report/IC_58_MMfit.png","YxBLYbYJVyD08g6mBns5MfkN3mzvEyUy"
"s3://hcp-openaccess/HCP_1200/506234/MNINonLinear/Results/rfMRI_REST2_RL/rfMRI_REST2_RL_hp2000.ica/filtered_func_data.ica/report/IC_58_prob.png","506234","MNINonLinear//Results/rfMRI_REST2_RL/rfMRI_REST2_RL_hp2000.ica/filtered_func_data.ica/report/IC_58_prob.png","6MrSYx8J8ZIzPtlfdIgX0p08P0L2pfE7"
"s3://hcp-openaccess/HCP_1200/506234/MNINonLinear/Results/rfMRI_REST2_RL/rfMRI_REST2_RL_hp2000.ica/filtered_func_data.ica/report/IC_58_thresh.png","506234","MNINonLinear//Results/rfMRI_REST2_RL/rfMRI_REST2_RL_hp2000.ica/filtered_func_data.ica/report/IC_58_thresh.png","m38NnTNTydeEThBGXK.Q.hUxcOpAP1Hc"
"s3://hcp-openaccess/HCP_1200/506234/MNINonLinear/Results/rfMRI_REST2_RL/rfMRI_REST2_RL_hp2000.ica/filtered_func_data.ica/report/IC_59.html","506234","MNINonLinear//Results/rfMRI_REST2_RL/rfMRI_REST2_RL_hp2000.ica/filtered_func_data.ica/report/IC_59.html","JJBBR0GVI5n.rTUMNePFdnjZi8q4lr8C"
"s3://hcp-openaccess/HCP_1200/506234/MNINonLinear/Results/rfMRI_REST2_RL/rfMRI_REST2_RL_hp2000.ica/filtered_func_data.ica/report/IC_59.png","506234","MNINonLinear//Results/rfMRI_REST2_RL/rfMRI_REST2_RL_hp2000.ica/filtered_func_data.ica/report/IC_59.png","O_zupGbzNQKZ8l0Bz0UczXEGSWLV3yBJ"
"s3://hcp-openaccess/HCP_1200/506234/MNINonLinear/Results/rfMRI_REST2_RL/rfMRI_REST2_RL_hp2000.ica/filtered_func_data.ica/report/IC_59_MM.html","506234","MNINonLinear//Results/rfMRI_REST2_RL/rfMRI_REST2_RL_hp2000.ica/filtered_func_data.ica/report/IC_59_MM.html","09EY.61BprKtSJAFaxp.wsvk6Yja06ZR"
"s3://hcp-openaccess/HCP_1200/506234/MNINonLinear/Results/rfMRI_REST2_RL/rfMRI_REST2_RL_hp2000.ica/filtered_func_data.ica/report/IC_59_MMfit.png","506234","MNINonLinear//Results/rfMRI_REST2_RL/rfMRI_REST2_RL_hp2000.ica/filtered_func_data.ica/report/IC_59_MMfit.png","XWFsxwkRHlRDUVeHmuDSw5LomACODHrG"
"s3://hcp-openaccess/HCP_1200/506234/MNINonLinear/Results/rfMRI_REST2_RL/rfMRI_REST2_RL_hp2000.ica/filtered_func_data.ica/report/IC_59_prob.png","506234","MNINonLinear//Results/rfMRI_REST2_RL/rfMRI_REST2_RL_hp2000.ica/filtered_func_data.ica/report/IC_59_prob.png","bIxVaNjmoVSGrYy3GLrxRMClgdfGQhmk"
"s3://hcp-openaccess/HCP_1200/506234/MNINonLinear/Results/rfMRI_REST2_RL/rfMRI_REST2_RL_hp2000.ica/filtered_func_data.ica/report/IC_59_thresh.png","506234","MNINonLinear//Results/rfMRI_REST2_RL/rfMRI_REST2_RL_hp2000.ica/filtered_func_data.ica/report/IC_59_thresh.png","45aokeQufHxxaPLJMPxIkHGmY2IUWdEw"
"s3://hcp-openaccess/HCP_1200/506234/MNINonLinear/Results/rfMRI_REST2_RL/rfMRI_REST2_RL_hp2000.ica/filtered_func_data.ica/report/IC_5_MM.html","506234","MNINonLinear//Results/rfMRI_REST2_RL/rfMRI_REST2_RL_hp2000.ica/filtered_func_data.ica/report/IC_5_MM.html","ox56Cv_XHCKNUNOiwkVHm1X43hfxK8q9"
"s3://hcp-openaccess/HCP_1200/506234/MNINonLinear/Results/rfMRI_REST2_RL/rfMRI_REST2_RL_hp2000.ica/filtered_func_data.ica/report/IC_5_MMfit.png","506234","MNINonLinear//Results/rfMRI_REST2_RL/rfMRI_REST2_RL_hp2000.ica/filtered_func_data.ica/report/IC_5_MMfit.png","GsxZlnE8W9j96ElC3StBuJlD153hcuI8"
"s3://hcp-openaccess/HCP_1200/506234/MNINonLinear/Results/rfMRI_REST2_RL/rfMRI_REST2_RL_hp2000.ica/filtered_func_data.ica/report/IC_5_prob.png","506234","MNINonLinear//Results/rfMRI_REST2_RL/rfMRI_REST2_RL_hp2000.ica/filtered_func_data.ica/report/IC_5_prob.png","khxPRvqE_d5kaxMnMEb7T7l8vTugwAEJ"
"s3://hcp-openaccess/HCP_1200/506234/MNINonLinear/Results/rfMRI_REST2_RL/rfMRI_REST2_RL_hp2000.ica/filtered_func_data.ica/report/IC_5_thresh.png","506234","MNINonLinear//Results/rfMRI_REST2_RL/rfMRI_REST2_RL_hp2000.ica/filtered_func_data.ica/report/IC_5_thresh.png","LrZHWipfQhNpneKGriwWkMbtMOp5oDIX"
"s3://hcp-openaccess/HCP_1200/506234/MNINonLinear/Results/rfMRI_REST2_RL/rfMRI_REST2_RL_hp2000.ica/filtered_func_data.ica/report/IC_6.html","506234","MNINonLinear//Results/rfMRI_REST2_RL/rfMRI_REST2_RL_hp2000.ica/filtered_func_data.ica/report/IC_6.html","u8rSI34Q_wPmsF3GE8mtidb8p86LTNjS"
"s3://hcp-openaccess/HCP_1200/506234/MNINonLinear/Results/rfMRI_REST2_RL/rfMRI_REST2_RL_hp2000.ica/filtered_func_data.ica/report/IC_6.png","506234","MNINonLinear//Results/rfMRI_REST2_RL/rfMRI_REST2_RL_hp2000.ica/filtered_func_data.ica/report/IC_6.png","uKEZgoI2QkudjWJfu4d1TsQgCiRCQW.M"
"s3://hcp-openaccess/HCP_1200/506234/MNINonLinear/Results/rfMRI_REST2_RL/rfMRI_REST2_RL_hp2000.ica/filtered_func_data.ica/report/IC_60.html","506234","MNINonLinear//Results/rfMRI_REST2_RL/rfMRI_REST2_RL_hp2000.ica/filtered_func_data.ica/report/IC_60.html","nlUhbnDSiXYoxt0WMgo7Tnl2ZqppD3zt"
"s3://hcp-openaccess/HCP_1200/506234/MNINonLinear/Results/rfMRI_REST2_RL/rfMRI_REST2_RL_hp2000.ica/filtered_func_data.ica/report/IC_60.png","506234","MNINonLinear//Results/rfMRI_REST2_RL/rfMRI_REST2_RL_hp2000.ica/filtered_func_data.ica/report/IC_60.png","Mua_sizE6z7wxwu4Ij2AsTR4W2lQae07"
"s3://hcp-openaccess/HCP_1200/506234/MNINonLinear/Results/rfMRI_REST2_RL/rfMRI_REST2_RL_hp2000.ica/filtered_func_data.ica/report/IC_60_MM.html","506234","MNINonLinear//Results/rfMRI_REST2_RL/rfMRI_REST2_RL_hp2000.ica/filtered_func_data.ica/report/IC_60_MM.html","rwLSdOvQFEiClJEahsPGQUdG08StrVTE"
"s3://hcp-openaccess/HCP_1200/506234/MNINonLinear/Results/rfMRI_REST2_RL/rfMRI_REST2_RL_hp2000.ica/filtered_func_data.ica/report/IC_60_MMfit.png","506234","MNINonLinear//Results/rfMRI_REST2_RL/rfMRI_REST2_RL_hp2000.ica/filtered_func_data.ica/report/IC_60_MMfit.png","6QKRDKG.BcPzedjfwVH3wRxmpOGUdDJ1"
"s3://hcp-openaccess/HCP_1200/506234/MNINonLinear/Results/rfMRI_REST2_RL/rfMRI_REST2_RL_hp2000.ica/filtered_func_data.ica/report/IC_60_prob.png","506234","MNINonLinear//Results/rfMRI_REST2_RL/rfMRI_REST2_RL_hp2000.ica/filtered_func_data.ica/report/IC_60_prob.png","BaZHS0o9edIjJZ_ZaojV8ZVz25OBx3Qp"
"s3://hcp-openaccess/HCP_1200/506234/MNINonLinear/Results/rfMRI_REST2_RL/rfMRI_REST2_RL_hp2000.ica/filtered_func_data.ica/report/IC_60_thresh.png","506234","MNINonLinear//Results/rfMRI_REST2_RL/rfMRI_REST2_RL_hp2000.ica/filtered_func_data.ica/report/IC_60_thresh.png","7Ue8POUa8kwfyl6dKr6JnApaLCRmuoC1"
"s3://hcp-openaccess/HCP_1200/506234/MNINonLinear/Results/rfMRI_REST2_RL/rfMRI_REST2_RL_hp2000.ica/filtered_func_data.ica/report/IC_61.html","506234","MNINonLinear//Results/rfMRI_REST2_RL/rfMRI_REST2_RL_hp2000.ica/filtered_func_data.ica/report/IC_61.html","Cvz6fhB3WWy30YfPmNnWgYIa2dmefK0V"
"s3://hcp-openaccess/HCP_1200/506234/MNINonLinear/Results/rfMRI_REST2_RL/rfMRI_REST2_RL_hp2000.ica/filtered_func_data.ica/report/IC_61.png","506234","MNINonLinear//Results/rfMRI_REST2_RL/rfMRI_REST2_RL_hp2000.ica/filtered_func_data.ica/report/IC_61.png","C3acoTrbKG21e_FUoMUdfhc3q7F2L4aE"
"s3://hcp-openaccess/HCP_1200/506234/MNINonLinear/Results/rfMRI_REST2_RL/rfMRI_REST2_RL_hp2000.ica/filtered_func_data.ica/report/IC_61_MM.html","506234","MNINonLinear//Results/rfMRI_REST2_RL/rfMRI_REST2_RL_hp2000.ica/filtered_func_data.ica/report/IC_61_MM.html","zlEQKkozNKdzSusx1Sv9SGYacQceVJtZ"
"s3://hcp-openaccess/HCP_1200/506234/MNINonLinear/Results/rfMRI_REST2_RL/rfMRI_REST2_RL_hp2000.ica/filtered_func_data.ica/report/IC_61_MMfit.png","506234","MNINonLinear//Results/rfMRI_REST2_RL/rfMRI_REST2_RL_hp2000.ica/filtered_func_data.ica/report/IC_61_MMfit.png","2aIjN6nLuW6pFOn0r3LtvR49TQYvogR8"
"s3://hcp-openaccess/HCP_1200/506234/MNINonLinear/Results/rfMRI_REST2_RL/rfMRI_REST2_RL_hp2000.ica/filtered_func_data.ica/report/IC_61_prob.png","506234","MNINonLinear//Results/rfMRI_REST2_RL/rfMRI_REST2_RL_hp2000.ica/filtered_func_data.ica/report/IC_61_prob.png","f1O.c.h8YTwWr6Jkvjwp9.gHNYtNw83T"
"s3://hcp-openaccess/HCP_1200/506234/MNINonLinear/Results/rfMRI_REST2_RL/rfMRI_REST2_RL_hp2000.ica/filtered_func_data.ica/report/IC_61_thresh.png","506234","MNINonLinear//Results/rfMRI_REST2_RL/rfMRI_REST2_RL_hp2000.ica/filtered_func_data.ica/report/IC_61_thresh.png","MzJJz2boxjnXhQACFMGn4uOV9NbeVuiI"
"s3://hcp-openaccess/HCP_1200/506234/MNINonLinear/Results/rfMRI_REST2_RL/rfMRI_REST2_RL_hp2000.ica/filtered_func_data.ica/report/IC_62.html","506234","MNINonLinear//Results/rfMRI_REST2_RL/rfMRI_REST2_RL_hp2000.ica/filtered_func_data.ica/report/IC_62.html","g0lm71h7yWKmlIbHr5Cgmqx_z4meIEjd"
"s3://hcp-openaccess/HCP_1200/506234/MNINonLinear/Results/rfMRI_REST2_RL/rfMRI_REST2_RL_hp2000.ica/filtered_func_data.ica/report/IC_62.png","506234","MNINonLinear//Results/rfMRI_REST2_RL/rfMRI_REST2_RL_hp2000.ica/filtered_func_data.ica/report/IC_62.png","WQ7YqDsLQE_DryKOSZrmO2qVxq1WSZFf"
"s3://hcp-openaccess/HCP_1200/506234/MNINonLinear/Results/rfMRI_REST2_RL/rfMRI_REST2_RL_hp2000.ica/filtered_func_data.ica/report/IC_62_MM.html","506234","MNINonLinear//Results/rfMRI_REST2_RL/rfMRI_REST2_RL_hp2000.ica/filtered_func_data.ica/report/IC_62_MM.html","UNVY17AXom04hiz54X0kr7nrLMDnneLC"
"s3://hcp-openaccess/HCP_1200/506234/MNINonLinear/Results/rfMRI_REST2_RL/rfMRI_REST2_RL_hp2000.ica/filtered_func_data.ica/report/IC_62_MMfit.png","506234","MNINonLinear//Results/rfMRI_REST2_RL/rfMRI_REST2_RL_hp2000.ica/filtered_func_data.ica/report/IC_62_MMfit.png","xnTwNbVdS2tW4kT89qnF0r6XxMEqFexN"
"s3://hcp-openaccess/HCP_1200/506234/MNINonLinear/Results/rfMRI_REST2_RL/rfMRI_REST2_RL_hp2000.ica/filtered_func_data.ica/report/IC_62_prob.png","506234","MNINonLinear//Results/rfMRI_REST2_RL/rfMRI_REST2_RL_hp2000.ica/filtered_func_data.ica/report/IC_62_prob.png","ReP53TS4pX5kxfCrkNhkn4Q4DwJWOBss"
"s3://hcp-openaccess/HCP_1200/506234/MNINonLinear/Results/rfMRI_REST2_RL/rfMRI_REST2_RL_hp2000.ica/filtered_func_data.ica/report/IC_62_thresh.png","506234","MNINonLinear//Results/rfMRI_REST2_RL/rfMRI_REST2_RL_hp2000.ica/filtered_func_data.ica/report/IC_62_thresh.png","kCRlceRM2D0xoMsrzW_XbvTgy4PrKcDa"
"s3://hcp-openaccess/HCP_1200/506234/MNINonLinear/Results/rfMRI_REST2_RL/rfMRI_REST2_RL_hp2000.ica/filtered_func_data.ica/report/IC_63.html","506234","MNINonLinear//Results/rfMRI_REST2_RL/rfMRI_REST2_RL_hp2000.ica/filtered_func_data.ica/report/IC_63.html","DoP9wOmUR3sXHSYJkcd598xuHL3JlFxW"
"s3://hcp-openaccess/HCP_1200/506234/MNINonLinear/Results/rfMRI_REST2_RL/rfMRI_REST2_RL_hp2000.ica/filtered_func_data.ica/report/IC_63.png","506234","MNINonLinear//Results/rfMRI_REST2_RL/rfMRI_REST2_RL_hp2000.ica/filtered_func_data.ica/report/IC_63.png","sZ2clWwDuVGlV3v8KBXJNACR0HE2qsEE"
"s3://hcp-openaccess/HCP_1200/506234/MNINonLinear/Results/rfMRI_REST2_RL/rfMRI_REST2_RL_hp2000.ica/filtered_func_data.ica/report/IC_63_MM.html","506234","MNINonLinear//Results/rfMRI_REST2_RL/rfMRI_REST2_RL_hp2000.ica/filtered_func_data.ica/report/IC_63_MM.html","nfyrCa1785.Bs.hVKznWJA_fqh5_g_Pk"
"s3://hcp-openaccess/HCP_1200/506234/MNINonLinear/Results/rfMRI_REST2_RL/rfMRI_REST2_RL_hp2000.ica/filtered_func_data.ica/report/IC_63_MMfit.png","506234","MNINonLinear//Results/rfMRI_REST2_RL/rfMRI_REST2_RL_hp2000.ica/filtered_func_data.ica/report/IC_63_MMfit.png","0Pk0_jpYwWZYUsNLi9Re_.YNRUmUDJSe"
"s3://hcp-openaccess/HCP_1200/506234/MNINonLinear/Results/rfMRI_REST2_RL/rfMRI_REST2_RL_hp2000.ica/filtered_func_data.ica/report/IC_63_prob.png","506234","MNINonLinear//Results/rfMRI_REST2_RL/rfMRI_REST2_RL_hp2000.ica/filtered_func_data.ica/report/IC_63_prob.png","9R3Iku9Ha1ItYNeJ81xIDKap7DpYW8ll"
"s3://hcp-openaccess/HCP_1200/506234/MNINonLinear/Results/rfMRI_REST2_RL/rfMRI_REST2_RL_hp2000.ica/filtered_func_data.ica/report/IC_63_thresh.png","506234","MNINonLinear//Results/rfMRI_REST2_RL/rfMRI_REST2_RL_hp2000.ica/filtered_func_data.ica/report/IC_63_thresh.png","GU5K.9gVGdlItc7NO7W3Qwfa2IGdnyhI"
"s3://hcp-openaccess/HCP_1200/506234/MNINonLinear/Results/rfMRI_REST2_RL/rfMRI_REST2_RL_hp2000.ica/filtered_func_data.ica/report/IC_64.html","506234","MNINonLinear//Results/rfMRI_REST2_RL/rfMRI_REST2_RL_hp2000.ica/filtered_func_data.ica/report/IC_64.html","SP5Lhzc6YGdDOuPV7vkwCoMZrMNlQ2M5"
"s3://hcp-openaccess/HCP_1200/506234/MNINonLinear/Results/rfMRI_REST2_RL/rfMRI_REST2_RL_hp2000.ica/filtered_func_data.ica/report/IC_64.png","506234","MNINonLinear//Results/rfMRI_REST2_RL/rfMRI_REST2_RL_hp2000.ica/filtered_func_data.ica/report/IC_64.png","683NW88jSjZ9XyyM_X1NdKfVFp8sgJ0w"
"s3://hcp-openaccess/HCP_1200/506234/MNINonLinear/Results/rfMRI_REST2_RL/rfMRI_REST2_RL_hp2000.ica/filtered_func_data.ica/report/IC_64_MM.html","506234","MNINonLinear//Results/rfMRI_REST2_RL/rfMRI_REST2_RL_hp2000.ica/filtered_func_data.ica/report/IC_64_MM.html","e75OGka1uWmbCeWV_amyAQQ2RM38hZev"
"s3://hcp-openaccess/HCP_1200/506234/MNINonLinear/Results/rfMRI_REST2_RL/rfMRI_REST2_RL_hp2000.ica/filtered_func_data.ica/report/IC_64_MMfit.png","506234","MNINonLinear//Results/rfMRI_REST2_RL/rfMRI_REST2_RL_hp2000.ica/filtered_func_data.ica/report/IC_64_MMfit.png",".4J9UcMO69giMBAh8Gaz.DV45gn_heza"
"s3://hcp-openaccess/HCP_1200/506234/MNINonLinear/Results/rfMRI_REST2_RL/rfMRI_REST2_RL_hp2000.ica/filtered_func_data.ica/report/IC_64_prob.png","506234","MNINonLinear//Results/rfMRI_REST2_RL/rfMRI_REST2_RL_hp2000.ica/filtered_func_data.ica/report/IC_64_prob.png","a7NGn_W2tvGMybW5i93MInlF0JTLiKzm"
"s3://hcp-openaccess/HCP_1200/506234/MNINonLinear/Results/rfMRI_REST2_RL/rfMRI_REST2_RL_hp2000.ica/filtered_func_data.ica/report/IC_64_thresh.png","506234","MNINonLinear//Results/rfMRI_REST2_RL/rfMRI_REST2_RL_hp2000.ica/filtered_func_data.ica/report/IC_64_thresh.png","zHO7JGqU14YVsEWLKzIzNTF1FnQsDooi"
"s3://hcp-openaccess/HCP_1200/506234/MNINonLinear/Results/rfMRI_REST2_RL/rfMRI_REST2_RL_hp2000.ica/filtered_func_data.ica/report/IC_65.html","506234","MNINonLinear//Results/rfMRI_REST2_RL/rfMRI_REST2_RL_hp2000.ica/filtered_func_data.ica/report/IC_65.html","rf462FtsGMUDBMRjZkBeGEsT0ZtcTtQa"
"s3://hcp-openaccess/HCP_1200/506234/MNINonLinear/Results/rfMRI_REST2_RL/rfMRI_REST2_RL_hp2000.ica/filtered_func_data.ica/report/IC_65.png","506234","MNINonLinear//Results/rfMRI_REST2_RL/rfMRI_REST2_RL_hp2000.ica/filtered_func_data.ica/report/IC_65.png","nl88eh9oG_fA6XPrlXCX48SabkheQo1m"
"s3://hcp-openaccess/HCP_1200/506234/MNINonLinear/Results/rfMRI_REST2_RL/rfMRI_REST2_RL_hp2000.ica/filtered_func_data.ica/report/IC_65_MM.html","506234","MNINonLinear//Results/rfMRI_REST2_RL/rfMRI_REST2_RL_hp2000.ica/filtered_func_data.ica/report/IC_65_MM.html","p4l.hB.O4xsvjiXTVUJ5ciI66vV8La_y"
"s3://hcp-openaccess/HCP_1200/506234/MNINonLinear/Results/rfMRI_REST2_RL/rfMRI_REST2_RL_hp2000.ica/filtered_func_data.ica/report/IC_65_MMfit.png","506234","MNINonLinear//Results/rfMRI_REST2_RL/rfMRI_REST2_RL_hp2000.ica/filtered_func_data.ica/report/IC_65_MMfit.png","GbNGqepZ4yhRcca5Fr3Uq9xB.PlnKv7p"
"s3://hcp-openaccess/HCP_1200/506234/MNINonLinear/Results/rfMRI_REST2_RL/rfMRI_REST2_RL_hp2000.ica/filtered_func_data.ica/report/IC_65_prob.png","506234","MNINonLinear//Results/rfMRI_REST2_RL/rfMRI_REST2_RL_hp2000.ica/filtered_func_data.ica/report/IC_65_prob.png","zDuraucc7qZTkjpHfRvvsAcll.s3H155"
"s3://hcp-openaccess/HCP_1200/506234/MNINonLinear/Results/rfMRI_REST2_RL/rfMRI_REST2_RL_hp2000.ica/filtered_func_data.ica/report/IC_65_thresh.png","506234","MNINonLinear//Results/rfMRI_REST2_RL/rfMRI_REST2_RL_hp2000.ica/filtered_func_data.ica/report/IC_65_thresh.png","Qt_hsGrghrv9_GXxu6piaKPQfsZ9FZCr"
"s3://hcp-openaccess/HCP_1200/506234/MNINonLinear/Results/rfMRI_REST2_RL/rfMRI_REST2_RL_hp2000.ica/filtered_func_data.ica/report/IC_66.html","506234","MNINonLinear//Results/rfMRI_REST2_RL/rfMRI_REST2_RL_hp2000.ica/filtered_func_data.ica/report/IC_66.html","OyZbZ.YeJMgOiWqtgQvEvoM4G39Zx2EG"
"s3://hcp-openaccess/HCP_1200/506234/MNINonLinear/Results/rfMRI_REST2_RL/rfMRI_REST2_RL_hp2000.ica/filtered_func_data.ica/report/IC_66.png","506234","MNINonLinear//Results/rfMRI_REST2_RL/rfMRI_REST2_RL_hp2000.ica/filtered_func_data.ica/report/IC_66.png","vJ_NaYmXty7akknBavTQOKhA1yQ2VtwH"
"s3://hcp-openaccess/HCP_1200/506234/MNINonLinear/Results/rfMRI_REST2_RL/rfMRI_REST2_RL_hp2000.ica/filtered_func_data.ica/report/IC_66_MM.html","506234","MNINonLinear//Results/rfMRI_REST2_RL/rfMRI_REST2_RL_hp2000.ica/filtered_func_data.ica/report/IC_66_MM.html","KahFe4KEbKmF8L4V_GcTzp2Wd6jU0GME"
"s3://hcp-openaccess/HCP_1200/506234/MNINonLinear/Results/rfMRI_REST2_RL/rfMRI_REST2_RL_hp2000.ica/filtered_func_data.ica/report/IC_66_MMfit.png","506234","MNINonLinear//Results/rfMRI_REST2_RL/rfMRI_REST2_RL_hp2000.ica/filtered_func_data.ica/report/IC_66_MMfit.png","q0sYJcJUHYkzjVFLiepAs57XAylYCoJ0"
"s3://hcp-openaccess/HCP_1200/506234/MNINonLinear/Results/rfMRI_REST2_RL/rfMRI_REST2_RL_hp2000.ica/filtered_func_data.ica/report/IC_66_prob.png","506234","MNINonLinear//Results/rfMRI_REST2_RL/rfMRI_REST2_RL_hp2000.ica/filtered_func_data.ica/report/IC_66_prob.png","sIPjMvy8eYebSsKx7U9BMgZ1UKl3lrsH"
"s3://hcp-openaccess/HCP_1200/506234/MNINonLinear/Results/rfMRI_REST2_RL/rfMRI_REST2_RL_hp2000.ica/filtered_func_data.ica/report/IC_66_thresh.png","506234","MNINonLinear//Results/rfMRI_REST2_RL/rfMRI_REST2_RL_hp2000.ica/filtered_func_data.ica/report/IC_66_thresh.png","QXuyTkpj3ts07PLnzZg_20vWjAowI8.u"
"s3://hcp-openaccess/HCP_1200/506234/MNINonLinear/Results/rfMRI_REST2_RL/rfMRI_REST2_RL_hp2000.ica/filtered_func_data.ica/report/IC_67.html","506234","MNINonLinear//Results/rfMRI_REST2_RL/rfMRI_REST2_RL_hp2000.ica/filtered_func_data.ica/report/IC_67.html","xaTZMohO6Q1k_sqzpWGdAZSAiu2496Jo"
"s3://hcp-openaccess/HCP_1200/506234/MNINonLinear/Results/rfMRI_REST2_RL/rfMRI_REST2_RL_hp2000.ica/filtered_func_data.ica/report/IC_67.png","506234","MNINonLinear//Results/rfMRI_REST2_RL/rfMRI_REST2_RL_hp2000.ica/filtered_func_data.ica/report/IC_67.png","S8aN8hmm_76Dt22g2wsOkWM7pw1K2M9u"
"s3://hcp-openaccess/HCP_1200/506234/MNINonLinear/Results/rfMRI_REST2_RL/rfMRI_REST2_RL_hp2000.ica/filtered_func_data.ica/report/IC_67_MM.html","506234","MNINonLinear//Results/rfMRI_REST2_RL/rfMRI_REST2_RL_hp2000.ica/filtered_func_data.ica/report/IC_67_MM.html","rY0MP9._7uF3SsuFvJ.pnLDSLUQRlYXJ"
"s3://hcp-openaccess/HCP_1200/506234/MNINonLinear/Results/rfMRI_REST2_RL/rfMRI_REST2_RL_hp2000.ica/filtered_func_data.ica/report/IC_67_MMfit.png","506234","MNINonLinear//Results/rfMRI_REST2_RL/rfMRI_REST2_RL_hp2000.ica/filtered_func_data.ica/report/IC_67_MMfit.png","8YqVsrKeYk._W2B8FAs0OZZy.cixfMdq"
"s3://hcp-openaccess/HCP_1200/506234/MNINonLinear/Results/rfMRI_REST2_RL/rfMRI_REST2_RL_hp2000.ica/filtered_func_data.ica/report/IC_67_prob.png","506234","MNINonLinear//Results/rfMRI_REST2_RL/rfMRI_REST2_RL_hp2000.ica/filtered_func_data.ica/report/IC_67_prob.png","dxxNyLxbgVv2gX5KUNi4D9t1VxEzll47"
"s3://hcp-openaccess/HCP_1200/506234/MNINonLinear/Results/rfMRI_REST2_RL/rfMRI_REST2_RL_hp2000.ica/filtered_func_data.ica/report/IC_67_thresh.png","506234","MNINonLinear//Results/rfMRI_REST2_RL/rfMRI_REST2_RL_hp2000.ica/filtered_func_data.ica/report/IC_67_thresh.png","H7fBTn5Z5ICB6UmlwsQ9jqButBrRyYjY"
"s3://hcp-openaccess/HCP_1200/506234/MNINonLinear/Results/rfMRI_REST2_RL/rfMRI_REST2_RL_hp2000.ica/filtered_func_data.ica/report/IC_68.html","506234","MNINonLinear//Results/rfMRI_REST2_RL/rfMRI_REST2_RL_hp2000.ica/filtered_func_data.ica/report/IC_68.html","EdkGQ1pjxhfxBlf7XAox4W5VcICdfci9"
"s3://hcp-openaccess/HCP_1200/506234/MNINonLinear/Results/rfMRI_REST2_RL/rfMRI_REST2_RL_hp2000.ica/filtered_func_data.ica/report/IC_68.png","506234","MNINonLinear//Results/rfMRI_REST2_RL/rfMRI_REST2_RL_hp2000.ica/filtered_func_data.ica/report/IC_68.png","9saHimUto__cZywwG74OckZEZBiWxPCt"
"s3://hcp-openaccess/HCP_1200/506234/MNINonLinear/Results/rfMRI_REST2_RL/rfMRI_REST2_RL_hp2000.ica/filtered_func_data.ica/report/IC_68_MM.html","506234","MNINonLinear//Results/rfMRI_REST2_RL/rfMRI_REST2_RL_hp2000.ica/filtered_func_data.ica/report/IC_68_MM.html","X0lePi.NeMOY_6n4lQiMMBTqZcvsMnjy"
"s3://hcp-openaccess/HCP_1200/506234/MNINonLinear/Results/rfMRI_REST2_RL/rfMRI_REST2_RL_hp2000.ica/filtered_func_data.ica/report/IC_68_MMfit.png","506234","MNINonLinear//Results/rfMRI_REST2_RL/rfMRI_REST2_RL_hp2000.ica/filtered_func_data.ica/report/IC_68_MMfit.png","KKe93ZE2_Tu_VCyXyl4_xziKwRSGkQxF"
"s3://hcp-openaccess/HCP_1200/506234/MNINonLinear/Results/rfMRI_REST2_RL/rfMRI_REST2_RL_hp2000.ica/filtered_func_data.ica/report/IC_68_prob.png","506234","MNINonLinear//Results/rfMRI_REST2_RL/rfMRI_REST2_RL_hp2000.ica/filtered_func_data.ica/report/IC_68_prob.png","ma_KqRIDLkYlWpEtRxaRtf_tZfWAc9Ut"
"s3://hcp-openaccess/HCP_1200/506234/MNINonLinear/Results/rfMRI_REST2_RL/rfMRI_REST2_RL_hp2000.ica/filtered_func_data.ica/report/IC_68_thresh.png","506234","MNINonLinear//Results/rfMRI_REST2_RL/rfMRI_REST2_RL_hp2000.ica/filtered_func_data.ica/report/IC_68_thresh.png","BOA_EqQF3ROAT4NxHlUxlmIbYOhNAsMv"
"s3://hcp-openaccess/HCP_1200/506234/MNINonLinear/Results/rfMRI_REST2_RL/rfMRI_REST2_RL_hp2000.ica/filtered_func_data.ica/report/IC_69.html","506234","MNINonLinear//Results/rfMRI_REST2_RL/rfMRI_REST2_RL_hp2000.ica/filtered_func_data.ica/report/IC_69.html","GpHGuStts_lefIb5jFhRAZN5MZvIgpV6"
"s3://hcp-openaccess/HCP_1200/506234/MNINonLinear/Results/rfMRI_REST2_RL/rfMRI_REST2_RL_hp2000.ica/filtered_func_data.ica/report/IC_69.png","506234","MNINonLinear//Results/rfMRI_REST2_RL/rfMRI_REST2_RL_hp2000.ica/filtered_func_data.ica/report/IC_69.png","SerWunPmCHLcumCr8dLTRnxbMtEQa5w2"
"s3://hcp-openaccess/HCP_1200/506234/MNINonLinear/Results/rfMRI_REST2_RL/rfMRI_REST2_RL_hp2000.ica/filtered_func_data.ica/report/IC_69_MM.html","506234","MNINonLinear//Results/rfMRI_REST2_RL/rfMRI_REST2_RL_hp2000.ica/filtered_func_data.ica/report/IC_69_MM.html","9EOtwP4GuK4fZjRYWAt_E5N0kVAIQ07B"
"s3://hcp-openaccess/HCP_1200/506234/MNINonLinear/Results/rfMRI_REST2_RL/rfMRI_REST2_RL_hp2000.ica/filtered_func_data.ica/report/IC_69_MMfit.png","506234","MNINonLinear//Results/rfMRI_REST2_RL/rfMRI_REST2_RL_hp2000.ica/filtered_func_data.ica/report/IC_69_MMfit.png","OSoWAXmQFvL5fDlKbHLS2b8uxyzCe3it"
"s3://hcp-openaccess/HCP_1200/506234/MNINonLinear/Results/rfMRI_REST2_RL/rfMRI_REST2_RL_hp2000.ica/filtered_func_data.ica/report/IC_69_prob.png","506234","MNINonLinear//Results/rfMRI_REST2_RL/rfMRI_REST2_RL_hp2000.ica/filtered_func_data.ica/report/IC_69_prob.png","5sAr1XSsK0hgJnzKy5LtuRWYYnWPaBCe"
"s3://hcp-openaccess/HCP_1200/506234/MNINonLinear/Results/rfMRI_REST2_RL/rfMRI_REST2_RL_hp2000.ica/filtered_func_data.ica/report/IC_69_thresh.png","506234","MNINonLinear//Results/rfMRI_REST2_RL/rfMRI_REST2_RL_hp2000.ica/filtered_func_data.ica/report/IC_69_thresh.png","5ZIwjYLJng.wuzAQQZ67h.z4WYdN5axN"
"s3://hcp-openaccess/HCP_1200/506234/MNINonLinear/Results/rfMRI_REST2_RL/rfMRI_REST2_RL_hp2000.ica/filtered_func_data.ica/report/IC_6_MM.html","506234","MNINonLinear//Results/rfMRI_REST2_RL/rfMRI_REST2_RL_hp2000.ica/filtered_func_data.ica/report/IC_6_MM.html","Uu5Dl1fSg55iHh41GbCSMaKmz.mYCW6w"
"s3://hcp-openaccess/HCP_1200/506234/MNINonLinear/Results/rfMRI_REST2_RL/rfMRI_REST2_RL_hp2000.ica/filtered_func_data.ica/report/IC_6_MMfit.png","506234","MNINonLinear//Results/rfMRI_REST2_RL/rfMRI_REST2_RL_hp2000.ica/filtered_func_data.ica/report/IC_6_MMfit.png","vSZXCXZZ8l.odxzTXqO26dbxsFv1617A"
"s3://hcp-openaccess/HCP_1200/506234/MNINonLinear/Results/rfMRI_REST2_RL/rfMRI_REST2_RL_hp2000.ica/filtered_func_data.ica/report/IC_6_prob.png","506234","MNINonLinear//Results/rfMRI_REST2_RL/rfMRI_REST2_RL_hp2000.ica/filtered_func_data.ica/report/IC_6_prob.png","OXuvq1K1AG_hTBTtezggOTq.btc0XnNp"
"s3://hcp-openaccess/HCP_1200/506234/MNINonLinear/Results/rfMRI_REST2_RL/rfMRI_REST2_RL_hp2000.ica/filtered_func_data.ica/report/IC_6_thresh.png","506234","MNINonLinear//Results/rfMRI_REST2_RL/rfMRI_REST2_RL_hp2000.ica/filtered_func_data.ica/report/IC_6_thresh.png","tW1W.ZvVQ52aDH3RZ3xZrayVSbgm03Sd"
"s3://hcp-openaccess/HCP_1200/506234/MNINonLinear/Results/rfMRI_REST2_RL/rfMRI_REST2_RL_hp2000.ica/filtered_func_data.ica/report/IC_7.html","506234","MNINonLinear//Results/rfMRI_REST2_RL/rfMRI_REST2_RL_hp2000.ica/filtered_func_data.ica/report/IC_7.html","qUhQBXavt3n1ZrYtLj2uQeazqieeUWKk"
"s3://hcp-openaccess/HCP_1200/506234/MNINonLinear/Results/rfMRI_REST2_RL/rfMRI_REST2_RL_hp2000.ica/filtered_func_data.ica/report/IC_7.png","506234","MNINonLinear//Results/rfMRI_REST2_RL/rfMRI_REST2_RL_hp2000.ica/filtered_func_data.ica/report/IC_7.png","8AxTgaBQBFYluigthotmo0elq8Snl_1W"
"s3://hcp-openaccess/HCP_1200/506234/MNINonLinear/Results/rfMRI_REST2_RL/rfMRI_REST2_RL_hp2000.ica/filtered_func_data.ica/report/IC_70.html","506234","MNINonLinear//Results/rfMRI_REST2_RL/rfMRI_REST2_RL_hp2000.ica/filtered_func_data.ica/report/IC_70.html","ilupeV9ljoWwc_2U3Zk4zN5cS4iN8kSq"
"s3://hcp-openaccess/HCP_1200/506234/MNINonLinear/Results/rfMRI_REST2_RL/rfMRI_REST2_RL_hp2000.ica/filtered_func_data.ica/report/IC_70.png","506234","MNINonLinear//Results/rfMRI_REST2_RL/rfMRI_REST2_RL_hp2000.ica/filtered_func_data.ica/report/IC_70.png","yJMeoPbh8PiQYdoGYLf4AfCdysV4PZ1B"
"s3://hcp-openaccess/HCP_1200/506234/MNINonLinear/Results/rfMRI_REST2_RL/rfMRI_REST2_RL_hp2000.ica/filtered_func_data.ica/report/IC_70_MM.html","506234","MNINonLinear//Results/rfMRI_REST2_RL/rfMRI_REST2_RL_hp2000.ica/filtered_func_data.ica/report/IC_70_MM.html","evyY9UNOH1Gb_GbxyUCqGMPC8v5z76jL"
"s3://hcp-openaccess/HCP_1200/506234/MNINonLinear/Results/rfMRI_REST2_RL/rfMRI_REST2_RL_hp2000.ica/filtered_func_data.ica/report/IC_70_MMfit.png","506234","MNINonLinear//Results/rfMRI_REST2_RL/rfMRI_REST2_RL_hp2000.ica/filtered_func_data.ica/report/IC_70_MMfit.png",".WAFQ2iJziQ60Kmfi2v2TgvF2Exvfb4r"
"s3://hcp-openaccess/HCP_1200/506234/MNINonLinear/Results/rfMRI_REST2_RL/rfMRI_REST2_RL_hp2000.ica/filtered_func_data.ica/report/IC_70_prob.png","506234","MNINonLinear//Results/rfMRI_REST2_RL/rfMRI_REST2_RL_hp2000.ica/filtered_func_data.ica/report/IC_70_prob.png","2IvaBKS5rncmUwaIj34FW1pFRyrLz3sH"
"s3://hcp-openaccess/HCP_1200/506234/MNINonLinear/Results/rfMRI_REST2_RL/rfMRI_REST2_RL_hp2000.ica/filtered_func_data.ica/report/IC_70_thresh.png","506234","MNINonLinear//Results/rfMRI_REST2_RL/rfMRI_REST2_RL_hp2000.ica/filtered_func_data.ica/report/IC_70_thresh.png","A36bQ.o7a68MYjoOENHi.ZvB41E.XpLu"
"s3://hcp-openaccess/HCP_1200/506234/MNINonLinear/Results/rfMRI_REST2_RL/rfMRI_REST2_RL_hp2000.ica/filtered_func_data.ica/report/IC_71.html","506234","MNINonLinear//Results/rfMRI_REST2_RL/rfMRI_REST2_RL_hp2000.ica/filtered_func_data.ica/report/IC_71.html","VEF077h.rlSxziOLRRKWhU6pNggSJJ6N"
"s3://hcp-openaccess/HCP_1200/506234/MNINonLinear/Results/rfMRI_REST2_RL/rfMRI_REST2_RL_hp2000.ica/filtered_func_data.ica/report/IC_71.png","506234","MNINonLinear//Results/rfMRI_REST2_RL/rfMRI_REST2_RL_hp2000.ica/filtered_func_data.ica/report/IC_71.png","Q8CRz8d8H6oC78wj_T51sJSlv3OtWN62"
"s3://hcp-openaccess/HCP_1200/506234/MNINonLinear/Results/rfMRI_REST2_RL/rfMRI_REST2_RL_hp2000.ica/filtered_func_data.ica/report/IC_71_MM.html","506234","MNINonLinear//Results/rfMRI_REST2_RL/rfMRI_REST2_RL_hp2000.ica/filtered_func_data.ica/report/IC_71_MM.html","LeN1YqkQDUJMWs8m4AQbFjEjWDER5Qj0"
"s3://hcp-openaccess/HCP_1200/506234/MNINonLinear/Results/rfMRI_REST2_RL/rfMRI_REST2_RL_hp2000.ica/filtered_func_data.ica/report/IC_71_MMfit.png","506234","MNINonLinear//Results/rfMRI_REST2_RL/rfMRI_REST2_RL_hp2000.ica/filtered_func_data.ica/report/IC_71_MMfit.png","lIoAKSIA5WLK786le.WSO7t7yVJ1g.dw"
"s3://hcp-openaccess/HCP_1200/506234/MNINonLinear/Results/rfMRI_REST2_RL/rfMRI_REST2_RL_hp2000.ica/filtered_func_data.ica/report/IC_71_prob.png","506234","MNINonLinear//Results/rfMRI_REST2_RL/rfMRI_REST2_RL_hp2000.ica/filtered_func_data.ica/report/IC_71_prob.png","w1H75CkVWuwYZQAACIKtbV0VjJtGqGt4"
"s3://hcp-openaccess/HCP_1200/506234/MNINonLinear/Results/rfMRI_REST2_RL/rfMRI_REST2_RL_hp2000.ica/filtered_func_data.ica/report/IC_71_thresh.png","506234","MNINonLinear//Results/rfMRI_REST2_RL/rfMRI_REST2_RL_hp2000.ica/filtered_func_data.ica/report/IC_71_thresh.png","06KfpfKiPAY1lJiZGlqPuR8d6O7NUT4K"
"s3://hcp-openaccess/HCP_1200/506234/MNINonLinear/Results/rfMRI_REST2_RL/rfMRI_REST2_RL_hp2000.ica/filtered_func_data.ica/report/IC_72.html","506234","MNINonLinear//Results/rfMRI_REST2_RL/rfMRI_REST2_RL_hp2000.ica/filtered_func_data.ica/report/IC_72.html","YKHdi3t9mplXpHS5UXFFYSKSh__.IBlG"
"s3://hcp-openaccess/HCP_1200/506234/MNINonLinear/Results/rfMRI_REST2_RL/rfMRI_REST2_RL_hp2000.ica/filtered_func_data.ica/report/IC_72.png","506234","MNINonLinear//Results/rfMRI_REST2_RL/rfMRI_REST2_RL_hp2000.ica/filtered_func_data.ica/report/IC_72.png","qSF05qbHdtXmc2Jcym3KK_P2.Ur21dte"
"s3://hcp-openaccess/HCP_1200/506234/MNINonLinear/Results/rfMRI_REST2_RL/rfMRI_REST2_RL_hp2000.ica/filtered_func_data.ica/report/IC_72_MM.html","506234","MNINonLinear//Results/rfMRI_REST2_RL/rfMRI_REST2_RL_hp2000.ica/filtered_func_data.ica/report/IC_72_MM.html","Un6Qf_WlGyzUjubTdnz3OFLJBDUrfubd"
"s3://hcp-openaccess/HCP_1200/506234/MNINonLinear/Results/rfMRI_REST2_RL/rfMRI_REST2_RL_hp2000.ica/filtered_func_data.ica/report/IC_72_MMfit.png","506234","MNINonLinear//Results/rfMRI_REST2_RL/rfMRI_REST2_RL_hp2000.ica/filtered_func_data.ica/report/IC_72_MMfit.png","uy_Qsb.ZRhjjsE6.MPGFbCgvMGHqghaW"
"s3://hcp-openaccess/HCP_1200/506234/MNINonLinear/Results/rfMRI_REST2_RL/rfMRI_REST2_RL_hp2000.ica/filtered_func_data.ica/report/IC_72_prob.png","506234","MNINonLinear//Results/rfMRI_REST2_RL/rfMRI_REST2_RL_hp2000.ica/filtered_func_data.ica/report/IC_72_prob.png","r55j1NRJDw.ycd0ECaYVfCw96293tI3R"
"s3://hcp-openaccess/HCP_1200/506234/MNINonLinear/Results/rfMRI_REST2_RL/rfMRI_REST2_RL_hp2000.ica/filtered_func_data.ica/report/IC_72_thresh.png","506234","MNINonLinear//Results/rfMRI_REST2_RL/rfMRI_REST2_RL_hp2000.ica/filtered_func_data.ica/report/IC_72_thresh.png","P5xnOZhR1_tnhqbIMrIaMvpeykmLESVq"
"s3://hcp-openaccess/HCP_1200/506234/MNINonLinear/Results/rfMRI_REST2_RL/rfMRI_REST2_RL_hp2000.ica/filtered_func_data.ica/report/IC_73.html","506234","MNINonLinear//Results/rfMRI_REST2_RL/rfMRI_REST2_RL_hp2000.ica/filtered_func_data.ica/report/IC_73.html","MqkXpFnISjAjfG5pvZM9juwIwKrB9qJ4"
"s3://hcp-openaccess/HCP_1200/506234/MNINonLinear/Results/rfMRI_REST2_RL/rfMRI_REST2_RL_hp2000.ica/filtered_func_data.ica/report/IC_73.png","506234","MNINonLinear//Results/rfMRI_REST2_RL/rfMRI_REST2_RL_hp2000.ica/filtered_func_data.ica/report/IC_73.png","nfUwE1z03bBUa7hO4KTM90T9_JDfVev5"
"s3://hcp-openaccess/HCP_1200/506234/MNINonLinear/Results/rfMRI_REST2_RL/rfMRI_REST2_RL_hp2000.ica/filtered_func_data.ica/report/IC_73_MM.html","506234","MNINonLinear//Results/rfMRI_REST2_RL/rfMRI_REST2_RL_hp2000.ica/filtered_func_data.ica/report/IC_73_MM.html","vYqvnAKb2EpJCtTb_GhTS1WZMKYxg5rb"
"s3://hcp-openaccess/HCP_1200/506234/MNINonLinear/Results/rfMRI_REST2_RL/rfMRI_REST2_RL_hp2000.ica/filtered_func_data.ica/report/IC_73_MMfit.png","506234","MNINonLinear//Results/rfMRI_REST2_RL/rfMRI_REST2_RL_hp2000.ica/filtered_func_data.ica/report/IC_73_MMfit.png","xjVWQHUKGLk_qLXNEPyNcsuw5cOpX5fJ"
"s3://hcp-openaccess/HCP_1200/506234/MNINonLinear/Results/rfMRI_REST2_RL/rfMRI_REST2_RL_hp2000.ica/filtered_func_data.ica/report/IC_73_prob.png","506234","MNINonLinear//Results/rfMRI_REST2_RL/rfMRI_REST2_RL_hp2000.ica/filtered_func_data.ica/report/IC_73_prob.png","6fnzpKhz20iNHJAmGKAQLIfUK8g4Vpws"
"s3://hcp-openaccess/HCP_1200/506234/MNINonLinear/Results/rfMRI_REST2_RL/rfMRI_REST2_RL_hp2000.ica/filtered_func_data.ica/report/IC_73_thresh.png","506234","MNINonLinear//Results/rfMRI_REST2_RL/rfMRI_REST2_RL_hp2000.ica/filtered_func_data.ica/report/IC_73_thresh.png","c2a.hJ9rQ6F2UXuJI8PIdVQgQ3xYw3Xo"
"s3://hcp-openaccess/HCP_1200/506234/MNINonLinear/Results/rfMRI_REST2_RL/rfMRI_REST2_RL_hp2000.ica/filtered_func_data.ica/report/IC_74.html","506234","MNINonLinear//Results/rfMRI_REST2_RL/rfMRI_REST2_RL_hp2000.ica/filtered_func_data.ica/report/IC_74.html","BoEhX7a.1jzR7EvR1rNHYZbItVD45uFA"
"s3://hcp-openaccess/HCP_1200/506234/MNINonLinear/Results/rfMRI_REST2_RL/rfMRI_REST2_RL_hp2000.ica/filtered_func_data.ica/report/IC_74.png","506234","MNINonLinear//Results/rfMRI_REST2_RL/rfMRI_REST2_RL_hp2000.ica/filtered_func_data.ica/report/IC_74.png","0MNxXiPZsPWibjc.IUu3zziS6g8xvp1O"
"s3://hcp-openaccess/HCP_1200/506234/MNINonLinear/Results/rfMRI_REST2_RL/rfMRI_REST2_RL_hp2000.ica/filtered_func_data.ica/report/IC_74_MM.html","506234","MNINonLinear//Results/rfMRI_REST2_RL/rfMRI_REST2_RL_hp2000.ica/filtered_func_data.ica/report/IC_74_MM.html","f2EOikGps37FqCp9BTE33G4xxvVyql7L"
"s3://hcp-openaccess/HCP_1200/506234/MNINonLinear/Results/rfMRI_REST2_RL/rfMRI_REST2_RL_hp2000.ica/filtered_func_data.ica/report/IC_74_MMfit.png","506234","MNINonLinear//Results/rfMRI_REST2_RL/rfMRI_REST2_RL_hp2000.ica/filtered_func_data.ica/report/IC_74_MMfit.png","fIDJ0MECkxfirXmjqngUS5RGuRzPTStE"
"s3://hcp-openaccess/HCP_1200/506234/MNINonLinear/Results/rfMRI_REST2_RL/rfMRI_REST2_RL_hp2000.ica/filtered_func_data.ica/report/IC_74_prob.png","506234","MNINonLinear//Results/rfMRI_REST2_RL/rfMRI_REST2_RL_hp2000.ica/filtered_func_data.ica/report/IC_74_prob.png","oxXHMqaQc3ovVUdGBy9ybXGOjWxSjaOr"
"s3://hcp-openaccess/HCP_1200/506234/MNINonLinear/Results/rfMRI_REST2_RL/rfMRI_REST2_RL_hp2000.ica/filtered_func_data.ica/report/IC_74_thresh.png","506234","MNINonLinear//Results/rfMRI_REST2_RL/rfMRI_REST2_RL_hp2000.ica/filtered_func_data.ica/report/IC_74_thresh.png","6lfR2eQmXoK2qO0VA3s6BSAa82KAUWd6"
"s3://hcp-openaccess/HCP_1200/506234/MNINonLinear/Results/rfMRI_REST2_RL/rfMRI_REST2_RL_hp2000.ica/filtered_func_data.ica/report/IC_75.html","506234","MNINonLinear//Results/rfMRI_REST2_RL/rfMRI_REST2_RL_hp2000.ica/filtered_func_data.ica/report/IC_75.html","SmDL_HVeZziytNoNqhLsXqLHXP8FUVAO"
"s3://hcp-openaccess/HCP_1200/506234/MNINonLinear/Results/rfMRI_REST2_RL/rfMRI_REST2_RL_hp2000.ica/filtered_func_data.ica/report/IC_75.png","506234","MNINonLinear//Results/rfMRI_REST2_RL/rfMRI_REST2_RL_hp2000.ica/filtered_func_data.ica/report/IC_75.png","L1towJ.7T428TKXz5HX.7j.LcdogpFvn"
"s3://hcp-openaccess/HCP_1200/506234/MNINonLinear/Results/rfMRI_REST2_RL/rfMRI_REST2_RL_hp2000.ica/filtered_func_data.ica/report/IC_75_MM.html","506234","MNINonLinear//Results/rfMRI_REST2_RL/rfMRI_REST2_RL_hp2000.ica/filtered_func_data.ica/report/IC_75_MM.html","kB8DM4N82JrsXEoHKCGPDFdHwenpIPgx"
"s3://hcp-openaccess/HCP_1200/506234/MNINonLinear/Results/rfMRI_REST2_RL/rfMRI_REST2_RL_hp2000.ica/filtered_func_data.ica/report/IC_75_MMfit.png","506234","MNINonLinear//Results/rfMRI_REST2_RL/rfMRI_REST2_RL_hp2000.ica/filtered_func_data.ica/report/IC_75_MMfit.png","YYitSYBONV4HuCxyGT94yp5jlQALAE5G"
"s3://hcp-openaccess/HCP_1200/506234/MNINonLinear/Results/rfMRI_REST2_RL/rfMRI_REST2_RL_hp2000.ica/filtered_func_data.ica/report/IC_75_prob.png","506234","MNINonLinear//Results/rfMRI_REST2_RL/rfMRI_REST2_RL_hp2000.ica/filtered_func_data.ica/report/IC_75_prob.png","UCao5EAQOmuEP91l2NrFBOff6Hohd8vM"
"s3://hcp-openaccess/HCP_1200/506234/MNINonLinear/Results/rfMRI_REST2_RL/rfMRI_REST2_RL_hp2000.ica/filtered_func_data.ica/report/IC_75_thresh.png","506234","MNINonLinear//Results/rfMRI_REST2_RL/rfMRI_REST2_RL_hp2000.ica/filtered_func_data.ica/report/IC_75_thresh.png","5IdHFKqQvBbq2sa1OOeIqnB8t5iLKAbm"
"s3://hcp-openaccess/HCP_1200/506234/MNINonLinear/Results/rfMRI_REST2_RL/rfMRI_REST2_RL_hp2000.ica/filtered_func_data.ica/report/IC_76.html","506234","MNINonLinear//Results/rfMRI_REST2_RL/rfMRI_REST2_RL_hp2000.ica/filtered_func_data.ica/report/IC_76.html",".FiQItSd1EroazHzjBrqONTqfPY29cdb"
"s3://hcp-openaccess/HCP_1200/506234/MNINonLinear/Results/rfMRI_REST2_RL/rfMRI_REST2_RL_hp2000.ica/filtered_func_data.ica/report/IC_76.png","506234","MNINonLinear//Results/rfMRI_REST2_RL/rfMRI_REST2_RL_hp2000.ica/filtered_func_data.ica/report/IC_76.png","W5d_iLkd2H9I4lHX6TDUiVd3zyFq77pu"
"s3://hcp-openaccess/HCP_1200/506234/MNINonLinear/Results/rfMRI_REST2_RL/rfMRI_REST2_RL_hp2000.ica/filtered_func_data.ica/report/IC_76_MM.html","506234","MNINonLinear//Results/rfMRI_REST2_RL/rfMRI_REST2_RL_hp2000.ica/filtered_func_data.ica/report/IC_76_MM.html","JsT21PxaoQ0ISULju.BgPETmJgLYw4nI"
"s3://hcp-openaccess/HCP_1200/506234/MNINonLinear/Results/rfMRI_REST2_RL/rfMRI_REST2_RL_hp2000.ica/filtered_func_data.ica/report/IC_76_MMfit.png","506234","MNINonLinear//Results/rfMRI_REST2_RL/rfMRI_REST2_RL_hp2000.ica/filtered_func_data.ica/report/IC_76_MMfit.png","0bJ6T9hTtrsSNfSUom4WjiZIgoKAXKvQ"
"s3://hcp-openaccess/HCP_1200/506234/MNINonLinear/Results/rfMRI_REST2_RL/rfMRI_REST2_RL_hp2000.ica/filtered_func_data.ica/report/IC_76_prob.png","506234","MNINonLinear//Results/rfMRI_REST2_RL/rfMRI_REST2_RL_hp2000.ica/filtered_func_data.ica/report/IC_76_prob.png","2tpDYKhka.lqqbZ29FxgMvFzNHMtniuA"
"s3://hcp-openaccess/HCP_1200/506234/MNINonLinear/Results/rfMRI_REST2_RL/rfMRI_REST2_RL_hp2000.ica/filtered_func_data.ica/report/IC_76_thresh.png","506234","MNINonLinear//Results/rfMRI_REST2_RL/rfMRI_REST2_RL_hp2000.ica/filtered_func_data.ica/report/IC_76_thresh.png","Mdn__e18xcw_wuBbkrAj23IkXtArB7cx"
"s3://hcp-openaccess/HCP_1200/506234/MNINonLinear/Results/rfMRI_REST2_RL/rfMRI_REST2_RL_hp2000.ica/filtered_func_data.ica/report/IC_77.html","506234","MNINonLinear//Results/rfMRI_REST2_RL/rfMRI_REST2_RL_hp2000.ica/filtered_func_data.ica/report/IC_77.html","ghXzadClAharXZr4jANPD4FfLuhWfeo9"
"s3://hcp-openaccess/HCP_1200/506234/MNINonLinear/Results/rfMRI_REST2_RL/rfMRI_REST2_RL_hp2000.ica/filtered_func_data.ica/report/IC_77.png","506234","MNINonLinear//Results/rfMRI_REST2_RL/rfMRI_REST2_RL_hp2000.ica/filtered_func_data.ica/report/IC_77.png","loyu.XscuWWcOzWPmA..2nWi0_AALK2b"
"s3://hcp-openaccess/HCP_1200/506234/MNINonLinear/Results/rfMRI_REST2_RL/rfMRI_REST2_RL_hp2000.ica/filtered_func_data.ica/report/IC_77_MM.html","506234","MNINonLinear//Results/rfMRI_REST2_RL/rfMRI_REST2_RL_hp2000.ica/filtered_func_data.ica/report/IC_77_MM.html","zFn799FBGapsmAMc.itp7D5MfN4TroS9"
"s3://hcp-openaccess/HCP_1200/506234/MNINonLinear/Results/rfMRI_REST2_RL/rfMRI_REST2_RL_hp2000.ica/filtered_func_data.ica/report/IC_77_MMfit.png","506234","MNINonLinear//Results/rfMRI_REST2_RL/rfMRI_REST2_RL_hp2000.ica/filtered_func_data.ica/report/IC_77_MMfit.png","BpqPRMjyM6A48RA11.03h5F7pIPz1PR."
"s3://hcp-openaccess/HCP_1200/506234/MNINonLinear/Results/rfMRI_REST2_RL/rfMRI_REST2_RL_hp2000.ica/filtered_func_data.ica/report/IC_77_prob.png","506234","MNINonLinear//Results/rfMRI_REST2_RL/rfMRI_REST2_RL_hp2000.ica/filtered_func_data.ica/report/IC_77_prob.png","jfRjnAiYtZMIQtnamdkOBCkNBoLv4r77"
"s3://hcp-openaccess/HCP_1200/506234/MNINonLinear/Results/rfMRI_REST2_RL/rfMRI_REST2_RL_hp2000.ica/filtered_func_data.ica/report/IC_77_thresh.png","506234","MNINonLinear//Results/rfMRI_REST2_RL/rfMRI_REST2_RL_hp2000.ica/filtered_func_data.ica/report/IC_77_thresh.png","j95.ERvpgCCsENcVKqe65fdwejx7Ybvu"
"s3://hcp-openaccess/HCP_1200/506234/MNINonLinear/Results/rfMRI_REST2_RL/rfMRI_REST2_RL_hp2000.ica/filtered_func_data.ica/report/IC_78.html","506234","MNINonLinear//Results/rfMRI_REST2_RL/rfMRI_REST2_RL_hp2000.ica/filtered_func_data.ica/report/IC_78.html","Zfs0Y.TqDcbsfHJLQKVeALauz8I3m4ws"
"s3://hcp-openaccess/HCP_1200/506234/MNINonLinear/Results/rfMRI_REST2_RL/rfMRI_REST2_RL_hp2000.ica/filtered_func_data.ica/report/IC_78.png","506234","MNINonLinear//Results/rfMRI_REST2_RL/rfMRI_REST2_RL_hp2000.ica/filtered_func_data.ica/report/IC_78.png","INVub86GxR9bK4zL5hRrQeVKAqXEtizE"
"s3://hcp-openaccess/HCP_1200/506234/MNINonLinear/Results/rfMRI_REST2_RL/rfMRI_REST2_RL_hp2000.ica/filtered_func_data.ica/report/IC_78_MM.html","506234","MNINonLinear//Results/rfMRI_REST2_RL/rfMRI_REST2_RL_hp2000.ica/filtered_func_data.ica/report/IC_78_MM.html","Qr634zXRwRu6OhfekBuNh5OHAZQwOofQ"
"s3://hcp-openaccess/HCP_1200/506234/MNINonLinear/Results/rfMRI_REST2_RL/rfMRI_REST2_RL_hp2000.ica/filtered_func_data.ica/report/IC_78_MMfit.png","506234","MNINonLinear//Results/rfMRI_REST2_RL/rfMRI_REST2_RL_hp2000.ica/filtered_func_data.ica/report/IC_78_MMfit.png","na33IVY3UHUAzk_x9FfMCbSH9w9zPInK"
"s3://hcp-openaccess/HCP_1200/506234/MNINonLinear/Results/rfMRI_REST2_RL/rfMRI_REST2_RL_hp2000.ica/filtered_func_data.ica/report/IC_78_prob.png","506234","MNINonLinear//Results/rfMRI_REST2_RL/rfMRI_REST2_RL_hp2000.ica/filtered_func_data.ica/report/IC_78_prob.png","P7U4QQXXPdXC4_Xic4teLsAhYpq1HJa_"
"s3://hcp-openaccess/HCP_1200/506234/MNINonLinear/Results/rfMRI_REST2_RL/rfMRI_REST2_RL_hp2000.ica/filtered_func_data.ica/report/IC_78_thresh.png","506234","MNINonLinear//Results/rfMRI_REST2_RL/rfMRI_REST2_RL_hp2000.ica/filtered_func_data.ica/report/IC_78_thresh.png","pdp5UUhW96A7NRzJoFTqUTz.KPVOuvTg"
"s3://hcp-openaccess/HCP_1200/506234/MNINonLinear/Results/rfMRI_REST2_RL/rfMRI_REST2_RL_hp2000.ica/filtered_func_data.ica/report/IC_79.html","506234","MNINonLinear//Results/rfMRI_REST2_RL/rfMRI_REST2_RL_hp2000.ica/filtered_func_data.ica/report/IC_79.html","2s6NgtGN6.CT.R1BU.OfPHWBDmsvH9t_"
"s3://hcp-openaccess/HCP_1200/506234/MNINonLinear/Results/rfMRI_REST2_RL/rfMRI_REST2_RL_hp2000.ica/filtered_func_data.ica/report/IC_79.png","506234","MNINonLinear//Results/rfMRI_REST2_RL/rfMRI_REST2_RL_hp2000.ica/filtered_func_data.ica/report/IC_79.png","fqwj2U_zPtklV5nGmZ4ZjoqRNi2fQFPE"
"s3://hcp-openaccess/HCP_1200/506234/MNINonLinear/Results/rfMRI_REST2_RL/rfMRI_REST2_RL_hp2000.ica/filtered_func_data.ica/report/IC_79_MM.html","506234","MNINonLinear//Results/rfMRI_REST2_RL/rfMRI_REST2_RL_hp2000.ica/filtered_func_data.ica/report/IC_79_MM.html","rgeDNaF9ofKyzr_YkjMW.4tC.Gk7N7VL"
"s3://hcp-openaccess/HCP_1200/506234/MNINonLinear/Results/rfMRI_REST2_RL/rfMRI_REST2_RL_hp2000.ica/filtered_func_data.ica/report/IC_79_MMfit.png","506234","MNINonLinear//Results/rfMRI_REST2_RL/rfMRI_REST2_RL_hp2000.ica/filtered_func_data.ica/report/IC_79_MMfit.png","BNZehkPuwwe1e1W9RfvLM6IFLZO2p8Pi"
"s3://hcp-openaccess/HCP_1200/506234/MNINonLinear/Results/rfMRI_REST2_RL/rfMRI_REST2_RL_hp2000.ica/filtered_func_data.ica/report/IC_79_prob.png","506234","MNINonLinear//Results/rfMRI_REST2_RL/rfMRI_REST2_RL_hp2000.ica/filtered_func_data.ica/report/IC_79_prob.png","ZGT39dRFP9bSepe0y6oefMKJywCXJSJ8"
"s3://hcp-openaccess/HCP_1200/506234/MNINonLinear/Results/rfMRI_REST2_RL/rfMRI_REST2_RL_hp2000.ica/filtered_func_data.ica/report/IC_79_thresh.png","506234","MNINonLinear//Results/rfMRI_REST2_RL/rfMRI_REST2_RL_hp2000.ica/filtered_func_data.ica/report/IC_79_thresh.png","PBsc8DGlpvj8d1xesNMRUcCRPNKHvlhv"
"s3://hcp-openaccess/HCP_1200/506234/MNINonLinear/Results/rfMRI_REST2_RL/rfMRI_REST2_RL_hp2000.ica/filtered_func_data.ica/report/IC_7_MM.html","506234","MNINonLinear//Results/rfMRI_REST2_RL/rfMRI_REST2_RL_hp2000.ica/filtered_func_data.ica/report/IC_7_MM.html","9M0rBJ0TmUAWUrdlgOdG1szt2CtyTHzs"
"s3://hcp-openaccess/HCP_1200/506234/MNINonLinear/Results/rfMRI_REST2_RL/rfMRI_REST2_RL_hp2000.ica/filtered_func_data.ica/report/IC_7_MMfit.png","506234","MNINonLinear//Results/rfMRI_REST2_RL/rfMRI_REST2_RL_hp2000.ica/filtered_func_data.ica/report/IC_7_MMfit.png","00moptnxUcMsi.faQzNw35iEh.Ko9Lai"
"s3://hcp-openaccess/HCP_1200/506234/MNINonLinear/Results/rfMRI_REST2_RL/rfMRI_REST2_RL_hp2000.ica/filtered_func_data.ica/report/IC_7_prob.png","506234","MNINonLinear//Results/rfMRI_REST2_RL/rfMRI_REST2_RL_hp2000.ica/filtered_func_data.ica/report/IC_7_prob.png","k3qn2kSGiyBZII5kyaIgDIF1hh7SFIle"
"s3://hcp-openaccess/HCP_1200/506234/MNINonLinear/Results/rfMRI_REST2_RL/rfMRI_REST2_RL_hp2000.ica/filtered_func_data.ica/report/IC_7_thresh.png","506234","MNINonLinear//Results/rfMRI_REST2_RL/rfMRI_REST2_RL_hp2000.ica/filtered_func_data.ica/report/IC_7_thresh.png","fsSPYZezPUNvRAZLg9a5XjFqfPjseEcf"
"s3://hcp-openaccess/HCP_1200/506234/MNINonLinear/Results/rfMRI_REST2_RL/rfMRI_REST2_RL_hp2000.ica/filtered_func_data.ica/report/IC_8.html","506234","MNINonLinear//Results/rfMRI_REST2_RL/rfMRI_REST2_RL_hp2000.ica/filtered_func_data.ica/report/IC_8.html","_17B2vyW3vt7VbGhUuzJHCQDtoH0RUgr"
"s3://hcp-openaccess/HCP_1200/506234/MNINonLinear/Results/rfMRI_REST2_RL/rfMRI_REST2_RL_hp2000.ica/filtered_func_data.ica/report/IC_8.png","506234","MNINonLinear//Results/rfMRI_REST2_RL/rfMRI_REST2_RL_hp2000.ica/filtered_func_data.ica/report/IC_8.png","8AuENmmY8DQV0m5_K08CpXSK9iRYNh8p"
"s3://hcp-openaccess/HCP_1200/506234/MNINonLinear/Results/rfMRI_REST2_RL/rfMRI_REST2_RL_hp2000.ica/filtered_func_data.ica/report/IC_80.html","506234","MNINonLinear//Results/rfMRI_REST2_RL/rfMRI_REST2_RL_hp2000.ica/filtered_func_data.ica/report/IC_80.html","WMPpztbDWL6mo9Sdp4gwTCwoqWkmbaum"
"s3://hcp-openaccess/HCP_1200/506234/MNINonLinear/Results/rfMRI_REST2_RL/rfMRI_REST2_RL_hp2000.ica/filtered_func_data.ica/report/IC_80.png","506234","MNINonLinear//Results/rfMRI_REST2_RL/rfMRI_REST2_RL_hp2000.ica/filtered_func_data.ica/report/IC_80.png","zb5c_aWI6D1TCseA4PNIuoBTwWRFR1Wt"
"s3://hcp-openaccess/HCP_1200/506234/MNINonLinear/Results/rfMRI_REST2_RL/rfMRI_REST2_RL_hp2000.ica/filtered_func_data.ica/report/IC_80_MM.html","506234","MNINonLinear//Results/rfMRI_REST2_RL/rfMRI_REST2_RL_hp2000.ica/filtered_func_data.ica/report/IC_80_MM.html","jmvSkh2da6dEtATqIt55X3KSWxRi530W"
"s3://hcp-openaccess/HCP_1200/506234/MNINonLinear/Results/rfMRI_REST2_RL/rfMRI_REST2_RL_hp2000.ica/filtered_func_data.ica/report/IC_80_MMfit.png","506234","MNINonLinear//Results/rfMRI_REST2_RL/rfMRI_REST2_RL_hp2000.ica/filtered_func_data.ica/report/IC_80_MMfit.png","oHzi7L4m71piDTE.ae47aSg_dDdFglXP"
"s3://hcp-openaccess/HCP_1200/506234/MNINonLinear/Results/rfMRI_REST2_RL/rfMRI_REST2_RL_hp2000.ica/filtered_func_data.ica/report/IC_80_prob.png","506234","MNINonLinear//Results/rfMRI_REST2_RL/rfMRI_REST2_RL_hp2000.ica/filtered_func_data.ica/report/IC_80_prob.png","2IgxL8XpZGep.dHrHTU8ZVxc7K7tvN8f"
"s3://hcp-openaccess/HCP_1200/506234/MNINonLinear/Results/rfMRI_REST2_RL/rfMRI_REST2_RL_hp2000.ica/filtered_func_data.ica/report/IC_80_thresh.png","506234","MNINonLinear//Results/rfMRI_REST2_RL/rfMRI_REST2_RL_hp2000.ica/filtered_func_data.ica/report/IC_80_thresh.png","iRi5flj54AOJuEYpkg9wjtPB02jZFVJi"
"s3://hcp-openaccess/HCP_1200/506234/MNINonLinear/Results/rfMRI_REST2_RL/rfMRI_REST2_RL_hp2000.ica/filtered_func_data.ica/report/IC_81.html","506234","MNINonLinear//Results/rfMRI_REST2_RL/rfMRI_REST2_RL_hp2000.ica/filtered_func_data.ica/report/IC_81.html","iVivM1gKj3LXpPQ_IwFHXniUmFMfldN0"
"s3://hcp-openaccess/HCP_1200/506234/MNINonLinear/Results/rfMRI_REST2_RL/rfMRI_REST2_RL_hp2000.ica/filtered_func_data.ica/report/IC_81.png","506234","MNINonLinear//Results/rfMRI_REST2_RL/rfMRI_REST2_RL_hp2000.ica/filtered_func_data.ica/report/IC_81.png","2HWNqYnKlfOVAabd_SjqyWUWUjCqCp.h"
"s3://hcp-openaccess/HCP_1200/506234/MNINonLinear/Results/rfMRI_REST2_RL/rfMRI_REST2_RL_hp2000.ica/filtered_func_data.ica/report/IC_81_MM.html","506234","MNINonLinear//Results/rfMRI_REST2_RL/rfMRI_REST2_RL_hp2000.ica/filtered_func_data.ica/report/IC_81_MM.html","jAAptEgxPpUgr41KWwqpasVr8I4d6HZc"
"s3://hcp-openaccess/HCP_1200/506234/MNINonLinear/Results/rfMRI_REST2_RL/rfMRI_REST2_RL_hp2000.ica/filtered_func_data.ica/report/IC_81_MMfit.png","506234","MNINonLinear//Results/rfMRI_REST2_RL/rfMRI_REST2_RL_hp2000.ica/filtered_func_data.ica/report/IC_81_MMfit.png","28IIgPTwT7yiSvY0fFUFGhhdwGf7eNDP"
"s3://hcp-openaccess/HCP_1200/506234/MNINonLinear/Results/rfMRI_REST2_RL/rfMRI_REST2_RL_hp2000.ica/filtered_func_data.ica/report/IC_81_prob.png","506234","MNINonLinear//Results/rfMRI_REST2_RL/rfMRI_REST2_RL_hp2000.ica/filtered_func_data.ica/report/IC_81_prob.png","8nkpTStGsceIvnwfvC39Vcn88.qaUtrg"
"s3://hcp-openaccess/HCP_1200/506234/MNINonLinear/Results/rfMRI_REST2_RL/rfMRI_REST2_RL_hp2000.ica/filtered_func_data.ica/report/IC_81_thresh.png","506234","MNINonLinear//Results/rfMRI_REST2_RL/rfMRI_REST2_RL_hp2000.ica/filtered_func_data.ica/report/IC_81_thresh.png","MFRQU3V.3pFPIxNtEh.XcNb6P01RbRU0"
"s3://hcp-openaccess/HCP_1200/506234/MNINonLinear/Results/rfMRI_REST2_RL/rfMRI_REST2_RL_hp2000.ica/filtered_func_data.ica/report/IC_82.html","506234","MNINonLinear//Results/rfMRI_REST2_RL/rfMRI_REST2_RL_hp2000.ica/filtered_func_data.ica/report/IC_82.html","e4hms8IOOdFpVbuyL.tCzcKDjCmvRSqp"
"s3://hcp-openaccess/HCP_1200/506234/MNINonLinear/Results/rfMRI_REST2_RL/rfMRI_REST2_RL_hp2000.ica/filtered_func_data.ica/report/IC_82.png","506234","MNINonLinear//Results/rfMRI_REST2_RL/rfMRI_REST2_RL_hp2000.ica/filtered_func_data.ica/report/IC_82.png","NIBuYLvrVXwdQMz4cSuJz3V.4_Twm91R"
"s3://hcp-openaccess/HCP_1200/506234/MNINonLinear/Results/rfMRI_REST2_RL/rfMRI_REST2_RL_hp2000.ica/filtered_func_data.ica/report/IC_82_MM.html","506234","MNINonLinear//Results/rfMRI_REST2_RL/rfMRI_REST2_RL_hp2000.ica/filtered_func_data.ica/report/IC_82_MM.html","hz9DNpZPcybBkP2xzH1SDDjV8i2zcLy2"
"s3://hcp-openaccess/HCP_1200/506234/MNINonLinear/Results/rfMRI_REST2_RL/rfMRI_REST2_RL_hp2000.ica/filtered_func_data.ica/report/IC_82_MMfit.png","506234","MNINonLinear//Results/rfMRI_REST2_RL/rfMRI_REST2_RL_hp2000.ica/filtered_func_data.ica/report/IC_82_MMfit.png","845Fe.G1QTFCn_SibGPZIAD3qWHfAW2A"
"s3://hcp-openaccess/HCP_1200/506234/MNINonLinear/Results/rfMRI_REST2_RL/rfMRI_REST2_RL_hp2000.ica/filtered_func_data.ica/report/IC_82_prob.png","506234","MNINonLinear//Results/rfMRI_REST2_RL/rfMRI_REST2_RL_hp2000.ica/filtered_func_data.ica/report/IC_82_prob.png","4dTymRCll_s2MtUApLWa7yroyPXlSDKc"
"s3://hcp-openaccess/HCP_1200/506234/MNINonLinear/Results/rfMRI_REST2_RL/rfMRI_REST2_RL_hp2000.ica/filtered_func_data.ica/report/IC_82_thresh.png","506234","MNINonLinear//Results/rfMRI_REST2_RL/rfMRI_REST2_RL_hp2000.ica/filtered_func_data.ica/report/IC_82_thresh.png","x9w2doWWfw5qGn712cg.ADxPLWnA.BdN"
"s3://hcp-openaccess/HCP_1200/506234/MNINonLinear/Results/rfMRI_REST2_RL/rfMRI_REST2_RL_hp2000.ica/filtered_func_data.ica/report/IC_83.html","506234","MNINonLinear//Results/rfMRI_REST2_RL/rfMRI_REST2_RL_hp2000.ica/filtered_func_data.ica/report/IC_83.html","3dhNX_UaJdcp4J4ydfJIIKm.895nTXK2"
"s3://hcp-openaccess/HCP_1200/506234/MNINonLinear/Results/rfMRI_REST2_RL/rfMRI_REST2_RL_hp2000.ica/filtered_func_data.ica/report/IC_83.png","506234","MNINonLinear//Results/rfMRI_REST2_RL/rfMRI_REST2_RL_hp2000.ica/filtered_func_data.ica/report/IC_83.png","NeBHbvFibcTkbpq0AWnvUdzS6EyWu2iv"
"s3://hcp-openaccess/HCP_1200/506234/MNINonLinear/Results/rfMRI_REST2_RL/rfMRI_REST2_RL_hp2000.ica/filtered_func_data.ica/report/IC_83_MM.html","506234","MNINonLinear//Results/rfMRI_REST2_RL/rfMRI_REST2_RL_hp2000.ica/filtered_func_data.ica/report/IC_83_MM.html","DYTKB521rx2X2RAffSURtZ0xIdTn1qFt"
"s3://hcp-openaccess/HCP_1200/506234/MNINonLinear/Results/rfMRI_REST2_RL/rfMRI_REST2_RL_hp2000.ica/filtered_func_data.ica/report/IC_83_MMfit.png","506234","MNINonLinear//Results/rfMRI_REST2_RL/rfMRI_REST2_RL_hp2000.ica/filtered_func_data.ica/report/IC_83_MMfit.png","pcCjEQj6qkcJHrn9liEa_1reI6QSyDEH"
"s3://hcp-openaccess/HCP_1200/506234/MNINonLinear/Results/rfMRI_REST2_RL/rfMRI_REST2_RL_hp2000.ica/filtered_func_data.ica/report/IC_83_prob.png","506234","MNINonLinear//Results/rfMRI_REST2_RL/rfMRI_REST2_RL_hp2000.ica/filtered_func_data.ica/report/IC_83_prob.png","Cecsyb2OHCEyk6dvmi5rmgnmXaviHKPG"
"s3://hcp-openaccess/HCP_1200/506234/MNINonLinear/Results/rfMRI_REST2_RL/rfMRI_REST2_RL_hp2000.ica/filtered_func_data.ica/report/IC_83_thresh.png","506234","MNINonLinear//Results/rfMRI_REST2_RL/rfMRI_REST2_RL_hp2000.ica/filtered_func_data.ica/report/IC_83_thresh.png","xDtP0KyrHLmtf6WHUZX4Ty1QyE5.q.mc"
"s3://hcp-openaccess/HCP_1200/506234/MNINonLinear/Results/rfMRI_REST2_RL/rfMRI_REST2_RL_hp2000.ica/filtered_func_data.ica/report/IC_84.html","506234","MNINonLinear//Results/rfMRI_REST2_RL/rfMRI_REST2_RL_hp2000.ica/filtered_func_data.ica/report/IC_84.html","0u_knvtBGACR8CK2J.Mfjvaql.sSNwEx"
"s3://hcp-openaccess/HCP_1200/506234/MNINonLinear/Results/rfMRI_REST2_RL/rfMRI_REST2_RL_hp2000.ica/filtered_func_data.ica/report/IC_84.png","506234","MNINonLinear//Results/rfMRI_REST2_RL/rfMRI_REST2_RL_hp2000.ica/filtered_func_data.ica/report/IC_84.png","Z2_Fw3VS54ecKrnGcRP08MtGu4NyDTog"
"s3://hcp-openaccess/HCP_1200/506234/MNINonLinear/Results/rfMRI_REST2_RL/rfMRI_REST2_RL_hp2000.ica/filtered_func_data.ica/report/IC_84_MM.html","506234","MNINonLinear//Results/rfMRI_REST2_RL/rfMRI_REST2_RL_hp2000.ica/filtered_func_data.ica/report/IC_84_MM.html","mI6faOwD0WF9ne1L5I1fy.2KNDBgV.K1"
"s3://hcp-openaccess/HCP_1200/506234/MNINonLinear/Results/rfMRI_REST2_RL/rfMRI_REST2_RL_hp2000.ica/filtered_func_data.ica/report/IC_84_MMfit.png","506234","MNINonLinear//Results/rfMRI_REST2_RL/rfMRI_REST2_RL_hp2000.ica/filtered_func_data.ica/report/IC_84_MMfit.png","_vXBU4vL6cEWf5DGYNN0horSs4Z_xH6P"
"s3://hcp-openaccess/HCP_1200/506234/MNINonLinear/Results/rfMRI_REST2_RL/rfMRI_REST2_RL_hp2000.ica/filtered_func_data.ica/report/IC_84_prob.png","506234","MNINonLinear//Results/rfMRI_REST2_RL/rfMRI_REST2_RL_hp2000.ica/filtered_func_data.ica/report/IC_84_prob.png","u8GLc63BFWBOwdSiUgCzwbRbAWOjf6ke"
"s3://hcp-openaccess/HCP_1200/506234/MNINonLinear/Results/rfMRI_REST2_RL/rfMRI_REST2_RL_hp2000.ica/filtered_func_data.ica/report/IC_84_thresh.png","506234","MNINonLinear//Results/rfMRI_REST2_RL/rfMRI_REST2_RL_hp2000.ica/filtered_func_data.ica/report/IC_84_thresh.png","FNZ82NOuCjBbOBjBWkDsxMeUyVYTo22e"
"s3://hcp-openaccess/HCP_1200/506234/MNINonLinear/Results/rfMRI_REST2_RL/rfMRI_REST2_RL_hp2000.ica/filtered_func_data.ica/report/IC_85.html","506234","MNINonLinear//Results/rfMRI_REST2_RL/rfMRI_REST2_RL_hp2000.ica/filtered_func_data.ica/report/IC_85.html","oIqRkR5TqEZhUJEVZSFK0Sazg902V07x"
"s3://hcp-openaccess/HCP_1200/506234/MNINonLinear/Results/rfMRI_REST2_RL/rfMRI_REST2_RL_hp2000.ica/filtered_func_data.ica/report/IC_85.png","506234","MNINonLinear//Results/rfMRI_REST2_RL/rfMRI_REST2_RL_hp2000.ica/filtered_func_data.ica/report/IC_85.png","ieM4S8j65QZNpTH5MSMPTvfbjcA33P3N"
"s3://hcp-openaccess/HCP_1200/506234/MNINonLinear/Results/rfMRI_REST2_RL/rfMRI_REST2_RL_hp2000.ica/filtered_func_data.ica/report/IC_85_MM.html","506234","MNINonLinear//Results/rfMRI_REST2_RL/rfMRI_REST2_RL_hp2000.ica/filtered_func_data.ica/report/IC_85_MM.html","T2HmzRzSnkDEBtcz4hDXogQ2ibArEBG8"
"s3://hcp-openaccess/HCP_1200/506234/MNINonLinear/Results/rfMRI_REST2_RL/rfMRI_REST2_RL_hp2000.ica/filtered_func_data.ica/report/IC_85_MMfit.png","506234","MNINonLinear//Results/rfMRI_REST2_RL/rfMRI_REST2_RL_hp2000.ica/filtered_func_data.ica/report/IC_85_MMfit.png",".d_RAxMhyfxj7YO7JLbMjAYSiaxJXma7"
"s3://hcp-openaccess/HCP_1200/506234/MNINonLinear/Results/rfMRI_REST2_RL/rfMRI_REST2_RL_hp2000.ica/filtered_func_data.ica/report/IC_85_prob.png","506234","MNINonLinear//Results/rfMRI_REST2_RL/rfMRI_REST2_RL_hp2000.ica/filtered_func_data.ica/report/IC_85_prob.png","Vm8k8U9fjK1nG4uRPXwk_P1aH_iXaNXi"
"s3://hcp-openaccess/HCP_1200/506234/MNINonLinear/Results/rfMRI_REST2_RL/rfMRI_REST2_RL_hp2000.ica/filtered_func_data.ica/report/IC_85_thresh.png","506234","MNINonLinear//Results/rfMRI_REST2_RL/rfMRI_REST2_RL_hp2000.ica/filtered_func_data.ica/report/IC_85_thresh.png","OAuApMknt0.oc0yv50swbSLAz0SbuuBQ"
"s3://hcp-openaccess/HCP_1200/506234/MNINonLinear/Results/rfMRI_REST2_RL/rfMRI_REST2_RL_hp2000.ica/filtered_func_data.ica/report/IC_86.html","506234","MNINonLinear//Results/rfMRI_REST2_RL/rfMRI_REST2_RL_hp2000.ica/filtered_func_data.ica/report/IC_86.html",".lIlM7OlVyioujk8ERRyZ6BbZ15HaYVu"
"s3://hcp-openaccess/HCP_1200/506234/MNINonLinear/Results/rfMRI_REST2_RL/rfMRI_REST2_RL_hp2000.ica/filtered_func_data.ica/report/IC_86.png","506234","MNINonLinear//Results/rfMRI_REST2_RL/rfMRI_REST2_RL_hp2000.ica/filtered_func_data.ica/report/IC_86.png","54tvCPkHCV0s1.4AY5QhAVy8b9hBMhHx"
"s3://hcp-openaccess/HCP_1200/506234/MNINonLinear/Results/rfMRI_REST2_RL/rfMRI_REST2_RL_hp2000.ica/filtered_func_data.ica/report/IC_86_MM.html","506234","MNINonLinear//Results/rfMRI_REST2_RL/rfMRI_REST2_RL_hp2000.ica/filtered_func_data.ica/report/IC_86_MM.html","244U5UB1wv24L8jjeL68Pvj9r4BIq5m."
"s3://hcp-openaccess/HCP_1200/506234/MNINonLinear/Results/rfMRI_REST2_RL/rfMRI_REST2_RL_hp2000.ica/filtered_func_data.ica/report/IC_86_MMfit.png","506234","MNINonLinear//Results/rfMRI_REST2_RL/rfMRI_REST2_RL_hp2000.ica/filtered_func_data.ica/report/IC_86_MMfit.png","RPimrKIhasHinZ6wFZufsBf5DbL9P.7Y"
"s3://hcp-openaccess/HCP_1200/506234/MNINonLinear/Results/rfMRI_REST2_RL/rfMRI_REST2_RL_hp2000.ica/filtered_func_data.ica/report/IC_86_prob.png","506234","MNINonLinear//Results/rfMRI_REST2_RL/rfMRI_REST2_RL_hp2000.ica/filtered_func_data.ica/report/IC_86_prob.png","pVRbEGOOinMbKcfOSCFiwW74Tazx9Gtf"
"s3://hcp-openaccess/HCP_1200/506234/MNINonLinear/Results/rfMRI_REST2_RL/rfMRI_REST2_RL_hp2000.ica/filtered_func_data.ica/report/IC_86_thresh.png","506234","MNINonLinear//Results/rfMRI_REST2_RL/rfMRI_REST2_RL_hp2000.ica/filtered_func_data.ica/report/IC_86_thresh.png","faStgItlupWkGG60Gq0q1S8Eiyn_AMy0"
"s3://hcp-openaccess/HCP_1200/506234/MNINonLinear/Results/rfMRI_REST2_RL/rfMRI_REST2_RL_hp2000.ica/filtered_func_data.ica/report/IC_87.html","506234","MNINonLinear//Results/rfMRI_REST2_RL/rfMRI_REST2_RL_hp2000.ica/filtered_func_data.ica/report/IC_87.html","lww2PqZ4LPyiE2TqnKqxA618rf66lmQV"
"s3://hcp-openaccess/HCP_1200/506234/MNINonLinear/Results/rfMRI_REST2_RL/rfMRI_REST2_RL_hp2000.ica/filtered_func_data.ica/report/IC_87.png","506234","MNINonLinear//Results/rfMRI_REST2_RL/rfMRI_REST2_RL_hp2000.ica/filtered_func_data.ica/report/IC_87.png","dcGuvY237MJfPN2RSg3nwgnPLXutvdsS"
"s3://hcp-openaccess/HCP_1200/506234/MNINonLinear/Results/rfMRI_REST2_RL/rfMRI_REST2_RL_hp2000.ica/filtered_func_data.ica/report/IC_87_MM.html","506234","MNINonLinear//Results/rfMRI_REST2_RL/rfMRI_REST2_RL_hp2000.ica/filtered_func_data.ica/report/IC_87_MM.html",".27gCZciKz4FMcRWSwTKi48Wif8PpfjU"
"s3://hcp-openaccess/HCP_1200/506234/MNINonLinear/Results/rfMRI_REST2_RL/rfMRI_REST2_RL_hp2000.ica/filtered_func_data.ica/report/IC_87_MMfit.png","506234","MNINonLinear//Results/rfMRI_REST2_RL/rfMRI_REST2_RL_hp2000.ica/filtered_func_data.ica/report/IC_87_MMfit.png","P5xhYMiQAVHhBVrzRGIHj2i0sZBQ1HWK"
"s3://hcp-openaccess/HCP_1200/506234/MNINonLinear/Results/rfMRI_REST2_RL/rfMRI_REST2_RL_hp2000.ica/filtered_func_data.ica/report/IC_87_prob.png","506234","MNINonLinear//Results/rfMRI_REST2_RL/rfMRI_REST2_RL_hp2000.ica/filtered_func_data.ica/report/IC_87_prob.png","ISGAnKByQA3VW2Du0CGBo3i7YU_3v.B1"
"s3://hcp-openaccess/HCP_1200/506234/MNINonLinear/Results/rfMRI_REST2_RL/rfMRI_REST2_RL_hp2000.ica/filtered_func_data.ica/report/IC_87_thresh.png","506234","MNINonLinear//Results/rfMRI_REST2_RL/rfMRI_REST2_RL_hp2000.ica/filtered_func_data.ica/report/IC_87_thresh.png","kl4cWhMq_ILmyujO7y_4JkMrgAw_IEx7"
"s3://hcp-openaccess/HCP_1200/506234/MNINonLinear/Results/rfMRI_REST2_RL/rfMRI_REST2_RL_hp2000.ica/filtered_func_data.ica/report/IC_88.html","506234","MNINonLinear//Results/rfMRI_REST2_RL/rfMRI_REST2_RL_hp2000.ica/filtered_func_data.ica/report/IC_88.html","y8N4thFR8tOUc6eoSerx2S1FshEuZp5d"
"s3://hcp-openaccess/HCP_1200/506234/MNINonLinear/Results/rfMRI_REST2_RL/rfMRI_REST2_RL_hp2000.ica/filtered_func_data.ica/report/IC_88.png","506234","MNINonLinear//Results/rfMRI_REST2_RL/rfMRI_REST2_RL_hp2000.ica/filtered_func_data.ica/report/IC_88.png","_6v7QhKgYanQ2w8omrItRlCsn.mJlGel"
"s3://hcp-openaccess/HCP_1200/506234/MNINonLinear/Results/rfMRI_REST2_RL/rfMRI_REST2_RL_hp2000.ica/filtered_func_data.ica/report/IC_88_MM.html","506234","MNINonLinear//Results/rfMRI_REST2_RL/rfMRI_REST2_RL_hp2000.ica/filtered_func_data.ica/report/IC_88_MM.html","f82WTAp9GIVuHpn6GD6o64OpwidWvits"
"s3://hcp-openaccess/HCP_1200/506234/MNINonLinear/Results/rfMRI_REST2_RL/rfMRI_REST2_RL_hp2000.ica/filtered_func_data.ica/report/IC_88_MMfit.png","506234","MNINonLinear//Results/rfMRI_REST2_RL/rfMRI_REST2_RL_hp2000.ica/filtered_func_data.ica/report/IC_88_MMfit.png","gNWTS9tVxoqqFQhq5MnhFJHWv5p7oEjY"
"s3://hcp-openaccess/HCP_1200/506234/MNINonLinear/Results/rfMRI_REST2_RL/rfMRI_REST2_RL_hp2000.ica/filtered_func_data.ica/report/IC_88_prob.png","506234","MNINonLinear//Results/rfMRI_REST2_RL/rfMRI_REST2_RL_hp2000.ica/filtered_func_data.ica/report/IC_88_prob.png","ZhnawcZqgdh2ofW.oN23dRyZmKvWX2zI"
"s3://hcp-openaccess/HCP_1200/506234/MNINonLinear/Results/rfMRI_REST2_RL/rfMRI_REST2_RL_hp2000.ica/filtered_func_data.ica/report/IC_88_thresh.png","506234","MNINonLinear//Results/rfMRI_REST2_RL/rfMRI_REST2_RL_hp2000.ica/filtered_func_data.ica/report/IC_88_thresh.png","bql2oUb1vQ87D6tpo769FE0kuoWIWB1D"
"s3://hcp-openaccess/HCP_1200/506234/MNINonLinear/Results/rfMRI_REST2_RL/rfMRI_REST2_RL_hp2000.ica/filtered_func_data.ica/report/IC_89.html","506234","MNINonLinear//Results/rfMRI_REST2_RL/rfMRI_REST2_RL_hp2000.ica/filtered_func_data.ica/report/IC_89.html","JCJmX0nVJI.y5Ob4uTNxa8xAsIyxIcaJ"
"s3://hcp-openaccess/HCP_1200/506234/MNINonLinear/Results/rfMRI_REST2_RL/rfMRI_REST2_RL_hp2000.ica/filtered_func_data.ica/report/IC_89.png","506234","MNINonLinear//Results/rfMRI_REST2_RL/rfMRI_REST2_RL_hp2000.ica/filtered_func_data.ica/report/IC_89.png","BFIzauZyKFsCbZHxMBgHWIEBA7IP0Edn"
"s3://hcp-openaccess/HCP_1200/506234/MNINonLinear/Results/rfMRI_REST2_RL/rfMRI_REST2_RL_hp2000.ica/filtered_func_data.ica/report/IC_89_MM.html","506234","MNINonLinear//Results/rfMRI_REST2_RL/rfMRI_REST2_RL_hp2000.ica/filtered_func_data.ica/report/IC_89_MM.html","yLxcnqiqtJD.JjQLXQbOsLMSb5mX3STM"
"s3://hcp-openaccess/HCP_1200/506234/MNINonLinear/Results/rfMRI_REST2_RL/rfMRI_REST2_RL_hp2000.ica/filtered_func_data.ica/report/IC_89_MMfit.png","506234","MNINonLinear//Results/rfMRI_REST2_RL/rfMRI_REST2_RL_hp2000.ica/filtered_func_data.ica/report/IC_89_MMfit.png","Z.N9af9paennqdyfxLshwnj94lS9FG1E"
"s3://hcp-openaccess/HCP_1200/506234/MNINonLinear/Results/rfMRI_REST2_RL/rfMRI_REST2_RL_hp2000.ica/filtered_func_data.ica/report/IC_89_prob.png","506234","MNINonLinear//Results/rfMRI_REST2_RL/rfMRI_REST2_RL_hp2000.ica/filtered_func_data.ica/report/IC_89_prob.png","1Xk2IlN6h2rvl52JmE6XeMMASbAOGZLW"
"s3://hcp-openaccess/HCP_1200/506234/MNINonLinear/Results/rfMRI_REST2_RL/rfMRI_REST2_RL_hp2000.ica/filtered_func_data.ica/report/IC_89_thresh.png","506234","MNINonLinear//Results/rfMRI_REST2_RL/rfMRI_REST2_RL_hp2000.ica/filtered_func_data.ica/report/IC_89_thresh.png","gjGisx7qlFWu3b0_dQIcU9lTz1.f2Qpg"
"s3://hcp-openaccess/HCP_1200/506234/MNINonLinear/Results/rfMRI_REST2_RL/rfMRI_REST2_RL_hp2000.ica/filtered_func_data.ica/report/IC_8_MM.html","506234","MNINonLinear//Results/rfMRI_REST2_RL/rfMRI_REST2_RL_hp2000.ica/filtered_func_data.ica/report/IC_8_MM.html","rNqsK5bQV6QBW2SSNoCleQJemUj7bZWp"
"s3://hcp-openaccess/HCP_1200/506234/MNINonLinear/Results/rfMRI_REST2_RL/rfMRI_REST2_RL_hp2000.ica/filtered_func_data.ica/report/IC_8_MMfit.png","506234","MNINonLinear//Results/rfMRI_REST2_RL/rfMRI_REST2_RL_hp2000.ica/filtered_func_data.ica/report/IC_8_MMfit.png","6ARoLTWQYFqdNMpWo1xVxut_LO4ev10P"
"s3://hcp-openaccess/HCP_1200/506234/MNINonLinear/Results/rfMRI_REST2_RL/rfMRI_REST2_RL_hp2000.ica/filtered_func_data.ica/report/IC_8_prob.png","506234","MNINonLinear//Results/rfMRI_REST2_RL/rfMRI_REST2_RL_hp2000.ica/filtered_func_data.ica/report/IC_8_prob.png","u1ScU84Z9uiFTIJbjloYrXu2tow.BYeA"
"s3://hcp-openaccess/HCP_1200/506234/MNINonLinear/Results/rfMRI_REST2_RL/rfMRI_REST2_RL_hp2000.ica/filtered_func_data.ica/report/IC_8_thresh.png","506234","MNINonLinear//Results/rfMRI_REST2_RL/rfMRI_REST2_RL_hp2000.ica/filtered_func_data.ica/report/IC_8_thresh.png","0cHCG7EwVEu3hKWgr6mQfVaIdO3PBONB"
"s3://hcp-openaccess/HCP_1200/506234/MNINonLinear/Results/rfMRI_REST2_RL/rfMRI_REST2_RL_hp2000.ica/filtered_func_data.ica/report/IC_9.html","506234","MNINonLinear//Results/rfMRI_REST2_RL/rfMRI_REST2_RL_hp2000.ica/filtered_func_data.ica/report/IC_9.html","XLtKwrvlxxqTE9qhQ6DvmlBHnvke6Voa"
"s3://hcp-openaccess/HCP_1200/506234/MNINonLinear/Results/rfMRI_REST2_RL/rfMRI_REST2_RL_hp2000.ica/filtered_func_data.ica/report/IC_9.png","506234","MNINonLinear//Results/rfMRI_REST2_RL/rfMRI_REST2_RL_hp2000.ica/filtered_func_data.ica/report/IC_9.png","4XNiOJLawwtH.OzLO5YF2irdGCu67AvI"
"s3://hcp-openaccess/HCP_1200/506234/MNINonLinear/Results/rfMRI_REST2_RL/rfMRI_REST2_RL_hp2000.ica/filtered_func_data.ica/report/IC_90.html","506234","MNINonLinear//Results/rfMRI_REST2_RL/rfMRI_REST2_RL_hp2000.ica/filtered_func_data.ica/report/IC_90.html","EMAx.lHkGvBLzeEE.zXRyhcTTRFb1kR5"
"s3://hcp-openaccess/HCP_1200/506234/MNINonLinear/Results/rfMRI_REST2_RL/rfMRI_REST2_RL_hp2000.ica/filtered_func_data.ica/report/IC_90.png","506234","MNINonLinear//Results/rfMRI_REST2_RL/rfMRI_REST2_RL_hp2000.ica/filtered_func_data.ica/report/IC_90.png","8ufWvSfEx4nwWxOyOgCCTFlhyfar19fv"
"s3://hcp-openaccess/HCP_1200/506234/MNINonLinear/Results/rfMRI_REST2_RL/rfMRI_REST2_RL_hp2000.ica/filtered_func_data.ica/report/IC_90_MM.html","506234","MNINonLinear//Results/rfMRI_REST2_RL/rfMRI_REST2_RL_hp2000.ica/filtered_func_data.ica/report/IC_90_MM.html","faBCsizs5qfztvoxnLj6hwH34qelBDox"
"s3://hcp-openaccess/HCP_1200/506234/MNINonLinear/Results/rfMRI_REST2_RL/rfMRI_REST2_RL_hp2000.ica/filtered_func_data.ica/report/IC_90_MMfit.png","506234","MNINonLinear//Results/rfMRI_REST2_RL/rfMRI_REST2_RL_hp2000.ica/filtered_func_data.ica/report/IC_90_MMfit.png","BrVO4x06.RZIX0LPI6MSjpYNxKFdkVt1"
"s3://hcp-openaccess/HCP_1200/506234/MNINonLinear/Results/rfMRI_REST2_RL/rfMRI_REST2_RL_hp2000.ica/filtered_func_data.ica/report/IC_90_prob.png","506234","MNINonLinear//Results/rfMRI_REST2_RL/rfMRI_REST2_RL_hp2000.ica/filtered_func_data.ica/report/IC_90_prob.png","zN8znVsCHu_Efnnsqg0S4lDkDn9ntvRz"
"s3://hcp-openaccess/HCP_1200/506234/MNINonLinear/Results/rfMRI_REST2_RL/rfMRI_REST2_RL_hp2000.ica/filtered_func_data.ica/report/IC_90_thresh.png","506234","MNINonLinear//Results/rfMRI_REST2_RL/rfMRI_REST2_RL_hp2000.ica/filtered_func_data.ica/report/IC_90_thresh.png","6vcm6Kyidbp.VljvKGhfe88aclxSZY4B"
"s3://hcp-openaccess/HCP_1200/506234/MNINonLinear/Results/rfMRI_REST2_RL/rfMRI_REST2_RL_hp2000.ica/filtered_func_data.ica/report/IC_91.html","506234","MNINonLinear//Results/rfMRI_REST2_RL/rfMRI_REST2_RL_hp2000.ica/filtered_func_data.ica/report/IC_91.html","Mo3WPd9Yd6b26_jOS.hXyGR99dXjICHr"
"s3://hcp-openaccess/HCP_1200/506234/MNINonLinear/Results/rfMRI_REST2_RL/rfMRI_REST2_RL_hp2000.ica/filtered_func_data.ica/report/IC_91.png","506234","MNINonLinear//Results/rfMRI_REST2_RL/rfMRI_REST2_RL_hp2000.ica/filtered_func_data.ica/report/IC_91.png","7CrxxFpdvX11OFJsRhO2niW0TiZrAdpz"
"s3://hcp-openaccess/HCP_1200/506234/MNINonLinear/Results/rfMRI_REST2_RL/rfMRI_REST2_RL_hp2000.ica/filtered_func_data.ica/report/IC_91_MM.html","506234","MNINonLinear//Results/rfMRI_REST2_RL/rfMRI_REST2_RL_hp2000.ica/filtered_func_data.ica/report/IC_91_MM.html","KWV_KtfBtHrsPrQj3F3Jbm4RWEuL.I02"
"s3://hcp-openaccess/HCP_1200/506234/MNINonLinear/Results/rfMRI_REST2_RL/rfMRI_REST2_RL_hp2000.ica/filtered_func_data.ica/report/IC_91_MMfit.png","506234","MNINonLinear//Results/rfMRI_REST2_RL/rfMRI_REST2_RL_hp2000.ica/filtered_func_data.ica/report/IC_91_MMfit.png","RXqs56OCR_W0jb3e2FUFguRFcrFkOFpK"
"s3://hcp-openaccess/HCP_1200/506234/MNINonLinear/Results/rfMRI_REST2_RL/rfMRI_REST2_RL_hp2000.ica/filtered_func_data.ica/report/IC_91_prob.png","506234","MNINonLinear//Results/rfMRI_REST2_RL/rfMRI_REST2_RL_hp2000.ica/filtered_func_data.ica/report/IC_91_prob.png","K_OYes2vPE1WveP4AkbagvyI92JN3DVS"
"s3://hcp-openaccess/HCP_1200/506234/MNINonLinear/Results/rfMRI_REST2_RL/rfMRI_REST2_RL_hp2000.ica/filtered_func_data.ica/report/IC_91_thresh.png","506234","MNINonLinear//Results/rfMRI_REST2_RL/rfMRI_REST2_RL_hp2000.ica/filtered_func_data.ica/report/IC_91_thresh.png","BuIOSsnC0WWKV.7te6Lz6T6wlrsGwzGD"
"s3://hcp-openaccess/HCP_1200/506234/MNINonLinear/Results/rfMRI_REST2_RL/rfMRI_REST2_RL_hp2000.ica/filtered_func_data.ica/report/IC_92.html","506234","MNINonLinear//Results/rfMRI_REST2_RL/rfMRI_REST2_RL_hp2000.ica/filtered_func_data.ica/report/IC_92.html","ee2Adm4uBYqvUqB3Fv6bBNcZM6fCJt7c"
"s3://hcp-openaccess/HCP_1200/506234/MNINonLinear/Results/rfMRI_REST2_RL/rfMRI_REST2_RL_hp2000.ica/filtered_func_data.ica/report/IC_92.png","506234","MNINonLinear//Results/rfMRI_REST2_RL/rfMRI_REST2_RL_hp2000.ica/filtered_func_data.ica/report/IC_92.png","kFi8w9rcHS6vnryMw5iaQBWw9dQTBK5z"
"s3://hcp-openaccess/HCP_1200/506234/MNINonLinear/Results/rfMRI_REST2_RL/rfMRI_REST2_RL_hp2000.ica/filtered_func_data.ica/report/IC_92_MM.html","506234","MNINonLinear//Results/rfMRI_REST2_RL/rfMRI_REST2_RL_hp2000.ica/filtered_func_data.ica/report/IC_92_MM.html","ROdWGdtR2m9PKyphV9nPPT4ki3R6ifof"
"s3://hcp-openaccess/HCP_1200/506234/MNINonLinear/Results/rfMRI_REST2_RL/rfMRI_REST2_RL_hp2000.ica/filtered_func_data.ica/report/IC_92_MMfit.png","506234","MNINonLinear//Results/rfMRI_REST2_RL/rfMRI_REST2_RL_hp2000.ica/filtered_func_data.ica/report/IC_92_MMfit.png","z0Gf3ESzH3KKLpKOm0MzTLP6EE6iI8cq"
"s3://hcp-openaccess/HCP_1200/506234/MNINonLinear/Results/rfMRI_REST2_RL/rfMRI_REST2_RL_hp2000.ica/filtered_func_data.ica/report/IC_92_prob.png","506234","MNINonLinear//Results/rfMRI_REST2_RL/rfMRI_REST2_RL_hp2000.ica/filtered_func_data.ica/report/IC_92_prob.png","RDunzYrlaVhjEjahCj6SDj0PJLCeOQoZ"
"s3://hcp-openaccess/HCP_1200/506234/MNINonLinear/Results/rfMRI_REST2_RL/rfMRI_REST2_RL_hp2000.ica/filtered_func_data.ica/report/IC_92_thresh.png","506234","MNINonLinear//Results/rfMRI_REST2_RL/rfMRI_REST2_RL_hp2000.ica/filtered_func_data.ica/report/IC_92_thresh.png","LPHftr8l29c1nEONw73E9b6342zYF.Qc"
"s3://hcp-openaccess/HCP_1200/506234/MNINonLinear/Results/rfMRI_REST2_RL/rfMRI_REST2_RL_hp2000.ica/filtered_func_data.ica/report/IC_93.html","506234","MNINonLinear//Results/rfMRI_REST2_RL/rfMRI_REST2_RL_hp2000.ica/filtered_func_data.ica/report/IC_93.html","xqGHBz9y_ZAypjFP9mtSI_oWF2kkX0bT"
"s3://hcp-openaccess/HCP_1200/506234/MNINonLinear/Results/rfMRI_REST2_RL/rfMRI_REST2_RL_hp2000.ica/filtered_func_data.ica/report/IC_93.png","506234","MNINonLinear//Results/rfMRI_REST2_RL/rfMRI_REST2_RL_hp2000.ica/filtered_func_data.ica/report/IC_93.png","guTrsQX0wFtkEBkepT_Zzp3vkELRZloI"
"s3://hcp-openaccess/HCP_1200/506234/MNINonLinear/Results/rfMRI_REST2_RL/rfMRI_REST2_RL_hp2000.ica/filtered_func_data.ica/report/IC_93_MM.html","506234","MNINonLinear//Results/rfMRI_REST2_RL/rfMRI_REST2_RL_hp2000.ica/filtered_func_data.ica/report/IC_93_MM.html","rh8H.YhvRrhKda5qswaenINK.6r1cCRf"
"s3://hcp-openaccess/HCP_1200/506234/MNINonLinear/Results/rfMRI_REST2_RL/rfMRI_REST2_RL_hp2000.ica/filtered_func_data.ica/report/IC_93_MMfit.png","506234","MNINonLinear//Results/rfMRI_REST2_RL/rfMRI_REST2_RL_hp2000.ica/filtered_func_data.ica/report/IC_93_MMfit.png","CXGmFXKmAuDNgvSovU9tDXg1YlqfAo.h"
"s3://hcp-openaccess/HCP_1200/506234/MNINonLinear/Results/rfMRI_REST2_RL/rfMRI_REST2_RL_hp2000.ica/filtered_func_data.ica/report/IC_93_prob.png","506234","MNINonLinear//Results/rfMRI_REST2_RL/rfMRI_REST2_RL_hp2000.ica/filtered_func_data.ica/report/IC_93_prob.png","1OZKcrBZ73tGr1ryNhfTPLUe8TL5M8gJ"
"s3://hcp-openaccess/HCP_1200/506234/MNINonLinear/Results/rfMRI_REST2_RL/rfMRI_REST2_RL_hp2000.ica/filtered_func_data.ica/report/IC_93_thresh.png","506234","MNINonLinear//Results/rfMRI_REST2_RL/rfMRI_REST2_RL_hp2000.ica/filtered_func_data.ica/report/IC_93_thresh.png","LDvQLJ8JafrF_m94r4tHGi2crS8zcc1p"
"s3://hcp-openaccess/HCP_1200/506234/MNINonLinear/Results/rfMRI_REST2_RL/rfMRI_REST2_RL_hp2000.ica/filtered_func_data.ica/report/IC_9_MM.html","506234","MNINonLinear//Results/rfMRI_REST2_RL/rfMRI_REST2_RL_hp2000.ica/filtered_func_data.ica/report/IC_9_MM.html","3BAx0MGsF1vYkoaechEYk.TP_WYYxO.D"
"s3://hcp-openaccess/HCP_1200/506234/MNINonLinear/Results/rfMRI_REST2_RL/rfMRI_REST2_RL_hp2000.ica/filtered_func_data.ica/report/IC_9_MMfit.png","506234","MNINonLinear//Results/rfMRI_REST2_RL/rfMRI_REST2_RL_hp2000.ica/filtered_func_data.ica/report/IC_9_MMfit.png","hghY97Te21ushcImQd0GMvEZFkQGX7pC"
"s3://hcp-openaccess/HCP_1200/506234/MNINonLinear/Results/rfMRI_REST2_RL/rfMRI_REST2_RL_hp2000.ica/filtered_func_data.ica/report/IC_9_prob.png","506234","MNINonLinear//Results/rfMRI_REST2_RL/rfMRI_REST2_RL_hp2000.ica/filtered_func_data.ica/report/IC_9_prob.png","ujon2aayZE5y5Hou2gcRyP4n5UN5sEug"
"s3://hcp-openaccess/HCP_1200/506234/MNINonLinear/Results/rfMRI_REST2_RL/rfMRI_REST2_RL_hp2000.ica/filtered_func_data.ica/report/IC_9_thresh.png","506234","MNINonLinear//Results/rfMRI_REST2_RL/rfMRI_REST2_RL_hp2000.ica/filtered_func_data.ica/report/IC_9_thresh.png","ta2UaRTEBR5yD7WNa1PoUSVoL44NL2ly"
"s3://hcp-openaccess/HCP_1200/506234/MNINonLinear/Results/rfMRI_REST2_RL/rfMRI_REST2_RL_hp2000.ica/filtered_func_data.ica/report/f1.png","506234","MNINonLinear//Results/rfMRI_REST2_RL/rfMRI_REST2_RL_hp2000.ica/filtered_func_data.ica/report/f1.png","m7rm6lDoELxCtPxf3H.ZFiKaC7_cz..A"
"s3://hcp-openaccess/HCP_1200/506234/MNINonLinear/Results/rfMRI_REST2_RL/rfMRI_REST2_RL_hp2000.ica/filtered_func_data.ica/report/f1.txt","506234","MNINonLinear//Results/rfMRI_REST2_RL/rfMRI_REST2_RL_hp2000.ica/filtered_func_data.ica/report/f1.txt","h.WH8fX1fyx1qEJoV3sPSAL_ipIwByz0"
"s3://hcp-openaccess/HCP_1200/506234/MNINonLinear/Results/rfMRI_REST2_RL/rfMRI_REST2_RL_hp2000.ica/filtered_func_data.ica/report/f10.png","506234","MNINonLinear//Results/rfMRI_REST2_RL/rfMRI_REST2_RL_hp2000.ica/filtered_func_data.ica/report/f10.png","S_5HadpzvdEY4SAKVcJZygT3uyidrOCo"
"s3://hcp-openaccess/HCP_1200/506234/MNINonLinear/Results/rfMRI_REST2_RL/rfMRI_REST2_RL_hp2000.ica/filtered_func_data.ica/report/f10.txt","506234","MNINonLinear//Results/rfMRI_REST2_RL/rfMRI_REST2_RL_hp2000.ica/filtered_func_data.ica/report/f10.txt","yxSFT7HqWT2BLJCowrq5IJcUIu6g0S1V"
"s3://hcp-openaccess/HCP_1200/506234/MNINonLinear/Results/rfMRI_REST2_RL/rfMRI_REST2_RL_hp2000.ica/filtered_func_data.ica/report/f11.png","506234","MNINonLinear//Results/rfMRI_REST2_RL/rfMRI_REST2_RL_hp2000.ica/filtered_func_data.ica/report/f11.png","1.cjV.5Hkr4DOM6tLVTD2miTmPlvek00"
"s3://hcp-openaccess/HCP_1200/506234/MNINonLinear/Results/rfMRI_REST2_RL/rfMRI_REST2_RL_hp2000.ica/filtered_func_data.ica/report/f11.txt","506234","MNINonLinear//Results/rfMRI_REST2_RL/rfMRI_REST2_RL_hp2000.ica/filtered_func_data.ica/report/f11.txt","t9lhMiacnYQWFOZuYQC5fjj__IxqjIXT"
"s3://hcp-openaccess/HCP_1200/506234/MNINonLinear/Results/rfMRI_REST2_RL/rfMRI_REST2_RL_hp2000.ica/filtered_func_data.ica/report/f12.png","506234","MNINonLinear//Results/rfMRI_REST2_RL/rfMRI_REST2_RL_hp2000.ica/filtered_func_data.ica/report/f12.png","Pt1C1IW77kUmUvsGT3JVKy.RYp1GRh8C"
"s3://hcp-openaccess/HCP_1200/506234/MNINonLinear/Results/rfMRI_REST2_RL/rfMRI_REST2_RL_hp2000.ica/filtered_func_data.ica/report/f12.txt","506234","MNINonLinear//Results/rfMRI_REST2_RL/rfMRI_REST2_RL_hp2000.ica/filtered_func_data.ica/report/f12.txt","ov_CcduT673pTOxoi6Lxxx8DiiRrZPvn"
"s3://hcp-openaccess/HCP_1200/506234/MNINonLinear/Results/rfMRI_REST2_RL/rfMRI_REST2_RL_hp2000.ica/filtered_func_data.ica/report/f13.png","506234","MNINonLinear//Results/rfMRI_REST2_RL/rfMRI_REST2_RL_hp2000.ica/filtered_func_data.ica/report/f13.png","4hym9aCwkem9ojlpuEYsRPiarSi31pC8"
"s3://hcp-openaccess/HCP_1200/506234/MNINonLinear/Results/rfMRI_REST2_RL/rfMRI_REST2_RL_hp2000.ica/filtered_func_data.ica/report/f13.txt","506234","MNINonLinear//Results/rfMRI_REST2_RL/rfMRI_REST2_RL_hp2000.ica/filtered_func_data.ica/report/f13.txt","zmSdfDi5EuJfrbJwwBtkMBQpYPkj4QCs"
"s3://hcp-openaccess/HCP_1200/506234/MNINonLinear/Results/rfMRI_REST2_RL/rfMRI_REST2_RL_hp2000.ica/filtered_func_data.ica/report/f14.png","506234","MNINonLinear//Results/rfMRI_REST2_RL/rfMRI_REST2_RL_hp2000.ica/filtered_func_data.ica/report/f14.png","70l6cXsp_FB3m8I..ZzpuvtaHNrEVedn"
"s3://hcp-openaccess/HCP_1200/506234/MNINonLinear/Results/rfMRI_REST2_RL/rfMRI_REST2_RL_hp2000.ica/filtered_func_data.ica/report/f14.txt","506234","MNINonLinear//Results/rfMRI_REST2_RL/rfMRI_REST2_RL_hp2000.ica/filtered_func_data.ica/report/f14.txt","X61s1Q1P2raz8il.ytm6HQTiJqVK_TFZ"
"s3://hcp-openaccess/HCP_1200/506234/MNINonLinear/Results/rfMRI_REST2_RL/rfMRI_REST2_RL_hp2000.ica/filtered_func_data.ica/report/f15.png","506234","MNINonLinear//Results/rfMRI_REST2_RL/rfMRI_REST2_RL_hp2000.ica/filtered_func_data.ica/report/f15.png","5Jj2ykMzxCy3ps_f2gpcFgzYlKp0Q9X."
"s3://hcp-openaccess/HCP_1200/506234/MNINonLinear/Results/rfMRI_REST2_RL/rfMRI_REST2_RL_hp2000.ica/filtered_func_data.ica/report/f15.txt","506234","MNINonLinear//Results/rfMRI_REST2_RL/rfMRI_REST2_RL_hp2000.ica/filtered_func_data.ica/report/f15.txt","gMWReILDGDkhYeWOlcG22kimeZIgCar3"
"s3://hcp-openaccess/HCP_1200/506234/MNINonLinear/Results/rfMRI_REST2_RL/rfMRI_REST2_RL_hp2000.ica/filtered_func_data.ica/report/f16.png","506234","MNINonLinear//Results/rfMRI_REST2_RL/rfMRI_REST2_RL_hp2000.ica/filtered_func_data.ica/report/f16.png","hT0ZajOVfc.StVMECeuLpINP3nnbwdKr"
"s3://hcp-openaccess/HCP_1200/506234/MNINonLinear/Results/rfMRI_REST2_RL/rfMRI_REST2_RL_hp2000.ica/filtered_func_data.ica/report/f16.txt","506234","MNINonLinear//Results/rfMRI_REST2_RL/rfMRI_REST2_RL_hp2000.ica/filtered_func_data.ica/report/f16.txt","6wShV7jxjMHlqZ4I1gPjjNHyyUw9lfFc"
"s3://hcp-openaccess/HCP_1200/506234/MNINonLinear/Results/rfMRI_REST2_RL/rfMRI_REST2_RL_hp2000.ica/filtered_func_data.ica/report/f17.png","506234","MNINonLinear//Results/rfMRI_REST2_RL/rfMRI_REST2_RL_hp2000.ica/filtered_func_data.ica/report/f17.png","R_rxdiSRhW.L8shuZEwEyPV5yAAvKd_u"
"s3://hcp-openaccess/HCP_1200/506234/MNINonLinear/Results/rfMRI_REST2_RL/rfMRI_REST2_RL_hp2000.ica/filtered_func_data.ica/report/f17.txt","506234","MNINonLinear//Results/rfMRI_REST2_RL/rfMRI_REST2_RL_hp2000.ica/filtered_func_data.ica/report/f17.txt","5cTzML9dGlFVV74mW0fP8S2pMt8EDHno"
"s3://hcp-openaccess/HCP_1200/506234/MNINonLinear/Results/rfMRI_REST2_RL/rfMRI_REST2_RL_hp2000.ica/filtered_func_data.ica/report/f18.png","506234","MNINonLinear//Results/rfMRI_REST2_RL/rfMRI_REST2_RL_hp2000.ica/filtered_func_data.ica/report/f18.png","mDrXSUGmIeD0KhTpmtHJ8cxF_X7kf0NW"
"s3://hcp-openaccess/HCP_1200/506234/MNINonLinear/Results/rfMRI_REST2_RL/rfMRI_REST2_RL_hp2000.ica/filtered_func_data.ica/report/f18.txt","506234","MNINonLinear//Results/rfMRI_REST2_RL/rfMRI_REST2_RL_hp2000.ica/filtered_func_data.ica/report/f18.txt","VbVTO1t3v4Wcy69f1PovfojltYhAr5Hj"
"s3://hcp-openaccess/HCP_1200/506234/MNINonLinear/Results/rfMRI_REST2_RL/rfMRI_REST2_RL_hp2000.ica/filtered_func_data.ica/report/f19.png","506234","MNINonLinear//Results/rfMRI_REST2_RL/rfMRI_REST2_RL_hp2000.ica/filtered_func_data.ica/report/f19.png","WLNOWyVo..4FfD53SmiLAyphPZsDuEZP"
"s3://hcp-openaccess/HCP_1200/506234/MNINonLinear/Results/rfMRI_REST2_RL/rfMRI_REST2_RL_hp2000.ica/filtered_func_data.ica/report/f19.txt","506234","MNINonLinear//Results/rfMRI_REST2_RL/rfMRI_REST2_RL_hp2000.ica/filtered_func_data.ica/report/f19.txt","5MLU3JTYhvFevn8yaGyg2kfjvw8Q7nYq"
"s3://hcp-openaccess/HCP_1200/506234/MNINonLinear/Results/rfMRI_REST2_RL/rfMRI_REST2_RL_hp2000.ica/filtered_func_data.ica/report/f2.png","506234","MNINonLinear//Results/rfMRI_REST2_RL/rfMRI_REST2_RL_hp2000.ica/filtered_func_data.ica/report/f2.png","PwOFegj4E7Prrukm.bMzdmajA4ewvIF8"
"s3://hcp-openaccess/HCP_1200/506234/MNINonLinear/Results/rfMRI_REST2_RL/rfMRI_REST2_RL_hp2000.ica/filtered_func_data.ica/report/f2.txt","506234","MNINonLinear//Results/rfMRI_REST2_RL/rfMRI_REST2_RL_hp2000.ica/filtered_func_data.ica/report/f2.txt","3XbQsrjfqKma3_.OI3veyy_A6YbgdnQE"
"s3://hcp-openaccess/HCP_1200/506234/MNINonLinear/Results/rfMRI_REST2_RL/rfMRI_REST2_RL_hp2000.ica/filtered_func_data.ica/report/f20.png","506234","MNINonLinear//Results/rfMRI_REST2_RL/rfMRI_REST2_RL_hp2000.ica/filtered_func_data.ica/report/f20.png","v46kywKtg.BF8JrfWazAlQOIF6bRDmXX"
"s3://hcp-openaccess/HCP_1200/506234/MNINonLinear/Results/rfMRI_REST2_RL/rfMRI_REST2_RL_hp2000.ica/filtered_func_data.ica/report/f20.txt","506234","MNINonLinear//Results/rfMRI_REST2_RL/rfMRI_REST2_RL_hp2000.ica/filtered_func_data.ica/report/f20.txt","nttX4kddakskF0fahWPrZnK4bDVAU0Yf"
"s3://hcp-openaccess/HCP_1200/506234/MNINonLinear/Results/rfMRI_REST2_RL/rfMRI_REST2_RL_hp2000.ica/filtered_func_data.ica/report/f21.png","506234","MNINonLinear//Results/rfMRI_REST2_RL/rfMRI_REST2_RL_hp2000.ica/filtered_func_data.ica/report/f21.png","rorKTRDkk8JS2pY72Mas5bjO0YebrvBv"
"s3://hcp-openaccess/HCP_1200/506234/MNINonLinear/Results/rfMRI_REST2_RL/rfMRI_REST2_RL_hp2000.ica/filtered_func_data.ica/report/f21.txt","506234","MNINonLinear//Results/rfMRI_REST2_RL/rfMRI_REST2_RL_hp2000.ica/filtered_func_data.ica/report/f21.txt","XSWj3SwWSzRkfZJQEldIe3uiZGJii2aX"
"s3://hcp-openaccess/HCP_1200/506234/MNINonLinear/Results/rfMRI_REST2_RL/rfMRI_REST2_RL_hp2000.ica/filtered_func_data.ica/report/f22.png","506234","MNINonLinear//Results/rfMRI_REST2_RL/rfMRI_REST2_RL_hp2000.ica/filtered_func_data.ica/report/f22.png","a5ZGlEM47fQBdO2h6sTORDFAO13ljhAK"
"s3://hcp-openaccess/HCP_1200/506234/MNINonLinear/Results/rfMRI_REST2_RL/rfMRI_REST2_RL_hp2000.ica/filtered_func_data.ica/report/f22.txt","506234","MNINonLinear//Results/rfMRI_REST2_RL/rfMRI_REST2_RL_hp2000.ica/filtered_func_data.ica/report/f22.txt","16CJOzEppoaa5pRcSnMcrk7E0AKddY9e"
"s3://hcp-openaccess/HCP_1200/506234/MNINonLinear/Results/rfMRI_REST2_RL/rfMRI_REST2_RL_hp2000.ica/filtered_func_data.ica/report/f23.png","506234","MNINonLinear//Results/rfMRI_REST2_RL/rfMRI_REST2_RL_hp2000.ica/filtered_func_data.ica/report/f23.png","sJVOID57uXa0S8HkwfAQTYHI9SlPvytq"
"s3://hcp-openaccess/HCP_1200/506234/MNINonLinear/Results/rfMRI_REST2_RL/rfMRI_REST2_RL_hp2000.ica/filtered_func_data.ica/report/f23.txt","506234","MNINonLinear//Results/rfMRI_REST2_RL/rfMRI_REST2_RL_hp2000.ica/filtered_func_data.ica/report/f23.txt","KSfZB4ix1O_TJUChSvIAKlPEFnhqD4Vn"
"s3://hcp-openaccess/HCP_1200/506234/MNINonLinear/Results/rfMRI_REST2_RL/rfMRI_REST2_RL_hp2000.ica/filtered_func_data.ica/report/f24.png","506234","MNINonLinear//Results/rfMRI_REST2_RL/rfMRI_REST2_RL_hp2000.ica/filtered_func_data.ica/report/f24.png","a9TqTo2uiXZwzDeg05cuImrys75o51M."
"s3://hcp-openaccess/HCP_1200/506234/MNINonLinear/Results/rfMRI_REST2_RL/rfMRI_REST2_RL_hp2000.ica/filtered_func_data.ica/report/f24.txt","506234","MNINonLinear//Results/rfMRI_REST2_RL/rfMRI_REST2_RL_hp2000.ica/filtered_func_data.ica/report/f24.txt","3ekUQMsMK0_Lz5Iwqw_gNxTuA6abL4Vk"
"s3://hcp-openaccess/HCP_1200/506234/MNINonLinear/Results/rfMRI_REST2_RL/rfMRI_REST2_RL_hp2000.ica/filtered_func_data.ica/report/f25.png","506234","MNINonLinear//Results/rfMRI_REST2_RL/rfMRI_REST2_RL_hp2000.ica/filtered_func_data.ica/report/f25.png","hBTp88ma9x0DtgP3mAd46r4K0QhTkTmc"
"s3://hcp-openaccess/HCP_1200/506234/MNINonLinear/Results/rfMRI_REST2_RL/rfMRI_REST2_RL_hp2000.ica/filtered_func_data.ica/report/f25.txt","506234","MNINonLinear//Results/rfMRI_REST2_RL/rfMRI_REST2_RL_hp2000.ica/filtered_func_data.ica/report/f25.txt","mT_w7.mAdmrXU39W6_LmlZUtjbmlnBz5"
"s3://hcp-openaccess/HCP_1200/506234/MNINonLinear/Results/rfMRI_REST2_RL/rfMRI_REST2_RL_hp2000.ica/filtered_func_data.ica/report/f26.png","506234","MNINonLinear//Results/rfMRI_REST2_RL/rfMRI_REST2_RL_hp2000.ica/filtered_func_data.ica/report/f26.png","AQyUpfZ_oN6QMztexfGm1R3b_anfUyGj"
"s3://hcp-openaccess/HCP_1200/506234/MNINonLinear/Results/rfMRI_REST2_RL/rfMRI_REST2_RL_hp2000.ica/filtered_func_data.ica/report/f26.txt","506234","MNINonLinear//Results/rfMRI_REST2_RL/rfMRI_REST2_RL_hp2000.ica/filtered_func_data.ica/report/f26.txt","xQwFX7.ap6qWwh0R.AzO.3kfmgLklvgN"
"s3://hcp-openaccess/HCP_1200/506234/MNINonLinear/Results/rfMRI_REST2_RL/rfMRI_REST2_RL_hp2000.ica/filtered_func_data.ica/report/f27.png","506234","MNINonLinear//Results/rfMRI_REST2_RL/rfMRI_REST2_RL_hp2000.ica/filtered_func_data.ica/report/f27.png","XyiN.vabo4hDKop2xLkK0vY1mwYjk1.K"
"s3://hcp-openaccess/HCP_1200/506234/MNINonLinear/Results/rfMRI_REST2_RL/rfMRI_REST2_RL_hp2000.ica/filtered_func_data.ica/report/f27.txt","506234","MNINonLinear//Results/rfMRI_REST2_RL/rfMRI_REST2_RL_hp2000.ica/filtered_func_data.ica/report/f27.txt","33Jc9Rry340it4b5EK3KGSjRFPWMjuzZ"
"s3://hcp-openaccess/HCP_1200/506234/MNINonLinear/Results/rfMRI_REST2_RL/rfMRI_REST2_RL_hp2000.ica/filtered_func_data.ica/report/f28.png","506234","MNINonLinear//Results/rfMRI_REST2_RL/rfMRI_REST2_RL_hp2000.ica/filtered_func_data.ica/report/f28.png","Xd2X39Bdu6AhD2KP0ABEAr.FLcgd6MNe"
"s3://hcp-openaccess/HCP_1200/506234/MNINonLinear/Results/rfMRI_REST2_RL/rfMRI_REST2_RL_hp2000.ica/filtered_func_data.ica/report/f28.txt","506234","MNINonLinear//Results/rfMRI_REST2_RL/rfMRI_REST2_RL_hp2000.ica/filtered_func_data.ica/report/f28.txt","XbQv44IIZvVESlDkd9Cu3Xlm4lM6cnOU"
"s3://hcp-openaccess/HCP_1200/506234/MNINonLinear/Results/rfMRI_REST2_RL/rfMRI_REST2_RL_hp2000.ica/filtered_func_data.ica/report/f29.png","506234","MNINonLinear//Results/rfMRI_REST2_RL/rfMRI_REST2_RL_hp2000.ica/filtered_func_data.ica/report/f29.png","eoawQL1qlyxHqe.Tx5nZaT648Kf1gZjH"
"s3://hcp-openaccess/HCP_1200/506234/MNINonLinear/Results/rfMRI_REST2_RL/rfMRI_REST2_RL_hp2000.ica/filtered_func_data.ica/report/f29.txt","506234","MNINonLinear//Results/rfMRI_REST2_RL/rfMRI_REST2_RL_hp2000.ica/filtered_func_data.ica/report/f29.txt","LWl9VsoE369iFC3AhJ6O9BRs.tsXnNwZ"
"s3://hcp-openaccess/HCP_1200/506234/MNINonLinear/Results/rfMRI_REST2_RL/rfMRI_REST2_RL_hp2000.ica/filtered_func_data.ica/report/f3.png","506234","MNINonLinear//Results/rfMRI_REST2_RL/rfMRI_REST2_RL_hp2000.ica/filtered_func_data.ica/report/f3.png","89DaaqPN4qnVgz3PlRdF.kIm.ROqEunH"
"s3://hcp-openaccess/HCP_1200/506234/MNINonLinear/Results/rfMRI_REST2_RL/rfMRI_REST2_RL_hp2000.ica/filtered_func_data.ica/report/f3.txt","506234","MNINonLinear//Results/rfMRI_REST2_RL/rfMRI_REST2_RL_hp2000.ica/filtered_func_data.ica/report/f3.txt","7A3pDbdYqdOdGWUvmniASfnyyvEGyA9u"
"s3://hcp-openaccess/HCP_1200/506234/MNINonLinear/Results/rfMRI_REST2_RL/rfMRI_REST2_RL_hp2000.ica/filtered_func_data.ica/report/f30.png","506234","MNINonLinear//Results/rfMRI_REST2_RL/rfMRI_REST2_RL_hp2000.ica/filtered_func_data.ica/report/f30.png","RbPZx7bnMaGi22Bm2i3t4et4WTdeogCi"
"s3://hcp-openaccess/HCP_1200/506234/MNINonLinear/Results/rfMRI_REST2_RL/rfMRI_REST2_RL_hp2000.ica/filtered_func_data.ica/report/f30.txt","506234","MNINonLinear//Results/rfMRI_REST2_RL/rfMRI_REST2_RL_hp2000.ica/filtered_func_data.ica/report/f30.txt","ncTXM17YPKzM.RtYJa4sKf2tTIx3N5oh"
"s3://hcp-openaccess/HCP_1200/506234/MNINonLinear/Results/rfMRI_REST2_RL/rfMRI_REST2_RL_hp2000.ica/filtered_func_data.ica/report/f31.png","506234","MNINonLinear//Results/rfMRI_REST2_RL/rfMRI_REST2_RL_hp2000.ica/filtered_func_data.ica/report/f31.png","kRAZgNUUsAdBL_IUF3F6rkvySxJaB_ol"
"s3://hcp-openaccess/HCP_1200/506234/MNINonLinear/Results/rfMRI_REST2_RL/rfMRI_REST2_RL_hp2000.ica/filtered_func_data.ica/report/f31.txt","506234","MNINonLinear//Results/rfMRI_REST2_RL/rfMRI_REST2_RL_hp2000.ica/filtered_func_data.ica/report/f31.txt","CYA9u2CGdoyGEfMOyY0dSR5gpfOa4i4u"
"s3://hcp-openaccess/HCP_1200/506234/MNINonLinear/Results/rfMRI_REST2_RL/rfMRI_REST2_RL_hp2000.ica/filtered_func_data.ica/report/f32.png","506234","MNINonLinear//Results/rfMRI_REST2_RL/rfMRI_REST2_RL_hp2000.ica/filtered_func_data.ica/report/f32.png","6uS3ADbTHeF4hzaXt2WgTEIP9myrx9T3"
"s3://hcp-openaccess/HCP_1200/506234/MNINonLinear/Results/rfMRI_REST2_RL/rfMRI_REST2_RL_hp2000.ica/filtered_func_data.ica/report/f32.txt","506234","MNINonLinear//Results/rfMRI_REST2_RL/rfMRI_REST2_RL_hp2000.ica/filtered_func_data.ica/report/f32.txt","fPhhusPyRpADH2v9aitkfj4bdHvgUIYC"
"s3://hcp-openaccess/HCP_1200/506234/MNINonLinear/Results/rfMRI_REST2_RL/rfMRI_REST2_RL_hp2000.ica/filtered_func_data.ica/report/f33.png","506234","MNINonLinear//Results/rfMRI_REST2_RL/rfMRI_REST2_RL_hp2000.ica/filtered_func_data.ica/report/f33.png","YbY9o3HhQW7q46uuKAn8M3P6OiMzUdbj"
"s3://hcp-openaccess/HCP_1200/506234/MNINonLinear/Results/rfMRI_REST2_RL/rfMRI_REST2_RL_hp2000.ica/filtered_func_data.ica/report/f33.txt","506234","MNINonLinear//Results/rfMRI_REST2_RL/rfMRI_REST2_RL_hp2000.ica/filtered_func_data.ica/report/f33.txt","nwBUoBtW6mPndyXvmbZmfoME9vtnEOZa"
"s3://hcp-openaccess/HCP_1200/506234/MNINonLinear/Results/rfMRI_REST2_RL/rfMRI_REST2_RL_hp2000.ica/filtered_func_data.ica/report/f34.png","506234","MNINonLinear//Results/rfMRI_REST2_RL/rfMRI_REST2_RL_hp2000.ica/filtered_func_data.ica/report/f34.png","G9hdzRJ3x6ypnjYsXF5hX.YW2TzHrAB0"
"s3://hcp-openaccess/HCP_1200/506234/MNINonLinear/Results/rfMRI_REST2_RL/rfMRI_REST2_RL_hp2000.ica/filtered_func_data.ica/report/f34.txt","506234","MNINonLinear//Results/rfMRI_REST2_RL/rfMRI_REST2_RL_hp2000.ica/filtered_func_data.ica/report/f34.txt","FiF217cpxtGA5uNEP9d.GbPM7cJ5TzYC"
"s3://hcp-openaccess/HCP_1200/506234/MNINonLinear/Results/rfMRI_REST2_RL/rfMRI_REST2_RL_hp2000.ica/filtered_func_data.ica/report/f35.png","506234","MNINonLinear//Results/rfMRI_REST2_RL/rfMRI_REST2_RL_hp2000.ica/filtered_func_data.ica/report/f35.png","AV6LCLWZIz82Hp85GtwZIZeYDvGrhIsx"
"s3://hcp-openaccess/HCP_1200/506234/MNINonLinear/Results/rfMRI_REST2_RL/rfMRI_REST2_RL_hp2000.ica/filtered_func_data.ica/report/f35.txt","506234","MNINonLinear//Results/rfMRI_REST2_RL/rfMRI_REST2_RL_hp2000.ica/filtered_func_data.ica/report/f35.txt","_5jVvSWxEydpj3bDa5vtIl.5qSoJodvm"
"s3://hcp-openaccess/HCP_1200/506234/MNINonLinear/Results/rfMRI_REST2_RL/rfMRI_REST2_RL_hp2000.ica/filtered_func_data.ica/report/f36.png","506234","MNINonLinear//Results/rfMRI_REST2_RL/rfMRI_REST2_RL_hp2000.ica/filtered_func_data.ica/report/f36.png","PW_8Olfy5QcQepgFALg9cjlixq7OLetn"
"s3://hcp-openaccess/HCP_1200/506234/MNINonLinear/Results/rfMRI_REST2_RL/rfMRI_REST2_RL_hp2000.ica/filtered_func_data.ica/report/f36.txt","506234","MNINonLinear//Results/rfMRI_REST2_RL/rfMRI_REST2_RL_hp2000.ica/filtered_func_data.ica/report/f36.txt","PR7EpSdS.VuEll_A5FDaSUugs5XHnBfQ"
"s3://hcp-openaccess/HCP_1200/506234/MNINonLinear/Results/rfMRI_REST2_RL/rfMRI_REST2_RL_hp2000.ica/filtered_func_data.ica/report/f37.png","506234","MNINonLinear//Results/rfMRI_REST2_RL/rfMRI_REST2_RL_hp2000.ica/filtered_func_data.ica/report/f37.png",".AOiiqAPmDyg2SE.gb2R5IrABe9HT..U"
"s3://hcp-openaccess/HCP_1200/506234/MNINonLinear/Results/rfMRI_REST2_RL/rfMRI_REST2_RL_hp2000.ica/filtered_func_data.ica/report/f37.txt","506234","MNINonLinear//Results/rfMRI_REST2_RL/rfMRI_REST2_RL_hp2000.ica/filtered_func_data.ica/report/f37.txt","zvbnsbzIud6LSOK4CX48mWyCwpll98D6"
"s3://hcp-openaccess/HCP_1200/506234/MNINonLinear/Results/rfMRI_REST2_RL/rfMRI_REST2_RL_hp2000.ica/filtered_func_data.ica/report/f38.png","506234","MNINonLinear//Results/rfMRI_REST2_RL/rfMRI_REST2_RL_hp2000.ica/filtered_func_data.ica/report/f38.png","wZDYezCzI90UzQLw6xzoS.AQvpy62yfo"
"s3://hcp-openaccess/HCP_1200/506234/MNINonLinear/Results/rfMRI_REST2_RL/rfMRI_REST2_RL_hp2000.ica/filtered_func_data.ica/report/f38.txt","506234","MNINonLinear//Results/rfMRI_REST2_RL/rfMRI_REST2_RL_hp2000.ica/filtered_func_data.ica/report/f38.txt","_2djIVnfGuQyEHWu7tZBKnTsjv9ZRPf1"
"s3://hcp-openaccess/HCP_1200/506234/MNINonLinear/Results/rfMRI_REST2_RL/rfMRI_REST2_RL_hp2000.ica/filtered_func_data.ica/report/f39.png","506234","MNINonLinear//Results/rfMRI_REST2_RL/rfMRI_REST2_RL_hp2000.ica/filtered_func_data.ica/report/f39.png","DLEvxX4mtELn3zGGRr1fYl6Sij0nbJ6L"
"s3://hcp-openaccess/HCP_1200/506234/MNINonLinear/Results/rfMRI_REST2_RL/rfMRI_REST2_RL_hp2000.ica/filtered_func_data.ica/report/f39.txt","506234","MNINonLinear//Results/rfMRI_REST2_RL/rfMRI_REST2_RL_hp2000.ica/filtered_func_data.ica/report/f39.txt","rE9SPXb7YDpAKdw2kusoCi1_05PdWLEF"
"s3://hcp-openaccess/HCP_1200/506234/MNINonLinear/Results/rfMRI_REST2_RL/rfMRI_REST2_RL_hp2000.ica/filtered_func_data.ica/report/f4.png","506234","MNINonLinear//Results/rfMRI_REST2_RL/rfMRI_REST2_RL_hp2000.ica/filtered_func_data.ica/report/f4.png","u.fPkZBFZe4vCzhj.UQ5.yvAcKhHebRs"
"s3://hcp-openaccess/HCP_1200/506234/MNINonLinear/Results/rfMRI_REST2_RL/rfMRI_REST2_RL_hp2000.ica/filtered_func_data.ica/report/f4.txt","506234","MNINonLinear//Results/rfMRI_REST2_RL/rfMRI_REST2_RL_hp2000.ica/filtered_func_data.ica/report/f4.txt","Uv2cb7daQanUPfQ1jD2Co8CvD1DR.tv3"
"s3://hcp-openaccess/HCP_1200/506234/MNINonLinear/Results/rfMRI_REST2_RL/rfMRI_REST2_RL_hp2000.ica/filtered_func_data.ica/report/f40.png","506234","MNINonLinear//Results/rfMRI_REST2_RL/rfMRI_REST2_RL_hp2000.ica/filtered_func_data.ica/report/f40.png","ssb3sqyVZfkk2ZrnmPRTMc14NXyfOac0"
"s3://hcp-openaccess/HCP_1200/506234/MNINonLinear/Results/rfMRI_REST2_RL/rfMRI_REST2_RL_hp2000.ica/filtered_func_data.ica/report/f40.txt","506234","MNINonLinear//Results/rfMRI_REST2_RL/rfMRI_REST2_RL_hp2000.ica/filtered_func_data.ica/report/f40.txt","vQgXFIptxlxsLjMxTeeNGTNwdwZJ1Xfd"
"s3://hcp-openaccess/HCP_1200/506234/MNINonLinear/Results/rfMRI_REST2_RL/rfMRI_REST2_RL_hp2000.ica/filtered_func_data.ica/report/f41.png","506234","MNINonLinear//Results/rfMRI_REST2_RL/rfMRI_REST2_RL_hp2000.ica/filtered_func_data.ica/report/f41.png","Br9UK1iCswDRtmHkIMDze6nz8lVCY5LE"
"s3://hcp-openaccess/HCP_1200/506234/MNINonLinear/Results/rfMRI_REST2_RL/rfMRI_REST2_RL_hp2000.ica/filtered_func_data.ica/report/f41.txt","506234","MNINonLinear//Results/rfMRI_REST2_RL/rfMRI_REST2_RL_hp2000.ica/filtered_func_data.ica/report/f41.txt","roDoGu8OWDetnTzWOzg.CQnL_KZXiS1Q"
"s3://hcp-openaccess/HCP_1200/506234/MNINonLinear/Results/rfMRI_REST2_RL/rfMRI_REST2_RL_hp2000.ica/filtered_func_data.ica/report/f42.png","506234","MNINonLinear//Results/rfMRI_REST2_RL/rfMRI_REST2_RL_hp2000.ica/filtered_func_data.ica/report/f42.png","U2H.lUiUr1L7e2qiJWUR8QonEZLOPmhn"
"s3://hcp-openaccess/HCP_1200/506234/MNINonLinear/Results/rfMRI_REST2_RL/rfMRI_REST2_RL_hp2000.ica/filtered_func_data.ica/report/f42.txt","506234","MNINonLinear//Results/rfMRI_REST2_RL/rfMRI_REST2_RL_hp2000.ica/filtered_func_data.ica/report/f42.txt","EBMUVLHEOmtYFdMTdbgQlgb4s.rWMXU2"
"s3://hcp-openaccess/HCP_1200/506234/MNINonLinear/Results/rfMRI_REST2_RL/rfMRI_REST2_RL_hp2000.ica/filtered_func_data.ica/report/f43.png","506234","MNINonLinear//Results/rfMRI_REST2_RL/rfMRI_REST2_RL_hp2000.ica/filtered_func_data.ica/report/f43.png","ZV5ZUDJjKCTzcA6U2qnu5nAbjkLH29Lo"
"s3://hcp-openaccess/HCP_1200/506234/MNINonLinear/Results/rfMRI_REST2_RL/rfMRI_REST2_RL_hp2000.ica/filtered_func_data.ica/report/f43.txt","506234","MNINonLinear//Results/rfMRI_REST2_RL/rfMRI_REST2_RL_hp2000.ica/filtered_func_data.ica/report/f43.txt","YHcZdOTun0EzYKl1FlQ8_SL5s.vhmD4q"
"s3://hcp-openaccess/HCP_1200/506234/MNINonLinear/Results/rfMRI_REST2_RL/rfMRI_REST2_RL_hp2000.ica/filtered_func_data.ica/report/f44.png","506234","MNINonLinear//Results/rfMRI_REST2_RL/rfMRI_REST2_RL_hp2000.ica/filtered_func_data.ica/report/f44.png","JLOhBaDjQfi2dKu_LEgQyEJNsQ20lDmh"
"s3://hcp-openaccess/HCP_1200/506234/MNINonLinear/Results/rfMRI_REST2_RL/rfMRI_REST2_RL_hp2000.ica/filtered_func_data.ica/report/f44.txt","506234","MNINonLinear//Results/rfMRI_REST2_RL/rfMRI_REST2_RL_hp2000.ica/filtered_func_data.ica/report/f44.txt","3XZHJ78C0.nEtVCL8wlLuxC8VcFbza9G"
"s3://hcp-openaccess/HCP_1200/506234/MNINonLinear/Results/rfMRI_REST2_RL/rfMRI_REST2_RL_hp2000.ica/filtered_func_data.ica/report/f45.png","506234","MNINonLinear//Results/rfMRI_REST2_RL/rfMRI_REST2_RL_hp2000.ica/filtered_func_data.ica/report/f45.png","C7dkHVwf6jMsS473zzY40.uA.eAkAZWq"
"s3://hcp-openaccess/HCP_1200/506234/MNINonLinear/Results/rfMRI_REST2_RL/rfMRI_REST2_RL_hp2000.ica/filtered_func_data.ica/report/f45.txt","506234","MNINonLinear//Results/rfMRI_REST2_RL/rfMRI_REST2_RL_hp2000.ica/filtered_func_data.ica/report/f45.txt","tY6KI_29JoCbMjl0MYEoNkRV7yClbnts"
"s3://hcp-openaccess/HCP_1200/506234/MNINonLinear/Results/rfMRI_REST2_RL/rfMRI_REST2_RL_hp2000.ica/filtered_func_data.ica/report/f46.png","506234","MNINonLinear//Results/rfMRI_REST2_RL/rfMRI_REST2_RL_hp2000.ica/filtered_func_data.ica/report/f46.png","6ozqKqsoSaZw6sHL7y34AJMuJFfQyqTO"
"s3://hcp-openaccess/HCP_1200/506234/MNINonLinear/Results/rfMRI_REST2_RL/rfMRI_REST2_RL_hp2000.ica/filtered_func_data.ica/report/f46.txt","506234","MNINonLinear//Results/rfMRI_REST2_RL/rfMRI_REST2_RL_hp2000.ica/filtered_func_data.ica/report/f46.txt","BzpkXj_nKc0ub6dlDKxQX38OBxSk0J0M"
"s3://hcp-openaccess/HCP_1200/506234/MNINonLinear/Results/rfMRI_REST2_RL/rfMRI_REST2_RL_hp2000.ica/filtered_func_data.ica/report/f47.png","506234","MNINonLinear//Results/rfMRI_REST2_RL/rfMRI_REST2_RL_hp2000.ica/filtered_func_data.ica/report/f47.png","hn8IrclZQ66y9rzYOLKYEjICqw2L.Z5j"
"s3://hcp-openaccess/HCP_1200/506234/MNINonLinear/Results/rfMRI_REST2_RL/rfMRI_REST2_RL_hp2000.ica/filtered_func_data.ica/report/f47.txt","506234","MNINonLinear//Results/rfMRI_REST2_RL/rfMRI_REST2_RL_hp2000.ica/filtered_func_data.ica/report/f47.txt","7eQFo31GeVwcGuUYBhbGPbOJvJZ7L.hI"
"s3://hcp-openaccess/HCP_1200/506234/MNINonLinear/Results/rfMRI_REST2_RL/rfMRI_REST2_RL_hp2000.ica/filtered_func_data.ica/report/f48.png","506234","MNINonLinear//Results/rfMRI_REST2_RL/rfMRI_REST2_RL_hp2000.ica/filtered_func_data.ica/report/f48.png","7A..GJuInMISlQt2RRf6OXpDet2chbJp"
"s3://hcp-openaccess/HCP_1200/506234/MNINonLinear/Results/rfMRI_REST2_RL/rfMRI_REST2_RL_hp2000.ica/filtered_func_data.ica/report/f48.txt","506234","MNINonLinear//Results/rfMRI_REST2_RL/rfMRI_REST2_RL_hp2000.ica/filtered_func_data.ica/report/f48.txt","XkB3YUyjg6rCVAfV8HVsfegoY7l6hNWL"
"s3://hcp-openaccess/HCP_1200/506234/MNINonLinear/Results/rfMRI_REST2_RL/rfMRI_REST2_RL_hp2000.ica/filtered_func_data.ica/report/f49.png","506234","MNINonLinear//Results/rfMRI_REST2_RL/rfMRI_REST2_RL_hp2000.ica/filtered_func_data.ica/report/f49.png","qHJKFVQAl7tM3HsKhD036NxABLfVlRNM"
"s3://hcp-openaccess/HCP_1200/506234/MNINonLinear/Results/rfMRI_REST2_RL/rfMRI_REST2_RL_hp2000.ica/filtered_func_data.ica/report/f49.txt","506234","MNINonLinear//Results/rfMRI_REST2_RL/rfMRI_REST2_RL_hp2000.ica/filtered_func_data.ica/report/f49.txt","52t03Ga9XcU1WzZS1ytis7EZJw55uRvP"
"s3://hcp-openaccess/HCP_1200/506234/MNINonLinear/Results/rfMRI_REST2_RL/rfMRI_REST2_RL_hp2000.ica/filtered_func_data.ica/report/f5.png","506234","MNINonLinear//Results/rfMRI_REST2_RL/rfMRI_REST2_RL_hp2000.ica/filtered_func_data.ica/report/f5.png","SnNM1oeo65T0kKbXbayWb9U6YIOFEv6W"
"s3://hcp-openaccess/HCP_1200/506234/MNINonLinear/Results/rfMRI_REST2_RL/rfMRI_REST2_RL_hp2000.ica/filtered_func_data.ica/report/f5.txt","506234","MNINonLinear//Results/rfMRI_REST2_RL/rfMRI_REST2_RL_hp2000.ica/filtered_func_data.ica/report/f5.txt","yPH8ppoCYotvZ5SWU3ieCwU_KO4OfGwC"
"s3://hcp-openaccess/HCP_1200/506234/MNINonLinear/Results/rfMRI_REST2_RL/rfMRI_REST2_RL_hp2000.ica/filtered_func_data.ica/report/f50.png","506234","MNINonLinear//Results/rfMRI_REST2_RL/rfMRI_REST2_RL_hp2000.ica/filtered_func_data.ica/report/f50.png","oonYntffIfMfPz7nxcUyiSMZ3kcFA10T"
"s3://hcp-openaccess/HCP_1200/506234/MNINonLinear/Results/rfMRI_REST2_RL/rfMRI_REST2_RL_hp2000.ica/filtered_func_data.ica/report/f50.txt","506234","MNINonLinear//Results/rfMRI_REST2_RL/rfMRI_REST2_RL_hp2000.ica/filtered_func_data.ica/report/f50.txt","wq3_AiUIA76ksPRzjHCfVebuI9BvlQ2c"
"s3://hcp-openaccess/HCP_1200/506234/MNINonLinear/Results/rfMRI_REST2_RL/rfMRI_REST2_RL_hp2000.ica/filtered_func_data.ica/report/f51.png","506234","MNINonLinear//Results/rfMRI_REST2_RL/rfMRI_REST2_RL_hp2000.ica/filtered_func_data.ica/report/f51.png","wr8ksBRnpGeCb9ViuWtS9G8M1eO.XSj6"
"s3://hcp-openaccess/HCP_1200/506234/MNINonLinear/Results/rfMRI_REST2_RL/rfMRI_REST2_RL_hp2000.ica/filtered_func_data.ica/report/f51.txt","506234","MNINonLinear//Results/rfMRI_REST2_RL/rfMRI_REST2_RL_hp2000.ica/filtered_func_data.ica/report/f51.txt","3X9fgD.hEsagOZwb9wZ57uKfaZ40yI2U"
"s3://hcp-openaccess/HCP_1200/506234/MNINonLinear/Results/rfMRI_REST2_RL/rfMRI_REST2_RL_hp2000.ica/filtered_func_data.ica/report/f52.png","506234","MNINonLinear//Results/rfMRI_REST2_RL/rfMRI_REST2_RL_hp2000.ica/filtered_func_data.ica/report/f52.png","SQcqDGZQjLSPDYkGiPL9Y3Rt5xfMH6yf"
"s3://hcp-openaccess/HCP_1200/506234/MNINonLinear/Results/rfMRI_REST2_RL/rfMRI_REST2_RL_hp2000.ica/filtered_func_data.ica/report/f52.txt","506234","MNINonLinear//Results/rfMRI_REST2_RL/rfMRI_REST2_RL_hp2000.ica/filtered_func_data.ica/report/f52.txt","Q_SUGUknzP8L0gmStleosNZBWteRAuks"
"s3://hcp-openaccess/HCP_1200/506234/MNINonLinear/Results/rfMRI_REST2_RL/rfMRI_REST2_RL_hp2000.ica/filtered_func_data.ica/report/f53.png","506234","MNINonLinear//Results/rfMRI_REST2_RL/rfMRI_REST2_RL_hp2000.ica/filtered_func_data.ica/report/f53.png","a5MnQxIbOdvsqe37GiLDtdiw4stLiP5X"
"s3://hcp-openaccess/HCP_1200/506234/MNINonLinear/Results/rfMRI_REST2_RL/rfMRI_REST2_RL_hp2000.ica/filtered_func_data.ica/report/f53.txt","506234","MNINonLinear//Results/rfMRI_REST2_RL/rfMRI_REST2_RL_hp2000.ica/filtered_func_data.ica/report/f53.txt","c5OYnthVuvmbcvbjrPbsJwZKINur4Bpo"
"s3://hcp-openaccess/HCP_1200/506234/MNINonLinear/Results/rfMRI_REST2_RL/rfMRI_REST2_RL_hp2000.ica/filtered_func_data.ica/report/f54.png","506234","MNINonLinear//Results/rfMRI_REST2_RL/rfMRI_REST2_RL_hp2000.ica/filtered_func_data.ica/report/f54.png","8_O2Xh5oQ8W7ssnee2kENGjc9URKtcUH"
"s3://hcp-openaccess/HCP_1200/506234/MNINonLinear/Results/rfMRI_REST2_RL/rfMRI_REST2_RL_hp2000.ica/filtered_func_data.ica/report/f54.txt","506234","MNINonLinear//Results/rfMRI_REST2_RL/rfMRI_REST2_RL_hp2000.ica/filtered_func_data.ica/report/f54.txt","zHkoLmVTj1.6jO_TDkHakRRMhef_mt3b"
"s3://hcp-openaccess/HCP_1200/506234/MNINonLinear/Results/rfMRI_REST2_RL/rfMRI_REST2_RL_hp2000.ica/filtered_func_data.ica/report/f55.png","506234","MNINonLinear//Results/rfMRI_REST2_RL/rfMRI_REST2_RL_hp2000.ica/filtered_func_data.ica/report/f55.png","UNd5PhrEgbmBjZO2a_uQxlaRLNqaaxlb"
"s3://hcp-openaccess/HCP_1200/506234/MNINonLinear/Results/rfMRI_REST2_RL/rfMRI_REST2_RL_hp2000.ica/filtered_func_data.ica/report/f55.txt","506234","MNINonLinear//Results/rfMRI_REST2_RL/rfMRI_REST2_RL_hp2000.ica/filtered_func_data.ica/report/f55.txt","UWKJWgJJW1j1NKAxEzlu_tBbbLupRJDQ"
"s3://hcp-openaccess/HCP_1200/506234/MNINonLinear/Results/rfMRI_REST2_RL/rfMRI_REST2_RL_hp2000.ica/filtered_func_data.ica/report/f56.png","506234","MNINonLinear//Results/rfMRI_REST2_RL/rfMRI_REST2_RL_hp2000.ica/filtered_func_data.ica/report/f56.png","wh3YsqilyCVyFfxQLb2vqXB_btUeP5MR"
"s3://hcp-openaccess/HCP_1200/506234/MNINonLinear/Results/rfMRI_REST2_RL/rfMRI_REST2_RL_hp2000.ica/filtered_func_data.ica/report/f56.txt","506234","MNINonLinear//Results/rfMRI_REST2_RL/rfMRI_REST2_RL_hp2000.ica/filtered_func_data.ica/report/f56.txt","2ubkWtLUWXLR2CUaGbtYfvwJYZsdBPsF"
"s3://hcp-openaccess/HCP_1200/506234/MNINonLinear/Results/rfMRI_REST2_RL/rfMRI_REST2_RL_hp2000.ica/filtered_func_data.ica/report/f57.png","506234","MNINonLinear//Results/rfMRI_REST2_RL/rfMRI_REST2_RL_hp2000.ica/filtered_func_data.ica/report/f57.png","dKG97xL40W.atRagwOst.tKqm.Nchja6"
"s3://hcp-openaccess/HCP_1200/506234/MNINonLinear/Results/rfMRI_REST2_RL/rfMRI_REST2_RL_hp2000.ica/filtered_func_data.ica/report/f57.txt","506234","MNINonLinear//Results/rfMRI_REST2_RL/rfMRI_REST2_RL_hp2000.ica/filtered_func_data.ica/report/f57.txt","My96pxK3T0aRqaEO9iy6N7wWCQ6uP5aJ"
"s3://hcp-openaccess/HCP_1200/506234/MNINonLinear/Results/rfMRI_REST2_RL/rfMRI_REST2_RL_hp2000.ica/filtered_func_data.ica/report/f58.png","506234","MNINonLinear//Results/rfMRI_REST2_RL/rfMRI_REST2_RL_hp2000.ica/filtered_func_data.ica/report/f58.png","IB8DEYuw8_6j6qifKpLovurDrjdJf2Km"
"s3://hcp-openaccess/HCP_1200/506234/MNINonLinear/Results/rfMRI_REST2_RL/rfMRI_REST2_RL_hp2000.ica/filtered_func_data.ica/report/f58.txt","506234","MNINonLinear//Results/rfMRI_REST2_RL/rfMRI_REST2_RL_hp2000.ica/filtered_func_data.ica/report/f58.txt","xJdIxRD3Epp0TodyAhj.emGgvoTMWhYN"
"s3://hcp-openaccess/HCP_1200/506234/MNINonLinear/Results/rfMRI_REST2_RL/rfMRI_REST2_RL_hp2000.ica/filtered_func_data.ica/report/f59.png","506234","MNINonLinear//Results/rfMRI_REST2_RL/rfMRI_REST2_RL_hp2000.ica/filtered_func_data.ica/report/f59.png","RFN07CdsZeRf.Qbb.hOH43_RBpzk0VlI"
"s3://hcp-openaccess/HCP_1200/506234/MNINonLinear/Results/rfMRI_REST2_RL/rfMRI_REST2_RL_hp2000.ica/filtered_func_data.ica/report/f59.txt","506234","MNINonLinear//Results/rfMRI_REST2_RL/rfMRI_REST2_RL_hp2000.ica/filtered_func_data.ica/report/f59.txt","DnpE217FIxgVgCPBuGOSal8yfqM2TRS."
"s3://hcp-openaccess/HCP_1200/506234/MNINonLinear/Results/rfMRI_REST2_RL/rfMRI_REST2_RL_hp2000.ica/filtered_func_data.ica/report/f6.png","506234","MNINonLinear//Results/rfMRI_REST2_RL/rfMRI_REST2_RL_hp2000.ica/filtered_func_data.ica/report/f6.png","KZICY0y2X4pfRR3Y6TKGDxoiUBCqIiaB"
"s3://hcp-openaccess/HCP_1200/506234/MNINonLinear/Results/rfMRI_REST2_RL/rfMRI_REST2_RL_hp2000.ica/filtered_func_data.ica/report/f6.txt","506234","MNINonLinear//Results/rfMRI_REST2_RL/rfMRI_REST2_RL_hp2000.ica/filtered_func_data.ica/report/f6.txt","N3cZl3JDx2jXG0jsT9kgAdnyIUsify3d"
"s3://hcp-openaccess/HCP_1200/506234/MNINonLinear/Results/rfMRI_REST2_RL/rfMRI_REST2_RL_hp2000.ica/filtered_func_data.ica/report/f60.png","506234","MNINonLinear//Results/rfMRI_REST2_RL/rfMRI_REST2_RL_hp2000.ica/filtered_func_data.ica/report/f60.png","TQXG5z9MwUbLlPZ8DB8_16cWraoKzd4P"
"s3://hcp-openaccess/HCP_1200/506234/MNINonLinear/Results/rfMRI_REST2_RL/rfMRI_REST2_RL_hp2000.ica/filtered_func_data.ica/report/f60.txt","506234","MNINonLinear//Results/rfMRI_REST2_RL/rfMRI_REST2_RL_hp2000.ica/filtered_func_data.ica/report/f60.txt","LxoPcyIPGS3pkJZb_IaHPj7F8wAyPqfN"
"s3://hcp-openaccess/HCP_1200/506234/MNINonLinear/Results/rfMRI_REST2_RL/rfMRI_REST2_RL_hp2000.ica/filtered_func_data.ica/report/f61.png","506234","MNINonLinear//Results/rfMRI_REST2_RL/rfMRI_REST2_RL_hp2000.ica/filtered_func_data.ica/report/f61.png","UVM9.1DN3V8bPagZuAYr8jSJMlpBwbzp"
"s3://hcp-openaccess/HCP_1200/506234/MNINonLinear/Results/rfMRI_REST2_RL/rfMRI_REST2_RL_hp2000.ica/filtered_func_data.ica/report/f61.txt","506234","MNINonLinear//Results/rfMRI_REST2_RL/rfMRI_REST2_RL_hp2000.ica/filtered_func_data.ica/report/f61.txt","VXoDoY__9x.dPe2hXEXlUEZ3aSfBO_Fn"
"s3://hcp-openaccess/HCP_1200/506234/MNINonLinear/Results/rfMRI_REST2_RL/rfMRI_REST2_RL_hp2000.ica/filtered_func_data.ica/report/f62.png","506234","MNINonLinear//Results/rfMRI_REST2_RL/rfMRI_REST2_RL_hp2000.ica/filtered_func_data.ica/report/f62.png","c9uExw.M40aiykskGksmjTyz36oe_MZw"
"s3://hcp-openaccess/HCP_1200/506234/MNINonLinear/Results/rfMRI_REST2_RL/rfMRI_REST2_RL_hp2000.ica/filtered_func_data.ica/report/f62.txt","506234","MNINonLinear//Results/rfMRI_REST2_RL/rfMRI_REST2_RL_hp2000.ica/filtered_func_data.ica/report/f62.txt","M4j9AXwdIKWMYpwK.WTnbnlp4zmzKPKp"
"s3://hcp-openaccess/HCP_1200/506234/MNINonLinear/Results/rfMRI_REST2_RL/rfMRI_REST2_RL_hp2000.ica/filtered_func_data.ica/report/f63.png","506234","MNINonLinear//Results/rfMRI_REST2_RL/rfMRI_REST2_RL_hp2000.ica/filtered_func_data.ica/report/f63.png","cJ577vsVF6aW5Kcq9KlasBw63IesXs.d"
"s3://hcp-openaccess/HCP_1200/506234/MNINonLinear/Results/rfMRI_REST2_RL/rfMRI_REST2_RL_hp2000.ica/filtered_func_data.ica/report/f63.txt","506234","MNINonLinear//Results/rfMRI_REST2_RL/rfMRI_REST2_RL_hp2000.ica/filtered_func_data.ica/report/f63.txt","mVBKKzAZxtcT6RiC6oOs34miktU9Mg8k"
"s3://hcp-openaccess/HCP_1200/506234/MNINonLinear/Results/rfMRI_REST2_RL/rfMRI_REST2_RL_hp2000.ica/filtered_func_data.ica/report/f64.png","506234","MNINonLinear//Results/rfMRI_REST2_RL/rfMRI_REST2_RL_hp2000.ica/filtered_func_data.ica/report/f64.png","9o0dtuflPhybfkH0b1YEQ59mBVw21vtr"
"s3://hcp-openaccess/HCP_1200/506234/MNINonLinear/Results/rfMRI_REST2_RL/rfMRI_REST2_RL_hp2000.ica/filtered_func_data.ica/report/f64.txt","506234","MNINonLinear//Results/rfMRI_REST2_RL/rfMRI_REST2_RL_hp2000.ica/filtered_func_data.ica/report/f64.txt","UkbgPoGLsq1wLWnv6SRNPPVG9iXZvmg4"
"s3://hcp-openaccess/HCP_1200/506234/MNINonLinear/Results/rfMRI_REST2_RL/rfMRI_REST2_RL_hp2000.ica/filtered_func_data.ica/report/f65.png","506234","MNINonLinear//Results/rfMRI_REST2_RL/rfMRI_REST2_RL_hp2000.ica/filtered_func_data.ica/report/f65.png","KIremb1l1cbJd62tMWc6RFzXjK4XW7SN"
"s3://hcp-openaccess/HCP_1200/506234/MNINonLinear/Results/rfMRI_REST2_RL/rfMRI_REST2_RL_hp2000.ica/filtered_func_data.ica/report/f65.txt","506234","MNINonLinear//Results/rfMRI_REST2_RL/rfMRI_REST2_RL_hp2000.ica/filtered_func_data.ica/report/f65.txt","fOoql_OGRCmEgHiUNLhx4KicCCtVKjAE"
"s3://hcp-openaccess/HCP_1200/506234/MNINonLinear/Results/rfMRI_REST2_RL/rfMRI_REST2_RL_hp2000.ica/filtered_func_data.ica/report/f66.png","506234","MNINonLinear//Results/rfMRI_REST2_RL/rfMRI_REST2_RL_hp2000.ica/filtered_func_data.ica/report/f66.png","fx7TFM14LL_y2hk5xhFCtUA61UoVVZoZ"
"s3://hcp-openaccess/HCP_1200/506234/MNINonLinear/Results/rfMRI_REST2_RL/rfMRI_REST2_RL_hp2000.ica/filtered_func_data.ica/report/f66.txt","506234","MNINonLinear//Results/rfMRI_REST2_RL/rfMRI_REST2_RL_hp2000.ica/filtered_func_data.ica/report/f66.txt","mNvvH4I1BiMb6Lq222j34G1lmgwqcLrK"
"s3://hcp-openaccess/HCP_1200/506234/MNINonLinear/Results/rfMRI_REST2_RL/rfMRI_REST2_RL_hp2000.ica/filtered_func_data.ica/report/f67.png","506234","MNINonLinear//Results/rfMRI_REST2_RL/rfMRI_REST2_RL_hp2000.ica/filtered_func_data.ica/report/f67.png","sKCjxbsSwdJBuNGJykoFBiHweS7POrE2"
"s3://hcp-openaccess/HCP_1200/506234/MNINonLinear/Results/rfMRI_REST2_RL/rfMRI_REST2_RL_hp2000.ica/filtered_func_data.ica/report/f67.txt","506234","MNINonLinear//Results/rfMRI_REST2_RL/rfMRI_REST2_RL_hp2000.ica/filtered_func_data.ica/report/f67.txt","R4XfcDGV0hZ0pC_8qwO2SXoVgny1J3ob"
"s3://hcp-openaccess/HCP_1200/506234/MNINonLinear/Results/rfMRI_REST2_RL/rfMRI_REST2_RL_hp2000.ica/filtered_func_data.ica/report/f68.png","506234","MNINonLinear//Results/rfMRI_REST2_RL/rfMRI_REST2_RL_hp2000.ica/filtered_func_data.ica/report/f68.png","XP._Y02p1v6oRAL_f0_GegvUSZyYhFO4"
"s3://hcp-openaccess/HCP_1200/506234/MNINonLinear/Results/rfMRI_REST2_RL/rfMRI_REST2_RL_hp2000.ica/filtered_func_data.ica/report/f68.txt","506234","MNINonLinear//Results/rfMRI_REST2_RL/rfMRI_REST2_RL_hp2000.ica/filtered_func_data.ica/report/f68.txt","7ILpk1HuByUtpfnicVhb2XCh1Le7orHX"
"s3://hcp-openaccess/HCP_1200/506234/MNINonLinear/Results/rfMRI_REST2_RL/rfMRI_REST2_RL_hp2000.ica/filtered_func_data.ica/report/f69.png","506234","MNINonLinear//Results/rfMRI_REST2_RL/rfMRI_REST2_RL_hp2000.ica/filtered_func_data.ica/report/f69.png","cfRFugR.f5l6IJXbnYmV5kOYVl.Bv9CU"
"s3://hcp-openaccess/HCP_1200/506234/MNINonLinear/Results/rfMRI_REST2_RL/rfMRI_REST2_RL_hp2000.ica/filtered_func_data.ica/report/f69.txt","506234","MNINonLinear//Results/rfMRI_REST2_RL/rfMRI_REST2_RL_hp2000.ica/filtered_func_data.ica/report/f69.txt","uAZnI4wwPSi1_HsWJJNcQDUdrcIlo6LQ"
"s3://hcp-openaccess/HCP_1200/506234/MNINonLinear/Results/rfMRI_REST2_RL/rfMRI_REST2_RL_hp2000.ica/filtered_func_data.ica/report/f7.png","506234","MNINonLinear//Results/rfMRI_REST2_RL/rfMRI_REST2_RL_hp2000.ica/filtered_func_data.ica/report/f7.png","X8wvBGKY9n1UtVc8BWfYVjsODI5dqjOm"
"s3://hcp-openaccess/HCP_1200/506234/MNINonLinear/Results/rfMRI_REST2_RL/rfMRI_REST2_RL_hp2000.ica/filtered_func_data.ica/report/f7.txt","506234","MNINonLinear//Results/rfMRI_REST2_RL/rfMRI_REST2_RL_hp2000.ica/filtered_func_data.ica/report/f7.txt","kddH6FuvPzGyhfvbSeUQabRTiB_SYsnQ"
"s3://hcp-openaccess/HCP_1200/506234/MNINonLinear/Results/rfMRI_REST2_RL/rfMRI_REST2_RL_hp2000.ica/filtered_func_data.ica/report/f70.png","506234","MNINonLinear//Results/rfMRI_REST2_RL/rfMRI_REST2_RL_hp2000.ica/filtered_func_data.ica/report/f70.png","vOyXcpMJMFjpKCSXJ9T4Ys6.q2IQ_eui"
"s3://hcp-openaccess/HCP_1200/506234/MNINonLinear/Results/rfMRI_REST2_RL/rfMRI_REST2_RL_hp2000.ica/filtered_func_data.ica/report/f70.txt","506234","MNINonLinear//Results/rfMRI_REST2_RL/rfMRI_REST2_RL_hp2000.ica/filtered_func_data.ica/report/f70.txt","Mlge7e6oCeZe5rRJFFysuuwa.OBx3ycC"
"s3://hcp-openaccess/HCP_1200/506234/MNINonLinear/Results/rfMRI_REST2_RL/rfMRI_REST2_RL_hp2000.ica/filtered_func_data.ica/report/f71.png","506234","MNINonLinear//Results/rfMRI_REST2_RL/rfMRI_REST2_RL_hp2000.ica/filtered_func_data.ica/report/f71.png","lKN2RYU0PnCdyL1Cv96OJ.NnAzCsAiCL"
"s3://hcp-openaccess/HCP_1200/506234/MNINonLinear/Results/rfMRI_REST2_RL/rfMRI_REST2_RL_hp2000.ica/filtered_func_data.ica/report/f71.txt","506234","MNINonLinear//Results/rfMRI_REST2_RL/rfMRI_REST2_RL_hp2000.ica/filtered_func_data.ica/report/f71.txt","hcCeBYey2g5Kg_x02Vy3jwKkUpX7.yDk"
"s3://hcp-openaccess/HCP_1200/506234/MNINonLinear/Results/rfMRI_REST2_RL/rfMRI_REST2_RL_hp2000.ica/filtered_func_data.ica/report/f72.png","506234","MNINonLinear//Results/rfMRI_REST2_RL/rfMRI_REST2_RL_hp2000.ica/filtered_func_data.ica/report/f72.png","1QtdZRDlob4_0PWwVw7uL2rg.K1kJyUL"
"s3://hcp-openaccess/HCP_1200/506234/MNINonLinear/Results/rfMRI_REST2_RL/rfMRI_REST2_RL_hp2000.ica/filtered_func_data.ica/report/f72.txt","506234","MNINonLinear//Results/rfMRI_REST2_RL/rfMRI_REST2_RL_hp2000.ica/filtered_func_data.ica/report/f72.txt","jWcFkjIroJUMQ6XlLfH2vI3CabQJ7AeY"
"s3://hcp-openaccess/HCP_1200/506234/MNINonLinear/Results/rfMRI_REST2_RL/rfMRI_REST2_RL_hp2000.ica/filtered_func_data.ica/report/f73.png","506234","MNINonLinear//Results/rfMRI_REST2_RL/rfMRI_REST2_RL_hp2000.ica/filtered_func_data.ica/report/f73.png","2HPw0QR4SqlFZCUiY1LSwHYs_ZS5_tXW"
"s3://hcp-openaccess/HCP_1200/506234/MNINonLinear/Results/rfMRI_REST2_RL/rfMRI_REST2_RL_hp2000.ica/filtered_func_data.ica/report/f73.txt","506234","MNINonLinear//Results/rfMRI_REST2_RL/rfMRI_REST2_RL_hp2000.ica/filtered_func_data.ica/report/f73.txt","0hdQWgBiOVmxKwbxhaaY7ayh_WF7pRM7"
"s3://hcp-openaccess/HCP_1200/506234/MNINonLinear/Results/rfMRI_REST2_RL/rfMRI_REST2_RL_hp2000.ica/filtered_func_data.ica/report/f74.png","506234","MNINonLinear//Results/rfMRI_REST2_RL/rfMRI_REST2_RL_hp2000.ica/filtered_func_data.ica/report/f74.png","BqsJHLFSsPA6FVObiHEqop4wj6ExiC1W"
"s3://hcp-openaccess/HCP_1200/506234/MNINonLinear/Results/rfMRI_REST2_RL/rfMRI_REST2_RL_hp2000.ica/filtered_func_data.ica/report/f74.txt","506234","MNINonLinear//Results/rfMRI_REST2_RL/rfMRI_REST2_RL_hp2000.ica/filtered_func_data.ica/report/f74.txt","irNb5Kj08YI6kJtUSGdQ4tkaOrKNo4af"
"s3://hcp-openaccess/HCP_1200/506234/MNINonLinear/Results/rfMRI_REST2_RL/rfMRI_REST2_RL_hp2000.ica/filtered_func_data.ica/report/f75.png","506234","MNINonLinear//Results/rfMRI_REST2_RL/rfMRI_REST2_RL_hp2000.ica/filtered_func_data.ica/report/f75.png","mYLUKIYZRYO7quCSgQQ4us7ictF.BLBA"
"s3://hcp-openaccess/HCP_1200/506234/MNINonLinear/Results/rfMRI_REST2_RL/rfMRI_REST2_RL_hp2000.ica/filtered_func_data.ica/report/f75.txt","506234","MNINonLinear//Results/rfMRI_REST2_RL/rfMRI_REST2_RL_hp2000.ica/filtered_func_data.ica/report/f75.txt","38X2OfopY6_F5_XCMOrYgMKoLzXnMAl5"
"s3://hcp-openaccess/HCP_1200/506234/MNINonLinear/Results/rfMRI_REST2_RL/rfMRI_REST2_RL_hp2000.ica/filtered_func_data.ica/report/f76.png","506234","MNINonLinear//Results/rfMRI_REST2_RL/rfMRI_REST2_RL_hp2000.ica/filtered_func_data.ica/report/f76.png","djgCoB0bgjRpYrNAabbOq.rOLnqPaoJ2"
"s3://hcp-openaccess/HCP_1200/506234/MNINonLinear/Results/rfMRI_REST2_RL/rfMRI_REST2_RL_hp2000.ica/filtered_func_data.ica/report/f76.txt","506234","MNINonLinear//Results/rfMRI_REST2_RL/rfMRI_REST2_RL_hp2000.ica/filtered_func_data.ica/report/f76.txt","QNuSURx9U45gaQUwLI8m3QSn1Y5T34fg"
"s3://hcp-openaccess/HCP_1200/506234/MNINonLinear/Results/rfMRI_REST2_RL/rfMRI_REST2_RL_hp2000.ica/filtered_func_data.ica/report/f77.png","506234","MNINonLinear//Results/rfMRI_REST2_RL/rfMRI_REST2_RL_hp2000.ica/filtered_func_data.ica/report/f77.png","V3q.3SZWcu2CKbUIeK_Fes2kGvYEy2Cd"
"s3://hcp-openaccess/HCP_1200/506234/MNINonLinear/Results/rfMRI_REST2_RL/rfMRI_REST2_RL_hp2000.ica/filtered_func_data.ica/report/f77.txt","506234","MNINonLinear//Results/rfMRI_REST2_RL/rfMRI_REST2_RL_hp2000.ica/filtered_func_data.ica/report/f77.txt","Kbld.stOXyd3LorPQIzXfTwZHeE3PFl9"
"s3://hcp-openaccess/HCP_1200/506234/MNINonLinear/Results/rfMRI_REST2_RL/rfMRI_REST2_RL_hp2000.ica/filtered_func_data.ica/report/f78.png","506234","MNINonLinear//Results/rfMRI_REST2_RL/rfMRI_REST2_RL_hp2000.ica/filtered_func_data.ica/report/f78.png","icU0OSQflMmNxxjJ3YyTtjBlyOg4WZuG"
"s3://hcp-openaccess/HCP_1200/506234/MNINonLinear/Results/rfMRI_REST2_RL/rfMRI_REST2_RL_hp2000.ica/filtered_func_data.ica/report/f78.txt","506234","MNINonLinear//Results/rfMRI_REST2_RL/rfMRI_REST2_RL_hp2000.ica/filtered_func_data.ica/report/f78.txt","ZlyCO395EsMCLm5wcTigHV5T1MGNHhRH"
"s3://hcp-openaccess/HCP_1200/506234/MNINonLinear/Results/rfMRI_REST2_RL/rfMRI_REST2_RL_hp2000.ica/filtered_func_data.ica/report/f79.png","506234","MNINonLinear//Results/rfMRI_REST2_RL/rfMRI_REST2_RL_hp2000.ica/filtered_func_data.ica/report/f79.png","cQUTnjsdxa3ALEL.sgvcE_o_ycuNo0UP"
"s3://hcp-openaccess/HCP_1200/506234/MNINonLinear/Results/rfMRI_REST2_RL/rfMRI_REST2_RL_hp2000.ica/filtered_func_data.ica/report/f79.txt","506234","MNINonLinear//Results/rfMRI_REST2_RL/rfMRI_REST2_RL_hp2000.ica/filtered_func_data.ica/report/f79.txt","iLcx9zEH0oaxAXwjQA8R_r7h_mLK8EHv"
"s3://hcp-openaccess/HCP_1200/506234/MNINonLinear/Results/rfMRI_REST2_RL/rfMRI_REST2_RL_hp2000.ica/filtered_func_data.ica/report/f8.png","506234","MNINonLinear//Results/rfMRI_REST2_RL/rfMRI_REST2_RL_hp2000.ica/filtered_func_data.ica/report/f8.png","Cmraqb4rd2l2A6VpCu3pMFQtRGso9L1S"
"s3://hcp-openaccess/HCP_1200/506234/MNINonLinear/Results/rfMRI_REST2_RL/rfMRI_REST2_RL_hp2000.ica/filtered_func_data.ica/report/f8.txt","506234","MNINonLinear//Results/rfMRI_REST2_RL/rfMRI_REST2_RL_hp2000.ica/filtered_func_data.ica/report/f8.txt","NySV4beHynesvSOoWlBJj3MdpO9kJPUU"
"s3://hcp-openaccess/HCP_1200/506234/MNINonLinear/Results/rfMRI_REST2_RL/rfMRI_REST2_RL_hp2000.ica/filtered_func_data.ica/report/f80.png","506234","MNINonLinear//Results/rfMRI_REST2_RL/rfMRI_REST2_RL_hp2000.ica/filtered_func_data.ica/report/f80.png","I1BBO0xRVvsJ5JkaVP6FXhqIVwfHjtfi"
"s3://hcp-openaccess/HCP_1200/506234/MNINonLinear/Results/rfMRI_REST2_RL/rfMRI_REST2_RL_hp2000.ica/filtered_func_data.ica/report/f80.txt","506234","MNINonLinear//Results/rfMRI_REST2_RL/rfMRI_REST2_RL_hp2000.ica/filtered_func_data.ica/report/f80.txt","7kZ0WqF9.6f2kJ06HC2XRIZUEBeICAD1"
"s3://hcp-openaccess/HCP_1200/506234/MNINonLinear/Results/rfMRI_REST2_RL/rfMRI_REST2_RL_hp2000.ica/filtered_func_data.ica/report/f81.png","506234","MNINonLinear//Results/rfMRI_REST2_RL/rfMRI_REST2_RL_hp2000.ica/filtered_func_data.ica/report/f81.png","rYMP1OPRJAVj4TNYv3ASW74l5uRh6Tkr"
"s3://hcp-openaccess/HCP_1200/506234/MNINonLinear/Results/rfMRI_REST2_RL/rfMRI_REST2_RL_hp2000.ica/filtered_func_data.ica/report/f81.txt","506234","MNINonLinear//Results/rfMRI_REST2_RL/rfMRI_REST2_RL_hp2000.ica/filtered_func_data.ica/report/f81.txt","jdw8EqbB2H71MRwIwxhtPkY1n9vXTtgb"
"s3://hcp-openaccess/HCP_1200/506234/MNINonLinear/Results/rfMRI_REST2_RL/rfMRI_REST2_RL_hp2000.ica/filtered_func_data.ica/report/f82.png","506234","MNINonLinear//Results/rfMRI_REST2_RL/rfMRI_REST2_RL_hp2000.ica/filtered_func_data.ica/report/f82.png","iPrNRjEXKYIDaXJ3SXedtEyZNJPeQ8gy"
"s3://hcp-openaccess/HCP_1200/506234/MNINonLinear/Results/rfMRI_REST2_RL/rfMRI_REST2_RL_hp2000.ica/filtered_func_data.ica/report/f82.txt","506234","MNINonLinear//Results/rfMRI_REST2_RL/rfMRI_REST2_RL_hp2000.ica/filtered_func_data.ica/report/f82.txt","DP8lHwoWFUtfBRdWJvXJfVa4U4XyBs0X"
"s3://hcp-openaccess/HCP_1200/506234/MNINonLinear/Results/rfMRI_REST2_RL/rfMRI_REST2_RL_hp2000.ica/filtered_func_data.ica/report/f83.png","506234","MNINonLinear//Results/rfMRI_REST2_RL/rfMRI_REST2_RL_hp2000.ica/filtered_func_data.ica/report/f83.png","qu6AFyKZcDip2D.QkQRMcjLnCSxLbPRW"
"s3://hcp-openaccess/HCP_1200/506234/MNINonLinear/Results/rfMRI_REST2_RL/rfMRI_REST2_RL_hp2000.ica/filtered_func_data.ica/report/f83.txt","506234","MNINonLinear//Results/rfMRI_REST2_RL/rfMRI_REST2_RL_hp2000.ica/filtered_func_data.ica/report/f83.txt","eYw6zF1BKl1fQhmGi220lqEOyE7Sj9mM"
"s3://hcp-openaccess/HCP_1200/506234/MNINonLinear/Results/rfMRI_REST2_RL/rfMRI_REST2_RL_hp2000.ica/filtered_func_data.ica/report/f84.png","506234","MNINonLinear//Results/rfMRI_REST2_RL/rfMRI_REST2_RL_hp2000.ica/filtered_func_data.ica/report/f84.png","CfsLtFIOge31p6q3_n97ZCvfpfrC9Kc5"
"s3://hcp-openaccess/HCP_1200/506234/MNINonLinear/Results/rfMRI_REST2_RL/rfMRI_REST2_RL_hp2000.ica/filtered_func_data.ica/report/f84.txt","506234","MNINonLinear//Results/rfMRI_REST2_RL/rfMRI_REST2_RL_hp2000.ica/filtered_func_data.ica/report/f84.txt","cnB_I8XzvkCueuFd_plqXkqSjzubnqkE"
"s3://hcp-openaccess/HCP_1200/506234/MNINonLinear/Results/rfMRI_REST2_RL/rfMRI_REST2_RL_hp2000.ica/filtered_func_data.ica/report/f85.png","506234","MNINonLinear//Results/rfMRI_REST2_RL/rfMRI_REST2_RL_hp2000.ica/filtered_func_data.ica/report/f85.png","Qesn67OQUe8tpgOku9njCf5lqVckF9l."
"s3://hcp-openaccess/HCP_1200/506234/MNINonLinear/Results/rfMRI_REST2_RL/rfMRI_REST2_RL_hp2000.ica/filtered_func_data.ica/report/f85.txt","506234","MNINonLinear//Results/rfMRI_REST2_RL/rfMRI_REST2_RL_hp2000.ica/filtered_func_data.ica/report/f85.txt","EmJVgKmLgSXs2eQonkVm2qTReG2eZTVS"
"s3://hcp-openaccess/HCP_1200/506234/MNINonLinear/Results/rfMRI_REST2_RL/rfMRI_REST2_RL_hp2000.ica/filtered_func_data.ica/report/f86.png","506234","MNINonLinear//Results/rfMRI_REST2_RL/rfMRI_REST2_RL_hp2000.ica/filtered_func_data.ica/report/f86.png","8TllGZFk9A633T.cwMU44pxOVTiObn7C"
"s3://hcp-openaccess/HCP_1200/506234/MNINonLinear/Results/rfMRI_REST2_RL/rfMRI_REST2_RL_hp2000.ica/filtered_func_data.ica/report/f86.txt","506234","MNINonLinear//Results/rfMRI_REST2_RL/rfMRI_REST2_RL_hp2000.ica/filtered_func_data.ica/report/f86.txt","DdJpN0hRVjb6e.PoMqwZ95dgcn7.RZba"
"s3://hcp-openaccess/HCP_1200/506234/MNINonLinear/Results/rfMRI_REST2_RL/rfMRI_REST2_RL_hp2000.ica/filtered_func_data.ica/report/f87.png","506234","MNINonLinear//Results/rfMRI_REST2_RL/rfMRI_REST2_RL_hp2000.ica/filtered_func_data.ica/report/f87.png","oVwONRxzEMOrQqBYbKrSNFhRmmsjXrxk"
"s3://hcp-openaccess/HCP_1200/506234/MNINonLinear/Results/rfMRI_REST2_RL/rfMRI_REST2_RL_hp2000.ica/filtered_func_data.ica/report/f87.txt","506234","MNINonLinear//Results/rfMRI_REST2_RL/rfMRI_REST2_RL_hp2000.ica/filtered_func_data.ica/report/f87.txt","I3CQdevL7E.nmMzmDwnP1ymRykBE83hi"
"s3://hcp-openaccess/HCP_1200/506234/MNINonLinear/Results/rfMRI_REST2_RL/rfMRI_REST2_RL_hp2000.ica/filtered_func_data.ica/report/f88.png","506234","MNINonLinear//Results/rfMRI_REST2_RL/rfMRI_REST2_RL_hp2000.ica/filtered_func_data.ica/report/f88.png","Q0nsJ24R4rZ9qi.AWMHin3Qod6uxvZHF"
"s3://hcp-openaccess/HCP_1200/506234/MNINonLinear/Results/rfMRI_REST2_RL/rfMRI_REST2_RL_hp2000.ica/filtered_func_data.ica/report/f88.txt","506234","MNINonLinear//Results/rfMRI_REST2_RL/rfMRI_REST2_RL_hp2000.ica/filtered_func_data.ica/report/f88.txt","vKx__JOsHJ3BsCkM71cg2feRqS.n0j4R"
"s3://hcp-openaccess/HCP_1200/506234/MNINonLinear/Results/rfMRI_REST2_RL/rfMRI_REST2_RL_hp2000.ica/filtered_func_data.ica/report/f89.png","506234","MNINonLinear//Results/rfMRI_REST2_RL/rfMRI_REST2_RL_hp2000.ica/filtered_func_data.ica/report/f89.png","IOurXpt0axh4AD6VPEmkSQuE5AxJ4v2."
"s3://hcp-openaccess/HCP_1200/506234/MNINonLinear/Results/rfMRI_REST2_RL/rfMRI_REST2_RL_hp2000.ica/filtered_func_data.ica/report/f89.txt","506234","MNINonLinear//Results/rfMRI_REST2_RL/rfMRI_REST2_RL_hp2000.ica/filtered_func_data.ica/report/f89.txt","46C0VyDMgY8HotjIdcPkUMdWbUoI_MgM"
"s3://hcp-openaccess/HCP_1200/506234/MNINonLinear/Results/rfMRI_REST2_RL/rfMRI_REST2_RL_hp2000.ica/filtered_func_data.ica/report/f9.png","506234","MNINonLinear//Results/rfMRI_REST2_RL/rfMRI_REST2_RL_hp2000.ica/filtered_func_data.ica/report/f9.png","vWwELaXUywBroD8VBJleQ0m.rgUQne4S"
"s3://hcp-openaccess/HCP_1200/506234/MNINonLinear/Results/rfMRI_REST2_RL/rfMRI_REST2_RL_hp2000.ica/filtered_func_data.ica/report/f9.txt","506234","MNINonLinear//Results/rfMRI_REST2_RL/rfMRI_REST2_RL_hp2000.ica/filtered_func_data.ica/report/f9.txt","tUoTGeAZfjULU4dyz2BhPn.Odo5JhZYN"
"s3://hcp-openaccess/HCP_1200/506234/MNINonLinear/Results/rfMRI_REST2_RL/rfMRI_REST2_RL_hp2000.ica/filtered_func_data.ica/report/f90.png","506234","MNINonLinear//Results/rfMRI_REST2_RL/rfMRI_REST2_RL_hp2000.ica/filtered_func_data.ica/report/f90.png","miy5DihMZAzgFsFUc1RlgLcDchoqcmb4"
"s3://hcp-openaccess/HCP_1200/506234/MNINonLinear/Results/rfMRI_REST2_RL/rfMRI_REST2_RL_hp2000.ica/filtered_func_data.ica/report/f90.txt","506234","MNINonLinear//Results/rfMRI_REST2_RL/rfMRI_REST2_RL_hp2000.ica/filtered_func_data.ica/report/f90.txt","2ZqDnelrFelKY0nZ15XNsO.qT6mZjS8c"
"s3://hcp-openaccess/HCP_1200/506234/MNINonLinear/Results/rfMRI_REST2_RL/rfMRI_REST2_RL_hp2000.ica/filtered_func_data.ica/report/f91.png","506234","MNINonLinear//Results/rfMRI_REST2_RL/rfMRI_REST2_RL_hp2000.ica/filtered_func_data.ica/report/f91.png","hUGMnhbIva2ke6h3b5mBymqyiutu8T9j"
"s3://hcp-openaccess/HCP_1200/506234/MNINonLinear/Results/rfMRI_REST2_RL/rfMRI_REST2_RL_hp2000.ica/filtered_func_data.ica/report/f91.txt","506234","MNINonLinear//Results/rfMRI_REST2_RL/rfMRI_REST2_RL_hp2000.ica/filtered_func_data.ica/report/f91.txt","PcW0Y4PBRI_Gyr6cuF.STPoPz_Y3ZPsW"
"s3://hcp-openaccess/HCP_1200/506234/MNINonLinear/Results/rfMRI_REST2_RL/rfMRI_REST2_RL_hp2000.ica/filtered_func_data.ica/report/f92.png","506234","MNINonLinear//Results/rfMRI_REST2_RL/rfMRI_REST2_RL_hp2000.ica/filtered_func_data.ica/report/f92.png","R4e21hLfNkcb5ZhZ.o76ZF3Tg6zvkZ9f"
"s3://hcp-openaccess/HCP_1200/506234/MNINonLinear/Results/rfMRI_REST2_RL/rfMRI_REST2_RL_hp2000.ica/filtered_func_data.ica/report/f92.txt","506234","MNINonLinear//Results/rfMRI_REST2_RL/rfMRI_REST2_RL_hp2000.ica/filtered_func_data.ica/report/f92.txt","Jfz1Y8mpNOwO0n2gH.6jStR2gAA2TNy3"
"s3://hcp-openaccess/HCP_1200/506234/MNINonLinear/Results/rfMRI_REST2_RL/rfMRI_REST2_RL_hp2000.ica/filtered_func_data.ica/report/f93.png","506234","MNINonLinear//Results/rfMRI_REST2_RL/rfMRI_REST2_RL_hp2000.ica/filtered_func_data.ica/report/f93.png","UsyErTWiNJA4aeYWkeERdq7Dz5h4guej"
"s3://hcp-openaccess/HCP_1200/506234/MNINonLinear/Results/rfMRI_REST2_RL/rfMRI_REST2_RL_hp2000.ica/filtered_func_data.ica/report/f93.txt","506234","MNINonLinear//Results/rfMRI_REST2_RL/rfMRI_REST2_RL_hp2000.ica/filtered_func_data.ica/report/f93.txt","ai8nyZSjBuZGpBpYYFkTtSQtrINldjG4"
"s3://hcp-openaccess/HCP_1200/506234/MNINonLinear/Results/rfMRI_REST2_RL/rfMRI_REST2_RL_hp2000.ica/filtered_func_data.ica/report/head.html","506234","MNINonLinear//Results/rfMRI_REST2_RL/rfMRI_REST2_RL_hp2000.ica/filtered_func_data.ica/report/head.html","Lf5k1gtJCQ53HoL4Cwh9SdLfOo0oaE6R"
"s3://hcp-openaccess/HCP_1200/506234/MNINonLinear/Results/rfMRI_REST2_RL/rfMRI_REST2_RL_hp2000.ica/filtered_func_data.ica/report/log.html","506234","MNINonLinear//Results/rfMRI_REST2_RL/rfMRI_REST2_RL_hp2000.ica/filtered_func_data.ica/report/log.html","cM3yqCvMD_ceqxaSmMx.1pbsJDplhNrC"
"s3://hcp-openaccess/HCP_1200/506234/MNINonLinear/Results/rfMRI_REST2_RL/rfMRI_REST2_RL_hp2000.ica/filtered_func_data.ica/report/nav.html","506234","MNINonLinear//Results/rfMRI_REST2_RL/rfMRI_REST2_RL_hp2000.ica/filtered_func_data.ica/report/nav.html","3YOvV85wzQjmsxKF9a3ilZEsqniZ.UJV"
"s3://hcp-openaccess/HCP_1200/506234/MNINonLinear/Results/rfMRI_REST2_RL/rfMRI_REST2_RL_hp2000.ica/filtered_func_data.ica/report/t1.png","506234","MNINonLinear//Results/rfMRI_REST2_RL/rfMRI_REST2_RL_hp2000.ica/filtered_func_data.ica/report/t1.png","IPduOUcjBoDyDfYDbSZe0fGM59oX8XvG"
"s3://hcp-openaccess/HCP_1200/506234/MNINonLinear/Results/rfMRI_REST2_RL/rfMRI_REST2_RL_hp2000.ica/filtered_func_data.ica/report/t1.txt","506234","MNINonLinear//Results/rfMRI_REST2_RL/rfMRI_REST2_RL_hp2000.ica/filtered_func_data.ica/report/t1.txt","ma1794phCkDqIspaivDud3arH8iJVQkm"
"s3://hcp-openaccess/HCP_1200/506234/MNINonLinear/Results/rfMRI_REST2_RL/rfMRI_REST2_RL_hp2000.ica/filtered_func_data.ica/report/t10.png","506234","MNINonLinear//Results/rfMRI_REST2_RL/rfMRI_REST2_RL_hp2000.ica/filtered_func_data.ica/report/t10.png","SMM7WL6Id6yazhkBmZmSDgrTcihsYYHz"
"s3://hcp-openaccess/HCP_1200/506234/MNINonLinear/Results/rfMRI_REST2_RL/rfMRI_REST2_RL_hp2000.ica/filtered_func_data.ica/report/t10.txt","506234","MNINonLinear//Results/rfMRI_REST2_RL/rfMRI_REST2_RL_hp2000.ica/filtered_func_data.ica/report/t10.txt","GVrk8YoyveT6jH0oQv4T1Sa34uJOLMon"
"s3://hcp-openaccess/HCP_1200/506234/MNINonLinear/Results/rfMRI_REST2_RL/rfMRI_REST2_RL_hp2000.ica/filtered_func_data.ica/report/t11.png","506234","MNINonLinear//Results/rfMRI_REST2_RL/rfMRI_REST2_RL_hp2000.ica/filtered_func_data.ica/report/t11.png","NTqIwfZjcbmWYHArJ9NQbAVW9Vap.v3e"
"s3://hcp-openaccess/HCP_1200/506234/MNINonLinear/Results/rfMRI_REST2_RL/rfMRI_REST2_RL_hp2000.ica/filtered_func_data.ica/report/t11.txt","506234","MNINonLinear//Results/rfMRI_REST2_RL/rfMRI_REST2_RL_hp2000.ica/filtered_func_data.ica/report/t11.txt","4yFLQssc3NZlGg1My0FIHuuh1uEPWsYk"
"s3://hcp-openaccess/HCP_1200/506234/MNINonLinear/Results/rfMRI_REST2_RL/rfMRI_REST2_RL_hp2000.ica/filtered_func_data.ica/report/t12.png","506234","MNINonLinear//Results/rfMRI_REST2_RL/rfMRI_REST2_RL_hp2000.ica/filtered_func_data.ica/report/t12.png","_K.ofVwHA1u_.fN_ZbfMl9VZhDm9AvgJ"
"s3://hcp-openaccess/HCP_1200/506234/MNINonLinear/Results/rfMRI_REST2_RL/rfMRI_REST2_RL_hp2000.ica/filtered_func_data.ica/report/t12.txt","506234","MNINonLinear//Results/rfMRI_REST2_RL/rfMRI_REST2_RL_hp2000.ica/filtered_func_data.ica/report/t12.txt","3ocTP6Ml7mUXN.8qcr72m0_UTjN2SyB."
"s3://hcp-openaccess/HCP_1200/506234/MNINonLinear/Results/rfMRI_REST2_RL/rfMRI_REST2_RL_hp2000.ica/filtered_func_data.ica/report/t13.png","506234","MNINonLinear//Results/rfMRI_REST2_RL/rfMRI_REST2_RL_hp2000.ica/filtered_func_data.ica/report/t13.png","hDeZ6l2plJfDpNa7lX2wRMNaNp8_G0_S"
"s3://hcp-openaccess/HCP_1200/506234/MNINonLinear/Results/rfMRI_REST2_RL/rfMRI_REST2_RL_hp2000.ica/filtered_func_data.ica/report/t13.txt","506234","MNINonLinear//Results/rfMRI_REST2_RL/rfMRI_REST2_RL_hp2000.ica/filtered_func_data.ica/report/t13.txt","eSwu2kIsteX4hNCUIH_K_qvFI6K6.lf0"
"s3://hcp-openaccess/HCP_1200/506234/MNINonLinear/Results/rfMRI_REST2_RL/rfMRI_REST2_RL_hp2000.ica/filtered_func_data.ica/report/t14.png","506234","MNINonLinear//Results/rfMRI_REST2_RL/rfMRI_REST2_RL_hp2000.ica/filtered_func_data.ica/report/t14.png","X0JgmAXAyrtdFTvnUn2on5IK45uQ95TW"
"s3://hcp-openaccess/HCP_1200/506234/MNINonLinear/Results/rfMRI_REST2_RL/rfMRI_REST2_RL_hp2000.ica/filtered_func_data.ica/report/t14.txt","506234","MNINonLinear//Results/rfMRI_REST2_RL/rfMRI_REST2_RL_hp2000.ica/filtered_func_data.ica/report/t14.txt","e25oBQMT1HKldq5qoFoPqWd2ebsntQKQ"
"s3://hcp-openaccess/HCP_1200/506234/MNINonLinear/Results/rfMRI_REST2_RL/rfMRI_REST2_RL_hp2000.ica/filtered_func_data.ica/report/t15.png","506234","MNINonLinear//Results/rfMRI_REST2_RL/rfMRI_REST2_RL_hp2000.ica/filtered_func_data.ica/report/t15.png","CmglglqrailHJeZtVdOQlL.MsFfbT0BC"
"s3://hcp-openaccess/HCP_1200/506234/MNINonLinear/Results/rfMRI_REST2_RL/rfMRI_REST2_RL_hp2000.ica/filtered_func_data.ica/report/t15.txt","506234","MNINonLinear//Results/rfMRI_REST2_RL/rfMRI_REST2_RL_hp2000.ica/filtered_func_data.ica/report/t15.txt","tmCWbEDABOWJwyOffG6MHSbPh6XDFvSF"
"s3://hcp-openaccess/HCP_1200/506234/MNINonLinear/Results/rfMRI_REST2_RL/rfMRI_REST2_RL_hp2000.ica/filtered_func_data.ica/report/t16.png","506234","MNINonLinear//Results/rfMRI_REST2_RL/rfMRI_REST2_RL_hp2000.ica/filtered_func_data.ica/report/t16.png","1bMwc1qd8rj_Ksh4rWtrlio4wYA8kjOi"
"s3://hcp-openaccess/HCP_1200/506234/MNINonLinear/Results/rfMRI_REST2_RL/rfMRI_REST2_RL_hp2000.ica/filtered_func_data.ica/report/t16.txt","506234","MNINonLinear//Results/rfMRI_REST2_RL/rfMRI_REST2_RL_hp2000.ica/filtered_func_data.ica/report/t16.txt","ImxH05p.2SfnlfsN4yhr9c3HFahoGjn4"
"s3://hcp-openaccess/HCP_1200/506234/MNINonLinear/Results/rfMRI_REST2_RL/rfMRI_REST2_RL_hp2000.ica/filtered_func_data.ica/report/t17.png","506234","MNINonLinear//Results/rfMRI_REST2_RL/rfMRI_REST2_RL_hp2000.ica/filtered_func_data.ica/report/t17.png","PlfjA7afDA7WKnNlgaROJdC.DyrWTjuA"
"s3://hcp-openaccess/HCP_1200/506234/MNINonLinear/Results/rfMRI_REST2_RL/rfMRI_REST2_RL_hp2000.ica/filtered_func_data.ica/report/t17.txt","506234","MNINonLinear//Results/rfMRI_REST2_RL/rfMRI_REST2_RL_hp2000.ica/filtered_func_data.ica/report/t17.txt","ZUFpSmJ9aHF3CS__C34.t9JaMWoBjtRV"
"s3://hcp-openaccess/HCP_1200/506234/MNINonLinear/Results/rfMRI_REST2_RL/rfMRI_REST2_RL_hp2000.ica/filtered_func_data.ica/report/t18.png","506234","MNINonLinear//Results/rfMRI_REST2_RL/rfMRI_REST2_RL_hp2000.ica/filtered_func_data.ica/report/t18.png","EMgAjEL8BYCr41ox0FWR8AocAI8WO51E"
"s3://hcp-openaccess/HCP_1200/506234/MNINonLinear/Results/rfMRI_REST2_RL/rfMRI_REST2_RL_hp2000.ica/filtered_func_data.ica/report/t18.txt","506234","MNINonLinear//Results/rfMRI_REST2_RL/rfMRI_REST2_RL_hp2000.ica/filtered_func_data.ica/report/t18.txt","SVshGr96PUBYYnre9FsxbU.D.Ug6LM8w"
"s3://hcp-openaccess/HCP_1200/506234/MNINonLinear/Results/rfMRI_REST2_RL/rfMRI_REST2_RL_hp2000.ica/filtered_func_data.ica/report/t19.png","506234","MNINonLinear//Results/rfMRI_REST2_RL/rfMRI_REST2_RL_hp2000.ica/filtered_func_data.ica/report/t19.png","Y6YFHO02WAwyeNM5ho1m4RwNK3Fg4hIc"
"s3://hcp-openaccess/HCP_1200/506234/MNINonLinear/Results/rfMRI_REST2_RL/rfMRI_REST2_RL_hp2000.ica/filtered_func_data.ica/report/t19.txt","506234","MNINonLinear//Results/rfMRI_REST2_RL/rfMRI_REST2_RL_hp2000.ica/filtered_func_data.ica/report/t19.txt","jSuFm9D_TAMN85UC0vJFA.lW0omduM8d"
"s3://hcp-openaccess/HCP_1200/506234/MNINonLinear/Results/rfMRI_REST2_RL/rfMRI_REST2_RL_hp2000.ica/filtered_func_data.ica/report/t2.png","506234","MNINonLinear//Results/rfMRI_REST2_RL/rfMRI_REST2_RL_hp2000.ica/filtered_func_data.ica/report/t2.png","EquzUdCO98gIP8rGI1GUKUwHKTWU0uEy"
"s3://hcp-openaccess/HCP_1200/506234/MNINonLinear/Results/rfMRI_REST2_RL/rfMRI_REST2_RL_hp2000.ica/filtered_func_data.ica/report/t2.txt","506234","MNINonLinear//Results/rfMRI_REST2_RL/rfMRI_REST2_RL_hp2000.ica/filtered_func_data.ica/report/t2.txt","bnvR_DUHG4X0SgMSySAWDUn_qx3jvsOz"
"s3://hcp-openaccess/HCP_1200/506234/MNINonLinear/Results/rfMRI_REST2_RL/rfMRI_REST2_RL_hp2000.ica/filtered_func_data.ica/report/t20.png","506234","MNINonLinear//Results/rfMRI_REST2_RL/rfMRI_REST2_RL_hp2000.ica/filtered_func_data.ica/report/t20.png","WqAp6EY_q3MMa7OlmFewiRxDdOUjLVGg"
"s3://hcp-openaccess/HCP_1200/506234/MNINonLinear/Results/rfMRI_REST2_RL/rfMRI_REST2_RL_hp2000.ica/filtered_func_data.ica/report/t20.txt","506234","MNINonLinear//Results/rfMRI_REST2_RL/rfMRI_REST2_RL_hp2000.ica/filtered_func_data.ica/report/t20.txt","YPH5MAhHuuN.y_LN9fkqUs9JP0fjOecf"
"s3://hcp-openaccess/HCP_1200/506234/MNINonLinear/Results/rfMRI_REST2_RL/rfMRI_REST2_RL_hp2000.ica/filtered_func_data.ica/report/t21.png","506234","MNINonLinear//Results/rfMRI_REST2_RL/rfMRI_REST2_RL_hp2000.ica/filtered_func_data.ica/report/t21.png","Sl.Or3Sy1Nz.NbwiYAlBUTyHcu4KKIyE"
"s3://hcp-openaccess/HCP_1200/506234/MNINonLinear/Results/rfMRI_REST2_RL/rfMRI_REST2_RL_hp2000.ica/filtered_func_data.ica/report/t21.txt","506234","MNINonLinear//Results/rfMRI_REST2_RL/rfMRI_REST2_RL_hp2000.ica/filtered_func_data.ica/report/t21.txt","oyybiX1oafZFKveeMkyQmQ5pIVPnofSB"
"s3://hcp-openaccess/HCP_1200/506234/MNINonLinear/Results/rfMRI_REST2_RL/rfMRI_REST2_RL_hp2000.ica/filtered_func_data.ica/report/t22.png","506234","MNINonLinear//Results/rfMRI_REST2_RL/rfMRI_REST2_RL_hp2000.ica/filtered_func_data.ica/report/t22.png","9zmtWLBB6NvYbFRMA697KLOGTzkrInY7"
"s3://hcp-openaccess/HCP_1200/506234/MNINonLinear/Results/rfMRI_REST2_RL/rfMRI_REST2_RL_hp2000.ica/filtered_func_data.ica/report/t22.txt","506234","MNINonLinear//Results/rfMRI_REST2_RL/rfMRI_REST2_RL_hp2000.ica/filtered_func_data.ica/report/t22.txt","mAE5lOGO_ae5He3f2k79uNhPerayh39W"
"s3://hcp-openaccess/HCP_1200/506234/MNINonLinear/Results/rfMRI_REST2_RL/rfMRI_REST2_RL_hp2000.ica/filtered_func_data.ica/report/t23.png","506234","MNINonLinear//Results/rfMRI_REST2_RL/rfMRI_REST2_RL_hp2000.ica/filtered_func_data.ica/report/t23.png","a3fn4TaUY.CMIDo_pXp3eP2vYIbixp3A"
"s3://hcp-openaccess/HCP_1200/506234/MNINonLinear/Results/rfMRI_REST2_RL/rfMRI_REST2_RL_hp2000.ica/filtered_func_data.ica/report/t23.txt","506234","MNINonLinear//Results/rfMRI_REST2_RL/rfMRI_REST2_RL_hp2000.ica/filtered_func_data.ica/report/t23.txt",".R.6dyof3xEdvaO2ZfJx.VTe62cv56HF"
"s3://hcp-openaccess/HCP_1200/506234/MNINonLinear/Results/rfMRI_REST2_RL/rfMRI_REST2_RL_hp2000.ica/filtered_func_data.ica/report/t24.png","506234","MNINonLinear//Results/rfMRI_REST2_RL/rfMRI_REST2_RL_hp2000.ica/filtered_func_data.ica/report/t24.png","FyNbI6hoq0lpyIJopAJooLhY7ZispxVL"
"s3://hcp-openaccess/HCP_1200/506234/MNINonLinear/Results/rfMRI_REST2_RL/rfMRI_REST2_RL_hp2000.ica/filtered_func_data.ica/report/t24.txt","506234","MNINonLinear//Results/rfMRI_REST2_RL/rfMRI_REST2_RL_hp2000.ica/filtered_func_data.ica/report/t24.txt","VaZwFU5Wln1JxulI52onzeUCYoW8DrYm"
"s3://hcp-openaccess/HCP_1200/506234/MNINonLinear/Results/rfMRI_REST2_RL/rfMRI_REST2_RL_hp2000.ica/filtered_func_data.ica/report/t25.png","506234","MNINonLinear//Results/rfMRI_REST2_RL/rfMRI_REST2_RL_hp2000.ica/filtered_func_data.ica/report/t25.png","zhETIvQVgwzA86M1X7VRZq1OW3QG2JBs"
"s3://hcp-openaccess/HCP_1200/506234/MNINonLinear/Results/rfMRI_REST2_RL/rfMRI_REST2_RL_hp2000.ica/filtered_func_data.ica/report/t25.txt","506234","MNINonLinear//Results/rfMRI_REST2_RL/rfMRI_REST2_RL_hp2000.ica/filtered_func_data.ica/report/t25.txt","6_gSWErm0CuxM9k2ujhKmjoAPzrftIbO"
"s3://hcp-openaccess/HCP_1200/506234/MNINonLinear/Results/rfMRI_REST2_RL/rfMRI_REST2_RL_hp2000.ica/filtered_func_data.ica/report/t26.png","506234","MNINonLinear//Results/rfMRI_REST2_RL/rfMRI_REST2_RL_hp2000.ica/filtered_func_data.ica/report/t26.png","XzzH6jkA6DUdN6Nz2H2s8MKt9eV9maXG"
"s3://hcp-openaccess/HCP_1200/506234/MNINonLinear/Results/rfMRI_REST2_RL/rfMRI_REST2_RL_hp2000.ica/filtered_func_data.ica/report/t26.txt","506234","MNINonLinear//Results/rfMRI_REST2_RL/rfMRI_REST2_RL_hp2000.ica/filtered_func_data.ica/report/t26.txt","qh7iUJ2oedihXO3aoa_qOk_ITPTHKhTV"
"s3://hcp-openaccess/HCP_1200/506234/MNINonLinear/Results/rfMRI_REST2_RL/rfMRI_REST2_RL_hp2000.ica/filtered_func_data.ica/report/t27.png","506234","MNINonLinear//Results/rfMRI_REST2_RL/rfMRI_REST2_RL_hp2000.ica/filtered_func_data.ica/report/t27.png","H9VY5RLYTD_M_HEUd_QAVvr3BobkbzJt"
"s3://hcp-openaccess/HCP_1200/506234/MNINonLinear/Results/rfMRI_REST2_RL/rfMRI_REST2_RL_hp2000.ica/filtered_func_data.ica/report/t27.txt","506234","MNINonLinear//Results/rfMRI_REST2_RL/rfMRI_REST2_RL_hp2000.ica/filtered_func_data.ica/report/t27.txt",".8C7do2WgGY3P5EXlnuYQbTsTKTT1eJh"
"s3://hcp-openaccess/HCP_1200/506234/MNINonLinear/Results/rfMRI_REST2_RL/rfMRI_REST2_RL_hp2000.ica/filtered_func_data.ica/report/t28.png","506234","MNINonLinear//Results/rfMRI_REST2_RL/rfMRI_REST2_RL_hp2000.ica/filtered_func_data.ica/report/t28.png","XBLAZZUTP7kf6lzGLn3pXfKg8rJcVDIX"
"s3://hcp-openaccess/HCP_1200/506234/MNINonLinear/Results/rfMRI_REST2_RL/rfMRI_REST2_RL_hp2000.ica/filtered_func_data.ica/report/t28.txt","506234","MNINonLinear//Results/rfMRI_REST2_RL/rfMRI_REST2_RL_hp2000.ica/filtered_func_data.ica/report/t28.txt","pM5LLPsPu_kedUtsW49jLGyBi5QJtTqI"
"s3://hcp-openaccess/HCP_1200/506234/MNINonLinear/Results/rfMRI_REST2_RL/rfMRI_REST2_RL_hp2000.ica/filtered_func_data.ica/report/t29.png","506234","MNINonLinear//Results/rfMRI_REST2_RL/rfMRI_REST2_RL_hp2000.ica/filtered_func_data.ica/report/t29.png","P8tWAeWlQeznPsNgZhSHYf142.aXn00k"
"s3://hcp-openaccess/HCP_1200/506234/MNINonLinear/Results/rfMRI_REST2_RL/rfMRI_REST2_RL_hp2000.ica/filtered_func_data.ica/report/t29.txt","506234","MNINonLinear//Results/rfMRI_REST2_RL/rfMRI_REST2_RL_hp2000.ica/filtered_func_data.ica/report/t29.txt","C7NJlZ7G9tJk230I9wsBkT7CqjnYgUfZ"
"s3://hcp-openaccess/HCP_1200/506234/MNINonLinear/Results/rfMRI_REST2_RL/rfMRI_REST2_RL_hp2000.ica/filtered_func_data.ica/report/t3.png","506234","MNINonLinear//Results/rfMRI_REST2_RL/rfMRI_REST2_RL_hp2000.ica/filtered_func_data.ica/report/t3.png","D15gogNTYisd6uBaHOHYZbospd2gGYDp"
"s3://hcp-openaccess/HCP_1200/506234/MNINonLinear/Results/rfMRI_REST2_RL/rfMRI_REST2_RL_hp2000.ica/filtered_func_data.ica/report/t3.txt","506234","MNINonLinear//Results/rfMRI_REST2_RL/rfMRI_REST2_RL_hp2000.ica/filtered_func_data.ica/report/t3.txt","jVgVN7yyOTCnwN7__KUU.9KcbIp9lOyx"
"s3://hcp-openaccess/HCP_1200/506234/MNINonLinear/Results/rfMRI_REST2_RL/rfMRI_REST2_RL_hp2000.ica/filtered_func_data.ica/report/t30.png","506234","MNINonLinear//Results/rfMRI_REST2_RL/rfMRI_REST2_RL_hp2000.ica/filtered_func_data.ica/report/t30.png","QX9Eb7oCBmaclZshumuXbPA2etGgPfzJ"
"s3://hcp-openaccess/HCP_1200/506234/MNINonLinear/Results/rfMRI_REST2_RL/rfMRI_REST2_RL_hp2000.ica/filtered_func_data.ica/report/t30.txt","506234","MNINonLinear//Results/rfMRI_REST2_RL/rfMRI_REST2_RL_hp2000.ica/filtered_func_data.ica/report/t30.txt","_kmuaOxs6FkXJB9bxAhMi0Pdnph2FK64"
"s3://hcp-openaccess/HCP_1200/506234/MNINonLinear/Results/rfMRI_REST2_RL/rfMRI_REST2_RL_hp2000.ica/filtered_func_data.ica/report/t31.png","506234","MNINonLinear//Results/rfMRI_REST2_RL/rfMRI_REST2_RL_hp2000.ica/filtered_func_data.ica/report/t31.png","Y.RnYReIsjtJQ6jbT1eop7sZqHDTc01q"
"s3://hcp-openaccess/HCP_1200/506234/MNINonLinear/Results/rfMRI_REST2_RL/rfMRI_REST2_RL_hp2000.ica/filtered_func_data.ica/report/t31.txt","506234","MNINonLinear//Results/rfMRI_REST2_RL/rfMRI_REST2_RL_hp2000.ica/filtered_func_data.ica/report/t31.txt","ryXqV2qMcb1vQ1F_s7SDFdIgiXO1dhPL"
"s3://hcp-openaccess/HCP_1200/506234/MNINonLinear/Results/rfMRI_REST2_RL/rfMRI_REST2_RL_hp2000.ica/filtered_func_data.ica/report/t32.png","506234","MNINonLinear//Results/rfMRI_REST2_RL/rfMRI_REST2_RL_hp2000.ica/filtered_func_data.ica/report/t32.png","V.l4YD3s8NNvO539aL8GLWqyhnBJW1RY"
"s3://hcp-openaccess/HCP_1200/506234/MNINonLinear/Results/rfMRI_REST2_RL/rfMRI_REST2_RL_hp2000.ica/filtered_func_data.ica/report/t32.txt","506234","MNINonLinear//Results/rfMRI_REST2_RL/rfMRI_REST2_RL_hp2000.ica/filtered_func_data.ica/report/t32.txt","XqjaXZRSr7xSIsAU5xnenK1nLGbpwYxP"
"s3://hcp-openaccess/HCP_1200/506234/MNINonLinear/Results/rfMRI_REST2_RL/rfMRI_REST2_RL_hp2000.ica/filtered_func_data.ica/report/t33.png","506234","MNINonLinear//Results/rfMRI_REST2_RL/rfMRI_REST2_RL_hp2000.ica/filtered_func_data.ica/report/t33.png","8x5zJ3U9m0sScdiyHeWO59FHYPacbo1T"
"s3://hcp-openaccess/HCP_1200/506234/MNINonLinear/Results/rfMRI_REST2_RL/rfMRI_REST2_RL_hp2000.ica/filtered_func_data.ica/report/t33.txt","506234","MNINonLinear//Results/rfMRI_REST2_RL/rfMRI_REST2_RL_hp2000.ica/filtered_func_data.ica/report/t33.txt","ShNfsLyHWA0n2apIEz4Lk.FzN4HSQmeN"
"s3://hcp-openaccess/HCP_1200/506234/MNINonLinear/Results/rfMRI_REST2_RL/rfMRI_REST2_RL_hp2000.ica/filtered_func_data.ica/report/t34.png","506234","MNINonLinear//Results/rfMRI_REST2_RL/rfMRI_REST2_RL_hp2000.ica/filtered_func_data.ica/report/t34.png","JmFBeYMlKhBsIu9JaZwTP5PZvB0fUw3j"
"s3://hcp-openaccess/HCP_1200/506234/MNINonLinear/Results/rfMRI_REST2_RL/rfMRI_REST2_RL_hp2000.ica/filtered_func_data.ica/report/t34.txt","506234","MNINonLinear//Results/rfMRI_REST2_RL/rfMRI_REST2_RL_hp2000.ica/filtered_func_data.ica/report/t34.txt","LA0x2Q1mCPPOpYjTjfs6.b0TZ9297Gwy"
"s3://hcp-openaccess/HCP_1200/506234/MNINonLinear/Results/rfMRI_REST2_RL/rfMRI_REST2_RL_hp2000.ica/filtered_func_data.ica/report/t35.png","506234","MNINonLinear//Results/rfMRI_REST2_RL/rfMRI_REST2_RL_hp2000.ica/filtered_func_data.ica/report/t35.png","V.wVqjUVtnhN4Ffk_fafiVdo8VZoCiOb"
"s3://hcp-openaccess/HCP_1200/506234/MNINonLinear/Results/rfMRI_REST2_RL/rfMRI_REST2_RL_hp2000.ica/filtered_func_data.ica/report/t35.txt","506234","MNINonLinear//Results/rfMRI_REST2_RL/rfMRI_REST2_RL_hp2000.ica/filtered_func_data.ica/report/t35.txt","k7OtC1SM0466PT9xIKUyt5wnyoQ5UYIQ"
"s3://hcp-openaccess/HCP_1200/506234/MNINonLinear/Results/rfMRI_REST2_RL/rfMRI_REST2_RL_hp2000.ica/filtered_func_data.ica/report/t36.png","506234","MNINonLinear//Results/rfMRI_REST2_RL/rfMRI_REST2_RL_hp2000.ica/filtered_func_data.ica/report/t36.png","VKGneUN3JqCNg3ila9eoG3fArv4xtduw"
"s3://hcp-openaccess/HCP_1200/506234/MNINonLinear/Results/rfMRI_REST2_RL/rfMRI_REST2_RL_hp2000.ica/filtered_func_data.ica/report/t36.txt","506234","MNINonLinear//Results/rfMRI_REST2_RL/rfMRI_REST2_RL_hp2000.ica/filtered_func_data.ica/report/t36.txt","3sr.i0iMfhJbA3rcVOxN6gRrtUdGic40"
"s3://hcp-openaccess/HCP_1200/506234/MNINonLinear/Results/rfMRI_REST2_RL/rfMRI_REST2_RL_hp2000.ica/filtered_func_data.ica/report/t37.png","506234","MNINonLinear//Results/rfMRI_REST2_RL/rfMRI_REST2_RL_hp2000.ica/filtered_func_data.ica/report/t37.png","jyR5xxjTZLtAm4Bj9nfiK2VUwFBayur1"
"s3://hcp-openaccess/HCP_1200/506234/MNINonLinear/Results/rfMRI_REST2_RL/rfMRI_REST2_RL_hp2000.ica/filtered_func_data.ica/report/t37.txt","506234","MNINonLinear//Results/rfMRI_REST2_RL/rfMRI_REST2_RL_hp2000.ica/filtered_func_data.ica/report/t37.txt","366v5UycLzsduoVfPH3VFQKfBGE7rQ.z"
"s3://hcp-openaccess/HCP_1200/506234/MNINonLinear/Results/rfMRI_REST2_RL/rfMRI_REST2_RL_hp2000.ica/filtered_func_data.ica/report/t38.png","506234","MNINonLinear//Results/rfMRI_REST2_RL/rfMRI_REST2_RL_hp2000.ica/filtered_func_data.ica/report/t38.png","UMH_DZAExhPf0mfwRtpjjyZHM5d37I_6"
"s3://hcp-openaccess/HCP_1200/506234/MNINonLinear/Results/rfMRI_REST2_RL/rfMRI_REST2_RL_hp2000.ica/filtered_func_data.ica/report/t38.txt","506234","MNINonLinear//Results/rfMRI_REST2_RL/rfMRI_REST2_RL_hp2000.ica/filtered_func_data.ica/report/t38.txt","Bva4eIPcZE_wGosc8QK18.QxfMasPNjg"
"s3://hcp-openaccess/HCP_1200/506234/MNINonLinear/Results/rfMRI_REST2_RL/rfMRI_REST2_RL_hp2000.ica/filtered_func_data.ica/report/t39.png","506234","MNINonLinear//Results/rfMRI_REST2_RL/rfMRI_REST2_RL_hp2000.ica/filtered_func_data.ica/report/t39.png","vlmli_tCeQzG3CX8vQ6mi4UfDNwRemyi"
"s3://hcp-openaccess/HCP_1200/506234/MNINonLinear/Results/rfMRI_REST2_RL/rfMRI_REST2_RL_hp2000.ica/filtered_func_data.ica/report/t39.txt","506234","MNINonLinear//Results/rfMRI_REST2_RL/rfMRI_REST2_RL_hp2000.ica/filtered_func_data.ica/report/t39.txt","QwuaxbuvSRLv9G1O43mwvcdQIcwj.mkp"
"s3://hcp-openaccess/HCP_1200/506234/MNINonLinear/Results/rfMRI_REST2_RL/rfMRI_REST2_RL_hp2000.ica/filtered_func_data.ica/report/t4.png","506234","MNINonLinear//Results/rfMRI_REST2_RL/rfMRI_REST2_RL_hp2000.ica/filtered_func_data.ica/report/t4.png","F_0BqF3J.dHjhgl2bi1ueM4pjX1kOTRz"
"s3://hcp-openaccess/HCP_1200/506234/MNINonLinear/Results/rfMRI_REST2_RL/rfMRI_REST2_RL_hp2000.ica/filtered_func_data.ica/report/t4.txt","506234","MNINonLinear//Results/rfMRI_REST2_RL/rfMRI_REST2_RL_hp2000.ica/filtered_func_data.ica/report/t4.txt","2QClmwqBAaFC42wjR.uVsmWpG03Jdp_B"
"s3://hcp-openaccess/HCP_1200/506234/MNINonLinear/Results/rfMRI_REST2_RL/rfMRI_REST2_RL_hp2000.ica/filtered_func_data.ica/report/t40.png","506234","MNINonLinear//Results/rfMRI_REST2_RL/rfMRI_REST2_RL_hp2000.ica/filtered_func_data.ica/report/t40.png","WWlMBJzeFP9v1qgQ0Anuo7mmcwOEm3W6"
"s3://hcp-openaccess/HCP_1200/506234/MNINonLinear/Results/rfMRI_REST2_RL/rfMRI_REST2_RL_hp2000.ica/filtered_func_data.ica/report/t40.txt","506234","MNINonLinear//Results/rfMRI_REST2_RL/rfMRI_REST2_RL_hp2000.ica/filtered_func_data.ica/report/t40.txt","6RTZkUgIwKfQZ_kLSNZ71kn_BQ7F4xUV"
"s3://hcp-openaccess/HCP_1200/506234/MNINonLinear/Results/rfMRI_REST2_RL/rfMRI_REST2_RL_hp2000.ica/filtered_func_data.ica/report/t41.png","506234","MNINonLinear//Results/rfMRI_REST2_RL/rfMRI_REST2_RL_hp2000.ica/filtered_func_data.ica/report/t41.png","xJHvkMy4p0tZtg_uEGMLdqdEwiojJLy_"
"s3://hcp-openaccess/HCP_1200/506234/MNINonLinear/Results/rfMRI_REST2_RL/rfMRI_REST2_RL_hp2000.ica/filtered_func_data.ica/report/t41.txt","506234","MNINonLinear//Results/rfMRI_REST2_RL/rfMRI_REST2_RL_hp2000.ica/filtered_func_data.ica/report/t41.txt","hmrmoW7Gie_nHiQfVJvTLmp8k2VDX9JZ"
"s3://hcp-openaccess/HCP_1200/506234/MNINonLinear/Results/rfMRI_REST2_RL/rfMRI_REST2_RL_hp2000.ica/filtered_func_data.ica/report/t42.png","506234","MNINonLinear//Results/rfMRI_REST2_RL/rfMRI_REST2_RL_hp2000.ica/filtered_func_data.ica/report/t42.png","aHhNHCjstYyDqGD3oCHw1H..Ka87S5nv"
"s3://hcp-openaccess/HCP_1200/506234/MNINonLinear/Results/rfMRI_REST2_RL/rfMRI_REST2_RL_hp2000.ica/filtered_func_data.ica/report/t42.txt","506234","MNINonLinear//Results/rfMRI_REST2_RL/rfMRI_REST2_RL_hp2000.ica/filtered_func_data.ica/report/t42.txt","DezQ53Ru1kfUlsi1EFMj7nWN5PdtWpOB"
"s3://hcp-openaccess/HCP_1200/506234/MNINonLinear/Results/rfMRI_REST2_RL/rfMRI_REST2_RL_hp2000.ica/filtered_func_data.ica/report/t43.png","506234","MNINonLinear//Results/rfMRI_REST2_RL/rfMRI_REST2_RL_hp2000.ica/filtered_func_data.ica/report/t43.png","O.y0KsaXu4womfPoDOSZVsAYW_nE2Svf"
"s3://hcp-openaccess/HCP_1200/506234/MNINonLinear/Results/rfMRI_REST2_RL/rfMRI_REST2_RL_hp2000.ica/filtered_func_data.ica/report/t43.txt","506234","MNINonLinear//Results/rfMRI_REST2_RL/rfMRI_REST2_RL_hp2000.ica/filtered_func_data.ica/report/t43.txt","bq0t_hhiHB73cq42.s4OeXLW81QxsHFZ"
"s3://hcp-openaccess/HCP_1200/506234/MNINonLinear/Results/rfMRI_REST2_RL/rfMRI_REST2_RL_hp2000.ica/filtered_func_data.ica/report/t44.png","506234","MNINonLinear//Results/rfMRI_REST2_RL/rfMRI_REST2_RL_hp2000.ica/filtered_func_data.ica/report/t44.png","b6hUbOgh05V6q9owv3D5OPy3sZOeZ_nV"
"s3://hcp-openaccess/HCP_1200/506234/MNINonLinear/Results/rfMRI_REST2_RL/rfMRI_REST2_RL_hp2000.ica/filtered_func_data.ica/report/t44.txt","506234","MNINonLinear//Results/rfMRI_REST2_RL/rfMRI_REST2_RL_hp2000.ica/filtered_func_data.ica/report/t44.txt","RdiAaR04wd3WYNdQPZ8S_JF4yEX9mr21"
"s3://hcp-openaccess/HCP_1200/506234/MNINonLinear/Results/rfMRI_REST2_RL/rfMRI_REST2_RL_hp2000.ica/filtered_func_data.ica/report/t45.png","506234","MNINonLinear//Results/rfMRI_REST2_RL/rfMRI_REST2_RL_hp2000.ica/filtered_func_data.ica/report/t45.png","ufoX7nHVLzU0RPPRcVvxrGiF3kKaaYp2"
"s3://hcp-openaccess/HCP_1200/506234/MNINonLinear/Results/rfMRI_REST2_RL/rfMRI_REST2_RL_hp2000.ica/filtered_func_data.ica/report/t45.txt","506234","MNINonLinear//Results/rfMRI_REST2_RL/rfMRI_REST2_RL_hp2000.ica/filtered_func_data.ica/report/t45.txt","l2kjlUa_83COqLOoEEBq27xCcj0R5eJK"
"s3://hcp-openaccess/HCP_1200/506234/MNINonLinear/Results/rfMRI_REST2_RL/rfMRI_REST2_RL_hp2000.ica/filtered_func_data.ica/report/t46.png","506234","MNINonLinear//Results/rfMRI_REST2_RL/rfMRI_REST2_RL_hp2000.ica/filtered_func_data.ica/report/t46.png","2Gmk16XwOx5EX6xGlmIRHggH.ihsfv.9"
"s3://hcp-openaccess/HCP_1200/506234/MNINonLinear/Results/rfMRI_REST2_RL/rfMRI_REST2_RL_hp2000.ica/filtered_func_data.ica/report/t46.txt","506234","MNINonLinear//Results/rfMRI_REST2_RL/rfMRI_REST2_RL_hp2000.ica/filtered_func_data.ica/report/t46.txt","t2jmTJhaAaokcQA_xhJ83Le.mL83QdJm"
"s3://hcp-openaccess/HCP_1200/506234/MNINonLinear/Results/rfMRI_REST2_RL/rfMRI_REST2_RL_hp2000.ica/filtered_func_data.ica/report/t47.png","506234","MNINonLinear//Results/rfMRI_REST2_RL/rfMRI_REST2_RL_hp2000.ica/filtered_func_data.ica/report/t47.png","oA6hkR4OsBbiWXrMS9g2_wdm8uv5LoAO"
"s3://hcp-openaccess/HCP_1200/506234/MNINonLinear/Results/rfMRI_REST2_RL/rfMRI_REST2_RL_hp2000.ica/filtered_func_data.ica/report/t47.txt","506234","MNINonLinear//Results/rfMRI_REST2_RL/rfMRI_REST2_RL_hp2000.ica/filtered_func_data.ica/report/t47.txt","_lFOM3MSmmRt5Ksx72Lt0b2Pwd3MDBC6"
"s3://hcp-openaccess/HCP_1200/506234/MNINonLinear/Results/rfMRI_REST2_RL/rfMRI_REST2_RL_hp2000.ica/filtered_func_data.ica/report/t48.png","506234","MNINonLinear//Results/rfMRI_REST2_RL/rfMRI_REST2_RL_hp2000.ica/filtered_func_data.ica/report/t48.png","SdYnCdaCWmla.5mYIgik9gtB0zEKXJ0f"
"s3://hcp-openaccess/HCP_1200/506234/MNINonLinear/Results/rfMRI_REST2_RL/rfMRI_REST2_RL_hp2000.ica/filtered_func_data.ica/report/t48.txt","506234","MNINonLinear//Results/rfMRI_REST2_RL/rfMRI_REST2_RL_hp2000.ica/filtered_func_data.ica/report/t48.txt","rNxS6L0ux2hS1AKzbx6eHzsZgYvF64.h"
"s3://hcp-openaccess/HCP_1200/506234/MNINonLinear/Results/rfMRI_REST2_RL/rfMRI_REST2_RL_hp2000.ica/filtered_func_data.ica/report/t49.png","506234","MNINonLinear//Results/rfMRI_REST2_RL/rfMRI_REST2_RL_hp2000.ica/filtered_func_data.ica/report/t49.png","ArxNEAu3grojr0S3.mOKMkuyyYPmYPnX"
"s3://hcp-openaccess/HCP_1200/506234/MNINonLinear/Results/rfMRI_REST2_RL/rfMRI_REST2_RL_hp2000.ica/filtered_func_data.ica/report/t49.txt","506234","MNINonLinear//Results/rfMRI_REST2_RL/rfMRI_REST2_RL_hp2000.ica/filtered_func_data.ica/report/t49.txt","qw3VmE4tQoOFpALqg96xS7RbNjo2.mnl"
"s3://hcp-openaccess/HCP_1200/506234/MNINonLinear/Results/rfMRI_REST2_RL/rfMRI_REST2_RL_hp2000.ica/filtered_func_data.ica/report/t5.png","506234","MNINonLinear//Results/rfMRI_REST2_RL/rfMRI_REST2_RL_hp2000.ica/filtered_func_data.ica/report/t5.png","K.7IyloEyaqUAFLDuzgfZPKxVzsvRwi."
"s3://hcp-openaccess/HCP_1200/506234/MNINonLinear/Results/rfMRI_REST2_RL/rfMRI_REST2_RL_hp2000.ica/filtered_func_data.ica/report/t5.txt","506234","MNINonLinear//Results/rfMRI_REST2_RL/rfMRI_REST2_RL_hp2000.ica/filtered_func_data.ica/report/t5.txt","sdW6PcV1QXoiKoiTXPmzGZrJfOY1773b"
"s3://hcp-openaccess/HCP_1200/506234/MNINonLinear/Results/rfMRI_REST2_RL/rfMRI_REST2_RL_hp2000.ica/filtered_func_data.ica/report/t50.png","506234","MNINonLinear//Results/rfMRI_REST2_RL/rfMRI_REST2_RL_hp2000.ica/filtered_func_data.ica/report/t50.png","A8Ym3Fv4ynHnbgIrPKWqGghcyVqxWIQM"
"s3://hcp-openaccess/HCP_1200/506234/MNINonLinear/Results/rfMRI_REST2_RL/rfMRI_REST2_RL_hp2000.ica/filtered_func_data.ica/report/t50.txt","506234","MNINonLinear//Results/rfMRI_REST2_RL/rfMRI_REST2_RL_hp2000.ica/filtered_func_data.ica/report/t50.txt","7dROoRHMWmELuqgskVSku8YQZQ9Vxfz2"
"s3://hcp-openaccess/HCP_1200/506234/MNINonLinear/Results/rfMRI_REST2_RL/rfMRI_REST2_RL_hp2000.ica/filtered_func_data.ica/report/t51.png","506234","MNINonLinear//Results/rfMRI_REST2_RL/rfMRI_REST2_RL_hp2000.ica/filtered_func_data.ica/report/t51.png","1FMt0PbkZeCbw2P6s1gseqsUAvOCqSky"
"s3://hcp-openaccess/HCP_1200/506234/MNINonLinear/Results/rfMRI_REST2_RL/rfMRI_REST2_RL_hp2000.ica/filtered_func_data.ica/report/t51.txt","506234","MNINonLinear//Results/rfMRI_REST2_RL/rfMRI_REST2_RL_hp2000.ica/filtered_func_data.ica/report/t51.txt","G5mGePpreD38xE1chfx.Kc6t.Iqjzvt9"
"s3://hcp-openaccess/HCP_1200/506234/MNINonLinear/Results/rfMRI_REST2_RL/rfMRI_REST2_RL_hp2000.ica/filtered_func_data.ica/report/t52.png","506234","MNINonLinear//Results/rfMRI_REST2_RL/rfMRI_REST2_RL_hp2000.ica/filtered_func_data.ica/report/t52.png","yu9BcYD30MatNJAshc_kikjP3cPaN1gk"
"s3://hcp-openaccess/HCP_1200/506234/MNINonLinear/Results/rfMRI_REST2_RL/rfMRI_REST2_RL_hp2000.ica/filtered_func_data.ica/report/t52.txt","506234","MNINonLinear//Results/rfMRI_REST2_RL/rfMRI_REST2_RL_hp2000.ica/filtered_func_data.ica/report/t52.txt","trxzvSN0LbgN_PAfTwW6X9U.77VgxjKl"
"s3://hcp-openaccess/HCP_1200/506234/MNINonLinear/Results/rfMRI_REST2_RL/rfMRI_REST2_RL_hp2000.ica/filtered_func_data.ica/report/t53.png","506234","MNINonLinear//Results/rfMRI_REST2_RL/rfMRI_REST2_RL_hp2000.ica/filtered_func_data.ica/report/t53.png","qDIUbV6Xat_JkYuKjEsJiikzHXoDZ_Ea"
"s3://hcp-openaccess/HCP_1200/506234/MNINonLinear/Results/rfMRI_REST2_RL/rfMRI_REST2_RL_hp2000.ica/filtered_func_data.ica/report/t53.txt","506234","MNINonLinear//Results/rfMRI_REST2_RL/rfMRI_REST2_RL_hp2000.ica/filtered_func_data.ica/report/t53.txt","YqzqNyr5zWXTec3ohFkZCjE02u9u1IDg"
"s3://hcp-openaccess/HCP_1200/506234/MNINonLinear/Results/rfMRI_REST2_RL/rfMRI_REST2_RL_hp2000.ica/filtered_func_data.ica/report/t54.png","506234","MNINonLinear//Results/rfMRI_REST2_RL/rfMRI_REST2_RL_hp2000.ica/filtered_func_data.ica/report/t54.png","l0f8weJ2IhkgUG9eKiUUgmemFPzLpdoc"
"s3://hcp-openaccess/HCP_1200/506234/MNINonLinear/Results/rfMRI_REST2_RL/rfMRI_REST2_RL_hp2000.ica/filtered_func_data.ica/report/t54.txt","506234","MNINonLinear//Results/rfMRI_REST2_RL/rfMRI_REST2_RL_hp2000.ica/filtered_func_data.ica/report/t54.txt",".j5qXCcx04VxZ.ZLsRMwGW3kOimKE0bi"
"s3://hcp-openaccess/HCP_1200/506234/MNINonLinear/Results/rfMRI_REST2_RL/rfMRI_REST2_RL_hp2000.ica/filtered_func_data.ica/report/t55.png","506234","MNINonLinear//Results/rfMRI_REST2_RL/rfMRI_REST2_RL_hp2000.ica/filtered_func_data.ica/report/t55.png","qXhDeIIFqFD84UOSw2cXrV6uAjwcPVQz"
"s3://hcp-openaccess/HCP_1200/506234/MNINonLinear/Results/rfMRI_REST2_RL/rfMRI_REST2_RL_hp2000.ica/filtered_func_data.ica/report/t55.txt","506234","MNINonLinear//Results/rfMRI_REST2_RL/rfMRI_REST2_RL_hp2000.ica/filtered_func_data.ica/report/t55.txt","txOk6nwUNYUsO9nWcqtOpHlKPHpZGsCo"
"s3://hcp-openaccess/HCP_1200/506234/MNINonLinear/Results/rfMRI_REST2_RL/rfMRI_REST2_RL_hp2000.ica/filtered_func_data.ica/report/t56.png","506234","MNINonLinear//Results/rfMRI_REST2_RL/rfMRI_REST2_RL_hp2000.ica/filtered_func_data.ica/report/t56.png","0AobiDAVRkhWqf6jDGDDACRpvJWt6Gkd"
"s3://hcp-openaccess/HCP_1200/506234/MNINonLinear/Results/rfMRI_REST2_RL/rfMRI_REST2_RL_hp2000.ica/filtered_func_data.ica/report/t56.txt","506234","MNINonLinear//Results/rfMRI_REST2_RL/rfMRI_REST2_RL_hp2000.ica/filtered_func_data.ica/report/t56.txt","u9WhTYawjfE9a08XlAUB.aNc8FkX6DJG"
"s3://hcp-openaccess/HCP_1200/506234/MNINonLinear/Results/rfMRI_REST2_RL/rfMRI_REST2_RL_hp2000.ica/filtered_func_data.ica/report/t57.png","506234","MNINonLinear//Results/rfMRI_REST2_RL/rfMRI_REST2_RL_hp2000.ica/filtered_func_data.ica/report/t57.png","vXWXmVbb2hNu_2AskoRNxfSErCGj2txc"
"s3://hcp-openaccess/HCP_1200/506234/MNINonLinear/Results/rfMRI_REST2_RL/rfMRI_REST2_RL_hp2000.ica/filtered_func_data.ica/report/t57.txt","506234","MNINonLinear//Results/rfMRI_REST2_RL/rfMRI_REST2_RL_hp2000.ica/filtered_func_data.ica/report/t57.txt","N6wzXw6Wq6ZDtVHtsT0bmrtxoUuKXymp"
"s3://hcp-openaccess/HCP_1200/506234/MNINonLinear/Results/rfMRI_REST2_RL/rfMRI_REST2_RL_hp2000.ica/filtered_func_data.ica/report/t58.png","506234","MNINonLinear//Results/rfMRI_REST2_RL/rfMRI_REST2_RL_hp2000.ica/filtered_func_data.ica/report/t58.png","bguUv0BeZVXHLP7WtOfRfTHIBDbwbr.n"
"s3://hcp-openaccess/HCP_1200/506234/MNINonLinear/Results/rfMRI_REST2_RL/rfMRI_REST2_RL_hp2000.ica/filtered_func_data.ica/report/t58.txt","506234","MNINonLinear//Results/rfMRI_REST2_RL/rfMRI_REST2_RL_hp2000.ica/filtered_func_data.ica/report/t58.txt","mvMD7OKTu6Z5bUIFEAkYepIy75VO8Bdp"
"s3://hcp-openaccess/HCP_1200/506234/MNINonLinear/Results/rfMRI_REST2_RL/rfMRI_REST2_RL_hp2000.ica/filtered_func_data.ica/report/t59.png","506234","MNINonLinear//Results/rfMRI_REST2_RL/rfMRI_REST2_RL_hp2000.ica/filtered_func_data.ica/report/t59.png","67_0okFf8Wz9NGlQOi9E8v_OVWynSg1w"
"s3://hcp-openaccess/HCP_1200/506234/MNINonLinear/Results/rfMRI_REST2_RL/rfMRI_REST2_RL_hp2000.ica/filtered_func_data.ica/report/t59.txt","506234","MNINonLinear//Results/rfMRI_REST2_RL/rfMRI_REST2_RL_hp2000.ica/filtered_func_data.ica/report/t59.txt","8m5pvZfTJk80SlsspK_w_0X2qAX3DRDF"
"s3://hcp-openaccess/HCP_1200/506234/MNINonLinear/Results/rfMRI_REST2_RL/rfMRI_REST2_RL_hp2000.ica/filtered_func_data.ica/report/t6.png","506234","MNINonLinear//Results/rfMRI_REST2_RL/rfMRI_REST2_RL_hp2000.ica/filtered_func_data.ica/report/t6.png","5O2a7pJhTJ8F356utccWz31WZ8TdKfSX"
"s3://hcp-openaccess/HCP_1200/506234/MNINonLinear/Results/rfMRI_REST2_RL/rfMRI_REST2_RL_hp2000.ica/filtered_func_data.ica/report/t6.txt","506234","MNINonLinear//Results/rfMRI_REST2_RL/rfMRI_REST2_RL_hp2000.ica/filtered_func_data.ica/report/t6.txt","qa2lPXmcpXtTcCsdbuUHzj5_aUBNsKfV"
"s3://hcp-openaccess/HCP_1200/506234/MNINonLinear/Results/rfMRI_REST2_RL/rfMRI_REST2_RL_hp2000.ica/filtered_func_data.ica/report/t60.png","506234","MNINonLinear//Results/rfMRI_REST2_RL/rfMRI_REST2_RL_hp2000.ica/filtered_func_data.ica/report/t60.png","ueNXwcPCzgwdr6aPyNjYRC54Y_BXD7Ke"
"s3://hcp-openaccess/HCP_1200/506234/MNINonLinear/Results/rfMRI_REST2_RL/rfMRI_REST2_RL_hp2000.ica/filtered_func_data.ica/report/t60.txt","506234","MNINonLinear//Results/rfMRI_REST2_RL/rfMRI_REST2_RL_hp2000.ica/filtered_func_data.ica/report/t60.txt","GffwdKsXAahGMU4jY5YXvWvIWu4OzUtL"
"s3://hcp-openaccess/HCP_1200/506234/MNINonLinear/Results/rfMRI_REST2_RL/rfMRI_REST2_RL_hp2000.ica/filtered_func_data.ica/report/t61.png","506234","MNINonLinear//Results/rfMRI_REST2_RL/rfMRI_REST2_RL_hp2000.ica/filtered_func_data.ica/report/t61.png","u02RW1gGis.DslkmIU.YQB.6VhFxFS6M"
"s3://hcp-openaccess/HCP_1200/506234/MNINonLinear/Results/rfMRI_REST2_RL/rfMRI_REST2_RL_hp2000.ica/filtered_func_data.ica/report/t61.txt","506234","MNINonLinear//Results/rfMRI_REST2_RL/rfMRI_REST2_RL_hp2000.ica/filtered_func_data.ica/report/t61.txt","AWhg6UffWQHumqS6xoYQh_.dYcR9U0P7"
"s3://hcp-openaccess/HCP_1200/506234/MNINonLinear/Results/rfMRI_REST2_RL/rfMRI_REST2_RL_hp2000.ica/filtered_func_data.ica/report/t62.png","506234","MNINonLinear//Results/rfMRI_REST2_RL/rfMRI_REST2_RL_hp2000.ica/filtered_func_data.ica/report/t62.png","Ac12I_YDpCTupZsWPo0gPXgNIMDf1asX"
"s3://hcp-openaccess/HCP_1200/506234/MNINonLinear/Results/rfMRI_REST2_RL/rfMRI_REST2_RL_hp2000.ica/filtered_func_data.ica/report/t62.txt","506234","MNINonLinear//Results/rfMRI_REST2_RL/rfMRI_REST2_RL_hp2000.ica/filtered_func_data.ica/report/t62.txt","Va_ZqVr.qbEfW2NqJrKunV534RfsDr_L"
"s3://hcp-openaccess/HCP_1200/506234/MNINonLinear/Results/rfMRI_REST2_RL/rfMRI_REST2_RL_hp2000.ica/filtered_func_data.ica/report/t63.png","506234","MNINonLinear//Results/rfMRI_REST2_RL/rfMRI_REST2_RL_hp2000.ica/filtered_func_data.ica/report/t63.png","u3iY_gJxT.m.cLHlpvE80yVlkdWiXPBk"
"s3://hcp-openaccess/HCP_1200/506234/MNINonLinear/Results/rfMRI_REST2_RL/rfMRI_REST2_RL_hp2000.ica/filtered_func_data.ica/report/t63.txt","506234","MNINonLinear//Results/rfMRI_REST2_RL/rfMRI_REST2_RL_hp2000.ica/filtered_func_data.ica/report/t63.txt","5iLGDeGz.YNlVwhAa9W87taMz_rv3qgw"
"s3://hcp-openaccess/HCP_1200/506234/MNINonLinear/Results/rfMRI_REST2_RL/rfMRI_REST2_RL_hp2000.ica/filtered_func_data.ica/report/t64.png","506234","MNINonLinear//Results/rfMRI_REST2_RL/rfMRI_REST2_RL_hp2000.ica/filtered_func_data.ica/report/t64.png","ZGOQ9L2f.u3BSqFsBmIxOmfa3cFy3c_3"
"s3://hcp-openaccess/HCP_1200/506234/MNINonLinear/Results/rfMRI_REST2_RL/rfMRI_REST2_RL_hp2000.ica/filtered_func_data.ica/report/t64.txt","506234","MNINonLinear//Results/rfMRI_REST2_RL/rfMRI_REST2_RL_hp2000.ica/filtered_func_data.ica/report/t64.txt","WB_MMhiBi7i_hspgJxmpFV.DjwChokV5"
"s3://hcp-openaccess/HCP_1200/506234/MNINonLinear/Results/rfMRI_REST2_RL/rfMRI_REST2_RL_hp2000.ica/filtered_func_data.ica/report/t65.png","506234","MNINonLinear//Results/rfMRI_REST2_RL/rfMRI_REST2_RL_hp2000.ica/filtered_func_data.ica/report/t65.png",".4KeClSE.74nQUJUgJ.5RX_.chozAlxS"
"s3://hcp-openaccess/HCP_1200/506234/MNINonLinear/Results/rfMRI_REST2_RL/rfMRI_REST2_RL_hp2000.ica/filtered_func_data.ica/report/t65.txt","506234","MNINonLinear//Results/rfMRI_REST2_RL/rfMRI_REST2_RL_hp2000.ica/filtered_func_data.ica/report/t65.txt","PNb_9aua6wits43fWFwJl4uOz1bnHkn6"
"s3://hcp-openaccess/HCP_1200/506234/MNINonLinear/Results/rfMRI_REST2_RL/rfMRI_REST2_RL_hp2000.ica/filtered_func_data.ica/report/t66.png","506234","MNINonLinear//Results/rfMRI_REST2_RL/rfMRI_REST2_RL_hp2000.ica/filtered_func_data.ica/report/t66.png","HWuRFge4aOuMpR54bVjCUsnMeNbtsS7X"
"s3://hcp-openaccess/HCP_1200/506234/MNINonLinear/Results/rfMRI_REST2_RL/rfMRI_REST2_RL_hp2000.ica/filtered_func_data.ica/report/t66.txt","506234","MNINonLinear//Results/rfMRI_REST2_RL/rfMRI_REST2_RL_hp2000.ica/filtered_func_data.ica/report/t66.txt","Fb028KGDAB27Zt4zrAwZSRk4i2mSkqei"
"s3://hcp-openaccess/HCP_1200/506234/MNINonLinear/Results/rfMRI_REST2_RL/rfMRI_REST2_RL_hp2000.ica/filtered_func_data.ica/report/t67.png","506234","MNINonLinear//Results/rfMRI_REST2_RL/rfMRI_REST2_RL_hp2000.ica/filtered_func_data.ica/report/t67.png","31IIZEKmcoW2F1njp1nn5BhHL_d7A4_Y"
"s3://hcp-openaccess/HCP_1200/506234/MNINonLinear/Results/rfMRI_REST2_RL/rfMRI_REST2_RL_hp2000.ica/filtered_func_data.ica/report/t67.txt","506234","MNINonLinear//Results/rfMRI_REST2_RL/rfMRI_REST2_RL_hp2000.ica/filtered_func_data.ica/report/t67.txt","JGk.EUDyzqeiSWqxKkq7j16veXGMcwr8"
"s3://hcp-openaccess/HCP_1200/506234/MNINonLinear/Results/rfMRI_REST2_RL/rfMRI_REST2_RL_hp2000.ica/filtered_func_data.ica/report/t68.png","506234","MNINonLinear//Results/rfMRI_REST2_RL/rfMRI_REST2_RL_hp2000.ica/filtered_func_data.ica/report/t68.png","GlqHM_HrMVFoipWM2PHKpRc0zOKmbMP6"
"s3://hcp-openaccess/HCP_1200/506234/MNINonLinear/Results/rfMRI_REST2_RL/rfMRI_REST2_RL_hp2000.ica/filtered_func_data.ica/report/t68.txt","506234","MNINonLinear//Results/rfMRI_REST2_RL/rfMRI_REST2_RL_hp2000.ica/filtered_func_data.ica/report/t68.txt","xSLaER58M6dzFRE.RUFRwnExlKg3E68_"
"s3://hcp-openaccess/HCP_1200/506234/MNINonLinear/Results/rfMRI_REST2_RL/rfMRI_REST2_RL_hp2000.ica/filtered_func_data.ica/report/t69.png","506234","MNINonLinear//Results/rfMRI_REST2_RL/rfMRI_REST2_RL_hp2000.ica/filtered_func_data.ica/report/t69.png","b4GcnKr7McUZ_.Cl3fRVfOFcNOakYha2"
"s3://hcp-openaccess/HCP_1200/506234/MNINonLinear/Results/rfMRI_REST2_RL/rfMRI_REST2_RL_hp2000.ica/filtered_func_data.ica/report/t69.txt","506234","MNINonLinear//Results/rfMRI_REST2_RL/rfMRI_REST2_RL_hp2000.ica/filtered_func_data.ica/report/t69.txt","VsEY1LLT3lDRlsFae4yZMGeCKOPZOpiI"
"s3://hcp-openaccess/HCP_1200/506234/MNINonLinear/Results/rfMRI_REST2_RL/rfMRI_REST2_RL_hp2000.ica/filtered_func_data.ica/report/t7.png","506234","MNINonLinear//Results/rfMRI_REST2_RL/rfMRI_REST2_RL_hp2000.ica/filtered_func_data.ica/report/t7.png","utoSKIhfvbTOaMn4xCoYFChkUBw4s3Ls"
"s3://hcp-openaccess/HCP_1200/506234/MNINonLinear/Results/rfMRI_REST2_RL/rfMRI_REST2_RL_hp2000.ica/filtered_func_data.ica/report/t7.txt","506234","MNINonLinear//Results/rfMRI_REST2_RL/rfMRI_REST2_RL_hp2000.ica/filtered_func_data.ica/report/t7.txt","snvWB5T4Mhj2.HCp.8P6DF0wHRDSv0kb"
"s3://hcp-openaccess/HCP_1200/506234/MNINonLinear/Results/rfMRI_REST2_RL/rfMRI_REST2_RL_hp2000.ica/filtered_func_data.ica/report/t70.png","506234","MNINonLinear//Results/rfMRI_REST2_RL/rfMRI_REST2_RL_hp2000.ica/filtered_func_data.ica/report/t70.png","UY9xZhKHIcE.CDd8taJR81nMr7sWFBTm"
"s3://hcp-openaccess/HCP_1200/506234/MNINonLinear/Results/rfMRI_REST2_RL/rfMRI_REST2_RL_hp2000.ica/filtered_func_data.ica/report/t70.txt","506234","MNINonLinear//Results/rfMRI_REST2_RL/rfMRI_REST2_RL_hp2000.ica/filtered_func_data.ica/report/t70.txt","jChsc2cc6EkLuboS5ZjG3frOwGmwE.an"
"s3://hcp-openaccess/HCP_1200/506234/MNINonLinear/Results/rfMRI_REST2_RL/rfMRI_REST2_RL_hp2000.ica/filtered_func_data.ica/report/t71.png","506234","MNINonLinear//Results/rfMRI_REST2_RL/rfMRI_REST2_RL_hp2000.ica/filtered_func_data.ica/report/t71.png","OyutzMmZ063F7FaEYD3TVBTpQ6KVLGQC"
"s3://hcp-openaccess/HCP_1200/506234/MNINonLinear/Results/rfMRI_REST2_RL/rfMRI_REST2_RL_hp2000.ica/filtered_func_data.ica/report/t71.txt","506234","MNINonLinear//Results/rfMRI_REST2_RL/rfMRI_REST2_RL_hp2000.ica/filtered_func_data.ica/report/t71.txt","8zFLsRYxMP73w_PIJhuL_A5jhgNM1uIp"
"s3://hcp-openaccess/HCP_1200/506234/MNINonLinear/Results/rfMRI_REST2_RL/rfMRI_REST2_RL_hp2000.ica/filtered_func_data.ica/report/t72.png","506234","MNINonLinear//Results/rfMRI_REST2_RL/rfMRI_REST2_RL_hp2000.ica/filtered_func_data.ica/report/t72.png","dFN65t757jqBrLG02sUHmVzlJcfteVXp"
"s3://hcp-openaccess/HCP_1200/506234/MNINonLinear/Results/rfMRI_REST2_RL/rfMRI_REST2_RL_hp2000.ica/filtered_func_data.ica/report/t72.txt","506234","MNINonLinear//Results/rfMRI_REST2_RL/rfMRI_REST2_RL_hp2000.ica/filtered_func_data.ica/report/t72.txt","bzHE_p8dpWt9yeqhgmjpXpVFUkoEphsu"
"s3://hcp-openaccess/HCP_1200/506234/MNINonLinear/Results/rfMRI_REST2_RL/rfMRI_REST2_RL_hp2000.ica/filtered_func_data.ica/report/t73.png","506234","MNINonLinear//Results/rfMRI_REST2_RL/rfMRI_REST2_RL_hp2000.ica/filtered_func_data.ica/report/t73.png","fgY4ja8zMndKViMbuBG1ZePogtQuBvut"
"s3://hcp-openaccess/HCP_1200/506234/MNINonLinear/Results/rfMRI_REST2_RL/rfMRI_REST2_RL_hp2000.ica/filtered_func_data.ica/report/t73.txt","506234","MNINonLinear//Results/rfMRI_REST2_RL/rfMRI_REST2_RL_hp2000.ica/filtered_func_data.ica/report/t73.txt","E3BZS8TJyeQpQzXV0Tjg8blIUx2K1d9O"
"s3://hcp-openaccess/HCP_1200/506234/MNINonLinear/Results/rfMRI_REST2_RL/rfMRI_REST2_RL_hp2000.ica/filtered_func_data.ica/report/t74.png","506234","MNINonLinear//Results/rfMRI_REST2_RL/rfMRI_REST2_RL_hp2000.ica/filtered_func_data.ica/report/t74.png","sb5H08t6e132mBTdU9i8XRvut51fOo7q"
"s3://hcp-openaccess/HCP_1200/506234/MNINonLinear/Results/rfMRI_REST2_RL/rfMRI_REST2_RL_hp2000.ica/filtered_func_data.ica/report/t74.txt","506234","MNINonLinear//Results/rfMRI_REST2_RL/rfMRI_REST2_RL_hp2000.ica/filtered_func_data.ica/report/t74.txt","C.Ilhybl0pecflwiFMs8c0YL15dqW21L"
"s3://hcp-openaccess/HCP_1200/506234/MNINonLinear/Results/rfMRI_REST2_RL/rfMRI_REST2_RL_hp2000.ica/filtered_func_data.ica/report/t75.png","506234","MNINonLinear//Results/rfMRI_REST2_RL/rfMRI_REST2_RL_hp2000.ica/filtered_func_data.ica/report/t75.png","avsaeZQVNLUJYBBmAb3FqT6NmarIFFPO"
"s3://hcp-openaccess/HCP_1200/506234/MNINonLinear/Results/rfMRI_REST2_RL/rfMRI_REST2_RL_hp2000.ica/filtered_func_data.ica/report/t75.txt","506234","MNINonLinear//Results/rfMRI_REST2_RL/rfMRI_REST2_RL_hp2000.ica/filtered_func_data.ica/report/t75.txt","rZiXQpu1aStwQPQ96kI4bilrZ9IHs_xE"
"s3://hcp-openaccess/HCP_1200/506234/MNINonLinear/Results/rfMRI_REST2_RL/rfMRI_REST2_RL_hp2000.ica/filtered_func_data.ica/report/t76.png","506234","MNINonLinear//Results/rfMRI_REST2_RL/rfMRI_REST2_RL_hp2000.ica/filtered_func_data.ica/report/t76.png","Efrv_pg50skJKGfW2l.ioqM5vVTAhASL"
"s3://hcp-openaccess/HCP_1200/506234/MNINonLinear/Results/rfMRI_REST2_RL/rfMRI_REST2_RL_hp2000.ica/filtered_func_data.ica/report/t76.txt","506234","MNINonLinear//Results/rfMRI_REST2_RL/rfMRI_REST2_RL_hp2000.ica/filtered_func_data.ica/report/t76.txt","MpmGSY7z7YdAqFW4cG4jbkxxrqNCA.g4"
"s3://hcp-openaccess/HCP_1200/506234/MNINonLinear/Results/rfMRI_REST2_RL/rfMRI_REST2_RL_hp2000.ica/filtered_func_data.ica/report/t77.png","506234","MNINonLinear//Results/rfMRI_REST2_RL/rfMRI_REST2_RL_hp2000.ica/filtered_func_data.ica/report/t77.png","hz2.jWVQQFuBwZWZ6lRIFEpMfoaE.UL7"
"s3://hcp-openaccess/HCP_1200/506234/MNINonLinear/Results/rfMRI_REST2_RL/rfMRI_REST2_RL_hp2000.ica/filtered_func_data.ica/report/t77.txt","506234","MNINonLinear//Results/rfMRI_REST2_RL/rfMRI_REST2_RL_hp2000.ica/filtered_func_data.ica/report/t77.txt","i7x_a0vr3EAKNLmxjnE_koHKS8BQx6Dl"
"s3://hcp-openaccess/HCP_1200/506234/MNINonLinear/Results/rfMRI_REST2_RL/rfMRI_REST2_RL_hp2000.ica/filtered_func_data.ica/report/t78.png","506234","MNINonLinear//Results/rfMRI_REST2_RL/rfMRI_REST2_RL_hp2000.ica/filtered_func_data.ica/report/t78.png","jIkr2ROdsou2MoRytjQLcYYvTua.ZmoY"
"s3://hcp-openaccess/HCP_1200/506234/MNINonLinear/Results/rfMRI_REST2_RL/rfMRI_REST2_RL_hp2000.ica/filtered_func_data.ica/report/t78.txt","506234","MNINonLinear//Results/rfMRI_REST2_RL/rfMRI_REST2_RL_hp2000.ica/filtered_func_data.ica/report/t78.txt","7_zDVDd4FfredobD1xchApNUsyyfPr2A"
"s3://hcp-openaccess/HCP_1200/506234/MNINonLinear/Results/rfMRI_REST2_RL/rfMRI_REST2_RL_hp2000.ica/filtered_func_data.ica/report/t79.png","506234","MNINonLinear//Results/rfMRI_REST2_RL/rfMRI_REST2_RL_hp2000.ica/filtered_func_data.ica/report/t79.png","a0O.__NK_pGJmGbkZ9ZPI0kSWJkrJgkv"
"s3://hcp-openaccess/HCP_1200/506234/MNINonLinear/Results/rfMRI_REST2_RL/rfMRI_REST2_RL_hp2000.ica/filtered_func_data.ica/report/t79.txt","506234","MNINonLinear//Results/rfMRI_REST2_RL/rfMRI_REST2_RL_hp2000.ica/filtered_func_data.ica/report/t79.txt","fvlhtcI3nZPj3rCw75vMbPv0xiMFMvLj"
"s3://hcp-openaccess/HCP_1200/506234/MNINonLinear/Results/rfMRI_REST2_RL/rfMRI_REST2_RL_hp2000.ica/filtered_func_data.ica/report/t8.png","506234","MNINonLinear//Results/rfMRI_REST2_RL/rfMRI_REST2_RL_hp2000.ica/filtered_func_data.ica/report/t8.png","VpGG0ywKh2vWAluO.0YaNhwn3Wudws0j"
"s3://hcp-openaccess/HCP_1200/506234/MNINonLinear/Results/rfMRI_REST2_RL/rfMRI_REST2_RL_hp2000.ica/filtered_func_data.ica/report/t8.txt","506234","MNINonLinear//Results/rfMRI_REST2_RL/rfMRI_REST2_RL_hp2000.ica/filtered_func_data.ica/report/t8.txt","you2bh8M8d6hiTG4sICkZJgt3XjLh2Yw"
"s3://hcp-openaccess/HCP_1200/506234/MNINonLinear/Results/rfMRI_REST2_RL/rfMRI_REST2_RL_hp2000.ica/filtered_func_data.ica/report/t80.png","506234","MNINonLinear//Results/rfMRI_REST2_RL/rfMRI_REST2_RL_hp2000.ica/filtered_func_data.ica/report/t80.png","7tAaFTQIqMBBKrDZ6YVxiEmo38u8yVUt"
"s3://hcp-openaccess/HCP_1200/506234/MNINonLinear/Results/rfMRI_REST2_RL/rfMRI_REST2_RL_hp2000.ica/filtered_func_data.ica/report/t80.txt","506234","MNINonLinear//Results/rfMRI_REST2_RL/rfMRI_REST2_RL_hp2000.ica/filtered_func_data.ica/report/t80.txt","J9UdZ6G5RyjvCBfwIVYslDBT_ttP.Keb"
"s3://hcp-openaccess/HCP_1200/506234/MNINonLinear/Results/rfMRI_REST2_RL/rfMRI_REST2_RL_hp2000.ica/filtered_func_data.ica/report/t81.png","506234","MNINonLinear//Results/rfMRI_REST2_RL/rfMRI_REST2_RL_hp2000.ica/filtered_func_data.ica/report/t81.png","N8Xu7H1.V6LCWIvfi0v0jRxMfcPEyxAg"
"s3://hcp-openaccess/HCP_1200/506234/MNINonLinear/Results/rfMRI_REST2_RL/rfMRI_REST2_RL_hp2000.ica/filtered_func_data.ica/report/t81.txt","506234","MNINonLinear//Results/rfMRI_REST2_RL/rfMRI_REST2_RL_hp2000.ica/filtered_func_data.ica/report/t81.txt","8OYUI2Yr1YDqY1CzSMEs2VSjwqRMxZLp"
"s3://hcp-openaccess/HCP_1200/506234/MNINonLinear/Results/rfMRI_REST2_RL/rfMRI_REST2_RL_hp2000.ica/filtered_func_data.ica/report/t82.png","506234","MNINonLinear//Results/rfMRI_REST2_RL/rfMRI_REST2_RL_hp2000.ica/filtered_func_data.ica/report/t82.png","rvJTmFAdhIY22ECNemTk8zIHGYWAJDvS"
"s3://hcp-openaccess/HCP_1200/506234/MNINonLinear/Results/rfMRI_REST2_RL/rfMRI_REST2_RL_hp2000.ica/filtered_func_data.ica/report/t82.txt","506234","MNINonLinear//Results/rfMRI_REST2_RL/rfMRI_REST2_RL_hp2000.ica/filtered_func_data.ica/report/t82.txt","wGJN9StECV4DgcOHggkFf2eN0Xsior9V"
"s3://hcp-openaccess/HCP_1200/506234/MNINonLinear/Results/rfMRI_REST2_RL/rfMRI_REST2_RL_hp2000.ica/filtered_func_data.ica/report/t83.png","506234","MNINonLinear//Results/rfMRI_REST2_RL/rfMRI_REST2_RL_hp2000.ica/filtered_func_data.ica/report/t83.png","34ROdp.D0AhvxE12kJK1myUQRTmLnrPQ"
"s3://hcp-openaccess/HCP_1200/506234/MNINonLinear/Results/rfMRI_REST2_RL/rfMRI_REST2_RL_hp2000.ica/filtered_func_data.ica/report/t83.txt","506234","MNINonLinear//Results/rfMRI_REST2_RL/rfMRI_REST2_RL_hp2000.ica/filtered_func_data.ica/report/t83.txt","HB.Pca1Lc6SU0_LtSxspoMKjAiAyA21i"
"s3://hcp-openaccess/HCP_1200/506234/MNINonLinear/Results/rfMRI_REST2_RL/rfMRI_REST2_RL_hp2000.ica/filtered_func_data.ica/report/t84.png","506234","MNINonLinear//Results/rfMRI_REST2_RL/rfMRI_REST2_RL_hp2000.ica/filtered_func_data.ica/report/t84.png","Box1lGJS2Unkho4XqqeXSkXT9Cpfaig4"
"s3://hcp-openaccess/HCP_1200/506234/MNINonLinear/Results/rfMRI_REST2_RL/rfMRI_REST2_RL_hp2000.ica/filtered_func_data.ica/report/t84.txt","506234","MNINonLinear//Results/rfMRI_REST2_RL/rfMRI_REST2_RL_hp2000.ica/filtered_func_data.ica/report/t84.txt","UEHgX7I2latD8ahzij4Xax5XGwP7tmlQ"
"s3://hcp-openaccess/HCP_1200/506234/MNINonLinear/Results/rfMRI_REST2_RL/rfMRI_REST2_RL_hp2000.ica/filtered_func_data.ica/report/t85.png","506234","MNINonLinear//Results/rfMRI_REST2_RL/rfMRI_REST2_RL_hp2000.ica/filtered_func_data.ica/report/t85.png","tWRaMSoOtswvV75oO1BsfjxQqymBaWTl"
"s3://hcp-openaccess/HCP_1200/506234/MNINonLinear/Results/rfMRI_REST2_RL/rfMRI_REST2_RL_hp2000.ica/filtered_func_data.ica/report/t85.txt","506234","MNINonLinear//Results/rfMRI_REST2_RL/rfMRI_REST2_RL_hp2000.ica/filtered_func_data.ica/report/t85.txt","gq9jCANS8o6naeD5UQlJKaejTVHUeu.C"
"s3://hcp-openaccess/HCP_1200/506234/MNINonLinear/Results/rfMRI_REST2_RL/rfMRI_REST2_RL_hp2000.ica/filtered_func_data.ica/report/t86.png","506234","MNINonLinear//Results/rfMRI_REST2_RL/rfMRI_REST2_RL_hp2000.ica/filtered_func_data.ica/report/t86.png","zlFMfneSnPhXgoZR5pX4X1D.xW3LRDq."
"s3://hcp-openaccess/HCP_1200/506234/MNINonLinear/Results/rfMRI_REST2_RL/rfMRI_REST2_RL_hp2000.ica/filtered_func_data.ica/report/t86.txt","506234","MNINonLinear//Results/rfMRI_REST2_RL/rfMRI_REST2_RL_hp2000.ica/filtered_func_data.ica/report/t86.txt","xCn.h.MkbbhAbdwuheN2ldV3llQkvoj5"
"s3://hcp-openaccess/HCP_1200/506234/MNINonLinear/Results/rfMRI_REST2_RL/rfMRI_REST2_RL_hp2000.ica/filtered_func_data.ica/report/t87.png","506234","MNINonLinear//Results/rfMRI_REST2_RL/rfMRI_REST2_RL_hp2000.ica/filtered_func_data.ica/report/t87.png","oC79dsDuEe8KtkXABR4TIVtNjdaz.Ehk"
"s3://hcp-openaccess/HCP_1200/506234/MNINonLinear/Results/rfMRI_REST2_RL/rfMRI_REST2_RL_hp2000.ica/filtered_func_data.ica/report/t87.txt","506234","MNINonLinear//Results/rfMRI_REST2_RL/rfMRI_REST2_RL_hp2000.ica/filtered_func_data.ica/report/t87.txt","KoJN6aB0rh7XvLs82jL6ioG3HWjlp3e0"
"s3://hcp-openaccess/HCP_1200/506234/MNINonLinear/Results/rfMRI_REST2_RL/rfMRI_REST2_RL_hp2000.ica/filtered_func_data.ica/report/t88.png","506234","MNINonLinear//Results/rfMRI_REST2_RL/rfMRI_REST2_RL_hp2000.ica/filtered_func_data.ica/report/t88.png","CGZ8VLrt7oMtupyyeU8dJVy_6ftxoFAu"
"s3://hcp-openaccess/HCP_1200/506234/MNINonLinear/Results/rfMRI_REST2_RL/rfMRI_REST2_RL_hp2000.ica/filtered_func_data.ica/report/t88.txt","506234","MNINonLinear//Results/rfMRI_REST2_RL/rfMRI_REST2_RL_hp2000.ica/filtered_func_data.ica/report/t88.txt","7KRoV.yAMMjRLbSp9M4MVJFFurHlJXZt"
"s3://hcp-openaccess/HCP_1200/506234/MNINonLinear/Results/rfMRI_REST2_RL/rfMRI_REST2_RL_hp2000.ica/filtered_func_data.ica/report/t89.png","506234","MNINonLinear//Results/rfMRI_REST2_RL/rfMRI_REST2_RL_hp2000.ica/filtered_func_data.ica/report/t89.png","HY3o_8H4.w1lioYdNTJlZvAxaWos22Jo"
"s3://hcp-openaccess/HCP_1200/506234/MNINonLinear/Results/rfMRI_REST2_RL/rfMRI_REST2_RL_hp2000.ica/filtered_func_data.ica/report/t89.txt","506234","MNINonLinear//Results/rfMRI_REST2_RL/rfMRI_REST2_RL_hp2000.ica/filtered_func_data.ica/report/t89.txt","5pabQTVXi.JvbiQ1CXwQswsEAsgD7v2n"
"s3://hcp-openaccess/HCP_1200/506234/MNINonLinear/Results/rfMRI_REST2_RL/rfMRI_REST2_RL_hp2000.ica/filtered_func_data.ica/report/t9.png","506234","MNINonLinear//Results/rfMRI_REST2_RL/rfMRI_REST2_RL_hp2000.ica/filtered_func_data.ica/report/t9.png","bisvEk5ZlVq7PA31yF7FaUA0ivjcXF5y"
"s3://hcp-openaccess/HCP_1200/506234/MNINonLinear/Results/rfMRI_REST2_RL/rfMRI_REST2_RL_hp2000.ica/filtered_func_data.ica/report/t9.txt","506234","MNINonLinear//Results/rfMRI_REST2_RL/rfMRI_REST2_RL_hp2000.ica/filtered_func_data.ica/report/t9.txt","7Z.ADQFOJMaA.YM.wsFVaYW1GNbVNXtT"
"s3://hcp-openaccess/HCP_1200/506234/MNINonLinear/Results/rfMRI_REST2_RL/rfMRI_REST2_RL_hp2000.ica/filtered_func_data.ica/report/t90.png","506234","MNINonLinear//Results/rfMRI_REST2_RL/rfMRI_REST2_RL_hp2000.ica/filtered_func_data.ica/report/t90.png","exznJR6oy5R_Dexqc5P0O_HMkzLCFUJj"
"s3://hcp-openaccess/HCP_1200/506234/MNINonLinear/Results/rfMRI_REST2_RL/rfMRI_REST2_RL_hp2000.ica/filtered_func_data.ica/report/t90.txt","506234","MNINonLinear//Results/rfMRI_REST2_RL/rfMRI_REST2_RL_hp2000.ica/filtered_func_data.ica/report/t90.txt","Kp0DsLBexnl9kVOLmnfFK2YQtyuvO7XY"
"s3://hcp-openaccess/HCP_1200/506234/MNINonLinear/Results/rfMRI_REST2_RL/rfMRI_REST2_RL_hp2000.ica/filtered_func_data.ica/report/t91.png","506234","MNINonLinear//Results/rfMRI_REST2_RL/rfMRI_REST2_RL_hp2000.ica/filtered_func_data.ica/report/t91.png",".a3Z.WCAwaCDMdymoGuVKzgQ.kt7kXax"
"s3://hcp-openaccess/HCP_1200/506234/MNINonLinear/Results/rfMRI_REST2_RL/rfMRI_REST2_RL_hp2000.ica/filtered_func_data.ica/report/t91.txt","506234","MNINonLinear//Results/rfMRI_REST2_RL/rfMRI_REST2_RL_hp2000.ica/filtered_func_data.ica/report/t91.txt","_bareHlHPLFne6RPCvLywzYC7k4rEFwV"
"s3://hcp-openaccess/HCP_1200/506234/MNINonLinear/Results/rfMRI_REST2_RL/rfMRI_REST2_RL_hp2000.ica/filtered_func_data.ica/report/t92.png","506234","MNINonLinear//Results/rfMRI_REST2_RL/rfMRI_REST2_RL_hp2000.ica/filtered_func_data.ica/report/t92.png","26KOKR17IpTjrIDEVIt52bxBF57Lg05Z"
"s3://hcp-openaccess/HCP_1200/506234/MNINonLinear/Results/rfMRI_REST2_RL/rfMRI_REST2_RL_hp2000.ica/filtered_func_data.ica/report/t92.txt","506234","MNINonLinear//Results/rfMRI_REST2_RL/rfMRI_REST2_RL_hp2000.ica/filtered_func_data.ica/report/t92.txt","tfQlfhQ358M1PD84BDmcpHOJRgz0Ud1c"
"s3://hcp-openaccess/HCP_1200/506234/MNINonLinear/Results/rfMRI_REST2_RL/rfMRI_REST2_RL_hp2000.ica/filtered_func_data.ica/report/t93.png","506234","MNINonLinear//Results/rfMRI_REST2_RL/rfMRI_REST2_RL_hp2000.ica/filtered_func_data.ica/report/t93.png","tKBMq5vZ8buGFJ8pSTWJ4cDQvztpPXxq"
"s3://hcp-openaccess/HCP_1200/506234/MNINonLinear/Results/rfMRI_REST2_RL/rfMRI_REST2_RL_hp2000.ica/filtered_func_data.ica/report/t93.txt","506234","MNINonLinear//Results/rfMRI_REST2_RL/rfMRI_REST2_RL_hp2000.ica/filtered_func_data.ica/report/t93.txt","7OzHnRlYWan3PiEDODHpt5sIx7rb6Mws"
"s3://hcp-openaccess/HCP_1200/506234/MNINonLinear/Results/rfMRI_REST2_RL/rfMRI_REST2_RL_hp2000_clean.nii.gz","506234","MNINonLinear//Results/rfMRI_REST2_RL/rfMRI_REST2_RL_hp2000_clean.nii.gz","e0Zc50.Foo3rNIBZYPYgFRhH6olIRJ4f"
"s3://hcp-openaccess/HCP_1200/506234/MNINonLinear/Results/tfMRI_EMOTION/prepare_level2_feat_analysis.sh","506234","MNINonLinear//Results/tfMRI_EMOTION/prepare_level2_feat_analysis.sh","an1k5e1HREYY6_V1tX444OBgh49GQqmH"
"s3://hcp-openaccess/HCP_1200/506234/MNINonLinear/Results/tfMRI_EMOTION/tfMRI_EMOTION_hp200_s12_level2.feat/506234_tfMRI_EMOTION_level2_hp200_s12.dscalar.nii","506234","MNINonLinear//Results/tfMRI_EMOTION/tfMRI_EMOTION_hp200_s12_level2.feat/506234_tfMRI_EMOTION_level2_hp200_s12.dscalar.nii","9ccRVkId6zmsCQtEHL2zoAiGblEc054y"
"s3://hcp-openaccess/HCP_1200/506234/MNINonLinear/Results/tfMRI_EMOTION/tfMRI_EMOTION_hp200_s12_level2.feat/Contrasts.txt","506234","MNINonLinear//Results/tfMRI_EMOTION/tfMRI_EMOTION_hp200_s12_level2.feat/Contrasts.txt","9XHfQVPfrnhp0W93kRGAIheK6lTXAUy7"
"s3://hcp-openaccess/HCP_1200/506234/MNINonLinear/Results/tfMRI_EMOTION/tfMRI_EMOTION_hp200_s12_level2.feat/GrayordinatesStats/cope1.feat/cope1.dtseries.nii","506234","MNINonLinear//Results/tfMRI_EMOTION/tfMRI_EMOTION_hp200_s12_level2.feat/GrayordinatesStats/cope1.feat/cope1.dtseries.nii","vGrjpcGHSuDZfWOVr9YBPEFsUZ6LkNpR"
"s3://hcp-openaccess/HCP_1200/506234/MNINonLinear/Results/tfMRI_EMOTION/tfMRI_EMOTION_hp200_s12_level2.feat/GrayordinatesStats/cope1.feat/logfile","506234","MNINonLinear//Results/tfMRI_EMOTION/tfMRI_EMOTION_hp200_s12_level2.feat/GrayordinatesStats/cope1.feat/logfile","Eh0CDzVORowaE1R8HOpFgMe46WIUJMLm"
"s3://hcp-openaccess/HCP_1200/506234/MNINonLinear/Results/tfMRI_EMOTION/tfMRI_EMOTION_hp200_s12_level2.feat/GrayordinatesStats/cope1.feat/mask.dtseries.nii","506234","MNINonLinear//Results/tfMRI_EMOTION/tfMRI_EMOTION_hp200_s12_level2.feat/GrayordinatesStats/cope1.feat/mask.dtseries.nii","Sb4nXmOuMyww53zQQpTAZ4I1hjaWckvR"
"s3://hcp-openaccess/HCP_1200/506234/MNINonLinear/Results/tfMRI_EMOTION/tfMRI_EMOTION_hp200_s12_level2.feat/GrayordinatesStats/cope1.feat/mean_random_effects_var1.dtseries.nii","506234","MNINonLinear//Results/tfMRI_EMOTION/tfMRI_EMOTION_hp200_s12_level2.feat/GrayordinatesStats/cope1.feat/mean_random_effects_var1.dtseries.nii","DGT0pUaRgbAuzGHnNed4se6wTwkNHLbY"
"s3://hcp-openaccess/HCP_1200/506234/MNINonLinear/Results/tfMRI_EMOTION/tfMRI_EMOTION_hp200_s12_level2.feat/GrayordinatesStats/cope1.feat/pe1.dtseries.nii","506234","MNINonLinear//Results/tfMRI_EMOTION/tfMRI_EMOTION_hp200_s12_level2.feat/GrayordinatesStats/cope1.feat/pe1.dtseries.nii","HIT.c17IP32570LIXOqPgq7CiA.EN1fM"
"s3://hcp-openaccess/HCP_1200/506234/MNINonLinear/Results/tfMRI_EMOTION/tfMRI_EMOTION_hp200_s12_level2.feat/GrayordinatesStats/cope1.feat/res4d.dtseries.nii","506234","MNINonLinear//Results/tfMRI_EMOTION/tfMRI_EMOTION_hp200_s12_level2.feat/GrayordinatesStats/cope1.feat/res4d.dtseries.nii","I4PuXAkCuO_CFS17QC3zH4Q4FKsg1XiR"
"s3://hcp-openaccess/HCP_1200/506234/MNINonLinear/Results/tfMRI_EMOTION/tfMRI_EMOTION_hp200_s12_level2.feat/GrayordinatesStats/cope1.feat/tdof_t1.dtseries.nii","506234","MNINonLinear//Results/tfMRI_EMOTION/tfMRI_EMOTION_hp200_s12_level2.feat/GrayordinatesStats/cope1.feat/tdof_t1.dtseries.nii","x3jb3ZyRyvc0BNdNcvGjK4_xexfaWd50"
"s3://hcp-openaccess/HCP_1200/506234/MNINonLinear/Results/tfMRI_EMOTION/tfMRI_EMOTION_hp200_s12_level2.feat/GrayordinatesStats/cope1.feat/tstat1.dtseries.nii","506234","MNINonLinear//Results/tfMRI_EMOTION/tfMRI_EMOTION_hp200_s12_level2.feat/GrayordinatesStats/cope1.feat/tstat1.dtseries.nii","F5XxrnERYx94xpOzvC3sypt6M3ObI.lK"
"s3://hcp-openaccess/HCP_1200/506234/MNINonLinear/Results/tfMRI_EMOTION/tfMRI_EMOTION_hp200_s12_level2.feat/GrayordinatesStats/cope1.feat/varcope1.dtseries.nii","506234","MNINonLinear//Results/tfMRI_EMOTION/tfMRI_EMOTION_hp200_s12_level2.feat/GrayordinatesStats/cope1.feat/varcope1.dtseries.nii","5n1z3mk6nHYcKczvi7X.gWWI7gME6dh0"
"s3://hcp-openaccess/HCP_1200/506234/MNINonLinear/Results/tfMRI_EMOTION/tfMRI_EMOTION_hp200_s12_level2.feat/GrayordinatesStats/cope1.feat/weights1.dtseries.nii","506234","MNINonLinear//Results/tfMRI_EMOTION/tfMRI_EMOTION_hp200_s12_level2.feat/GrayordinatesStats/cope1.feat/weights1.dtseries.nii","SOGwCF_M58ix1AsvBvAMup2e28Ds9WOJ"
"s3://hcp-openaccess/HCP_1200/506234/MNINonLinear/Results/tfMRI_EMOTION/tfMRI_EMOTION_hp200_s12_level2.feat/GrayordinatesStats/cope1.feat/zflame1lowertstat1.dtseries.nii","506234","MNINonLinear//Results/tfMRI_EMOTION/tfMRI_EMOTION_hp200_s12_level2.feat/GrayordinatesStats/cope1.feat/zflame1lowertstat1.dtseries.nii","J6KAtu6W_0_4cIPyonpRN7BIN32TwLNr"
"s3://hcp-openaccess/HCP_1200/506234/MNINonLinear/Results/tfMRI_EMOTION/tfMRI_EMOTION_hp200_s12_level2.feat/GrayordinatesStats/cope1.feat/zflame1uppertstat1.dtseries.nii","506234","MNINonLinear//Results/tfMRI_EMOTION/tfMRI_EMOTION_hp200_s12_level2.feat/GrayordinatesStats/cope1.feat/zflame1uppertstat1.dtseries.nii","rLEoWZjUqtZ0EnN9Z4g7Qso1p718eEG8"
"s3://hcp-openaccess/HCP_1200/506234/MNINonLinear/Results/tfMRI_EMOTION/tfMRI_EMOTION_hp200_s12_level2.feat/GrayordinatesStats/cope1.feat/zstat1.dtseries.nii","506234","MNINonLinear//Results/tfMRI_EMOTION/tfMRI_EMOTION_hp200_s12_level2.feat/GrayordinatesStats/cope1.feat/zstat1.dtseries.nii","Ec3H.9rhSZgKsYgEGAmnXbdo3qw9S_jQ"
"s3://hcp-openaccess/HCP_1200/506234/MNINonLinear/Results/tfMRI_EMOTION/tfMRI_EMOTION_hp200_s12_level2.feat/GrayordinatesStats/cope2.feat/cope1.dtseries.nii","506234","MNINonLinear//Results/tfMRI_EMOTION/tfMRI_EMOTION_hp200_s12_level2.feat/GrayordinatesStats/cope2.feat/cope1.dtseries.nii","c3TPWTPR6UJOyLflPHL7poq0mPQo2d1f"
"s3://hcp-openaccess/HCP_1200/506234/MNINonLinear/Results/tfMRI_EMOTION/tfMRI_EMOTION_hp200_s12_level2.feat/GrayordinatesStats/cope2.feat/logfile","506234","MNINonLinear//Results/tfMRI_EMOTION/tfMRI_EMOTION_hp200_s12_level2.feat/GrayordinatesStats/cope2.feat/logfile","eEb0OPvIfN.u_7DxivemG6u5jufYRsFt"
"s3://hcp-openaccess/HCP_1200/506234/MNINonLinear/Results/tfMRI_EMOTION/tfMRI_EMOTION_hp200_s12_level2.feat/GrayordinatesStats/cope2.feat/mask.dtseries.nii","506234","MNINonLinear//Results/tfMRI_EMOTION/tfMRI_EMOTION_hp200_s12_level2.feat/GrayordinatesStats/cope2.feat/mask.dtseries.nii","vuIdlE4pQNdwMkIBmPBuLEawN9ZpV65V"
"s3://hcp-openaccess/HCP_1200/506234/MNINonLinear/Results/tfMRI_EMOTION/tfMRI_EMOTION_hp200_s12_level2.feat/GrayordinatesStats/cope2.feat/mean_random_effects_var1.dtseries.nii","506234","MNINonLinear//Results/tfMRI_EMOTION/tfMRI_EMOTION_hp200_s12_level2.feat/GrayordinatesStats/cope2.feat/mean_random_effects_var1.dtseries.nii","vpmNUthFIYD7lcCM0QB7I.WnLXmwEPHZ"
"s3://hcp-openaccess/HCP_1200/506234/MNINonLinear/Results/tfMRI_EMOTION/tfMRI_EMOTION_hp200_s12_level2.feat/GrayordinatesStats/cope2.feat/pe1.dtseries.nii","506234","MNINonLinear//Results/tfMRI_EMOTION/tfMRI_EMOTION_hp200_s12_level2.feat/GrayordinatesStats/cope2.feat/pe1.dtseries.nii","KsIInp6C6tMHh3j34ONjdho7EakPQa9f"
"s3://hcp-openaccess/HCP_1200/506234/MNINonLinear/Results/tfMRI_EMOTION/tfMRI_EMOTION_hp200_s12_level2.feat/GrayordinatesStats/cope2.feat/res4d.dtseries.nii","506234","MNINonLinear//Results/tfMRI_EMOTION/tfMRI_EMOTION_hp200_s12_level2.feat/GrayordinatesStats/cope2.feat/res4d.dtseries.nii","tTRNhUHlJ7zGXrJqy.Or39OLLm9RRyKf"
"s3://hcp-openaccess/HCP_1200/506234/MNINonLinear/Results/tfMRI_EMOTION/tfMRI_EMOTION_hp200_s12_level2.feat/GrayordinatesStats/cope2.feat/tdof_t1.dtseries.nii","506234","MNINonLinear//Results/tfMRI_EMOTION/tfMRI_EMOTION_hp200_s12_level2.feat/GrayordinatesStats/cope2.feat/tdof_t1.dtseries.nii","mp1O8.YXmW9WQOx2ikWH0fUOcWx19yFM"
"s3://hcp-openaccess/HCP_1200/506234/MNINonLinear/Results/tfMRI_EMOTION/tfMRI_EMOTION_hp200_s12_level2.feat/GrayordinatesStats/cope2.feat/tstat1.dtseries.nii","506234","MNINonLinear//Results/tfMRI_EMOTION/tfMRI_EMOTION_hp200_s12_level2.feat/GrayordinatesStats/cope2.feat/tstat1.dtseries.nii","r09.pluYWpu8U8qUYahr9JLGg.KeV6Px"
"s3://hcp-openaccess/HCP_1200/506234/MNINonLinear/Results/tfMRI_EMOTION/tfMRI_EMOTION_hp200_s12_level2.feat/GrayordinatesStats/cope2.feat/varcope1.dtseries.nii","506234","MNINonLinear//Results/tfMRI_EMOTION/tfMRI_EMOTION_hp200_s12_level2.feat/GrayordinatesStats/cope2.feat/varcope1.dtseries.nii","ovTezmMITW2STMj3u7.kYlirT3ptKSWo"
"s3://hcp-openaccess/HCP_1200/506234/MNINonLinear/Results/tfMRI_EMOTION/tfMRI_EMOTION_hp200_s12_level2.feat/GrayordinatesStats/cope2.feat/weights1.dtseries.nii","506234","MNINonLinear//Results/tfMRI_EMOTION/tfMRI_EMOTION_hp200_s12_level2.feat/GrayordinatesStats/cope2.feat/weights1.dtseries.nii","Hu7u05Iy8wrCN9Cq_sZ.nm1UlUyd2QPu"
"s3://hcp-openaccess/HCP_1200/506234/MNINonLinear/Results/tfMRI_EMOTION/tfMRI_EMOTION_hp200_s12_level2.feat/GrayordinatesStats/cope2.feat/zflame1lowertstat1.dtseries.nii","506234","MNINonLinear//Results/tfMRI_EMOTION/tfMRI_EMOTION_hp200_s12_level2.feat/GrayordinatesStats/cope2.feat/zflame1lowertstat1.dtseries.nii","Bv4NKWxOylpYToGXs1EbvRC8RZvaZq08"
"s3://hcp-openaccess/HCP_1200/506234/MNINonLinear/Results/tfMRI_EMOTION/tfMRI_EMOTION_hp200_s12_level2.feat/GrayordinatesStats/cope2.feat/zflame1uppertstat1.dtseries.nii","506234","MNINonLinear//Results/tfMRI_EMOTION/tfMRI_EMOTION_hp200_s12_level2.feat/GrayordinatesStats/cope2.feat/zflame1uppertstat1.dtseries.nii","Fz7hcbGquVMoQ059llZdQhNqJGcrhJ7p"
"s3://hcp-openaccess/HCP_1200/506234/MNINonLinear/Results/tfMRI_EMOTION/tfMRI_EMOTION_hp200_s12_level2.feat/GrayordinatesStats/cope2.feat/zstat1.dtseries.nii","506234","MNINonLinear//Results/tfMRI_EMOTION/tfMRI_EMOTION_hp200_s12_level2.feat/GrayordinatesStats/cope2.feat/zstat1.dtseries.nii","CzNDXqGCxC_lUjgdLxjsxkIvvVk9epTz"
"s3://hcp-openaccess/HCP_1200/506234/MNINonLinear/Results/tfMRI_EMOTION/tfMRI_EMOTION_hp200_s12_level2.feat/GrayordinatesStats/cope3.feat/cope1.dtseries.nii","506234","MNINonLinear//Results/tfMRI_EMOTION/tfMRI_EMOTION_hp200_s12_level2.feat/GrayordinatesStats/cope3.feat/cope1.dtseries.nii","MhlBtLhhW_rusB8Ghze8YzLCs6jh26Bn"
"s3://hcp-openaccess/HCP_1200/506234/MNINonLinear/Results/tfMRI_EMOTION/tfMRI_EMOTION_hp200_s12_level2.feat/GrayordinatesStats/cope3.feat/logfile","506234","MNINonLinear//Results/tfMRI_EMOTION/tfMRI_EMOTION_hp200_s12_level2.feat/GrayordinatesStats/cope3.feat/logfile","rUF.soNHAUjATLWVH1xGRypPDhHnQQAY"
"s3://hcp-openaccess/HCP_1200/506234/MNINonLinear/Results/tfMRI_EMOTION/tfMRI_EMOTION_hp200_s12_level2.feat/GrayordinatesStats/cope3.feat/mask.dtseries.nii","506234","MNINonLinear//Results/tfMRI_EMOTION/tfMRI_EMOTION_hp200_s12_level2.feat/GrayordinatesStats/cope3.feat/mask.dtseries.nii","A5Kib3aCFAACDh4SX4cIEU7rUpKFVSdl"
"s3://hcp-openaccess/HCP_1200/506234/MNINonLinear/Results/tfMRI_EMOTION/tfMRI_EMOTION_hp200_s12_level2.feat/GrayordinatesStats/cope3.feat/mean_random_effects_var1.dtseries.nii","506234","MNINonLinear//Results/tfMRI_EMOTION/tfMRI_EMOTION_hp200_s12_level2.feat/GrayordinatesStats/cope3.feat/mean_random_effects_var1.dtseries.nii","lYCJr4lZl_..N8zdw3UVh1_BZbmVruy7"
"s3://hcp-openaccess/HCP_1200/506234/MNINonLinear/Results/tfMRI_EMOTION/tfMRI_EMOTION_hp200_s12_level2.feat/GrayordinatesStats/cope3.feat/pe1.dtseries.nii","506234","MNINonLinear//Results/tfMRI_EMOTION/tfMRI_EMOTION_hp200_s12_level2.feat/GrayordinatesStats/cope3.feat/pe1.dtseries.nii","rlKvZHyIb13FZPqU7l9PPzEP3GUeKgDx"
"s3://hcp-openaccess/HCP_1200/506234/MNINonLinear/Results/tfMRI_EMOTION/tfMRI_EMOTION_hp200_s12_level2.feat/GrayordinatesStats/cope3.feat/res4d.dtseries.nii","506234","MNINonLinear//Results/tfMRI_EMOTION/tfMRI_EMOTION_hp200_s12_level2.feat/GrayordinatesStats/cope3.feat/res4d.dtseries.nii","_PDEXj3Jh6_Cj8lHe3ckoDSWTObw5tjL"
"s3://hcp-openaccess/HCP_1200/506234/MNINonLinear/Results/tfMRI_EMOTION/tfMRI_EMOTION_hp200_s12_level2.feat/GrayordinatesStats/cope3.feat/tdof_t1.dtseries.nii","506234","MNINonLinear//Results/tfMRI_EMOTION/tfMRI_EMOTION_hp200_s12_level2.feat/GrayordinatesStats/cope3.feat/tdof_t1.dtseries.nii","YNLKzsBhv3mqpUH3kUrPywRqSXAiYDY0"
"s3://hcp-openaccess/HCP_1200/506234/MNINonLinear/Results/tfMRI_EMOTION/tfMRI_EMOTION_hp200_s12_level2.feat/GrayordinatesStats/cope3.feat/tstat1.dtseries.nii","506234","MNINonLinear//Results/tfMRI_EMOTION/tfMRI_EMOTION_hp200_s12_level2.feat/GrayordinatesStats/cope3.feat/tstat1.dtseries.nii","8Zhodq58xq4hqAIQ_uPQuTslHpDbeEww"
"s3://hcp-openaccess/HCP_1200/506234/MNINonLinear/Results/tfMRI_EMOTION/tfMRI_EMOTION_hp200_s12_level2.feat/GrayordinatesStats/cope3.feat/varcope1.dtseries.nii","506234","MNINonLinear//Results/tfMRI_EMOTION/tfMRI_EMOTION_hp200_s12_level2.feat/GrayordinatesStats/cope3.feat/varcope1.dtseries.nii","sCcrkxiP8hsfiu4Gt0BQWumIc8PlbGt."
"s3://hcp-openaccess/HCP_1200/506234/MNINonLinear/Results/tfMRI_EMOTION/tfMRI_EMOTION_hp200_s12_level2.feat/GrayordinatesStats/cope3.feat/weights1.dtseries.nii","506234","MNINonLinear//Results/tfMRI_EMOTION/tfMRI_EMOTION_hp200_s12_level2.feat/GrayordinatesStats/cope3.feat/weights1.dtseries.nii","CtTCBoYsol60hmX1JLei2V5AVq_pro8o"
"s3://hcp-openaccess/HCP_1200/506234/MNINonLinear/Results/tfMRI_EMOTION/tfMRI_EMOTION_hp200_s12_level2.feat/GrayordinatesStats/cope3.feat/zflame1lowertstat1.dtseries.nii","506234","MNINonLinear//Results/tfMRI_EMOTION/tfMRI_EMOTION_hp200_s12_level2.feat/GrayordinatesStats/cope3.feat/zflame1lowertstat1.dtseries.nii","gOGpEZYG_uv6JtrT38olBDFTBY8l5axU"
"s3://hcp-openaccess/HCP_1200/506234/MNINonLinear/Results/tfMRI_EMOTION/tfMRI_EMOTION_hp200_s12_level2.feat/GrayordinatesStats/cope3.feat/zflame1uppertstat1.dtseries.nii","506234","MNINonLinear//Results/tfMRI_EMOTION/tfMRI_EMOTION_hp200_s12_level2.feat/GrayordinatesStats/cope3.feat/zflame1uppertstat1.dtseries.nii","IUasqjRdjAJr8mo1ipOVuNml3pjCTjrS"
"s3://hcp-openaccess/HCP_1200/506234/MNINonLinear/Results/tfMRI_EMOTION/tfMRI_EMOTION_hp200_s12_level2.feat/GrayordinatesStats/cope3.feat/zstat1.dtseries.nii","506234","MNINonLinear//Results/tfMRI_EMOTION/tfMRI_EMOTION_hp200_s12_level2.feat/GrayordinatesStats/cope3.feat/zstat1.dtseries.nii","IiK_eUJ3kt2fThJVq5pYccqiRnJQHooY"
"s3://hcp-openaccess/HCP_1200/506234/MNINonLinear/Results/tfMRI_EMOTION/tfMRI_EMOTION_hp200_s12_level2.feat/GrayordinatesStats/cope4.feat/cope1.dtseries.nii","506234","MNINonLinear//Results/tfMRI_EMOTION/tfMRI_EMOTION_hp200_s12_level2.feat/GrayordinatesStats/cope4.feat/cope1.dtseries.nii","D78qfZ4YflakV8YSiLLKcuwftJvHkE5F"
"s3://hcp-openaccess/HCP_1200/506234/MNINonLinear/Results/tfMRI_EMOTION/tfMRI_EMOTION_hp200_s12_level2.feat/GrayordinatesStats/cope4.feat/logfile","506234","MNINonLinear//Results/tfMRI_EMOTION/tfMRI_EMOTION_hp200_s12_level2.feat/GrayordinatesStats/cope4.feat/logfile","50KhcqgUK0gt2HbQXA2rn0JOkLT._ssU"
"s3://hcp-openaccess/HCP_1200/506234/MNINonLinear/Results/tfMRI_EMOTION/tfMRI_EMOTION_hp200_s12_level2.feat/GrayordinatesStats/cope4.feat/mask.dtseries.nii","506234","MNINonLinear//Results/tfMRI_EMOTION/tfMRI_EMOTION_hp200_s12_level2.feat/GrayordinatesStats/cope4.feat/mask.dtseries.nii","ifMCQFah2YIIOZ_oLhQSnU6qoI.DOCHX"
"s3://hcp-openaccess/HCP_1200/506234/MNINonLinear/Results/tfMRI_EMOTION/tfMRI_EMOTION_hp200_s12_level2.feat/GrayordinatesStats/cope4.feat/mean_random_effects_var1.dtseries.nii","506234","MNINonLinear//Results/tfMRI_EMOTION/tfMRI_EMOTION_hp200_s12_level2.feat/GrayordinatesStats/cope4.feat/mean_random_effects_var1.dtseries.nii","h4CHQRg5D7Ln4PanOdDDt5MdXEbbKNby"
"s3://hcp-openaccess/HCP_1200/506234/MNINonLinear/Results/tfMRI_EMOTION/tfMRI_EMOTION_hp200_s12_level2.feat/GrayordinatesStats/cope4.feat/pe1.dtseries.nii","506234","MNINonLinear//Results/tfMRI_EMOTION/tfMRI_EMOTION_hp200_s12_level2.feat/GrayordinatesStats/cope4.feat/pe1.dtseries.nii","ly_sTgdO6r3x1bEv3P_UZhNobhGngN53"
"s3://hcp-openaccess/HCP_1200/506234/MNINonLinear/Results/tfMRI_EMOTION/tfMRI_EMOTION_hp200_s12_level2.feat/GrayordinatesStats/cope4.feat/res4d.dtseries.nii","506234","MNINonLinear//Results/tfMRI_EMOTION/tfMRI_EMOTION_hp200_s12_level2.feat/GrayordinatesStats/cope4.feat/res4d.dtseries.nii","vsBfAlRp8VF4pBEGwEQKMXTxQnUDWxXs"
"s3://hcp-openaccess/HCP_1200/506234/MNINonLinear/Results/tfMRI_EMOTION/tfMRI_EMOTION_hp200_s12_level2.feat/GrayordinatesStats/cope4.feat/tdof_t1.dtseries.nii","506234","MNINonLinear//Results/tfMRI_EMOTION/tfMRI_EMOTION_hp200_s12_level2.feat/GrayordinatesStats/cope4.feat/tdof_t1.dtseries.nii","zXvLJI4P7TxH5cblYI1WcnLWhW0D5wSq"
"s3://hcp-openaccess/HCP_1200/506234/MNINonLinear/Results/tfMRI_EMOTION/tfMRI_EMOTION_hp200_s12_level2.feat/GrayordinatesStats/cope4.feat/tstat1.dtseries.nii","506234","MNINonLinear//Results/tfMRI_EMOTION/tfMRI_EMOTION_hp200_s12_level2.feat/GrayordinatesStats/cope4.feat/tstat1.dtseries.nii","DPlKnZl.Ke99cLLKJ6OH7jDb74_z1Cqw"
"s3://hcp-openaccess/HCP_1200/506234/MNINonLinear/Results/tfMRI_EMOTION/tfMRI_EMOTION_hp200_s12_level2.feat/GrayordinatesStats/cope4.feat/varcope1.dtseries.nii","506234","MNINonLinear//Results/tfMRI_EMOTION/tfMRI_EMOTION_hp200_s12_level2.feat/GrayordinatesStats/cope4.feat/varcope1.dtseries.nii","wIhMRa0yuNdPCtJIhHavWR4YOuiKMfLv"
"s3://hcp-openaccess/HCP_1200/506234/MNINonLinear/Results/tfMRI_EMOTION/tfMRI_EMOTION_hp200_s12_level2.feat/GrayordinatesStats/cope4.feat/weights1.dtseries.nii","506234","MNINonLinear//Results/tfMRI_EMOTION/tfMRI_EMOTION_hp200_s12_level2.feat/GrayordinatesStats/cope4.feat/weights1.dtseries.nii",".l054lsnJzznFQfE72xlmMO7LZ6dHdlc"
"s3://hcp-openaccess/HCP_1200/506234/MNINonLinear/Results/tfMRI_EMOTION/tfMRI_EMOTION_hp200_s12_level2.feat/GrayordinatesStats/cope4.feat/zflame1lowertstat1.dtseries.nii","506234","MNINonLinear//Results/tfMRI_EMOTION/tfMRI_EMOTION_hp200_s12_level2.feat/GrayordinatesStats/cope4.feat/zflame1lowertstat1.dtseries.nii","WZ0XWgYIfOhreKW6Q9jKEu9K3bcewaMw"
"s3://hcp-openaccess/HCP_1200/506234/MNINonLinear/Results/tfMRI_EMOTION/tfMRI_EMOTION_hp200_s12_level2.feat/GrayordinatesStats/cope4.feat/zflame1uppertstat1.dtseries.nii","506234","MNINonLinear//Results/tfMRI_EMOTION/tfMRI_EMOTION_hp200_s12_level2.feat/GrayordinatesStats/cope4.feat/zflame1uppertstat1.dtseries.nii","xE3oZzn0igcj8sRgCeGH0ennfZyGTBwD"
"s3://hcp-openaccess/HCP_1200/506234/MNINonLinear/Results/tfMRI_EMOTION/tfMRI_EMOTION_hp200_s12_level2.feat/GrayordinatesStats/cope4.feat/zstat1.dtseries.nii","506234","MNINonLinear//Results/tfMRI_EMOTION/tfMRI_EMOTION_hp200_s12_level2.feat/GrayordinatesStats/cope4.feat/zstat1.dtseries.nii","0mD7W2KtwczPAPx8ZZ1b98U5rp0Xo06y"
"s3://hcp-openaccess/HCP_1200/506234/MNINonLinear/Results/tfMRI_EMOTION/tfMRI_EMOTION_hp200_s12_level2.feat/GrayordinatesStats/cope5.feat/cope1.dtseries.nii","506234","MNINonLinear//Results/tfMRI_EMOTION/tfMRI_EMOTION_hp200_s12_level2.feat/GrayordinatesStats/cope5.feat/cope1.dtseries.nii","2klojxTn0oZ9_6vG9Q0XVXqji6cUKJdA"
"s3://hcp-openaccess/HCP_1200/506234/MNINonLinear/Results/tfMRI_EMOTION/tfMRI_EMOTION_hp200_s12_level2.feat/GrayordinatesStats/cope5.feat/logfile","506234","MNINonLinear//Results/tfMRI_EMOTION/tfMRI_EMOTION_hp200_s12_level2.feat/GrayordinatesStats/cope5.feat/logfile","Zg0Yvw10O8sBfuQBVhDuWaRCpM9tMoXK"
"s3://hcp-openaccess/HCP_1200/506234/MNINonLinear/Results/tfMRI_EMOTION/tfMRI_EMOTION_hp200_s12_level2.feat/GrayordinatesStats/cope5.feat/mask.dtseries.nii","506234","MNINonLinear//Results/tfMRI_EMOTION/tfMRI_EMOTION_hp200_s12_level2.feat/GrayordinatesStats/cope5.feat/mask.dtseries.nii","sFO.HLa.EDAE05u8x5GDuXUQDnX9ZJPc"
"s3://hcp-openaccess/HCP_1200/506234/MNINonLinear/Results/tfMRI_EMOTION/tfMRI_EMOTION_hp200_s12_level2.feat/GrayordinatesStats/cope5.feat/mean_random_effects_var1.dtseries.nii","506234","MNINonLinear//Results/tfMRI_EMOTION/tfMRI_EMOTION_hp200_s12_level2.feat/GrayordinatesStats/cope5.feat/mean_random_effects_var1.dtseries.nii","q3tEsAKxlGS.WGczZfCZTOsJarMHcfgo"
"s3://hcp-openaccess/HCP_1200/506234/MNINonLinear/Results/tfMRI_EMOTION/tfMRI_EMOTION_hp200_s12_level2.feat/GrayordinatesStats/cope5.feat/pe1.dtseries.nii","506234","MNINonLinear//Results/tfMRI_EMOTION/tfMRI_EMOTION_hp200_s12_level2.feat/GrayordinatesStats/cope5.feat/pe1.dtseries.nii","ICq8f.PJxmycckayHVh.A0wZ3bhvFdRs"
"s3://hcp-openaccess/HCP_1200/506234/MNINonLinear/Results/tfMRI_EMOTION/tfMRI_EMOTION_hp200_s12_level2.feat/GrayordinatesStats/cope5.feat/res4d.dtseries.nii","506234","MNINonLinear//Results/tfMRI_EMOTION/tfMRI_EMOTION_hp200_s12_level2.feat/GrayordinatesStats/cope5.feat/res4d.dtseries.nii","XgjIrmzTxfpIXV_a_yrxzteul5HfjXON"
"s3://hcp-openaccess/HCP_1200/506234/MNINonLinear/Results/tfMRI_EMOTION/tfMRI_EMOTION_hp200_s12_level2.feat/GrayordinatesStats/cope5.feat/tdof_t1.dtseries.nii","506234","MNINonLinear//Results/tfMRI_EMOTION/tfMRI_EMOTION_hp200_s12_level2.feat/GrayordinatesStats/cope5.feat/tdof_t1.dtseries.nii","qcPtcISsR9DTi0PYXMy.4JtL.Vh4UzOg"
"s3://hcp-openaccess/HCP_1200/506234/MNINonLinear/Results/tfMRI_EMOTION/tfMRI_EMOTION_hp200_s12_level2.feat/GrayordinatesStats/cope5.feat/tstat1.dtseries.nii","506234","MNINonLinear//Results/tfMRI_EMOTION/tfMRI_EMOTION_hp200_s12_level2.feat/GrayordinatesStats/cope5.feat/tstat1.dtseries.nii","O2pz9aZp.cCFOfcXFu6.Vwki5K8JxAop"
"s3://hcp-openaccess/HCP_1200/506234/MNINonLinear/Results/tfMRI_EMOTION/tfMRI_EMOTION_hp200_s12_level2.feat/GrayordinatesStats/cope5.feat/varcope1.dtseries.nii","506234","MNINonLinear//Results/tfMRI_EMOTION/tfMRI_EMOTION_hp200_s12_level2.feat/GrayordinatesStats/cope5.feat/varcope1.dtseries.nii","jM62LYj.czAYiD6R1Brunodn7jFIZ.pK"
"s3://hcp-openaccess/HCP_1200/506234/MNINonLinear/Results/tfMRI_EMOTION/tfMRI_EMOTION_hp200_s12_level2.feat/GrayordinatesStats/cope5.feat/weights1.dtseries.nii","506234","MNINonLinear//Results/tfMRI_EMOTION/tfMRI_EMOTION_hp200_s12_level2.feat/GrayordinatesStats/cope5.feat/weights1.dtseries.nii","DbaFgJboMCOcVbaFh_eQls1bRbqUFDM3"
"s3://hcp-openaccess/HCP_1200/506234/MNINonLinear/Results/tfMRI_EMOTION/tfMRI_EMOTION_hp200_s12_level2.feat/GrayordinatesStats/cope5.feat/zflame1lowertstat1.dtseries.nii","506234","MNINonLinear//Results/tfMRI_EMOTION/tfMRI_EMOTION_hp200_s12_level2.feat/GrayordinatesStats/cope5.feat/zflame1lowertstat1.dtseries.nii","pmVjJaZ02.JrNVZzsmUZkTjYHF_al5Za"
"s3://hcp-openaccess/HCP_1200/506234/MNINonLinear/Results/tfMRI_EMOTION/tfMRI_EMOTION_hp200_s12_level2.feat/GrayordinatesStats/cope5.feat/zflame1uppertstat1.dtseries.nii","506234","MNINonLinear//Results/tfMRI_EMOTION/tfMRI_EMOTION_hp200_s12_level2.feat/GrayordinatesStats/cope5.feat/zflame1uppertstat1.dtseries.nii","ouoADlusidkDBFM2LaP6760iN7wzy.Jg"
"s3://hcp-openaccess/HCP_1200/506234/MNINonLinear/Results/tfMRI_EMOTION/tfMRI_EMOTION_hp200_s12_level2.feat/GrayordinatesStats/cope5.feat/zstat1.dtseries.nii","506234","MNINonLinear//Results/tfMRI_EMOTION/tfMRI_EMOTION_hp200_s12_level2.feat/GrayordinatesStats/cope5.feat/zstat1.dtseries.nii","cSVw6Fy8dx_jkvuDGemeAzU1XwyTWheX"
"s3://hcp-openaccess/HCP_1200/506234/MNINonLinear/Results/tfMRI_EMOTION/tfMRI_EMOTION_hp200_s12_level2.feat/GrayordinatesStats/cope6.feat/cope1.dtseries.nii","506234","MNINonLinear//Results/tfMRI_EMOTION/tfMRI_EMOTION_hp200_s12_level2.feat/GrayordinatesStats/cope6.feat/cope1.dtseries.nii","f.Lvv2uSA5CFYKkSdmAr2Oef74d7CQPH"
"s3://hcp-openaccess/HCP_1200/506234/MNINonLinear/Results/tfMRI_EMOTION/tfMRI_EMOTION_hp200_s12_level2.feat/GrayordinatesStats/cope6.feat/logfile","506234","MNINonLinear//Results/tfMRI_EMOTION/tfMRI_EMOTION_hp200_s12_level2.feat/GrayordinatesStats/cope6.feat/logfile","zabBaOYFzLYBxcCRnvjvq97cvZFUSg3j"
"s3://hcp-openaccess/HCP_1200/506234/MNINonLinear/Results/tfMRI_EMOTION/tfMRI_EMOTION_hp200_s12_level2.feat/GrayordinatesStats/cope6.feat/mask.dtseries.nii","506234","MNINonLinear//Results/tfMRI_EMOTION/tfMRI_EMOTION_hp200_s12_level2.feat/GrayordinatesStats/cope6.feat/mask.dtseries.nii","HCsbzCBx0zBm6yK5XEVkNh_lNqf34PnG"
"s3://hcp-openaccess/HCP_1200/506234/MNINonLinear/Results/tfMRI_EMOTION/tfMRI_EMOTION_hp200_s12_level2.feat/GrayordinatesStats/cope6.feat/mean_random_effects_var1.dtseries.nii","506234","MNINonLinear//Results/tfMRI_EMOTION/tfMRI_EMOTION_hp200_s12_level2.feat/GrayordinatesStats/cope6.feat/mean_random_effects_var1.dtseries.nii","7eBL5NiZNMZPvJ5pbndVvOg5qLmbLotU"
"s3://hcp-openaccess/HCP_1200/506234/MNINonLinear/Results/tfMRI_EMOTION/tfMRI_EMOTION_hp200_s12_level2.feat/GrayordinatesStats/cope6.feat/pe1.dtseries.nii","506234","MNINonLinear//Results/tfMRI_EMOTION/tfMRI_EMOTION_hp200_s12_level2.feat/GrayordinatesStats/cope6.feat/pe1.dtseries.nii","7bzxb4VoseOBiywUXi_tn5EQKiltuTwO"
"s3://hcp-openaccess/HCP_1200/506234/MNINonLinear/Results/tfMRI_EMOTION/tfMRI_EMOTION_hp200_s12_level2.feat/GrayordinatesStats/cope6.feat/res4d.dtseries.nii","506234","MNINonLinear//Results/tfMRI_EMOTION/tfMRI_EMOTION_hp200_s12_level2.feat/GrayordinatesStats/cope6.feat/res4d.dtseries.nii","j3yS0xGWmVbl4a7R0y.JsEk95IlT5MBz"
"s3://hcp-openaccess/HCP_1200/506234/MNINonLinear/Results/tfMRI_EMOTION/tfMRI_EMOTION_hp200_s12_level2.feat/GrayordinatesStats/cope6.feat/tdof_t1.dtseries.nii","506234","MNINonLinear//Results/tfMRI_EMOTION/tfMRI_EMOTION_hp200_s12_level2.feat/GrayordinatesStats/cope6.feat/tdof_t1.dtseries.nii",".Pas5dVsq.Pd1ESnLt83xcaF3PfQWOxT"
"s3://hcp-openaccess/HCP_1200/506234/MNINonLinear/Results/tfMRI_EMOTION/tfMRI_EMOTION_hp200_s12_level2.feat/GrayordinatesStats/cope6.feat/tstat1.dtseries.nii","506234","MNINonLinear//Results/tfMRI_EMOTION/tfMRI_EMOTION_hp200_s12_level2.feat/GrayordinatesStats/cope6.feat/tstat1.dtseries.nii","YtDAog94GMLWjqckrDJ6QB5kGV3qfRlA"
"s3://hcp-openaccess/HCP_1200/506234/MNINonLinear/Results/tfMRI_EMOTION/tfMRI_EMOTION_hp200_s12_level2.feat/GrayordinatesStats/cope6.feat/varcope1.dtseries.nii","506234","MNINonLinear//Results/tfMRI_EMOTION/tfMRI_EMOTION_hp200_s12_level2.feat/GrayordinatesStats/cope6.feat/varcope1.dtseries.nii","pCMarJrW4j_1tdNjuwK10t2aULQ1AhWB"
"s3://hcp-openaccess/HCP_1200/506234/MNINonLinear/Results/tfMRI_EMOTION/tfMRI_EMOTION_hp200_s12_level2.feat/GrayordinatesStats/cope6.feat/weights1.dtseries.nii","506234","MNINonLinear//Results/tfMRI_EMOTION/tfMRI_EMOTION_hp200_s12_level2.feat/GrayordinatesStats/cope6.feat/weights1.dtseries.nii","I7MrX9Kyd0OBwqWpVX3XzYyuRxRNSQUw"
"s3://hcp-openaccess/HCP_1200/506234/MNINonLinear/Results/tfMRI_EMOTION/tfMRI_EMOTION_hp200_s12_level2.feat/GrayordinatesStats/cope6.feat/zflame1lowertstat1.dtseries.nii","506234","MNINonLinear//Results/tfMRI_EMOTION/tfMRI_EMOTION_hp200_s12_level2.feat/GrayordinatesStats/cope6.feat/zflame1lowertstat1.dtseries.nii","oRhj0Mle.HLRJ_H.O656kzCo.B1NVcSM"
"s3://hcp-openaccess/HCP_1200/506234/MNINonLinear/Results/tfMRI_EMOTION/tfMRI_EMOTION_hp200_s12_level2.feat/GrayordinatesStats/cope6.feat/zflame1uppertstat1.dtseries.nii","506234","MNINonLinear//Results/tfMRI_EMOTION/tfMRI_EMOTION_hp200_s12_level2.feat/GrayordinatesStats/cope6.feat/zflame1uppertstat1.dtseries.nii","wAtdDP.cOk6dnUG_hsXUK3VVEsQd429z"
"s3://hcp-openaccess/HCP_1200/506234/MNINonLinear/Results/tfMRI_EMOTION/tfMRI_EMOTION_hp200_s12_level2.feat/GrayordinatesStats/cope6.feat/zstat1.dtseries.nii","506234","MNINonLinear//Results/tfMRI_EMOTION/tfMRI_EMOTION_hp200_s12_level2.feat/GrayordinatesStats/cope6.feat/zstat1.dtseries.nii","JnQog6QYVYE3xs4MvRlmMeERDZ_Dmiw9"
"s3://hcp-openaccess/HCP_1200/506234/MNINonLinear/Results/tfMRI_EMOTION/tfMRI_EMOTION_hp200_s12_level2.feat/design.con","506234","MNINonLinear//Results/tfMRI_EMOTION/tfMRI_EMOTION_hp200_s12_level2.feat/design.con","86SOguhzzQzhajYd5c1f76YHLLxBPQzD"
"s3://hcp-openaccess/HCP_1200/506234/MNINonLinear/Results/tfMRI_EMOTION/tfMRI_EMOTION_hp200_s12_level2.feat/design.fsf","506234","MNINonLinear//Results/tfMRI_EMOTION/tfMRI_EMOTION_hp200_s12_level2.feat/design.fsf","eOEyEPAiHRA.2YlN8BcqARWmio6fbEo."
"s3://hcp-openaccess/HCP_1200/506234/MNINonLinear/Results/tfMRI_EMOTION/tfMRI_EMOTION_hp200_s12_level2.feat/design.grp","506234","MNINonLinear//Results/tfMRI_EMOTION/tfMRI_EMOTION_hp200_s12_level2.feat/design.grp","QGdB2uSvyle2S4rPeQ.j4npOGqnQtok_"
"s3://hcp-openaccess/HCP_1200/506234/MNINonLinear/Results/tfMRI_EMOTION/tfMRI_EMOTION_hp200_s12_level2.feat/design.mat","506234","MNINonLinear//Results/tfMRI_EMOTION/tfMRI_EMOTION_hp200_s12_level2.feat/design.mat","Xo.wIIX0BROjcualtUGHXQYUVKz4cekb"
"s3://hcp-openaccess/HCP_1200/506234/MNINonLinear/Results/tfMRI_EMOTION/tfMRI_EMOTION_hp200_s12_level2.feat/design.png","506234","MNINonLinear//Results/tfMRI_EMOTION/tfMRI_EMOTION_hp200_s12_level2.feat/design.png","Q5B_tyMIubL.KqHijwgysvHcCCKNRWfF"
"s3://hcp-openaccess/HCP_1200/506234/MNINonLinear/Results/tfMRI_EMOTION/tfMRI_EMOTION_hp200_s12_level2.feat/design.ppm","506234","MNINonLinear//Results/tfMRI_EMOTION/tfMRI_EMOTION_hp200_s12_level2.feat/design.ppm","4kGfEp1H9intMdOCcq1Q2g_SffF2elbD"
"s3://hcp-openaccess/HCP_1200/506234/MNINonLinear/Results/tfMRI_EMOTION/tfMRI_EMOTION_hp200_s12_level2.feat/design_cov.png","506234","MNINonLinear//Results/tfMRI_EMOTION/tfMRI_EMOTION_hp200_s12_level2.feat/design_cov.png","E7LThTl.vyWHjGVQAXUtJxoImkcddy1s"
"s3://hcp-openaccess/HCP_1200/506234/MNINonLinear/Results/tfMRI_EMOTION/tfMRI_EMOTION_hp200_s12_level2.feat/design_cov.ppm","506234","MNINonLinear//Results/tfMRI_EMOTION/tfMRI_EMOTION_hp200_s12_level2.feat/design_cov.ppm","w1RaldLKfhUPMJ_w6URhDsqroYz_X8qD"
"s3://hcp-openaccess/HCP_1200/506234/MNINonLinear/Results/tfMRI_EMOTION/tfMRI_EMOTION_hp200_s2_level2.feat/506234_tfMRI_EMOTION_level2_hp200_s2.dscalar.nii","506234","MNINonLinear//Results/tfMRI_EMOTION/tfMRI_EMOTION_hp200_s2_level2.feat/506234_tfMRI_EMOTION_level2_hp200_s2.dscalar.nii","y0jUzKgXQuXk4s.ptHKFCCHJa3KRpLvD"
"s3://hcp-openaccess/HCP_1200/506234/MNINonLinear/Results/tfMRI_EMOTION/tfMRI_EMOTION_hp200_s2_level2.feat/Contrasts.txt","506234","MNINonLinear//Results/tfMRI_EMOTION/tfMRI_EMOTION_hp200_s2_level2.feat/Contrasts.txt","17YSb4e65HLnZnBKNLJccO1zE4spCusk"
"s3://hcp-openaccess/HCP_1200/506234/MNINonLinear/Results/tfMRI_EMOTION/tfMRI_EMOTION_hp200_s2_level2.feat/GrayordinatesStats/cope1.feat/cope1.dtseries.nii","506234","MNINonLinear//Results/tfMRI_EMOTION/tfMRI_EMOTION_hp200_s2_level2.feat/GrayordinatesStats/cope1.feat/cope1.dtseries.nii","NXj3vqt1Gh7h.AC0TeslYFF2UqcenHCc"
"s3://hcp-openaccess/HCP_1200/506234/MNINonLinear/Results/tfMRI_EMOTION/tfMRI_EMOTION_hp200_s2_level2.feat/GrayordinatesStats/cope1.feat/logfile","506234","MNINonLinear//Results/tfMRI_EMOTION/tfMRI_EMOTION_hp200_s2_level2.feat/GrayordinatesStats/cope1.feat/logfile","jejPRVO9oNVWvXjY2_UMfAFbIsCpJAKt"
"s3://hcp-openaccess/HCP_1200/506234/MNINonLinear/Results/tfMRI_EMOTION/tfMRI_EMOTION_hp200_s2_level2.feat/GrayordinatesStats/cope1.feat/mask.dtseries.nii","506234","MNINonLinear//Results/tfMRI_EMOTION/tfMRI_EMOTION_hp200_s2_level2.feat/GrayordinatesStats/cope1.feat/mask.dtseries.nii","1l.Ie7Rjpz4XVKgJYIyqdZ7AvamdW5k_"
"s3://hcp-openaccess/HCP_1200/506234/MNINonLinear/Results/tfMRI_EMOTION/tfMRI_EMOTION_hp200_s2_level2.feat/GrayordinatesStats/cope1.feat/mean_random_effects_var1.dtseries.nii","506234","MNINonLinear//Results/tfMRI_EMOTION/tfMRI_EMOTION_hp200_s2_level2.feat/GrayordinatesStats/cope1.feat/mean_random_effects_var1.dtseries.nii","yjOy6oWVdJToIS8s5TUuYPy_t80x9cM7"
"s3://hcp-openaccess/HCP_1200/506234/MNINonLinear/Results/tfMRI_EMOTION/tfMRI_EMOTION_hp200_s2_level2.feat/GrayordinatesStats/cope1.feat/pe1.dtseries.nii","506234","MNINonLinear//Results/tfMRI_EMOTION/tfMRI_EMOTION_hp200_s2_level2.feat/GrayordinatesStats/cope1.feat/pe1.dtseries.nii","g0MLWuw6BhvXRHSJrtSIViVEAnvQR0P3"
"s3://hcp-openaccess/HCP_1200/506234/MNINonLinear/Results/tfMRI_EMOTION/tfMRI_EMOTION_hp200_s2_level2.feat/GrayordinatesStats/cope1.feat/res4d.dtseries.nii","506234","MNINonLinear//Results/tfMRI_EMOTION/tfMRI_EMOTION_hp200_s2_level2.feat/GrayordinatesStats/cope1.feat/res4d.dtseries.nii","aossvyPDvlu2mB8yumuliI_oK20igGVL"
"s3://hcp-openaccess/HCP_1200/506234/MNINonLinear/Results/tfMRI_EMOTION/tfMRI_EMOTION_hp200_s2_level2.feat/GrayordinatesStats/cope1.feat/tdof_t1.dtseries.nii","506234","MNINonLinear//Results/tfMRI_EMOTION/tfMRI_EMOTION_hp200_s2_level2.feat/GrayordinatesStats/cope1.feat/tdof_t1.dtseries.nii","Ykd4nRkPPG3Bu7UMMyo98Hl.qy797YC9"
"s3://hcp-openaccess/HCP_1200/506234/MNINonLinear/Results/tfMRI_EMOTION/tfMRI_EMOTION_hp200_s2_level2.feat/GrayordinatesStats/cope1.feat/tstat1.dtseries.nii","506234","MNINonLinear//Results/tfMRI_EMOTION/tfMRI_EMOTION_hp200_s2_level2.feat/GrayordinatesStats/cope1.feat/tstat1.dtseries.nii","GIOAV9TdAROA8YkU2UlttZspHdiaB4Hx"
"s3://hcp-openaccess/HCP_1200/506234/MNINonLinear/Results/tfMRI_EMOTION/tfMRI_EMOTION_hp200_s2_level2.feat/GrayordinatesStats/cope1.feat/varcope1.dtseries.nii","506234","MNINonLinear//Results/tfMRI_EMOTION/tfMRI_EMOTION_hp200_s2_level2.feat/GrayordinatesStats/cope1.feat/varcope1.dtseries.nii","EUpVV4EJtnp6ctRIRlg91OdAFN7mBVGR"
"s3://hcp-openaccess/HCP_1200/506234/MNINonLinear/Results/tfMRI_EMOTION/tfMRI_EMOTION_hp200_s2_level2.feat/GrayordinatesStats/cope1.feat/weights1.dtseries.nii","506234","MNINonLinear//Results/tfMRI_EMOTION/tfMRI_EMOTION_hp200_s2_level2.feat/GrayordinatesStats/cope1.feat/weights1.dtseries.nii","r8lY5q_ykbi.i0Rn61dXoHNByeF9I7rU"
"s3://hcp-openaccess/HCP_1200/506234/MNINonLinear/Results/tfMRI_EMOTION/tfMRI_EMOTION_hp200_s2_level2.feat/GrayordinatesStats/cope1.feat/zflame1lowertstat1.dtseries.nii","506234","MNINonLinear//Results/tfMRI_EMOTION/tfMRI_EMOTION_hp200_s2_level2.feat/GrayordinatesStats/cope1.feat/zflame1lowertstat1.dtseries.nii","kp8h.KHdTr9EbFgPSgAEe0bFfSVIIESQ"
"s3://hcp-openaccess/HCP_1200/506234/MNINonLinear/Results/tfMRI_EMOTION/tfMRI_EMOTION_hp200_s2_level2.feat/GrayordinatesStats/cope1.feat/zflame1uppertstat1.dtseries.nii","506234","MNINonLinear//Results/tfMRI_EMOTION/tfMRI_EMOTION_hp200_s2_level2.feat/GrayordinatesStats/cope1.feat/zflame1uppertstat1.dtseries.nii","ClpmklijWlafeibIJHzFCn3G5zSnA8rS"
"s3://hcp-openaccess/HCP_1200/506234/MNINonLinear/Results/tfMRI_EMOTION/tfMRI_EMOTION_hp200_s2_level2.feat/GrayordinatesStats/cope1.feat/zstat1.dtseries.nii","506234","MNINonLinear//Results/tfMRI_EMOTION/tfMRI_EMOTION_hp200_s2_level2.feat/GrayordinatesStats/cope1.feat/zstat1.dtseries.nii","2OvQB9LM7OGpaILUVzKKh9mdn7MyZMjx"
"s3://hcp-openaccess/HCP_1200/506234/MNINonLinear/Results/tfMRI_EMOTION/tfMRI_EMOTION_hp200_s2_level2.feat/GrayordinatesStats/cope2.feat/cope1.dtseries.nii","506234","MNINonLinear//Results/tfMRI_EMOTION/tfMRI_EMOTION_hp200_s2_level2.feat/GrayordinatesStats/cope2.feat/cope1.dtseries.nii","NSwbPQgNAZDc3nkpdEi_cIXFaJTh2dJ."
"s3://hcp-openaccess/HCP_1200/506234/MNINonLinear/Results/tfMRI_EMOTION/tfMRI_EMOTION_hp200_s2_level2.feat/GrayordinatesStats/cope2.feat/logfile","506234","MNINonLinear//Results/tfMRI_EMOTION/tfMRI_EMOTION_hp200_s2_level2.feat/GrayordinatesStats/cope2.feat/logfile","1KM.XCd6lIL_EmPxCM5DujxzMjNDd.VV"
"s3://hcp-openaccess/HCP_1200/506234/MNINonLinear/Results/tfMRI_EMOTION/tfMRI_EMOTION_hp200_s2_level2.feat/GrayordinatesStats/cope2.feat/mask.dtseries.nii","506234","MNINonLinear//Results/tfMRI_EMOTION/tfMRI_EMOTION_hp200_s2_level2.feat/GrayordinatesStats/cope2.feat/mask.dtseries.nii","KNKCSc60MSwOsaxaUutWlDRbKc0hkuEb"
"s3://hcp-openaccess/HCP_1200/506234/MNINonLinear/Results/tfMRI_EMOTION/tfMRI_EMOTION_hp200_s2_level2.feat/GrayordinatesStats/cope2.feat/mean_random_effects_var1.dtseries.nii","506234","MNINonLinear//Results/tfMRI_EMOTION/tfMRI_EMOTION_hp200_s2_level2.feat/GrayordinatesStats/cope2.feat/mean_random_effects_var1.dtseries.nii","75Bf.JtbBcsvqc9GFaQpq.f64nmspibm"
"s3://hcp-openaccess/HCP_1200/506234/MNINonLinear/Results/tfMRI_EMOTION/tfMRI_EMOTION_hp200_s2_level2.feat/GrayordinatesStats/cope2.feat/pe1.dtseries.nii","506234","MNINonLinear//Results/tfMRI_EMOTION/tfMRI_EMOTION_hp200_s2_level2.feat/GrayordinatesStats/cope2.feat/pe1.dtseries.nii","AORH4JSekXHs03IQAj5HtpR6JrT3w4ew"
"s3://hcp-openaccess/HCP_1200/506234/MNINonLinear/Results/tfMRI_EMOTION/tfMRI_EMOTION_hp200_s2_level2.feat/GrayordinatesStats/cope2.feat/res4d.dtseries.nii","506234","MNINonLinear//Results/tfMRI_EMOTION/tfMRI_EMOTION_hp200_s2_level2.feat/GrayordinatesStats/cope2.feat/res4d.dtseries.nii","HyEDSa5RQIy48N9lOq8kpLYQK0myWV4J"
"s3://hcp-openaccess/HCP_1200/506234/MNINonLinear/Results/tfMRI_EMOTION/tfMRI_EMOTION_hp200_s2_level2.feat/GrayordinatesStats/cope2.feat/tdof_t1.dtseries.nii","506234","MNINonLinear//Results/tfMRI_EMOTION/tfMRI_EMOTION_hp200_s2_level2.feat/GrayordinatesStats/cope2.feat/tdof_t1.dtseries.nii","qlrsQaIaBCON_BKPy2753L8XT.QZiCvK"
"s3://hcp-openaccess/HCP_1200/506234/MNINonLinear/Results/tfMRI_EMOTION/tfMRI_EMOTION_hp200_s2_level2.feat/GrayordinatesStats/cope2.feat/tstat1.dtseries.nii","506234","MNINonLinear//Results/tfMRI_EMOTION/tfMRI_EMOTION_hp200_s2_level2.feat/GrayordinatesStats/cope2.feat/tstat1.dtseries.nii","nYjaAb9GFQC6iZkAVUVoV_4YjGVGOGIQ"
"s3://hcp-openaccess/HCP_1200/506234/MNINonLinear/Results/tfMRI_EMOTION/tfMRI_EMOTION_hp200_s2_level2.feat/GrayordinatesStats/cope2.feat/varcope1.dtseries.nii","506234","MNINonLinear//Results/tfMRI_EMOTION/tfMRI_EMOTION_hp200_s2_level2.feat/GrayordinatesStats/cope2.feat/varcope1.dtseries.nii","a.kIl4v8O7dH5IxmV7Zo.g.9NGSPXWGe"
"s3://hcp-openaccess/HCP_1200/506234/MNINonLinear/Results/tfMRI_EMOTION/tfMRI_EMOTION_hp200_s2_level2.feat/GrayordinatesStats/cope2.feat/weights1.dtseries.nii","506234","MNINonLinear//Results/tfMRI_EMOTION/tfMRI_EMOTION_hp200_s2_level2.feat/GrayordinatesStats/cope2.feat/weights1.dtseries.nii","XTC7XWMrr5P0zyUFjFI7iC7OWyvCpfN1"
"s3://hcp-openaccess/HCP_1200/506234/MNINonLinear/Results/tfMRI_EMOTION/tfMRI_EMOTION_hp200_s2_level2.feat/GrayordinatesStats/cope2.feat/zflame1lowertstat1.dtseries.nii","506234","MNINonLinear//Results/tfMRI_EMOTION/tfMRI_EMOTION_hp200_s2_level2.feat/GrayordinatesStats/cope2.feat/zflame1lowertstat1.dtseries.nii","jQWSfeuYyWf3AGRSDdpl7QabSWl.cySg"
"s3://hcp-openaccess/HCP_1200/506234/MNINonLinear/Results/tfMRI_EMOTION/tfMRI_EMOTION_hp200_s2_level2.feat/GrayordinatesStats/cope2.feat/zflame1uppertstat1.dtseries.nii","506234","MNINonLinear//Results/tfMRI_EMOTION/tfMRI_EMOTION_hp200_s2_level2.feat/GrayordinatesStats/cope2.feat/zflame1uppertstat1.dtseries.nii","uJQvMOjRAAUurnO8kZJrbM50w03oRjZ6"
"s3://hcp-openaccess/HCP_1200/506234/MNINonLinear/Results/tfMRI_EMOTION/tfMRI_EMOTION_hp200_s2_level2.feat/GrayordinatesStats/cope2.feat/zstat1.dtseries.nii","506234","MNINonLinear//Results/tfMRI_EMOTION/tfMRI_EMOTION_hp200_s2_level2.feat/GrayordinatesStats/cope2.feat/zstat1.dtseries.nii","1opQQlab1G9Buaz5qRHu2RaUWfbeoNVM"
"s3://hcp-openaccess/HCP_1200/506234/MNINonLinear/Results/tfMRI_EMOTION/tfMRI_EMOTION_hp200_s2_level2.feat/GrayordinatesStats/cope3.feat/cope1.dtseries.nii","506234","MNINonLinear//Results/tfMRI_EMOTION/tfMRI_EMOTION_hp200_s2_level2.feat/GrayordinatesStats/cope3.feat/cope1.dtseries.nii","MHKwFuKNh5uO8aFKzYToLQOeE6R91UCz"
"s3://hcp-openaccess/HCP_1200/506234/MNINonLinear/Results/tfMRI_EMOTION/tfMRI_EMOTION_hp200_s2_level2.feat/GrayordinatesStats/cope3.feat/logfile","506234","MNINonLinear//Results/tfMRI_EMOTION/tfMRI_EMOTION_hp200_s2_level2.feat/GrayordinatesStats/cope3.feat/logfile","xfJ3qEQjWt8L.wdC57b_ZfHzCNhYjoXA"
"s3://hcp-openaccess/HCP_1200/506234/MNINonLinear/Results/tfMRI_EMOTION/tfMRI_EMOTION_hp200_s2_level2.feat/GrayordinatesStats/cope3.feat/mask.dtseries.nii","506234","MNINonLinear//Results/tfMRI_EMOTION/tfMRI_EMOTION_hp200_s2_level2.feat/GrayordinatesStats/cope3.feat/mask.dtseries.nii","6SPN5ycgpDmL1EPnk_1TDwaInNTXq1eb"
"s3://hcp-openaccess/HCP_1200/506234/MNINonLinear/Results/tfMRI_EMOTION/tfMRI_EMOTION_hp200_s2_level2.feat/GrayordinatesStats/cope3.feat/mean_random_effects_var1.dtseries.nii","506234","MNINonLinear//Results/tfMRI_EMOTION/tfMRI_EMOTION_hp200_s2_level2.feat/GrayordinatesStats/cope3.feat/mean_random_effects_var1.dtseries.nii","LTIG3HSMhJ5lNYr4XV94SpIyeKKM7kP7"
"s3://hcp-openaccess/HCP_1200/506234/MNINonLinear/Results/tfMRI_EMOTION/tfMRI_EMOTION_hp200_s2_level2.feat/GrayordinatesStats/cope3.feat/pe1.dtseries.nii","506234","MNINonLinear//Results/tfMRI_EMOTION/tfMRI_EMOTION_hp200_s2_level2.feat/GrayordinatesStats/cope3.feat/pe1.dtseries.nii","Iok0G1JcthWuZNmaOPx.spnRO5SWIBIy"
"s3://hcp-openaccess/HCP_1200/506234/MNINonLinear/Results/tfMRI_EMOTION/tfMRI_EMOTION_hp200_s2_level2.feat/GrayordinatesStats/cope3.feat/res4d.dtseries.nii","506234","MNINonLinear//Results/tfMRI_EMOTION/tfMRI_EMOTION_hp200_s2_level2.feat/GrayordinatesStats/cope3.feat/res4d.dtseries.nii","RaGdMwWEs3Cw25UxqOhfzRW28Z6u00ia"
"s3://hcp-openaccess/HCP_1200/506234/MNINonLinear/Results/tfMRI_EMOTION/tfMRI_EMOTION_hp200_s2_level2.feat/GrayordinatesStats/cope3.feat/tdof_t1.dtseries.nii","506234","MNINonLinear//Results/tfMRI_EMOTION/tfMRI_EMOTION_hp200_s2_level2.feat/GrayordinatesStats/cope3.feat/tdof_t1.dtseries.nii","HAdGUhP0nsk9H49Gh4OJDL6LDhij0zbT"
"s3://hcp-openaccess/HCP_1200/506234/MNINonLinear/Results/tfMRI_EMOTION/tfMRI_EMOTION_hp200_s2_level2.feat/GrayordinatesStats/cope3.feat/tstat1.dtseries.nii","506234","MNINonLinear//Results/tfMRI_EMOTION/tfMRI_EMOTION_hp200_s2_level2.feat/GrayordinatesStats/cope3.feat/tstat1.dtseries.nii","hPZsBS09jZKemYG0ui4TW8jA7EiKAD5n"
"s3://hcp-openaccess/HCP_1200/506234/MNINonLinear/Results/tfMRI_EMOTION/tfMRI_EMOTION_hp200_s2_level2.feat/GrayordinatesStats/cope3.feat/varcope1.dtseries.nii","506234","MNINonLinear//Results/tfMRI_EMOTION/tfMRI_EMOTION_hp200_s2_level2.feat/GrayordinatesStats/cope3.feat/varcope1.dtseries.nii","YwXEodpldVJiUoksYgj2JXYxPR_03meQ"
"s3://hcp-openaccess/HCP_1200/506234/MNINonLinear/Results/tfMRI_EMOTION/tfMRI_EMOTION_hp200_s2_level2.feat/GrayordinatesStats/cope3.feat/weights1.dtseries.nii","506234","MNINonLinear//Results/tfMRI_EMOTION/tfMRI_EMOTION_hp200_s2_level2.feat/GrayordinatesStats/cope3.feat/weights1.dtseries.nii","vqFF5HrrHmswBVahKaS0UKgV8zL1Qx4n"
"s3://hcp-openaccess/HCP_1200/506234/MNINonLinear/Results/tfMRI_EMOTION/tfMRI_EMOTION_hp200_s2_level2.feat/GrayordinatesStats/cope3.feat/zflame1lowertstat1.dtseries.nii","506234","MNINonLinear//Results/tfMRI_EMOTION/tfMRI_EMOTION_hp200_s2_level2.feat/GrayordinatesStats/cope3.feat/zflame1lowertstat1.dtseries.nii","6WnT8wOJdmF0GyhwrvkSHwQ2hDRBfaQl"
"s3://hcp-openaccess/HCP_1200/506234/MNINonLinear/Results/tfMRI_EMOTION/tfMRI_EMOTION_hp200_s2_level2.feat/GrayordinatesStats/cope3.feat/zflame1uppertstat1.dtseries.nii","506234","MNINonLinear//Results/tfMRI_EMOTION/tfMRI_EMOTION_hp200_s2_level2.feat/GrayordinatesStats/cope3.feat/zflame1uppertstat1.dtseries.nii","CbGszc_xx.TTPureqalXWA627.mIKPLy"
"s3://hcp-openaccess/HCP_1200/506234/MNINonLinear/Results/tfMRI_EMOTION/tfMRI_EMOTION_hp200_s2_level2.feat/GrayordinatesStats/cope3.feat/zstat1.dtseries.nii","506234","MNINonLinear//Results/tfMRI_EMOTION/tfMRI_EMOTION_hp200_s2_level2.feat/GrayordinatesStats/cope3.feat/zstat1.dtseries.nii","c5IpM_iF_5s5Qu94eLuIkOWnOY05i_5G"
"s3://hcp-openaccess/HCP_1200/506234/MNINonLinear/Results/tfMRI_EMOTION/tfMRI_EMOTION_hp200_s2_level2.feat/GrayordinatesStats/cope4.feat/cope1.dtseries.nii","506234","MNINonLinear//Results/tfMRI_EMOTION/tfMRI_EMOTION_hp200_s2_level2.feat/GrayordinatesStats/cope4.feat/cope1.dtseries.nii","DTUlLC0FPAVLpLfZZKRcbiwgCcMg4UXw"
"s3://hcp-openaccess/HCP_1200/506234/MNINonLinear/Results/tfMRI_EMOTION/tfMRI_EMOTION_hp200_s2_level2.feat/GrayordinatesStats/cope4.feat/logfile","506234","MNINonLinear//Results/tfMRI_EMOTION/tfMRI_EMOTION_hp200_s2_level2.feat/GrayordinatesStats/cope4.feat/logfile","AqnT0FZdU_HkxTqp1Ngl.HERmZdjdP9d"
"s3://hcp-openaccess/HCP_1200/506234/MNINonLinear/Results/tfMRI_EMOTION/tfMRI_EMOTION_hp200_s2_level2.feat/GrayordinatesStats/cope4.feat/mask.dtseries.nii","506234","MNINonLinear//Results/tfMRI_EMOTION/tfMRI_EMOTION_hp200_s2_level2.feat/GrayordinatesStats/cope4.feat/mask.dtseries.nii","26ehIbu3Z53E5e4520jDjAEvn9Y93Fth"
"s3://hcp-openaccess/HCP_1200/506234/MNINonLinear/Results/tfMRI_EMOTION/tfMRI_EMOTION_hp200_s2_level2.feat/GrayordinatesStats/cope4.feat/mean_random_effects_var1.dtseries.nii","506234","MNINonLinear//Results/tfMRI_EMOTION/tfMRI_EMOTION_hp200_s2_level2.feat/GrayordinatesStats/cope4.feat/mean_random_effects_var1.dtseries.nii","kiFuO5fCD_4Tn_IVKzKVixmYamVXy677"
"s3://hcp-openaccess/HCP_1200/506234/MNINonLinear/Results/tfMRI_EMOTION/tfMRI_EMOTION_hp200_s2_level2.feat/GrayordinatesStats/cope4.feat/pe1.dtseries.nii","506234","MNINonLinear//Results/tfMRI_EMOTION/tfMRI_EMOTION_hp200_s2_level2.feat/GrayordinatesStats/cope4.feat/pe1.dtseries.nii","AjM_om_jBNCi317DS9LbxYioIEmgf.Df"
"s3://hcp-openaccess/HCP_1200/506234/MNINonLinear/Results/tfMRI_EMOTION/tfMRI_EMOTION_hp200_s2_level2.feat/GrayordinatesStats/cope4.feat/res4d.dtseries.nii","506234","MNINonLinear//Results/tfMRI_EMOTION/tfMRI_EMOTION_hp200_s2_level2.feat/GrayordinatesStats/cope4.feat/res4d.dtseries.nii","T7y_ej5ae5ckJc0BQZRYNRzvod0huSn3"
"s3://hcp-openaccess/HCP_1200/506234/MNINonLinear/Results/tfMRI_EMOTION/tfMRI_EMOTION_hp200_s2_level2.feat/GrayordinatesStats/cope4.feat/tdof_t1.dtseries.nii","506234","MNINonLinear//Results/tfMRI_EMOTION/tfMRI_EMOTION_hp200_s2_level2.feat/GrayordinatesStats/cope4.feat/tdof_t1.dtseries.nii","x8ZvlO5g1pdBR0sXMhBgSxDtE2f3GZyY"
"s3://hcp-openaccess/HCP_1200/506234/MNINonLinear/Results/tfMRI_EMOTION/tfMRI_EMOTION_hp200_s2_level2.feat/GrayordinatesStats/cope4.feat/tstat1.dtseries.nii","506234","MNINonLinear//Results/tfMRI_EMOTION/tfMRI_EMOTION_hp200_s2_level2.feat/GrayordinatesStats/cope4.feat/tstat1.dtseries.nii","QBp2KTDFWYziby.2hCrbefM8YfqhoZ96"
"s3://hcp-openaccess/HCP_1200/506234/MNINonLinear/Results/tfMRI_EMOTION/tfMRI_EMOTION_hp200_s2_level2.feat/GrayordinatesStats/cope4.feat/varcope1.dtseries.nii","506234","MNINonLinear//Results/tfMRI_EMOTION/tfMRI_EMOTION_hp200_s2_level2.feat/GrayordinatesStats/cope4.feat/varcope1.dtseries.nii","e1dnrEFHP9uCllPKVMo3tqLHC.jtLdIS"
"s3://hcp-openaccess/HCP_1200/506234/MNINonLinear/Results/tfMRI_EMOTION/tfMRI_EMOTION_hp200_s2_level2.feat/GrayordinatesStats/cope4.feat/weights1.dtseries.nii","506234","MNINonLinear//Results/tfMRI_EMOTION/tfMRI_EMOTION_hp200_s2_level2.feat/GrayordinatesStats/cope4.feat/weights1.dtseries.nii","a01UdX_qyl1bbi9PJZBoIPh7Oa_AZz1t"
"s3://hcp-openaccess/HCP_1200/506234/MNINonLinear/Results/tfMRI_EMOTION/tfMRI_EMOTION_hp200_s2_level2.feat/GrayordinatesStats/cope4.feat/zflame1lowertstat1.dtseries.nii","506234","MNINonLinear//Results/tfMRI_EMOTION/tfMRI_EMOTION_hp200_s2_level2.feat/GrayordinatesStats/cope4.feat/zflame1lowertstat1.dtseries.nii","GCRM1igKTvDSL1k9zTlGHBsjbbSPpJNf"
"s3://hcp-openaccess/HCP_1200/506234/MNINonLinear/Results/tfMRI_EMOTION/tfMRI_EMOTION_hp200_s2_level2.feat/GrayordinatesStats/cope4.feat/zflame1uppertstat1.dtseries.nii","506234","MNINonLinear//Results/tfMRI_EMOTION/tfMRI_EMOTION_hp200_s2_level2.feat/GrayordinatesStats/cope4.feat/zflame1uppertstat1.dtseries.nii","R8GeOqKgsfz8UiR4k42.NkMgwNCir3O_"
"s3://hcp-openaccess/HCP_1200/506234/MNINonLinear/Results/tfMRI_EMOTION/tfMRI_EMOTION_hp200_s2_level2.feat/GrayordinatesStats/cope4.feat/zstat1.dtseries.nii","506234","MNINonLinear//Results/tfMRI_EMOTION/tfMRI_EMOTION_hp200_s2_level2.feat/GrayordinatesStats/cope4.feat/zstat1.dtseries.nii","gZIgYGVdp3sCORU2jxN5jgOT0oQYORUW"
"s3://hcp-openaccess/HCP_1200/506234/MNINonLinear/Results/tfMRI_EMOTION/tfMRI_EMOTION_hp200_s2_level2.feat/GrayordinatesStats/cope5.feat/cope1.dtseries.nii","506234","MNINonLinear//Results/tfMRI_EMOTION/tfMRI_EMOTION_hp200_s2_level2.feat/GrayordinatesStats/cope5.feat/cope1.dtseries.nii","kgbUKM4eyihE.O8Crqcg6OmV.qFbC0YI"
"s3://hcp-openaccess/HCP_1200/506234/MNINonLinear/Results/tfMRI_EMOTION/tfMRI_EMOTION_hp200_s2_level2.feat/GrayordinatesStats/cope5.feat/logfile","506234","MNINonLinear//Results/tfMRI_EMOTION/tfMRI_EMOTION_hp200_s2_level2.feat/GrayordinatesStats/cope5.feat/logfile","a_UbkmzWTiuEySllKZn4iSrOGMJVHClV"
"s3://hcp-openaccess/HCP_1200/506234/MNINonLinear/Results/tfMRI_EMOTION/tfMRI_EMOTION_hp200_s2_level2.feat/GrayordinatesStats/cope5.feat/mask.dtseries.nii","506234","MNINonLinear//Results/tfMRI_EMOTION/tfMRI_EMOTION_hp200_s2_level2.feat/GrayordinatesStats/cope5.feat/mask.dtseries.nii","w3Np5lDdmkSDEye5HH2c2v1GXxTzLNR2"
"s3://hcp-openaccess/HCP_1200/506234/MNINonLinear/Results/tfMRI_EMOTION/tfMRI_EMOTION_hp200_s2_level2.feat/GrayordinatesStats/cope5.feat/mean_random_effects_var1.dtseries.nii","506234","MNINonLinear//Results/tfMRI_EMOTION/tfMRI_EMOTION_hp200_s2_level2.feat/GrayordinatesStats/cope5.feat/mean_random_effects_var1.dtseries.nii",".uT_qpuhZZDdHIlls2z0Zm2N2WBJVJeM"
"s3://hcp-openaccess/HCP_1200/506234/MNINonLinear/Results/tfMRI_EMOTION/tfMRI_EMOTION_hp200_s2_level2.feat/GrayordinatesStats/cope5.feat/pe1.dtseries.nii","506234","MNINonLinear//Results/tfMRI_EMOTION/tfMRI_EMOTION_hp200_s2_level2.feat/GrayordinatesStats/cope5.feat/pe1.dtseries.nii","ZtSv.oMf6cVFetrpdTCxS6ZwTTkB8VOn"
"s3://hcp-openaccess/HCP_1200/506234/MNINonLinear/Results/tfMRI_EMOTION/tfMRI_EMOTION_hp200_s2_level2.feat/GrayordinatesStats/cope5.feat/res4d.dtseries.nii","506234","MNINonLinear//Results/tfMRI_EMOTION/tfMRI_EMOTION_hp200_s2_level2.feat/GrayordinatesStats/cope5.feat/res4d.dtseries.nii","PTYnbI66Q2ASnwmte_dzmgq.j9JT7XK7"
"s3://hcp-openaccess/HCP_1200/506234/MNINonLinear/Results/tfMRI_EMOTION/tfMRI_EMOTION_hp200_s2_level2.feat/GrayordinatesStats/cope5.feat/tdof_t1.dtseries.nii","506234","MNINonLinear//Results/tfMRI_EMOTION/tfMRI_EMOTION_hp200_s2_level2.feat/GrayordinatesStats/cope5.feat/tdof_t1.dtseries.nii","szOau3Ft0WdYxliq7Dvb03_ePXqWPuYe"
"s3://hcp-openaccess/HCP_1200/506234/MNINonLinear/Results/tfMRI_EMOTION/tfMRI_EMOTION_hp200_s2_level2.feat/GrayordinatesStats/cope5.feat/tstat1.dtseries.nii","506234","MNINonLinear//Results/tfMRI_EMOTION/tfMRI_EMOTION_hp200_s2_level2.feat/GrayordinatesStats/cope5.feat/tstat1.dtseries.nii","67RJAbVwiRUKEh31tUbH8AkXm3jCGEFG"
"s3://hcp-openaccess/HCP_1200/506234/MNINonLinear/Results/tfMRI_EMOTION/tfMRI_EMOTION_hp200_s2_level2.feat/GrayordinatesStats/cope5.feat/varcope1.dtseries.nii","506234","MNINonLinear//Results/tfMRI_EMOTION/tfMRI_EMOTION_hp200_s2_level2.feat/GrayordinatesStats/cope5.feat/varcope1.dtseries.nii","Ggi6wOBUPIOfTJkZmfwSYTXe1T8J4DnS"
"s3://hcp-openaccess/HCP_1200/506234/MNINonLinear/Results/tfMRI_EMOTION/tfMRI_EMOTION_hp200_s2_level2.feat/GrayordinatesStats/cope5.feat/weights1.dtseries.nii","506234","MNINonLinear//Results/tfMRI_EMOTION/tfMRI_EMOTION_hp200_s2_level2.feat/GrayordinatesStats/cope5.feat/weights1.dtseries.nii","rEZ6psbZ_UMQs0UnfKzooRK.MXz11OsC"
"s3://hcp-openaccess/HCP_1200/506234/MNINonLinear/Results/tfMRI_EMOTION/tfMRI_EMOTION_hp200_s2_level2.feat/GrayordinatesStats/cope5.feat/zflame1lowertstat1.dtseries.nii","506234","MNINonLinear//Results/tfMRI_EMOTION/tfMRI_EMOTION_hp200_s2_level2.feat/GrayordinatesStats/cope5.feat/zflame1lowertstat1.dtseries.nii","qiiVYQeclQShFdg_3yKDbPqdh6XEQxff"
"s3://hcp-openaccess/HCP_1200/506234/MNINonLinear/Results/tfMRI_EMOTION/tfMRI_EMOTION_hp200_s2_level2.feat/GrayordinatesStats/cope5.feat/zflame1uppertstat1.dtseries.nii","506234","MNINonLinear//Results/tfMRI_EMOTION/tfMRI_EMOTION_hp200_s2_level2.feat/GrayordinatesStats/cope5.feat/zflame1uppertstat1.dtseries.nii","0n6qcsLwEVxVhnOtTDRaNLDkiblRscn2"
"s3://hcp-openaccess/HCP_1200/506234/MNINonLinear/Results/tfMRI_EMOTION/tfMRI_EMOTION_hp200_s2_level2.feat/GrayordinatesStats/cope5.feat/zstat1.dtseries.nii","506234","MNINonLinear//Results/tfMRI_EMOTION/tfMRI_EMOTION_hp200_s2_level2.feat/GrayordinatesStats/cope5.feat/zstat1.dtseries.nii","DMhyG4xP6PZufs9dQyI9LQsxwPg13vWF"
"s3://hcp-openaccess/HCP_1200/506234/MNINonLinear/Results/tfMRI_EMOTION/tfMRI_EMOTION_hp200_s2_level2.feat/GrayordinatesStats/cope6.feat/cope1.dtseries.nii","506234","MNINonLinear//Results/tfMRI_EMOTION/tfMRI_EMOTION_hp200_s2_level2.feat/GrayordinatesStats/cope6.feat/cope1.dtseries.nii","y41Z1O79R8fdoKV7tZa2uQHJXSObUaIk"
"s3://hcp-openaccess/HCP_1200/506234/MNINonLinear/Results/tfMRI_EMOTION/tfMRI_EMOTION_hp200_s2_level2.feat/GrayordinatesStats/cope6.feat/logfile","506234","MNINonLinear//Results/tfMRI_EMOTION/tfMRI_EMOTION_hp200_s2_level2.feat/GrayordinatesStats/cope6.feat/logfile","wap4Du3bUkbJLBqHTWPubP5UkVL4.Gz4"
"s3://hcp-openaccess/HCP_1200/506234/MNINonLinear/Results/tfMRI_EMOTION/tfMRI_EMOTION_hp200_s2_level2.feat/GrayordinatesStats/cope6.feat/mask.dtseries.nii","506234","MNINonLinear//Results/tfMRI_EMOTION/tfMRI_EMOTION_hp200_s2_level2.feat/GrayordinatesStats/cope6.feat/mask.dtseries.nii","RZo0jLSBcJHYLTnsReFZWH8VLQaEO_16"
"s3://hcp-openaccess/HCP_1200/506234/MNINonLinear/Results/tfMRI_EMOTION/tfMRI_EMOTION_hp200_s2_level2.feat/GrayordinatesStats/cope6.feat/mean_random_effects_var1.dtseries.nii","506234","MNINonLinear//Results/tfMRI_EMOTION/tfMRI_EMOTION_hp200_s2_level2.feat/GrayordinatesStats/cope6.feat/mean_random_effects_var1.dtseries.nii","eUqelUgaq23_A6C1VngZIE.vXsuylv_."
"s3://hcp-openaccess/HCP_1200/506234/MNINonLinear/Results/tfMRI_EMOTION/tfMRI_EMOTION_hp200_s2_level2.feat/GrayordinatesStats/cope6.feat/pe1.dtseries.nii","506234","MNINonLinear//Results/tfMRI_EMOTION/tfMRI_EMOTION_hp200_s2_level2.feat/GrayordinatesStats/cope6.feat/pe1.dtseries.nii","VFUIuyhRjx2L3RZ0cdWyKcK1i76Vwjtg"
"s3://hcp-openaccess/HCP_1200/506234/MNINonLinear/Results/tfMRI_EMOTION/tfMRI_EMOTION_hp200_s2_level2.feat/GrayordinatesStats/cope6.feat/res4d.dtseries.nii","506234","MNINonLinear//Results/tfMRI_EMOTION/tfMRI_EMOTION_hp200_s2_level2.feat/GrayordinatesStats/cope6.feat/res4d.dtseries.nii","DtvykOeSbXAG_efRemyYmzodgxf4rtHO"
"s3://hcp-openaccess/HCP_1200/506234/MNINonLinear/Results/tfMRI_EMOTION/tfMRI_EMOTION_hp200_s2_level2.feat/GrayordinatesStats/cope6.feat/tdof_t1.dtseries.nii","506234","MNINonLinear//Results/tfMRI_EMOTION/tfMRI_EMOTION_hp200_s2_level2.feat/GrayordinatesStats/cope6.feat/tdof_t1.dtseries.nii","ojJ.ZeD0XKqMKq0fvTvtiWmw1iQXUWyY"
"s3://hcp-openaccess/HCP_1200/506234/MNINonLinear/Results/tfMRI_EMOTION/tfMRI_EMOTION_hp200_s2_level2.feat/GrayordinatesStats/cope6.feat/tstat1.dtseries.nii","506234","MNINonLinear//Results/tfMRI_EMOTION/tfMRI_EMOTION_hp200_s2_level2.feat/GrayordinatesStats/cope6.feat/tstat1.dtseries.nii","KNO_liezP6S7OF6RMLfdRU78R6fk7I4G"
"s3://hcp-openaccess/HCP_1200/506234/MNINonLinear/Results/tfMRI_EMOTION/tfMRI_EMOTION_hp200_s2_level2.feat/GrayordinatesStats/cope6.feat/varcope1.dtseries.nii","506234","MNINonLinear//Results/tfMRI_EMOTION/tfMRI_EMOTION_hp200_s2_level2.feat/GrayordinatesStats/cope6.feat/varcope1.dtseries.nii","dA86_z4Kay4766tvVZyURstzPd.VCz.l"
"s3://hcp-openaccess/HCP_1200/506234/MNINonLinear/Results/tfMRI_EMOTION/tfMRI_EMOTION_hp200_s2_level2.feat/GrayordinatesStats/cope6.feat/weights1.dtseries.nii","506234","MNINonLinear//Results/tfMRI_EMOTION/tfMRI_EMOTION_hp200_s2_level2.feat/GrayordinatesStats/cope6.feat/weights1.dtseries.nii","S5FmYOv25vLh.AZzOkM6UJciLpcwXTel"
"s3://hcp-openaccess/HCP_1200/506234/MNINonLinear/Results/tfMRI_EMOTION/tfMRI_EMOTION_hp200_s2_level2.feat/GrayordinatesStats/cope6.feat/zflame1lowertstat1.dtseries.nii","506234","MNINonLinear//Results/tfMRI_EMOTION/tfMRI_EMOTION_hp200_s2_level2.feat/GrayordinatesStats/cope6.feat/zflame1lowertstat1.dtseries.nii","6DDCFOfhlulBLlAxstu5bY0UBxC8V.iD"
"s3://hcp-openaccess/HCP_1200/506234/MNINonLinear/Results/tfMRI_EMOTION/tfMRI_EMOTION_hp200_s2_level2.feat/GrayordinatesStats/cope6.feat/zflame1uppertstat1.dtseries.nii","506234","MNINonLinear//Results/tfMRI_EMOTION/tfMRI_EMOTION_hp200_s2_level2.feat/GrayordinatesStats/cope6.feat/zflame1uppertstat1.dtseries.nii","1MaKYBx0pOHguDlA119dTnkE0c9BhRxT"
"s3://hcp-openaccess/HCP_1200/506234/MNINonLinear/Results/tfMRI_EMOTION/tfMRI_EMOTION_hp200_s2_level2.feat/GrayordinatesStats/cope6.feat/zstat1.dtseries.nii","506234","MNINonLinear//Results/tfMRI_EMOTION/tfMRI_EMOTION_hp200_s2_level2.feat/GrayordinatesStats/cope6.feat/zstat1.dtseries.nii","_iJiVTayY_RFpyniz_nhBBIQcNH4fDuT"
"s3://hcp-openaccess/HCP_1200/506234/MNINonLinear/Results/tfMRI_EMOTION/tfMRI_EMOTION_hp200_s2_level2.feat/design.con","506234","MNINonLinear//Results/tfMRI_EMOTION/tfMRI_EMOTION_hp200_s2_level2.feat/design.con","Fz_BraD3wThraO0r8PdpCAdPyx7iuZTT"
"s3://hcp-openaccess/HCP_1200/506234/MNINonLinear/Results/tfMRI_EMOTION/tfMRI_EMOTION_hp200_s2_level2.feat/design.fsf","506234","MNINonLinear//Results/tfMRI_EMOTION/tfMRI_EMOTION_hp200_s2_level2.feat/design.fsf","2Z2_UoV.ArGHx5ypB63kSmZ9kl0.yuHc"
"s3://hcp-openaccess/HCP_1200/506234/MNINonLinear/Results/tfMRI_EMOTION/tfMRI_EMOTION_hp200_s2_level2.feat/design.grp","506234","MNINonLinear//Results/tfMRI_EMOTION/tfMRI_EMOTION_hp200_s2_level2.feat/design.grp","kifpsFSXj3QDYDLMjGfEY.fBk1.7sJbF"
"s3://hcp-openaccess/HCP_1200/506234/MNINonLinear/Results/tfMRI_EMOTION/tfMRI_EMOTION_hp200_s2_level2.feat/design.mat","506234","MNINonLinear//Results/tfMRI_EMOTION/tfMRI_EMOTION_hp200_s2_level2.feat/design.mat","D5Y9Q0Xji83uGRaC8i4APXpywYPAcHUZ"
"s3://hcp-openaccess/HCP_1200/506234/MNINonLinear/Results/tfMRI_EMOTION/tfMRI_EMOTION_hp200_s2_level2.feat/design.png","506234","MNINonLinear//Results/tfMRI_EMOTION/tfMRI_EMOTION_hp200_s2_level2.feat/design.png","TSJ3MxGjKnjavso9Cujaenb53mbNE98l"
"s3://hcp-openaccess/HCP_1200/506234/MNINonLinear/Results/tfMRI_EMOTION/tfMRI_EMOTION_hp200_s2_level2.feat/design.ppm","506234","MNINonLinear//Results/tfMRI_EMOTION/tfMRI_EMOTION_hp200_s2_level2.feat/design.ppm","iG4MxPHgDYxeqc1wD8xqWMBJlzTn8RMC"
"s3://hcp-openaccess/HCP_1200/506234/MNINonLinear/Results/tfMRI_EMOTION/tfMRI_EMOTION_hp200_s2_level2.feat/design_cov.png","506234","MNINonLinear//Results/tfMRI_EMOTION/tfMRI_EMOTION_hp200_s2_level2.feat/design_cov.png","0MmRlY1dC81d6COTNkOLkZ8J_pBi2wIo"
"s3://hcp-openaccess/HCP_1200/506234/MNINonLinear/Results/tfMRI_EMOTION/tfMRI_EMOTION_hp200_s2_level2.feat/design_cov.ppm","506234","MNINonLinear//Results/tfMRI_EMOTION/tfMRI_EMOTION_hp200_s2_level2.feat/design_cov.ppm","3qUk1uZ2G_OEHIFJcYa1cM17RVHHFZyl"
"s3://hcp-openaccess/HCP_1200/506234/MNINonLinear/Results/tfMRI_EMOTION/tfMRI_EMOTION_hp200_s2_level2_MSMAll.feat/506234_tfMRI_EMOTION_level2_hp200_s2_MSMAll.dscalar.nii","506234","MNINonLinear//Results/tfMRI_EMOTION/tfMRI_EMOTION_hp200_s2_level2_MSMAll.feat/506234_tfMRI_EMOTION_level2_hp200_s2_MSMAll.dscalar.nii","qsF0FcaMgoI1z6qwTnbUYThAboQguxab"
"s3://hcp-openaccess/HCP_1200/506234/MNINonLinear/Results/tfMRI_EMOTION/tfMRI_EMOTION_hp200_s2_level2_MSMAll.feat/Contrasts.txt","506234","MNINonLinear//Results/tfMRI_EMOTION/tfMRI_EMOTION_hp200_s2_level2_MSMAll.feat/Contrasts.txt","CBr2bjyL0_s.0UYT20B9evnH0CwJAnva"
"s3://hcp-openaccess/HCP_1200/506234/MNINonLinear/Results/tfMRI_EMOTION/tfMRI_EMOTION_hp200_s2_level2_MSMAll.feat/GrayordinatesStats/cope1.feat/cope1.dtseries.nii","506234","MNINonLinear//Results/tfMRI_EMOTION/tfMRI_EMOTION_hp200_s2_level2_MSMAll.feat/GrayordinatesStats/cope1.feat/cope1.dtseries.nii","KG3VRWzbqdgSrNath6yRV.FFNXh7TOlw"
"s3://hcp-openaccess/HCP_1200/506234/MNINonLinear/Results/tfMRI_EMOTION/tfMRI_EMOTION_hp200_s2_level2_MSMAll.feat/GrayordinatesStats/cope1.feat/logfile","506234","MNINonLinear//Results/tfMRI_EMOTION/tfMRI_EMOTION_hp200_s2_level2_MSMAll.feat/GrayordinatesStats/cope1.feat/logfile","4q_lqjCWP7qgqm7mfoxHnPrglG0nUVbO"
"s3://hcp-openaccess/HCP_1200/506234/MNINonLinear/Results/tfMRI_EMOTION/tfMRI_EMOTION_hp200_s2_level2_MSMAll.feat/GrayordinatesStats/cope1.feat/mask.dtseries.nii","506234","MNINonLinear//Results/tfMRI_EMOTION/tfMRI_EMOTION_hp200_s2_level2_MSMAll.feat/GrayordinatesStats/cope1.feat/mask.dtseries.nii","mNrbGtBjjNj6CgyisqHGN7GtuxpJYml2"
"s3://hcp-openaccess/HCP_1200/506234/MNINonLinear/Results/tfMRI_EMOTION/tfMRI_EMOTION_hp200_s2_level2_MSMAll.feat/GrayordinatesStats/cope1.feat/mean_random_effects_var1.dtseries.nii","506234","MNINonLinear//Results/tfMRI_EMOTION/tfMRI_EMOTION_hp200_s2_level2_MSMAll.feat/GrayordinatesStats/cope1.feat/mean_random_effects_var1.dtseries.nii","3DLUeVtFbiU_Rvo0IPc1T.z5klUZEbgB"
"s3://hcp-openaccess/HCP_1200/506234/MNINonLinear/Results/tfMRI_EMOTION/tfMRI_EMOTION_hp200_s2_level2_MSMAll.feat/GrayordinatesStats/cope1.feat/pe1.dtseries.nii","506234","MNINonLinear//Results/tfMRI_EMOTION/tfMRI_EMOTION_hp200_s2_level2_MSMAll.feat/GrayordinatesStats/cope1.feat/pe1.dtseries.nii","0P3BtOFIMW01U9kaAQBTeo_1FJ1D1gv_"
"s3://hcp-openaccess/HCP_1200/506234/MNINonLinear/Results/tfMRI_EMOTION/tfMRI_EMOTION_hp200_s2_level2_MSMAll.feat/GrayordinatesStats/cope1.feat/res4d.dtseries.nii","506234","MNINonLinear//Results/tfMRI_EMOTION/tfMRI_EMOTION_hp200_s2_level2_MSMAll.feat/GrayordinatesStats/cope1.feat/res4d.dtseries.nii","VWKaxzBHqjAFAP5xXs93xWNYqvUAhuWQ"
"s3://hcp-openaccess/HCP_1200/506234/MNINonLinear/Results/tfMRI_EMOTION/tfMRI_EMOTION_hp200_s2_level2_MSMAll.feat/GrayordinatesStats/cope1.feat/tdof_t1.dtseries.nii","506234","MNINonLinear//Results/tfMRI_EMOTION/tfMRI_EMOTION_hp200_s2_level2_MSMAll.feat/GrayordinatesStats/cope1.feat/tdof_t1.dtseries.nii","rRJO8UKr_wgpphF8WFl2M.1IMtlH.NLK"
"s3://hcp-openaccess/HCP_1200/506234/MNINonLinear/Results/tfMRI_EMOTION/tfMRI_EMOTION_hp200_s2_level2_MSMAll.feat/GrayordinatesStats/cope1.feat/tstat1.dtseries.nii","506234","MNINonLinear//Results/tfMRI_EMOTION/tfMRI_EMOTION_hp200_s2_level2_MSMAll.feat/GrayordinatesStats/cope1.feat/tstat1.dtseries.nii","wtpGYEmMdwPEkrvWl24Q1X7MYQ.Fr4NZ"
"s3://hcp-openaccess/HCP_1200/506234/MNINonLinear/Results/tfMRI_EMOTION/tfMRI_EMOTION_hp200_s2_level2_MSMAll.feat/GrayordinatesStats/cope1.feat/varcope1.dtseries.nii","506234","MNINonLinear//Results/tfMRI_EMOTION/tfMRI_EMOTION_hp200_s2_level2_MSMAll.feat/GrayordinatesStats/cope1.feat/varcope1.dtseries.nii","ElsFdotRN9ddntR7pzCeZAMg0SxflMu7"
"s3://hcp-openaccess/HCP_1200/506234/MNINonLinear/Results/tfMRI_EMOTION/tfMRI_EMOTION_hp200_s2_level2_MSMAll.feat/GrayordinatesStats/cope1.feat/weights1.dtseries.nii","506234","MNINonLinear//Results/tfMRI_EMOTION/tfMRI_EMOTION_hp200_s2_level2_MSMAll.feat/GrayordinatesStats/cope1.feat/weights1.dtseries.nii","X5SCRsyIgraoCtgF5PWolIx2czhL87_Q"
"s3://hcp-openaccess/HCP_1200/506234/MNINonLinear/Results/tfMRI_EMOTION/tfMRI_EMOTION_hp200_s2_level2_MSMAll.feat/GrayordinatesStats/cope1.feat/zflame1lowertstat1.dtseries.nii","506234","MNINonLinear//Results/tfMRI_EMOTION/tfMRI_EMOTION_hp200_s2_level2_MSMAll.feat/GrayordinatesStats/cope1.feat/zflame1lowertstat1.dtseries.nii","NNFLQF8bqgFxiaOxhfuhoqSu4x5TG5Py"
"s3://hcp-openaccess/HCP_1200/506234/MNINonLinear/Results/tfMRI_EMOTION/tfMRI_EMOTION_hp200_s2_level2_MSMAll.feat/GrayordinatesStats/cope1.feat/zflame1uppertstat1.dtseries.nii","506234","MNINonLinear//Results/tfMRI_EMOTION/tfMRI_EMOTION_hp200_s2_level2_MSMAll.feat/GrayordinatesStats/cope1.feat/zflame1uppertstat1.dtseries.nii","AurvHcWE6AhNHNNNAwYcJ2iwO1X0dRnt"
"s3://hcp-openaccess/HCP_1200/506234/MNINonLinear/Results/tfMRI_EMOTION/tfMRI_EMOTION_hp200_s2_level2_MSMAll.feat/GrayordinatesStats/cope1.feat/zstat1.dtseries.nii","506234","MNINonLinear//Results/tfMRI_EMOTION/tfMRI_EMOTION_hp200_s2_level2_MSMAll.feat/GrayordinatesStats/cope1.feat/zstat1.dtseries.nii","wKPXgPgNdD1UIqGUXvXy7m6j_eDbZdgl"
"s3://hcp-openaccess/HCP_1200/506234/MNINonLinear/Results/tfMRI_EMOTION/tfMRI_EMOTION_hp200_s2_level2_MSMAll.feat/GrayordinatesStats/cope2.feat/cope1.dtseries.nii","506234","MNINonLinear//Results/tfMRI_EMOTION/tfMRI_EMOTION_hp200_s2_level2_MSMAll.feat/GrayordinatesStats/cope2.feat/cope1.dtseries.nii","WUTA_K95c1aJj62DLrgkTZgWOcimY6cR"
"s3://hcp-openaccess/HCP_1200/506234/MNINonLinear/Results/tfMRI_EMOTION/tfMRI_EMOTION_hp200_s2_level2_MSMAll.feat/GrayordinatesStats/cope2.feat/logfile","506234","MNINonLinear//Results/tfMRI_EMOTION/tfMRI_EMOTION_hp200_s2_level2_MSMAll.feat/GrayordinatesStats/cope2.feat/logfile","3BF.xi1Tmra7XXREn_J5yNyAGfY5oRCb"
"s3://hcp-openaccess/HCP_1200/506234/MNINonLinear/Results/tfMRI_EMOTION/tfMRI_EMOTION_hp200_s2_level2_MSMAll.feat/GrayordinatesStats/cope2.feat/mask.dtseries.nii","506234","MNINonLinear//Results/tfMRI_EMOTION/tfMRI_EMOTION_hp200_s2_level2_MSMAll.feat/GrayordinatesStats/cope2.feat/mask.dtseries.nii","GzKp3DhZC7h2ZJU1TaSPXYNXiaVc3i4v"
"s3://hcp-openaccess/HCP_1200/506234/MNINonLinear/Results/tfMRI_EMOTION/tfMRI_EMOTION_hp200_s2_level2_MSMAll.feat/GrayordinatesStats/cope2.feat/mean_random_effects_var1.dtseries.nii","506234","MNINonLinear//Results/tfMRI_EMOTION/tfMRI_EMOTION_hp200_s2_level2_MSMAll.feat/GrayordinatesStats/cope2.feat/mean_random_effects_var1.dtseries.nii","3Kre9frSCANnxHyedcl7NU2X_o4vaoQ4"
"s3://hcp-openaccess/HCP_1200/506234/MNINonLinear/Results/tfMRI_EMOTION/tfMRI_EMOTION_hp200_s2_level2_MSMAll.feat/GrayordinatesStats/cope2.feat/pe1.dtseries.nii","506234","MNINonLinear//Results/tfMRI_EMOTION/tfMRI_EMOTION_hp200_s2_level2_MSMAll.feat/GrayordinatesStats/cope2.feat/pe1.dtseries.nii","kQPUrFeYXhAf0NR5e_qMEBn72LwSrmVy"
"s3://hcp-openaccess/HCP_1200/506234/MNINonLinear/Results/tfMRI_EMOTION/tfMRI_EMOTION_hp200_s2_level2_MSMAll.feat/GrayordinatesStats/cope2.feat/res4d.dtseries.nii","506234","MNINonLinear//Results/tfMRI_EMOTION/tfMRI_EMOTION_hp200_s2_level2_MSMAll.feat/GrayordinatesStats/cope2.feat/res4d.dtseries.nii","SG4STIZdiuqs8ZWXUf6I49u7wryWHDMK"
"s3://hcp-openaccess/HCP_1200/506234/MNINonLinear/Results/tfMRI_EMOTION/tfMRI_EMOTION_hp200_s2_level2_MSMAll.feat/GrayordinatesStats/cope2.feat/tdof_t1.dtseries.nii","506234","MNINonLinear//Results/tfMRI_EMOTION/tfMRI_EMOTION_hp200_s2_level2_MSMAll.feat/GrayordinatesStats/cope2.feat/tdof_t1.dtseries.nii","j9vyl2pzLZOQj2NJysP50fxFO4taO7bi"
"s3://hcp-openaccess/HCP_1200/506234/MNINonLinear/Results/tfMRI_EMOTION/tfMRI_EMOTION_hp200_s2_level2_MSMAll.feat/GrayordinatesStats/cope2.feat/tstat1.dtseries.nii","506234","MNINonLinear//Results/tfMRI_EMOTION/tfMRI_EMOTION_hp200_s2_level2_MSMAll.feat/GrayordinatesStats/cope2.feat/tstat1.dtseries.nii","_ySnJglJZHsWBckcQl_OhLRNe6B49Bmg"
"s3://hcp-openaccess/HCP_1200/506234/MNINonLinear/Results/tfMRI_EMOTION/tfMRI_EMOTION_hp200_s2_level2_MSMAll.feat/GrayordinatesStats/cope2.feat/varcope1.dtseries.nii","506234","MNINonLinear//Results/tfMRI_EMOTION/tfMRI_EMOTION_hp200_s2_level2_MSMAll.feat/GrayordinatesStats/cope2.feat/varcope1.dtseries.nii","54.yrRsZzAEM5jPZrkJo7pbopP86YJrT"
"s3://hcp-openaccess/HCP_1200/506234/MNINonLinear/Results/tfMRI_EMOTION/tfMRI_EMOTION_hp200_s2_level2_MSMAll.feat/GrayordinatesStats/cope2.feat/weights1.dtseries.nii","506234","MNINonLinear//Results/tfMRI_EMOTION/tfMRI_EMOTION_hp200_s2_level2_MSMAll.feat/GrayordinatesStats/cope2.feat/weights1.dtseries.nii","l2t8pboAd8ZxMJfJSEVvMeOmZoMkuyZq"
"s3://hcp-openaccess/HCP_1200/506234/MNINonLinear/Results/tfMRI_EMOTION/tfMRI_EMOTION_hp200_s2_level2_MSMAll.feat/GrayordinatesStats/cope2.feat/zflame1lowertstat1.dtseries.nii","506234","MNINonLinear//Results/tfMRI_EMOTION/tfMRI_EMOTION_hp200_s2_level2_MSMAll.feat/GrayordinatesStats/cope2.feat/zflame1lowertstat1.dtseries.nii","ITJedJ6dfUeqt3lmYaJNm8kSahQsBgF5"
"s3://hcp-openaccess/HCP_1200/506234/MNINonLinear/Results/tfMRI_EMOTION/tfMRI_EMOTION_hp200_s2_level2_MSMAll.feat/GrayordinatesStats/cope2.feat/zflame1uppertstat1.dtseries.nii","506234","MNINonLinear//Results/tfMRI_EMOTION/tfMRI_EMOTION_hp200_s2_level2_MSMAll.feat/GrayordinatesStats/cope2.feat/zflame1uppertstat1.dtseries.nii","JQIrHicUeelTEPy50R5agbQFZdH.KBcP"
"s3://hcp-openaccess/HCP_1200/506234/MNINonLinear/Results/tfMRI_EMOTION/tfMRI_EMOTION_hp200_s2_level2_MSMAll.feat/GrayordinatesStats/cope2.feat/zstat1.dtseries.nii","506234","MNINonLinear//Results/tfMRI_EMOTION/tfMRI_EMOTION_hp200_s2_level2_MSMAll.feat/GrayordinatesStats/cope2.feat/zstat1.dtseries.nii","Z1LrEcotoYNhrXVJuBywL.WLxLPslHMK"
"s3://hcp-openaccess/HCP_1200/506234/MNINonLinear/Results/tfMRI_EMOTION/tfMRI_EMOTION_hp200_s2_level2_MSMAll.feat/GrayordinatesStats/cope3.feat/cope1.dtseries.nii","506234","MNINonLinear//Results/tfMRI_EMOTION/tfMRI_EMOTION_hp200_s2_level2_MSMAll.feat/GrayordinatesStats/cope3.feat/cope1.dtseries.nii","ZXBStfPRCXBRdqe5pOavLool6DBpogcE"
"s3://hcp-openaccess/HCP_1200/506234/MNINonLinear/Results/tfMRI_EMOTION/tfMRI_EMOTION_hp200_s2_level2_MSMAll.feat/GrayordinatesStats/cope3.feat/logfile","506234","MNINonLinear//Results/tfMRI_EMOTION/tfMRI_EMOTION_hp200_s2_level2_MSMAll.feat/GrayordinatesStats/cope3.feat/logfile","xsCrj0XP___r9wz5Tlrmhs0rhcNcUq21"
"s3://hcp-openaccess/HCP_1200/506234/MNINonLinear/Results/tfMRI_EMOTION/tfMRI_EMOTION_hp200_s2_level2_MSMAll.feat/GrayordinatesStats/cope3.feat/mask.dtseries.nii","506234","MNINonLinear//Results/tfMRI_EMOTION/tfMRI_EMOTION_hp200_s2_level2_MSMAll.feat/GrayordinatesStats/cope3.feat/mask.dtseries.nii","n21bYr8UepZHXCEo6G0QdAV646Sq4CMS"
"s3://hcp-openaccess/HCP_1200/506234/MNINonLinear/Results/tfMRI_EMOTION/tfMRI_EMOTION_hp200_s2_level2_MSMAll.feat/GrayordinatesStats/cope3.feat/mean_random_effects_var1.dtseries.nii","506234","MNINonLinear//Results/tfMRI_EMOTION/tfMRI_EMOTION_hp200_s2_level2_MSMAll.feat/GrayordinatesStats/cope3.feat/mean_random_effects_var1.dtseries.nii","r0l_CHE0O_Qea3dxDambnqV44d9qnXji"
"s3://hcp-openaccess/HCP_1200/506234/MNINonLinear/Results/tfMRI_EMOTION/tfMRI_EMOTION_hp200_s2_level2_MSMAll.feat/GrayordinatesStats/cope3.feat/pe1.dtseries.nii","506234","MNINonLinear//Results/tfMRI_EMOTION/tfMRI_EMOTION_hp200_s2_level2_MSMAll.feat/GrayordinatesStats/cope3.feat/pe1.dtseries.nii","nw4QbCsfnEnsJETrD2wg47w9VOCOGR77"
"s3://hcp-openaccess/HCP_1200/506234/MNINonLinear/Results/tfMRI_EMOTION/tfMRI_EMOTION_hp200_s2_level2_MSMAll.feat/GrayordinatesStats/cope3.feat/res4d.dtseries.nii","506234","MNINonLinear//Results/tfMRI_EMOTION/tfMRI_EMOTION_hp200_s2_level2_MSMAll.feat/GrayordinatesStats/cope3.feat/res4d.dtseries.nii","EzNhaplljvcVwntxjyKbRXMdugg2Yi8Y"
"s3://hcp-openaccess/HCP_1200/506234/MNINonLinear/Results/tfMRI_EMOTION/tfMRI_EMOTION_hp200_s2_level2_MSMAll.feat/GrayordinatesStats/cope3.feat/tdof_t1.dtseries.nii","506234","MNINonLinear//Results/tfMRI_EMOTION/tfMRI_EMOTION_hp200_s2_level2_MSMAll.feat/GrayordinatesStats/cope3.feat/tdof_t1.dtseries.nii","Nk.s4EC79jIhkaLhh0FyYdfY6aBPjmVR"
"s3://hcp-openaccess/HCP_1200/506234/MNINonLinear/Results/tfMRI_EMOTION/tfMRI_EMOTION_hp200_s2_level2_MSMAll.feat/GrayordinatesStats/cope3.feat/tstat1.dtseries.nii","506234","MNINonLinear//Results/tfMRI_EMOTION/tfMRI_EMOTION_hp200_s2_level2_MSMAll.feat/GrayordinatesStats/cope3.feat/tstat1.dtseries.nii","FmaxlODAcDyuwZsy5duCC.82Yxdm49Jw"
"s3://hcp-openaccess/HCP_1200/506234/MNINonLinear/Results/tfMRI_EMOTION/tfMRI_EMOTION_hp200_s2_level2_MSMAll.feat/GrayordinatesStats/cope3.feat/varcope1.dtseries.nii","506234","MNINonLinear//Results/tfMRI_EMOTION/tfMRI_EMOTION_hp200_s2_level2_MSMAll.feat/GrayordinatesStats/cope3.feat/varcope1.dtseries.nii","p.x_3s_CiAquE.jauCHZXcm6U2ojiE0S"
"s3://hcp-openaccess/HCP_1200/506234/MNINonLinear/Results/tfMRI_EMOTION/tfMRI_EMOTION_hp200_s2_level2_MSMAll.feat/GrayordinatesStats/cope3.feat/weights1.dtseries.nii","506234","MNINonLinear//Results/tfMRI_EMOTION/tfMRI_EMOTION_hp200_s2_level2_MSMAll.feat/GrayordinatesStats/cope3.feat/weights1.dtseries.nii","If0Md.Ksj5M_wvYNrnuLTbRlQmioNRdy"
"s3://hcp-openaccess/HCP_1200/506234/MNINonLinear/Results/tfMRI_EMOTION/tfMRI_EMOTION_hp200_s2_level2_MSMAll.feat/GrayordinatesStats/cope3.feat/zflame1lowertstat1.dtseries.nii","506234","MNINonLinear//Results/tfMRI_EMOTION/tfMRI_EMOTION_hp200_s2_level2_MSMAll.feat/GrayordinatesStats/cope3.feat/zflame1lowertstat1.dtseries.nii","oALxCI.P.2FIgTSUeD0EndPMZHzcD1pI"
"s3://hcp-openaccess/HCP_1200/506234/MNINonLinear/Results/tfMRI_EMOTION/tfMRI_EMOTION_hp200_s2_level2_MSMAll.feat/GrayordinatesStats/cope3.feat/zflame1uppertstat1.dtseries.nii","506234","MNINonLinear//Results/tfMRI_EMOTION/tfMRI_EMOTION_hp200_s2_level2_MSMAll.feat/GrayordinatesStats/cope3.feat/zflame1uppertstat1.dtseries.nii","d.xjOyTnVJL2Y6v1_D__Z8V0PsZO4DuV"
"s3://hcp-openaccess/HCP_1200/506234/MNINonLinear/Results/tfMRI_EMOTION/tfMRI_EMOTION_hp200_s2_level2_MSMAll.feat/GrayordinatesStats/cope3.feat/zstat1.dtseries.nii","506234","MNINonLinear//Results/tfMRI_EMOTION/tfMRI_EMOTION_hp200_s2_level2_MSMAll.feat/GrayordinatesStats/cope3.feat/zstat1.dtseries.nii","ggQG4Vq0d7pRMWDJfvgH1qIKlWvHeRiv"
"s3://hcp-openaccess/HCP_1200/506234/MNINonLinear/Results/tfMRI_EMOTION/tfMRI_EMOTION_hp200_s2_level2_MSMAll.feat/GrayordinatesStats/cope4.feat/cope1.dtseries.nii","506234","MNINonLinear//Results/tfMRI_EMOTION/tfMRI_EMOTION_hp200_s2_level2_MSMAll.feat/GrayordinatesStats/cope4.feat/cope1.dtseries.nii","qReVnG9e34WlRlce1_Mxc9AhaCx.VidX"
"s3://hcp-openaccess/HCP_1200/506234/MNINonLinear/Results/tfMRI_EMOTION/tfMRI_EMOTION_hp200_s2_level2_MSMAll.feat/GrayordinatesStats/cope4.feat/logfile","506234","MNINonLinear//Results/tfMRI_EMOTION/tfMRI_EMOTION_hp200_s2_level2_MSMAll.feat/GrayordinatesStats/cope4.feat/logfile","2LRo8JsX5acJ4kqhXKu8am8syD4b2zIp"
"s3://hcp-openaccess/HCP_1200/506234/MNINonLinear/Results/tfMRI_EMOTION/tfMRI_EMOTION_hp200_s2_level2_MSMAll.feat/GrayordinatesStats/cope4.feat/mask.dtseries.nii","506234","MNINonLinear//Results/tfMRI_EMOTION/tfMRI_EMOTION_hp200_s2_level2_MSMAll.feat/GrayordinatesStats/cope4.feat/mask.dtseries.nii","4e7CbqyAaNU9R_J8Hh2U.b7qgeLAwF1f"
"s3://hcp-openaccess/HCP_1200/506234/MNINonLinear/Results/tfMRI_EMOTION/tfMRI_EMOTION_hp200_s2_level2_MSMAll.feat/GrayordinatesStats/cope4.feat/mean_random_effects_var1.dtseries.nii","506234","MNINonLinear//Results/tfMRI_EMOTION/tfMRI_EMOTION_hp200_s2_level2_MSMAll.feat/GrayordinatesStats/cope4.feat/mean_random_effects_var1.dtseries.nii","EKrpsBkhKRmbM_v3Vett4sSRdAwF1.9H"
"s3://hcp-openaccess/HCP_1200/506234/MNINonLinear/Results/tfMRI_EMOTION/tfMRI_EMOTION_hp200_s2_level2_MSMAll.feat/GrayordinatesStats/cope4.feat/pe1.dtseries.nii","506234","MNINonLinear//Results/tfMRI_EMOTION/tfMRI_EMOTION_hp200_s2_level2_MSMAll.feat/GrayordinatesStats/cope4.feat/pe1.dtseries.nii","og8i_g5EExu1B.pN8Y81q30nj4FDJlDH"
"s3://hcp-openaccess/HCP_1200/506234/MNINonLinear/Results/tfMRI_EMOTION/tfMRI_EMOTION_hp200_s2_level2_MSMAll.feat/GrayordinatesStats/cope4.feat/res4d.dtseries.nii","506234","MNINonLinear//Results/tfMRI_EMOTION/tfMRI_EMOTION_hp200_s2_level2_MSMAll.feat/GrayordinatesStats/cope4.feat/res4d.dtseries.nii","stkY5b4_TPkEH1g96ftkI8Jxt0TpkZtz"
"s3://hcp-openaccess/HCP_1200/506234/MNINonLinear/Results/tfMRI_EMOTION/tfMRI_EMOTION_hp200_s2_level2_MSMAll.feat/GrayordinatesStats/cope4.feat/tdof_t1.dtseries.nii","506234","MNINonLinear//Results/tfMRI_EMOTION/tfMRI_EMOTION_hp200_s2_level2_MSMAll.feat/GrayordinatesStats/cope4.feat/tdof_t1.dtseries.nii","ElBHGBrZxDBu6isj0JZvvch3gnGiEANN"
"s3://hcp-openaccess/HCP_1200/506234/MNINonLinear/Results/tfMRI_EMOTION/tfMRI_EMOTION_hp200_s2_level2_MSMAll.feat/GrayordinatesStats/cope4.feat/tstat1.dtseries.nii","506234","MNINonLinear//Results/tfMRI_EMOTION/tfMRI_EMOTION_hp200_s2_level2_MSMAll.feat/GrayordinatesStats/cope4.feat/tstat1.dtseries.nii","O22pSbr1JTEaCAaUdNLEM_TwEVuloUxm"
"s3://hcp-openaccess/HCP_1200/506234/MNINonLinear/Results/tfMRI_EMOTION/tfMRI_EMOTION_hp200_s2_level2_MSMAll.feat/GrayordinatesStats/cope4.feat/varcope1.dtseries.nii","506234","MNINonLinear//Results/tfMRI_EMOTION/tfMRI_EMOTION_hp200_s2_level2_MSMAll.feat/GrayordinatesStats/cope4.feat/varcope1.dtseries.nii","JoV_k0Q5sAUDMNv8wdgcFseLSa7Ag3px"
"s3://hcp-openaccess/HCP_1200/506234/MNINonLinear/Results/tfMRI_EMOTION/tfMRI_EMOTION_hp200_s2_level2_MSMAll.feat/GrayordinatesStats/cope4.feat/weights1.dtseries.nii","506234","MNINonLinear//Results/tfMRI_EMOTION/tfMRI_EMOTION_hp200_s2_level2_MSMAll.feat/GrayordinatesStats/cope4.feat/weights1.dtseries.nii","lniFBHiw2DGWyeDWVOGTjJoWpdpDv3RQ"
"s3://hcp-openaccess/HCP_1200/506234/MNINonLinear/Results/tfMRI_EMOTION/tfMRI_EMOTION_hp200_s2_level2_MSMAll.feat/GrayordinatesStats/cope4.feat/zflame1lowertstat1.dtseries.nii","506234","MNINonLinear//Results/tfMRI_EMOTION/tfMRI_EMOTION_hp200_s2_level2_MSMAll.feat/GrayordinatesStats/cope4.feat/zflame1lowertstat1.dtseries.nii","0wTWYwUOIROQmxCTiIdO7utAC6D3CbEQ"
"s3://hcp-openaccess/HCP_1200/506234/MNINonLinear/Results/tfMRI_EMOTION/tfMRI_EMOTION_hp200_s2_level2_MSMAll.feat/GrayordinatesStats/cope4.feat/zflame1uppertstat1.dtseries.nii","506234","MNINonLinear//Results/tfMRI_EMOTION/tfMRI_EMOTION_hp200_s2_level2_MSMAll.feat/GrayordinatesStats/cope4.feat/zflame1uppertstat1.dtseries.nii","LbPYi5PJPVW6tkbv8tkFtiZ_xhqsKDR7"
"s3://hcp-openaccess/HCP_1200/506234/MNINonLinear/Results/tfMRI_EMOTION/tfMRI_EMOTION_hp200_s2_level2_MSMAll.feat/GrayordinatesStats/cope4.feat/zstat1.dtseries.nii","506234","MNINonLinear//Results/tfMRI_EMOTION/tfMRI_EMOTION_hp200_s2_level2_MSMAll.feat/GrayordinatesStats/cope4.feat/zstat1.dtseries.nii","dhogtHQLvzi8o6uodAJQBqkMQApxY_zE"
"s3://hcp-openaccess/HCP_1200/506234/MNINonLinear/Results/tfMRI_EMOTION/tfMRI_EMOTION_hp200_s2_level2_MSMAll.feat/GrayordinatesStats/cope5.feat/cope1.dtseries.nii","506234","MNINonLinear//Results/tfMRI_EMOTION/tfMRI_EMOTION_hp200_s2_level2_MSMAll.feat/GrayordinatesStats/cope5.feat/cope1.dtseries.nii","Rl_kkcp6Xd.qpOn3sm6pLYmFC3NBLxTj"
"s3://hcp-openaccess/HCP_1200/506234/MNINonLinear/Results/tfMRI_EMOTION/tfMRI_EMOTION_hp200_s2_level2_MSMAll.feat/GrayordinatesStats/cope5.feat/logfile","506234","MNINonLinear//Results/tfMRI_EMOTION/tfMRI_EMOTION_hp200_s2_level2_MSMAll.feat/GrayordinatesStats/cope5.feat/logfile","FXuO_hXC9gKHYBBU0xNApns.jRRSWUPQ"
"s3://hcp-openaccess/HCP_1200/506234/MNINonLinear/Results/tfMRI_EMOTION/tfMRI_EMOTION_hp200_s2_level2_MSMAll.feat/GrayordinatesStats/cope5.feat/mask.dtseries.nii","506234","MNINonLinear//Results/tfMRI_EMOTION/tfMRI_EMOTION_hp200_s2_level2_MSMAll.feat/GrayordinatesStats/cope5.feat/mask.dtseries.nii","AbP6YOX2g1QgHeWleR3sLKUANZGiK11n"
"s3://hcp-openaccess/HCP_1200/506234/MNINonLinear/Results/tfMRI_EMOTION/tfMRI_EMOTION_hp200_s2_level2_MSMAll.feat/GrayordinatesStats/cope5.feat/mean_random_effects_var1.dtseries.nii","506234","MNINonLinear//Results/tfMRI_EMOTION/tfMRI_EMOTION_hp200_s2_level2_MSMAll.feat/GrayordinatesStats/cope5.feat/mean_random_effects_var1.dtseries.nii","EqL6L7_sc75H7GKs3iXMCHdA.d_Cwhk6"
"s3://hcp-openaccess/HCP_1200/506234/MNINonLinear/Results/tfMRI_EMOTION/tfMRI_EMOTION_hp200_s2_level2_MSMAll.feat/GrayordinatesStats/cope5.feat/pe1.dtseries.nii","506234","MNINonLinear//Results/tfMRI_EMOTION/tfMRI_EMOTION_hp200_s2_level2_MSMAll.feat/GrayordinatesStats/cope5.feat/pe1.dtseries.nii","2GkzYllRHwg3SZnfXbuQe.e38wChPKSD"
"s3://hcp-openaccess/HCP_1200/506234/MNINonLinear/Results/tfMRI_EMOTION/tfMRI_EMOTION_hp200_s2_level2_MSMAll.feat/GrayordinatesStats/cope5.feat/res4d.dtseries.nii","506234","MNINonLinear//Results/tfMRI_EMOTION/tfMRI_EMOTION_hp200_s2_level2_MSMAll.feat/GrayordinatesStats/cope5.feat/res4d.dtseries.nii","h6RH3sCGw.CJqx_7oH.n0.lZ6b7yIcHo"
"s3://hcp-openaccess/HCP_1200/506234/MNINonLinear/Results/tfMRI_EMOTION/tfMRI_EMOTION_hp200_s2_level2_MSMAll.feat/GrayordinatesStats/cope5.feat/tdof_t1.dtseries.nii","506234","MNINonLinear//Results/tfMRI_EMOTION/tfMRI_EMOTION_hp200_s2_level2_MSMAll.feat/GrayordinatesStats/cope5.feat/tdof_t1.dtseries.nii","ho1nUl2XfD.klMhDQvGBY69pZAUS68aO"
"s3://hcp-openaccess/HCP_1200/506234/MNINonLinear/Results/tfMRI_EMOTION/tfMRI_EMOTION_hp200_s2_level2_MSMAll.feat/GrayordinatesStats/cope5.feat/tstat1.dtseries.nii","506234","MNINonLinear//Results/tfMRI_EMOTION/tfMRI_EMOTION_hp200_s2_level2_MSMAll.feat/GrayordinatesStats/cope5.feat/tstat1.dtseries.nii","_KWBN7AOzfJqtIS7dZGI7kDdeUIozQdl"
"s3://hcp-openaccess/HCP_1200/506234/MNINonLinear/Results/tfMRI_EMOTION/tfMRI_EMOTION_hp200_s2_level2_MSMAll.feat/GrayordinatesStats/cope5.feat/varcope1.dtseries.nii","506234","MNINonLinear//Results/tfMRI_EMOTION/tfMRI_EMOTION_hp200_s2_level2_MSMAll.feat/GrayordinatesStats/cope5.feat/varcope1.dtseries.nii","IGHh6DcDO7BKnCcDe701fz0CoK3vvnMF"
"s3://hcp-openaccess/HCP_1200/506234/MNINonLinear/Results/tfMRI_EMOTION/tfMRI_EMOTION_hp200_s2_level2_MSMAll.feat/GrayordinatesStats/cope5.feat/weights1.dtseries.nii","506234","MNINonLinear//Results/tfMRI_EMOTION/tfMRI_EMOTION_hp200_s2_level2_MSMAll.feat/GrayordinatesStats/cope5.feat/weights1.dtseries.nii","bFAWEo93chzZo3rMMHsolZ3cVBGilMWp"
"s3://hcp-openaccess/HCP_1200/506234/MNINonLinear/Results/tfMRI_EMOTION/tfMRI_EMOTION_hp200_s2_level2_MSMAll.feat/GrayordinatesStats/cope5.feat/zflame1lowertstat1.dtseries.nii","506234","MNINonLinear//Results/tfMRI_EMOTION/tfMRI_EMOTION_hp200_s2_level2_MSMAll.feat/GrayordinatesStats/cope5.feat/zflame1lowertstat1.dtseries.nii","qROz7LE0X5U_sJveLHrHNpyMmdg0rT78"
"s3://hcp-openaccess/HCP_1200/506234/MNINonLinear/Results/tfMRI_EMOTION/tfMRI_EMOTION_hp200_s2_level2_MSMAll.feat/GrayordinatesStats/cope5.feat/zflame1uppertstat1.dtseries.nii","506234","MNINonLinear//Results/tfMRI_EMOTION/tfMRI_EMOTION_hp200_s2_level2_MSMAll.feat/GrayordinatesStats/cope5.feat/zflame1uppertstat1.dtseries.nii","pWpKtv8SALZSeg62DJxtg26gVHq9pvFc"
"s3://hcp-openaccess/HCP_1200/506234/MNINonLinear/Results/tfMRI_EMOTION/tfMRI_EMOTION_hp200_s2_level2_MSMAll.feat/GrayordinatesStats/cope5.feat/zstat1.dtseries.nii","506234","MNINonLinear//Results/tfMRI_EMOTION/tfMRI_EMOTION_hp200_s2_level2_MSMAll.feat/GrayordinatesStats/cope5.feat/zstat1.dtseries.nii","Yhywit9Utw5GuS3JczNns9h7x5aDm40m"
"s3://hcp-openaccess/HCP_1200/506234/MNINonLinear/Results/tfMRI_EMOTION/tfMRI_EMOTION_hp200_s2_level2_MSMAll.feat/GrayordinatesStats/cope6.feat/cope1.dtseries.nii","506234","MNINonLinear//Results/tfMRI_EMOTION/tfMRI_EMOTION_hp200_s2_level2_MSMAll.feat/GrayordinatesStats/cope6.feat/cope1.dtseries.nii","yS1o8oylb1IRwBXPvQSBGeecP5sjvUv1"
"s3://hcp-openaccess/HCP_1200/506234/MNINonLinear/Results/tfMRI_EMOTION/tfMRI_EMOTION_hp200_s2_level2_MSMAll.feat/GrayordinatesStats/cope6.feat/logfile","506234","MNINonLinear//Results/tfMRI_EMOTION/tfMRI_EMOTION_hp200_s2_level2_MSMAll.feat/GrayordinatesStats/cope6.feat/logfile","tKRUjvumnmiGp5XucaULbzSsn7Z1mwmD"
"s3://hcp-openaccess/HCP_1200/506234/MNINonLinear/Results/tfMRI_EMOTION/tfMRI_EMOTION_hp200_s2_level2_MSMAll.feat/GrayordinatesStats/cope6.feat/mask.dtseries.nii","506234","MNINonLinear//Results/tfMRI_EMOTION/tfMRI_EMOTION_hp200_s2_level2_MSMAll.feat/GrayordinatesStats/cope6.feat/mask.dtseries.nii","3bjYD5jenkjRLE4ZUXZYuikXWyS2_VNY"
"s3://hcp-openaccess/HCP_1200/506234/MNINonLinear/Results/tfMRI_EMOTION/tfMRI_EMOTION_hp200_s2_level2_MSMAll.feat/GrayordinatesStats/cope6.feat/mean_random_effects_var1.dtseries.nii","506234","MNINonLinear//Results/tfMRI_EMOTION/tfMRI_EMOTION_hp200_s2_level2_MSMAll.feat/GrayordinatesStats/cope6.feat/mean_random_effects_var1.dtseries.nii","7a4L_QP0_teKaHTCa0FTyveOV87Xd9Tv"
"s3://hcp-openaccess/HCP_1200/506234/MNINonLinear/Results/tfMRI_EMOTION/tfMRI_EMOTION_hp200_s2_level2_MSMAll.feat/GrayordinatesStats/cope6.feat/pe1.dtseries.nii","506234","MNINonLinear//Results/tfMRI_EMOTION/tfMRI_EMOTION_hp200_s2_level2_MSMAll.feat/GrayordinatesStats/cope6.feat/pe1.dtseries.nii","cWrkl4X7yzlFw9DS_nHIit.szgt7ktTM"
"s3://hcp-openaccess/HCP_1200/506234/MNINonLinear/Results/tfMRI_EMOTION/tfMRI_EMOTION_hp200_s2_level2_MSMAll.feat/GrayordinatesStats/cope6.feat/res4d.dtseries.nii","506234","MNINonLinear//Results/tfMRI_EMOTION/tfMRI_EMOTION_hp200_s2_level2_MSMAll.feat/GrayordinatesStats/cope6.feat/res4d.dtseries.nii","1BeqCTo4U2Ww7_SejQYndzBn3IolKcVT"
"s3://hcp-openaccess/HCP_1200/506234/MNINonLinear/Results/tfMRI_EMOTION/tfMRI_EMOTION_hp200_s2_level2_MSMAll.feat/GrayordinatesStats/cope6.feat/tdof_t1.dtseries.nii","506234","MNINonLinear//Results/tfMRI_EMOTION/tfMRI_EMOTION_hp200_s2_level2_MSMAll.feat/GrayordinatesStats/cope6.feat/tdof_t1.dtseries.nii","1y8w3aZdOoMIEfPQxpE1AK36iygbK6wu"
"s3://hcp-openaccess/HCP_1200/506234/MNINonLinear/Results/tfMRI_EMOTION/tfMRI_EMOTION_hp200_s2_level2_MSMAll.feat/GrayordinatesStats/cope6.feat/tstat1.dtseries.nii","506234","MNINonLinear//Results/tfMRI_EMOTION/tfMRI_EMOTION_hp200_s2_level2_MSMAll.feat/GrayordinatesStats/cope6.feat/tstat1.dtseries.nii","enHnblpY4m6023PB4_BiO45zHW6PpKDu"
"s3://hcp-openaccess/HCP_1200/506234/MNINonLinear/Results/tfMRI_EMOTION/tfMRI_EMOTION_hp200_s2_level2_MSMAll.feat/GrayordinatesStats/cope6.feat/varcope1.dtseries.nii","506234","MNINonLinear//Results/tfMRI_EMOTION/tfMRI_EMOTION_hp200_s2_level2_MSMAll.feat/GrayordinatesStats/cope6.feat/varcope1.dtseries.nii","7zydz_1HDriLvz.Ygbpx4BJ7.doHCoVy"
"s3://hcp-openaccess/HCP_1200/506234/MNINonLinear/Results/tfMRI_EMOTION/tfMRI_EMOTION_hp200_s2_level2_MSMAll.feat/GrayordinatesStats/cope6.feat/weights1.dtseries.nii","506234","MNINonLinear//Results/tfMRI_EMOTION/tfMRI_EMOTION_hp200_s2_level2_MSMAll.feat/GrayordinatesStats/cope6.feat/weights1.dtseries.nii","vPwRCPvPnBSj7UUOb8TO5cSWoH8DD9j2"
"s3://hcp-openaccess/HCP_1200/506234/MNINonLinear/Results/tfMRI_EMOTION/tfMRI_EMOTION_hp200_s2_level2_MSMAll.feat/GrayordinatesStats/cope6.feat/zflame1lowertstat1.dtseries.nii","506234","MNINonLinear//Results/tfMRI_EMOTION/tfMRI_EMOTION_hp200_s2_level2_MSMAll.feat/GrayordinatesStats/cope6.feat/zflame1lowertstat1.dtseries.nii","Ek0l.p.YOu5uTbfWUpvyryRaU7lMIe.f"
"s3://hcp-openaccess/HCP_1200/506234/MNINonLinear/Results/tfMRI_EMOTION/tfMRI_EMOTION_hp200_s2_level2_MSMAll.feat/GrayordinatesStats/cope6.feat/zflame1uppertstat1.dtseries.nii","506234","MNINonLinear//Results/tfMRI_EMOTION/tfMRI_EMOTION_hp200_s2_level2_MSMAll.feat/GrayordinatesStats/cope6.feat/zflame1uppertstat1.dtseries.nii","cdtscaXQm2qbZSNFjxYe3JLdjin56LsS"
"s3://hcp-openaccess/HCP_1200/506234/MNINonLinear/Results/tfMRI_EMOTION/tfMRI_EMOTION_hp200_s2_level2_MSMAll.feat/GrayordinatesStats/cope6.feat/zstat1.dtseries.nii","506234","MNINonLinear//Results/tfMRI_EMOTION/tfMRI_EMOTION_hp200_s2_level2_MSMAll.feat/GrayordinatesStats/cope6.feat/zstat1.dtseries.nii","YCqeYtkMeRHiebD38f26II.iS_VDcSfK"
"s3://hcp-openaccess/HCP_1200/506234/MNINonLinear/Results/tfMRI_EMOTION/tfMRI_EMOTION_hp200_s2_level2_MSMAll.feat/design.con","506234","MNINonLinear//Results/tfMRI_EMOTION/tfMRI_EMOTION_hp200_s2_level2_MSMAll.feat/design.con","X7nFBIHTx4Jta5_t1bk_lu3bVa63bjRO"
"s3://hcp-openaccess/HCP_1200/506234/MNINonLinear/Results/tfMRI_EMOTION/tfMRI_EMOTION_hp200_s2_level2_MSMAll.feat/design.fsf","506234","MNINonLinear//Results/tfMRI_EMOTION/tfMRI_EMOTION_hp200_s2_level2_MSMAll.feat/design.fsf","HgLgKlGCqmXdQmCOt_3oAvPPsFG.ohX3"
"s3://hcp-openaccess/HCP_1200/506234/MNINonLinear/Results/tfMRI_EMOTION/tfMRI_EMOTION_hp200_s2_level2_MSMAll.feat/design.grp","506234","MNINonLinear//Results/tfMRI_EMOTION/tfMRI_EMOTION_hp200_s2_level2_MSMAll.feat/design.grp","9o09qh0wCE6u2J54IZ4yd8NVxCMXkemq"
"s3://hcp-openaccess/HCP_1200/506234/MNINonLinear/Results/tfMRI_EMOTION/tfMRI_EMOTION_hp200_s2_level2_MSMAll.feat/design.mat","506234","MNINonLinear//Results/tfMRI_EMOTION/tfMRI_EMOTION_hp200_s2_level2_MSMAll.feat/design.mat","CsJhcAUV.8KMyFcWjfyylr406x92H73U"
"s3://hcp-openaccess/HCP_1200/506234/MNINonLinear/Results/tfMRI_EMOTION/tfMRI_EMOTION_hp200_s2_level2_MSMAll.feat/design.png","506234","MNINonLinear//Results/tfMRI_EMOTION/tfMRI_EMOTION_hp200_s2_level2_MSMAll.feat/design.png","xxdxg05rYypLDjepCG25rZ1WSiPf7STz"
"s3://hcp-openaccess/HCP_1200/506234/MNINonLinear/Results/tfMRI_EMOTION/tfMRI_EMOTION_hp200_s2_level2_MSMAll.feat/design.ppm","506234","MNINonLinear//Results/tfMRI_EMOTION/tfMRI_EMOTION_hp200_s2_level2_MSMAll.feat/design.ppm","uQjRhnrf4dFKDUEGFk8CT2pASEsZX2dO"
"s3://hcp-openaccess/HCP_1200/506234/MNINonLinear/Results/tfMRI_EMOTION/tfMRI_EMOTION_hp200_s2_level2_MSMAll.feat/design_cov.png","506234","MNINonLinear//Results/tfMRI_EMOTION/tfMRI_EMOTION_hp200_s2_level2_MSMAll.feat/design_cov.png","OGjSFvZuvz_N0IKtjGgvOgxSyOlpNr3W"
"s3://hcp-openaccess/HCP_1200/506234/MNINonLinear/Results/tfMRI_EMOTION/tfMRI_EMOTION_hp200_s2_level2_MSMAll.feat/design_cov.ppm","506234","MNINonLinear//Results/tfMRI_EMOTION/tfMRI_EMOTION_hp200_s2_level2_MSMAll.feat/design_cov.ppm","d1racFM9wBGeAX8McaFWa863Nj72rwqZ"
"s3://hcp-openaccess/HCP_1200/506234/MNINonLinear/Results/tfMRI_EMOTION/tfMRI_EMOTION_hp200_s4_level2.feat/506234_tfMRI_EMOTION_level2_hp200_s4.dscalar.nii","506234","MNINonLinear//Results/tfMRI_EMOTION/tfMRI_EMOTION_hp200_s4_level2.feat/506234_tfMRI_EMOTION_level2_hp200_s4.dscalar.nii","ztXPUqhD6FQPq6Ut1H3tVkItWS9iKO7_"
"s3://hcp-openaccess/HCP_1200/506234/MNINonLinear/Results/tfMRI_EMOTION/tfMRI_EMOTION_hp200_s4_level2.feat/Contrasts.txt","506234","MNINonLinear//Results/tfMRI_EMOTION/tfMRI_EMOTION_hp200_s4_level2.feat/Contrasts.txt","Kcdi4CBoI3fKNAQ4sUGsfYOp2qpxiY0L"
"s3://hcp-openaccess/HCP_1200/506234/MNINonLinear/Results/tfMRI_EMOTION/tfMRI_EMOTION_hp200_s4_level2.feat/GrayordinatesStats/cope1.feat/cope1.dtseries.nii","506234","MNINonLinear//Results/tfMRI_EMOTION/tfMRI_EMOTION_hp200_s4_level2.feat/GrayordinatesStats/cope1.feat/cope1.dtseries.nii","f.axtKA.9GOZToi7qkfdTOWfnGBcHInb"
"s3://hcp-openaccess/HCP_1200/506234/MNINonLinear/Results/tfMRI_EMOTION/tfMRI_EMOTION_hp200_s4_level2.feat/GrayordinatesStats/cope1.feat/logfile","506234","MNINonLinear//Results/tfMRI_EMOTION/tfMRI_EMOTION_hp200_s4_level2.feat/GrayordinatesStats/cope1.feat/logfile","hN3KRlt5MtIeYCexYrNUaIRU.oX9l.hM"
"s3://hcp-openaccess/HCP_1200/506234/MNINonLinear/Results/tfMRI_EMOTION/tfMRI_EMOTION_hp200_s4_level2.feat/GrayordinatesStats/cope1.feat/mask.dtseries.nii","506234","MNINonLinear//Results/tfMRI_EMOTION/tfMRI_EMOTION_hp200_s4_level2.feat/GrayordinatesStats/cope1.feat/mask.dtseries.nii","Sxs3YsuDRub3dWuD6k2FRrN6_xlf6uiB"
"s3://hcp-openaccess/HCP_1200/506234/MNINonLinear/Results/tfMRI_EMOTION/tfMRI_EMOTION_hp200_s4_level2.feat/GrayordinatesStats/cope1.feat/mean_random_effects_var1.dtseries.nii","506234","MNINonLinear//Results/tfMRI_EMOTION/tfMRI_EMOTION_hp200_s4_level2.feat/GrayordinatesStats/cope1.feat/mean_random_effects_var1.dtseries.nii","uFazOym01HVgPh5lv2pvCS9zfHddPM3g"
"s3://hcp-openaccess/HCP_1200/506234/MNINonLinear/Results/tfMRI_EMOTION/tfMRI_EMOTION_hp200_s4_level2.feat/GrayordinatesStats/cope1.feat/pe1.dtseries.nii","506234","MNINonLinear//Results/tfMRI_EMOTION/tfMRI_EMOTION_hp200_s4_level2.feat/GrayordinatesStats/cope1.feat/pe1.dtseries.nii","D.mdi9_yMVDrWeI8XreH49q94Kvfgoz_"
"s3://hcp-openaccess/HCP_1200/506234/MNINonLinear/Results/tfMRI_EMOTION/tfMRI_EMOTION_hp200_s4_level2.feat/GrayordinatesStats/cope1.feat/res4d.dtseries.nii","506234","MNINonLinear//Results/tfMRI_EMOTION/tfMRI_EMOTION_hp200_s4_level2.feat/GrayordinatesStats/cope1.feat/res4d.dtseries.nii","qO1SAlY.VUEi22O3pd7DWnY2B65Mrseq"
"s3://hcp-openaccess/HCP_1200/506234/MNINonLinear/Results/tfMRI_EMOTION/tfMRI_EMOTION_hp200_s4_level2.feat/GrayordinatesStats/cope1.feat/tdof_t1.dtseries.nii","506234","MNINonLinear//Results/tfMRI_EMOTION/tfMRI_EMOTION_hp200_s4_level2.feat/GrayordinatesStats/cope1.feat/tdof_t1.dtseries.nii","0aIdpzmY0fJ82_YLbmyE5wFG97.YmB3q"
"s3://hcp-openaccess/HCP_1200/506234/MNINonLinear/Results/tfMRI_EMOTION/tfMRI_EMOTION_hp200_s4_level2.feat/GrayordinatesStats/cope1.feat/tstat1.dtseries.nii","506234","MNINonLinear//Results/tfMRI_EMOTION/tfMRI_EMOTION_hp200_s4_level2.feat/GrayordinatesStats/cope1.feat/tstat1.dtseries.nii",".diqhFImsLRx5X5oFkHhLwzttquybNbF"
"s3://hcp-openaccess/HCP_1200/506234/MNINonLinear/Results/tfMRI_EMOTION/tfMRI_EMOTION_hp200_s4_level2.feat/GrayordinatesStats/cope1.feat/varcope1.dtseries.nii","506234","MNINonLinear//Results/tfMRI_EMOTION/tfMRI_EMOTION_hp200_s4_level2.feat/GrayordinatesStats/cope1.feat/varcope1.dtseries.nii","X7.z4hxR84mJjsgWv_5Fz6VClti6pzRG"
"s3://hcp-openaccess/HCP_1200/506234/MNINonLinear/Results/tfMRI_EMOTION/tfMRI_EMOTION_hp200_s4_level2.feat/GrayordinatesStats/cope1.feat/weights1.dtseries.nii","506234","MNINonLinear//Results/tfMRI_EMOTION/tfMRI_EMOTION_hp200_s4_level2.feat/GrayordinatesStats/cope1.feat/weights1.dtseries.nii","GaBSrTrfchuTvMHoT83TQNQfyeAU5_SC"
"s3://hcp-openaccess/HCP_1200/506234/MNINonLinear/Results/tfMRI_EMOTION/tfMRI_EMOTION_hp200_s4_level2.feat/GrayordinatesStats/cope1.feat/zflame1lowertstat1.dtseries.nii","506234","MNINonLinear//Results/tfMRI_EMOTION/tfMRI_EMOTION_hp200_s4_level2.feat/GrayordinatesStats/cope1.feat/zflame1lowertstat1.dtseries.nii","plRNeZMWNQfLcNR_ALzIOC.bUg4_Rnc4"
"s3://hcp-openaccess/HCP_1200/506234/MNINonLinear/Results/tfMRI_EMOTION/tfMRI_EMOTION_hp200_s4_level2.feat/GrayordinatesStats/cope1.feat/zflame1uppertstat1.dtseries.nii","506234","MNINonLinear//Results/tfMRI_EMOTION/tfMRI_EMOTION_hp200_s4_level2.feat/GrayordinatesStats/cope1.feat/zflame1uppertstat1.dtseries.nii","EDoPOyHWGZl0ZJyuDnsqxY_G4roGQx9R"
"s3://hcp-openaccess/HCP_1200/506234/MNINonLinear/Results/tfMRI_EMOTION/tfMRI_EMOTION_hp200_s4_level2.feat/GrayordinatesStats/cope1.feat/zstat1.dtseries.nii","506234","MNINonLinear//Results/tfMRI_EMOTION/tfMRI_EMOTION_hp200_s4_level2.feat/GrayordinatesStats/cope1.feat/zstat1.dtseries.nii","xmYugIk6wVxblsIQd3iRyBQuEEqqLoIq"
"s3://hcp-openaccess/HCP_1200/506234/MNINonLinear/Results/tfMRI_EMOTION/tfMRI_EMOTION_hp200_s4_level2.feat/GrayordinatesStats/cope2.feat/cope1.dtseries.nii","506234","MNINonLinear//Results/tfMRI_EMOTION/tfMRI_EMOTION_hp200_s4_level2.feat/GrayordinatesStats/cope2.feat/cope1.dtseries.nii",".lgDACAclbNvQ3Ruk2cba_ZEv82HZH49"
"s3://hcp-openaccess/HCP_1200/506234/MNINonLinear/Results/tfMRI_EMOTION/tfMRI_EMOTION_hp200_s4_level2.feat/GrayordinatesStats/cope2.feat/logfile","506234","MNINonLinear//Results/tfMRI_EMOTION/tfMRI_EMOTION_hp200_s4_level2.feat/GrayordinatesStats/cope2.feat/logfile","fn6sabXZwY3xWKTLkGXpARlPrRkEBffo"
"s3://hcp-openaccess/HCP_1200/506234/MNINonLinear/Results/tfMRI_EMOTION/tfMRI_EMOTION_hp200_s4_level2.feat/GrayordinatesStats/cope2.feat/mask.dtseries.nii","506234","MNINonLinear//Results/tfMRI_EMOTION/tfMRI_EMOTION_hp200_s4_level2.feat/GrayordinatesStats/cope2.feat/mask.dtseries.nii","oihn6c5GL00s.YZFvUGOZvduN7GSb9Ig"
"s3://hcp-openaccess/HCP_1200/506234/MNINonLinear/Results/tfMRI_EMOTION/tfMRI_EMOTION_hp200_s4_level2.feat/GrayordinatesStats/cope2.feat/mean_random_effects_var1.dtseries.nii","506234","MNINonLinear//Results/tfMRI_EMOTION/tfMRI_EMOTION_hp200_s4_level2.feat/GrayordinatesStats/cope2.feat/mean_random_effects_var1.dtseries.nii","fGBZBuhsu6U3TE2DztNL4s9muvWXOWyR"
"s3://hcp-openaccess/HCP_1200/506234/MNINonLinear/Results/tfMRI_EMOTION/tfMRI_EMOTION_hp200_s4_level2.feat/GrayordinatesStats/cope2.feat/pe1.dtseries.nii","506234","MNINonLinear//Results/tfMRI_EMOTION/tfMRI_EMOTION_hp200_s4_level2.feat/GrayordinatesStats/cope2.feat/pe1.dtseries.nii","TgBkzIWvv.QYmie.BrxJ_qg7zKYZH4Be"
"s3://hcp-openaccess/HCP_1200/506234/MNINonLinear/Results/tfMRI_EMOTION/tfMRI_EMOTION_hp200_s4_level2.feat/GrayordinatesStats/cope2.feat/res4d.dtseries.nii","506234","MNINonLinear//Results/tfMRI_EMOTION/tfMRI_EMOTION_hp200_s4_level2.feat/GrayordinatesStats/cope2.feat/res4d.dtseries.nii","ixuRO2RCP1H3wd3KlYZnViZAKkMDkZB5"
"s3://hcp-openaccess/HCP_1200/506234/MNINonLinear/Results/tfMRI_EMOTION/tfMRI_EMOTION_hp200_s4_level2.feat/GrayordinatesStats/cope2.feat/tdof_t1.dtseries.nii","506234","MNINonLinear//Results/tfMRI_EMOTION/tfMRI_EMOTION_hp200_s4_level2.feat/GrayordinatesStats/cope2.feat/tdof_t1.dtseries.nii","IfSzcLYQnxW6gV1zRlDNH9mSFAnobcFF"
"s3://hcp-openaccess/HCP_1200/506234/MNINonLinear/Results/tfMRI_EMOTION/tfMRI_EMOTION_hp200_s4_level2.feat/GrayordinatesStats/cope2.feat/tstat1.dtseries.nii","506234","MNINonLinear//Results/tfMRI_EMOTION/tfMRI_EMOTION_hp200_s4_level2.feat/GrayordinatesStats/cope2.feat/tstat1.dtseries.nii","nWWcZPZr8P8_13_F61fGyoOoswxOR.4d"
"s3://hcp-openaccess/HCP_1200/506234/MNINonLinear/Results/tfMRI_EMOTION/tfMRI_EMOTION_hp200_s4_level2.feat/GrayordinatesStats/cope2.feat/varcope1.dtseries.nii","506234","MNINonLinear//Results/tfMRI_EMOTION/tfMRI_EMOTION_hp200_s4_level2.feat/GrayordinatesStats/cope2.feat/varcope1.dtseries.nii","Q3ezcFP0.MQByQr4y0iQkfLXHnWDcaYm"
"s3://hcp-openaccess/HCP_1200/506234/MNINonLinear/Results/tfMRI_EMOTION/tfMRI_EMOTION_hp200_s4_level2.feat/GrayordinatesStats/cope2.feat/weights1.dtseries.nii","506234","MNINonLinear//Results/tfMRI_EMOTION/tfMRI_EMOTION_hp200_s4_level2.feat/GrayordinatesStats/cope2.feat/weights1.dtseries.nii","7zDwZA.VROu8X4iufCgoeh6FI4wbKS2H"
"s3://hcp-openaccess/HCP_1200/506234/MNINonLinear/Results/tfMRI_EMOTION/tfMRI_EMOTION_hp200_s4_level2.feat/GrayordinatesStats/cope2.feat/zflame1lowertstat1.dtseries.nii","506234","MNINonLinear//Results/tfMRI_EMOTION/tfMRI_EMOTION_hp200_s4_level2.feat/GrayordinatesStats/cope2.feat/zflame1lowertstat1.dtseries.nii","pE50NTJqjSxymU6EVrWl7w09TJ2eZFP6"
"s3://hcp-openaccess/HCP_1200/506234/MNINonLinear/Results/tfMRI_EMOTION/tfMRI_EMOTION_hp200_s4_level2.feat/GrayordinatesStats/cope2.feat/zflame1uppertstat1.dtseries.nii","506234","MNINonLinear//Results/tfMRI_EMOTION/tfMRI_EMOTION_hp200_s4_level2.feat/GrayordinatesStats/cope2.feat/zflame1uppertstat1.dtseries.nii","5PpvUR4YBTXQ8RI1bZTOOhTfzSOAzB72"
"s3://hcp-openaccess/HCP_1200/506234/MNINonLinear/Results/tfMRI_EMOTION/tfMRI_EMOTION_hp200_s4_level2.feat/GrayordinatesStats/cope2.feat/zstat1.dtseries.nii","506234","MNINonLinear//Results/tfMRI_EMOTION/tfMRI_EMOTION_hp200_s4_level2.feat/GrayordinatesStats/cope2.feat/zstat1.dtseries.nii","UEvASzVApvizSm9L1DJA1IJsdj20qkns"
"s3://hcp-openaccess/HCP_1200/506234/MNINonLinear/Results/tfMRI_EMOTION/tfMRI_EMOTION_hp200_s4_level2.feat/GrayordinatesStats/cope3.feat/cope1.dtseries.nii","506234","MNINonLinear//Results/tfMRI_EMOTION/tfMRI_EMOTION_hp200_s4_level2.feat/GrayordinatesStats/cope3.feat/cope1.dtseries.nii","VILVpbaXcB5HpdcGMx5YneYPXW8aGF9j"
"s3://hcp-openaccess/HCP_1200/506234/MNINonLinear/Results/tfMRI_EMOTION/tfMRI_EMOTION_hp200_s4_level2.feat/GrayordinatesStats/cope3.feat/logfile","506234","MNINonLinear//Results/tfMRI_EMOTION/tfMRI_EMOTION_hp200_s4_level2.feat/GrayordinatesStats/cope3.feat/logfile","va82fG0Dn6ismAawSgcDINzuIPYVTGHE"
"s3://hcp-openaccess/HCP_1200/506234/MNINonLinear/Results/tfMRI_EMOTION/tfMRI_EMOTION_hp200_s4_level2.feat/GrayordinatesStats/cope3.feat/mask.dtseries.nii","506234","MNINonLinear//Results/tfMRI_EMOTION/tfMRI_EMOTION_hp200_s4_level2.feat/GrayordinatesStats/cope3.feat/mask.dtseries.nii","x0PkAdzpp0.6zYfUPio.IuruJkE8OnxK"
"s3://hcp-openaccess/HCP_1200/506234/MNINonLinear/Results/tfMRI_EMOTION/tfMRI_EMOTION_hp200_s4_level2.feat/GrayordinatesStats/cope3.feat/mean_random_effects_var1.dtseries.nii","506234","MNINonLinear//Results/tfMRI_EMOTION/tfMRI_EMOTION_hp200_s4_level2.feat/GrayordinatesStats/cope3.feat/mean_random_effects_var1.dtseries.nii","3tbn6TpDVxjgpBKZp8two6jZF9o6r17O"
"s3://hcp-openaccess/HCP_1200/506234/MNINonLinear/Results/tfMRI_EMOTION/tfMRI_EMOTION_hp200_s4_level2.feat/GrayordinatesStats/cope3.feat/pe1.dtseries.nii","506234","MNINonLinear//Results/tfMRI_EMOTION/tfMRI_EMOTION_hp200_s4_level2.feat/GrayordinatesStats/cope3.feat/pe1.dtseries.nii","6DMg99P9YE0VzROcCNynkoJVfMwY34or"
"s3://hcp-openaccess/HCP_1200/506234/MNINonLinear/Results/tfMRI_EMOTION/tfMRI_EMOTION_hp200_s4_level2.feat/GrayordinatesStats/cope3.feat/res4d.dtseries.nii","506234","MNINonLinear//Results/tfMRI_EMOTION/tfMRI_EMOTION_hp200_s4_level2.feat/GrayordinatesStats/cope3.feat/res4d.dtseries.nii","sCX6j1yB2o_skI2ZIYl1poeBd4beXw2k"
"s3://hcp-openaccess/HCP_1200/506234/MNINonLinear/Results/tfMRI_EMOTION/tfMRI_EMOTION_hp200_s4_level2.feat/GrayordinatesStats/cope3.feat/tdof_t1.dtseries.nii","506234","MNINonLinear//Results/tfMRI_EMOTION/tfMRI_EMOTION_hp200_s4_level2.feat/GrayordinatesStats/cope3.feat/tdof_t1.dtseries.nii","3NKjg3mCO9LJcC0V6O8bmBuiTAtMTTAd"
"s3://hcp-openaccess/HCP_1200/506234/MNINonLinear/Results/tfMRI_EMOTION/tfMRI_EMOTION_hp200_s4_level2.feat/GrayordinatesStats/cope3.feat/tstat1.dtseries.nii","506234","MNINonLinear//Results/tfMRI_EMOTION/tfMRI_EMOTION_hp200_s4_level2.feat/GrayordinatesStats/cope3.feat/tstat1.dtseries.nii",".NvjaVPgGyiLyGwfKr74My..v0fyVzm6"
"s3://hcp-openaccess/HCP_1200/506234/MNINonLinear/Results/tfMRI_EMOTION/tfMRI_EMOTION_hp200_s4_level2.feat/GrayordinatesStats/cope3.feat/varcope1.dtseries.nii","506234","MNINonLinear//Results/tfMRI_EMOTION/tfMRI_EMOTION_hp200_s4_level2.feat/GrayordinatesStats/cope3.feat/varcope1.dtseries.nii","uEqzTO1CuYdk5I6z8iigLA2604bs_zRy"
"s3://hcp-openaccess/HCP_1200/506234/MNINonLinear/Results/tfMRI_EMOTION/tfMRI_EMOTION_hp200_s4_level2.feat/GrayordinatesStats/cope3.feat/weights1.dtseries.nii","506234","MNINonLinear//Results/tfMRI_EMOTION/tfMRI_EMOTION_hp200_s4_level2.feat/GrayordinatesStats/cope3.feat/weights1.dtseries.nii","mGhqrG0MAgiTNlfD7zjAzN7cG54DIFg4"
"s3://hcp-openaccess/HCP_1200/506234/MNINonLinear/Results/tfMRI_EMOTION/tfMRI_EMOTION_hp200_s4_level2.feat/GrayordinatesStats/cope3.feat/zflame1lowertstat1.dtseries.nii","506234","MNINonLinear//Results/tfMRI_EMOTION/tfMRI_EMOTION_hp200_s4_level2.feat/GrayordinatesStats/cope3.feat/zflame1lowertstat1.dtseries.nii","Hk1s4Se81ghRxTLuryUDDxBRWDnnkkVg"
"s3://hcp-openaccess/HCP_1200/506234/MNINonLinear/Results/tfMRI_EMOTION/tfMRI_EMOTION_hp200_s4_level2.feat/GrayordinatesStats/cope3.feat/zflame1uppertstat1.dtseries.nii","506234","MNINonLinear//Results/tfMRI_EMOTION/tfMRI_EMOTION_hp200_s4_level2.feat/GrayordinatesStats/cope3.feat/zflame1uppertstat1.dtseries.nii","2F_UUT3ldFzhW__LTAIM5nlXFWJ4wxMg"
"s3://hcp-openaccess/HCP_1200/506234/MNINonLinear/Results/tfMRI_EMOTION/tfMRI_EMOTION_hp200_s4_level2.feat/GrayordinatesStats/cope3.feat/zstat1.dtseries.nii","506234","MNINonLinear//Results/tfMRI_EMOTION/tfMRI_EMOTION_hp200_s4_level2.feat/GrayordinatesStats/cope3.feat/zstat1.dtseries.nii","HJgZzMBqOPzwwnnxx79.cZwysHEpChkL"
"s3://hcp-openaccess/HCP_1200/506234/MNINonLinear/Results/tfMRI_EMOTION/tfMRI_EMOTION_hp200_s4_level2.feat/GrayordinatesStats/cope4.feat/cope1.dtseries.nii","506234","MNINonLinear//Results/tfMRI_EMOTION/tfMRI_EMOTION_hp200_s4_level2.feat/GrayordinatesStats/cope4.feat/cope1.dtseries.nii","ZumZ0tdtokdJPOgHjnkNGi0g8F9Cihyu"
"s3://hcp-openaccess/HCP_1200/506234/MNINonLinear/Results/tfMRI_EMOTION/tfMRI_EMOTION_hp200_s4_level2.feat/GrayordinatesStats/cope4.feat/logfile","506234","MNINonLinear//Results/tfMRI_EMOTION/tfMRI_EMOTION_hp200_s4_level2.feat/GrayordinatesStats/cope4.feat/logfile","WuvVqgEhW4aXYa1TT0F0qvubMBW.ntW5"
"s3://hcp-openaccess/HCP_1200/506234/MNINonLinear/Results/tfMRI_EMOTION/tfMRI_EMOTION_hp200_s4_level2.feat/GrayordinatesStats/cope4.feat/mask.dtseries.nii","506234","MNINonLinear//Results/tfMRI_EMOTION/tfMRI_EMOTION_hp200_s4_level2.feat/GrayordinatesStats/cope4.feat/mask.dtseries.nii","7O.iZAKoEPWydmefiNq_7LibVZ6CY6Pd"
"s3://hcp-openaccess/HCP_1200/506234/MNINonLinear/Results/tfMRI_EMOTION/tfMRI_EMOTION_hp200_s4_level2.feat/GrayordinatesStats/cope4.feat/mean_random_effects_var1.dtseries.nii","506234","MNINonLinear//Results/tfMRI_EMOTION/tfMRI_EMOTION_hp200_s4_level2.feat/GrayordinatesStats/cope4.feat/mean_random_effects_var1.dtseries.nii","sbddffztLt6LDoSf89iE24hvJPjFz5b1"
"s3://hcp-openaccess/HCP_1200/506234/MNINonLinear/Results/tfMRI_EMOTION/tfMRI_EMOTION_hp200_s4_level2.feat/GrayordinatesStats/cope4.feat/pe1.dtseries.nii","506234","MNINonLinear//Results/tfMRI_EMOTION/tfMRI_EMOTION_hp200_s4_level2.feat/GrayordinatesStats/cope4.feat/pe1.dtseries.nii","joq_LmFfJpQMbFV.K40_bexFOHnYz79N"
"s3://hcp-openaccess/HCP_1200/506234/MNINonLinear/Results/tfMRI_EMOTION/tfMRI_EMOTION_hp200_s4_level2.feat/GrayordinatesStats/cope4.feat/res4d.dtseries.nii","506234","MNINonLinear//Results/tfMRI_EMOTION/tfMRI_EMOTION_hp200_s4_level2.feat/GrayordinatesStats/cope4.feat/res4d.dtseries.nii","2fQk9LAfmzUWGNNMbGzEDkP69gDZtPf2"
"s3://hcp-openaccess/HCP_1200/506234/MNINonLinear/Results/tfMRI_EMOTION/tfMRI_EMOTION_hp200_s4_level2.feat/GrayordinatesStats/cope4.feat/tdof_t1.dtseries.nii","506234","MNINonLinear//Results/tfMRI_EMOTION/tfMRI_EMOTION_hp200_s4_level2.feat/GrayordinatesStats/cope4.feat/tdof_t1.dtseries.nii","WkLPPhLjO4Xtoq33TYZ.4gwHKvJ2QXFy"
"s3://hcp-openaccess/HCP_1200/506234/MNINonLinear/Results/tfMRI_EMOTION/tfMRI_EMOTION_hp200_s4_level2.feat/GrayordinatesStats/cope4.feat/tstat1.dtseries.nii","506234","MNINonLinear//Results/tfMRI_EMOTION/tfMRI_EMOTION_hp200_s4_level2.feat/GrayordinatesStats/cope4.feat/tstat1.dtseries.nii","HgbJbkIquiT9NzLyJxbxPBjmKtL.BCUP"
"s3://hcp-openaccess/HCP_1200/506234/MNINonLinear/Results/tfMRI_EMOTION/tfMRI_EMOTION_hp200_s4_level2.feat/GrayordinatesStats/cope4.feat/varcope1.dtseries.nii","506234","MNINonLinear//Results/tfMRI_EMOTION/tfMRI_EMOTION_hp200_s4_level2.feat/GrayordinatesStats/cope4.feat/varcope1.dtseries.nii","LaKFOmvpDqEoYdXLKI_1F1oWv57p6XyL"
"s3://hcp-openaccess/HCP_1200/506234/MNINonLinear/Results/tfMRI_EMOTION/tfMRI_EMOTION_hp200_s4_level2.feat/GrayordinatesStats/cope4.feat/weights1.dtseries.nii","506234","MNINonLinear//Results/tfMRI_EMOTION/tfMRI_EMOTION_hp200_s4_level2.feat/GrayordinatesStats/cope4.feat/weights1.dtseries.nii","5aMeGguWL_HdBw_GPaaKxV768apDyGQ0"
"s3://hcp-openaccess/HCP_1200/506234/MNINonLinear/Results/tfMRI_EMOTION/tfMRI_EMOTION_hp200_s4_level2.feat/GrayordinatesStats/cope4.feat/zflame1lowertstat1.dtseries.nii","506234","MNINonLinear//Results/tfMRI_EMOTION/tfMRI_EMOTION_hp200_s4_level2.feat/GrayordinatesStats/cope4.feat/zflame1lowertstat1.dtseries.nii","dFjDcYaZJGp0b1604ncdKDe8DR_1fL.L"
"s3://hcp-openaccess/HCP_1200/506234/MNINonLinear/Results/tfMRI_EMOTION/tfMRI_EMOTION_hp200_s4_level2.feat/GrayordinatesStats/cope4.feat/zflame1uppertstat1.dtseries.nii","506234","MNINonLinear//Results/tfMRI_EMOTION/tfMRI_EMOTION_hp200_s4_level2.feat/GrayordinatesStats/cope4.feat/zflame1uppertstat1.dtseries.nii","u1_U1oX3N4eKMIpZyOgecOhZjd1hlTjm"
"s3://hcp-openaccess/HCP_1200/506234/MNINonLinear/Results/tfMRI_EMOTION/tfMRI_EMOTION_hp200_s4_level2.feat/GrayordinatesStats/cope4.feat/zstat1.dtseries.nii","506234","MNINonLinear//Results/tfMRI_EMOTION/tfMRI_EMOTION_hp200_s4_level2.feat/GrayordinatesStats/cope4.feat/zstat1.dtseries.nii","zP0Z_zHDzM_LHnepxxei3x0PBLIISpWV"
"s3://hcp-openaccess/HCP_1200/506234/MNINonLinear/Results/tfMRI_EMOTION/tfMRI_EMOTION_hp200_s4_level2.feat/GrayordinatesStats/cope5.feat/cope1.dtseries.nii","506234","MNINonLinear//Results/tfMRI_EMOTION/tfMRI_EMOTION_hp200_s4_level2.feat/GrayordinatesStats/cope5.feat/cope1.dtseries.nii","ByPlzaUvXITWxM.7g1hx3UWdTKbVJQv6"
"s3://hcp-openaccess/HCP_1200/506234/MNINonLinear/Results/tfMRI_EMOTION/tfMRI_EMOTION_hp200_s4_level2.feat/GrayordinatesStats/cope5.feat/logfile","506234","MNINonLinear//Results/tfMRI_EMOTION/tfMRI_EMOTION_hp200_s4_level2.feat/GrayordinatesStats/cope5.feat/logfile","EsZyQUa3gs1bRM7DPrrpIH7xVG8wEd6J"
"s3://hcp-openaccess/HCP_1200/506234/MNINonLinear/Results/tfMRI_EMOTION/tfMRI_EMOTION_hp200_s4_level2.feat/GrayordinatesStats/cope5.feat/mask.dtseries.nii","506234","MNINonLinear//Results/tfMRI_EMOTION/tfMRI_EMOTION_hp200_s4_level2.feat/GrayordinatesStats/cope5.feat/mask.dtseries.nii","SpFZ0IObNjjlSPCG8Eg.Smi8s8fDQHKf"
"s3://hcp-openaccess/HCP_1200/506234/MNINonLinear/Results/tfMRI_EMOTION/tfMRI_EMOTION_hp200_s4_level2.feat/GrayordinatesStats/cope5.feat/mean_random_effects_var1.dtseries.nii","506234","MNINonLinear//Results/tfMRI_EMOTION/tfMRI_EMOTION_hp200_s4_level2.feat/GrayordinatesStats/cope5.feat/mean_random_effects_var1.dtseries.nii","JFSI34u.lwZdTqY0S7CYrLyjoZa_zLfE"
"s3://hcp-openaccess/HCP_1200/506234/MNINonLinear/Results/tfMRI_EMOTION/tfMRI_EMOTION_hp200_s4_level2.feat/GrayordinatesStats/cope5.feat/pe1.dtseries.nii","506234","MNINonLinear//Results/tfMRI_EMOTION/tfMRI_EMOTION_hp200_s4_level2.feat/GrayordinatesStats/cope5.feat/pe1.dtseries.nii","wW9lhKtgsoBbnygjUz0dQiNTG7PZcNnW"
"s3://hcp-openaccess/HCP_1200/506234/MNINonLinear/Results/tfMRI_EMOTION/tfMRI_EMOTION_hp200_s4_level2.feat/GrayordinatesStats/cope5.feat/res4d.dtseries.nii","506234","MNINonLinear//Results/tfMRI_EMOTION/tfMRI_EMOTION_hp200_s4_level2.feat/GrayordinatesStats/cope5.feat/res4d.dtseries.nii","Fi9zdBChkztwzX28sWqt2iXIBD8Lq42D"
"s3://hcp-openaccess/HCP_1200/506234/MNINonLinear/Results/tfMRI_EMOTION/tfMRI_EMOTION_hp200_s4_level2.feat/GrayordinatesStats/cope5.feat/tdof_t1.dtseries.nii","506234","MNINonLinear//Results/tfMRI_EMOTION/tfMRI_EMOTION_hp200_s4_level2.feat/GrayordinatesStats/cope5.feat/tdof_t1.dtseries.nii","DFeWtNP3Y9.z.e0bG1j2Lkf6LMqs1q7H"
"s3://hcp-openaccess/HCP_1200/506234/MNINonLinear/Results/tfMRI_EMOTION/tfMRI_EMOTION_hp200_s4_level2.feat/GrayordinatesStats/cope5.feat/tstat1.dtseries.nii","506234","MNINonLinear//Results/tfMRI_EMOTION/tfMRI_EMOTION_hp200_s4_level2.feat/GrayordinatesStats/cope5.feat/tstat1.dtseries.nii","l98UbMceqzbQV061yxoPnKg4E5LBUYyS"
"s3://hcp-openaccess/HCP_1200/506234/MNINonLinear/Results/tfMRI_EMOTION/tfMRI_EMOTION_hp200_s4_level2.feat/GrayordinatesStats/cope5.feat/varcope1.dtseries.nii","506234","MNINonLinear//Results/tfMRI_EMOTION/tfMRI_EMOTION_hp200_s4_level2.feat/GrayordinatesStats/cope5.feat/varcope1.dtseries.nii","6cFbRLHC2YeN.cCLGP9pzufE3Y.hafYV"
"s3://hcp-openaccess/HCP_1200/506234/MNINonLinear/Results/tfMRI_EMOTION/tfMRI_EMOTION_hp200_s4_level2.feat/GrayordinatesStats/cope5.feat/weights1.dtseries.nii","506234","MNINonLinear//Results/tfMRI_EMOTION/tfMRI_EMOTION_hp200_s4_level2.feat/GrayordinatesStats/cope5.feat/weights1.dtseries.nii","YS.BmgEfIx_fsinzWBZbzNIdr2BLpRgp"
"s3://hcp-openaccess/HCP_1200/506234/MNINonLinear/Results/tfMRI_EMOTION/tfMRI_EMOTION_hp200_s4_level2.feat/GrayordinatesStats/cope5.feat/zflame1lowertstat1.dtseries.nii","506234","MNINonLinear//Results/tfMRI_EMOTION/tfMRI_EMOTION_hp200_s4_level2.feat/GrayordinatesStats/cope5.feat/zflame1lowertstat1.dtseries.nii","ctwLWaCo86U__y0u_eciEygXHo0LzwOK"
"s3://hcp-openaccess/HCP_1200/506234/MNINonLinear/Results/tfMRI_EMOTION/tfMRI_EMOTION_hp200_s4_level2.feat/GrayordinatesStats/cope5.feat/zflame1uppertstat1.dtseries.nii","506234","MNINonLinear//Results/tfMRI_EMOTION/tfMRI_EMOTION_hp200_s4_level2.feat/GrayordinatesStats/cope5.feat/zflame1uppertstat1.dtseries.nii","2Rqjl2r1lEmBo9uz4dwZ4.bspN92DiYf"
"s3://hcp-openaccess/HCP_1200/506234/MNINonLinear/Results/tfMRI_EMOTION/tfMRI_EMOTION_hp200_s4_level2.feat/GrayordinatesStats/cope5.feat/zstat1.dtseries.nii","506234","MNINonLinear//Results/tfMRI_EMOTION/tfMRI_EMOTION_hp200_s4_level2.feat/GrayordinatesStats/cope5.feat/zstat1.dtseries.nii","z5aWqB8TjJaitELVlM6VwzxY7J6VqtSE"
"s3://hcp-openaccess/HCP_1200/506234/MNINonLinear/Results/tfMRI_EMOTION/tfMRI_EMOTION_hp200_s4_level2.feat/GrayordinatesStats/cope6.feat/cope1.dtseries.nii","506234","MNINonLinear//Results/tfMRI_EMOTION/tfMRI_EMOTION_hp200_s4_level2.feat/GrayordinatesStats/cope6.feat/cope1.dtseries.nii","zhwAkO399dDn7D_R0sxtBFAlyhql3LJO"
"s3://hcp-openaccess/HCP_1200/506234/MNINonLinear/Results/tfMRI_EMOTION/tfMRI_EMOTION_hp200_s4_level2.feat/GrayordinatesStats/cope6.feat/logfile","506234","MNINonLinear//Results/tfMRI_EMOTION/tfMRI_EMOTION_hp200_s4_level2.feat/GrayordinatesStats/cope6.feat/logfile","XmtF7hWpYkSm2tLBEGsl7znQH7ivjOUc"
"s3://hcp-openaccess/HCP_1200/506234/MNINonLinear/Results/tfMRI_EMOTION/tfMRI_EMOTION_hp200_s4_level2.feat/GrayordinatesStats/cope6.feat/mask.dtseries.nii","506234","MNINonLinear//Results/tfMRI_EMOTION/tfMRI_EMOTION_hp200_s4_level2.feat/GrayordinatesStats/cope6.feat/mask.dtseries.nii","eqU21SrYZyFer.JHvyn_C3cM0KyP5a19"
"s3://hcp-openaccess/HCP_1200/506234/MNINonLinear/Results/tfMRI_EMOTION/tfMRI_EMOTION_hp200_s4_level2.feat/GrayordinatesStats/cope6.feat/mean_random_effects_var1.dtseries.nii","506234","MNINonLinear//Results/tfMRI_EMOTION/tfMRI_EMOTION_hp200_s4_level2.feat/GrayordinatesStats/cope6.feat/mean_random_effects_var1.dtseries.nii","3S7KGyQq69_h.Gu7Ggk02Qf1Pyn5HGHk"
"s3://hcp-openaccess/HCP_1200/506234/MNINonLinear/Results/tfMRI_EMOTION/tfMRI_EMOTION_hp200_s4_level2.feat/GrayordinatesStats/cope6.feat/pe1.dtseries.nii","506234","MNINonLinear//Results/tfMRI_EMOTION/tfMRI_EMOTION_hp200_s4_level2.feat/GrayordinatesStats/cope6.feat/pe1.dtseries.nii","mHoSVBC6r8XeM.aheBCYuUWhTF8pZ2DT"
"s3://hcp-openaccess/HCP_1200/506234/MNINonLinear/Results/tfMRI_EMOTION/tfMRI_EMOTION_hp200_s4_level2.feat/GrayordinatesStats/cope6.feat/res4d.dtseries.nii","506234","MNINonLinear//Results/tfMRI_EMOTION/tfMRI_EMOTION_hp200_s4_level2.feat/GrayordinatesStats/cope6.feat/res4d.dtseries.nii","8k.v7aIzqsF7vMrqGZhIymPe7oMVTzii"
"s3://hcp-openaccess/HCP_1200/506234/MNINonLinear/Results/tfMRI_EMOTION/tfMRI_EMOTION_hp200_s4_level2.feat/GrayordinatesStats/cope6.feat/tdof_t1.dtseries.nii","506234","MNINonLinear//Results/tfMRI_EMOTION/tfMRI_EMOTION_hp200_s4_level2.feat/GrayordinatesStats/cope6.feat/tdof_t1.dtseries.nii","cs8K3Mie.yO6v2SEEqA58yxuJLA6I_98"
"s3://hcp-openaccess/HCP_1200/506234/MNINonLinear/Results/tfMRI_EMOTION/tfMRI_EMOTION_hp200_s4_level2.feat/GrayordinatesStats/cope6.feat/tstat1.dtseries.nii","506234","MNINonLinear//Results/tfMRI_EMOTION/tfMRI_EMOTION_hp200_s4_level2.feat/GrayordinatesStats/cope6.feat/tstat1.dtseries.nii","ZgpkxB6_cZeTKuBf8x8ghJnPZciRUFXO"
"s3://hcp-openaccess/HCP_1200/506234/MNINonLinear/Results/tfMRI_EMOTION/tfMRI_EMOTION_hp200_s4_level2.feat/GrayordinatesStats/cope6.feat/varcope1.dtseries.nii","506234","MNINonLinear//Results/tfMRI_EMOTION/tfMRI_EMOTION_hp200_s4_level2.feat/GrayordinatesStats/cope6.feat/varcope1.dtseries.nii","FvB.oE862IY7pbA7NgbfG3Nz7cmTuPRQ"
"s3://hcp-openaccess/HCP_1200/506234/MNINonLinear/Results/tfMRI_EMOTION/tfMRI_EMOTION_hp200_s4_level2.feat/GrayordinatesStats/cope6.feat/weights1.dtseries.nii","506234","MNINonLinear//Results/tfMRI_EMOTION/tfMRI_EMOTION_hp200_s4_level2.feat/GrayordinatesStats/cope6.feat/weights1.dtseries.nii","qgLG6YAjAiFI2PdP17X_AAkj8MjPsewZ"
"s3://hcp-openaccess/HCP_1200/506234/MNINonLinear/Results/tfMRI_EMOTION/tfMRI_EMOTION_hp200_s4_level2.feat/GrayordinatesStats/cope6.feat/zflame1lowertstat1.dtseries.nii","506234","MNINonLinear//Results/tfMRI_EMOTION/tfMRI_EMOTION_hp200_s4_level2.feat/GrayordinatesStats/cope6.feat/zflame1lowertstat1.dtseries.nii","jy3SktXywHq2G2fIgKlGk7MIFJyOwrBD"
"s3://hcp-openaccess/HCP_1200/506234/MNINonLinear/Results/tfMRI_EMOTION/tfMRI_EMOTION_hp200_s4_level2.feat/GrayordinatesStats/cope6.feat/zflame1uppertstat1.dtseries.nii","506234","MNINonLinear//Results/tfMRI_EMOTION/tfMRI_EMOTION_hp200_s4_level2.feat/GrayordinatesStats/cope6.feat/zflame1uppertstat1.dtseries.nii","t.k87CpOiZm0RijuhrbloOmpCRU5y9f1"
"s3://hcp-openaccess/HCP_1200/506234/MNINonLinear/Results/tfMRI_EMOTION/tfMRI_EMOTION_hp200_s4_level2.feat/GrayordinatesStats/cope6.feat/zstat1.dtseries.nii","506234","MNINonLinear//Results/tfMRI_EMOTION/tfMRI_EMOTION_hp200_s4_level2.feat/GrayordinatesStats/cope6.feat/zstat1.dtseries.nii","iqghWT02i1Wh5zL3vU0vQvIVLfvi.DK0"
"s3://hcp-openaccess/HCP_1200/506234/MNINonLinear/Results/tfMRI_EMOTION/tfMRI_EMOTION_hp200_s4_level2.feat/design.con","506234","MNINonLinear//Results/tfMRI_EMOTION/tfMRI_EMOTION_hp200_s4_level2.feat/design.con","QJ2p1sMjkPgzuyhRSKZQLNWQ32Yo9QvM"
"s3://hcp-openaccess/HCP_1200/506234/MNINonLinear/Results/tfMRI_EMOTION/tfMRI_EMOTION_hp200_s4_level2.feat/design.fsf","506234","MNINonLinear//Results/tfMRI_EMOTION/tfMRI_EMOTION_hp200_s4_level2.feat/design.fsf","XmLNkyIpkgEMasgx6UaWwgTrgC1QLiF9"
"s3://hcp-openaccess/HCP_1200/506234/MNINonLinear/Results/tfMRI_EMOTION/tfMRI_EMOTION_hp200_s4_level2.feat/design.grp","506234","MNINonLinear//Results/tfMRI_EMOTION/tfMRI_EMOTION_hp200_s4_level2.feat/design.grp","LN7xU1N.qBQ9govBxuQZkoaAbOwgkDLT"
"s3://hcp-openaccess/HCP_1200/506234/MNINonLinear/Results/tfMRI_EMOTION/tfMRI_EMOTION_hp200_s4_level2.feat/design.mat","506234","MNINonLinear//Results/tfMRI_EMOTION/tfMRI_EMOTION_hp200_s4_level2.feat/design.mat","IfrU2hSmmDsVzKy4ZpLRI3uw2N_sVKQo"
"s3://hcp-openaccess/HCP_1200/506234/MNINonLinear/Results/tfMRI_EMOTION/tfMRI_EMOTION_hp200_s4_level2.feat/design.png","506234","MNINonLinear//Results/tfMRI_EMOTION/tfMRI_EMOTION_hp200_s4_level2.feat/design.png","LhahvJH..7_UGj1NHkVNxq41ipzYRJER"
"s3://hcp-openaccess/HCP_1200/506234/MNINonLinear/Results/tfMRI_EMOTION/tfMRI_EMOTION_hp200_s4_level2.feat/design.ppm","506234","MNINonLinear//Results/tfMRI_EMOTION/tfMRI_EMOTION_hp200_s4_level2.feat/design.ppm","Hu1_hes8oGO7GSjWNdDRU9vq3t5QKKEy"
"s3://hcp-openaccess/HCP_1200/506234/MNINonLinear/Results/tfMRI_EMOTION/tfMRI_EMOTION_hp200_s4_level2.feat/design_cov.png","506234","MNINonLinear//Results/tfMRI_EMOTION/tfMRI_EMOTION_hp200_s4_level2.feat/design_cov.png","onyYOG377wpdl7o8ZJJc5cryeiioo7S_"
"s3://hcp-openaccess/HCP_1200/506234/MNINonLinear/Results/tfMRI_EMOTION/tfMRI_EMOTION_hp200_s4_level2.feat/design_cov.ppm","506234","MNINonLinear//Results/tfMRI_EMOTION/tfMRI_EMOTION_hp200_s4_level2.feat/design_cov.ppm","ffQkAMriXv2lAAWqhNY9HEKIapMmq4fw"
"s3://hcp-openaccess/HCP_1200/506234/MNINonLinear/Results/tfMRI_EMOTION/tfMRI_EMOTION_hp200_s4_level2.fsf","506234","MNINonLinear//Results/tfMRI_EMOTION/tfMRI_EMOTION_hp200_s4_level2.fsf","9e0_.q.lbnlFmxWawG3J8jigFNmuDZqB"
"s3://hcp-openaccess/HCP_1200/506234/MNINonLinear/Results/tfMRI_EMOTION/tfMRI_EMOTION_hp200_s4_level2_MSMAll.feat/506234_tfMRI_EMOTION_level2_hp200_s4_MSMAll.dscalar.nii","506234","MNINonLinear//Results/tfMRI_EMOTION/tfMRI_EMOTION_hp200_s4_level2_MSMAll.feat/506234_tfMRI_EMOTION_level2_hp200_s4_MSMAll.dscalar.nii","kp2F7CNm.kV.SClZU9iX9CCk2iESRxpw"
"s3://hcp-openaccess/HCP_1200/506234/MNINonLinear/Results/tfMRI_EMOTION/tfMRI_EMOTION_hp200_s4_level2_MSMAll.feat/Contrasts.txt","506234","MNINonLinear//Results/tfMRI_EMOTION/tfMRI_EMOTION_hp200_s4_level2_MSMAll.feat/Contrasts.txt","Vzv5szGv7qhiHmQaUv4Q1xIjrRJzigr2"
"s3://hcp-openaccess/HCP_1200/506234/MNINonLinear/Results/tfMRI_EMOTION/tfMRI_EMOTION_hp200_s4_level2_MSMAll.feat/GrayordinatesStats/cope1.feat/cope1.dtseries.nii","506234","MNINonLinear//Results/tfMRI_EMOTION/tfMRI_EMOTION_hp200_s4_level2_MSMAll.feat/GrayordinatesStats/cope1.feat/cope1.dtseries.nii","AVeLpIEHZqAinyWzK4SQDU34nPCdmtaT"
"s3://hcp-openaccess/HCP_1200/506234/MNINonLinear/Results/tfMRI_EMOTION/tfMRI_EMOTION_hp200_s4_level2_MSMAll.feat/GrayordinatesStats/cope1.feat/logfile","506234","MNINonLinear//Results/tfMRI_EMOTION/tfMRI_EMOTION_hp200_s4_level2_MSMAll.feat/GrayordinatesStats/cope1.feat/logfile","pOx3CSCatbnT8fw7dYUFiw_IudGu7jhd"
"s3://hcp-openaccess/HCP_1200/506234/MNINonLinear/Results/tfMRI_EMOTION/tfMRI_EMOTION_hp200_s4_level2_MSMAll.feat/GrayordinatesStats/cope1.feat/mask.dtseries.nii","506234","MNINonLinear//Results/tfMRI_EMOTION/tfMRI_EMOTION_hp200_s4_level2_MSMAll.feat/GrayordinatesStats/cope1.feat/mask.dtseries.nii","HEk9b46sC76BBQ1K6Qz4LfPmDKeKJnr7"
"s3://hcp-openaccess/HCP_1200/506234/MNINonLinear/Results/tfMRI_EMOTION/tfMRI_EMOTION_hp200_s4_level2_MSMAll.feat/GrayordinatesStats/cope1.feat/mean_random_effects_var1.dtseries.nii","506234","MNINonLinear//Results/tfMRI_EMOTION/tfMRI_EMOTION_hp200_s4_level2_MSMAll.feat/GrayordinatesStats/cope1.feat/mean_random_effects_var1.dtseries.nii","G602TTXOd4lb4b9tv95B7RvJV._cHgAi"
"s3://hcp-openaccess/HCP_1200/506234/MNINonLinear/Results/tfMRI_EMOTION/tfMRI_EMOTION_hp200_s4_level2_MSMAll.feat/GrayordinatesStats/cope1.feat/pe1.dtseries.nii","506234","MNINonLinear//Results/tfMRI_EMOTION/tfMRI_EMOTION_hp200_s4_level2_MSMAll.feat/GrayordinatesStats/cope1.feat/pe1.dtseries.nii","AOrcZ7T6KMI3invskkosSFmaUvzzynYq"
"s3://hcp-openaccess/HCP_1200/506234/MNINonLinear/Results/tfMRI_EMOTION/tfMRI_EMOTION_hp200_s4_level2_MSMAll.feat/GrayordinatesStats/cope1.feat/res4d.dtseries.nii","506234","MNINonLinear//Results/tfMRI_EMOTION/tfMRI_EMOTION_hp200_s4_level2_MSMAll.feat/GrayordinatesStats/cope1.feat/res4d.dtseries.nii","m.gbAiR.xALPXj_.Xde5amL.D1R0f8d."
"s3://hcp-openaccess/HCP_1200/506234/MNINonLinear/Results/tfMRI_EMOTION/tfMRI_EMOTION_hp200_s4_level2_MSMAll.feat/GrayordinatesStats/cope1.feat/tdof_t1.dtseries.nii","506234","MNINonLinear//Results/tfMRI_EMOTION/tfMRI_EMOTION_hp200_s4_level2_MSMAll.feat/GrayordinatesStats/cope1.feat/tdof_t1.dtseries.nii","tDWf6UUegj7bIou93hJ49nVBF1exdgJ7"
"s3://hcp-openaccess/HCP_1200/506234/MNINonLinear/Results/tfMRI_EMOTION/tfMRI_EMOTION_hp200_s4_level2_MSMAll.feat/GrayordinatesStats/cope1.feat/tstat1.dtseries.nii","506234","MNINonLinear//Results/tfMRI_EMOTION/tfMRI_EMOTION_hp200_s4_level2_MSMAll.feat/GrayordinatesStats/cope1.feat/tstat1.dtseries.nii","g7MYYdhEJBLLVztQHql3V4PloeukXcbS"
"s3://hcp-openaccess/HCP_1200/506234/MNINonLinear/Results/tfMRI_EMOTION/tfMRI_EMOTION_hp200_s4_level2_MSMAll.feat/GrayordinatesStats/cope1.feat/varcope1.dtseries.nii","506234","MNINonLinear//Results/tfMRI_EMOTION/tfMRI_EMOTION_hp200_s4_level2_MSMAll.feat/GrayordinatesStats/cope1.feat/varcope1.dtseries.nii","ZhXB3m5TNM89LWF917SC6htNAvvrSls8"
"s3://hcp-openaccess/HCP_1200/506234/MNINonLinear/Results/tfMRI_EMOTION/tfMRI_EMOTION_hp200_s4_level2_MSMAll.feat/GrayordinatesStats/cope1.feat/weights1.dtseries.nii","506234","MNINonLinear//Results/tfMRI_EMOTION/tfMRI_EMOTION_hp200_s4_level2_MSMAll.feat/GrayordinatesStats/cope1.feat/weights1.dtseries.nii","Cy07HgNKdrkyLPu.eHQznsXZsyMQXOUs"
"s3://hcp-openaccess/HCP_1200/506234/MNINonLinear/Results/tfMRI_EMOTION/tfMRI_EMOTION_hp200_s4_level2_MSMAll.feat/GrayordinatesStats/cope1.feat/zflame1lowertstat1.dtseries.nii","506234","MNINonLinear//Results/tfMRI_EMOTION/tfMRI_EMOTION_hp200_s4_level2_MSMAll.feat/GrayordinatesStats/cope1.feat/zflame1lowertstat1.dtseries.nii","wkfdwebq5A4GkE_WmtSRpyTyb7z.V_5F"
"s3://hcp-openaccess/HCP_1200/506234/MNINonLinear/Results/tfMRI_EMOTION/tfMRI_EMOTION_hp200_s4_level2_MSMAll.feat/GrayordinatesStats/cope1.feat/zflame1uppertstat1.dtseries.nii","506234","MNINonLinear//Results/tfMRI_EMOTION/tfMRI_EMOTION_hp200_s4_level2_MSMAll.feat/GrayordinatesStats/cope1.feat/zflame1uppertstat1.dtseries.nii","Ygmm4Ria.ePAU4BSLbiCbRTxdNrsfdlo"
"s3://hcp-openaccess/HCP_1200/506234/MNINonLinear/Results/tfMRI_EMOTION/tfMRI_EMOTION_hp200_s4_level2_MSMAll.feat/GrayordinatesStats/cope1.feat/zstat1.dtseries.nii","506234","MNINonLinear//Results/tfMRI_EMOTION/tfMRI_EMOTION_hp200_s4_level2_MSMAll.feat/GrayordinatesStats/cope1.feat/zstat1.dtseries.nii","5ypSCaDlwb_x2OeCzJEFswplyNt7zv7r"
"s3://hcp-openaccess/HCP_1200/506234/MNINonLinear/Results/tfMRI_EMOTION/tfMRI_EMOTION_hp200_s4_level2_MSMAll.feat/GrayordinatesStats/cope2.feat/cope1.dtseries.nii","506234","MNINonLinear//Results/tfMRI_EMOTION/tfMRI_EMOTION_hp200_s4_level2_MSMAll.feat/GrayordinatesStats/cope2.feat/cope1.dtseries.nii","_pIzKgmoelcbjgAgTw5Cqa0Vz.RUSWeV"
"s3://hcp-openaccess/HCP_1200/506234/MNINonLinear/Results/tfMRI_EMOTION/tfMRI_EMOTION_hp200_s4_level2_MSMAll.feat/GrayordinatesStats/cope2.feat/logfile","506234","MNINonLinear//Results/tfMRI_EMOTION/tfMRI_EMOTION_hp200_s4_level2_MSMAll.feat/GrayordinatesStats/cope2.feat/logfile","nNJGmV7Z0Tav.W.c.ZAYK3UFvE42MAL3"
"s3://hcp-openaccess/HCP_1200/506234/MNINonLinear/Results/tfMRI_EMOTION/tfMRI_EMOTION_hp200_s4_level2_MSMAll.feat/GrayordinatesStats/cope2.feat/mask.dtseries.nii","506234","MNINonLinear//Results/tfMRI_EMOTION/tfMRI_EMOTION_hp200_s4_level2_MSMAll.feat/GrayordinatesStats/cope2.feat/mask.dtseries.nii","3iUoIqlILJtcdePal4MLYb3kIZVChuWT"
"s3://hcp-openaccess/HCP_1200/506234/MNINonLinear/Results/tfMRI_EMOTION/tfMRI_EMOTION_hp200_s4_level2_MSMAll.feat/GrayordinatesStats/cope2.feat/mean_random_effects_var1.dtseries.nii","506234","MNINonLinear//Results/tfMRI_EMOTION/tfMRI_EMOTION_hp200_s4_level2_MSMAll.feat/GrayordinatesStats/cope2.feat/mean_random_effects_var1.dtseries.nii","iJMsBPGeP.HFRqF95RRHgrA2dG5snhRX"
"s3://hcp-openaccess/HCP_1200/506234/MNINonLinear/Results/tfMRI_EMOTION/tfMRI_EMOTION_hp200_s4_level2_MSMAll.feat/GrayordinatesStats/cope2.feat/pe1.dtseries.nii","506234","MNINonLinear//Results/tfMRI_EMOTION/tfMRI_EMOTION_hp200_s4_level2_MSMAll.feat/GrayordinatesStats/cope2.feat/pe1.dtseries.nii","gBhxopFwMBD4CBJA4O7kpvPiEgeyjp6q"
"s3://hcp-openaccess/HCP_1200/506234/MNINonLinear/Results/tfMRI_EMOTION/tfMRI_EMOTION_hp200_s4_level2_MSMAll.feat/GrayordinatesStats/cope2.feat/res4d.dtseries.nii","506234","MNINonLinear//Results/tfMRI_EMOTION/tfMRI_EMOTION_hp200_s4_level2_MSMAll.feat/GrayordinatesStats/cope2.feat/res4d.dtseries.nii","9WZ_En5l1DwB4fiKeTuL4KGt.h3PAIJ_"
"s3://hcp-openaccess/HCP_1200/506234/MNINonLinear/Results/tfMRI_EMOTION/tfMRI_EMOTION_hp200_s4_level2_MSMAll.feat/GrayordinatesStats/cope2.feat/tdof_t1.dtseries.nii","506234","MNINonLinear//Results/tfMRI_EMOTION/tfMRI_EMOTION_hp200_s4_level2_MSMAll.feat/GrayordinatesStats/cope2.feat/tdof_t1.dtseries.nii","B4.0i6pktvneTjgb6z.j9_SnfBg5i4Gp"
"s3://hcp-openaccess/HCP_1200/506234/MNINonLinear/Results/tfMRI_EMOTION/tfMRI_EMOTION_hp200_s4_level2_MSMAll.feat/GrayordinatesStats/cope2.feat/tstat1.dtseries.nii","506234","MNINonLinear//Results/tfMRI_EMOTION/tfMRI_EMOTION_hp200_s4_level2_MSMAll.feat/GrayordinatesStats/cope2.feat/tstat1.dtseries.nii","BkwFJV4vLJ0eltKlpzt56JvtK1MPDCfZ"
"s3://hcp-openaccess/HCP_1200/506234/MNINonLinear/Results/tfMRI_EMOTION/tfMRI_EMOTION_hp200_s4_level2_MSMAll.feat/GrayordinatesStats/cope2.feat/varcope1.dtseries.nii","506234","MNINonLinear//Results/tfMRI_EMOTION/tfMRI_EMOTION_hp200_s4_level2_MSMAll.feat/GrayordinatesStats/cope2.feat/varcope1.dtseries.nii","JGklWeiPdosxSIxvjG5v9O117jb0VHdv"
"s3://hcp-openaccess/HCP_1200/506234/MNINonLinear/Results/tfMRI_EMOTION/tfMRI_EMOTION_hp200_s4_level2_MSMAll.feat/GrayordinatesStats/cope2.feat/weights1.dtseries.nii","506234","MNINonLinear//Results/tfMRI_EMOTION/tfMRI_EMOTION_hp200_s4_level2_MSMAll.feat/GrayordinatesStats/cope2.feat/weights1.dtseries.nii","OIHjThSLUY_XUEMkAtkTBRlV5wfn_8eI"
"s3://hcp-openaccess/HCP_1200/506234/MNINonLinear/Results/tfMRI_EMOTION/tfMRI_EMOTION_hp200_s4_level2_MSMAll.feat/GrayordinatesStats/cope2.feat/zflame1lowertstat1.dtseries.nii","506234","MNINonLinear//Results/tfMRI_EMOTION/tfMRI_EMOTION_hp200_s4_level2_MSMAll.feat/GrayordinatesStats/cope2.feat/zflame1lowertstat1.dtseries.nii","wfq6m5728pq8PsQc.CHcpxNdhiyOLGyM"
"s3://hcp-openaccess/HCP_1200/506234/MNINonLinear/Results/tfMRI_EMOTION/tfMRI_EMOTION_hp200_s4_level2_MSMAll.feat/GrayordinatesStats/cope2.feat/zflame1uppertstat1.dtseries.nii","506234","MNINonLinear//Results/tfMRI_EMOTION/tfMRI_EMOTION_hp200_s4_level2_MSMAll.feat/GrayordinatesStats/cope2.feat/zflame1uppertstat1.dtseries.nii","4YP4SC0SnBtZ9HbZ1khAqO96CNMeJh1Y"
"s3://hcp-openaccess/HCP_1200/506234/MNINonLinear/Results/tfMRI_EMOTION/tfMRI_EMOTION_hp200_s4_level2_MSMAll.feat/GrayordinatesStats/cope2.feat/zstat1.dtseries.nii","506234","MNINonLinear//Results/tfMRI_EMOTION/tfMRI_EMOTION_hp200_s4_level2_MSMAll.feat/GrayordinatesStats/cope2.feat/zstat1.dtseries.nii","JxQpB6u.JVs4DSkAkcnIj6x_kEyGLPsi"
"s3://hcp-openaccess/HCP_1200/506234/MNINonLinear/Results/tfMRI_EMOTION/tfMRI_EMOTION_hp200_s4_level2_MSMAll.feat/GrayordinatesStats/cope3.feat/cope1.dtseries.nii","506234","MNINonLinear//Results/tfMRI_EMOTION/tfMRI_EMOTION_hp200_s4_level2_MSMAll.feat/GrayordinatesStats/cope3.feat/cope1.dtseries.nii","nRvNeSDVATSAQFKqJ9SKFu.ypt2zA1z7"
"s3://hcp-openaccess/HCP_1200/506234/MNINonLinear/Results/tfMRI_EMOTION/tfMRI_EMOTION_hp200_s4_level2_MSMAll.feat/GrayordinatesStats/cope3.feat/logfile","506234","MNINonLinear//Results/tfMRI_EMOTION/tfMRI_EMOTION_hp200_s4_level2_MSMAll.feat/GrayordinatesStats/cope3.feat/logfile","Gk6hsjFb0kBQSIWktSDg_.lgduVY23xD"
"s3://hcp-openaccess/HCP_1200/506234/MNINonLinear/Results/tfMRI_EMOTION/tfMRI_EMOTION_hp200_s4_level2_MSMAll.feat/GrayordinatesStats/cope3.feat/mask.dtseries.nii","506234","MNINonLinear//Results/tfMRI_EMOTION/tfMRI_EMOTION_hp200_s4_level2_MSMAll.feat/GrayordinatesStats/cope3.feat/mask.dtseries.nii","B6RmTCj29QcMISWO9MLunLPi_bWiO0qH"
"s3://hcp-openaccess/HCP_1200/506234/MNINonLinear/Results/tfMRI_EMOTION/tfMRI_EMOTION_hp200_s4_level2_MSMAll.feat/GrayordinatesStats/cope3.feat/mean_random_effects_var1.dtseries.nii","506234","MNINonLinear//Results/tfMRI_EMOTION/tfMRI_EMOTION_hp200_s4_level2_MSMAll.feat/GrayordinatesStats/cope3.feat/mean_random_effects_var1.dtseries.nii","vwlJpj0ge.62ucytD6MgF_pfCHVYYR7w"
"s3://hcp-openaccess/HCP_1200/506234/MNINonLinear/Results/tfMRI_EMOTION/tfMRI_EMOTION_hp200_s4_level2_MSMAll.feat/GrayordinatesStats/cope3.feat/pe1.dtseries.nii","506234","MNINonLinear//Results/tfMRI_EMOTION/tfMRI_EMOTION_hp200_s4_level2_MSMAll.feat/GrayordinatesStats/cope3.feat/pe1.dtseries.nii","yYNqVN8G.rgRobPPkFLlrCyiE6J4F4k1"
"s3://hcp-openaccess/HCP_1200/506234/MNINonLinear/Results/tfMRI_EMOTION/tfMRI_EMOTION_hp200_s4_level2_MSMAll.feat/GrayordinatesStats/cope3.feat/res4d.dtseries.nii","506234","MNINonLinear//Results/tfMRI_EMOTION/tfMRI_EMOTION_hp200_s4_level2_MSMAll.feat/GrayordinatesStats/cope3.feat/res4d.dtseries.nii","rkRMUUEdzBQDLzCdumcC6qyoCYYouBiP"
"s3://hcp-openaccess/HCP_1200/506234/MNINonLinear/Results/tfMRI_EMOTION/tfMRI_EMOTION_hp200_s4_level2_MSMAll.feat/GrayordinatesStats/cope3.feat/tdof_t1.dtseries.nii","506234","MNINonLinear//Results/tfMRI_EMOTION/tfMRI_EMOTION_hp200_s4_level2_MSMAll.feat/GrayordinatesStats/cope3.feat/tdof_t1.dtseries.nii","S6jZu1G9ziMh09dDMaGrALnJinu74ULR"
"s3://hcp-openaccess/HCP_1200/506234/MNINonLinear/Results/tfMRI_EMOTION/tfMRI_EMOTION_hp200_s4_level2_MSMAll.feat/GrayordinatesStats/cope3.feat/tstat1.dtseries.nii","506234","MNINonLinear//Results/tfMRI_EMOTION/tfMRI_EMOTION_hp200_s4_level2_MSMAll.feat/GrayordinatesStats/cope3.feat/tstat1.dtseries.nii","O6J5ZDRyr6kn1bg1gKhwFYD7MRJsJ6xa"
"s3://hcp-openaccess/HCP_1200/506234/MNINonLinear/Results/tfMRI_EMOTION/tfMRI_EMOTION_hp200_s4_level2_MSMAll.feat/GrayordinatesStats/cope3.feat/varcope1.dtseries.nii","506234","MNINonLinear//Results/tfMRI_EMOTION/tfMRI_EMOTION_hp200_s4_level2_MSMAll.feat/GrayordinatesStats/cope3.feat/varcope1.dtseries.nii","PBzC4PMtikZwPDPGqlwWupD2L.kGQbdG"
"s3://hcp-openaccess/HCP_1200/506234/MNINonLinear/Results/tfMRI_EMOTION/tfMRI_EMOTION_hp200_s4_level2_MSMAll.feat/GrayordinatesStats/cope3.feat/weights1.dtseries.nii","506234","MNINonLinear//Results/tfMRI_EMOTION/tfMRI_EMOTION_hp200_s4_level2_MSMAll.feat/GrayordinatesStats/cope3.feat/weights1.dtseries.nii","nbdmwYNEDgZw26jr.M1yGc_qVKyY6uQ3"
"s3://hcp-openaccess/HCP_1200/506234/MNINonLinear/Results/tfMRI_EMOTION/tfMRI_EMOTION_hp200_s4_level2_MSMAll.feat/GrayordinatesStats/cope3.feat/zflame1lowertstat1.dtseries.nii","506234","MNINonLinear//Results/tfMRI_EMOTION/tfMRI_EMOTION_hp200_s4_level2_MSMAll.feat/GrayordinatesStats/cope3.feat/zflame1lowertstat1.dtseries.nii","HuQMLModYEuKeOgX.wlIq.uucC1Qfxuz"
"s3://hcp-openaccess/HCP_1200/506234/MNINonLinear/Results/tfMRI_EMOTION/tfMRI_EMOTION_hp200_s4_level2_MSMAll.feat/GrayordinatesStats/cope3.feat/zflame1uppertstat1.dtseries.nii","506234","MNINonLinear//Results/tfMRI_EMOTION/tfMRI_EMOTION_hp200_s4_level2_MSMAll.feat/GrayordinatesStats/cope3.feat/zflame1uppertstat1.dtseries.nii","RTR.qV7Jja3MeLxfYurKlfDmB6CFTQpF"
"s3://hcp-openaccess/HCP_1200/506234/MNINonLinear/Results/tfMRI_EMOTION/tfMRI_EMOTION_hp200_s4_level2_MSMAll.feat/GrayordinatesStats/cope3.feat/zstat1.dtseries.nii","506234","MNINonLinear//Results/tfMRI_EMOTION/tfMRI_EMOTION_hp200_s4_level2_MSMAll.feat/GrayordinatesStats/cope3.feat/zstat1.dtseries.nii",".CHRJJxIkit0of7uPhcSNhpDGMbWLJpY"
"s3://hcp-openaccess/HCP_1200/506234/MNINonLinear/Results/tfMRI_EMOTION/tfMRI_EMOTION_hp200_s4_level2_MSMAll.feat/GrayordinatesStats/cope4.feat/cope1.dtseries.nii","506234","MNINonLinear//Results/tfMRI_EMOTION/tfMRI_EMOTION_hp200_s4_level2_MSMAll.feat/GrayordinatesStats/cope4.feat/cope1.dtseries.nii","pZEcGzHUESGPSDwABHlws.GkXoA1HAYi"
"s3://hcp-openaccess/HCP_1200/506234/MNINonLinear/Results/tfMRI_EMOTION/tfMRI_EMOTION_hp200_s4_level2_MSMAll.feat/GrayordinatesStats/cope4.feat/logfile","506234","MNINonLinear//Results/tfMRI_EMOTION/tfMRI_EMOTION_hp200_s4_level2_MSMAll.feat/GrayordinatesStats/cope4.feat/logfile","JOKPtWz.p9yL49tCwAAL38PXS9TmWXCW"
"s3://hcp-openaccess/HCP_1200/506234/MNINonLinear/Results/tfMRI_EMOTION/tfMRI_EMOTION_hp200_s4_level2_MSMAll.feat/GrayordinatesStats/cope4.feat/mask.dtseries.nii","506234","MNINonLinear//Results/tfMRI_EMOTION/tfMRI_EMOTION_hp200_s4_level2_MSMAll.feat/GrayordinatesStats/cope4.feat/mask.dtseries.nii","z0VFUMJQXTQKQMJY29fqmo2ldfeizUDM"
"s3://hcp-openaccess/HCP_1200/506234/MNINonLinear/Results/tfMRI_EMOTION/tfMRI_EMOTION_hp200_s4_level2_MSMAll.feat/GrayordinatesStats/cope4.feat/mean_random_effects_var1.dtseries.nii","506234","MNINonLinear//Results/tfMRI_EMOTION/tfMRI_EMOTION_hp200_s4_level2_MSMAll.feat/GrayordinatesStats/cope4.feat/mean_random_effects_var1.dtseries.nii",".AAaYLlLS_zUfL3uf0Oq_kt5pbxDw0t5"
"s3://hcp-openaccess/HCP_1200/506234/MNINonLinear/Results/tfMRI_EMOTION/tfMRI_EMOTION_hp200_s4_level2_MSMAll.feat/GrayordinatesStats/cope4.feat/pe1.dtseries.nii","506234","MNINonLinear//Results/tfMRI_EMOTION/tfMRI_EMOTION_hp200_s4_level2_MSMAll.feat/GrayordinatesStats/cope4.feat/pe1.dtseries.nii","_aIFwAcV._lfHCC7H47C49tb5d5pOcFS"
"s3://hcp-openaccess/HCP_1200/506234/MNINonLinear/Results/tfMRI_EMOTION/tfMRI_EMOTION_hp200_s4_level2_MSMAll.feat/GrayordinatesStats/cope4.feat/res4d.dtseries.nii","506234","MNINonLinear//Results/tfMRI_EMOTION/tfMRI_EMOTION_hp200_s4_level2_MSMAll.feat/GrayordinatesStats/cope4.feat/res4d.dtseries.nii","2bUdjGfbPZ6T8__swqe9MvurSj6xsh8j"
"s3://hcp-openaccess/HCP_1200/506234/MNINonLinear/Results/tfMRI_EMOTION/tfMRI_EMOTION_hp200_s4_level2_MSMAll.feat/GrayordinatesStats/cope4.feat/tdof_t1.dtseries.nii","506234","MNINonLinear//Results/tfMRI_EMOTION/tfMRI_EMOTION_hp200_s4_level2_MSMAll.feat/GrayordinatesStats/cope4.feat/tdof_t1.dtseries.nii","5DvSl4KebVYlwVAjDa3Ve6uPenAGJN_B"
"s3://hcp-openaccess/HCP_1200/506234/MNINonLinear/Results/tfMRI_EMOTION/tfMRI_EMOTION_hp200_s4_level2_MSMAll.feat/GrayordinatesStats/cope4.feat/tstat1.dtseries.nii","506234","MNINonLinear//Results/tfMRI_EMOTION/tfMRI_EMOTION_hp200_s4_level2_MSMAll.feat/GrayordinatesStats/cope4.feat/tstat1.dtseries.nii","3Y89eZZYCfFY3zBwAe.zNkdAlCdJe1J."
"s3://hcp-openaccess/HCP_1200/506234/MNINonLinear/Results/tfMRI_EMOTION/tfMRI_EMOTION_hp200_s4_level2_MSMAll.feat/GrayordinatesStats/cope4.feat/varcope1.dtseries.nii","506234","MNINonLinear//Results/tfMRI_EMOTION/tfMRI_EMOTION_hp200_s4_level2_MSMAll.feat/GrayordinatesStats/cope4.feat/varcope1.dtseries.nii","GwcvByu6McQV3hsc_XEKcMobM4IVcbxA"
"s3://hcp-openaccess/HCP_1200/506234/MNINonLinear/Results/tfMRI_EMOTION/tfMRI_EMOTION_hp200_s4_level2_MSMAll.feat/GrayordinatesStats/cope4.feat/weights1.dtseries.nii","506234","MNINonLinear//Results/tfMRI_EMOTION/tfMRI_EMOTION_hp200_s4_level2_MSMAll.feat/GrayordinatesStats/cope4.feat/weights1.dtseries.nii","U3kqHo82JiW7Bb7kggOLKgY8JP9GmaPc"
"s3://hcp-openaccess/HCP_1200/506234/MNINonLinear/Results/tfMRI_EMOTION/tfMRI_EMOTION_hp200_s4_level2_MSMAll.feat/GrayordinatesStats/cope4.feat/zflame1lowertstat1.dtseries.nii","506234","MNINonLinear//Results/tfMRI_EMOTION/tfMRI_EMOTION_hp200_s4_level2_MSMAll.feat/GrayordinatesStats/cope4.feat/zflame1lowertstat1.dtseries.nii","H478nscSoNssWBeY03vdhfn9Qut9pAGY"
"s3://hcp-openaccess/HCP_1200/506234/MNINonLinear/Results/tfMRI_EMOTION/tfMRI_EMOTION_hp200_s4_level2_MSMAll.feat/GrayordinatesStats/cope4.feat/zflame1uppertstat1.dtseries.nii","506234","MNINonLinear//Results/tfMRI_EMOTION/tfMRI_EMOTION_hp200_s4_level2_MSMAll.feat/GrayordinatesStats/cope4.feat/zflame1uppertstat1.dtseries.nii","cUM61A8gdLZ2hFlaNqIQsPAZE4Cp0Dr8"
"s3://hcp-openaccess/HCP_1200/506234/MNINonLinear/Results/tfMRI_EMOTION/tfMRI_EMOTION_hp200_s4_level2_MSMAll.feat/GrayordinatesStats/cope4.feat/zstat1.dtseries.nii","506234","MNINonLinear//Results/tfMRI_EMOTION/tfMRI_EMOTION_hp200_s4_level2_MSMAll.feat/GrayordinatesStats/cope4.feat/zstat1.dtseries.nii","eTcIhaR6NjsjRDJhb94B0ZS2.zZkGjIn"
"s3://hcp-openaccess/HCP_1200/506234/MNINonLinear/Results/tfMRI_EMOTION/tfMRI_EMOTION_hp200_s4_level2_MSMAll.feat/GrayordinatesStats/cope5.feat/cope1.dtseries.nii","506234","MNINonLinear//Results/tfMRI_EMOTION/tfMRI_EMOTION_hp200_s4_level2_MSMAll.feat/GrayordinatesStats/cope5.feat/cope1.dtseries.nii","XXwsGIipPDXDHrgab0FjAAjnZuzEllY3"
"s3://hcp-openaccess/HCP_1200/506234/MNINonLinear/Results/tfMRI_EMOTION/tfMRI_EMOTION_hp200_s4_level2_MSMAll.feat/GrayordinatesStats/cope5.feat/logfile","506234","MNINonLinear//Results/tfMRI_EMOTION/tfMRI_EMOTION_hp200_s4_level2_MSMAll.feat/GrayordinatesStats/cope5.feat/logfile","mA4PYYYStXgjarIzh88ZVYmD57z0iSSD"
"s3://hcp-openaccess/HCP_1200/506234/MNINonLinear/Results/tfMRI_EMOTION/tfMRI_EMOTION_hp200_s4_level2_MSMAll.feat/GrayordinatesStats/cope5.feat/mask.dtseries.nii","506234","MNINonLinear//Results/tfMRI_EMOTION/tfMRI_EMOTION_hp200_s4_level2_MSMAll.feat/GrayordinatesStats/cope5.feat/mask.dtseries.nii","TvpyNr1Pqwy7YiC5KJ7GniMWlYvQuYv4"
"s3://hcp-openaccess/HCP_1200/506234/MNINonLinear/Results/tfMRI_EMOTION/tfMRI_EMOTION_hp200_s4_level2_MSMAll.feat/GrayordinatesStats/cope5.feat/mean_random_effects_var1.dtseries.nii","506234","MNINonLinear//Results/tfMRI_EMOTION/tfMRI_EMOTION_hp200_s4_level2_MSMAll.feat/GrayordinatesStats/cope5.feat/mean_random_effects_var1.dtseries.nii","OqkTTM_g2qrY9PvQHHwwASGr95utDmfX"
"s3://hcp-openaccess/HCP_1200/506234/MNINonLinear/Results/tfMRI_EMOTION/tfMRI_EMOTION_hp200_s4_level2_MSMAll.feat/GrayordinatesStats/cope5.feat/pe1.dtseries.nii","506234","MNINonLinear//Results/tfMRI_EMOTION/tfMRI_EMOTION_hp200_s4_level2_MSMAll.feat/GrayordinatesStats/cope5.feat/pe1.dtseries.nii","1pvg.KWoctgklVHxrgdbwFNqTJfMZW1Y"
"s3://hcp-openaccess/HCP_1200/506234/MNINonLinear/Results/tfMRI_EMOTION/tfMRI_EMOTION_hp200_s4_level2_MSMAll.feat/GrayordinatesStats/cope5.feat/res4d.dtseries.nii","506234","MNINonLinear//Results/tfMRI_EMOTION/tfMRI_EMOTION_hp200_s4_level2_MSMAll.feat/GrayordinatesStats/cope5.feat/res4d.dtseries.nii","9FIEIOpZQtHNFT1wFQBb9Oi4AlaMiuum"
"s3://hcp-openaccess/HCP_1200/506234/MNINonLinear/Results/tfMRI_EMOTION/tfMRI_EMOTION_hp200_s4_level2_MSMAll.feat/GrayordinatesStats/cope5.feat/tdof_t1.dtseries.nii","506234","MNINonLinear//Results/tfMRI_EMOTION/tfMRI_EMOTION_hp200_s4_level2_MSMAll.feat/GrayordinatesStats/cope5.feat/tdof_t1.dtseries.nii","tMxL0dgrs1xQKAQ2.rzHZHVHNol3r8IJ"
"s3://hcp-openaccess/HCP_1200/506234/MNINonLinear/Results/tfMRI_EMOTION/tfMRI_EMOTION_hp200_s4_level2_MSMAll.feat/GrayordinatesStats/cope5.feat/tstat1.dtseries.nii","506234","MNINonLinear//Results/tfMRI_EMOTION/tfMRI_EMOTION_hp200_s4_level2_MSMAll.feat/GrayordinatesStats/cope5.feat/tstat1.dtseries.nii","Ew6lusBWzbge4SzMfle5VHEQeSv30xy4"
"s3://hcp-openaccess/HCP_1200/506234/MNINonLinear/Results/tfMRI_EMOTION/tfMRI_EMOTION_hp200_s4_level2_MSMAll.feat/GrayordinatesStats/cope5.feat/varcope1.dtseries.nii","506234","MNINonLinear//Results/tfMRI_EMOTION/tfMRI_EMOTION_hp200_s4_level2_MSMAll.feat/GrayordinatesStats/cope5.feat/varcope1.dtseries.nii","LMevHOpBmyOpzldT91_6Q0f9hamegrFR"
"s3://hcp-openaccess/HCP_1200/506234/MNINonLinear/Results/tfMRI_EMOTION/tfMRI_EMOTION_hp200_s4_level2_MSMAll.feat/GrayordinatesStats/cope5.feat/weights1.dtseries.nii","506234","MNINonLinear//Results/tfMRI_EMOTION/tfMRI_EMOTION_hp200_s4_level2_MSMAll.feat/GrayordinatesStats/cope5.feat/weights1.dtseries.nii","3K.MpwhebfEEtftfcwTw93eV0yHZ8APh"
"s3://hcp-openaccess/HCP_1200/506234/MNINonLinear/Results/tfMRI_EMOTION/tfMRI_EMOTION_hp200_s4_level2_MSMAll.feat/GrayordinatesStats/cope5.feat/zflame1lowertstat1.dtseries.nii","506234","MNINonLinear//Results/tfMRI_EMOTION/tfMRI_EMOTION_hp200_s4_level2_MSMAll.feat/GrayordinatesStats/cope5.feat/zflame1lowertstat1.dtseries.nii","fV_C0nGoeeQRxgeLEd5APnJdygA.3Hf8"
"s3://hcp-openaccess/HCP_1200/506234/MNINonLinear/Results/tfMRI_EMOTION/tfMRI_EMOTION_hp200_s4_level2_MSMAll.feat/GrayordinatesStats/cope5.feat/zflame1uppertstat1.dtseries.nii","506234","MNINonLinear//Results/tfMRI_EMOTION/tfMRI_EMOTION_hp200_s4_level2_MSMAll.feat/GrayordinatesStats/cope5.feat/zflame1uppertstat1.dtseries.nii","qg5D2gVOYmWaN0UAPQq8GrxbMb1zbFGH"
"s3://hcp-openaccess/HCP_1200/506234/MNINonLinear/Results/tfMRI_EMOTION/tfMRI_EMOTION_hp200_s4_level2_MSMAll.feat/GrayordinatesStats/cope5.feat/zstat1.dtseries.nii","506234","MNINonLinear//Results/tfMRI_EMOTION/tfMRI_EMOTION_hp200_s4_level2_MSMAll.feat/GrayordinatesStats/cope5.feat/zstat1.dtseries.nii","dBV4QyC0NYRrr6pLjEclEgZQxdQFyLmS"
"s3://hcp-openaccess/HCP_1200/506234/MNINonLinear/Results/tfMRI_EMOTION/tfMRI_EMOTION_hp200_s4_level2_MSMAll.feat/GrayordinatesStats/cope6.feat/cope1.dtseries.nii","506234","MNINonLinear//Results/tfMRI_EMOTION/tfMRI_EMOTION_hp200_s4_level2_MSMAll.feat/GrayordinatesStats/cope6.feat/cope1.dtseries.nii","TSz2Lsd5LY8c.msOFcH3KYJ1JqiNz4kL"
"s3://hcp-openaccess/HCP_1200/506234/MNINonLinear/Results/tfMRI_EMOTION/tfMRI_EMOTION_hp200_s4_level2_MSMAll.feat/GrayordinatesStats/cope6.feat/logfile","506234","MNINonLinear//Results/tfMRI_EMOTION/tfMRI_EMOTION_hp200_s4_level2_MSMAll.feat/GrayordinatesStats/cope6.feat/logfile","gMm5Jw50k05wEdZzUaDmJSLSeNWun9.W"
"s3://hcp-openaccess/HCP_1200/506234/MNINonLinear/Results/tfMRI_EMOTION/tfMRI_EMOTION_hp200_s4_level2_MSMAll.feat/GrayordinatesStats/cope6.feat/mask.dtseries.nii","506234","MNINonLinear//Results/tfMRI_EMOTION/tfMRI_EMOTION_hp200_s4_level2_MSMAll.feat/GrayordinatesStats/cope6.feat/mask.dtseries.nii","1vHDbB1A2zetIA1t2V.STQEdlWRnXD4O"
"s3://hcp-openaccess/HCP_1200/506234/MNINonLinear/Results/tfMRI_EMOTION/tfMRI_EMOTION_hp200_s4_level2_MSMAll.feat/GrayordinatesStats/cope6.feat/mean_random_effects_var1.dtseries.nii","506234","MNINonLinear//Results/tfMRI_EMOTION/tfMRI_EMOTION_hp200_s4_level2_MSMAll.feat/GrayordinatesStats/cope6.feat/mean_random_effects_var1.dtseries.nii","WwIyeoQ1Tf6S4DSXonHt8cPSMe7fyh6P"
"s3://hcp-openaccess/HCP_1200/506234/MNINonLinear/Results/tfMRI_EMOTION/tfMRI_EMOTION_hp200_s4_level2_MSMAll.feat/GrayordinatesStats/cope6.feat/pe1.dtseries.nii","506234","MNINonLinear//Results/tfMRI_EMOTION/tfMRI_EMOTION_hp200_s4_level2_MSMAll.feat/GrayordinatesStats/cope6.feat/pe1.dtseries.nii","kcd5YbpZoFdRnhI5V0lyIEsz2W5IKAwt"
"s3://hcp-openaccess/HCP_1200/506234/MNINonLinear/Results/tfMRI_EMOTION/tfMRI_EMOTION_hp200_s4_level2_MSMAll.feat/GrayordinatesStats/cope6.feat/res4d.dtseries.nii","506234","MNINonLinear//Results/tfMRI_EMOTION/tfMRI_EMOTION_hp200_s4_level2_MSMAll.feat/GrayordinatesStats/cope6.feat/res4d.dtseries.nii","XeFI5.Lh0iE3Fblms1Rz4vgpZB8Lo47c"
"s3://hcp-openaccess/HCP_1200/506234/MNINonLinear/Results/tfMRI_EMOTION/tfMRI_EMOTION_hp200_s4_level2_MSMAll.feat/GrayordinatesStats/cope6.feat/tdof_t1.dtseries.nii","506234","MNINonLinear//Results/tfMRI_EMOTION/tfMRI_EMOTION_hp200_s4_level2_MSMAll.feat/GrayordinatesStats/cope6.feat/tdof_t1.dtseries.nii","I3M1tOeXZi5Ol.21MLdtvnYXbj8jumYK"
"s3://hcp-openaccess/HCP_1200/506234/MNINonLinear/Results/tfMRI_EMOTION/tfMRI_EMOTION_hp200_s4_level2_MSMAll.feat/GrayordinatesStats/cope6.feat/tstat1.dtseries.nii","506234","MNINonLinear//Results/tfMRI_EMOTION/tfMRI_EMOTION_hp200_s4_level2_MSMAll.feat/GrayordinatesStats/cope6.feat/tstat1.dtseries.nii","aJVX9_LOEEV7bcEFzUrpSBIodL2w5Df3"
"s3://hcp-openaccess/HCP_1200/506234/MNINonLinear/Results/tfMRI_EMOTION/tfMRI_EMOTION_hp200_s4_level2_MSMAll.feat/GrayordinatesStats/cope6.feat/varcope1.dtseries.nii","506234","MNINonLinear//Results/tfMRI_EMOTION/tfMRI_EMOTION_hp200_s4_level2_MSMAll.feat/GrayordinatesStats/cope6.feat/varcope1.dtseries.nii","lLIzj2pJ8JgiCvmYOw.5JjbpvZXQS_o9"
"s3://hcp-openaccess/HCP_1200/506234/MNINonLinear/Results/tfMRI_EMOTION/tfMRI_EMOTION_hp200_s4_level2_MSMAll.feat/GrayordinatesStats/cope6.feat/weights1.dtseries.nii","506234","MNINonLinear//Results/tfMRI_EMOTION/tfMRI_EMOTION_hp200_s4_level2_MSMAll.feat/GrayordinatesStats/cope6.feat/weights1.dtseries.nii","JUZqVxrabvvLYJJnnRs5VszrD2OvjSZI"
"s3://hcp-openaccess/HCP_1200/506234/MNINonLinear/Results/tfMRI_EMOTION/tfMRI_EMOTION_hp200_s4_level2_MSMAll.feat/GrayordinatesStats/cope6.feat/zflame1lowertstat1.dtseries.nii","506234","MNINonLinear//Results/tfMRI_EMOTION/tfMRI_EMOTION_hp200_s4_level2_MSMAll.feat/GrayordinatesStats/cope6.feat/zflame1lowertstat1.dtseries.nii","nWCrggg5ymKl_cSeLXPl_VLvic_gsVEB"
"s3://hcp-openaccess/HCP_1200/506234/MNINonLinear/Results/tfMRI_EMOTION/tfMRI_EMOTION_hp200_s4_level2_MSMAll.feat/GrayordinatesStats/cope6.feat/zflame1uppertstat1.dtseries.nii","506234","MNINonLinear//Results/tfMRI_EMOTION/tfMRI_EMOTION_hp200_s4_level2_MSMAll.feat/GrayordinatesStats/cope6.feat/zflame1uppertstat1.dtseries.nii","ihn_i1zdAhn1XGD8jHVov_o_lVLHS.HT"
"s3://hcp-openaccess/HCP_1200/506234/MNINonLinear/Results/tfMRI_EMOTION/tfMRI_EMOTION_hp200_s4_level2_MSMAll.feat/GrayordinatesStats/cope6.feat/zstat1.dtseries.nii","506234","MNINonLinear//Results/tfMRI_EMOTION/tfMRI_EMOTION_hp200_s4_level2_MSMAll.feat/GrayordinatesStats/cope6.feat/zstat1.dtseries.nii","VLly3_NL57TC89lMA8tcRMvqTi1HQ6co"
"s3://hcp-openaccess/HCP_1200/506234/MNINonLinear/Results/tfMRI_EMOTION/tfMRI_EMOTION_hp200_s4_level2_MSMAll.feat/design.con","506234","MNINonLinear//Results/tfMRI_EMOTION/tfMRI_EMOTION_hp200_s4_level2_MSMAll.feat/design.con",".sXx0yFkiiFe0Ify7vDjtBHIHqG3rK54"
"s3://hcp-openaccess/HCP_1200/506234/MNINonLinear/Results/tfMRI_EMOTION/tfMRI_EMOTION_hp200_s4_level2_MSMAll.feat/design.fsf","506234","MNINonLinear//Results/tfMRI_EMOTION/tfMRI_EMOTION_hp200_s4_level2_MSMAll.feat/design.fsf","AY3Sl06Q3tylDSl6shJ8QE0ntqNwZ97f"
"s3://hcp-openaccess/HCP_1200/506234/MNINonLinear/Results/tfMRI_EMOTION/tfMRI_EMOTION_hp200_s4_level2_MSMAll.feat/design.grp","506234","MNINonLinear//Results/tfMRI_EMOTION/tfMRI_EMOTION_hp200_s4_level2_MSMAll.feat/design.grp","OHX22k7hrMFRlg5ZPbl2r9YCF52WEH7W"
"s3://hcp-openaccess/HCP_1200/506234/MNINonLinear/Results/tfMRI_EMOTION/tfMRI_EMOTION_hp200_s4_level2_MSMAll.feat/design.mat","506234","MNINonLinear//Results/tfMRI_EMOTION/tfMRI_EMOTION_hp200_s4_level2_MSMAll.feat/design.mat","Uhui7cCu1bjSKRhSBSI_yxosKmFWguBW"
"s3://hcp-openaccess/HCP_1200/506234/MNINonLinear/Results/tfMRI_EMOTION/tfMRI_EMOTION_hp200_s4_level2_MSMAll.feat/design.png","506234","MNINonLinear//Results/tfMRI_EMOTION/tfMRI_EMOTION_hp200_s4_level2_MSMAll.feat/design.png","ue5956F0vhMkfEIeWPTRXrSRTz6cLr5T"
"s3://hcp-openaccess/HCP_1200/506234/MNINonLinear/Results/tfMRI_EMOTION/tfMRI_EMOTION_hp200_s4_level2_MSMAll.feat/design.ppm","506234","MNINonLinear//Results/tfMRI_EMOTION/tfMRI_EMOTION_hp200_s4_level2_MSMAll.feat/design.ppm","HzOMbS6Y3Ko.ijbpszgJb4.e7s2ELq_I"
"s3://hcp-openaccess/HCP_1200/506234/MNINonLinear/Results/tfMRI_EMOTION/tfMRI_EMOTION_hp200_s4_level2_MSMAll.feat/design_cov.png","506234","MNINonLinear//Results/tfMRI_EMOTION/tfMRI_EMOTION_hp200_s4_level2_MSMAll.feat/design_cov.png","QDxODukP34Dp3BdVxGmKtYQJfD5wmdXJ"
"s3://hcp-openaccess/HCP_1200/506234/MNINonLinear/Results/tfMRI_EMOTION/tfMRI_EMOTION_hp200_s4_level2_MSMAll.feat/design_cov.ppm","506234","MNINonLinear//Results/tfMRI_EMOTION/tfMRI_EMOTION_hp200_s4_level2_MSMAll.feat/design_cov.ppm","8vTMR1RF9S5AErNA4k9.7csDlOKggGuG"
"s3://hcp-openaccess/HCP_1200/506234/MNINonLinear/Results/tfMRI_EMOTION/tfMRI_EMOTION_hp200_s8_level2.feat/506234_tfMRI_EMOTION_level2_hp200_s8.dscalar.nii","506234","MNINonLinear//Results/tfMRI_EMOTION/tfMRI_EMOTION_hp200_s8_level2.feat/506234_tfMRI_EMOTION_level2_hp200_s8.dscalar.nii","w0tCHzV8E6ry.8hIoWT56zxuHAw1zvTn"
"s3://hcp-openaccess/HCP_1200/506234/MNINonLinear/Results/tfMRI_EMOTION/tfMRI_EMOTION_hp200_s8_level2.feat/Contrasts.txt","506234","MNINonLinear//Results/tfMRI_EMOTION/tfMRI_EMOTION_hp200_s8_level2.feat/Contrasts.txt","t.T._fDgeTkMPt2Lrlhd0yp4uT70rHec"
"s3://hcp-openaccess/HCP_1200/506234/MNINonLinear/Results/tfMRI_EMOTION/tfMRI_EMOTION_hp200_s8_level2.feat/GrayordinatesStats/cope1.feat/cope1.dtseries.nii","506234","MNINonLinear//Results/tfMRI_EMOTION/tfMRI_EMOTION_hp200_s8_level2.feat/GrayordinatesStats/cope1.feat/cope1.dtseries.nii","k1DkaDtT0niLSD2zjzd.usirvFuoB7me"
"s3://hcp-openaccess/HCP_1200/506234/MNINonLinear/Results/tfMRI_EMOTION/tfMRI_EMOTION_hp200_s8_level2.feat/GrayordinatesStats/cope1.feat/logfile","506234","MNINonLinear//Results/tfMRI_EMOTION/tfMRI_EMOTION_hp200_s8_level2.feat/GrayordinatesStats/cope1.feat/logfile","gvYYIkkWPy0x425xru4XHY1UTXfk.VuZ"
"s3://hcp-openaccess/HCP_1200/506234/MNINonLinear/Results/tfMRI_EMOTION/tfMRI_EMOTION_hp200_s8_level2.feat/GrayordinatesStats/cope1.feat/mask.dtseries.nii","506234","MNINonLinear//Results/tfMRI_EMOTION/tfMRI_EMOTION_hp200_s8_level2.feat/GrayordinatesStats/cope1.feat/mask.dtseries.nii","LfSe5bYI.ipsFYT_CFZ8.I7.w_g7kuAk"
"s3://hcp-openaccess/HCP_1200/506234/MNINonLinear/Results/tfMRI_EMOTION/tfMRI_EMOTION_hp200_s8_level2.feat/GrayordinatesStats/cope1.feat/mean_random_effects_var1.dtseries.nii","506234","MNINonLinear//Results/tfMRI_EMOTION/tfMRI_EMOTION_hp200_s8_level2.feat/GrayordinatesStats/cope1.feat/mean_random_effects_var1.dtseries.nii","u3veBaKeZf5jrTFea7cUEPPjhcl5B5kb"
"s3://hcp-openaccess/HCP_1200/506234/MNINonLinear/Results/tfMRI_EMOTION/tfMRI_EMOTION_hp200_s8_level2.feat/GrayordinatesStats/cope1.feat/pe1.dtseries.nii","506234","MNINonLinear//Results/tfMRI_EMOTION/tfMRI_EMOTION_hp200_s8_level2.feat/GrayordinatesStats/cope1.feat/pe1.dtseries.nii","eNAKhfEjYYbWcIU1nm2QaULUz9leaYSl"
"s3://hcp-openaccess/HCP_1200/506234/MNINonLinear/Results/tfMRI_EMOTION/tfMRI_EMOTION_hp200_s8_level2.feat/GrayordinatesStats/cope1.feat/res4d.dtseries.nii","506234","MNINonLinear//Results/tfMRI_EMOTION/tfMRI_EMOTION_hp200_s8_level2.feat/GrayordinatesStats/cope1.feat/res4d.dtseries.nii","WS1p58PL8zAfohRti8vfdOSaoj6j08S3"
"s3://hcp-openaccess/HCP_1200/506234/MNINonLinear/Results/tfMRI_EMOTION/tfMRI_EMOTION_hp200_s8_level2.feat/GrayordinatesStats/cope1.feat/tdof_t1.dtseries.nii","506234","MNINonLinear//Results/tfMRI_EMOTION/tfMRI_EMOTION_hp200_s8_level2.feat/GrayordinatesStats/cope1.feat/tdof_t1.dtseries.nii","i4N0UHNe4mth28hmeIdHIO6wD2YYpZMd"
"s3://hcp-openaccess/HCP_1200/506234/MNINonLinear/Results/tfMRI_EMOTION/tfMRI_EMOTION_hp200_s8_level2.feat/GrayordinatesStats/cope1.feat/tstat1.dtseries.nii","506234","MNINonLinear//Results/tfMRI_EMOTION/tfMRI_EMOTION_hp200_s8_level2.feat/GrayordinatesStats/cope1.feat/tstat1.dtseries.nii","erj0bt868m8J3ajBACh1c8kn02MVbWOt"
"s3://hcp-openaccess/HCP_1200/506234/MNINonLinear/Results/tfMRI_EMOTION/tfMRI_EMOTION_hp200_s8_level2.feat/GrayordinatesStats/cope1.feat/varcope1.dtseries.nii","506234","MNINonLinear//Results/tfMRI_EMOTION/tfMRI_EMOTION_hp200_s8_level2.feat/GrayordinatesStats/cope1.feat/varcope1.dtseries.nii","KHaiE1YYz4wrPANcBYEPgrXq6xGxlaQj"
"s3://hcp-openaccess/HCP_1200/506234/MNINonLinear/Results/tfMRI_EMOTION/tfMRI_EMOTION_hp200_s8_level2.feat/GrayordinatesStats/cope1.feat/weights1.dtseries.nii","506234","MNINonLinear//Results/tfMRI_EMOTION/tfMRI_EMOTION_hp200_s8_level2.feat/GrayordinatesStats/cope1.feat/weights1.dtseries.nii","2rKE5JE3v0E84Fj4Vcvd3FuffIuIzI8R"
"s3://hcp-openaccess/HCP_1200/506234/MNINonLinear/Results/tfMRI_EMOTION/tfMRI_EMOTION_hp200_s8_level2.feat/GrayordinatesStats/cope1.feat/zflame1lowertstat1.dtseries.nii","506234","MNINonLinear//Results/tfMRI_EMOTION/tfMRI_EMOTION_hp200_s8_level2.feat/GrayordinatesStats/cope1.feat/zflame1lowertstat1.dtseries.nii","EGsfHWvZqtxEic6mwa9HvFLxU1iaJ6PV"
"s3://hcp-openaccess/HCP_1200/506234/MNINonLinear/Results/tfMRI_EMOTION/tfMRI_EMOTION_hp200_s8_level2.feat/GrayordinatesStats/cope1.feat/zflame1uppertstat1.dtseries.nii","506234","MNINonLinear//Results/tfMRI_EMOTION/tfMRI_EMOTION_hp200_s8_level2.feat/GrayordinatesStats/cope1.feat/zflame1uppertstat1.dtseries.nii","sDFLynaN7aaM0BZHp5gwJY184PuyDjXo"
"s3://hcp-openaccess/HCP_1200/506234/MNINonLinear/Results/tfMRI_EMOTION/tfMRI_EMOTION_hp200_s8_level2.feat/GrayordinatesStats/cope1.feat/zstat1.dtseries.nii","506234","MNINonLinear//Results/tfMRI_EMOTION/tfMRI_EMOTION_hp200_s8_level2.feat/GrayordinatesStats/cope1.feat/zstat1.dtseries.nii","Hj7AJRfft1bAka91m9E9wS2uCroEJweB"
"s3://hcp-openaccess/HCP_1200/506234/MNINonLinear/Results/tfMRI_EMOTION/tfMRI_EMOTION_hp200_s8_level2.feat/GrayordinatesStats/cope2.feat/cope1.dtseries.nii","506234","MNINonLinear//Results/tfMRI_EMOTION/tfMRI_EMOTION_hp200_s8_level2.feat/GrayordinatesStats/cope2.feat/cope1.dtseries.nii","Ji2dOqhHyg64QpkdxwM1o004sv1EjsvM"
"s3://hcp-openaccess/HCP_1200/506234/MNINonLinear/Results/tfMRI_EMOTION/tfMRI_EMOTION_hp200_s8_level2.feat/GrayordinatesStats/cope2.feat/logfile","506234","MNINonLinear//Results/tfMRI_EMOTION/tfMRI_EMOTION_hp200_s8_level2.feat/GrayordinatesStats/cope2.feat/logfile","pMr6oZwVC_Uny12B7lZ.qrR2yH5bxUoL"
"s3://hcp-openaccess/HCP_1200/506234/MNINonLinear/Results/tfMRI_EMOTION/tfMRI_EMOTION_hp200_s8_level2.feat/GrayordinatesStats/cope2.feat/mask.dtseries.nii","506234","MNINonLinear//Results/tfMRI_EMOTION/tfMRI_EMOTION_hp200_s8_level2.feat/GrayordinatesStats/cope2.feat/mask.dtseries.nii","14i9eqkyCthvv3RkDzmJklATQu1sSPCQ"
"s3://hcp-openaccess/HCP_1200/506234/MNINonLinear/Results/tfMRI_EMOTION/tfMRI_EMOTION_hp200_s8_level2.feat/GrayordinatesStats/cope2.feat/mean_random_effects_var1.dtseries.nii","506234","MNINonLinear//Results/tfMRI_EMOTION/tfMRI_EMOTION_hp200_s8_level2.feat/GrayordinatesStats/cope2.feat/mean_random_effects_var1.dtseries.nii","0j7lPW8CmSMnJIh7lS1brwtLI0rgpsb9"
"s3://hcp-openaccess/HCP_1200/506234/MNINonLinear/Results/tfMRI_EMOTION/tfMRI_EMOTION_hp200_s8_level2.feat/GrayordinatesStats/cope2.feat/pe1.dtseries.nii","506234","MNINonLinear//Results/tfMRI_EMOTION/tfMRI_EMOTION_hp200_s8_level2.feat/GrayordinatesStats/cope2.feat/pe1.dtseries.nii","UuV9996OCwPTuXPdDT80DebSmGIiGPPM"
"s3://hcp-openaccess/HCP_1200/506234/MNINonLinear/Results/tfMRI_EMOTION/tfMRI_EMOTION_hp200_s8_level2.feat/GrayordinatesStats/cope2.feat/res4d.dtseries.nii","506234","MNINonLinear//Results/tfMRI_EMOTION/tfMRI_EMOTION_hp200_s8_level2.feat/GrayordinatesStats/cope2.feat/res4d.dtseries.nii","Wi0Ho3ZUCwpLz9Tob5F2pK4smsMiD8g7"
"s3://hcp-openaccess/HCP_1200/506234/MNINonLinear/Results/tfMRI_EMOTION/tfMRI_EMOTION_hp200_s8_level2.feat/GrayordinatesStats/cope2.feat/tdof_t1.dtseries.nii","506234","MNINonLinear//Results/tfMRI_EMOTION/tfMRI_EMOTION_hp200_s8_level2.feat/GrayordinatesStats/cope2.feat/tdof_t1.dtseries.nii","SvjzI5ykYJ6UTgjK2XHtSPUtiXnJWI7x"
"s3://hcp-openaccess/HCP_1200/506234/MNINonLinear/Results/tfMRI_EMOTION/tfMRI_EMOTION_hp200_s8_level2.feat/GrayordinatesStats/cope2.feat/tstat1.dtseries.nii","506234","MNINonLinear//Results/tfMRI_EMOTION/tfMRI_EMOTION_hp200_s8_level2.feat/GrayordinatesStats/cope2.feat/tstat1.dtseries.nii","DpGG.p2xMt6fjYk._yRB2B9JBEXULJRm"
"s3://hcp-openaccess/HCP_1200/506234/MNINonLinear/Results/tfMRI_EMOTION/tfMRI_EMOTION_hp200_s8_level2.feat/GrayordinatesStats/cope2.feat/varcope1.dtseries.nii","506234","MNINonLinear//Results/tfMRI_EMOTION/tfMRI_EMOTION_hp200_s8_level2.feat/GrayordinatesStats/cope2.feat/varcope1.dtseries.nii","iSVLWrl_7a50AqnmSRLftv3.OycMRZnp"
"s3://hcp-openaccess/HCP_1200/506234/MNINonLinear/Results/tfMRI_EMOTION/tfMRI_EMOTION_hp200_s8_level2.feat/GrayordinatesStats/cope2.feat/weights1.dtseries.nii","506234","MNINonLinear//Results/tfMRI_EMOTION/tfMRI_EMOTION_hp200_s8_level2.feat/GrayordinatesStats/cope2.feat/weights1.dtseries.nii","00ian.7XiYLbwcYs_Tfa_GuSsW3yrSxP"
"s3://hcp-openaccess/HCP_1200/506234/MNINonLinear/Results/tfMRI_EMOTION/tfMRI_EMOTION_hp200_s8_level2.feat/GrayordinatesStats/cope2.feat/zflame1lowertstat1.dtseries.nii","506234","MNINonLinear//Results/tfMRI_EMOTION/tfMRI_EMOTION_hp200_s8_level2.feat/GrayordinatesStats/cope2.feat/zflame1lowertstat1.dtseries.nii","tHo1lPUAAuEaqlJUzedYgQr.n1Zpb8HK"
"s3://hcp-openaccess/HCP_1200/506234/MNINonLinear/Results/tfMRI_EMOTION/tfMRI_EMOTION_hp200_s8_level2.feat/GrayordinatesStats/cope2.feat/zflame1uppertstat1.dtseries.nii","506234","MNINonLinear//Results/tfMRI_EMOTION/tfMRI_EMOTION_hp200_s8_level2.feat/GrayordinatesStats/cope2.feat/zflame1uppertstat1.dtseries.nii","JRlE2ebWTnGfqgDfN5a9wqVMA2v620ve"
"s3://hcp-openaccess/HCP_1200/506234/MNINonLinear/Results/tfMRI_EMOTION/tfMRI_EMOTION_hp200_s8_level2.feat/GrayordinatesStats/cope2.feat/zstat1.dtseries.nii","506234","MNINonLinear//Results/tfMRI_EMOTION/tfMRI_EMOTION_hp200_s8_level2.feat/GrayordinatesStats/cope2.feat/zstat1.dtseries.nii","saDx9l.olJpvsEve2nBC8Cbrn_u6uC75"
"s3://hcp-openaccess/HCP_1200/506234/MNINonLinear/Results/tfMRI_EMOTION/tfMRI_EMOTION_hp200_s8_level2.feat/GrayordinatesStats/cope3.feat/cope1.dtseries.nii","506234","MNINonLinear//Results/tfMRI_EMOTION/tfMRI_EMOTION_hp200_s8_level2.feat/GrayordinatesStats/cope3.feat/cope1.dtseries.nii","v3a2H0DeMqnh9DfeVKOQ7_vV7TKahTBo"
"s3://hcp-openaccess/HCP_1200/506234/MNINonLinear/Results/tfMRI_EMOTION/tfMRI_EMOTION_hp200_s8_level2.feat/GrayordinatesStats/cope3.feat/logfile","506234","MNINonLinear//Results/tfMRI_EMOTION/tfMRI_EMOTION_hp200_s8_level2.feat/GrayordinatesStats/cope3.feat/logfile","6Sl7J2bGW0t0vnmIYyjDmDLPR.ggfMlS"
"s3://hcp-openaccess/HCP_1200/506234/MNINonLinear/Results/tfMRI_EMOTION/tfMRI_EMOTION_hp200_s8_level2.feat/GrayordinatesStats/cope3.feat/mask.dtseries.nii","506234","MNINonLinear//Results/tfMRI_EMOTION/tfMRI_EMOTION_hp200_s8_level2.feat/GrayordinatesStats/cope3.feat/mask.dtseries.nii","FYQzOK0sdOb9IARGyTdEsPT.r80blTJP"
"s3://hcp-openaccess/HCP_1200/506234/MNINonLinear/Results/tfMRI_EMOTION/tfMRI_EMOTION_hp200_s8_level2.feat/GrayordinatesStats/cope3.feat/mean_random_effects_var1.dtseries.nii","506234","MNINonLinear//Results/tfMRI_EMOTION/tfMRI_EMOTION_hp200_s8_level2.feat/GrayordinatesStats/cope3.feat/mean_random_effects_var1.dtseries.nii","NUL9cHeDJ0121G2vRMaJVXQy1zv0Jjm9"
"s3://hcp-openaccess/HCP_1200/506234/MNINonLinear/Results/tfMRI_EMOTION/tfMRI_EMOTION_hp200_s8_level2.feat/GrayordinatesStats/cope3.feat/pe1.dtseries.nii","506234","MNINonLinear//Results/tfMRI_EMOTION/tfMRI_EMOTION_hp200_s8_level2.feat/GrayordinatesStats/cope3.feat/pe1.dtseries.nii","o1Jlhfpy9ZIEJCRD99XWVc2PLgxVryyp"
"s3://hcp-openaccess/HCP_1200/506234/MNINonLinear/Results/tfMRI_EMOTION/tfMRI_EMOTION_hp200_s8_level2.feat/GrayordinatesStats/cope3.feat/res4d.dtseries.nii","506234","MNINonLinear//Results/tfMRI_EMOTION/tfMRI_EMOTION_hp200_s8_level2.feat/GrayordinatesStats/cope3.feat/res4d.dtseries.nii","kDEVPtIbckV9ljiR6G3Cokxh9oOvDOtT"
"s3://hcp-openaccess/HCP_1200/506234/MNINonLinear/Results/tfMRI_EMOTION/tfMRI_EMOTION_hp200_s8_level2.feat/GrayordinatesStats/cope3.feat/tdof_t1.dtseries.nii","506234","MNINonLinear//Results/tfMRI_EMOTION/tfMRI_EMOTION_hp200_s8_level2.feat/GrayordinatesStats/cope3.feat/tdof_t1.dtseries.nii","ua82wNKPWCHPuPZJZgOYBck_ngu7KXgs"
"s3://hcp-openaccess/HCP_1200/506234/MNINonLinear/Results/tfMRI_EMOTION/tfMRI_EMOTION_hp200_s8_level2.feat/GrayordinatesStats/cope3.feat/tstat1.dtseries.nii","506234","MNINonLinear//Results/tfMRI_EMOTION/tfMRI_EMOTION_hp200_s8_level2.feat/GrayordinatesStats/cope3.feat/tstat1.dtseries.nii","dazJT8nUYD4xayhDSCJ05vnHB6JGygu_"
"s3://hcp-openaccess/HCP_1200/506234/MNINonLinear/Results/tfMRI_EMOTION/tfMRI_EMOTION_hp200_s8_level2.feat/GrayordinatesStats/cope3.feat/varcope1.dtseries.nii","506234","MNINonLinear//Results/tfMRI_EMOTION/tfMRI_EMOTION_hp200_s8_level2.feat/GrayordinatesStats/cope3.feat/varcope1.dtseries.nii","boWhhV73..UzLom8j6lR4FlyqpB4cZTj"
"s3://hcp-openaccess/HCP_1200/506234/MNINonLinear/Results/tfMRI_EMOTION/tfMRI_EMOTION_hp200_s8_level2.feat/GrayordinatesStats/cope3.feat/weights1.dtseries.nii","506234","MNINonLinear//Results/tfMRI_EMOTION/tfMRI_EMOTION_hp200_s8_level2.feat/GrayordinatesStats/cope3.feat/weights1.dtseries.nii","shhrFTOqYxLog9vQjVfdUp18ASu9PX7y"
"s3://hcp-openaccess/HCP_1200/506234/MNINonLinear/Results/tfMRI_EMOTION/tfMRI_EMOTION_hp200_s8_level2.feat/GrayordinatesStats/cope3.feat/zflame1lowertstat1.dtseries.nii","506234","MNINonLinear//Results/tfMRI_EMOTION/tfMRI_EMOTION_hp200_s8_level2.feat/GrayordinatesStats/cope3.feat/zflame1lowertstat1.dtseries.nii","PtMMGDUn0HQiU7OUg54prdw0u9NOZw_A"
"s3://hcp-openaccess/HCP_1200/506234/MNINonLinear/Results/tfMRI_EMOTION/tfMRI_EMOTION_hp200_s8_level2.feat/GrayordinatesStats/cope3.feat/zflame1uppertstat1.dtseries.nii","506234","MNINonLinear//Results/tfMRI_EMOTION/tfMRI_EMOTION_hp200_s8_level2.feat/GrayordinatesStats/cope3.feat/zflame1uppertstat1.dtseries.nii","grdNIkQ5VrOQd8qV_P2RKywLOHOzzBCr"
"s3://hcp-openaccess/HCP_1200/506234/MNINonLinear/Results/tfMRI_EMOTION/tfMRI_EMOTION_hp200_s8_level2.feat/GrayordinatesStats/cope3.feat/zstat1.dtseries.nii","506234","MNINonLinear//Results/tfMRI_EMOTION/tfMRI_EMOTION_hp200_s8_level2.feat/GrayordinatesStats/cope3.feat/zstat1.dtseries.nii","FiKUVgn5c4GFfH.EGnyMemdAYxkvesn4"
"s3://hcp-openaccess/HCP_1200/506234/MNINonLinear/Results/tfMRI_EMOTION/tfMRI_EMOTION_hp200_s8_level2.feat/GrayordinatesStats/cope4.feat/cope1.dtseries.nii","506234","MNINonLinear//Results/tfMRI_EMOTION/tfMRI_EMOTION_hp200_s8_level2.feat/GrayordinatesStats/cope4.feat/cope1.dtseries.nii","kJZpet2ANgfdv72e3dfW07GjjNzKtBVK"
"s3://hcp-openaccess/HCP_1200/506234/MNINonLinear/Results/tfMRI_EMOTION/tfMRI_EMOTION_hp200_s8_level2.feat/GrayordinatesStats/cope4.feat/logfile","506234","MNINonLinear//Results/tfMRI_EMOTION/tfMRI_EMOTION_hp200_s8_level2.feat/GrayordinatesStats/cope4.feat/logfile","efBhLOdw9zKL9yV7cDAatyXnQ7dYbodm"
"s3://hcp-openaccess/HCP_1200/506234/MNINonLinear/Results/tfMRI_EMOTION/tfMRI_EMOTION_hp200_s8_level2.feat/GrayordinatesStats/cope4.feat/mask.dtseries.nii","506234","MNINonLinear//Results/tfMRI_EMOTION/tfMRI_EMOTION_hp200_s8_level2.feat/GrayordinatesStats/cope4.feat/mask.dtseries.nii","ZxNZ6rkKUvxwqiTpW3kIwMDUEA618Mfj"
"s3://hcp-openaccess/HCP_1200/506234/MNINonLinear/Results/tfMRI_EMOTION/tfMRI_EMOTION_hp200_s8_level2.feat/GrayordinatesStats/cope4.feat/mean_random_effects_var1.dtseries.nii","506234","MNINonLinear//Results/tfMRI_EMOTION/tfMRI_EMOTION_hp200_s8_level2.feat/GrayordinatesStats/cope4.feat/mean_random_effects_var1.dtseries.nii","kDu4ShifBw_Q7QgKy6k8_vQl_PDOfD0G"
"s3://hcp-openaccess/HCP_1200/506234/MNINonLinear/Results/tfMRI_EMOTION/tfMRI_EMOTION_hp200_s8_level2.feat/GrayordinatesStats/cope4.feat/pe1.dtseries.nii","506234","MNINonLinear//Results/tfMRI_EMOTION/tfMRI_EMOTION_hp200_s8_level2.feat/GrayordinatesStats/cope4.feat/pe1.dtseries.nii","EYAWToLG30MKslLVVIiUhvS9NXApaCUo"
"s3://hcp-openaccess/HCP_1200/506234/MNINonLinear/Results/tfMRI_EMOTION/tfMRI_EMOTION_hp200_s8_level2.feat/GrayordinatesStats/cope4.feat/res4d.dtseries.nii","506234","MNINonLinear//Results/tfMRI_EMOTION/tfMRI_EMOTION_hp200_s8_level2.feat/GrayordinatesStats/cope4.feat/res4d.dtseries.nii","PcS7WCLScynT77TG9sadf7Ozen6DWy9M"
"s3://hcp-openaccess/HCP_1200/506234/MNINonLinear/Results/tfMRI_EMOTION/tfMRI_EMOTION_hp200_s8_level2.feat/GrayordinatesStats/cope4.feat/tdof_t1.dtseries.nii","506234","MNINonLinear//Results/tfMRI_EMOTION/tfMRI_EMOTION_hp200_s8_level2.feat/GrayordinatesStats/cope4.feat/tdof_t1.dtseries.nii","2OlUT8eSMQbhvQl7vPeQQ5E8zzhOYrFR"
"s3://hcp-openaccess/HCP_1200/506234/MNINonLinear/Results/tfMRI_EMOTION/tfMRI_EMOTION_hp200_s8_level2.feat/GrayordinatesStats/cope4.feat/tstat1.dtseries.nii","506234","MNINonLinear//Results/tfMRI_EMOTION/tfMRI_EMOTION_hp200_s8_level2.feat/GrayordinatesStats/cope4.feat/tstat1.dtseries.nii","q6hdudl7e2hdCV17HZyIiLmlo2ouNPIA"
"s3://hcp-openaccess/HCP_1200/506234/MNINonLinear/Results/tfMRI_EMOTION/tfMRI_EMOTION_hp200_s8_level2.feat/GrayordinatesStats/cope4.feat/varcope1.dtseries.nii","506234","MNINonLinear//Results/tfMRI_EMOTION/tfMRI_EMOTION_hp200_s8_level2.feat/GrayordinatesStats/cope4.feat/varcope1.dtseries.nii","QlCnrXIgL6iMM1tCqqTjBF62mH.GcqA5"
"s3://hcp-openaccess/HCP_1200/506234/MNINonLinear/Results/tfMRI_EMOTION/tfMRI_EMOTION_hp200_s8_level2.feat/GrayordinatesStats/cope4.feat/weights1.dtseries.nii","506234","MNINonLinear//Results/tfMRI_EMOTION/tfMRI_EMOTION_hp200_s8_level2.feat/GrayordinatesStats/cope4.feat/weights1.dtseries.nii","0l3RwMgQoWw_lQ1e.A5XUKQQaNrpImkx"
"s3://hcp-openaccess/HCP_1200/506234/MNINonLinear/Results/tfMRI_EMOTION/tfMRI_EMOTION_hp200_s8_level2.feat/GrayordinatesStats/cope4.feat/zflame1lowertstat1.dtseries.nii","506234","MNINonLinear//Results/tfMRI_EMOTION/tfMRI_EMOTION_hp200_s8_level2.feat/GrayordinatesStats/cope4.feat/zflame1lowertstat1.dtseries.nii","XR0SOLWFoHqyoGFVffBoMp9HjXaZRWph"
"s3://hcp-openaccess/HCP_1200/506234/MNINonLinear/Results/tfMRI_EMOTION/tfMRI_EMOTION_hp200_s8_level2.feat/GrayordinatesStats/cope4.feat/zflame1uppertstat1.dtseries.nii","506234","MNINonLinear//Results/tfMRI_EMOTION/tfMRI_EMOTION_hp200_s8_level2.feat/GrayordinatesStats/cope4.feat/zflame1uppertstat1.dtseries.nii","9owlsXu9jsJiIGuCCQt6EX2k22MrgkM6"
"s3://hcp-openaccess/HCP_1200/506234/MNINonLinear/Results/tfMRI_EMOTION/tfMRI_EMOTION_hp200_s8_level2.feat/GrayordinatesStats/cope4.feat/zstat1.dtseries.nii","506234","MNINonLinear//Results/tfMRI_EMOTION/tfMRI_EMOTION_hp200_s8_level2.feat/GrayordinatesStats/cope4.feat/zstat1.dtseries.nii","Y7Df4oD9.hA4PIQJseVi1IyAGAMVIMqQ"
"s3://hcp-openaccess/HCP_1200/506234/MNINonLinear/Results/tfMRI_EMOTION/tfMRI_EMOTION_hp200_s8_level2.feat/GrayordinatesStats/cope5.feat/cope1.dtseries.nii","506234","MNINonLinear//Results/tfMRI_EMOTION/tfMRI_EMOTION_hp200_s8_level2.feat/GrayordinatesStats/cope5.feat/cope1.dtseries.nii",".A4X28LklxcvlPIcIQoG_e2zqzCCasPj"
"s3://hcp-openaccess/HCP_1200/506234/MNINonLinear/Results/tfMRI_EMOTION/tfMRI_EMOTION_hp200_s8_level2.feat/GrayordinatesStats/cope5.feat/logfile","506234","MNINonLinear//Results/tfMRI_EMOTION/tfMRI_EMOTION_hp200_s8_level2.feat/GrayordinatesStats/cope5.feat/logfile","PecQdHhLL4VGZTmRkm33A4aCXs_1Fgl8"
"s3://hcp-openaccess/HCP_1200/506234/MNINonLinear/Results/tfMRI_EMOTION/tfMRI_EMOTION_hp200_s8_level2.feat/GrayordinatesStats/cope5.feat/mask.dtseries.nii","506234","MNINonLinear//Results/tfMRI_EMOTION/tfMRI_EMOTION_hp200_s8_level2.feat/GrayordinatesStats/cope5.feat/mask.dtseries.nii","47Q6hPf16zLnpw5UZGwSoYBFvl1L158b"
"s3://hcp-openaccess/HCP_1200/506234/MNINonLinear/Results/tfMRI_EMOTION/tfMRI_EMOTION_hp200_s8_level2.feat/GrayordinatesStats/cope5.feat/mean_random_effects_var1.dtseries.nii","506234","MNINonLinear//Results/tfMRI_EMOTION/tfMRI_EMOTION_hp200_s8_level2.feat/GrayordinatesStats/cope5.feat/mean_random_effects_var1.dtseries.nii","DqHOshNCStvTBik5k4JWOYEfSFY.SBQK"
"s3://hcp-openaccess/HCP_1200/506234/MNINonLinear/Results/tfMRI_EMOTION/tfMRI_EMOTION_hp200_s8_level2.feat/GrayordinatesStats/cope5.feat/pe1.dtseries.nii","506234","MNINonLinear//Results/tfMRI_EMOTION/tfMRI_EMOTION_hp200_s8_level2.feat/GrayordinatesStats/cope5.feat/pe1.dtseries.nii","TIwRtzdpAlCxh1hEa52k_zzYjpR63Y86"
"s3://hcp-openaccess/HCP_1200/506234/MNINonLinear/Results/tfMRI_EMOTION/tfMRI_EMOTION_hp200_s8_level2.feat/GrayordinatesStats/cope5.feat/res4d.dtseries.nii","506234","MNINonLinear//Results/tfMRI_EMOTION/tfMRI_EMOTION_hp200_s8_level2.feat/GrayordinatesStats/cope5.feat/res4d.dtseries.nii","5kSirsTK2e2d9WitXpALYEGj8Du_zzpJ"
"s3://hcp-openaccess/HCP_1200/506234/MNINonLinear/Results/tfMRI_EMOTION/tfMRI_EMOTION_hp200_s8_level2.feat/GrayordinatesStats/cope5.feat/tdof_t1.dtseries.nii","506234","MNINonLinear//Results/tfMRI_EMOTION/tfMRI_EMOTION_hp200_s8_level2.feat/GrayordinatesStats/cope5.feat/tdof_t1.dtseries.nii","KXeRUrOkCuMC0uPXl_fwlcXJ0u0qJowU"
"s3://hcp-openaccess/HCP_1200/506234/MNINonLinear/Results/tfMRI_EMOTION/tfMRI_EMOTION_hp200_s8_level2.feat/GrayordinatesStats/cope5.feat/tstat1.dtseries.nii","506234","MNINonLinear//Results/tfMRI_EMOTION/tfMRI_EMOTION_hp200_s8_level2.feat/GrayordinatesStats/cope5.feat/tstat1.dtseries.nii","z8QCE7_qoxuI.bQv4SeYVN8Ah5ws360J"
"s3://hcp-openaccess/HCP_1200/506234/MNINonLinear/Results/tfMRI_EMOTION/tfMRI_EMOTION_hp200_s8_level2.feat/GrayordinatesStats/cope5.feat/varcope1.dtseries.nii","506234","MNINonLinear//Results/tfMRI_EMOTION/tfMRI_EMOTION_hp200_s8_level2.feat/GrayordinatesStats/cope5.feat/varcope1.dtseries.nii","QLA9SfYoxGCzkry2c6ZWi0GAeeIw8mkS"
"s3://hcp-openaccess/HCP_1200/506234/MNINonLinear/Results/tfMRI_EMOTION/tfMRI_EMOTION_hp200_s8_level2.feat/GrayordinatesStats/cope5.feat/weights1.dtseries.nii","506234","MNINonLinear//Results/tfMRI_EMOTION/tfMRI_EMOTION_hp200_s8_level2.feat/GrayordinatesStats/cope5.feat/weights1.dtseries.nii","1ImJyOcTTpY3DNI_.UXyH4ZRjV39y.G1"
"s3://hcp-openaccess/HCP_1200/506234/MNINonLinear/Results/tfMRI_EMOTION/tfMRI_EMOTION_hp200_s8_level2.feat/GrayordinatesStats/cope5.feat/zflame1lowertstat1.dtseries.nii","506234","MNINonLinear//Results/tfMRI_EMOTION/tfMRI_EMOTION_hp200_s8_level2.feat/GrayordinatesStats/cope5.feat/zflame1lowertstat1.dtseries.nii","eraara7Sehi9nfnmL.WQKNlf9P4pawXP"
"s3://hcp-openaccess/HCP_1200/506234/MNINonLinear/Results/tfMRI_EMOTION/tfMRI_EMOTION_hp200_s8_level2.feat/GrayordinatesStats/cope5.feat/zflame1uppertstat1.dtseries.nii","506234","MNINonLinear//Results/tfMRI_EMOTION/tfMRI_EMOTION_hp200_s8_level2.feat/GrayordinatesStats/cope5.feat/zflame1uppertstat1.dtseries.nii","9OqLm7Q3wWVe6zWFp2m0SYtQTn88F.Je"
"s3://hcp-openaccess/HCP_1200/506234/MNINonLinear/Results/tfMRI_EMOTION/tfMRI_EMOTION_hp200_s8_level2.feat/GrayordinatesStats/cope5.feat/zstat1.dtseries.nii","506234","MNINonLinear//Results/tfMRI_EMOTION/tfMRI_EMOTION_hp200_s8_level2.feat/GrayordinatesStats/cope5.feat/zstat1.dtseries.nii","RtRekKj.PDaCiR9EKL5mwuu5kbSszgy4"
"s3://hcp-openaccess/HCP_1200/506234/MNINonLinear/Results/tfMRI_EMOTION/tfMRI_EMOTION_hp200_s8_level2.feat/GrayordinatesStats/cope6.feat/cope1.dtseries.nii","506234","MNINonLinear//Results/tfMRI_EMOTION/tfMRI_EMOTION_hp200_s8_level2.feat/GrayordinatesStats/cope6.feat/cope1.dtseries.nii","uquYp9XTVoHUHLpWUfK2qWp_Gw_NN9e9"
"s3://hcp-openaccess/HCP_1200/506234/MNINonLinear/Results/tfMRI_EMOTION/tfMRI_EMOTION_hp200_s8_level2.feat/GrayordinatesStats/cope6.feat/logfile","506234","MNINonLinear//Results/tfMRI_EMOTION/tfMRI_EMOTION_hp200_s8_level2.feat/GrayordinatesStats/cope6.feat/logfile","gcpibwliTXQHpShAOpTDlf_JitT3qq74"
"s3://hcp-openaccess/HCP_1200/506234/MNINonLinear/Results/tfMRI_EMOTION/tfMRI_EMOTION_hp200_s8_level2.feat/GrayordinatesStats/cope6.feat/mask.dtseries.nii","506234","MNINonLinear//Results/tfMRI_EMOTION/tfMRI_EMOTION_hp200_s8_level2.feat/GrayordinatesStats/cope6.feat/mask.dtseries.nii","eUYojj7foAXoQcyOSXb8t_mwe_hgDAdU"
"s3://hcp-openaccess/HCP_1200/506234/MNINonLinear/Results/tfMRI_EMOTION/tfMRI_EMOTION_hp200_s8_level2.feat/GrayordinatesStats/cope6.feat/mean_random_effects_var1.dtseries.nii","506234","MNINonLinear//Results/tfMRI_EMOTION/tfMRI_EMOTION_hp200_s8_level2.feat/GrayordinatesStats/cope6.feat/mean_random_effects_var1.dtseries.nii","UXz7zkI_t3Uw6Cc7ddcxhszfHloBCQ5T"
"s3://hcp-openaccess/HCP_1200/506234/MNINonLinear/Results/tfMRI_EMOTION/tfMRI_EMOTION_hp200_s8_level2.feat/GrayordinatesStats/cope6.feat/pe1.dtseries.nii","506234","MNINonLinear//Results/tfMRI_EMOTION/tfMRI_EMOTION_hp200_s8_level2.feat/GrayordinatesStats/cope6.feat/pe1.dtseries.nii","YkJX_gqBIT2xVynFQgOp7fPMAUjbotOu"
"s3://hcp-openaccess/HCP_1200/506234/MNINonLinear/Results/tfMRI_EMOTION/tfMRI_EMOTION_hp200_s8_level2.feat/GrayordinatesStats/cope6.feat/res4d.dtseries.nii","506234","MNINonLinear//Results/tfMRI_EMOTION/tfMRI_EMOTION_hp200_s8_level2.feat/GrayordinatesStats/cope6.feat/res4d.dtseries.nii","6ykk6yEuO3jnXRcofx4nm1IocxlGqPGg"
"s3://hcp-openaccess/HCP_1200/506234/MNINonLinear/Results/tfMRI_EMOTION/tfMRI_EMOTION_hp200_s8_level2.feat/GrayordinatesStats/cope6.feat/tdof_t1.dtseries.nii","506234","MNINonLinear//Results/tfMRI_EMOTION/tfMRI_EMOTION_hp200_s8_level2.feat/GrayordinatesStats/cope6.feat/tdof_t1.dtseries.nii","dCwzemk6mXDJy3CpQVAFLR1xbfIVTTZP"
"s3://hcp-openaccess/HCP_1200/506234/MNINonLinear/Results/tfMRI_EMOTION/tfMRI_EMOTION_hp200_s8_level2.feat/GrayordinatesStats/cope6.feat/tstat1.dtseries.nii","506234","MNINonLinear//Results/tfMRI_EMOTION/tfMRI_EMOTION_hp200_s8_level2.feat/GrayordinatesStats/cope6.feat/tstat1.dtseries.nii","o5Cjs7CQ8nZVW_d0.INMcCTcrMTkqK_8"
"s3://hcp-openaccess/HCP_1200/506234/MNINonLinear/Results/tfMRI_EMOTION/tfMRI_EMOTION_hp200_s8_level2.feat/GrayordinatesStats/cope6.feat/varcope1.dtseries.nii","506234","MNINonLinear//Results/tfMRI_EMOTION/tfMRI_EMOTION_hp200_s8_level2.feat/GrayordinatesStats/cope6.feat/varcope1.dtseries.nii","hqGt79DyYJhQHJ5GrTc0o54gx4bWEY80"
"s3://hcp-openaccess/HCP_1200/506234/MNINonLinear/Results/tfMRI_EMOTION/tfMRI_EMOTION_hp200_s8_level2.feat/GrayordinatesStats/cope6.feat/weights1.dtseries.nii","506234","MNINonLinear//Results/tfMRI_EMOTION/tfMRI_EMOTION_hp200_s8_level2.feat/GrayordinatesStats/cope6.feat/weights1.dtseries.nii","_8E1ccNqx1Ix7E8dWIkFFCEhRI37UVK3"
"s3://hcp-openaccess/HCP_1200/506234/MNINonLinear/Results/tfMRI_EMOTION/tfMRI_EMOTION_hp200_s8_level2.feat/GrayordinatesStats/cope6.feat/zflame1lowertstat1.dtseries.nii","506234","MNINonLinear//Results/tfMRI_EMOTION/tfMRI_EMOTION_hp200_s8_level2.feat/GrayordinatesStats/cope6.feat/zflame1lowertstat1.dtseries.nii","6Qc7iOMasW3w6nV_XrLtErfDp4.ahsKx"
"s3://hcp-openaccess/HCP_1200/506234/MNINonLinear/Results/tfMRI_EMOTION/tfMRI_EMOTION_hp200_s8_level2.feat/GrayordinatesStats/cope6.feat/zflame1uppertstat1.dtseries.nii","506234","MNINonLinear//Results/tfMRI_EMOTION/tfMRI_EMOTION_hp200_s8_level2.feat/GrayordinatesStats/cope6.feat/zflame1uppertstat1.dtseries.nii","OSh7vIlTiSPZtCvZTPAUmF34HKZG9rrb"
"s3://hcp-openaccess/HCP_1200/506234/MNINonLinear/Results/tfMRI_EMOTION/tfMRI_EMOTION_hp200_s8_level2.feat/GrayordinatesStats/cope6.feat/zstat1.dtseries.nii","506234","MNINonLinear//Results/tfMRI_EMOTION/tfMRI_EMOTION_hp200_s8_level2.feat/GrayordinatesStats/cope6.feat/zstat1.dtseries.nii","ivfLA3mF.Su_zKqOxRTvBVp9FbVvZx82"
"s3://hcp-openaccess/HCP_1200/506234/MNINonLinear/Results/tfMRI_EMOTION/tfMRI_EMOTION_hp200_s8_level2.feat/design.con","506234","MNINonLinear//Results/tfMRI_EMOTION/tfMRI_EMOTION_hp200_s8_level2.feat/design.con","L1yupP7VRXHKi_zHljHUI2zsXzWEu7An"
"s3://hcp-openaccess/HCP_1200/506234/MNINonLinear/Results/tfMRI_EMOTION/tfMRI_EMOTION_hp200_s8_level2.feat/design.fsf","506234","MNINonLinear//Results/tfMRI_EMOTION/tfMRI_EMOTION_hp200_s8_level2.feat/design.fsf","CH1HDhZVMo1iN4aRERYu84OwAjvr_497"
"s3://hcp-openaccess/HCP_1200/506234/MNINonLinear/Results/tfMRI_EMOTION/tfMRI_EMOTION_hp200_s8_level2.feat/design.grp","506234","MNINonLinear//Results/tfMRI_EMOTION/tfMRI_EMOTION_hp200_s8_level2.feat/design.grp","zx3av9up7y4FUvdV7U2We5rBFlsy.9TO"
"s3://hcp-openaccess/HCP_1200/506234/MNINonLinear/Results/tfMRI_EMOTION/tfMRI_EMOTION_hp200_s8_level2.feat/design.mat","506234","MNINonLinear//Results/tfMRI_EMOTION/tfMRI_EMOTION_hp200_s8_level2.feat/design.mat","EF25UVqRjG2u5yGGQ3tL3eUvbmCIJcoP"
"s3://hcp-openaccess/HCP_1200/506234/MNINonLinear/Results/tfMRI_EMOTION/tfMRI_EMOTION_hp200_s8_level2.feat/design.png","506234","MNINonLinear//Results/tfMRI_EMOTION/tfMRI_EMOTION_hp200_s8_level2.feat/design.png","ltewBEPvc42GcD8coxe1d1KiSkv.xZhW"
"s3://hcp-openaccess/HCP_1200/506234/MNINonLinear/Results/tfMRI_EMOTION/tfMRI_EMOTION_hp200_s8_level2.feat/design.ppm","506234","MNINonLinear//Results/tfMRI_EMOTION/tfMRI_EMOTION_hp200_s8_level2.feat/design.ppm","YU3yd81zeEaRq2.WLeh2mLvCaZuEG6UC"
"s3://hcp-openaccess/HCP_1200/506234/MNINonLinear/Results/tfMRI_EMOTION/tfMRI_EMOTION_hp200_s8_level2.feat/design_cov.png","506234","MNINonLinear//Results/tfMRI_EMOTION/tfMRI_EMOTION_hp200_s8_level2.feat/design_cov.png","5mw9NsItV_zZS_VzaBc_olTv4AMWiPea"
"s3://hcp-openaccess/HCP_1200/506234/MNINonLinear/Results/tfMRI_EMOTION/tfMRI_EMOTION_hp200_s8_level2.feat/design_cov.ppm","506234","MNINonLinear//Results/tfMRI_EMOTION/tfMRI_EMOTION_hp200_s8_level2.feat/design_cov.ppm","AVyb1z3u1QvIwrJrq2QMxj465I4VQmlX"
"s3://hcp-openaccess/HCP_1200/506234/MNINonLinear/Results/tfMRI_EMOTION_LR/EMOTION_run2_TAB.txt","506234","MNINonLinear//Results/tfMRI_EMOTION_LR/EMOTION_run2_TAB.txt","cHM5X6vdbPpi8AcNnfC7PhrzauibstVF"
"s3://hcp-openaccess/HCP_1200/506234/MNINonLinear/Results/tfMRI_EMOTION_LR/EVs/EMOTION_Stats.csv","506234","MNINonLinear//Results/tfMRI_EMOTION_LR/EVs/EMOTION_Stats.csv","vvMiaE.xnY9b_xI8mGQ_BALaaLuHmR1X"
"s3://hcp-openaccess/HCP_1200/506234/MNINonLinear/Results/tfMRI_EMOTION_LR/EVs/Sync.txt","506234","MNINonLinear//Results/tfMRI_EMOTION_LR/EVs/Sync.txt","OufBG3JAqfPf.X8DFyXwYdjHYpldwqzz"
"s3://hcp-openaccess/HCP_1200/506234/MNINonLinear/Results/tfMRI_EMOTION_LR/EVs/fear.txt","506234","MNINonLinear//Results/tfMRI_EMOTION_LR/EVs/fear.txt","lST51rjZDz0H7u3_jUm6NJMgPK.mF57I"
"s3://hcp-openaccess/HCP_1200/506234/MNINonLinear/Results/tfMRI_EMOTION_LR/EVs/neut.txt","506234","MNINonLinear//Results/tfMRI_EMOTION_LR/EVs/neut.txt",".jIOJPrm1.mNQ3Ktwoh8quCRf8kC2HkI"
"s3://hcp-openaccess/HCP_1200/506234/MNINonLinear/Results/tfMRI_EMOTION_LR/Movement_AbsoluteRMS.txt","506234","MNINonLinear//Results/tfMRI_EMOTION_LR/Movement_AbsoluteRMS.txt","PQsjcH1MoF1xSp.Du4ou1sLRp63cbWLR"
"s3://hcp-openaccess/HCP_1200/506234/MNINonLinear/Results/tfMRI_EMOTION_LR/Movement_AbsoluteRMS_mean.txt","506234","MNINonLinear//Results/tfMRI_EMOTION_LR/Movement_AbsoluteRMS_mean.txt","5bScl7Vgrzy1yh0.FToit.Zs4pKUqZro"
"s3://hcp-openaccess/HCP_1200/506234/MNINonLinear/Results/tfMRI_EMOTION_LR/Movement_Regressors.txt","506234","MNINonLinear//Results/tfMRI_EMOTION_LR/Movement_Regressors.txt","hQb.AmM8T.Gbr4Wm9Cy4Ex54SueDq3dy"
"s3://hcp-openaccess/HCP_1200/506234/MNINonLinear/Results/tfMRI_EMOTION_LR/Movement_Regressors_dt.txt","506234","MNINonLinear//Results/tfMRI_EMOTION_LR/Movement_Regressors_dt.txt","YHA6u0XzYqzfDKeKV7ixwFPsCN1c88cJ"
"s3://hcp-openaccess/HCP_1200/506234/MNINonLinear/Results/tfMRI_EMOTION_LR/Movement_RelativeRMS.txt","506234","MNINonLinear//Results/tfMRI_EMOTION_LR/Movement_RelativeRMS.txt","esvn.gTqcVu.elr_4hqgrVxPq5W7caKp"
"s3://hcp-openaccess/HCP_1200/506234/MNINonLinear/Results/tfMRI_EMOTION_LR/Movement_RelativeRMS_mean.txt","506234","MNINonLinear//Results/tfMRI_EMOTION_LR/Movement_RelativeRMS_mean.txt","2CRs7gtnOWcYQv_70Ze4B4B0vYZQ35LN"
"s3://hcp-openaccess/HCP_1200/506234/MNINonLinear/Results/tfMRI_EMOTION_LR/PhaseOne_gdc_dc.nii.gz","506234","MNINonLinear//Results/tfMRI_EMOTION_LR/PhaseOne_gdc_dc.nii.gz","bwDXJTS_DDYWmuhmNaF7Ewblealllema"
"s3://hcp-openaccess/HCP_1200/506234/MNINonLinear/Results/tfMRI_EMOTION_LR/PhaseTwo_gdc_dc.nii.gz","506234","MNINonLinear//Results/tfMRI_EMOTION_LR/PhaseTwo_gdc_dc.nii.gz","ivO3mrm2x.OWSWIQLnMYZ.SfCamkYDQu"
"s3://hcp-openaccess/HCP_1200/506234/MNINonLinear/Results/tfMRI_EMOTION_LR/RibbonVolumeToSurfaceMapping/goodvoxels.nii.gz","506234","MNINonLinear//Results/tfMRI_EMOTION_LR/RibbonVolumeToSurfaceMapping/goodvoxels.nii.gz","2zeIZln49xJwkuUbBS3qfXr_WjekusX4"
"s3://hcp-openaccess/HCP_1200/506234/MNINonLinear/Results/tfMRI_EMOTION_LR/SBRef_dc.nii.gz","506234","MNINonLinear//Results/tfMRI_EMOTION_LR/SBRef_dc.nii.gz","pclVgIBEGQtj6juv5WBZI_R.3Dg.kXfo"
"s3://hcp-openaccess/HCP_1200/506234/MNINonLinear/Results/tfMRI_EMOTION_LR/brainmask_fs.2.nii.gz","506234","MNINonLinear//Results/tfMRI_EMOTION_LR/brainmask_fs.2.nii.gz","0J8Z2cJ1..wjf3AH.WXC7YkX4EwoadpC"
"s3://hcp-openaccess/HCP_1200/506234/MNINonLinear/Results/tfMRI_EMOTION_LR/tfMRI_EMOTION_LR.L.native.func.gii","506234","MNINonLinear//Results/tfMRI_EMOTION_LR/tfMRI_EMOTION_LR.L.native.func.gii","by0wGnusbadamnV6wgYrFqyTXK.ptgR9"
"s3://hcp-openaccess/HCP_1200/506234/MNINonLinear/Results/tfMRI_EMOTION_LR/tfMRI_EMOTION_LR.R.native.func.gii","506234","MNINonLinear//Results/tfMRI_EMOTION_LR/tfMRI_EMOTION_LR.R.native.func.gii","CCqEr3hLxGlrGXM4RtUOP1UtpB2xXGCF"
"s3://hcp-openaccess/HCP_1200/506234/MNINonLinear/Results/tfMRI_EMOTION_LR/tfMRI_EMOTION_LR.nii.gz","506234","MNINonLinear//Results/tfMRI_EMOTION_LR/tfMRI_EMOTION_LR.nii.gz","04io16vnxArNXNIwnrp77k7.X5pl0uGH"
"s3://hcp-openaccess/HCP_1200/506234/MNINonLinear/Results/tfMRI_EMOTION_LR/tfMRI_EMOTION_LR_Atlas.dtseries.nii","506234","MNINonLinear//Results/tfMRI_EMOTION_LR/tfMRI_EMOTION_LR_Atlas.dtseries.nii","15LNN612714bIWVy0xs30P2cGKws9Qke"
"s3://hcp-openaccess/HCP_1200/506234/MNINonLinear/Results/tfMRI_EMOTION_LR/tfMRI_EMOTION_LR_Atlas_MSMAll.dtseries.nii","506234","MNINonLinear//Results/tfMRI_EMOTION_LR/tfMRI_EMOTION_LR_Atlas_MSMAll.dtseries.nii","NplRfyN5mpeZX5W_XLeE_JLaTavXka_k"
"s3://hcp-openaccess/HCP_1200/506234/MNINonLinear/Results/tfMRI_EMOTION_LR/tfMRI_EMOTION_LR_Jacobian.nii.gz","506234","MNINonLinear//Results/tfMRI_EMOTION_LR/tfMRI_EMOTION_LR_Jacobian.nii.gz","qj6hNaauNA1wcZF6LAxYbg5Yag1vdpxU"
"s3://hcp-openaccess/HCP_1200/506234/MNINonLinear/Results/tfMRI_EMOTION_LR/tfMRI_EMOTION_LR_Physio_log.txt","506234","MNINonLinear//Results/tfMRI_EMOTION_LR/tfMRI_EMOTION_LR_Physio_log.txt","NFOj3d5JnYJqcE0CUAZy2fDp_3SpFc6t"
"s3://hcp-openaccess/HCP_1200/506234/MNINonLinear/Results/tfMRI_EMOTION_LR/tfMRI_EMOTION_LR_SBRef.nii.gz","506234","MNINonLinear//Results/tfMRI_EMOTION_LR/tfMRI_EMOTION_LR_SBRef.nii.gz","kx472zZaNlKTEq_l3Lys7KsksmLKGQaM"
"s3://hcp-openaccess/HCP_1200/506234/MNINonLinear/Results/tfMRI_EMOTION_LR/tfMRI_EMOTION_LR_hp200_s4_level1.fsf","506234","MNINonLinear//Results/tfMRI_EMOTION_LR/tfMRI_EMOTION_LR_hp200_s4_level1.fsf","GFZSZ2o09Yctvha2Ad_6EoT4TQsLYcMr"
"s3://hcp-openaccess/HCP_1200/506234/MNINonLinear/Results/tfMRI_EMOTION_RL/EMOTION_run1_TAB.txt","506234","MNINonLinear//Results/tfMRI_EMOTION_RL/EMOTION_run1_TAB.txt","WVADJgxek5pFSBQOJiv1YHe_bPfx7cIH"
"s3://hcp-openaccess/HCP_1200/506234/MNINonLinear/Results/tfMRI_EMOTION_RL/EVs/EMOTION_Stats.csv","506234","MNINonLinear//Results/tfMRI_EMOTION_RL/EVs/EMOTION_Stats.csv","HaLxTGX3olCoz8TXwNyNtzw2.vCRfaSt"
"s3://hcp-openaccess/HCP_1200/506234/MNINonLinear/Results/tfMRI_EMOTION_RL/EVs/Sync.txt","506234","MNINonLinear//Results/tfMRI_EMOTION_RL/EVs/Sync.txt","21YDdWnNOnH4WHyg2lRRnHhA0L_mrmN6"
"s3://hcp-openaccess/HCP_1200/506234/MNINonLinear/Results/tfMRI_EMOTION_RL/EVs/fear.txt","506234","MNINonLinear//Results/tfMRI_EMOTION_RL/EVs/fear.txt","TXoPR26oT74DHzHDh6geqRl2PbVeHl7i"
"s3://hcp-openaccess/HCP_1200/506234/MNINonLinear/Results/tfMRI_EMOTION_RL/EVs/neut.txt","506234","MNINonLinear//Results/tfMRI_EMOTION_RL/EVs/neut.txt","xUDF36ptIHdYksaR5W5V42IgXV3nu6XF"
"s3://hcp-openaccess/HCP_1200/506234/MNINonLinear/Results/tfMRI_EMOTION_RL/Movement_AbsoluteRMS.txt","506234","MNINonLinear//Results/tfMRI_EMOTION_RL/Movement_AbsoluteRMS.txt","1swjjKSyhZBjdgr4K52xvhCcuied66j8"
"s3://hcp-openaccess/HCP_1200/506234/MNINonLinear/Results/tfMRI_EMOTION_RL/Movement_AbsoluteRMS_mean.txt","506234","MNINonLinear//Results/tfMRI_EMOTION_RL/Movement_AbsoluteRMS_mean.txt","bawOBtzlKzmqHPbWaZmFrg8i9bxBXfu5"
"s3://hcp-openaccess/HCP_1200/506234/MNINonLinear/Results/tfMRI_EMOTION_RL/Movement_Regressors.txt","506234","MNINonLinear//Results/tfMRI_EMOTION_RL/Movement_Regressors.txt","7eMmqdYH0_5ZQ0BUVx6hebC1K.Ysi5YF"
"s3://hcp-openaccess/HCP_1200/506234/MNINonLinear/Results/tfMRI_EMOTION_RL/Movement_Regressors_dt.txt","506234","MNINonLinear//Results/tfMRI_EMOTION_RL/Movement_Regressors_dt.txt","iajsJ8KjUACG7wmXnv8lOAAwv3Vn44cm"
"s3://hcp-openaccess/HCP_1200/506234/MNINonLinear/Results/tfMRI_EMOTION_RL/Movement_RelativeRMS.txt","506234","MNINonLinear//Results/tfMRI_EMOTION_RL/Movement_RelativeRMS.txt","zG5uIvc99lAoo_xHz9Ka4h2oRnbSz8ma"
"s3://hcp-openaccess/HCP_1200/506234/MNINonLinear/Results/tfMRI_EMOTION_RL/Movement_RelativeRMS_mean.txt","506234","MNINonLinear//Results/tfMRI_EMOTION_RL/Movement_RelativeRMS_mean.txt",".onxgr.8LMi7F0._o5OY93m.S7rerUb0"
"s3://hcp-openaccess/HCP_1200/506234/MNINonLinear/Results/tfMRI_EMOTION_RL/PhaseOne_gdc_dc.nii.gz","506234","MNINonLinear//Results/tfMRI_EMOTION_RL/PhaseOne_gdc_dc.nii.gz","TZnV3HSUwLRR_qDSSeNh4AlBPbTDpTby"
"s3://hcp-openaccess/HCP_1200/506234/MNINonLinear/Results/tfMRI_EMOTION_RL/PhaseTwo_gdc_dc.nii.gz","506234","MNINonLinear//Results/tfMRI_EMOTION_RL/PhaseTwo_gdc_dc.nii.gz","6AE86AVJRqsjny94CDgXnfDL4znnN_lD"
"s3://hcp-openaccess/HCP_1200/506234/MNINonLinear/Results/tfMRI_EMOTION_RL/RibbonVolumeToSurfaceMapping/goodvoxels.nii.gz","506234","MNINonLinear//Results/tfMRI_EMOTION_RL/RibbonVolumeToSurfaceMapping/goodvoxels.nii.gz","w_1bOWZ4NpDMSFzBnXzSLv_fi9F75hv9"
"s3://hcp-openaccess/HCP_1200/506234/MNINonLinear/Results/tfMRI_EMOTION_RL/SBRef_dc.nii.gz","506234","MNINonLinear//Results/tfMRI_EMOTION_RL/SBRef_dc.nii.gz","GfjNMyHda9lUGYIzrgarwW1KjbtzjFv4"
"s3://hcp-openaccess/HCP_1200/506234/MNINonLinear/Results/tfMRI_EMOTION_RL/brainmask_fs.2.nii.gz","506234","MNINonLinear//Results/tfMRI_EMOTION_RL/brainmask_fs.2.nii.gz","v3zA3Ox_Y2NYOUr_0VBd9qZ5i4Ix4q5z"
"s3://hcp-openaccess/HCP_1200/506234/MNINonLinear/Results/tfMRI_EMOTION_RL/tfMRI_EMOTION_RL.L.native.func.gii","506234","MNINonLinear//Results/tfMRI_EMOTION_RL/tfMRI_EMOTION_RL.L.native.func.gii","YVXnwCrl.OFnN8eRqtLdmtukhM7x_M0h"
"s3://hcp-openaccess/HCP_1200/506234/MNINonLinear/Results/tfMRI_EMOTION_RL/tfMRI_EMOTION_RL.R.native.func.gii","506234","MNINonLinear//Results/tfMRI_EMOTION_RL/tfMRI_EMOTION_RL.R.native.func.gii","hmxzSZHFm2tghYMNL3yLPw6e.5oDRH5c"
"s3://hcp-openaccess/HCP_1200/506234/MNINonLinear/Results/tfMRI_EMOTION_RL/tfMRI_EMOTION_RL.nii.gz","506234","MNINonLinear//Results/tfMRI_EMOTION_RL/tfMRI_EMOTION_RL.nii.gz","ZIk9Xuhpz4_y_RgPeGO1Lv79WPxUMDIl"
"s3://hcp-openaccess/HCP_1200/506234/MNINonLinear/Results/tfMRI_EMOTION_RL/tfMRI_EMOTION_RL_Atlas.dtseries.nii","506234","MNINonLinear//Results/tfMRI_EMOTION_RL/tfMRI_EMOTION_RL_Atlas.dtseries.nii","srYKT1A3ZFiS_to8X7RNLGjdAUu5h53P"
"s3://hcp-openaccess/HCP_1200/506234/MNINonLinear/Results/tfMRI_EMOTION_RL/tfMRI_EMOTION_RL_Atlas_MSMAll.dtseries.nii","506234","MNINonLinear//Results/tfMRI_EMOTION_RL/tfMRI_EMOTION_RL_Atlas_MSMAll.dtseries.nii","gIz.e4YZyNG7D8tiZLtVa.kQ6vO0nfz_"
"s3://hcp-openaccess/HCP_1200/506234/MNINonLinear/Results/tfMRI_EMOTION_RL/tfMRI_EMOTION_RL_Jacobian.nii.gz","506234","MNINonLinear//Results/tfMRI_EMOTION_RL/tfMRI_EMOTION_RL_Jacobian.nii.gz","iDv58A1ml6K.YsrplPXb.H2.3PQM8uh7"
"s3://hcp-openaccess/HCP_1200/506234/MNINonLinear/Results/tfMRI_EMOTION_RL/tfMRI_EMOTION_RL_Physio_log.txt","506234","MNINonLinear//Results/tfMRI_EMOTION_RL/tfMRI_EMOTION_RL_Physio_log.txt","idXi.rSZe1yR8P5y1kdpF26LEwSZAK5a"
"s3://hcp-openaccess/HCP_1200/506234/MNINonLinear/Results/tfMRI_EMOTION_RL/tfMRI_EMOTION_RL_SBRef.nii.gz","506234","MNINonLinear//Results/tfMRI_EMOTION_RL/tfMRI_EMOTION_RL_SBRef.nii.gz","fTEnzdmOg.xIA1R00HTtAZW8icMFwdya"
"s3://hcp-openaccess/HCP_1200/506234/MNINonLinear/Results/tfMRI_EMOTION_RL/tfMRI_EMOTION_RL_hp200_s4_level1.fsf","506234","MNINonLinear//Results/tfMRI_EMOTION_RL/tfMRI_EMOTION_RL_hp200_s4_level1.fsf","owWRn.OUgkcIdfh6f4Yq934uwUnRfaUC"
"s3://hcp-openaccess/HCP_1200/506234/MNINonLinear/Results/tfMRI_GAMBLING/prepare_level2_feat_analysis.sh","506234","MNINonLinear//Results/tfMRI_GAMBLING/prepare_level2_feat_analysis.sh","UcTvu0XO3QIRa8pWJ5im5LII6IGmi2.k"
"s3://hcp-openaccess/HCP_1200/506234/MNINonLinear/Results/tfMRI_GAMBLING/tfMRI_GAMBLING_hp200_s12_level2.feat/506234_tfMRI_GAMBLING_level2_hp200_s12.dscalar.nii","506234","MNINonLinear//Results/tfMRI_GAMBLING/tfMRI_GAMBLING_hp200_s12_level2.feat/506234_tfMRI_GAMBLING_level2_hp200_s12.dscalar.nii","nemEDYERArvC8nljFmYzroMRFex0geCS"
"s3://hcp-openaccess/HCP_1200/506234/MNINonLinear/Results/tfMRI_GAMBLING/tfMRI_GAMBLING_hp200_s12_level2.feat/Contrasts.txt","506234","MNINonLinear//Results/tfMRI_GAMBLING/tfMRI_GAMBLING_hp200_s12_level2.feat/Contrasts.txt","hBvAnovmlzjjXnmuKRyC6yrpIDpU9cKk"
"s3://hcp-openaccess/HCP_1200/506234/MNINonLinear/Results/tfMRI_GAMBLING/tfMRI_GAMBLING_hp200_s12_level2.feat/GrayordinatesStats/cope1.feat/cope1.dtseries.nii","506234","MNINonLinear//Results/tfMRI_GAMBLING/tfMRI_GAMBLING_hp200_s12_level2.feat/GrayordinatesStats/cope1.feat/cope1.dtseries.nii","bZSPqBQu8WebSZYgF8xKnC0cTkmgmVEj"
"s3://hcp-openaccess/HCP_1200/506234/MNINonLinear/Results/tfMRI_GAMBLING/tfMRI_GAMBLING_hp200_s12_level2.feat/GrayordinatesStats/cope1.feat/logfile","506234","MNINonLinear//Results/tfMRI_GAMBLING/tfMRI_GAMBLING_hp200_s12_level2.feat/GrayordinatesStats/cope1.feat/logfile","WzL9_y0DJdQOLZgvHz7Z_vbrpZAV_6Xa"
"s3://hcp-openaccess/HCP_1200/506234/MNINonLinear/Results/tfMRI_GAMBLING/tfMRI_GAMBLING_hp200_s12_level2.feat/GrayordinatesStats/cope1.feat/mask.dtseries.nii","506234","MNINonLinear//Results/tfMRI_GAMBLING/tfMRI_GAMBLING_hp200_s12_level2.feat/GrayordinatesStats/cope1.feat/mask.dtseries.nii","yfpPF_C8xyPwO6.HEazcZUx2VjRCSTBe"
"s3://hcp-openaccess/HCP_1200/506234/MNINonLinear/Results/tfMRI_GAMBLING/tfMRI_GAMBLING_hp200_s12_level2.feat/GrayordinatesStats/cope1.feat/mean_random_effects_var1.dtseries.nii","506234","MNINonLinear//Results/tfMRI_GAMBLING/tfMRI_GAMBLING_hp200_s12_level2.feat/GrayordinatesStats/cope1.feat/mean_random_effects_var1.dtseries.nii","NnWF4oaSa2c0RHE0jxhVCaLSeOj_nNNW"
"s3://hcp-openaccess/HCP_1200/506234/MNINonLinear/Results/tfMRI_GAMBLING/tfMRI_GAMBLING_hp200_s12_level2.feat/GrayordinatesStats/cope1.feat/pe1.dtseries.nii","506234","MNINonLinear//Results/tfMRI_GAMBLING/tfMRI_GAMBLING_hp200_s12_level2.feat/GrayordinatesStats/cope1.feat/pe1.dtseries.nii","9XK2eGNzX7Ebcs.1lxQ6tFUzjgI2QRqh"
"s3://hcp-openaccess/HCP_1200/506234/MNINonLinear/Results/tfMRI_GAMBLING/tfMRI_GAMBLING_hp200_s12_level2.feat/GrayordinatesStats/cope1.feat/res4d.dtseries.nii","506234","MNINonLinear//Results/tfMRI_GAMBLING/tfMRI_GAMBLING_hp200_s12_level2.feat/GrayordinatesStats/cope1.feat/res4d.dtseries.nii","FU_NgeJeQ8Al9HGeecO7tLWSNMdclP11"
"s3://hcp-openaccess/HCP_1200/506234/MNINonLinear/Results/tfMRI_GAMBLING/tfMRI_GAMBLING_hp200_s12_level2.feat/GrayordinatesStats/cope1.feat/tdof_t1.dtseries.nii","506234","MNINonLinear//Results/tfMRI_GAMBLING/tfMRI_GAMBLING_hp200_s12_level2.feat/GrayordinatesStats/cope1.feat/tdof_t1.dtseries.nii","cwJxh88E88nSoWPuoOkBZTZO7YoHY.5M"
"s3://hcp-openaccess/HCP_1200/506234/MNINonLinear/Results/tfMRI_GAMBLING/tfMRI_GAMBLING_hp200_s12_level2.feat/GrayordinatesStats/cope1.feat/tstat1.dtseries.nii","506234","MNINonLinear//Results/tfMRI_GAMBLING/tfMRI_GAMBLING_hp200_s12_level2.feat/GrayordinatesStats/cope1.feat/tstat1.dtseries.nii","wHIhhEVLYlokOVQ.LknjzJvcbSedgMcG"
"s3://hcp-openaccess/HCP_1200/506234/MNINonLinear/Results/tfMRI_GAMBLING/tfMRI_GAMBLING_hp200_s12_level2.feat/GrayordinatesStats/cope1.feat/varcope1.dtseries.nii","506234","MNINonLinear//Results/tfMRI_GAMBLING/tfMRI_GAMBLING_hp200_s12_level2.feat/GrayordinatesStats/cope1.feat/varcope1.dtseries.nii","avdCrfOqEnM2dBjSenuvHBe_DpRWbk_8"
"s3://hcp-openaccess/HCP_1200/506234/MNINonLinear/Results/tfMRI_GAMBLING/tfMRI_GAMBLING_hp200_s12_level2.feat/GrayordinatesStats/cope1.feat/weights1.dtseries.nii","506234","MNINonLinear//Results/tfMRI_GAMBLING/tfMRI_GAMBLING_hp200_s12_level2.feat/GrayordinatesStats/cope1.feat/weights1.dtseries.nii","JO.WPm2MbOApzamQC9kyNZopiAy66fzz"
"s3://hcp-openaccess/HCP_1200/506234/MNINonLinear/Results/tfMRI_GAMBLING/tfMRI_GAMBLING_hp200_s12_level2.feat/GrayordinatesStats/cope1.feat/zflame1lowertstat1.dtseries.nii","506234","MNINonLinear//Results/tfMRI_GAMBLING/tfMRI_GAMBLING_hp200_s12_level2.feat/GrayordinatesStats/cope1.feat/zflame1lowertstat1.dtseries.nii","rsXqUUhdL2tcxPkGUrm52sy0zhsg3HZu"
"s3://hcp-openaccess/HCP_1200/506234/MNINonLinear/Results/tfMRI_GAMBLING/tfMRI_GAMBLING_hp200_s12_level2.feat/GrayordinatesStats/cope1.feat/zflame1uppertstat1.dtseries.nii","506234","MNINonLinear//Results/tfMRI_GAMBLING/tfMRI_GAMBLING_hp200_s12_level2.feat/GrayordinatesStats/cope1.feat/zflame1uppertstat1.dtseries.nii","ydyK0LonYJFp_DKBMQrM31hFYxc.DoSG"
"s3://hcp-openaccess/HCP_1200/506234/MNINonLinear/Results/tfMRI_GAMBLING/tfMRI_GAMBLING_hp200_s12_level2.feat/GrayordinatesStats/cope1.feat/zstat1.dtseries.nii","506234","MNINonLinear//Results/tfMRI_GAMBLING/tfMRI_GAMBLING_hp200_s12_level2.feat/GrayordinatesStats/cope1.feat/zstat1.dtseries.nii","twrGHw8nLi3HBBXD1KTBFnqVbNgF0Kwy"
"s3://hcp-openaccess/HCP_1200/506234/MNINonLinear/Results/tfMRI_GAMBLING/tfMRI_GAMBLING_hp200_s12_level2.feat/GrayordinatesStats/cope2.feat/cope1.dtseries.nii","506234","MNINonLinear//Results/tfMRI_GAMBLING/tfMRI_GAMBLING_hp200_s12_level2.feat/GrayordinatesStats/cope2.feat/cope1.dtseries.nii","BsB8UTLBp37zVsoiLiycAZADjcyZSXtS"
"s3://hcp-openaccess/HCP_1200/506234/MNINonLinear/Results/tfMRI_GAMBLING/tfMRI_GAMBLING_hp200_s12_level2.feat/GrayordinatesStats/cope2.feat/logfile","506234","MNINonLinear//Results/tfMRI_GAMBLING/tfMRI_GAMBLING_hp200_s12_level2.feat/GrayordinatesStats/cope2.feat/logfile","rsiwqNEmMX1F7TFFjRjVqueVlg7IWhP2"
"s3://hcp-openaccess/HCP_1200/506234/MNINonLinear/Results/tfMRI_GAMBLING/tfMRI_GAMBLING_hp200_s12_level2.feat/GrayordinatesStats/cope2.feat/mask.dtseries.nii","506234","MNINonLinear//Results/tfMRI_GAMBLING/tfMRI_GAMBLING_hp200_s12_level2.feat/GrayordinatesStats/cope2.feat/mask.dtseries.nii","IcRoxx8DisMHSznoT9cbdUI2z1WuidxQ"
"s3://hcp-openaccess/HCP_1200/506234/MNINonLinear/Results/tfMRI_GAMBLING/tfMRI_GAMBLING_hp200_s12_level2.feat/GrayordinatesStats/cope2.feat/mean_random_effects_var1.dtseries.nii","506234","MNINonLinear//Results/tfMRI_GAMBLING/tfMRI_GAMBLING_hp200_s12_level2.feat/GrayordinatesStats/cope2.feat/mean_random_effects_var1.dtseries.nii","oyGvLOq3wGDcTLRg81egBuKgn9mndgrz"
"s3://hcp-openaccess/HCP_1200/506234/MNINonLinear/Results/tfMRI_GAMBLING/tfMRI_GAMBLING_hp200_s12_level2.feat/GrayordinatesStats/cope2.feat/pe1.dtseries.nii","506234","MNINonLinear//Results/tfMRI_GAMBLING/tfMRI_GAMBLING_hp200_s12_level2.feat/GrayordinatesStats/cope2.feat/pe1.dtseries.nii","QQfOtQbO3H8.I6s_Z12PiOxJQD40eAOk"
"s3://hcp-openaccess/HCP_1200/506234/MNINonLinear/Results/tfMRI_GAMBLING/tfMRI_GAMBLING_hp200_s12_level2.feat/GrayordinatesStats/cope2.feat/res4d.dtseries.nii","506234","MNINonLinear//Results/tfMRI_GAMBLING/tfMRI_GAMBLING_hp200_s12_level2.feat/GrayordinatesStats/cope2.feat/res4d.dtseries.nii","t46Tar2nA6x69NKbejHbeqsGxB14J6.P"
"s3://hcp-openaccess/HCP_1200/506234/MNINonLinear/Results/tfMRI_GAMBLING/tfMRI_GAMBLING_hp200_s12_level2.feat/GrayordinatesStats/cope2.feat/tdof_t1.dtseries.nii","506234","MNINonLinear//Results/tfMRI_GAMBLING/tfMRI_GAMBLING_hp200_s12_level2.feat/GrayordinatesStats/cope2.feat/tdof_t1.dtseries.nii","5xAnwaz8d7t76cS96_uUZ7GkkoqeTQS4"
"s3://hcp-openaccess/HCP_1200/506234/MNINonLinear/Results/tfMRI_GAMBLING/tfMRI_GAMBLING_hp200_s12_level2.feat/GrayordinatesStats/cope2.feat/tstat1.dtseries.nii","506234","MNINonLinear//Results/tfMRI_GAMBLING/tfMRI_GAMBLING_hp200_s12_level2.feat/GrayordinatesStats/cope2.feat/tstat1.dtseries.nii","dMPQAkiitDneyT9k9DV9oQlxPpZ6KNdl"
"s3://hcp-openaccess/HCP_1200/506234/MNINonLinear/Results/tfMRI_GAMBLING/tfMRI_GAMBLING_hp200_s12_level2.feat/GrayordinatesStats/cope2.feat/varcope1.dtseries.nii","506234","MNINonLinear//Results/tfMRI_GAMBLING/tfMRI_GAMBLING_hp200_s12_level2.feat/GrayordinatesStats/cope2.feat/varcope1.dtseries.nii","IFSiOahj7hq9vzyYgsBHmmYT.paelMqJ"
"s3://hcp-openaccess/HCP_1200/506234/MNINonLinear/Results/tfMRI_GAMBLING/tfMRI_GAMBLING_hp200_s12_level2.feat/GrayordinatesStats/cope2.feat/weights1.dtseries.nii","506234","MNINonLinear//Results/tfMRI_GAMBLING/tfMRI_GAMBLING_hp200_s12_level2.feat/GrayordinatesStats/cope2.feat/weights1.dtseries.nii","y7AdcENCC5OX3yUP9vjB8lvJg11FfeCm"
"s3://hcp-openaccess/HCP_1200/506234/MNINonLinear/Results/tfMRI_GAMBLING/tfMRI_GAMBLING_hp200_s12_level2.feat/GrayordinatesStats/cope2.feat/zflame1lowertstat1.dtseries.nii","506234","MNINonLinear//Results/tfMRI_GAMBLING/tfMRI_GAMBLING_hp200_s12_level2.feat/GrayordinatesStats/cope2.feat/zflame1lowertstat1.dtseries.nii","h1gfaj8yV1yvtL2nYvYxxcNoIIzsn1r3"
"s3://hcp-openaccess/HCP_1200/506234/MNINonLinear/Results/tfMRI_GAMBLING/tfMRI_GAMBLING_hp200_s12_level2.feat/GrayordinatesStats/cope2.feat/zflame1uppertstat1.dtseries.nii","506234","MNINonLinear//Results/tfMRI_GAMBLING/tfMRI_GAMBLING_hp200_s12_level2.feat/GrayordinatesStats/cope2.feat/zflame1uppertstat1.dtseries.nii","kGwubjh6rrKPrC.v.TmiI8QJuH8_UZLq"
"s3://hcp-openaccess/HCP_1200/506234/MNINonLinear/Results/tfMRI_GAMBLING/tfMRI_GAMBLING_hp200_s12_level2.feat/GrayordinatesStats/cope2.feat/zstat1.dtseries.nii","506234","MNINonLinear//Results/tfMRI_GAMBLING/tfMRI_GAMBLING_hp200_s12_level2.feat/GrayordinatesStats/cope2.feat/zstat1.dtseries.nii","UEsVZUk33fjKAQnwJh0jLXyITEXylh3R"
"s3://hcp-openaccess/HCP_1200/506234/MNINonLinear/Results/tfMRI_GAMBLING/tfMRI_GAMBLING_hp200_s12_level2.feat/GrayordinatesStats/cope3.feat/cope1.dtseries.nii","506234","MNINonLinear//Results/tfMRI_GAMBLING/tfMRI_GAMBLING_hp200_s12_level2.feat/GrayordinatesStats/cope3.feat/cope1.dtseries.nii","y2dcmfxWBY38vhK7ojPchO7L_NsFiYQt"
"s3://hcp-openaccess/HCP_1200/506234/MNINonLinear/Results/tfMRI_GAMBLING/tfMRI_GAMBLING_hp200_s12_level2.feat/GrayordinatesStats/cope3.feat/logfile","506234","MNINonLinear//Results/tfMRI_GAMBLING/tfMRI_GAMBLING_hp200_s12_level2.feat/GrayordinatesStats/cope3.feat/logfile","jGqX4cVR_N2MXHQs6_lZXb.17yiD5lnr"
"s3://hcp-openaccess/HCP_1200/506234/MNINonLinear/Results/tfMRI_GAMBLING/tfMRI_GAMBLING_hp200_s12_level2.feat/GrayordinatesStats/cope3.feat/mask.dtseries.nii","506234","MNINonLinear//Results/tfMRI_GAMBLING/tfMRI_GAMBLING_hp200_s12_level2.feat/GrayordinatesStats/cope3.feat/mask.dtseries.nii","2UUBXFmhGN5s9069JTVc5BmLwv6sIbJ_"
"s3://hcp-openaccess/HCP_1200/506234/MNINonLinear/Results/tfMRI_GAMBLING/tfMRI_GAMBLING_hp200_s12_level2.feat/GrayordinatesStats/cope3.feat/mean_random_effects_var1.dtseries.nii","506234","MNINonLinear//Results/tfMRI_GAMBLING/tfMRI_GAMBLING_hp200_s12_level2.feat/GrayordinatesStats/cope3.feat/mean_random_effects_var1.dtseries.nii","3Lg.hsUCRNzQvrYQKVbQ0V5Sqnp.VpsJ"
"s3://hcp-openaccess/HCP_1200/506234/MNINonLinear/Results/tfMRI_GAMBLING/tfMRI_GAMBLING_hp200_s12_level2.feat/GrayordinatesStats/cope3.feat/pe1.dtseries.nii","506234","MNINonLinear//Results/tfMRI_GAMBLING/tfMRI_GAMBLING_hp200_s12_level2.feat/GrayordinatesStats/cope3.feat/pe1.dtseries.nii","EPlWrXGWZOI2Q_pneSUWR6ZychIZnf.S"
"s3://hcp-openaccess/HCP_1200/506234/MNINonLinear/Results/tfMRI_GAMBLING/tfMRI_GAMBLING_hp200_s12_level2.feat/GrayordinatesStats/cope3.feat/res4d.dtseries.nii","506234","MNINonLinear//Results/tfMRI_GAMBLING/tfMRI_GAMBLING_hp200_s12_level2.feat/GrayordinatesStats/cope3.feat/res4d.dtseries.nii","p.K40ZhdhbSh_oS64vylJMScUvCuS51."
"s3://hcp-openaccess/HCP_1200/506234/MNINonLinear/Results/tfMRI_GAMBLING/tfMRI_GAMBLING_hp200_s12_level2.feat/GrayordinatesStats/cope3.feat/tdof_t1.dtseries.nii","506234","MNINonLinear//Results/tfMRI_GAMBLING/tfMRI_GAMBLING_hp200_s12_level2.feat/GrayordinatesStats/cope3.feat/tdof_t1.dtseries.nii","1uzJbKXbzU.UjMYRHRM8rdZIj3Yzvs8s"
"s3://hcp-openaccess/HCP_1200/506234/MNINonLinear/Results/tfMRI_GAMBLING/tfMRI_GAMBLING_hp200_s12_level2.feat/GrayordinatesStats/cope3.feat/tstat1.dtseries.nii","506234","MNINonLinear//Results/tfMRI_GAMBLING/tfMRI_GAMBLING_hp200_s12_level2.feat/GrayordinatesStats/cope3.feat/tstat1.dtseries.nii","IQDiBbB9REIrFY5VnUbMT9_ZER3Ura8V"
"s3://hcp-openaccess/HCP_1200/506234/MNINonLinear/Results/tfMRI_GAMBLING/tfMRI_GAMBLING_hp200_s12_level2.feat/GrayordinatesStats/cope3.feat/varcope1.dtseries.nii","506234","MNINonLinear//Results/tfMRI_GAMBLING/tfMRI_GAMBLING_hp200_s12_level2.feat/GrayordinatesStats/cope3.feat/varcope1.dtseries.nii","gM1fe4DHrMyqMHDs.XvSDzQp2938php6"
"s3://hcp-openaccess/HCP_1200/506234/MNINonLinear/Results/tfMRI_GAMBLING/tfMRI_GAMBLING_hp200_s12_level2.feat/GrayordinatesStats/cope3.feat/weights1.dtseries.nii","506234","MNINonLinear//Results/tfMRI_GAMBLING/tfMRI_GAMBLING_hp200_s12_level2.feat/GrayordinatesStats/cope3.feat/weights1.dtseries.nii","arJvGMqPsh3tLvH1KJzGnzrXzxchcWx."
"s3://hcp-openaccess/HCP_1200/506234/MNINonLinear/Results/tfMRI_GAMBLING/tfMRI_GAMBLING_hp200_s12_level2.feat/GrayordinatesStats/cope3.feat/zflame1lowertstat1.dtseries.nii","506234","MNINonLinear//Results/tfMRI_GAMBLING/tfMRI_GAMBLING_hp200_s12_level2.feat/GrayordinatesStats/cope3.feat/zflame1lowertstat1.dtseries.nii","WQWps_iIAeK7Enc3H_Dae9GiCHjeqdAT"
"s3://hcp-openaccess/HCP_1200/506234/MNINonLinear/Results/tfMRI_GAMBLING/tfMRI_GAMBLING_hp200_s12_level2.feat/GrayordinatesStats/cope3.feat/zflame1uppertstat1.dtseries.nii","506234","MNINonLinear//Results/tfMRI_GAMBLING/tfMRI_GAMBLING_hp200_s12_level2.feat/GrayordinatesStats/cope3.feat/zflame1uppertstat1.dtseries.nii","5O6qGX4BfZkmhSZWMCCbaLB7xhh_7jt6"
"s3://hcp-openaccess/HCP_1200/506234/MNINonLinear/Results/tfMRI_GAMBLING/tfMRI_GAMBLING_hp200_s12_level2.feat/GrayordinatesStats/cope3.feat/zstat1.dtseries.nii","506234","MNINonLinear//Results/tfMRI_GAMBLING/tfMRI_GAMBLING_hp200_s12_level2.feat/GrayordinatesStats/cope3.feat/zstat1.dtseries.nii","cwqCFEWFZ7J66wAD9yy6qo1_6rszGxcD"
"s3://hcp-openaccess/HCP_1200/506234/MNINonLinear/Results/tfMRI_GAMBLING/tfMRI_GAMBLING_hp200_s12_level2.feat/GrayordinatesStats/cope4.feat/cope1.dtseries.nii","506234","MNINonLinear//Results/tfMRI_GAMBLING/tfMRI_GAMBLING_hp200_s12_level2.feat/GrayordinatesStats/cope4.feat/cope1.dtseries.nii","ilNaFWSCqenIwIQ4PxOEw.56QEpdWzh9"
"s3://hcp-openaccess/HCP_1200/506234/MNINonLinear/Results/tfMRI_GAMBLING/tfMRI_GAMBLING_hp200_s12_level2.feat/GrayordinatesStats/cope4.feat/logfile","506234","MNINonLinear//Results/tfMRI_GAMBLING/tfMRI_GAMBLING_hp200_s12_level2.feat/GrayordinatesStats/cope4.feat/logfile","4bI1LjOmvucePNBQGEmnZDxMjBaAQBpa"
"s3://hcp-openaccess/HCP_1200/506234/MNINonLinear/Results/tfMRI_GAMBLING/tfMRI_GAMBLING_hp200_s12_level2.feat/GrayordinatesStats/cope4.feat/mask.dtseries.nii","506234","MNINonLinear//Results/tfMRI_GAMBLING/tfMRI_GAMBLING_hp200_s12_level2.feat/GrayordinatesStats/cope4.feat/mask.dtseries.nii","T9GWfHVt6hgIqmYBFl101Bwkp5Q6g.7c"
"s3://hcp-openaccess/HCP_1200/506234/MNINonLinear/Results/tfMRI_GAMBLING/tfMRI_GAMBLING_hp200_s12_level2.feat/GrayordinatesStats/cope4.feat/mean_random_effects_var1.dtseries.nii","506234","MNINonLinear//Results/tfMRI_GAMBLING/tfMRI_GAMBLING_hp200_s12_level2.feat/GrayordinatesStats/cope4.feat/mean_random_effects_var1.dtseries.nii","iiLVFi_1G.w7q_BriEkCq66K4Y85NSfa"
"s3://hcp-openaccess/HCP_1200/506234/MNINonLinear/Results/tfMRI_GAMBLING/tfMRI_GAMBLING_hp200_s12_level2.feat/GrayordinatesStats/cope4.feat/pe1.dtseries.nii","506234","MNINonLinear//Results/tfMRI_GAMBLING/tfMRI_GAMBLING_hp200_s12_level2.feat/GrayordinatesStats/cope4.feat/pe1.dtseries.nii","CVxC2fprkpcNreFjkdN1Gf3hfpXRaHHS"
"s3://hcp-openaccess/HCP_1200/506234/MNINonLinear/Results/tfMRI_GAMBLING/tfMRI_GAMBLING_hp200_s12_level2.feat/GrayordinatesStats/cope4.feat/res4d.dtseries.nii","506234","MNINonLinear//Results/tfMRI_GAMBLING/tfMRI_GAMBLING_hp200_s12_level2.feat/GrayordinatesStats/cope4.feat/res4d.dtseries.nii","TFxvv.CKfuwNhqdOP0B3bJSa6W2HxVA7"
"s3://hcp-openaccess/HCP_1200/506234/MNINonLinear/Results/tfMRI_GAMBLING/tfMRI_GAMBLING_hp200_s12_level2.feat/GrayordinatesStats/cope4.feat/tdof_t1.dtseries.nii","506234","MNINonLinear//Results/tfMRI_GAMBLING/tfMRI_GAMBLING_hp200_s12_level2.feat/GrayordinatesStats/cope4.feat/tdof_t1.dtseries.nii","ctK0FX7SJjBNXRdAs87EHnFzjB7EPW39"
"s3://hcp-openaccess/HCP_1200/506234/MNINonLinear/Results/tfMRI_GAMBLING/tfMRI_GAMBLING_hp200_s12_level2.feat/GrayordinatesStats/cope4.feat/tstat1.dtseries.nii","506234","MNINonLinear//Results/tfMRI_GAMBLING/tfMRI_GAMBLING_hp200_s12_level2.feat/GrayordinatesStats/cope4.feat/tstat1.dtseries.nii","KPGkZBraYsDqT_ukXdFdnBN4SORxXicN"
"s3://hcp-openaccess/HCP_1200/506234/MNINonLinear/Results/tfMRI_GAMBLING/tfMRI_GAMBLING_hp200_s12_level2.feat/GrayordinatesStats/cope4.feat/varcope1.dtseries.nii","506234","MNINonLinear//Results/tfMRI_GAMBLING/tfMRI_GAMBLING_hp200_s12_level2.feat/GrayordinatesStats/cope4.feat/varcope1.dtseries.nii","oX.PLxNkQYeRHPlrkCeuHFNvh3NhALRl"
"s3://hcp-openaccess/HCP_1200/506234/MNINonLinear/Results/tfMRI_GAMBLING/tfMRI_GAMBLING_hp200_s12_level2.feat/GrayordinatesStats/cope4.feat/weights1.dtseries.nii","506234","MNINonLinear//Results/tfMRI_GAMBLING/tfMRI_GAMBLING_hp200_s12_level2.feat/GrayordinatesStats/cope4.feat/weights1.dtseries.nii","01Ilb0tBHUwGFK7iw2z2icvvvqXmE6o1"
"s3://hcp-openaccess/HCP_1200/506234/MNINonLinear/Results/tfMRI_GAMBLING/tfMRI_GAMBLING_hp200_s12_level2.feat/GrayordinatesStats/cope4.feat/zflame1lowertstat1.dtseries.nii","506234","MNINonLinear//Results/tfMRI_GAMBLING/tfMRI_GAMBLING_hp200_s12_level2.feat/GrayordinatesStats/cope4.feat/zflame1lowertstat1.dtseries.nii","8SNBFzFFbtumgtlTPEre7xIz6gaVczy9"
"s3://hcp-openaccess/HCP_1200/506234/MNINonLinear/Results/tfMRI_GAMBLING/tfMRI_GAMBLING_hp200_s12_level2.feat/GrayordinatesStats/cope4.feat/zflame1uppertstat1.dtseries.nii","506234","MNINonLinear//Results/tfMRI_GAMBLING/tfMRI_GAMBLING_hp200_s12_level2.feat/GrayordinatesStats/cope4.feat/zflame1uppertstat1.dtseries.nii","EQ8n2hH8sBJ2F6xUcFFVDy7gTg97qK6l"
"s3://hcp-openaccess/HCP_1200/506234/MNINonLinear/Results/tfMRI_GAMBLING/tfMRI_GAMBLING_hp200_s12_level2.feat/GrayordinatesStats/cope4.feat/zstat1.dtseries.nii","506234","MNINonLinear//Results/tfMRI_GAMBLING/tfMRI_GAMBLING_hp200_s12_level2.feat/GrayordinatesStats/cope4.feat/zstat1.dtseries.nii","qr0bdi3B8d3SAYi0C_95B3Y9HeOppIK3"
"s3://hcp-openaccess/HCP_1200/506234/MNINonLinear/Results/tfMRI_GAMBLING/tfMRI_GAMBLING_hp200_s12_level2.feat/GrayordinatesStats/cope5.feat/cope1.dtseries.nii","506234","MNINonLinear//Results/tfMRI_GAMBLING/tfMRI_GAMBLING_hp200_s12_level2.feat/GrayordinatesStats/cope5.feat/cope1.dtseries.nii","xmMwPJDC3usIU8EPG7F6fpaTF2tMqXrG"
"s3://hcp-openaccess/HCP_1200/506234/MNINonLinear/Results/tfMRI_GAMBLING/tfMRI_GAMBLING_hp200_s12_level2.feat/GrayordinatesStats/cope5.feat/logfile","506234","MNINonLinear//Results/tfMRI_GAMBLING/tfMRI_GAMBLING_hp200_s12_level2.feat/GrayordinatesStats/cope5.feat/logfile","3J56HMHL2ApZ3Uiw2yZn_k4IePpm3v8L"
"s3://hcp-openaccess/HCP_1200/506234/MNINonLinear/Results/tfMRI_GAMBLING/tfMRI_GAMBLING_hp200_s12_level2.feat/GrayordinatesStats/cope5.feat/mask.dtseries.nii","506234","MNINonLinear//Results/tfMRI_GAMBLING/tfMRI_GAMBLING_hp200_s12_level2.feat/GrayordinatesStats/cope5.feat/mask.dtseries.nii","nsJJvf5O3svhrUQupmDlScgUMx4iPpYC"
"s3://hcp-openaccess/HCP_1200/506234/MNINonLinear/Results/tfMRI_GAMBLING/tfMRI_GAMBLING_hp200_s12_level2.feat/GrayordinatesStats/cope5.feat/mean_random_effects_var1.dtseries.nii","506234","MNINonLinear//Results/tfMRI_GAMBLING/tfMRI_GAMBLING_hp200_s12_level2.feat/GrayordinatesStats/cope5.feat/mean_random_effects_var1.dtseries.nii","di56nDDwMZbZIw9zjcPKIkR4xooyGGkH"
"s3://hcp-openaccess/HCP_1200/506234/MNINonLinear/Results/tfMRI_GAMBLING/tfMRI_GAMBLING_hp200_s12_level2.feat/GrayordinatesStats/cope5.feat/pe1.dtseries.nii","506234","MNINonLinear//Results/tfMRI_GAMBLING/tfMRI_GAMBLING_hp200_s12_level2.feat/GrayordinatesStats/cope5.feat/pe1.dtseries.nii","QaVccFqfFwZScNJdIMyntIe2Psscyjy3"
"s3://hcp-openaccess/HCP_1200/506234/MNINonLinear/Results/tfMRI_GAMBLING/tfMRI_GAMBLING_hp200_s12_level2.feat/GrayordinatesStats/cope5.feat/res4d.dtseries.nii","506234","MNINonLinear//Results/tfMRI_GAMBLING/tfMRI_GAMBLING_hp200_s12_level2.feat/GrayordinatesStats/cope5.feat/res4d.dtseries.nii","d3TmjzpVhT_NsxBMWaq54V9y7vknM_PU"
"s3://hcp-openaccess/HCP_1200/506234/MNINonLinear/Results/tfMRI_GAMBLING/tfMRI_GAMBLING_hp200_s12_level2.feat/GrayordinatesStats/cope5.feat/tdof_t1.dtseries.nii","506234","MNINonLinear//Results/tfMRI_GAMBLING/tfMRI_GAMBLING_hp200_s12_level2.feat/GrayordinatesStats/cope5.feat/tdof_t1.dtseries.nii","MT8781G_DJbfxcR4US3UJ2Fcoh5gW1fb"
"s3://hcp-openaccess/HCP_1200/506234/MNINonLinear/Results/tfMRI_GAMBLING/tfMRI_GAMBLING_hp200_s12_level2.feat/GrayordinatesStats/cope5.feat/tstat1.dtseries.nii","506234","MNINonLinear//Results/tfMRI_GAMBLING/tfMRI_GAMBLING_hp200_s12_level2.feat/GrayordinatesStats/cope5.feat/tstat1.dtseries.nii","U5fq8OZjaCM5ctjg6lfeN8VOMsK6K68K"
"s3://hcp-openaccess/HCP_1200/506234/MNINonLinear/Results/tfMRI_GAMBLING/tfMRI_GAMBLING_hp200_s12_level2.feat/GrayordinatesStats/cope5.feat/varcope1.dtseries.nii","506234","MNINonLinear//Results/tfMRI_GAMBLING/tfMRI_GAMBLING_hp200_s12_level2.feat/GrayordinatesStats/cope5.feat/varcope1.dtseries.nii","RE5TLH.wZPb6QtsBsQw4_Y9TwNT9IEh2"
"s3://hcp-openaccess/HCP_1200/506234/MNINonLinear/Results/tfMRI_GAMBLING/tfMRI_GAMBLING_hp200_s12_level2.feat/GrayordinatesStats/cope5.feat/weights1.dtseries.nii","506234","MNINonLinear//Results/tfMRI_GAMBLING/tfMRI_GAMBLING_hp200_s12_level2.feat/GrayordinatesStats/cope5.feat/weights1.dtseries.nii","NwcVSnN9Ui5_ShTPNj_w_frD0XxVuXVa"
"s3://hcp-openaccess/HCP_1200/506234/MNINonLinear/Results/tfMRI_GAMBLING/tfMRI_GAMBLING_hp200_s12_level2.feat/GrayordinatesStats/cope5.feat/zflame1lowertstat1.dtseries.nii","506234","MNINonLinear//Results/tfMRI_GAMBLING/tfMRI_GAMBLING_hp200_s12_level2.feat/GrayordinatesStats/cope5.feat/zflame1lowertstat1.dtseries.nii","M0yAuBb8sG4SVyUYI.7AlpwFqFKhYNME"
"s3://hcp-openaccess/HCP_1200/506234/MNINonLinear/Results/tfMRI_GAMBLING/tfMRI_GAMBLING_hp200_s12_level2.feat/GrayordinatesStats/cope5.feat/zflame1uppertstat1.dtseries.nii","506234","MNINonLinear//Results/tfMRI_GAMBLING/tfMRI_GAMBLING_hp200_s12_level2.feat/GrayordinatesStats/cope5.feat/zflame1uppertstat1.dtseries.nii","5bLcDwbp.3hvs75.cK.nBlJGdXlhxS3j"
"s3://hcp-openaccess/HCP_1200/506234/MNINonLinear/Results/tfMRI_GAMBLING/tfMRI_GAMBLING_hp200_s12_level2.feat/GrayordinatesStats/cope5.feat/zstat1.dtseries.nii","506234","MNINonLinear//Results/tfMRI_GAMBLING/tfMRI_GAMBLING_hp200_s12_level2.feat/GrayordinatesStats/cope5.feat/zstat1.dtseries.nii","S3zq4I9pZr_t.6BMN3gCqOn5_HwAxAsv"
"s3://hcp-openaccess/HCP_1200/506234/MNINonLinear/Results/tfMRI_GAMBLING/tfMRI_GAMBLING_hp200_s12_level2.feat/GrayordinatesStats/cope6.feat/cope1.dtseries.nii","506234","MNINonLinear//Results/tfMRI_GAMBLING/tfMRI_GAMBLING_hp200_s12_level2.feat/GrayordinatesStats/cope6.feat/cope1.dtseries.nii","s9QDFmdNaGc5DG83CNI2892_4KWW2HES"
"s3://hcp-openaccess/HCP_1200/506234/MNINonLinear/Results/tfMRI_GAMBLING/tfMRI_GAMBLING_hp200_s12_level2.feat/GrayordinatesStats/cope6.feat/logfile","506234","MNINonLinear//Results/tfMRI_GAMBLING/tfMRI_GAMBLING_hp200_s12_level2.feat/GrayordinatesStats/cope6.feat/logfile","7E4MCbBJA4w0wHxHNPR0o004vk0lxFPi"
"s3://hcp-openaccess/HCP_1200/506234/MNINonLinear/Results/tfMRI_GAMBLING/tfMRI_GAMBLING_hp200_s12_level2.feat/GrayordinatesStats/cope6.feat/mask.dtseries.nii","506234","MNINonLinear//Results/tfMRI_GAMBLING/tfMRI_GAMBLING_hp200_s12_level2.feat/GrayordinatesStats/cope6.feat/mask.dtseries.nii","1_AX9443TkF9X.vLmVlFMwLTcO4MX3GV"
"s3://hcp-openaccess/HCP_1200/506234/MNINonLinear/Results/tfMRI_GAMBLING/tfMRI_GAMBLING_hp200_s12_level2.feat/GrayordinatesStats/cope6.feat/mean_random_effects_var1.dtseries.nii","506234","MNINonLinear//Results/tfMRI_GAMBLING/tfMRI_GAMBLING_hp200_s12_level2.feat/GrayordinatesStats/cope6.feat/mean_random_effects_var1.dtseries.nii","AHScrB.rNzZJszSjsRCq0qfQRCgUcHMc"
"s3://hcp-openaccess/HCP_1200/506234/MNINonLinear/Results/tfMRI_GAMBLING/tfMRI_GAMBLING_hp200_s12_level2.feat/GrayordinatesStats/cope6.feat/pe1.dtseries.nii","506234","MNINonLinear//Results/tfMRI_GAMBLING/tfMRI_GAMBLING_hp200_s12_level2.feat/GrayordinatesStats/cope6.feat/pe1.dtseries.nii","N2AFuBnQlRHKI6L1Z.zpIbiZt6T3uUzS"
"s3://hcp-openaccess/HCP_1200/506234/MNINonLinear/Results/tfMRI_GAMBLING/tfMRI_GAMBLING_hp200_s12_level2.feat/GrayordinatesStats/cope6.feat/res4d.dtseries.nii","506234","MNINonLinear//Results/tfMRI_GAMBLING/tfMRI_GAMBLING_hp200_s12_level2.feat/GrayordinatesStats/cope6.feat/res4d.dtseries.nii","q9zCcAhT8KFRrZr8QNGy53nnmZa23SDH"
"s3://hcp-openaccess/HCP_1200/506234/MNINonLinear/Results/tfMRI_GAMBLING/tfMRI_GAMBLING_hp200_s12_level2.feat/GrayordinatesStats/cope6.feat/tdof_t1.dtseries.nii","506234","MNINonLinear//Results/tfMRI_GAMBLING/tfMRI_GAMBLING_hp200_s12_level2.feat/GrayordinatesStats/cope6.feat/tdof_t1.dtseries.nii","qRvROLjiuyauFvyGpwhkeUC1htlnvibL"
"s3://hcp-openaccess/HCP_1200/506234/MNINonLinear/Results/tfMRI_GAMBLING/tfMRI_GAMBLING_hp200_s12_level2.feat/GrayordinatesStats/cope6.feat/tstat1.dtseries.nii","506234","MNINonLinear//Results/tfMRI_GAMBLING/tfMRI_GAMBLING_hp200_s12_level2.feat/GrayordinatesStats/cope6.feat/tstat1.dtseries.nii","vYKqzKMY85VeB7T7ncmZKgiG5k2f9672"
"s3://hcp-openaccess/HCP_1200/506234/MNINonLinear/Results/tfMRI_GAMBLING/tfMRI_GAMBLING_hp200_s12_level2.feat/GrayordinatesStats/cope6.feat/varcope1.dtseries.nii","506234","MNINonLinear//Results/tfMRI_GAMBLING/tfMRI_GAMBLING_hp200_s12_level2.feat/GrayordinatesStats/cope6.feat/varcope1.dtseries.nii","LAY.0UN0aJcEqWBQw5gw41TVS3EsYI2e"
"s3://hcp-openaccess/HCP_1200/506234/MNINonLinear/Results/tfMRI_GAMBLING/tfMRI_GAMBLING_hp200_s12_level2.feat/GrayordinatesStats/cope6.feat/weights1.dtseries.nii","506234","MNINonLinear//Results/tfMRI_GAMBLING/tfMRI_GAMBLING_hp200_s12_level2.feat/GrayordinatesStats/cope6.feat/weights1.dtseries.nii","ZyTZM6QGiHFR7rpVNquhEuUYsywtAMOi"
"s3://hcp-openaccess/HCP_1200/506234/MNINonLinear/Results/tfMRI_GAMBLING/tfMRI_GAMBLING_hp200_s12_level2.feat/GrayordinatesStats/cope6.feat/zflame1lowertstat1.dtseries.nii","506234","MNINonLinear//Results/tfMRI_GAMBLING/tfMRI_GAMBLING_hp200_s12_level2.feat/GrayordinatesStats/cope6.feat/zflame1lowertstat1.dtseries.nii","GkVfVVbUsyPid0JpYEhjkBfCBWqOT_q_"
"s3://hcp-openaccess/HCP_1200/506234/MNINonLinear/Results/tfMRI_GAMBLING/tfMRI_GAMBLING_hp200_s12_level2.feat/GrayordinatesStats/cope6.feat/zflame1uppertstat1.dtseries.nii","506234","MNINonLinear//Results/tfMRI_GAMBLING/tfMRI_GAMBLING_hp200_s12_level2.feat/GrayordinatesStats/cope6.feat/zflame1uppertstat1.dtseries.nii","Y8JgVdAGI3iUG_RJ_xSP4EMBCRZRBlnu"
"s3://hcp-openaccess/HCP_1200/506234/MNINonLinear/Results/tfMRI_GAMBLING/tfMRI_GAMBLING_hp200_s12_level2.feat/GrayordinatesStats/cope6.feat/zstat1.dtseries.nii","506234","MNINonLinear//Results/tfMRI_GAMBLING/tfMRI_GAMBLING_hp200_s12_level2.feat/GrayordinatesStats/cope6.feat/zstat1.dtseries.nii","o33nWw3nThmrhHxPliW5.JxV3Z9RA6ch"
"s3://hcp-openaccess/HCP_1200/506234/MNINonLinear/Results/tfMRI_GAMBLING/tfMRI_GAMBLING_hp200_s12_level2.feat/design.con","506234","MNINonLinear//Results/tfMRI_GAMBLING/tfMRI_GAMBLING_hp200_s12_level2.feat/design.con","CmHWK6oWpic47Mo16bj3BPIV469auZv0"
"s3://hcp-openaccess/HCP_1200/506234/MNINonLinear/Results/tfMRI_GAMBLING/tfMRI_GAMBLING_hp200_s12_level2.feat/design.fsf","506234","MNINonLinear//Results/tfMRI_GAMBLING/tfMRI_GAMBLING_hp200_s12_level2.feat/design.fsf","Y4FtWpPQleUI0qzpeZpdeWpM8XbymcRh"
"s3://hcp-openaccess/HCP_1200/506234/MNINonLinear/Results/tfMRI_GAMBLING/tfMRI_GAMBLING_hp200_s12_level2.feat/design.grp","506234","MNINonLinear//Results/tfMRI_GAMBLING/tfMRI_GAMBLING_hp200_s12_level2.feat/design.grp","R.ZaQvAMYwMmyLAJ21t8YS1pFUfLtAZo"
"s3://hcp-openaccess/HCP_1200/506234/MNINonLinear/Results/tfMRI_GAMBLING/tfMRI_GAMBLING_hp200_s12_level2.feat/design.mat","506234","MNINonLinear//Results/tfMRI_GAMBLING/tfMRI_GAMBLING_hp200_s12_level2.feat/design.mat","M00X9xEyDGY0FuUt74Ufj9axS8ON1YKV"
"s3://hcp-openaccess/HCP_1200/506234/MNINonLinear/Results/tfMRI_GAMBLING/tfMRI_GAMBLING_hp200_s12_level2.feat/design.png","506234","MNINonLinear//Results/tfMRI_GAMBLING/tfMRI_GAMBLING_hp200_s12_level2.feat/design.png","fpdX2QZXqZveTc7y9d1zUtOscHIE9zCl"
"s3://hcp-openaccess/HCP_1200/506234/MNINonLinear/Results/tfMRI_GAMBLING/tfMRI_GAMBLING_hp200_s12_level2.feat/design.ppm","506234","MNINonLinear//Results/tfMRI_GAMBLING/tfMRI_GAMBLING_hp200_s12_level2.feat/design.ppm","SS8i_pdbvJ2K2GiTtEZgZpwlTkIBgz1z"
"s3://hcp-openaccess/HCP_1200/506234/MNINonLinear/Results/tfMRI_GAMBLING/tfMRI_GAMBLING_hp200_s12_level2.feat/design_cov.png","506234","MNINonLinear//Results/tfMRI_GAMBLING/tfMRI_GAMBLING_hp200_s12_level2.feat/design_cov.png","fUyIja1j8VaP11Zat6MpvcTmtRPZAb81"
"s3://hcp-openaccess/HCP_1200/506234/MNINonLinear/Results/tfMRI_GAMBLING/tfMRI_GAMBLING_hp200_s12_level2.feat/design_cov.ppm","506234","MNINonLinear//Results/tfMRI_GAMBLING/tfMRI_GAMBLING_hp200_s12_level2.feat/design_cov.ppm","8wTDguIvW64nCTUBtT1E1669uUXNFVUV"
"s3://hcp-openaccess/HCP_1200/506234/MNINonLinear/Results/tfMRI_GAMBLING/tfMRI_GAMBLING_hp200_s2_level2.feat/506234_tfMRI_GAMBLING_level2_hp200_s2.dscalar.nii","506234","MNINonLinear//Results/tfMRI_GAMBLING/tfMRI_GAMBLING_hp200_s2_level2.feat/506234_tfMRI_GAMBLING_level2_hp200_s2.dscalar.nii","S6o_UX_jyXa2.lLDeoMt0Y6hFyPWWIGX"
"s3://hcp-openaccess/HCP_1200/506234/MNINonLinear/Results/tfMRI_GAMBLING/tfMRI_GAMBLING_hp200_s2_level2.feat/Contrasts.txt","506234","MNINonLinear//Results/tfMRI_GAMBLING/tfMRI_GAMBLING_hp200_s2_level2.feat/Contrasts.txt","wvOptFYmH6yh1ZaaWHIhdEodYFtVy_Ti"
"s3://hcp-openaccess/HCP_1200/506234/MNINonLinear/Results/tfMRI_GAMBLING/tfMRI_GAMBLING_hp200_s2_level2.feat/GrayordinatesStats/cope1.feat/cope1.dtseries.nii","506234","MNINonLinear//Results/tfMRI_GAMBLING/tfMRI_GAMBLING_hp200_s2_level2.feat/GrayordinatesStats/cope1.feat/cope1.dtseries.nii","Air8awdHdq4qOL1yUb_PiHYw3lqLT1dm"
"s3://hcp-openaccess/HCP_1200/506234/MNINonLinear/Results/tfMRI_GAMBLING/tfMRI_GAMBLING_hp200_s2_level2.feat/GrayordinatesStats/cope1.feat/logfile","506234","MNINonLinear//Results/tfMRI_GAMBLING/tfMRI_GAMBLING_hp200_s2_level2.feat/GrayordinatesStats/cope1.feat/logfile","zsUfUb25iWQuVs0ToKjDPxwDdKi4uJcR"
"s3://hcp-openaccess/HCP_1200/506234/MNINonLinear/Results/tfMRI_GAMBLING/tfMRI_GAMBLING_hp200_s2_level2.feat/GrayordinatesStats/cope1.feat/mask.dtseries.nii","506234","MNINonLinear//Results/tfMRI_GAMBLING/tfMRI_GAMBLING_hp200_s2_level2.feat/GrayordinatesStats/cope1.feat/mask.dtseries.nii","rKPkDIN_594KtGDgGB1a3fBy.9eWVE_E"
"s3://hcp-openaccess/HCP_1200/506234/MNINonLinear/Results/tfMRI_GAMBLING/tfMRI_GAMBLING_hp200_s2_level2.feat/GrayordinatesStats/cope1.feat/mean_random_effects_var1.dtseries.nii","506234","MNINonLinear//Results/tfMRI_GAMBLING/tfMRI_GAMBLING_hp200_s2_level2.feat/GrayordinatesStats/cope1.feat/mean_random_effects_var1.dtseries.nii","CzU_LJ2UBclIZmGYv96_YC8NgPLGna5Y"
"s3://hcp-openaccess/HCP_1200/506234/MNINonLinear/Results/tfMRI_GAMBLING/tfMRI_GAMBLING_hp200_s2_level2.feat/GrayordinatesStats/cope1.feat/pe1.dtseries.nii","506234","MNINonLinear//Results/tfMRI_GAMBLING/tfMRI_GAMBLING_hp200_s2_level2.feat/GrayordinatesStats/cope1.feat/pe1.dtseries.nii","FHix3nnueG_e9jlsgx.dGtizO81yqMLF"
"s3://hcp-openaccess/HCP_1200/506234/MNINonLinear/Results/tfMRI_GAMBLING/tfMRI_GAMBLING_hp200_s2_level2.feat/GrayordinatesStats/cope1.feat/res4d.dtseries.nii","506234","MNINonLinear//Results/tfMRI_GAMBLING/tfMRI_GAMBLING_hp200_s2_level2.feat/GrayordinatesStats/cope1.feat/res4d.dtseries.nii","PK159HeQq6VU0GvuQ20s8pMIPca5VU8t"
"s3://hcp-openaccess/HCP_1200/506234/MNINonLinear/Results/tfMRI_GAMBLING/tfMRI_GAMBLING_hp200_s2_level2.feat/GrayordinatesStats/cope1.feat/tdof_t1.dtseries.nii","506234","MNINonLinear//Results/tfMRI_GAMBLING/tfMRI_GAMBLING_hp200_s2_level2.feat/GrayordinatesStats/cope1.feat/tdof_t1.dtseries.nii","hv.lapRXwY4nmYn.ekLzBbzYPertNuJO"
"s3://hcp-openaccess/HCP_1200/506234/MNINonLinear/Results/tfMRI_GAMBLING/tfMRI_GAMBLING_hp200_s2_level2.feat/GrayordinatesStats/cope1.feat/tstat1.dtseries.nii","506234","MNINonLinear//Results/tfMRI_GAMBLING/tfMRI_GAMBLING_hp200_s2_level2.feat/GrayordinatesStats/cope1.feat/tstat1.dtseries.nii","2zQ28nG2RU7Jzp5pZ7FDmfiWUIm9whKP"
"s3://hcp-openaccess/HCP_1200/506234/MNINonLinear/Results/tfMRI_GAMBLING/tfMRI_GAMBLING_hp200_s2_level2.feat/GrayordinatesStats/cope1.feat/varcope1.dtseries.nii","506234","MNINonLinear//Results/tfMRI_GAMBLING/tfMRI_GAMBLING_hp200_s2_level2.feat/GrayordinatesStats/cope1.feat/varcope1.dtseries.nii","wxVP5BiYUCi3_hu3eHMctqCUUEODym2s"
"s3://hcp-openaccess/HCP_1200/506234/MNINonLinear/Results/tfMRI_GAMBLING/tfMRI_GAMBLING_hp200_s2_level2.feat/GrayordinatesStats/cope1.feat/weights1.dtseries.nii","506234","MNINonLinear//Results/tfMRI_GAMBLING/tfMRI_GAMBLING_hp200_s2_level2.feat/GrayordinatesStats/cope1.feat/weights1.dtseries.nii","p.y1NcTz3kR2iCDTnR6wP5qA6svOPKzJ"
"s3://hcp-openaccess/HCP_1200/506234/MNINonLinear/Results/tfMRI_GAMBLING/tfMRI_GAMBLING_hp200_s2_level2.feat/GrayordinatesStats/cope1.feat/zflame1lowertstat1.dtseries.nii","506234","MNINonLinear//Results/tfMRI_GAMBLING/tfMRI_GAMBLING_hp200_s2_level2.feat/GrayordinatesStats/cope1.feat/zflame1lowertstat1.dtseries.nii","_0BSs_pv1dfj1GJRSKNSREJ_w5TElfFf"
"s3://hcp-openaccess/HCP_1200/506234/MNINonLinear/Results/tfMRI_GAMBLING/tfMRI_GAMBLING_hp200_s2_level2.feat/GrayordinatesStats/cope1.feat/zflame1uppertstat1.dtseries.nii","506234","MNINonLinear//Results/tfMRI_GAMBLING/tfMRI_GAMBLING_hp200_s2_level2.feat/GrayordinatesStats/cope1.feat/zflame1uppertstat1.dtseries.nii","sBZzUFR5LU3kZzltbCBRIlzWvZZVMlBB"
"s3://hcp-openaccess/HCP_1200/506234/MNINonLinear/Results/tfMRI_GAMBLING/tfMRI_GAMBLING_hp200_s2_level2.feat/GrayordinatesStats/cope1.feat/zstat1.dtseries.nii","506234","MNINonLinear//Results/tfMRI_GAMBLING/tfMRI_GAMBLING_hp200_s2_level2.feat/GrayordinatesStats/cope1.feat/zstat1.dtseries.nii","wgYIMGHyXw9M_gm09g2WrDN7waL.MnCh"
"s3://hcp-openaccess/HCP_1200/506234/MNINonLinear/Results/tfMRI_GAMBLING/tfMRI_GAMBLING_hp200_s2_level2.feat/GrayordinatesStats/cope2.feat/cope1.dtseries.nii","506234","MNINonLinear//Results/tfMRI_GAMBLING/tfMRI_GAMBLING_hp200_s2_level2.feat/GrayordinatesStats/cope2.feat/cope1.dtseries.nii","Jbz5HJ3sffqThCGItHiFBj0At0r3tePw"
"s3://hcp-openaccess/HCP_1200/506234/MNINonLinear/Results/tfMRI_GAMBLING/tfMRI_GAMBLING_hp200_s2_level2.feat/GrayordinatesStats/cope2.feat/logfile","506234","MNINonLinear//Results/tfMRI_GAMBLING/tfMRI_GAMBLING_hp200_s2_level2.feat/GrayordinatesStats/cope2.feat/logfile","FgrC5WJIiuBu8G0eA7.ndXzqNMMKrOrE"
"s3://hcp-openaccess/HCP_1200/506234/MNINonLinear/Results/tfMRI_GAMBLING/tfMRI_GAMBLING_hp200_s2_level2.feat/GrayordinatesStats/cope2.feat/mask.dtseries.nii","506234","MNINonLinear//Results/tfMRI_GAMBLING/tfMRI_GAMBLING_hp200_s2_level2.feat/GrayordinatesStats/cope2.feat/mask.dtseries.nii","ztyf_CpKdhL9QmNGbA4dO0GP8TS_wrBj"
"s3://hcp-openaccess/HCP_1200/506234/MNINonLinear/Results/tfMRI_GAMBLING/tfMRI_GAMBLING_hp200_s2_level2.feat/GrayordinatesStats/cope2.feat/mean_random_effects_var1.dtseries.nii","506234","MNINonLinear//Results/tfMRI_GAMBLING/tfMRI_GAMBLING_hp200_s2_level2.feat/GrayordinatesStats/cope2.feat/mean_random_effects_var1.dtseries.nii","xwjahQ.iq5IwWloNKRTi5LoX1QzNJSY8"
"s3://hcp-openaccess/HCP_1200/506234/MNINonLinear/Results/tfMRI_GAMBLING/tfMRI_GAMBLING_hp200_s2_level2.feat/GrayordinatesStats/cope2.feat/pe1.dtseries.nii","506234","MNINonLinear//Results/tfMRI_GAMBLING/tfMRI_GAMBLING_hp200_s2_level2.feat/GrayordinatesStats/cope2.feat/pe1.dtseries.nii","SObQd_trNMqG3OG5gAVDK2Bf_Jdebqp1"
"s3://hcp-openaccess/HCP_1200/506234/MNINonLinear/Results/tfMRI_GAMBLING/tfMRI_GAMBLING_hp200_s2_level2.feat/GrayordinatesStats/cope2.feat/res4d.dtseries.nii","506234","MNINonLinear//Results/tfMRI_GAMBLING/tfMRI_GAMBLING_hp200_s2_level2.feat/GrayordinatesStats/cope2.feat/res4d.dtseries.nii","aPsfE2uJHVo85dOnFoAm59hOC30hnuiF"
"s3://hcp-openaccess/HCP_1200/506234/MNINonLinear/Results/tfMRI_GAMBLING/tfMRI_GAMBLING_hp200_s2_level2.feat/GrayordinatesStats/cope2.feat/tdof_t1.dtseries.nii","506234","MNINonLinear//Results/tfMRI_GAMBLING/tfMRI_GAMBLING_hp200_s2_level2.feat/GrayordinatesStats/cope2.feat/tdof_t1.dtseries.nii","CySkDRa8KPwmfOHymq0qJBHUqAnrB39i"
"s3://hcp-openaccess/HCP_1200/506234/MNINonLinear/Results/tfMRI_GAMBLING/tfMRI_GAMBLING_hp200_s2_level2.feat/GrayordinatesStats/cope2.feat/tstat1.dtseries.nii","506234","MNINonLinear//Results/tfMRI_GAMBLING/tfMRI_GAMBLING_hp200_s2_level2.feat/GrayordinatesStats/cope2.feat/tstat1.dtseries.nii","ucGCsPNlpdkFWnAvJcIiOPFf8PbvFCVR"
"s3://hcp-openaccess/HCP_1200/506234/MNINonLinear/Results/tfMRI_GAMBLING/tfMRI_GAMBLING_hp200_s2_level2.feat/GrayordinatesStats/cope2.feat/varcope1.dtseries.nii","506234","MNINonLinear//Results/tfMRI_GAMBLING/tfMRI_GAMBLING_hp200_s2_level2.feat/GrayordinatesStats/cope2.feat/varcope1.dtseries.nii","0hsjT_dnQnbO29ReEKESXHto1HxIoMf3"
"s3://hcp-openaccess/HCP_1200/506234/MNINonLinear/Results/tfMRI_GAMBLING/tfMRI_GAMBLING_hp200_s2_level2.feat/GrayordinatesStats/cope2.feat/weights1.dtseries.nii","506234","MNINonLinear//Results/tfMRI_GAMBLING/tfMRI_GAMBLING_hp200_s2_level2.feat/GrayordinatesStats/cope2.feat/weights1.dtseries.nii","HeJtr9e1yhn4r7sC5k0.3KSlw6JQ7XNz"
"s3://hcp-openaccess/HCP_1200/506234/MNINonLinear/Results/tfMRI_GAMBLING/tfMRI_GAMBLING_hp200_s2_level2.feat/GrayordinatesStats/cope2.feat/zflame1lowertstat1.dtseries.nii","506234","MNINonLinear//Results/tfMRI_GAMBLING/tfMRI_GAMBLING_hp200_s2_level2.feat/GrayordinatesStats/cope2.feat/zflame1lowertstat1.dtseries.nii","RsxtjkW2.Mw.Zy7h3s3n8t2h.pp61hgy"
"s3://hcp-openaccess/HCP_1200/506234/MNINonLinear/Results/tfMRI_GAMBLING/tfMRI_GAMBLING_hp200_s2_level2.feat/GrayordinatesStats/cope2.feat/zflame1uppertstat1.dtseries.nii","506234","MNINonLinear//Results/tfMRI_GAMBLING/tfMRI_GAMBLING_hp200_s2_level2.feat/GrayordinatesStats/cope2.feat/zflame1uppertstat1.dtseries.nii","0.UhJxt_W5e4E8j.UBuIkxr07CurSnAs"
"s3://hcp-openaccess/HCP_1200/506234/MNINonLinear/Results/tfMRI_GAMBLING/tfMRI_GAMBLING_hp200_s2_level2.feat/GrayordinatesStats/cope2.feat/zstat1.dtseries.nii","506234","MNINonLinear//Results/tfMRI_GAMBLING/tfMRI_GAMBLING_hp200_s2_level2.feat/GrayordinatesStats/cope2.feat/zstat1.dtseries.nii","C.dwURK7o3nF8whEL.Ef.84B5VUM_I8t"
"s3://hcp-openaccess/HCP_1200/506234/MNINonLinear/Results/tfMRI_GAMBLING/tfMRI_GAMBLING_hp200_s2_level2.feat/GrayordinatesStats/cope3.feat/cope1.dtseries.nii","506234","MNINonLinear//Results/tfMRI_GAMBLING/tfMRI_GAMBLING_hp200_s2_level2.feat/GrayordinatesStats/cope3.feat/cope1.dtseries.nii","JEc4KIJO4F9k9FiAs3zaq2ezjy01WPiD"
"s3://hcp-openaccess/HCP_1200/506234/MNINonLinear/Results/tfMRI_GAMBLING/tfMRI_GAMBLING_hp200_s2_level2.feat/GrayordinatesStats/cope3.feat/logfile","506234","MNINonLinear//Results/tfMRI_GAMBLING/tfMRI_GAMBLING_hp200_s2_level2.feat/GrayordinatesStats/cope3.feat/logfile","56qBiPywxkjE9.LDC23MXQ1.AuuSJU59"
"s3://hcp-openaccess/HCP_1200/506234/MNINonLinear/Results/tfMRI_GAMBLING/tfMRI_GAMBLING_hp200_s2_level2.feat/GrayordinatesStats/cope3.feat/mask.dtseries.nii","506234","MNINonLinear//Results/tfMRI_GAMBLING/tfMRI_GAMBLING_hp200_s2_level2.feat/GrayordinatesStats/cope3.feat/mask.dtseries.nii","ODCgamYNw1vAypASm2EHnsktj3XxPSI9"
"s3://hcp-openaccess/HCP_1200/506234/MNINonLinear/Results/tfMRI_GAMBLING/tfMRI_GAMBLING_hp200_s2_level2.feat/GrayordinatesStats/cope3.feat/mean_random_effects_var1.dtseries.nii","506234","MNINonLinear//Results/tfMRI_GAMBLING/tfMRI_GAMBLING_hp200_s2_level2.feat/GrayordinatesStats/cope3.feat/mean_random_effects_var1.dtseries.nii","39YMq9wmbPPJlE9z4Co_pJ5FlhkO6uui"
"s3://hcp-openaccess/HCP_1200/506234/MNINonLinear/Results/tfMRI_GAMBLING/tfMRI_GAMBLING_hp200_s2_level2.feat/GrayordinatesStats/cope3.feat/pe1.dtseries.nii","506234","MNINonLinear//Results/tfMRI_GAMBLING/tfMRI_GAMBLING_hp200_s2_level2.feat/GrayordinatesStats/cope3.feat/pe1.dtseries.nii","ExFr5mpAZhpFstZXlNp12TPx5GVsH7qB"
"s3://hcp-openaccess/HCP_1200/506234/MNINonLinear/Results/tfMRI_GAMBLING/tfMRI_GAMBLING_hp200_s2_level2.feat/GrayordinatesStats/cope3.feat/res4d.dtseries.nii","506234","MNINonLinear//Results/tfMRI_GAMBLING/tfMRI_GAMBLING_hp200_s2_level2.feat/GrayordinatesStats/cope3.feat/res4d.dtseries.nii","a9n30uF1Yy_r7RtQ9C_xLXga0xkuQkdK"
"s3://hcp-openaccess/HCP_1200/506234/MNINonLinear/Results/tfMRI_GAMBLING/tfMRI_GAMBLING_hp200_s2_level2.feat/GrayordinatesStats/cope3.feat/tdof_t1.dtseries.nii","506234","MNINonLinear//Results/tfMRI_GAMBLING/tfMRI_GAMBLING_hp200_s2_level2.feat/GrayordinatesStats/cope3.feat/tdof_t1.dtseries.nii","H0jhp5WsA36lHV9q.GJbZu3wdamo2BOQ"
"s3://hcp-openaccess/HCP_1200/506234/MNINonLinear/Results/tfMRI_GAMBLING/tfMRI_GAMBLING_hp200_s2_level2.feat/GrayordinatesStats/cope3.feat/tstat1.dtseries.nii","506234","MNINonLinear//Results/tfMRI_GAMBLING/tfMRI_GAMBLING_hp200_s2_level2.feat/GrayordinatesStats/cope3.feat/tstat1.dtseries.nii","pTcGuOClkuTvJlq5kUyG.Tu4J41xYBXv"
"s3://hcp-openaccess/HCP_1200/506234/MNINonLinear/Results/tfMRI_GAMBLING/tfMRI_GAMBLING_hp200_s2_level2.feat/GrayordinatesStats/cope3.feat/varcope1.dtseries.nii","506234","MNINonLinear//Results/tfMRI_GAMBLING/tfMRI_GAMBLING_hp200_s2_level2.feat/GrayordinatesStats/cope3.feat/varcope1.dtseries.nii","Itum6KZaBsi7sGK615GhjHjrXdC_gldh"
"s3://hcp-openaccess/HCP_1200/506234/MNINonLinear/Results/tfMRI_GAMBLING/tfMRI_GAMBLING_hp200_s2_level2.feat/GrayordinatesStats/cope3.feat/weights1.dtseries.nii","506234","MNINonLinear//Results/tfMRI_GAMBLING/tfMRI_GAMBLING_hp200_s2_level2.feat/GrayordinatesStats/cope3.feat/weights1.dtseries.nii","6gXMPfsl5tcPhHqE4cIlh7j6dyIT8T8L"
"s3://hcp-openaccess/HCP_1200/506234/MNINonLinear/Results/tfMRI_GAMBLING/tfMRI_GAMBLING_hp200_s2_level2.feat/GrayordinatesStats/cope3.feat/zflame1lowertstat1.dtseries.nii","506234","MNINonLinear//Results/tfMRI_GAMBLING/tfMRI_GAMBLING_hp200_s2_level2.feat/GrayordinatesStats/cope3.feat/zflame1lowertstat1.dtseries.nii","rfFPEjlCDMtYtal5WxizGJVFdofnU4s."
"s3://hcp-openaccess/HCP_1200/506234/MNINonLinear/Results/tfMRI_GAMBLING/tfMRI_GAMBLING_hp200_s2_level2.feat/GrayordinatesStats/cope3.feat/zflame1uppertstat1.dtseries.nii","506234","MNINonLinear//Results/tfMRI_GAMBLING/tfMRI_GAMBLING_hp200_s2_level2.feat/GrayordinatesStats/cope3.feat/zflame1uppertstat1.dtseries.nii","zDfev1aj7AYDK1Pv1hFMECt5BhfAYhxE"
"s3://hcp-openaccess/HCP_1200/506234/MNINonLinear/Results/tfMRI_GAMBLING/tfMRI_GAMBLING_hp200_s2_level2.feat/GrayordinatesStats/cope3.feat/zstat1.dtseries.nii","506234","MNINonLinear//Results/tfMRI_GAMBLING/tfMRI_GAMBLING_hp200_s2_level2.feat/GrayordinatesStats/cope3.feat/zstat1.dtseries.nii","bhEm3vBloeWmL95ed60DQviGtEgTfFza"
"s3://hcp-openaccess/HCP_1200/506234/MNINonLinear/Results/tfMRI_GAMBLING/tfMRI_GAMBLING_hp200_s2_level2.feat/GrayordinatesStats/cope4.feat/cope1.dtseries.nii","506234","MNINonLinear//Results/tfMRI_GAMBLING/tfMRI_GAMBLING_hp200_s2_level2.feat/GrayordinatesStats/cope4.feat/cope1.dtseries.nii","2Bz_IO84XNvdzJe5oDyHsIIaDJhOjgoN"
"s3://hcp-openaccess/HCP_1200/506234/MNINonLinear/Results/tfMRI_GAMBLING/tfMRI_GAMBLING_hp200_s2_level2.feat/GrayordinatesStats/cope4.feat/logfile","506234","MNINonLinear//Results/tfMRI_GAMBLING/tfMRI_GAMBLING_hp200_s2_level2.feat/GrayordinatesStats/cope4.feat/logfile",".b5B5hulhpw0.9qQbNvqTQtxFaFvPA4b"
"s3://hcp-openaccess/HCP_1200/506234/MNINonLinear/Results/tfMRI_GAMBLING/tfMRI_GAMBLING_hp200_s2_level2.feat/GrayordinatesStats/cope4.feat/mask.dtseries.nii","506234","MNINonLinear//Results/tfMRI_GAMBLING/tfMRI_GAMBLING_hp200_s2_level2.feat/GrayordinatesStats/cope4.feat/mask.dtseries.nii","AwLcfQgQBA8BN8tYbs0hJES3YQ0RBn0m"
"s3://hcp-openaccess/HCP_1200/506234/MNINonLinear/Results/tfMRI_GAMBLING/tfMRI_GAMBLING_hp200_s2_level2.feat/GrayordinatesStats/cope4.feat/mean_random_effects_var1.dtseries.nii","506234","MNINonLinear//Results/tfMRI_GAMBLING/tfMRI_GAMBLING_hp200_s2_level2.feat/GrayordinatesStats/cope4.feat/mean_random_effects_var1.dtseries.nii","hyD7KSTtJyO7j8khbPJRSRkKK1Y2PNgN"
"s3://hcp-openaccess/HCP_1200/506234/MNINonLinear/Results/tfMRI_GAMBLING/tfMRI_GAMBLING_hp200_s2_level2.feat/GrayordinatesStats/cope4.feat/pe1.dtseries.nii","506234","MNINonLinear//Results/tfMRI_GAMBLING/tfMRI_GAMBLING_hp200_s2_level2.feat/GrayordinatesStats/cope4.feat/pe1.dtseries.nii","FIJpe9h0VfW6Wl0uhw.VeBy0pFKm.TOd"
"s3://hcp-openaccess/HCP_1200/506234/MNINonLinear/Results/tfMRI_GAMBLING/tfMRI_GAMBLING_hp200_s2_level2.feat/GrayordinatesStats/cope4.feat/res4d.dtseries.nii","506234","MNINonLinear//Results/tfMRI_GAMBLING/tfMRI_GAMBLING_hp200_s2_level2.feat/GrayordinatesStats/cope4.feat/res4d.dtseries.nii","FdYt7jlJwXcbMCuMSyvJyU33NeuL88DF"
"s3://hcp-openaccess/HCP_1200/506234/MNINonLinear/Results/tfMRI_GAMBLING/tfMRI_GAMBLING_hp200_s2_level2.feat/GrayordinatesStats/cope4.feat/tdof_t1.dtseries.nii","506234","MNINonLinear//Results/tfMRI_GAMBLING/tfMRI_GAMBLING_hp200_s2_level2.feat/GrayordinatesStats/cope4.feat/tdof_t1.dtseries.nii","Gr36UCcDZKfpqzsG.N811PREovFdUeKv"
"s3://hcp-openaccess/HCP_1200/506234/MNINonLinear/Results/tfMRI_GAMBLING/tfMRI_GAMBLING_hp200_s2_level2.feat/GrayordinatesStats/cope4.feat/tstat1.dtseries.nii","506234","MNINonLinear//Results/tfMRI_GAMBLING/tfMRI_GAMBLING_hp200_s2_level2.feat/GrayordinatesStats/cope4.feat/tstat1.dtseries.nii","Kq8ZRPTEBQqpU4N69tcPXXmxhkd7SYfI"
"s3://hcp-openaccess/HCP_1200/506234/MNINonLinear/Results/tfMRI_GAMBLING/tfMRI_GAMBLING_hp200_s2_level2.feat/GrayordinatesStats/cope4.feat/varcope1.dtseries.nii","506234","MNINonLinear//Results/tfMRI_GAMBLING/tfMRI_GAMBLING_hp200_s2_level2.feat/GrayordinatesStats/cope4.feat/varcope1.dtseries.nii","36lzxLM2WqDDCq36egNHtBprqVIsoXVg"
"s3://hcp-openaccess/HCP_1200/506234/MNINonLinear/Results/tfMRI_GAMBLING/tfMRI_GAMBLING_hp200_s2_level2.feat/GrayordinatesStats/cope4.feat/weights1.dtseries.nii","506234","MNINonLinear//Results/tfMRI_GAMBLING/tfMRI_GAMBLING_hp200_s2_level2.feat/GrayordinatesStats/cope4.feat/weights1.dtseries.nii","oDm7MSiq.mO7DNXnLS740nRn.RDwz7u."
"s3://hcp-openaccess/HCP_1200/506234/MNINonLinear/Results/tfMRI_GAMBLING/tfMRI_GAMBLING_hp200_s2_level2.feat/GrayordinatesStats/cope4.feat/zflame1lowertstat1.dtseries.nii","506234","MNINonLinear//Results/tfMRI_GAMBLING/tfMRI_GAMBLING_hp200_s2_level2.feat/GrayordinatesStats/cope4.feat/zflame1lowertstat1.dtseries.nii","AsYHm5yhuBGMv81SXEnsKOytVyXGT3di"
"s3://hcp-openaccess/HCP_1200/506234/MNINonLinear/Results/tfMRI_GAMBLING/tfMRI_GAMBLING_hp200_s2_level2.feat/GrayordinatesStats/cope4.feat/zflame1uppertstat1.dtseries.nii","506234","MNINonLinear//Results/tfMRI_GAMBLING/tfMRI_GAMBLING_hp200_s2_level2.feat/GrayordinatesStats/cope4.feat/zflame1uppertstat1.dtseries.nii","pT1p1K4lEsadVLUQgl0QYOTrwSM2Qozd"
"s3://hcp-openaccess/HCP_1200/506234/MNINonLinear/Results/tfMRI_GAMBLING/tfMRI_GAMBLING_hp200_s2_level2.feat/GrayordinatesStats/cope4.feat/zstat1.dtseries.nii","506234","MNINonLinear//Results/tfMRI_GAMBLING/tfMRI_GAMBLING_hp200_s2_level2.feat/GrayordinatesStats/cope4.feat/zstat1.dtseries.nii","T8BuJk3QDs7qrf9Atq6GhBpHpdMCeCM9"
"s3://hcp-openaccess/HCP_1200/506234/MNINonLinear/Results/tfMRI_GAMBLING/tfMRI_GAMBLING_hp200_s2_level2.feat/GrayordinatesStats/cope5.feat/cope1.dtseries.nii","506234","MNINonLinear//Results/tfMRI_GAMBLING/tfMRI_GAMBLING_hp200_s2_level2.feat/GrayordinatesStats/cope5.feat/cope1.dtseries.nii","lWf65ioyCDiRtVVnVICJnDiG17wZA52_"
"s3://hcp-openaccess/HCP_1200/506234/MNINonLinear/Results/tfMRI_GAMBLING/tfMRI_GAMBLING_hp200_s2_level2.feat/GrayordinatesStats/cope5.feat/logfile","506234","MNINonLinear//Results/tfMRI_GAMBLING/tfMRI_GAMBLING_hp200_s2_level2.feat/GrayordinatesStats/cope5.feat/logfile","awvJKi8sZhl.EQA_sMXC_UX2pmFt_roW"
"s3://hcp-openaccess/HCP_1200/506234/MNINonLinear/Results/tfMRI_GAMBLING/tfMRI_GAMBLING_hp200_s2_level2.feat/GrayordinatesStats/cope5.feat/mask.dtseries.nii","506234","MNINonLinear//Results/tfMRI_GAMBLING/tfMRI_GAMBLING_hp200_s2_level2.feat/GrayordinatesStats/cope5.feat/mask.dtseries.nii","fkDRcjxgukbFMkwtR41JPCo_OK79VFJK"
"s3://hcp-openaccess/HCP_1200/506234/MNINonLinear/Results/tfMRI_GAMBLING/tfMRI_GAMBLING_hp200_s2_level2.feat/GrayordinatesStats/cope5.feat/mean_random_effects_var1.dtseries.nii","506234","MNINonLinear//Results/tfMRI_GAMBLING/tfMRI_GAMBLING_hp200_s2_level2.feat/GrayordinatesStats/cope5.feat/mean_random_effects_var1.dtseries.nii","mv5fhcY1suYaN9WeTtHTHfKiX44wmOc6"
"s3://hcp-openaccess/HCP_1200/506234/MNINonLinear/Results/tfMRI_GAMBLING/tfMRI_GAMBLING_hp200_s2_level2.feat/GrayordinatesStats/cope5.feat/pe1.dtseries.nii","506234","MNINonLinear//Results/tfMRI_GAMBLING/tfMRI_GAMBLING_hp200_s2_level2.feat/GrayordinatesStats/cope5.feat/pe1.dtseries.nii","1HvEHm._zk5mRwSm3LJfvDu55LAk.Glk"
"s3://hcp-openaccess/HCP_1200/506234/MNINonLinear/Results/tfMRI_GAMBLING/tfMRI_GAMBLING_hp200_s2_level2.feat/GrayordinatesStats/cope5.feat/res4d.dtseries.nii","506234","MNINonLinear//Results/tfMRI_GAMBLING/tfMRI_GAMBLING_hp200_s2_level2.feat/GrayordinatesStats/cope5.feat/res4d.dtseries.nii","eeEMyglASkUXNOWoYA.2tZ6rcJFIc1gA"
"s3://hcp-openaccess/HCP_1200/506234/MNINonLinear/Results/tfMRI_GAMBLING/tfMRI_GAMBLING_hp200_s2_level2.feat/GrayordinatesStats/cope5.feat/tdof_t1.dtseries.nii","506234","MNINonLinear//Results/tfMRI_GAMBLING/tfMRI_GAMBLING_hp200_s2_level2.feat/GrayordinatesStats/cope5.feat/tdof_t1.dtseries.nii","3_6kPvjEh_foihdQFWyguWugMWCKsDLo"
"s3://hcp-openaccess/HCP_1200/506234/MNINonLinear/Results/tfMRI_GAMBLING/tfMRI_GAMBLING_hp200_s2_level2.feat/GrayordinatesStats/cope5.feat/tstat1.dtseries.nii","506234","MNINonLinear//Results/tfMRI_GAMBLING/tfMRI_GAMBLING_hp200_s2_level2.feat/GrayordinatesStats/cope5.feat/tstat1.dtseries.nii","9.0WV3zMbQ8Fi.YZ7H4aFLSdRcf9dAO4"
"s3://hcp-openaccess/HCP_1200/506234/MNINonLinear/Results/tfMRI_GAMBLING/tfMRI_GAMBLING_hp200_s2_level2.feat/GrayordinatesStats/cope5.feat/varcope1.dtseries.nii","506234","MNINonLinear//Results/tfMRI_GAMBLING/tfMRI_GAMBLING_hp200_s2_level2.feat/GrayordinatesStats/cope5.feat/varcope1.dtseries.nii","zGKQ0PUtCpPE7v4pulHLeGGuqjZ9oBlj"
"s3://hcp-openaccess/HCP_1200/506234/MNINonLinear/Results/tfMRI_GAMBLING/tfMRI_GAMBLING_hp200_s2_level2.feat/GrayordinatesStats/cope5.feat/weights1.dtseries.nii","506234","MNINonLinear//Results/tfMRI_GAMBLING/tfMRI_GAMBLING_hp200_s2_level2.feat/GrayordinatesStats/cope5.feat/weights1.dtseries.nii","3EZUfn1d6I7tZHqB9SEwBwVU3layyXi1"
"s3://hcp-openaccess/HCP_1200/506234/MNINonLinear/Results/tfMRI_GAMBLING/tfMRI_GAMBLING_hp200_s2_level2.feat/GrayordinatesStats/cope5.feat/zflame1lowertstat1.dtseries.nii","506234","MNINonLinear//Results/tfMRI_GAMBLING/tfMRI_GAMBLING_hp200_s2_level2.feat/GrayordinatesStats/cope5.feat/zflame1lowertstat1.dtseries.nii","tzI6cygqIGk87gya.pF7uKAVT0zmadmD"
"s3://hcp-openaccess/HCP_1200/506234/MNINonLinear/Results/tfMRI_GAMBLING/tfMRI_GAMBLING_hp200_s2_level2.feat/GrayordinatesStats/cope5.feat/zflame1uppertstat1.dtseries.nii","506234","MNINonLinear//Results/tfMRI_GAMBLING/tfMRI_GAMBLING_hp200_s2_level2.feat/GrayordinatesStats/cope5.feat/zflame1uppertstat1.dtseries.nii","tLf9WpQveG70J2WEbXjEQJm7127lm_YS"
"s3://hcp-openaccess/HCP_1200/506234/MNINonLinear/Results/tfMRI_GAMBLING/tfMRI_GAMBLING_hp200_s2_level2.feat/GrayordinatesStats/cope5.feat/zstat1.dtseries.nii","506234","MNINonLinear//Results/tfMRI_GAMBLING/tfMRI_GAMBLING_hp200_s2_level2.feat/GrayordinatesStats/cope5.feat/zstat1.dtseries.nii","MhChePkzJpaaRZNWKF8r5QzuwcEFv78C"
"s3://hcp-openaccess/HCP_1200/506234/MNINonLinear/Results/tfMRI_GAMBLING/tfMRI_GAMBLING_hp200_s2_level2.feat/GrayordinatesStats/cope6.feat/cope1.dtseries.nii","506234","MNINonLinear//Results/tfMRI_GAMBLING/tfMRI_GAMBLING_hp200_s2_level2.feat/GrayordinatesStats/cope6.feat/cope1.dtseries.nii","KHZZP5R7QmfLAa.BkJyYI2Qh5lo1M33P"
"s3://hcp-openaccess/HCP_1200/506234/MNINonLinear/Results/tfMRI_GAMBLING/tfMRI_GAMBLING_hp200_s2_level2.feat/GrayordinatesStats/cope6.feat/logfile","506234","MNINonLinear//Results/tfMRI_GAMBLING/tfMRI_GAMBLING_hp200_s2_level2.feat/GrayordinatesStats/cope6.feat/logfile","Di0gjDhDst3IhPLHK0j3a_neNyjROS46"
"s3://hcp-openaccess/HCP_1200/506234/MNINonLinear/Results/tfMRI_GAMBLING/tfMRI_GAMBLING_hp200_s2_level2.feat/GrayordinatesStats/cope6.feat/mask.dtseries.nii","506234","MNINonLinear//Results/tfMRI_GAMBLING/tfMRI_GAMBLING_hp200_s2_level2.feat/GrayordinatesStats/cope6.feat/mask.dtseries.nii","4Sq6O3NtRXDIw6tWTSDDRGJJCcI4bTd6"
"s3://hcp-openaccess/HCP_1200/506234/MNINonLinear/Results/tfMRI_GAMBLING/tfMRI_GAMBLING_hp200_s2_level2.feat/GrayordinatesStats/cope6.feat/mean_random_effects_var1.dtseries.nii","506234","MNINonLinear//Results/tfMRI_GAMBLING/tfMRI_GAMBLING_hp200_s2_level2.feat/GrayordinatesStats/cope6.feat/mean_random_effects_var1.dtseries.nii","UsZJORaKZUsY8Al7JEVyGrrdKa0GT5FU"
"s3://hcp-openaccess/HCP_1200/506234/MNINonLinear/Results/tfMRI_GAMBLING/tfMRI_GAMBLING_hp200_s2_level2.feat/GrayordinatesStats/cope6.feat/pe1.dtseries.nii","506234","MNINonLinear//Results/tfMRI_GAMBLING/tfMRI_GAMBLING_hp200_s2_level2.feat/GrayordinatesStats/cope6.feat/pe1.dtseries.nii","vYACmRJ6bgvQ3Otoj9jVmV14fKoBeuEa"
"s3://hcp-openaccess/HCP_1200/506234/MNINonLinear/Results/tfMRI_GAMBLING/tfMRI_GAMBLING_hp200_s2_level2.feat/GrayordinatesStats/cope6.feat/res4d.dtseries.nii","506234","MNINonLinear//Results/tfMRI_GAMBLING/tfMRI_GAMBLING_hp200_s2_level2.feat/GrayordinatesStats/cope6.feat/res4d.dtseries.nii","3EPehTymrvDxnymeGH4eee_Gr5pQusMd"
"s3://hcp-openaccess/HCP_1200/506234/MNINonLinear/Results/tfMRI_GAMBLING/tfMRI_GAMBLING_hp200_s2_level2.feat/GrayordinatesStats/cope6.feat/tdof_t1.dtseries.nii","506234","MNINonLinear//Results/tfMRI_GAMBLING/tfMRI_GAMBLING_hp200_s2_level2.feat/GrayordinatesStats/cope6.feat/tdof_t1.dtseries.nii","71PrbL4uhlhvjiq4eNMmneLe2uEcRHj0"
"s3://hcp-openaccess/HCP_1200/506234/MNINonLinear/Results/tfMRI_GAMBLING/tfMRI_GAMBLING_hp200_s2_level2.feat/GrayordinatesStats/cope6.feat/tstat1.dtseries.nii","506234","MNINonLinear//Results/tfMRI_GAMBLING/tfMRI_GAMBLING_hp200_s2_level2.feat/GrayordinatesStats/cope6.feat/tstat1.dtseries.nii","El8f7O4DZa8S44ZYiTWBxXuNmGhSfOEK"
"s3://hcp-openaccess/HCP_1200/506234/MNINonLinear/Results/tfMRI_GAMBLING/tfMRI_GAMBLING_hp200_s2_level2.feat/GrayordinatesStats/cope6.feat/varcope1.dtseries.nii","506234","MNINonLinear//Results/tfMRI_GAMBLING/tfMRI_GAMBLING_hp200_s2_level2.feat/GrayordinatesStats/cope6.feat/varcope1.dtseries.nii","z2Eoi2G1Wpjp2yFJlX6di_qiFciw6.2F"
"s3://hcp-openaccess/HCP_1200/506234/MNINonLinear/Results/tfMRI_GAMBLING/tfMRI_GAMBLING_hp200_s2_level2.feat/GrayordinatesStats/cope6.feat/weights1.dtseries.nii","506234","MNINonLinear//Results/tfMRI_GAMBLING/tfMRI_GAMBLING_hp200_s2_level2.feat/GrayordinatesStats/cope6.feat/weights1.dtseries.nii","T6w4ZgfqSa4bmfmHvwDOwqnvP8mpBRY_"
"s3://hcp-openaccess/HCP_1200/506234/MNINonLinear/Results/tfMRI_GAMBLING/tfMRI_GAMBLING_hp200_s2_level2.feat/GrayordinatesStats/cope6.feat/zflame1lowertstat1.dtseries.nii","506234","MNINonLinear//Results/tfMRI_GAMBLING/tfMRI_GAMBLING_hp200_s2_level2.feat/GrayordinatesStats/cope6.feat/zflame1lowertstat1.dtseries.nii","8n0W5OIC9zjmvsnQ.4WcOPmECEtU5EPm"
"s3://hcp-openaccess/HCP_1200/506234/MNINonLinear/Results/tfMRI_GAMBLING/tfMRI_GAMBLING_hp200_s2_level2.feat/GrayordinatesStats/cope6.feat/zflame1uppertstat1.dtseries.nii","506234","MNINonLinear//Results/tfMRI_GAMBLING/tfMRI_GAMBLING_hp200_s2_level2.feat/GrayordinatesStats/cope6.feat/zflame1uppertstat1.dtseries.nii","KVAR7B9IEKmJGuMQRU2RYw3oV9pTnFtR"
"s3://hcp-openaccess/HCP_1200/506234/MNINonLinear/Results/tfMRI_GAMBLING/tfMRI_GAMBLING_hp200_s2_level2.feat/GrayordinatesStats/cope6.feat/zstat1.dtseries.nii","506234","MNINonLinear//Results/tfMRI_GAMBLING/tfMRI_GAMBLING_hp200_s2_level2.feat/GrayordinatesStats/cope6.feat/zstat1.dtseries.nii","yCUeORR54tjro_iL8KwGD3l7F3EJDEI2"
"s3://hcp-openaccess/HCP_1200/506234/MNINonLinear/Results/tfMRI_GAMBLING/tfMRI_GAMBLING_hp200_s2_level2.feat/design.con","506234","MNINonLinear//Results/tfMRI_GAMBLING/tfMRI_GAMBLING_hp200_s2_level2.feat/design.con","yBFYvHX9eltOXQmGcvtbBQjHGCF6VQxI"
"s3://hcp-openaccess/HCP_1200/506234/MNINonLinear/Results/tfMRI_GAMBLING/tfMRI_GAMBLING_hp200_s2_level2.feat/design.fsf","506234","MNINonLinear//Results/tfMRI_GAMBLING/tfMRI_GAMBLING_hp200_s2_level2.feat/design.fsf","tldvObDQ2eu5OItmttRDo0x3Fo.Kgezs"
"s3://hcp-openaccess/HCP_1200/506234/MNINonLinear/Results/tfMRI_GAMBLING/tfMRI_GAMBLING_hp200_s2_level2.feat/design.grp","506234","MNINonLinear//Results/tfMRI_GAMBLING/tfMRI_GAMBLING_hp200_s2_level2.feat/design.grp","OG1R814hAgDrQoCqfrb367191CFNJJFX"
"s3://hcp-openaccess/HCP_1200/506234/MNINonLinear/Results/tfMRI_GAMBLING/tfMRI_GAMBLING_hp200_s2_level2.feat/design.mat","506234","MNINonLinear//Results/tfMRI_GAMBLING/tfMRI_GAMBLING_hp200_s2_level2.feat/design.mat","oDwP5dyLYfDIzuQHjzdt_BwgtQt37I9l"
"s3://hcp-openaccess/HCP_1200/506234/MNINonLinear/Results/tfMRI_GAMBLING/tfMRI_GAMBLING_hp200_s2_level2.feat/design.png","506234","MNINonLinear//Results/tfMRI_GAMBLING/tfMRI_GAMBLING_hp200_s2_level2.feat/design.png","Go_V7IbbTESgwqk5T0rSKjFPpPwrltuB"
"s3://hcp-openaccess/HCP_1200/506234/MNINonLinear/Results/tfMRI_GAMBLING/tfMRI_GAMBLING_hp200_s2_level2.feat/design.ppm","506234","MNINonLinear//Results/tfMRI_GAMBLING/tfMRI_GAMBLING_hp200_s2_level2.feat/design.ppm","eQpfN0GpDmtt208R27soHn7u3mBSjoYh"
"s3://hcp-openaccess/HCP_1200/506234/MNINonLinear/Results/tfMRI_GAMBLING/tfMRI_GAMBLING_hp200_s2_level2.feat/design_cov.png","506234","MNINonLinear//Results/tfMRI_GAMBLING/tfMRI_GAMBLING_hp200_s2_level2.feat/design_cov.png","oe4eI..XtU3mr7LcfhknhCacQy4A.e_w"
"s3://hcp-openaccess/HCP_1200/506234/MNINonLinear/Results/tfMRI_GAMBLING/tfMRI_GAMBLING_hp200_s2_level2.feat/design_cov.ppm","506234","MNINonLinear//Results/tfMRI_GAMBLING/tfMRI_GAMBLING_hp200_s2_level2.feat/design_cov.ppm","dU9wkHBQ.qsoObxXByeTgCZFaKK6X_Gd"
"s3://hcp-openaccess/HCP_1200/506234/MNINonLinear/Results/tfMRI_GAMBLING/tfMRI_GAMBLING_hp200_s2_level2_MSMAll.feat/506234_tfMRI_GAMBLING_level2_hp200_s2_MSMAll.dscalar.nii","506234","MNINonLinear//Results/tfMRI_GAMBLING/tfMRI_GAMBLING_hp200_s2_level2_MSMAll.feat/506234_tfMRI_GAMBLING_level2_hp200_s2_MSMAll.dscalar.nii","HWhenOSo0PpCzILj9FaGifgRSbOJduqe"
"s3://hcp-openaccess/HCP_1200/506234/MNINonLinear/Results/tfMRI_GAMBLING/tfMRI_GAMBLING_hp200_s2_level2_MSMAll.feat/Contrasts.txt","506234","MNINonLinear//Results/tfMRI_GAMBLING/tfMRI_GAMBLING_hp200_s2_level2_MSMAll.feat/Contrasts.txt","FzHvJA0UkCk6kRcXKXmw_wom_lUtydoa"
"s3://hcp-openaccess/HCP_1200/506234/MNINonLinear/Results/tfMRI_GAMBLING/tfMRI_GAMBLING_hp200_s2_level2_MSMAll.feat/GrayordinatesStats/cope1.feat/cope1.dtseries.nii","506234","MNINonLinear//Results/tfMRI_GAMBLING/tfMRI_GAMBLING_hp200_s2_level2_MSMAll.feat/GrayordinatesStats/cope1.feat/cope1.dtseries.nii","keoYV26W_Bv6UWUEZLV55cM7ewbsocMd"
"s3://hcp-openaccess/HCP_1200/506234/MNINonLinear/Results/tfMRI_GAMBLING/tfMRI_GAMBLING_hp200_s2_level2_MSMAll.feat/GrayordinatesStats/cope1.feat/logfile","506234","MNINonLinear//Results/tfMRI_GAMBLING/tfMRI_GAMBLING_hp200_s2_level2_MSMAll.feat/GrayordinatesStats/cope1.feat/logfile","4UCY3jW0D7mP8AR03uH26jcyjDNnhBNB"
"s3://hcp-openaccess/HCP_1200/506234/MNINonLinear/Results/tfMRI_GAMBLING/tfMRI_GAMBLING_hp200_s2_level2_MSMAll.feat/GrayordinatesStats/cope1.feat/mask.dtseries.nii","506234","MNINonLinear//Results/tfMRI_GAMBLING/tfMRI_GAMBLING_hp200_s2_level2_MSMAll.feat/GrayordinatesStats/cope1.feat/mask.dtseries.nii","RYX35.C3oRgMwy5znTo6wdffvC1Ws6SF"
"s3://hcp-openaccess/HCP_1200/506234/MNINonLinear/Results/tfMRI_GAMBLING/tfMRI_GAMBLING_hp200_s2_level2_MSMAll.feat/GrayordinatesStats/cope1.feat/mean_random_effects_var1.dtseries.nii","506234","MNINonLinear//Results/tfMRI_GAMBLING/tfMRI_GAMBLING_hp200_s2_level2_MSMAll.feat/GrayordinatesStats/cope1.feat/mean_random_effects_var1.dtseries.nii","kbpZ7scj7gz28taoRS0TYRFJi7IbuBkK"
"s3://hcp-openaccess/HCP_1200/506234/MNINonLinear/Results/tfMRI_GAMBLING/tfMRI_GAMBLING_hp200_s2_level2_MSMAll.feat/GrayordinatesStats/cope1.feat/pe1.dtseries.nii","506234","MNINonLinear//Results/tfMRI_GAMBLING/tfMRI_GAMBLING_hp200_s2_level2_MSMAll.feat/GrayordinatesStats/cope1.feat/pe1.dtseries.nii","tRFNlR1i2_Gga.4OAwgeqi3D4u0.0ZoI"
"s3://hcp-openaccess/HCP_1200/506234/MNINonLinear/Results/tfMRI_GAMBLING/tfMRI_GAMBLING_hp200_s2_level2_MSMAll.feat/GrayordinatesStats/cope1.feat/res4d.dtseries.nii","506234","MNINonLinear//Results/tfMRI_GAMBLING/tfMRI_GAMBLING_hp200_s2_level2_MSMAll.feat/GrayordinatesStats/cope1.feat/res4d.dtseries.nii","eEM4f1mneVuAkdIl.kB6piylm0bNgkAO"
"s3://hcp-openaccess/HCP_1200/506234/MNINonLinear/Results/tfMRI_GAMBLING/tfMRI_GAMBLING_hp200_s2_level2_MSMAll.feat/GrayordinatesStats/cope1.feat/tdof_t1.dtseries.nii","506234","MNINonLinear//Results/tfMRI_GAMBLING/tfMRI_GAMBLING_hp200_s2_level2_MSMAll.feat/GrayordinatesStats/cope1.feat/tdof_t1.dtseries.nii","thFFf263dStBIb8mnscOqQj74xuu_kNb"
"s3://hcp-openaccess/HCP_1200/506234/MNINonLinear/Results/tfMRI_GAMBLING/tfMRI_GAMBLING_hp200_s2_level2_MSMAll.feat/GrayordinatesStats/cope1.feat/tstat1.dtseries.nii","506234","MNINonLinear//Results/tfMRI_GAMBLING/tfMRI_GAMBLING_hp200_s2_level2_MSMAll.feat/GrayordinatesStats/cope1.feat/tstat1.dtseries.nii","qShgk5FbIrNp06L7Gqwx5SND3DmFw6OL"
"s3://hcp-openaccess/HCP_1200/506234/MNINonLinear/Results/tfMRI_GAMBLING/tfMRI_GAMBLING_hp200_s2_level2_MSMAll.feat/GrayordinatesStats/cope1.feat/varcope1.dtseries.nii","506234","MNINonLinear//Results/tfMRI_GAMBLING/tfMRI_GAMBLING_hp200_s2_level2_MSMAll.feat/GrayordinatesStats/cope1.feat/varcope1.dtseries.nii","Af.bQBqYNWZwIdDRq07CffZIkQ49VaO6"
"s3://hcp-openaccess/HCP_1200/506234/MNINonLinear/Results/tfMRI_GAMBLING/tfMRI_GAMBLING_hp200_s2_level2_MSMAll.feat/GrayordinatesStats/cope1.feat/weights1.dtseries.nii","506234","MNINonLinear//Results/tfMRI_GAMBLING/tfMRI_GAMBLING_hp200_s2_level2_MSMAll.feat/GrayordinatesStats/cope1.feat/weights1.dtseries.nii","S.II_tA7iuqJhrlR3tVF_p6YkXB.IYN0"
"s3://hcp-openaccess/HCP_1200/506234/MNINonLinear/Results/tfMRI_GAMBLING/tfMRI_GAMBLING_hp200_s2_level2_MSMAll.feat/GrayordinatesStats/cope1.feat/zflame1lowertstat1.dtseries.nii","506234","MNINonLinear//Results/tfMRI_GAMBLING/tfMRI_GAMBLING_hp200_s2_level2_MSMAll.feat/GrayordinatesStats/cope1.feat/zflame1lowertstat1.dtseries.nii","NzI0MOxqNLaeGjah.daqvC.V_DvZCqW3"
"s3://hcp-openaccess/HCP_1200/506234/MNINonLinear/Results/tfMRI_GAMBLING/tfMRI_GAMBLING_hp200_s2_level2_MSMAll.feat/GrayordinatesStats/cope1.feat/zflame1uppertstat1.dtseries.nii","506234","MNINonLinear//Results/tfMRI_GAMBLING/tfMRI_GAMBLING_hp200_s2_level2_MSMAll.feat/GrayordinatesStats/cope1.feat/zflame1uppertstat1.dtseries.nii","UhBBykV8qVVBJxrTJDukJnYDSi4.gFvE"
"s3://hcp-openaccess/HCP_1200/506234/MNINonLinear/Results/tfMRI_GAMBLING/tfMRI_GAMBLING_hp200_s2_level2_MSMAll.feat/GrayordinatesStats/cope1.feat/zstat1.dtseries.nii","506234","MNINonLinear//Results/tfMRI_GAMBLING/tfMRI_GAMBLING_hp200_s2_level2_MSMAll.feat/GrayordinatesStats/cope1.feat/zstat1.dtseries.nii","E6YHmtyeAd9JLvz6hXcbrEdxblufQxgg"
"s3://hcp-openaccess/HCP_1200/506234/MNINonLinear/Results/tfMRI_GAMBLING/tfMRI_GAMBLING_hp200_s2_level2_MSMAll.feat/GrayordinatesStats/cope2.feat/cope1.dtseries.nii","506234","MNINonLinear//Results/tfMRI_GAMBLING/tfMRI_GAMBLING_hp200_s2_level2_MSMAll.feat/GrayordinatesStats/cope2.feat/cope1.dtseries.nii","dh.sGU2h.uH.WmxHzfFpxcOK9g6_WpcZ"
"s3://hcp-openaccess/HCP_1200/506234/MNINonLinear/Results/tfMRI_GAMBLING/tfMRI_GAMBLING_hp200_s2_level2_MSMAll.feat/GrayordinatesStats/cope2.feat/logfile","506234","MNINonLinear//Results/tfMRI_GAMBLING/tfMRI_GAMBLING_hp200_s2_level2_MSMAll.feat/GrayordinatesStats/cope2.feat/logfile",".AeyPPJn3dFpWLoD0dXglpjNeMqJveQr"
"s3://hcp-openaccess/HCP_1200/506234/MNINonLinear/Results/tfMRI_GAMBLING/tfMRI_GAMBLING_hp200_s2_level2_MSMAll.feat/GrayordinatesStats/cope2.feat/mask.dtseries.nii","506234","MNINonLinear//Results/tfMRI_GAMBLING/tfMRI_GAMBLING_hp200_s2_level2_MSMAll.feat/GrayordinatesStats/cope2.feat/mask.dtseries.nii","8Q3v5.ti0r51G6lSLpJE3Wz5SG2PPcJb"
"s3://hcp-openaccess/HCP_1200/506234/MNINonLinear/Results/tfMRI_GAMBLING/tfMRI_GAMBLING_hp200_s2_level2_MSMAll.feat/GrayordinatesStats/cope2.feat/mean_random_effects_var1.dtseries.nii","506234","MNINonLinear//Results/tfMRI_GAMBLING/tfMRI_GAMBLING_hp200_s2_level2_MSMAll.feat/GrayordinatesStats/cope2.feat/mean_random_effects_var1.dtseries.nii","UWOF5qiBF15Kmt2dQX7YM4aQ8V.NUsRu"
"s3://hcp-openaccess/HCP_1200/506234/MNINonLinear/Results/tfMRI_GAMBLING/tfMRI_GAMBLING_hp200_s2_level2_MSMAll.feat/GrayordinatesStats/cope2.feat/pe1.dtseries.nii","506234","MNINonLinear//Results/tfMRI_GAMBLING/tfMRI_GAMBLING_hp200_s2_level2_MSMAll.feat/GrayordinatesStats/cope2.feat/pe1.dtseries.nii","AJyfnWZEelwxKJfklg3PDiTTSRy4zCfS"
"s3://hcp-openaccess/HCP_1200/506234/MNINonLinear/Results/tfMRI_GAMBLING/tfMRI_GAMBLING_hp200_s2_level2_MSMAll.feat/GrayordinatesStats/cope2.feat/res4d.dtseries.nii","506234","MNINonLinear//Results/tfMRI_GAMBLING/tfMRI_GAMBLING_hp200_s2_level2_MSMAll.feat/GrayordinatesStats/cope2.feat/res4d.dtseries.nii","T1.J6xoI370nt8a1nJ7IaeHKgnrxbGUO"
"s3://hcp-openaccess/HCP_1200/506234/MNINonLinear/Results/tfMRI_GAMBLING/tfMRI_GAMBLING_hp200_s2_level2_MSMAll.feat/GrayordinatesStats/cope2.feat/tdof_t1.dtseries.nii","506234","MNINonLinear//Results/tfMRI_GAMBLING/tfMRI_GAMBLING_hp200_s2_level2_MSMAll.feat/GrayordinatesStats/cope2.feat/tdof_t1.dtseries.nii","v2Cp..G.tQzU.4TlOW0hN04I1b1iz6kU"
"s3://hcp-openaccess/HCP_1200/506234/MNINonLinear/Results/tfMRI_GAMBLING/tfMRI_GAMBLING_hp200_s2_level2_MSMAll.feat/GrayordinatesStats/cope2.feat/tstat1.dtseries.nii","506234","MNINonLinear//Results/tfMRI_GAMBLING/tfMRI_GAMBLING_hp200_s2_level2_MSMAll.feat/GrayordinatesStats/cope2.feat/tstat1.dtseries.nii","Hp0VfwSFrW.39TJVfq00__5AsyAOJt92"
"s3://hcp-openaccess/HCP_1200/506234/MNINonLinear/Results/tfMRI_GAMBLING/tfMRI_GAMBLING_hp200_s2_level2_MSMAll.feat/GrayordinatesStats/cope2.feat/varcope1.dtseries.nii","506234","MNINonLinear//Results/tfMRI_GAMBLING/tfMRI_GAMBLING_hp200_s2_level2_MSMAll.feat/GrayordinatesStats/cope2.feat/varcope1.dtseries.nii","tsnCPeg9WWwCokqMj_1vfIGDEjGQ6eod"
"s3://hcp-openaccess/HCP_1200/506234/MNINonLinear/Results/tfMRI_GAMBLING/tfMRI_GAMBLING_hp200_s2_level2_MSMAll.feat/GrayordinatesStats/cope2.feat/weights1.dtseries.nii","506234","MNINonLinear//Results/tfMRI_GAMBLING/tfMRI_GAMBLING_hp200_s2_level2_MSMAll.feat/GrayordinatesStats/cope2.feat/weights1.dtseries.nii","qGR.FDdRk1kgQRtG6pefgIAEMUTiLeLa"
"s3://hcp-openaccess/HCP_1200/506234/MNINonLinear/Results/tfMRI_GAMBLING/tfMRI_GAMBLING_hp200_s2_level2_MSMAll.feat/GrayordinatesStats/cope2.feat/zflame1lowertstat1.dtseries.nii","506234","MNINonLinear//Results/tfMRI_GAMBLING/tfMRI_GAMBLING_hp200_s2_level2_MSMAll.feat/GrayordinatesStats/cope2.feat/zflame1lowertstat1.dtseries.nii","NmgjXZa2qihHdc7yrx9CAQBa8GcYqlHS"
"s3://hcp-openaccess/HCP_1200/506234/MNINonLinear/Results/tfMRI_GAMBLING/tfMRI_GAMBLING_hp200_s2_level2_MSMAll.feat/GrayordinatesStats/cope2.feat/zflame1uppertstat1.dtseries.nii","506234","MNINonLinear//Results/tfMRI_GAMBLING/tfMRI_GAMBLING_hp200_s2_level2_MSMAll.feat/GrayordinatesStats/cope2.feat/zflame1uppertstat1.dtseries.nii","gDKA0bOU_5jKUr1dSPrfXpa4noTj.tBL"
"s3://hcp-openaccess/HCP_1200/506234/MNINonLinear/Results/tfMRI_GAMBLING/tfMRI_GAMBLING_hp200_s2_level2_MSMAll.feat/GrayordinatesStats/cope2.feat/zstat1.dtseries.nii","506234","MNINonLinear//Results/tfMRI_GAMBLING/tfMRI_GAMBLING_hp200_s2_level2_MSMAll.feat/GrayordinatesStats/cope2.feat/zstat1.dtseries.nii","qW6Ndtcq4oKpsjaFd3tHcDjPHZuZiNhM"
"s3://hcp-openaccess/HCP_1200/506234/MNINonLinear/Results/tfMRI_GAMBLING/tfMRI_GAMBLING_hp200_s2_level2_MSMAll.feat/GrayordinatesStats/cope3.feat/cope1.dtseries.nii","506234","MNINonLinear//Results/tfMRI_GAMBLING/tfMRI_GAMBLING_hp200_s2_level2_MSMAll.feat/GrayordinatesStats/cope3.feat/cope1.dtseries.nii","9ZSeUgaQdRb.4PHBz41N2hn19SsntCbU"
"s3://hcp-openaccess/HCP_1200/506234/MNINonLinear/Results/tfMRI_GAMBLING/tfMRI_GAMBLING_hp200_s2_level2_MSMAll.feat/GrayordinatesStats/cope3.feat/logfile","506234","MNINonLinear//Results/tfMRI_GAMBLING/tfMRI_GAMBLING_hp200_s2_level2_MSMAll.feat/GrayordinatesStats/cope3.feat/logfile","kTyLYws6BLtQFUJ_q7gx.0OP.FWLTSHa"
"s3://hcp-openaccess/HCP_1200/506234/MNINonLinear/Results/tfMRI_GAMBLING/tfMRI_GAMBLING_hp200_s2_level2_MSMAll.feat/GrayordinatesStats/cope3.feat/mask.dtseries.nii","506234","MNINonLinear//Results/tfMRI_GAMBLING/tfMRI_GAMBLING_hp200_s2_level2_MSMAll.feat/GrayordinatesStats/cope3.feat/mask.dtseries.nii","zBqhXmI3iPwRDxkLYEJ2eiuh47la0b1p"
"s3://hcp-openaccess/HCP_1200/506234/MNINonLinear/Results/tfMRI_GAMBLING/tfMRI_GAMBLING_hp200_s2_level2_MSMAll.feat/GrayordinatesStats/cope3.feat/mean_random_effects_var1.dtseries.nii","506234","MNINonLinear//Results/tfMRI_GAMBLING/tfMRI_GAMBLING_hp200_s2_level2_MSMAll.feat/GrayordinatesStats/cope3.feat/mean_random_effects_var1.dtseries.nii","hmedqfIBHkjdY2eRhr5nTb4pO9FZhXSH"
"s3://hcp-openaccess/HCP_1200/506234/MNINonLinear/Results/tfMRI_GAMBLING/tfMRI_GAMBLING_hp200_s2_level2_MSMAll.feat/GrayordinatesStats/cope3.feat/pe1.dtseries.nii","506234","MNINonLinear//Results/tfMRI_GAMBLING/tfMRI_GAMBLING_hp200_s2_level2_MSMAll.feat/GrayordinatesStats/cope3.feat/pe1.dtseries.nii","mdiNuMPzr18O9VBCJp9BE7rOpWvN.Ghh"
"s3://hcp-openaccess/HCP_1200/506234/MNINonLinear/Results/tfMRI_GAMBLING/tfMRI_GAMBLING_hp200_s2_level2_MSMAll.feat/GrayordinatesStats/cope3.feat/res4d.dtseries.nii","506234","MNINonLinear//Results/tfMRI_GAMBLING/tfMRI_GAMBLING_hp200_s2_level2_MSMAll.feat/GrayordinatesStats/cope3.feat/res4d.dtseries.nii","oCRief803mwBgnbVXSO5Swek1m.n4CmV"
"s3://hcp-openaccess/HCP_1200/506234/MNINonLinear/Results/tfMRI_GAMBLING/tfMRI_GAMBLING_hp200_s2_level2_MSMAll.feat/GrayordinatesStats/cope3.feat/tdof_t1.dtseries.nii","506234","MNINonLinear//Results/tfMRI_GAMBLING/tfMRI_GAMBLING_hp200_s2_level2_MSMAll.feat/GrayordinatesStats/cope3.feat/tdof_t1.dtseries.nii","wDf9mb6Gh_s2QehaQDnwu2sPpbLSmEmm"
"s3://hcp-openaccess/HCP_1200/506234/MNINonLinear/Results/tfMRI_GAMBLING/tfMRI_GAMBLING_hp200_s2_level2_MSMAll.feat/GrayordinatesStats/cope3.feat/tstat1.dtseries.nii","506234","MNINonLinear//Results/tfMRI_GAMBLING/tfMRI_GAMBLING_hp200_s2_level2_MSMAll.feat/GrayordinatesStats/cope3.feat/tstat1.dtseries.nii","sNsldk0cm1qT5eUfH5gWXreA0Msw.YVB"
"s3://hcp-openaccess/HCP_1200/506234/MNINonLinear/Results/tfMRI_GAMBLING/tfMRI_GAMBLING_hp200_s2_level2_MSMAll.feat/GrayordinatesStats/cope3.feat/varcope1.dtseries.nii","506234","MNINonLinear//Results/tfMRI_GAMBLING/tfMRI_GAMBLING_hp200_s2_level2_MSMAll.feat/GrayordinatesStats/cope3.feat/varcope1.dtseries.nii","nLGQqBD9jl5wZ3je2s259XnZ4ir5Yyps"
"s3://hcp-openaccess/HCP_1200/506234/MNINonLinear/Results/tfMRI_GAMBLING/tfMRI_GAMBLING_hp200_s2_level2_MSMAll.feat/GrayordinatesStats/cope3.feat/weights1.dtseries.nii","506234","MNINonLinear//Results/tfMRI_GAMBLING/tfMRI_GAMBLING_hp200_s2_level2_MSMAll.feat/GrayordinatesStats/cope3.feat/weights1.dtseries.nii","bLUdIHrfZn7Ve.i7WWudz70NEwFD3AIQ"
"s3://hcp-openaccess/HCP_1200/506234/MNINonLinear/Results/tfMRI_GAMBLING/tfMRI_GAMBLING_hp200_s2_level2_MSMAll.feat/GrayordinatesStats/cope3.feat/zflame1lowertstat1.dtseries.nii","506234","MNINonLinear//Results/tfMRI_GAMBLING/tfMRI_GAMBLING_hp200_s2_level2_MSMAll.feat/GrayordinatesStats/cope3.feat/zflame1lowertstat1.dtseries.nii","9K4kX9vcgPTICej_DF3hn1qHJ1xT2Y4u"
"s3://hcp-openaccess/HCP_1200/506234/MNINonLinear/Results/tfMRI_GAMBLING/tfMRI_GAMBLING_hp200_s2_level2_MSMAll.feat/GrayordinatesStats/cope3.feat/zflame1uppertstat1.dtseries.nii","506234","MNINonLinear//Results/tfMRI_GAMBLING/tfMRI_GAMBLING_hp200_s2_level2_MSMAll.feat/GrayordinatesStats/cope3.feat/zflame1uppertstat1.dtseries.nii","kphgz6.EhtGCM12PRwUVj2KUhJnofbJg"
"s3://hcp-openaccess/HCP_1200/506234/MNINonLinear/Results/tfMRI_GAMBLING/tfMRI_GAMBLING_hp200_s2_level2_MSMAll.feat/GrayordinatesStats/cope3.feat/zstat1.dtseries.nii","506234","MNINonLinear//Results/tfMRI_GAMBLING/tfMRI_GAMBLING_hp200_s2_level2_MSMAll.feat/GrayordinatesStats/cope3.feat/zstat1.dtseries.nii","c3Q4ABbdtek4Cgu8.IJMKE_TAbuR072S"
"s3://hcp-openaccess/HCP_1200/506234/MNINonLinear/Results/tfMRI_GAMBLING/tfMRI_GAMBLING_hp200_s2_level2_MSMAll.feat/GrayordinatesStats/cope4.feat/cope1.dtseries.nii","506234","MNINonLinear//Results/tfMRI_GAMBLING/tfMRI_GAMBLING_hp200_s2_level2_MSMAll.feat/GrayordinatesStats/cope4.feat/cope1.dtseries.nii","0kbouSCxy7JncXSjVMYpegcJDNcXy0C3"
"s3://hcp-openaccess/HCP_1200/506234/MNINonLinear/Results/tfMRI_GAMBLING/tfMRI_GAMBLING_hp200_s2_level2_MSMAll.feat/GrayordinatesStats/cope4.feat/logfile","506234","MNINonLinear//Results/tfMRI_GAMBLING/tfMRI_GAMBLING_hp200_s2_level2_MSMAll.feat/GrayordinatesStats/cope4.feat/logfile","qAvkWT6qX700wygDGbeByQzSWdTkvxCA"
"s3://hcp-openaccess/HCP_1200/506234/MNINonLinear/Results/tfMRI_GAMBLING/tfMRI_GAMBLING_hp200_s2_level2_MSMAll.feat/GrayordinatesStats/cope4.feat/mask.dtseries.nii","506234","MNINonLinear//Results/tfMRI_GAMBLING/tfMRI_GAMBLING_hp200_s2_level2_MSMAll.feat/GrayordinatesStats/cope4.feat/mask.dtseries.nii","n.avD1mIdLIVhH5aYQ14XHibbMqtHyaO"
"s3://hcp-openaccess/HCP_1200/506234/MNINonLinear/Results/tfMRI_GAMBLING/tfMRI_GAMBLING_hp200_s2_level2_MSMAll.feat/GrayordinatesStats/cope4.feat/mean_random_effects_var1.dtseries.nii","506234","MNINonLinear//Results/tfMRI_GAMBLING/tfMRI_GAMBLING_hp200_s2_level2_MSMAll.feat/GrayordinatesStats/cope4.feat/mean_random_effects_var1.dtseries.nii","Di9i0gcqzvKegenWDy3YSR3.11LGLCv4"
"s3://hcp-openaccess/HCP_1200/506234/MNINonLinear/Results/tfMRI_GAMBLING/tfMRI_GAMBLING_hp200_s2_level2_MSMAll.feat/GrayordinatesStats/cope4.feat/pe1.dtseries.nii","506234","MNINonLinear//Results/tfMRI_GAMBLING/tfMRI_GAMBLING_hp200_s2_level2_MSMAll.feat/GrayordinatesStats/cope4.feat/pe1.dtseries.nii","3NW7nKNjDq9Jii4ysAvpa8C5AkJOYGu9"
"s3://hcp-openaccess/HCP_1200/506234/MNINonLinear/Results/tfMRI_GAMBLING/tfMRI_GAMBLING_hp200_s2_level2_MSMAll.feat/GrayordinatesStats/cope4.feat/res4d.dtseries.nii","506234","MNINonLinear//Results/tfMRI_GAMBLING/tfMRI_GAMBLING_hp200_s2_level2_MSMAll.feat/GrayordinatesStats/cope4.feat/res4d.dtseries.nii","BaASpcgLnowQSEJbsYeMXWSlEu5hKlNe"
"s3://hcp-openaccess/HCP_1200/506234/MNINonLinear/Results/tfMRI_GAMBLING/tfMRI_GAMBLING_hp200_s2_level2_MSMAll.feat/GrayordinatesStats/cope4.feat/tdof_t1.dtseries.nii","506234","MNINonLinear//Results/tfMRI_GAMBLING/tfMRI_GAMBLING_hp200_s2_level2_MSMAll.feat/GrayordinatesStats/cope4.feat/tdof_t1.dtseries.nii","Sg4N_9VlyX8ByOplNhJqcFdUWTSu6MGy"
"s3://hcp-openaccess/HCP_1200/506234/MNINonLinear/Results/tfMRI_GAMBLING/tfMRI_GAMBLING_hp200_s2_level2_MSMAll.feat/GrayordinatesStats/cope4.feat/tstat1.dtseries.nii","506234","MNINonLinear//Results/tfMRI_GAMBLING/tfMRI_GAMBLING_hp200_s2_level2_MSMAll.feat/GrayordinatesStats/cope4.feat/tstat1.dtseries.nii","c3QjeZtjFyTCcgPCNbIuln3cJ6XFFQU4"
"s3://hcp-openaccess/HCP_1200/506234/MNINonLinear/Results/tfMRI_GAMBLING/tfMRI_GAMBLING_hp200_s2_level2_MSMAll.feat/GrayordinatesStats/cope4.feat/varcope1.dtseries.nii","506234","MNINonLinear//Results/tfMRI_GAMBLING/tfMRI_GAMBLING_hp200_s2_level2_MSMAll.feat/GrayordinatesStats/cope4.feat/varcope1.dtseries.nii","zSUMsDzDdPV2NInwi16ttqFD22iOu68C"
"s3://hcp-openaccess/HCP_1200/506234/MNINonLinear/Results/tfMRI_GAMBLING/tfMRI_GAMBLING_hp200_s2_level2_MSMAll.feat/GrayordinatesStats/cope4.feat/weights1.dtseries.nii","506234","MNINonLinear//Results/tfMRI_GAMBLING/tfMRI_GAMBLING_hp200_s2_level2_MSMAll.feat/GrayordinatesStats/cope4.feat/weights1.dtseries.nii","YpnKef2624y4M1iA9qg3MrNZLDqgs4zg"
"s3://hcp-openaccess/HCP_1200/506234/MNINonLinear/Results/tfMRI_GAMBLING/tfMRI_GAMBLING_hp200_s2_level2_MSMAll.feat/GrayordinatesStats/cope4.feat/zflame1lowertstat1.dtseries.nii","506234","MNINonLinear//Results/tfMRI_GAMBLING/tfMRI_GAMBLING_hp200_s2_level2_MSMAll.feat/GrayordinatesStats/cope4.feat/zflame1lowertstat1.dtseries.nii","zh4QIzN5nFmiYsz98D0vsQ_Hda1ZGzZH"
"s3://hcp-openaccess/HCP_1200/506234/MNINonLinear/Results/tfMRI_GAMBLING/tfMRI_GAMBLING_hp200_s2_level2_MSMAll.feat/GrayordinatesStats/cope4.feat/zflame1uppertstat1.dtseries.nii","506234","MNINonLinear//Results/tfMRI_GAMBLING/tfMRI_GAMBLING_hp200_s2_level2_MSMAll.feat/GrayordinatesStats/cope4.feat/zflame1uppertstat1.dtseries.nii","iqzFuqAdsdCjjRYtxwr_._l7LWgVMAgX"
"s3://hcp-openaccess/HCP_1200/506234/MNINonLinear/Results/tfMRI_GAMBLING/tfMRI_GAMBLING_hp200_s2_level2_MSMAll.feat/GrayordinatesStats/cope4.feat/zstat1.dtseries.nii","506234","MNINonLinear//Results/tfMRI_GAMBLING/tfMRI_GAMBLING_hp200_s2_level2_MSMAll.feat/GrayordinatesStats/cope4.feat/zstat1.dtseries.nii","wIv3RDNTiGN_hFpBplKDjQbmzQVvjFtX"
"s3://hcp-openaccess/HCP_1200/506234/MNINonLinear/Results/tfMRI_GAMBLING/tfMRI_GAMBLING_hp200_s2_level2_MSMAll.feat/GrayordinatesStats/cope5.feat/cope1.dtseries.nii","506234","MNINonLinear//Results/tfMRI_GAMBLING/tfMRI_GAMBLING_hp200_s2_level2_MSMAll.feat/GrayordinatesStats/cope5.feat/cope1.dtseries.nii","ci_B9sATYQVpGFT1yjW7mpU72pW14.b_"
"s3://hcp-openaccess/HCP_1200/506234/MNINonLinear/Results/tfMRI_GAMBLING/tfMRI_GAMBLING_hp200_s2_level2_MSMAll.feat/GrayordinatesStats/cope5.feat/logfile","506234","MNINonLinear//Results/tfMRI_GAMBLING/tfMRI_GAMBLING_hp200_s2_level2_MSMAll.feat/GrayordinatesStats/cope5.feat/logfile","B2r6eJ31c9jyB71lilff2_7tKkMM8poA"
"s3://hcp-openaccess/HCP_1200/506234/MNINonLinear/Results/tfMRI_GAMBLING/tfMRI_GAMBLING_hp200_s2_level2_MSMAll.feat/GrayordinatesStats/cope5.feat/mask.dtseries.nii","506234","MNINonLinear//Results/tfMRI_GAMBLING/tfMRI_GAMBLING_hp200_s2_level2_MSMAll.feat/GrayordinatesStats/cope5.feat/mask.dtseries.nii","LjPX4VBTvyZPdEm1zDmkdl612Yu8TzsM"
"s3://hcp-openaccess/HCP_1200/506234/MNINonLinear/Results/tfMRI_GAMBLING/tfMRI_GAMBLING_hp200_s2_level2_MSMAll.feat/GrayordinatesStats/cope5.feat/mean_random_effects_var1.dtseries.nii","506234","MNINonLinear//Results/tfMRI_GAMBLING/tfMRI_GAMBLING_hp200_s2_level2_MSMAll.feat/GrayordinatesStats/cope5.feat/mean_random_effects_var1.dtseries.nii","h8hJIMVrLOM7AuGFu6WbsO7AjrY9yhYZ"
"s3://hcp-openaccess/HCP_1200/506234/MNINonLinear/Results/tfMRI_GAMBLING/tfMRI_GAMBLING_hp200_s2_level2_MSMAll.feat/GrayordinatesStats/cope5.feat/pe1.dtseries.nii","506234","MNINonLinear//Results/tfMRI_GAMBLING/tfMRI_GAMBLING_hp200_s2_level2_MSMAll.feat/GrayordinatesStats/cope5.feat/pe1.dtseries.nii","fcRH8nXGaJzDsXZxcHmYtIJogYCKP2iJ"
"s3://hcp-openaccess/HCP_1200/506234/MNINonLinear/Results/tfMRI_GAMBLING/tfMRI_GAMBLING_hp200_s2_level2_MSMAll.feat/GrayordinatesStats/cope5.feat/res4d.dtseries.nii","506234","MNINonLinear//Results/tfMRI_GAMBLING/tfMRI_GAMBLING_hp200_s2_level2_MSMAll.feat/GrayordinatesStats/cope5.feat/res4d.dtseries.nii","QHrP3UpqZ4YlhvivkIOWvIHjNOk5l6Y1"
"s3://hcp-openaccess/HCP_1200/506234/MNINonLinear/Results/tfMRI_GAMBLING/tfMRI_GAMBLING_hp200_s2_level2_MSMAll.feat/GrayordinatesStats/cope5.feat/tdof_t1.dtseries.nii","506234","MNINonLinear//Results/tfMRI_GAMBLING/tfMRI_GAMBLING_hp200_s2_level2_MSMAll.feat/GrayordinatesStats/cope5.feat/tdof_t1.dtseries.nii","BkUEBXSFKb.hL.CBBjqtxOeCri9_zHr5"
"s3://hcp-openaccess/HCP_1200/506234/MNINonLinear/Results/tfMRI_GAMBLING/tfMRI_GAMBLING_hp200_s2_level2_MSMAll.feat/GrayordinatesStats/cope5.feat/tstat1.dtseries.nii","506234","MNINonLinear//Results/tfMRI_GAMBLING/tfMRI_GAMBLING_hp200_s2_level2_MSMAll.feat/GrayordinatesStats/cope5.feat/tstat1.dtseries.nii","80n2gP5og_Bjkw5ElSUTndxrCcA7uAy1"
"s3://hcp-openaccess/HCP_1200/506234/MNINonLinear/Results/tfMRI_GAMBLING/tfMRI_GAMBLING_hp200_s2_level2_MSMAll.feat/GrayordinatesStats/cope5.feat/varcope1.dtseries.nii","506234","MNINonLinear//Results/tfMRI_GAMBLING/tfMRI_GAMBLING_hp200_s2_level2_MSMAll.feat/GrayordinatesStats/cope5.feat/varcope1.dtseries.nii","Fz2GOvd1WoepBV1i9A5H1ZKovO4dOZbl"
"s3://hcp-openaccess/HCP_1200/506234/MNINonLinear/Results/tfMRI_GAMBLING/tfMRI_GAMBLING_hp200_s2_level2_MSMAll.feat/GrayordinatesStats/cope5.feat/weights1.dtseries.nii","506234","MNINonLinear//Results/tfMRI_GAMBLING/tfMRI_GAMBLING_hp200_s2_level2_MSMAll.feat/GrayordinatesStats/cope5.feat/weights1.dtseries.nii","CRjuiUxYZ0kwRKnkNqH27qzuFrCxYTV2"
"s3://hcp-openaccess/HCP_1200/506234/MNINonLinear/Results/tfMRI_GAMBLING/tfMRI_GAMBLING_hp200_s2_level2_MSMAll.feat/GrayordinatesStats/cope5.feat/zflame1lowertstat1.dtseries.nii","506234","MNINonLinear//Results/tfMRI_GAMBLING/tfMRI_GAMBLING_hp200_s2_level2_MSMAll.feat/GrayordinatesStats/cope5.feat/zflame1lowertstat1.dtseries.nii","pfZF8mCRvG9ygR3q.cfTYS2JWZGq4AEm"
"s3://hcp-openaccess/HCP_1200/506234/MNINonLinear/Results/tfMRI_GAMBLING/tfMRI_GAMBLING_hp200_s2_level2_MSMAll.feat/GrayordinatesStats/cope5.feat/zflame1uppertstat1.dtseries.nii","506234","MNINonLinear//Results/tfMRI_GAMBLING/tfMRI_GAMBLING_hp200_s2_level2_MSMAll.feat/GrayordinatesStats/cope5.feat/zflame1uppertstat1.dtseries.nii","6YaCg0FWEAiLPkuWAuVhJtSquBd3P_Q2"
"s3://hcp-openaccess/HCP_1200/506234/MNINonLinear/Results/tfMRI_GAMBLING/tfMRI_GAMBLING_hp200_s2_level2_MSMAll.feat/GrayordinatesStats/cope5.feat/zstat1.dtseries.nii","506234","MNINonLinear//Results/tfMRI_GAMBLING/tfMRI_GAMBLING_hp200_s2_level2_MSMAll.feat/GrayordinatesStats/cope5.feat/zstat1.dtseries.nii","zk7V_YmUyR5HT8q3v47qLqcJE7p24CCN"
"s3://hcp-openaccess/HCP_1200/506234/MNINonLinear/Results/tfMRI_GAMBLING/tfMRI_GAMBLING_hp200_s2_level2_MSMAll.feat/GrayordinatesStats/cope6.feat/cope1.dtseries.nii","506234","MNINonLinear//Results/tfMRI_GAMBLING/tfMRI_GAMBLING_hp200_s2_level2_MSMAll.feat/GrayordinatesStats/cope6.feat/cope1.dtseries.nii","B_2hxufCV678FbeDUWmekCDOQyJzkSLL"
"s3://hcp-openaccess/HCP_1200/506234/MNINonLinear/Results/tfMRI_GAMBLING/tfMRI_GAMBLING_hp200_s2_level2_MSMAll.feat/GrayordinatesStats/cope6.feat/logfile","506234","MNINonLinear//Results/tfMRI_GAMBLING/tfMRI_GAMBLING_hp200_s2_level2_MSMAll.feat/GrayordinatesStats/cope6.feat/logfile","nNK0XE.JNNo.8BXgJ6iZNVQYS.aZ_xmu"
"s3://hcp-openaccess/HCP_1200/506234/MNINonLinear/Results/tfMRI_GAMBLING/tfMRI_GAMBLING_hp200_s2_level2_MSMAll.feat/GrayordinatesStats/cope6.feat/mask.dtseries.nii","506234","MNINonLinear//Results/tfMRI_GAMBLING/tfMRI_GAMBLING_hp200_s2_level2_MSMAll.feat/GrayordinatesStats/cope6.feat/mask.dtseries.nii","lhO4jSHutgJ9OZHgGQlNPDVihKv2mCdo"
"s3://hcp-openaccess/HCP_1200/506234/MNINonLinear/Results/tfMRI_GAMBLING/tfMRI_GAMBLING_hp200_s2_level2_MSMAll.feat/GrayordinatesStats/cope6.feat/mean_random_effects_var1.dtseries.nii","506234","MNINonLinear//Results/tfMRI_GAMBLING/tfMRI_GAMBLING_hp200_s2_level2_MSMAll.feat/GrayordinatesStats/cope6.feat/mean_random_effects_var1.dtseries.nii","6kK1qrLilr101IxxgCGjOCCVwBczFpDw"
"s3://hcp-openaccess/HCP_1200/506234/MNINonLinear/Results/tfMRI_GAMBLING/tfMRI_GAMBLING_hp200_s2_level2_MSMAll.feat/GrayordinatesStats/cope6.feat/pe1.dtseries.nii","506234","MNINonLinear//Results/tfMRI_GAMBLING/tfMRI_GAMBLING_hp200_s2_level2_MSMAll.feat/GrayordinatesStats/cope6.feat/pe1.dtseries.nii","cjxjIiQsCv.0hlANts19v_ZV4XHSXWtJ"
"s3://hcp-openaccess/HCP_1200/506234/MNINonLinear/Results/tfMRI_GAMBLING/tfMRI_GAMBLING_hp200_s2_level2_MSMAll.feat/GrayordinatesStats/cope6.feat/res4d.dtseries.nii","506234","MNINonLinear//Results/tfMRI_GAMBLING/tfMRI_GAMBLING_hp200_s2_level2_MSMAll.feat/GrayordinatesStats/cope6.feat/res4d.dtseries.nii","UEp2bTAt_uQ1yj.WPJctwUzZsnM55qHo"
"s3://hcp-openaccess/HCP_1200/506234/MNINonLinear/Results/tfMRI_GAMBLING/tfMRI_GAMBLING_hp200_s2_level2_MSMAll.feat/GrayordinatesStats/cope6.feat/tdof_t1.dtseries.nii","506234","MNINonLinear//Results/tfMRI_GAMBLING/tfMRI_GAMBLING_hp200_s2_level2_MSMAll.feat/GrayordinatesStats/cope6.feat/tdof_t1.dtseries.nii","rYMtMsjksZgVLmQ.SMKQwwgj1RbJCmkA"
"s3://hcp-openaccess/HCP_1200/506234/MNINonLinear/Results/tfMRI_GAMBLING/tfMRI_GAMBLING_hp200_s2_level2_MSMAll.feat/GrayordinatesStats/cope6.feat/tstat1.dtseries.nii","506234","MNINonLinear//Results/tfMRI_GAMBLING/tfMRI_GAMBLING_hp200_s2_level2_MSMAll.feat/GrayordinatesStats/cope6.feat/tstat1.dtseries.nii","QMCwu4S.uj1YbGyMjQDm0eFsoP_VNPiO"
"s3://hcp-openaccess/HCP_1200/506234/MNINonLinear/Results/tfMRI_GAMBLING/tfMRI_GAMBLING_hp200_s2_level2_MSMAll.feat/GrayordinatesStats/cope6.feat/varcope1.dtseries.nii","506234","MNINonLinear//Results/tfMRI_GAMBLING/tfMRI_GAMBLING_hp200_s2_level2_MSMAll.feat/GrayordinatesStats/cope6.feat/varcope1.dtseries.nii","sPYPQWUdShqH8GKUtpGhIUUqVJf5bpKc"
"s3://hcp-openaccess/HCP_1200/506234/MNINonLinear/Results/tfMRI_GAMBLING/tfMRI_GAMBLING_hp200_s2_level2_MSMAll.feat/GrayordinatesStats/cope6.feat/weights1.dtseries.nii","506234","MNINonLinear//Results/tfMRI_GAMBLING/tfMRI_GAMBLING_hp200_s2_level2_MSMAll.feat/GrayordinatesStats/cope6.feat/weights1.dtseries.nii","LNr5t_dQcc4W89x_.5WCzUuKd09R8YpY"
"s3://hcp-openaccess/HCP_1200/506234/MNINonLinear/Results/tfMRI_GAMBLING/tfMRI_GAMBLING_hp200_s2_level2_MSMAll.feat/GrayordinatesStats/cope6.feat/zflame1lowertstat1.dtseries.nii","506234","MNINonLinear//Results/tfMRI_GAMBLING/tfMRI_GAMBLING_hp200_s2_level2_MSMAll.feat/GrayordinatesStats/cope6.feat/zflame1lowertstat1.dtseries.nii","0EhBDIsDwH4SoPoxg2uaEmBYF4ao9Vfs"
"s3://hcp-openaccess/HCP_1200/506234/MNINonLinear/Results/tfMRI_GAMBLING/tfMRI_GAMBLING_hp200_s2_level2_MSMAll.feat/GrayordinatesStats/cope6.feat/zflame1uppertstat1.dtseries.nii","506234","MNINonLinear//Results/tfMRI_GAMBLING/tfMRI_GAMBLING_hp200_s2_level2_MSMAll.feat/GrayordinatesStats/cope6.feat/zflame1uppertstat1.dtseries.nii","AxydGfRobxrI4UyPLwPb3WB5Q4MYTWzV"
"s3://hcp-openaccess/HCP_1200/506234/MNINonLinear/Results/tfMRI_GAMBLING/tfMRI_GAMBLING_hp200_s2_level2_MSMAll.feat/GrayordinatesStats/cope6.feat/zstat1.dtseries.nii","506234","MNINonLinear//Results/tfMRI_GAMBLING/tfMRI_GAMBLING_hp200_s2_level2_MSMAll.feat/GrayordinatesStats/cope6.feat/zstat1.dtseries.nii","1YTE0RN7bd4p65wj46F2a979kvkJe5ZO"
"s3://hcp-openaccess/HCP_1200/506234/MNINonLinear/Results/tfMRI_GAMBLING/tfMRI_GAMBLING_hp200_s2_level2_MSMAll.feat/design.con","506234","MNINonLinear//Results/tfMRI_GAMBLING/tfMRI_GAMBLING_hp200_s2_level2_MSMAll.feat/design.con","oKI1hb_g7XZ2Ah_HWflTAfQDn8TNGLPe"
"s3://hcp-openaccess/HCP_1200/506234/MNINonLinear/Results/tfMRI_GAMBLING/tfMRI_GAMBLING_hp200_s2_level2_MSMAll.feat/design.fsf","506234","MNINonLinear//Results/tfMRI_GAMBLING/tfMRI_GAMBLING_hp200_s2_level2_MSMAll.feat/design.fsf","AD82mMJTKbdWm2._gzGDq2VLyz5K4OHb"
"s3://hcp-openaccess/HCP_1200/506234/MNINonLinear/Results/tfMRI_GAMBLING/tfMRI_GAMBLING_hp200_s2_level2_MSMAll.feat/design.grp","506234","MNINonLinear//Results/tfMRI_GAMBLING/tfMRI_GAMBLING_hp200_s2_level2_MSMAll.feat/design.grp","m4wOtRYEx9HGBmeV4NxC2E1.Lp_q5p7v"
"s3://hcp-openaccess/HCP_1200/506234/MNINonLinear/Results/tfMRI_GAMBLING/tfMRI_GAMBLING_hp200_s2_level2_MSMAll.feat/design.mat","506234","MNINonLinear//Results/tfMRI_GAMBLING/tfMRI_GAMBLING_hp200_s2_level2_MSMAll.feat/design.mat","53kjbQH0La8ip1CHjqO9ZmyTSW7v_SEs"
"s3://hcp-openaccess/HCP_1200/506234/MNINonLinear/Results/tfMRI_GAMBLING/tfMRI_GAMBLING_hp200_s2_level2_MSMAll.feat/design.png","506234","MNINonLinear//Results/tfMRI_GAMBLING/tfMRI_GAMBLING_hp200_s2_level2_MSMAll.feat/design.png","oTAcvJPh4Gptwzl3cX1_QAkEHiZ9LJOc"
"s3://hcp-openaccess/HCP_1200/506234/MNINonLinear/Results/tfMRI_GAMBLING/tfMRI_GAMBLING_hp200_s2_level2_MSMAll.feat/design.ppm","506234","MNINonLinear//Results/tfMRI_GAMBLING/tfMRI_GAMBLING_hp200_s2_level2_MSMAll.feat/design.ppm","7tNpAfbTLlnI8T22_CKPt7Rll352vcPu"
"s3://hcp-openaccess/HCP_1200/506234/MNINonLinear/Results/tfMRI_GAMBLING/tfMRI_GAMBLING_hp200_s2_level2_MSMAll.feat/design_cov.png","506234","MNINonLinear//Results/tfMRI_GAMBLING/tfMRI_GAMBLING_hp200_s2_level2_MSMAll.feat/design_cov.png","UiZu60ZUlsxt5KoN3cBF7Lt31Fn9wX7n"
"s3://hcp-openaccess/HCP_1200/506234/MNINonLinear/Results/tfMRI_GAMBLING/tfMRI_GAMBLING_hp200_s2_level2_MSMAll.feat/design_cov.ppm","506234","MNINonLinear//Results/tfMRI_GAMBLING/tfMRI_GAMBLING_hp200_s2_level2_MSMAll.feat/design_cov.ppm","MqtBbhDgj2RwSMcspHRn.moROocQuSCM"
"s3://hcp-openaccess/HCP_1200/506234/MNINonLinear/Results/tfMRI_GAMBLING/tfMRI_GAMBLING_hp200_s4_level2.feat/506234_tfMRI_GAMBLING_level2_hp200_s4.dscalar.nii","506234","MNINonLinear//Results/tfMRI_GAMBLING/tfMRI_GAMBLING_hp200_s4_level2.feat/506234_tfMRI_GAMBLING_level2_hp200_s4.dscalar.nii","C8Lll2Nh4AEgNQOTsFI05E7LHY9VF3Qt"
"s3://hcp-openaccess/HCP_1200/506234/MNINonLinear/Results/tfMRI_GAMBLING/tfMRI_GAMBLING_hp200_s4_level2.feat/Contrasts.txt","506234","MNINonLinear//Results/tfMRI_GAMBLING/tfMRI_GAMBLING_hp200_s4_level2.feat/Contrasts.txt","_kmcXRt0wyRU84gILSfCeG7lGo4ARl9."
"s3://hcp-openaccess/HCP_1200/506234/MNINonLinear/Results/tfMRI_GAMBLING/tfMRI_GAMBLING_hp200_s4_level2.feat/GrayordinatesStats/cope1.feat/cope1.dtseries.nii","506234","MNINonLinear//Results/tfMRI_GAMBLING/tfMRI_GAMBLING_hp200_s4_level2.feat/GrayordinatesStats/cope1.feat/cope1.dtseries.nii","hMQUg2747XQb1e.T9bK2_VxtUDeElRQe"
"s3://hcp-openaccess/HCP_1200/506234/MNINonLinear/Results/tfMRI_GAMBLING/tfMRI_GAMBLING_hp200_s4_level2.feat/GrayordinatesStats/cope1.feat/logfile","506234","MNINonLinear//Results/tfMRI_GAMBLING/tfMRI_GAMBLING_hp200_s4_level2.feat/GrayordinatesStats/cope1.feat/logfile","ZZ9UGvTMbWaFtheYyhLiF1RNlKwcba4F"
"s3://hcp-openaccess/HCP_1200/506234/MNINonLinear/Results/tfMRI_GAMBLING/tfMRI_GAMBLING_hp200_s4_level2.feat/GrayordinatesStats/cope1.feat/mask.dtseries.nii","506234","MNINonLinear//Results/tfMRI_GAMBLING/tfMRI_GAMBLING_hp200_s4_level2.feat/GrayordinatesStats/cope1.feat/mask.dtseries.nii","QWg4PtB5vVVmK8hQh3ocBQeMmTDGItg9"
"s3://hcp-openaccess/HCP_1200/506234/MNINonLinear/Results/tfMRI_GAMBLING/tfMRI_GAMBLING_hp200_s4_level2.feat/GrayordinatesStats/cope1.feat/mean_random_effects_var1.dtseries.nii","506234","MNINonLinear//Results/tfMRI_GAMBLING/tfMRI_GAMBLING_hp200_s4_level2.feat/GrayordinatesStats/cope1.feat/mean_random_effects_var1.dtseries.nii","tnIZOackT3EASyN49jQeJuLftjfrmu3N"
"s3://hcp-openaccess/HCP_1200/506234/MNINonLinear/Results/tfMRI_GAMBLING/tfMRI_GAMBLING_hp200_s4_level2.feat/GrayordinatesStats/cope1.feat/pe1.dtseries.nii","506234","MNINonLinear//Results/tfMRI_GAMBLING/tfMRI_GAMBLING_hp200_s4_level2.feat/GrayordinatesStats/cope1.feat/pe1.dtseries.nii","bl4CKBkLHp.EsslxjJQ05ftXxDYaCkbR"
"s3://hcp-openaccess/HCP_1200/506234/MNINonLinear/Results/tfMRI_GAMBLING/tfMRI_GAMBLING_hp200_s4_level2.feat/GrayordinatesStats/cope1.feat/res4d.dtseries.nii","506234","MNINonLinear//Results/tfMRI_GAMBLING/tfMRI_GAMBLING_hp200_s4_level2.feat/GrayordinatesStats/cope1.feat/res4d.dtseries.nii","Z8Z8TrShwuJuRLYTQjYFglsQfI3QeCu0"
"s3://hcp-openaccess/HCP_1200/506234/MNINonLinear/Results/tfMRI_GAMBLING/tfMRI_GAMBLING_hp200_s4_level2.feat/GrayordinatesStats/cope1.feat/tdof_t1.dtseries.nii","506234","MNINonLinear//Results/tfMRI_GAMBLING/tfMRI_GAMBLING_hp200_s4_level2.feat/GrayordinatesStats/cope1.feat/tdof_t1.dtseries.nii","MzaoTxORIFPJ6QT9kUeXzuwKv9HnfwiJ"
"s3://hcp-openaccess/HCP_1200/506234/MNINonLinear/Results/tfMRI_GAMBLING/tfMRI_GAMBLING_hp200_s4_level2.feat/GrayordinatesStats/cope1.feat/tstat1.dtseries.nii","506234","MNINonLinear//Results/tfMRI_GAMBLING/tfMRI_GAMBLING_hp200_s4_level2.feat/GrayordinatesStats/cope1.feat/tstat1.dtseries.nii","eL.ITvFjrniieVv_XbAOIXx8fHwFTfjt"
"s3://hcp-openaccess/HCP_1200/506234/MNINonLinear/Results/tfMRI_GAMBLING/tfMRI_GAMBLING_hp200_s4_level2.feat/GrayordinatesStats/cope1.feat/varcope1.dtseries.nii","506234","MNINonLinear//Results/tfMRI_GAMBLING/tfMRI_GAMBLING_hp200_s4_level2.feat/GrayordinatesStats/cope1.feat/varcope1.dtseries.nii","u01h9lV.H6hzOSu.xvVLRIjXr7bbTE7X"
"s3://hcp-openaccess/HCP_1200/506234/MNINonLinear/Results/tfMRI_GAMBLING/tfMRI_GAMBLING_hp200_s4_level2.feat/GrayordinatesStats/cope1.feat/weights1.dtseries.nii","506234","MNINonLinear//Results/tfMRI_GAMBLING/tfMRI_GAMBLING_hp200_s4_level2.feat/GrayordinatesStats/cope1.feat/weights1.dtseries.nii","4ms8JbqQBB8iMhRDTCUAug50RRIbc03z"
"s3://hcp-openaccess/HCP_1200/506234/MNINonLinear/Results/tfMRI_GAMBLING/tfMRI_GAMBLING_hp200_s4_level2.feat/GrayordinatesStats/cope1.feat/zflame1lowertstat1.dtseries.nii","506234","MNINonLinear//Results/tfMRI_GAMBLING/tfMRI_GAMBLING_hp200_s4_level2.feat/GrayordinatesStats/cope1.feat/zflame1lowertstat1.dtseries.nii","z7TgQOh7qLwNLTwVf_w0rpCsnztFDDdG"
"s3://hcp-openaccess/HCP_1200/506234/MNINonLinear/Results/tfMRI_GAMBLING/tfMRI_GAMBLING_hp200_s4_level2.feat/GrayordinatesStats/cope1.feat/zflame1uppertstat1.dtseries.nii","506234","MNINonLinear//Results/tfMRI_GAMBLING/tfMRI_GAMBLING_hp200_s4_level2.feat/GrayordinatesStats/cope1.feat/zflame1uppertstat1.dtseries.nii","dXykorol.qtdEmzJyaY3.nvAMzrEF6IB"
"s3://hcp-openaccess/HCP_1200/506234/MNINonLinear/Results/tfMRI_GAMBLING/tfMRI_GAMBLING_hp200_s4_level2.feat/GrayordinatesStats/cope1.feat/zstat1.dtseries.nii","506234","MNINonLinear//Results/tfMRI_GAMBLING/tfMRI_GAMBLING_hp200_s4_level2.feat/GrayordinatesStats/cope1.feat/zstat1.dtseries.nii","veJvdl0QsMiO_RRgk53uT_snJVLDj9nv"
"s3://hcp-openaccess/HCP_1200/506234/MNINonLinear/Results/tfMRI_GAMBLING/tfMRI_GAMBLING_hp200_s4_level2.feat/GrayordinatesStats/cope2.feat/cope1.dtseries.nii","506234","MNINonLinear//Results/tfMRI_GAMBLING/tfMRI_GAMBLING_hp200_s4_level2.feat/GrayordinatesStats/cope2.feat/cope1.dtseries.nii","FHzn83n20MU1ZUuhWeA7HPt1FLxm0Zs4"
"s3://hcp-openaccess/HCP_1200/506234/MNINonLinear/Results/tfMRI_GAMBLING/tfMRI_GAMBLING_hp200_s4_level2.feat/GrayordinatesStats/cope2.feat/logfile","506234","MNINonLinear//Results/tfMRI_GAMBLING/tfMRI_GAMBLING_hp200_s4_level2.feat/GrayordinatesStats/cope2.feat/logfile","CgkjFWTT70oIKCCNEZ2BFHB4fXiPW.4b"
"s3://hcp-openaccess/HCP_1200/506234/MNINonLinear/Results/tfMRI_GAMBLING/tfMRI_GAMBLING_hp200_s4_level2.feat/GrayordinatesStats/cope2.feat/mask.dtseries.nii","506234","MNINonLinear//Results/tfMRI_GAMBLING/tfMRI_GAMBLING_hp200_s4_level2.feat/GrayordinatesStats/cope2.feat/mask.dtseries.nii","elZhkRKH1d9MPoNyHdyFT33lg8zQrrBm"
"s3://hcp-openaccess/HCP_1200/506234/MNINonLinear/Results/tfMRI_GAMBLING/tfMRI_GAMBLING_hp200_s4_level2.feat/GrayordinatesStats/cope2.feat/mean_random_effects_var1.dtseries.nii","506234","MNINonLinear//Results/tfMRI_GAMBLING/tfMRI_GAMBLING_hp200_s4_level2.feat/GrayordinatesStats/cope2.feat/mean_random_effects_var1.dtseries.nii","qs7KxnbWnuzC6D0_h2boQqtPatDZV5Qa"
"s3://hcp-openaccess/HCP_1200/506234/MNINonLinear/Results/tfMRI_GAMBLING/tfMRI_GAMBLING_hp200_s4_level2.feat/GrayordinatesStats/cope2.feat/pe1.dtseries.nii","506234","MNINonLinear//Results/tfMRI_GAMBLING/tfMRI_GAMBLING_hp200_s4_level2.feat/GrayordinatesStats/cope2.feat/pe1.dtseries.nii","69.5TMEexOqo1tCcTY7DFUyt0Jzsp0Ct"
"s3://hcp-openaccess/HCP_1200/506234/MNINonLinear/Results/tfMRI_GAMBLING/tfMRI_GAMBLING_hp200_s4_level2.feat/GrayordinatesStats/cope2.feat/res4d.dtseries.nii","506234","MNINonLinear//Results/tfMRI_GAMBLING/tfMRI_GAMBLING_hp200_s4_level2.feat/GrayordinatesStats/cope2.feat/res4d.dtseries.nii","X0otCfNXv61gQbC8U8YVODiFdD4kCVU1"
"s3://hcp-openaccess/HCP_1200/506234/MNINonLinear/Results/tfMRI_GAMBLING/tfMRI_GAMBLING_hp200_s4_level2.feat/GrayordinatesStats/cope2.feat/tdof_t1.dtseries.nii","506234","MNINonLinear//Results/tfMRI_GAMBLING/tfMRI_GAMBLING_hp200_s4_level2.feat/GrayordinatesStats/cope2.feat/tdof_t1.dtseries.nii","YeNPOyupCmzJfMbgfZ1Dxh3aSKCC.DYT"
"s3://hcp-openaccess/HCP_1200/506234/MNINonLinear/Results/tfMRI_GAMBLING/tfMRI_GAMBLING_hp200_s4_level2.feat/GrayordinatesStats/cope2.feat/tstat1.dtseries.nii","506234","MNINonLinear//Results/tfMRI_GAMBLING/tfMRI_GAMBLING_hp200_s4_level2.feat/GrayordinatesStats/cope2.feat/tstat1.dtseries.nii","lspoSSvOcrPUBdSVXGcsmu..duDI2Iox"
"s3://hcp-openaccess/HCP_1200/506234/MNINonLinear/Results/tfMRI_GAMBLING/tfMRI_GAMBLING_hp200_s4_level2.feat/GrayordinatesStats/cope2.feat/varcope1.dtseries.nii","506234","MNINonLinear//Results/tfMRI_GAMBLING/tfMRI_GAMBLING_hp200_s4_level2.feat/GrayordinatesStats/cope2.feat/varcope1.dtseries.nii","hGyLgnE1xKSQbwRZ5GIX7HxfBHE0_siL"
"s3://hcp-openaccess/HCP_1200/506234/MNINonLinear/Results/tfMRI_GAMBLING/tfMRI_GAMBLING_hp200_s4_level2.feat/GrayordinatesStats/cope2.feat/weights1.dtseries.nii","506234","MNINonLinear//Results/tfMRI_GAMBLING/tfMRI_GAMBLING_hp200_s4_level2.feat/GrayordinatesStats/cope2.feat/weights1.dtseries.nii","3wROiX9ISBkFyS0oL2Bw8iuBHiuAkJ8V"
"s3://hcp-openaccess/HCP_1200/506234/MNINonLinear/Results/tfMRI_GAMBLING/tfMRI_GAMBLING_hp200_s4_level2.feat/GrayordinatesStats/cope2.feat/zflame1lowertstat1.dtseries.nii","506234","MNINonLinear//Results/tfMRI_GAMBLING/tfMRI_GAMBLING_hp200_s4_level2.feat/GrayordinatesStats/cope2.feat/zflame1lowertstat1.dtseries.nii","nZv95r.SJc.2zj_QyhKrIf1ZQmrGqP5v"
"s3://hcp-openaccess/HCP_1200/506234/MNINonLinear/Results/tfMRI_GAMBLING/tfMRI_GAMBLING_hp200_s4_level2.feat/GrayordinatesStats/cope2.feat/zflame1uppertstat1.dtseries.nii","506234","MNINonLinear//Results/tfMRI_GAMBLING/tfMRI_GAMBLING_hp200_s4_level2.feat/GrayordinatesStats/cope2.feat/zflame1uppertstat1.dtseries.nii","ztR.F7Ct7n.RHoXM1IN7r_QhTGOkYKrR"
"s3://hcp-openaccess/HCP_1200/506234/MNINonLinear/Results/tfMRI_GAMBLING/tfMRI_GAMBLING_hp200_s4_level2.feat/GrayordinatesStats/cope2.feat/zstat1.dtseries.nii","506234","MNINonLinear//Results/tfMRI_GAMBLING/tfMRI_GAMBLING_hp200_s4_level2.feat/GrayordinatesStats/cope2.feat/zstat1.dtseries.nii","ihjfffmIu5FCUZSNbmjVcHTSwSofmlAB"
"s3://hcp-openaccess/HCP_1200/506234/MNINonLinear/Results/tfMRI_GAMBLING/tfMRI_GAMBLING_hp200_s4_level2.feat/GrayordinatesStats/cope3.feat/cope1.dtseries.nii","506234","MNINonLinear//Results/tfMRI_GAMBLING/tfMRI_GAMBLING_hp200_s4_level2.feat/GrayordinatesStats/cope3.feat/cope1.dtseries.nii",".ItV7D5x9LRauCRLBaj7YdmAMVaQmMpl"
"s3://hcp-openaccess/HCP_1200/506234/MNINonLinear/Results/tfMRI_GAMBLING/tfMRI_GAMBLING_hp200_s4_level2.feat/GrayordinatesStats/cope3.feat/logfile","506234","MNINonLinear//Results/tfMRI_GAMBLING/tfMRI_GAMBLING_hp200_s4_level2.feat/GrayordinatesStats/cope3.feat/logfile","yg2.FEBLbd_ZMjh6geTp5yhMj1cKyW_M"
"s3://hcp-openaccess/HCP_1200/506234/MNINonLinear/Results/tfMRI_GAMBLING/tfMRI_GAMBLING_hp200_s4_level2.feat/GrayordinatesStats/cope3.feat/mask.dtseries.nii","506234","MNINonLinear//Results/tfMRI_GAMBLING/tfMRI_GAMBLING_hp200_s4_level2.feat/GrayordinatesStats/cope3.feat/mask.dtseries.nii","cGUKcBt2a1ZsODg_LgiVZCVTYoESz1M0"
"s3://hcp-openaccess/HCP_1200/506234/MNINonLinear/Results/tfMRI_GAMBLING/tfMRI_GAMBLING_hp200_s4_level2.feat/GrayordinatesStats/cope3.feat/mean_random_effects_var1.dtseries.nii","506234","MNINonLinear//Results/tfMRI_GAMBLING/tfMRI_GAMBLING_hp200_s4_level2.feat/GrayordinatesStats/cope3.feat/mean_random_effects_var1.dtseries.nii","0rghaSF1E_0IQwbygjoWD8tyGB5a.8Jf"
"s3://hcp-openaccess/HCP_1200/506234/MNINonLinear/Results/tfMRI_GAMBLING/tfMRI_GAMBLING_hp200_s4_level2.feat/GrayordinatesStats/cope3.feat/pe1.dtseries.nii","506234","MNINonLinear//Results/tfMRI_GAMBLING/tfMRI_GAMBLING_hp200_s4_level2.feat/GrayordinatesStats/cope3.feat/pe1.dtseries.nii","qJaSsvsh9YpUuqsrZpV6DhIdWgzRIJAs"
"s3://hcp-openaccess/HCP_1200/506234/MNINonLinear/Results/tfMRI_GAMBLING/tfMRI_GAMBLING_hp200_s4_level2.feat/GrayordinatesStats/cope3.feat/res4d.dtseries.nii","506234","MNINonLinear//Results/tfMRI_GAMBLING/tfMRI_GAMBLING_hp200_s4_level2.feat/GrayordinatesStats/cope3.feat/res4d.dtseries.nii","w2lQNxqDhAhWl1WaSxUfPjbgDUBPE7rt"
"s3://hcp-openaccess/HCP_1200/506234/MNINonLinear/Results/tfMRI_GAMBLING/tfMRI_GAMBLING_hp200_s4_level2.feat/GrayordinatesStats/cope3.feat/tdof_t1.dtseries.nii","506234","MNINonLinear//Results/tfMRI_GAMBLING/tfMRI_GAMBLING_hp200_s4_level2.feat/GrayordinatesStats/cope3.feat/tdof_t1.dtseries.nii","G4xx6IqsDHXPtSbZN9kmXwJHMJ6ZkyMN"
"s3://hcp-openaccess/HCP_1200/506234/MNINonLinear/Results/tfMRI_GAMBLING/tfMRI_GAMBLING_hp200_s4_level2.feat/GrayordinatesStats/cope3.feat/tstat1.dtseries.nii","506234","MNINonLinear//Results/tfMRI_GAMBLING/tfMRI_GAMBLING_hp200_s4_level2.feat/GrayordinatesStats/cope3.feat/tstat1.dtseries.nii","MUUoTIAQUewtZic20tnI52dswE3O5or1"
"s3://hcp-openaccess/HCP_1200/506234/MNINonLinear/Results/tfMRI_GAMBLING/tfMRI_GAMBLING_hp200_s4_level2.feat/GrayordinatesStats/cope3.feat/varcope1.dtseries.nii","506234","MNINonLinear//Results/tfMRI_GAMBLING/tfMRI_GAMBLING_hp200_s4_level2.feat/GrayordinatesStats/cope3.feat/varcope1.dtseries.nii","I258Qlgvjr1TOmKCTm9isIACOcqSLa3f"
"s3://hcp-openaccess/HCP_1200/506234/MNINonLinear/Results/tfMRI_GAMBLING/tfMRI_GAMBLING_hp200_s4_level2.feat/GrayordinatesStats/cope3.feat/weights1.dtseries.nii","506234","MNINonLinear//Results/tfMRI_GAMBLING/tfMRI_GAMBLING_hp200_s4_level2.feat/GrayordinatesStats/cope3.feat/weights1.dtseries.nii","cOe5tSP.sDL3cjPlLe.Oe3RxRZW6b84W"
"s3://hcp-openaccess/HCP_1200/506234/MNINonLinear/Results/tfMRI_GAMBLING/tfMRI_GAMBLING_hp200_s4_level2.feat/GrayordinatesStats/cope3.feat/zflame1lowertstat1.dtseries.nii","506234","MNINonLinear//Results/tfMRI_GAMBLING/tfMRI_GAMBLING_hp200_s4_level2.feat/GrayordinatesStats/cope3.feat/zflame1lowertstat1.dtseries.nii","k30lhZMPhXb3zQvK_xrU5M9QY8b1CfEz"
"s3://hcp-openaccess/HCP_1200/506234/MNINonLinear/Results/tfMRI_GAMBLING/tfMRI_GAMBLING_hp200_s4_level2.feat/GrayordinatesStats/cope3.feat/zflame1uppertstat1.dtseries.nii","506234","MNINonLinear//Results/tfMRI_GAMBLING/tfMRI_GAMBLING_hp200_s4_level2.feat/GrayordinatesStats/cope3.feat/zflame1uppertstat1.dtseries.nii","O33M_0KT4drU1jeM4r8ixEE0YaR5vRBM"
"s3://hcp-openaccess/HCP_1200/506234/MNINonLinear/Results/tfMRI_GAMBLING/tfMRI_GAMBLING_hp200_s4_level2.feat/GrayordinatesStats/cope3.feat/zstat1.dtseries.nii","506234","MNINonLinear//Results/tfMRI_GAMBLING/tfMRI_GAMBLING_hp200_s4_level2.feat/GrayordinatesStats/cope3.feat/zstat1.dtseries.nii","sasJWqEfTa3BiqxVBgvjFxATy7oxSPi_"
"s3://hcp-openaccess/HCP_1200/506234/MNINonLinear/Results/tfMRI_GAMBLING/tfMRI_GAMBLING_hp200_s4_level2.feat/GrayordinatesStats/cope4.feat/cope1.dtseries.nii","506234","MNINonLinear//Results/tfMRI_GAMBLING/tfMRI_GAMBLING_hp200_s4_level2.feat/GrayordinatesStats/cope4.feat/cope1.dtseries.nii","Zaf3jsVjD8KOL5NpxXbh.z9rxRyLSU69"
"s3://hcp-openaccess/HCP_1200/506234/MNINonLinear/Results/tfMRI_GAMBLING/tfMRI_GAMBLING_hp200_s4_level2.feat/GrayordinatesStats/cope4.feat/logfile","506234","MNINonLinear//Results/tfMRI_GAMBLING/tfMRI_GAMBLING_hp200_s4_level2.feat/GrayordinatesStats/cope4.feat/logfile","Y7DbZ81mJ.gRY2oBHJrvWG9dRgkuOLiU"
"s3://hcp-openaccess/HCP_1200/506234/MNINonLinear/Results/tfMRI_GAMBLING/tfMRI_GAMBLING_hp200_s4_level2.feat/GrayordinatesStats/cope4.feat/mask.dtseries.nii","506234","MNINonLinear//Results/tfMRI_GAMBLING/tfMRI_GAMBLING_hp200_s4_level2.feat/GrayordinatesStats/cope4.feat/mask.dtseries.nii","VDfnwPmKpECLRqhps5t9y0YMMdJt2._A"
"s3://hcp-openaccess/HCP_1200/506234/MNINonLinear/Results/tfMRI_GAMBLING/tfMRI_GAMBLING_hp200_s4_level2.feat/GrayordinatesStats/cope4.feat/mean_random_effects_var1.dtseries.nii","506234","MNINonLinear//Results/tfMRI_GAMBLING/tfMRI_GAMBLING_hp200_s4_level2.feat/GrayordinatesStats/cope4.feat/mean_random_effects_var1.dtseries.nii","Pl1OnFtO1DZRwkRDH.KXxx3Q1BxAcASl"
"s3://hcp-openaccess/HCP_1200/506234/MNINonLinear/Results/tfMRI_GAMBLING/tfMRI_GAMBLING_hp200_s4_level2.feat/GrayordinatesStats/cope4.feat/pe1.dtseries.nii","506234","MNINonLinear//Results/tfMRI_GAMBLING/tfMRI_GAMBLING_hp200_s4_level2.feat/GrayordinatesStats/cope4.feat/pe1.dtseries.nii","3swyDyn7KmOpUtL5EzcBXlnGPMq9gKgT"
"s3://hcp-openaccess/HCP_1200/506234/MNINonLinear/Results/tfMRI_GAMBLING/tfMRI_GAMBLING_hp200_s4_level2.feat/GrayordinatesStats/cope4.feat/res4d.dtseries.nii","506234","MNINonLinear//Results/tfMRI_GAMBLING/tfMRI_GAMBLING_hp200_s4_level2.feat/GrayordinatesStats/cope4.feat/res4d.dtseries.nii","u9huJQoGUQFarlonZ.HiaU2nFoh.zV5u"
"s3://hcp-openaccess/HCP_1200/506234/MNINonLinear/Results/tfMRI_GAMBLING/tfMRI_GAMBLING_hp200_s4_level2.feat/GrayordinatesStats/cope4.feat/tdof_t1.dtseries.nii","506234","MNINonLinear//Results/tfMRI_GAMBLING/tfMRI_GAMBLING_hp200_s4_level2.feat/GrayordinatesStats/cope4.feat/tdof_t1.dtseries.nii","ThPl_mwQrxBmIoP7G1Y9sFEwzhyCICdE"
"s3://hcp-openaccess/HCP_1200/506234/MNINonLinear/Results/tfMRI_GAMBLING/tfMRI_GAMBLING_hp200_s4_level2.feat/GrayordinatesStats/cope4.feat/tstat1.dtseries.nii","506234","MNINonLinear//Results/tfMRI_GAMBLING/tfMRI_GAMBLING_hp200_s4_level2.feat/GrayordinatesStats/cope4.feat/tstat1.dtseries.nii","2sGlbxSxBl7WhB.d7.EeuhW_Xhiu9pFg"
"s3://hcp-openaccess/HCP_1200/506234/MNINonLinear/Results/tfMRI_GAMBLING/tfMRI_GAMBLING_hp200_s4_level2.feat/GrayordinatesStats/cope4.feat/varcope1.dtseries.nii","506234","MNINonLinear//Results/tfMRI_GAMBLING/tfMRI_GAMBLING_hp200_s4_level2.feat/GrayordinatesStats/cope4.feat/varcope1.dtseries.nii","MA7oLZ9Y560e_HGM81UAgvhAQd6BSyb3"
"s3://hcp-openaccess/HCP_1200/506234/MNINonLinear/Results/tfMRI_GAMBLING/tfMRI_GAMBLING_hp200_s4_level2.feat/GrayordinatesStats/cope4.feat/weights1.dtseries.nii","506234","MNINonLinear//Results/tfMRI_GAMBLING/tfMRI_GAMBLING_hp200_s4_level2.feat/GrayordinatesStats/cope4.feat/weights1.dtseries.nii","6R9wSv_IQLQkP3pTsnc3BCpCvYDdn8oL"
"s3://hcp-openaccess/HCP_1200/506234/MNINonLinear/Results/tfMRI_GAMBLING/tfMRI_GAMBLING_hp200_s4_level2.feat/GrayordinatesStats/cope4.feat/zflame1lowertstat1.dtseries.nii","506234","MNINonLinear//Results/tfMRI_GAMBLING/tfMRI_GAMBLING_hp200_s4_level2.feat/GrayordinatesStats/cope4.feat/zflame1lowertstat1.dtseries.nii","i.3ZwgZkySh7.rwWVGfl1BBYd3Ww6IPc"
"s3://hcp-openaccess/HCP_1200/506234/MNINonLinear/Results/tfMRI_GAMBLING/tfMRI_GAMBLING_hp200_s4_level2.feat/GrayordinatesStats/cope4.feat/zflame1uppertstat1.dtseries.nii","506234","MNINonLinear//Results/tfMRI_GAMBLING/tfMRI_GAMBLING_hp200_s4_level2.feat/GrayordinatesStats/cope4.feat/zflame1uppertstat1.dtseries.nii","_djflniVtN2NiPPRaIZ_oIEsChnc0ig1"
"s3://hcp-openaccess/HCP_1200/506234/MNINonLinear/Results/tfMRI_GAMBLING/tfMRI_GAMBLING_hp200_s4_level2.feat/GrayordinatesStats/cope4.feat/zstat1.dtseries.nii","506234","MNINonLinear//Results/tfMRI_GAMBLING/tfMRI_GAMBLING_hp200_s4_level2.feat/GrayordinatesStats/cope4.feat/zstat1.dtseries.nii","Bsq0vEdWeu1zQjR1PG.JQwgkwVwKp.St"
"s3://hcp-openaccess/HCP_1200/506234/MNINonLinear/Results/tfMRI_GAMBLING/tfMRI_GAMBLING_hp200_s4_level2.feat/GrayordinatesStats/cope5.feat/cope1.dtseries.nii","506234","MNINonLinear//Results/tfMRI_GAMBLING/tfMRI_GAMBLING_hp200_s4_level2.feat/GrayordinatesStats/cope5.feat/cope1.dtseries.nii","uScZiWCXJyQhe9bLeAQTLeqgYFq1TvDq"
"s3://hcp-openaccess/HCP_1200/506234/MNINonLinear/Results/tfMRI_GAMBLING/tfMRI_GAMBLING_hp200_s4_level2.feat/GrayordinatesStats/cope5.feat/logfile","506234","MNINonLinear//Results/tfMRI_GAMBLING/tfMRI_GAMBLING_hp200_s4_level2.feat/GrayordinatesStats/cope5.feat/logfile","d_1n4ieKEXelSA4audshSjxOY2r1_0eN"
"s3://hcp-openaccess/HCP_1200/506234/MNINonLinear/Results/tfMRI_GAMBLING/tfMRI_GAMBLING_hp200_s4_level2.feat/GrayordinatesStats/cope5.feat/mask.dtseries.nii","506234","MNINonLinear//Results/tfMRI_GAMBLING/tfMRI_GAMBLING_hp200_s4_level2.feat/GrayordinatesStats/cope5.feat/mask.dtseries.nii","YP81b1MDUpHH33V9L8tTc6sZ_62mF4XD"
"s3://hcp-openaccess/HCP_1200/506234/MNINonLinear/Results/tfMRI_GAMBLING/tfMRI_GAMBLING_hp200_s4_level2.feat/GrayordinatesStats/cope5.feat/mean_random_effects_var1.dtseries.nii","506234","MNINonLinear//Results/tfMRI_GAMBLING/tfMRI_GAMBLING_hp200_s4_level2.feat/GrayordinatesStats/cope5.feat/mean_random_effects_var1.dtseries.nii","B3u_WJpGRxz.0m592vGHpTbGMABPwGCB"
"s3://hcp-openaccess/HCP_1200/506234/MNINonLinear/Results/tfMRI_GAMBLING/tfMRI_GAMBLING_hp200_s4_level2.feat/GrayordinatesStats/cope5.feat/pe1.dtseries.nii","506234","MNINonLinear//Results/tfMRI_GAMBLING/tfMRI_GAMBLING_hp200_s4_level2.feat/GrayordinatesStats/cope5.feat/pe1.dtseries.nii","nK_Z96xoQtBIf0e5Cx_b7M0020pyCNxW"
"s3://hcp-openaccess/HCP_1200/506234/MNINonLinear/Results/tfMRI_GAMBLING/tfMRI_GAMBLING_hp200_s4_level2.feat/GrayordinatesStats/cope5.feat/res4d.dtseries.nii","506234","MNINonLinear//Results/tfMRI_GAMBLING/tfMRI_GAMBLING_hp200_s4_level2.feat/GrayordinatesStats/cope5.feat/res4d.dtseries.nii","RwQ8nV3p0UrQI0osFOklUnHHsxWux3uj"
"s3://hcp-openaccess/HCP_1200/506234/MNINonLinear/Results/tfMRI_GAMBLING/tfMRI_GAMBLING_hp200_s4_level2.feat/GrayordinatesStats/cope5.feat/tdof_t1.dtseries.nii","506234","MNINonLinear//Results/tfMRI_GAMBLING/tfMRI_GAMBLING_hp200_s4_level2.feat/GrayordinatesStats/cope5.feat/tdof_t1.dtseries.nii","Dh_MPpyWjFuRmYBY1E0Ke6y4V9AwvQ2s"
"s3://hcp-openaccess/HCP_1200/506234/MNINonLinear/Results/tfMRI_GAMBLING/tfMRI_GAMBLING_hp200_s4_level2.feat/GrayordinatesStats/cope5.feat/tstat1.dtseries.nii","506234","MNINonLinear//Results/tfMRI_GAMBLING/tfMRI_GAMBLING_hp200_s4_level2.feat/GrayordinatesStats/cope5.feat/tstat1.dtseries.nii","RQ87ERh5xtLByNaM8sa3MjuospchY69S"
"s3://hcp-openaccess/HCP_1200/506234/MNINonLinear/Results/tfMRI_GAMBLING/tfMRI_GAMBLING_hp200_s4_level2.feat/GrayordinatesStats/cope5.feat/varcope1.dtseries.nii","506234","MNINonLinear//Results/tfMRI_GAMBLING/tfMRI_GAMBLING_hp200_s4_level2.feat/GrayordinatesStats/cope5.feat/varcope1.dtseries.nii","zgmSlQruzzWDOaeACf.RX_n4TeggPToj"
"s3://hcp-openaccess/HCP_1200/506234/MNINonLinear/Results/tfMRI_GAMBLING/tfMRI_GAMBLING_hp200_s4_level2.feat/GrayordinatesStats/cope5.feat/weights1.dtseries.nii","506234","MNINonLinear//Results/tfMRI_GAMBLING/tfMRI_GAMBLING_hp200_s4_level2.feat/GrayordinatesStats/cope5.feat/weights1.dtseries.nii","x5rksjVhpVBuHz3.U8ATCee_XzjTPzqA"
"s3://hcp-openaccess/HCP_1200/506234/MNINonLinear/Results/tfMRI_GAMBLING/tfMRI_GAMBLING_hp200_s4_level2.feat/GrayordinatesStats/cope5.feat/zflame1lowertstat1.dtseries.nii","506234","MNINonLinear//Results/tfMRI_GAMBLING/tfMRI_GAMBLING_hp200_s4_level2.feat/GrayordinatesStats/cope5.feat/zflame1lowertstat1.dtseries.nii","yCa8u.jiCN1_5CkHwJl_kMWm1WlA2cVd"
"s3://hcp-openaccess/HCP_1200/506234/MNINonLinear/Results/tfMRI_GAMBLING/tfMRI_GAMBLING_hp200_s4_level2.feat/GrayordinatesStats/cope5.feat/zflame1uppertstat1.dtseries.nii","506234","MNINonLinear//Results/tfMRI_GAMBLING/tfMRI_GAMBLING_hp200_s4_level2.feat/GrayordinatesStats/cope5.feat/zflame1uppertstat1.dtseries.nii","mQogttsZLSITOxomXr7PhmbXOVslzyj4"
"s3://hcp-openaccess/HCP_1200/506234/MNINonLinear/Results/tfMRI_GAMBLING/tfMRI_GAMBLING_hp200_s4_level2.feat/GrayordinatesStats/cope5.feat/zstat1.dtseries.nii","506234","MNINonLinear//Results/tfMRI_GAMBLING/tfMRI_GAMBLING_hp200_s4_level2.feat/GrayordinatesStats/cope5.feat/zstat1.dtseries.nii","28rP2cJH5PZhP47yud3hpPd2cuy6cRuJ"
"s3://hcp-openaccess/HCP_1200/506234/MNINonLinear/Results/tfMRI_GAMBLING/tfMRI_GAMBLING_hp200_s4_level2.feat/GrayordinatesStats/cope6.feat/cope1.dtseries.nii","506234","MNINonLinear//Results/tfMRI_GAMBLING/tfMRI_GAMBLING_hp200_s4_level2.feat/GrayordinatesStats/cope6.feat/cope1.dtseries.nii","eP5xAG4imp725jTWN7y4b1p3hTRnrYBH"
"s3://hcp-openaccess/HCP_1200/506234/MNINonLinear/Results/tfMRI_GAMBLING/tfMRI_GAMBLING_hp200_s4_level2.feat/GrayordinatesStats/cope6.feat/logfile","506234","MNINonLinear//Results/tfMRI_GAMBLING/tfMRI_GAMBLING_hp200_s4_level2.feat/GrayordinatesStats/cope6.feat/logfile","4sA9B6E.K_RZfhW_xAj199HiWGT2Rsg."
"s3://hcp-openaccess/HCP_1200/506234/MNINonLinear/Results/tfMRI_GAMBLING/tfMRI_GAMBLING_hp200_s4_level2.feat/GrayordinatesStats/cope6.feat/mask.dtseries.nii","506234","MNINonLinear//Results/tfMRI_GAMBLING/tfMRI_GAMBLING_hp200_s4_level2.feat/GrayordinatesStats/cope6.feat/mask.dtseries.nii","YdVemOOYy1YaL_PIQ.KShIfEKUUPrZxF"
"s3://hcp-openaccess/HCP_1200/506234/MNINonLinear/Results/tfMRI_GAMBLING/tfMRI_GAMBLING_hp200_s4_level2.feat/GrayordinatesStats/cope6.feat/mean_random_effects_var1.dtseries.nii","506234","MNINonLinear//Results/tfMRI_GAMBLING/tfMRI_GAMBLING_hp200_s4_level2.feat/GrayordinatesStats/cope6.feat/mean_random_effects_var1.dtseries.nii","ZlRl3vLabrZU9HPN1qqLTe3mBPUVigxN"
"s3://hcp-openaccess/HCP_1200/506234/MNINonLinear/Results/tfMRI_GAMBLING/tfMRI_GAMBLING_hp200_s4_level2.feat/GrayordinatesStats/cope6.feat/pe1.dtseries.nii","506234","MNINonLinear//Results/tfMRI_GAMBLING/tfMRI_GAMBLING_hp200_s4_level2.feat/GrayordinatesStats/cope6.feat/pe1.dtseries.nii","L1aQc0jXWOzdnPamIziVE5CGZVCQc1l0"
"s3://hcp-openaccess/HCP_1200/506234/MNINonLinear/Results/tfMRI_GAMBLING/tfMRI_GAMBLING_hp200_s4_level2.feat/GrayordinatesStats/cope6.feat/res4d.dtseries.nii","506234","MNINonLinear//Results/tfMRI_GAMBLING/tfMRI_GAMBLING_hp200_s4_level2.feat/GrayordinatesStats/cope6.feat/res4d.dtseries.nii","SgZ7.NbFHLml3Avm5z21hdScW3rXYcxw"
"s3://hcp-openaccess/HCP_1200/506234/MNINonLinear/Results/tfMRI_GAMBLING/tfMRI_GAMBLING_hp200_s4_level2.feat/GrayordinatesStats/cope6.feat/tdof_t1.dtseries.nii","506234","MNINonLinear//Results/tfMRI_GAMBLING/tfMRI_GAMBLING_hp200_s4_level2.feat/GrayordinatesStats/cope6.feat/tdof_t1.dtseries.nii","BhB1zzk2myeYTMSj4T2urajSrR8nx1vb"
"s3://hcp-openaccess/HCP_1200/506234/MNINonLinear/Results/tfMRI_GAMBLING/tfMRI_GAMBLING_hp200_s4_level2.feat/GrayordinatesStats/cope6.feat/tstat1.dtseries.nii","506234","MNINonLinear//Results/tfMRI_GAMBLING/tfMRI_GAMBLING_hp200_s4_level2.feat/GrayordinatesStats/cope6.feat/tstat1.dtseries.nii","UR.7HcDnrJWujk9NdljSq.5ACgADKZFt"
"s3://hcp-openaccess/HCP_1200/506234/MNINonLinear/Results/tfMRI_GAMBLING/tfMRI_GAMBLING_hp200_s4_level2.feat/GrayordinatesStats/cope6.feat/varcope1.dtseries.nii","506234","MNINonLinear//Results/tfMRI_GAMBLING/tfMRI_GAMBLING_hp200_s4_level2.feat/GrayordinatesStats/cope6.feat/varcope1.dtseries.nii",".aBH_gXTmz0DnK6jx_d5Yll5F5eXy4Sj"
"s3://hcp-openaccess/HCP_1200/506234/MNINonLinear/Results/tfMRI_GAMBLING/tfMRI_GAMBLING_hp200_s4_level2.feat/GrayordinatesStats/cope6.feat/weights1.dtseries.nii","506234","MNINonLinear//Results/tfMRI_GAMBLING/tfMRI_GAMBLING_hp200_s4_level2.feat/GrayordinatesStats/cope6.feat/weights1.dtseries.nii","9LloOM1cPoRojBv3xkbuiWj_Ydp2Y1HN"
"s3://hcp-openaccess/HCP_1200/506234/MNINonLinear/Results/tfMRI_GAMBLING/tfMRI_GAMBLING_hp200_s4_level2.feat/GrayordinatesStats/cope6.feat/zflame1lowertstat1.dtseries.nii","506234","MNINonLinear//Results/tfMRI_GAMBLING/tfMRI_GAMBLING_hp200_s4_level2.feat/GrayordinatesStats/cope6.feat/zflame1lowertstat1.dtseries.nii","4psd9SaoDlr38Bo6TrzPizH6YhTpSLiA"
"s3://hcp-openaccess/HCP_1200/506234/MNINonLinear/Results/tfMRI_GAMBLING/tfMRI_GAMBLING_hp200_s4_level2.feat/GrayordinatesStats/cope6.feat/zflame1uppertstat1.dtseries.nii","506234","MNINonLinear//Results/tfMRI_GAMBLING/tfMRI_GAMBLING_hp200_s4_level2.feat/GrayordinatesStats/cope6.feat/zflame1uppertstat1.dtseries.nii","GQCn5NhhJmssmQ1iqULVi4UOwGTbYTFz"
"s3://hcp-openaccess/HCP_1200/506234/MNINonLinear/Results/tfMRI_GAMBLING/tfMRI_GAMBLING_hp200_s4_level2.feat/GrayordinatesStats/cope6.feat/zstat1.dtseries.nii","506234","MNINonLinear//Results/tfMRI_GAMBLING/tfMRI_GAMBLING_hp200_s4_level2.feat/GrayordinatesStats/cope6.feat/zstat1.dtseries.nii","HJX.Io6TZdPzqK3q_JVaR8pR__5FrqIT"
"s3://hcp-openaccess/HCP_1200/506234/MNINonLinear/Results/tfMRI_GAMBLING/tfMRI_GAMBLING_hp200_s4_level2.feat/design.con","506234","MNINonLinear//Results/tfMRI_GAMBLING/tfMRI_GAMBLING_hp200_s4_level2.feat/design.con","lVKduIjDI0WB_qUqeE0qa6pfszTlUZZN"
"s3://hcp-openaccess/HCP_1200/506234/MNINonLinear/Results/tfMRI_GAMBLING/tfMRI_GAMBLING_hp200_s4_level2.feat/design.fsf","506234","MNINonLinear//Results/tfMRI_GAMBLING/tfMRI_GAMBLING_hp200_s4_level2.feat/design.fsf","ArHwglxaOoFkXsKsg39qpaqowVtHUDJI"
"s3://hcp-openaccess/HCP_1200/506234/MNINonLinear/Results/tfMRI_GAMBLING/tfMRI_GAMBLING_hp200_s4_level2.feat/design.grp","506234","MNINonLinear//Results/tfMRI_GAMBLING/tfMRI_GAMBLING_hp200_s4_level2.feat/design.grp","ZfjPuqEQaqhZTCRjzHHM1eAUDO5QsCsV"
"s3://hcp-openaccess/HCP_1200/506234/MNINonLinear/Results/tfMRI_GAMBLING/tfMRI_GAMBLING_hp200_s4_level2.feat/design.mat","506234","MNINonLinear//Results/tfMRI_GAMBLING/tfMRI_GAMBLING_hp200_s4_level2.feat/design.mat","hyDQBSdV.8a5KGWVCyC1OSh_g6PJHOsA"
"s3://hcp-openaccess/HCP_1200/506234/MNINonLinear/Results/tfMRI_GAMBLING/tfMRI_GAMBLING_hp200_s4_level2.feat/design.png","506234","MNINonLinear//Results/tfMRI_GAMBLING/tfMRI_GAMBLING_hp200_s4_level2.feat/design.png","XdWJOKqrJrKrf8lH8AXF3KsRskzd_F17"
"s3://hcp-openaccess/HCP_1200/506234/MNINonLinear/Results/tfMRI_GAMBLING/tfMRI_GAMBLING_hp200_s4_level2.feat/design.ppm","506234","MNINonLinear//Results/tfMRI_GAMBLING/tfMRI_GAMBLING_hp200_s4_level2.feat/design.ppm","B0HzjmDpIR4sp8Pk_rGdDW3GyU5MZ7To"
"s3://hcp-openaccess/HCP_1200/506234/MNINonLinear/Results/tfMRI_GAMBLING/tfMRI_GAMBLING_hp200_s4_level2.feat/design_cov.png","506234","MNINonLinear//Results/tfMRI_GAMBLING/tfMRI_GAMBLING_hp200_s4_level2.feat/design_cov.png","tpribuabBWCvic4jdpqzd71F0HVr9zg3"
"s3://hcp-openaccess/HCP_1200/506234/MNINonLinear/Results/tfMRI_GAMBLING/tfMRI_GAMBLING_hp200_s4_level2.feat/design_cov.ppm","506234","MNINonLinear//Results/tfMRI_GAMBLING/tfMRI_GAMBLING_hp200_s4_level2.feat/design_cov.ppm","F5iOTayLGuZJ9BzxgqwyEnCHj35JiOut"
"s3://hcp-openaccess/HCP_1200/506234/MNINonLinear/Results/tfMRI_GAMBLING/tfMRI_GAMBLING_hp200_s4_level2.fsf","506234","MNINonLinear//Results/tfMRI_GAMBLING/tfMRI_GAMBLING_hp200_s4_level2.fsf","7ZBncxzh35F8gHYaP5d2hIgdABTFL7Di"
"s3://hcp-openaccess/HCP_1200/506234/MNINonLinear/Results/tfMRI_GAMBLING/tfMRI_GAMBLING_hp200_s4_level2_MSMAll.feat/506234_tfMRI_GAMBLING_level2_hp200_s4_MSMAll.dscalar.nii","506234","MNINonLinear//Results/tfMRI_GAMBLING/tfMRI_GAMBLING_hp200_s4_level2_MSMAll.feat/506234_tfMRI_GAMBLING_level2_hp200_s4_MSMAll.dscalar.nii","C0wssT1pSfx05dSYEXnIyfTff7b4H8Af"
"s3://hcp-openaccess/HCP_1200/506234/MNINonLinear/Results/tfMRI_GAMBLING/tfMRI_GAMBLING_hp200_s4_level2_MSMAll.feat/Contrasts.txt","506234","MNINonLinear//Results/tfMRI_GAMBLING/tfMRI_GAMBLING_hp200_s4_level2_MSMAll.feat/Contrasts.txt","LkQi0zuqOjj9R2Y_3wAQsorKWUPF5Vtq"
"s3://hcp-openaccess/HCP_1200/506234/MNINonLinear/Results/tfMRI_GAMBLING/tfMRI_GAMBLING_hp200_s4_level2_MSMAll.feat/GrayordinatesStats/cope1.feat/cope1.dtseries.nii","506234","MNINonLinear//Results/tfMRI_GAMBLING/tfMRI_GAMBLING_hp200_s4_level2_MSMAll.feat/GrayordinatesStats/cope1.feat/cope1.dtseries.nii","In10FIvf8j59tBPcInARVhdFTLO.x__V"
"s3://hcp-openaccess/HCP_1200/506234/MNINonLinear/Results/tfMRI_GAMBLING/tfMRI_GAMBLING_hp200_s4_level2_MSMAll.feat/GrayordinatesStats/cope1.feat/logfile","506234","MNINonLinear//Results/tfMRI_GAMBLING/tfMRI_GAMBLING_hp200_s4_level2_MSMAll.feat/GrayordinatesStats/cope1.feat/logfile","t.af5QKSRC9jKD1ubA.Bxq.BVNXCp3lp"
"s3://hcp-openaccess/HCP_1200/506234/MNINonLinear/Results/tfMRI_GAMBLING/tfMRI_GAMBLING_hp200_s4_level2_MSMAll.feat/GrayordinatesStats/cope1.feat/mask.dtseries.nii","506234","MNINonLinear//Results/tfMRI_GAMBLING/tfMRI_GAMBLING_hp200_s4_level2_MSMAll.feat/GrayordinatesStats/cope1.feat/mask.dtseries.nii","7yuhRyiCWvUg6CiUZ4pgIMlbtrv5jpHO"
"s3://hcp-openaccess/HCP_1200/506234/MNINonLinear/Results/tfMRI_GAMBLING/tfMRI_GAMBLING_hp200_s4_level2_MSMAll.feat/GrayordinatesStats/cope1.feat/mean_random_effects_var1.dtseries.nii","506234","MNINonLinear//Results/tfMRI_GAMBLING/tfMRI_GAMBLING_hp200_s4_level2_MSMAll.feat/GrayordinatesStats/cope1.feat/mean_random_effects_var1.dtseries.nii","4yxbasfZ_EnTmw.ED_mORVNY.U3F3YGV"
"s3://hcp-openaccess/HCP_1200/506234/MNINonLinear/Results/tfMRI_GAMBLING/tfMRI_GAMBLING_hp200_s4_level2_MSMAll.feat/GrayordinatesStats/cope1.feat/pe1.dtseries.nii","506234","MNINonLinear//Results/tfMRI_GAMBLING/tfMRI_GAMBLING_hp200_s4_level2_MSMAll.feat/GrayordinatesStats/cope1.feat/pe1.dtseries.nii","ajygWM4gcjugweoT.mLqdOPrcvxCaVSF"
"s3://hcp-openaccess/HCP_1200/506234/MNINonLinear/Results/tfMRI_GAMBLING/tfMRI_GAMBLING_hp200_s4_level2_MSMAll.feat/GrayordinatesStats/cope1.feat/res4d.dtseries.nii","506234","MNINonLinear//Results/tfMRI_GAMBLING/tfMRI_GAMBLING_hp200_s4_level2_MSMAll.feat/GrayordinatesStats/cope1.feat/res4d.dtseries.nii","fekmwDcSKw.7L65MwLorjyhwhZr29BXL"
"s3://hcp-openaccess/HCP_1200/506234/MNINonLinear/Results/tfMRI_GAMBLING/tfMRI_GAMBLING_hp200_s4_level2_MSMAll.feat/GrayordinatesStats/cope1.feat/tdof_t1.dtseries.nii","506234","MNINonLinear//Results/tfMRI_GAMBLING/tfMRI_GAMBLING_hp200_s4_level2_MSMAll.feat/GrayordinatesStats/cope1.feat/tdof_t1.dtseries.nii","06Eapn_S_GC0vNaZNlivDUqE1WqGzxqs"
"s3://hcp-openaccess/HCP_1200/506234/MNINonLinear/Results/tfMRI_GAMBLING/tfMRI_GAMBLING_hp200_s4_level2_MSMAll.feat/GrayordinatesStats/cope1.feat/tstat1.dtseries.nii","506234","MNINonLinear//Results/tfMRI_GAMBLING/tfMRI_GAMBLING_hp200_s4_level2_MSMAll.feat/GrayordinatesStats/cope1.feat/tstat1.dtseries.nii","JXddDsPhKq5wIKhu4WX70_x96YzH1nZl"
"s3://hcp-openaccess/HCP_1200/506234/MNINonLinear/Results/tfMRI_GAMBLING/tfMRI_GAMBLING_hp200_s4_level2_MSMAll.feat/GrayordinatesStats/cope1.feat/varcope1.dtseries.nii","506234","MNINonLinear//Results/tfMRI_GAMBLING/tfMRI_GAMBLING_hp200_s4_level2_MSMAll.feat/GrayordinatesStats/cope1.feat/varcope1.dtseries.nii","eeOm.FhayFBu3PCGt44nEIkspwEceTi1"
"s3://hcp-openaccess/HCP_1200/506234/MNINonLinear/Results/tfMRI_GAMBLING/tfMRI_GAMBLING_hp200_s4_level2_MSMAll.feat/GrayordinatesStats/cope1.feat/weights1.dtseries.nii","506234","MNINonLinear//Results/tfMRI_GAMBLING/tfMRI_GAMBLING_hp200_s4_level2_MSMAll.feat/GrayordinatesStats/cope1.feat/weights1.dtseries.nii","R8KjuMZdfa3ON0DSgn6kIO5E5uy4ZpzC"
"s3://hcp-openaccess/HCP_1200/506234/MNINonLinear/Results/tfMRI_GAMBLING/tfMRI_GAMBLING_hp200_s4_level2_MSMAll.feat/GrayordinatesStats/cope1.feat/zflame1lowertstat1.dtseries.nii","506234","MNINonLinear//Results/tfMRI_GAMBLING/tfMRI_GAMBLING_hp200_s4_level2_MSMAll.feat/GrayordinatesStats/cope1.feat/zflame1lowertstat1.dtseries.nii","0wefXjoS4q2xY.ulvLHxkhRTLYugKahv"
"s3://hcp-openaccess/HCP_1200/506234/MNINonLinear/Results/tfMRI_GAMBLING/tfMRI_GAMBLING_hp200_s4_level2_MSMAll.feat/GrayordinatesStats/cope1.feat/zflame1uppertstat1.dtseries.nii","506234","MNINonLinear//Results/tfMRI_GAMBLING/tfMRI_GAMBLING_hp200_s4_level2_MSMAll.feat/GrayordinatesStats/cope1.feat/zflame1uppertstat1.dtseries.nii","yOSqcbvJp4aa5LfICCoX8pjzAOI2m20l"
"s3://hcp-openaccess/HCP_1200/506234/MNINonLinear/Results/tfMRI_GAMBLING/tfMRI_GAMBLING_hp200_s4_level2_MSMAll.feat/GrayordinatesStats/cope1.feat/zstat1.dtseries.nii","506234","MNINonLinear//Results/tfMRI_GAMBLING/tfMRI_GAMBLING_hp200_s4_level2_MSMAll.feat/GrayordinatesStats/cope1.feat/zstat1.dtseries.nii","PnBhMSjhV..Q4.iV7FcYzup8pRI_Y.tS"
"s3://hcp-openaccess/HCP_1200/506234/MNINonLinear/Results/tfMRI_GAMBLING/tfMRI_GAMBLING_hp200_s4_level2_MSMAll.feat/GrayordinatesStats/cope2.feat/cope1.dtseries.nii","506234","MNINonLinear//Results/tfMRI_GAMBLING/tfMRI_GAMBLING_hp200_s4_level2_MSMAll.feat/GrayordinatesStats/cope2.feat/cope1.dtseries.nii","tuPgtF832JVgQILtre6oKgqPLz8u0eHk"
"s3://hcp-openaccess/HCP_1200/506234/MNINonLinear/Results/tfMRI_GAMBLING/tfMRI_GAMBLING_hp200_s4_level2_MSMAll.feat/GrayordinatesStats/cope2.feat/logfile","506234","MNINonLinear//Results/tfMRI_GAMBLING/tfMRI_GAMBLING_hp200_s4_level2_MSMAll.feat/GrayordinatesStats/cope2.feat/logfile","tdjxFCTqAbi5G.zzESfcv3av7HNVVH_R"
"s3://hcp-openaccess/HCP_1200/506234/MNINonLinear/Results/tfMRI_GAMBLING/tfMRI_GAMBLING_hp200_s4_level2_MSMAll.feat/GrayordinatesStats/cope2.feat/mask.dtseries.nii","506234","MNINonLinear//Results/tfMRI_GAMBLING/tfMRI_GAMBLING_hp200_s4_level2_MSMAll.feat/GrayordinatesStats/cope2.feat/mask.dtseries.nii","LtsqNAKWtoidsDjd166IUpFwSs87qkjF"
"s3://hcp-openaccess/HCP_1200/506234/MNINonLinear/Results/tfMRI_GAMBLING/tfMRI_GAMBLING_hp200_s4_level2_MSMAll.feat/GrayordinatesStats/cope2.feat/mean_random_effects_var1.dtseries.nii","506234","MNINonLinear//Results/tfMRI_GAMBLING/tfMRI_GAMBLING_hp200_s4_level2_MSMAll.feat/GrayordinatesStats/cope2.feat/mean_random_effects_var1.dtseries.nii","FsSH3hYdb.Rn2GxhfBbTcAo3M4Hwfs9B"
"s3://hcp-openaccess/HCP_1200/506234/MNINonLinear/Results/tfMRI_GAMBLING/tfMRI_GAMBLING_hp200_s4_level2_MSMAll.feat/GrayordinatesStats/cope2.feat/pe1.dtseries.nii","506234","MNINonLinear//Results/tfMRI_GAMBLING/tfMRI_GAMBLING_hp200_s4_level2_MSMAll.feat/GrayordinatesStats/cope2.feat/pe1.dtseries.nii","Vw0_GOckEPilywGFULXM3ScTuTlXpsNR"
"s3://hcp-openaccess/HCP_1200/506234/MNINonLinear/Results/tfMRI_GAMBLING/tfMRI_GAMBLING_hp200_s4_level2_MSMAll.feat/GrayordinatesStats/cope2.feat/res4d.dtseries.nii","506234","MNINonLinear//Results/tfMRI_GAMBLING/tfMRI_GAMBLING_hp200_s4_level2_MSMAll.feat/GrayordinatesStats/cope2.feat/res4d.dtseries.nii","xFDxFYiYl5VTtpIGlgoaExyoSVwLPG_."
"s3://hcp-openaccess/HCP_1200/506234/MNINonLinear/Results/tfMRI_GAMBLING/tfMRI_GAMBLING_hp200_s4_level2_MSMAll.feat/GrayordinatesStats/cope2.feat/tdof_t1.dtseries.nii","506234","MNINonLinear//Results/tfMRI_GAMBLING/tfMRI_GAMBLING_hp200_s4_level2_MSMAll.feat/GrayordinatesStats/cope2.feat/tdof_t1.dtseries.nii","WTRj7KOMbxuz_mRBBXMnhmw3LQcwQYMr"
"s3://hcp-openaccess/HCP_1200/506234/MNINonLinear/Results/tfMRI_GAMBLING/tfMRI_GAMBLING_hp200_s4_level2_MSMAll.feat/GrayordinatesStats/cope2.feat/tstat1.dtseries.nii","506234","MNINonLinear//Results/tfMRI_GAMBLING/tfMRI_GAMBLING_hp200_s4_level2_MSMAll.feat/GrayordinatesStats/cope2.feat/tstat1.dtseries.nii","koYZ6o3WRu9dctV4JoNSzxfRPtsDH2Bg"
"s3://hcp-openaccess/HCP_1200/506234/MNINonLinear/Results/tfMRI_GAMBLING/tfMRI_GAMBLING_hp200_s4_level2_MSMAll.feat/GrayordinatesStats/cope2.feat/varcope1.dtseries.nii","506234","MNINonLinear//Results/tfMRI_GAMBLING/tfMRI_GAMBLING_hp200_s4_level2_MSMAll.feat/GrayordinatesStats/cope2.feat/varcope1.dtseries.nii","lbWYuHp1WAM_kJJLWjEmL13K6FJKcpfk"
"s3://hcp-openaccess/HCP_1200/506234/MNINonLinear/Results/tfMRI_GAMBLING/tfMRI_GAMBLING_hp200_s4_level2_MSMAll.feat/GrayordinatesStats/cope2.feat/weights1.dtseries.nii","506234","MNINonLinear//Results/tfMRI_GAMBLING/tfMRI_GAMBLING_hp200_s4_level2_MSMAll.feat/GrayordinatesStats/cope2.feat/weights1.dtseries.nii","EkiMf2RSF4bJ1opjib8nDQN6rgwrF30P"
"s3://hcp-openaccess/HCP_1200/506234/MNINonLinear/Results/tfMRI_GAMBLING/tfMRI_GAMBLING_hp200_s4_level2_MSMAll.feat/GrayordinatesStats/cope2.feat/zflame1lowertstat1.dtseries.nii","506234","MNINonLinear//Results/tfMRI_GAMBLING/tfMRI_GAMBLING_hp200_s4_level2_MSMAll.feat/GrayordinatesStats/cope2.feat/zflame1lowertstat1.dtseries.nii","ldiajFwZGtlCkbCgYWMxyhUel8Xm0ASF"
"s3://hcp-openaccess/HCP_1200/506234/MNINonLinear/Results/tfMRI_GAMBLING/tfMRI_GAMBLING_hp200_s4_level2_MSMAll.feat/GrayordinatesStats/cope2.feat/zflame1uppertstat1.dtseries.nii","506234","MNINonLinear//Results/tfMRI_GAMBLING/tfMRI_GAMBLING_hp200_s4_level2_MSMAll.feat/GrayordinatesStats/cope2.feat/zflame1uppertstat1.dtseries.nii","cHdZ4nTjmHCCYJkMd8_JQoy4dSt3S9pu"
"s3://hcp-openaccess/HCP_1200/506234/MNINonLinear/Results/tfMRI_GAMBLING/tfMRI_GAMBLING_hp200_s4_level2_MSMAll.feat/GrayordinatesStats/cope2.feat/zstat1.dtseries.nii","506234","MNINonLinear//Results/tfMRI_GAMBLING/tfMRI_GAMBLING_hp200_s4_level2_MSMAll.feat/GrayordinatesStats/cope2.feat/zstat1.dtseries.nii","xuPjZVEYnw1GQ7ZYO5ZJqJFll.2xpikn"
"s3://hcp-openaccess/HCP_1200/506234/MNINonLinear/Results/tfMRI_GAMBLING/tfMRI_GAMBLING_hp200_s4_level2_MSMAll.feat/GrayordinatesStats/cope3.feat/cope1.dtseries.nii","506234","MNINonLinear//Results/tfMRI_GAMBLING/tfMRI_GAMBLING_hp200_s4_level2_MSMAll.feat/GrayordinatesStats/cope3.feat/cope1.dtseries.nii","E.DKrsGVkKZo6tVKUweDXL8JH97PyZxi"
"s3://hcp-openaccess/HCP_1200/506234/MNINonLinear/Results/tfMRI_GAMBLING/tfMRI_GAMBLING_hp200_s4_level2_MSMAll.feat/GrayordinatesStats/cope3.feat/logfile","506234","MNINonLinear//Results/tfMRI_GAMBLING/tfMRI_GAMBLING_hp200_s4_level2_MSMAll.feat/GrayordinatesStats/cope3.feat/logfile","9pJWvxbs2nsFKOaUNAylkSzx.2P9gZiU"
"s3://hcp-openaccess/HCP_1200/506234/MNINonLinear/Results/tfMRI_GAMBLING/tfMRI_GAMBLING_hp200_s4_level2_MSMAll.feat/GrayordinatesStats/cope3.feat/mask.dtseries.nii","506234","MNINonLinear//Results/tfMRI_GAMBLING/tfMRI_GAMBLING_hp200_s4_level2_MSMAll.feat/GrayordinatesStats/cope3.feat/mask.dtseries.nii","olXN.V7hARweRDWCQpTFzksTp6PvBx6a"
"s3://hcp-openaccess/HCP_1200/506234/MNINonLinear/Results/tfMRI_GAMBLING/tfMRI_GAMBLING_hp200_s4_level2_MSMAll.feat/GrayordinatesStats/cope3.feat/mean_random_effects_var1.dtseries.nii","506234","MNINonLinear//Results/tfMRI_GAMBLING/tfMRI_GAMBLING_hp200_s4_level2_MSMAll.feat/GrayordinatesStats/cope3.feat/mean_random_effects_var1.dtseries.nii","m62cDoEPgRQENttWqa.cCcfgBmX39B8w"
"s3://hcp-openaccess/HCP_1200/506234/MNINonLinear/Results/tfMRI_GAMBLING/tfMRI_GAMBLING_hp200_s4_level2_MSMAll.feat/GrayordinatesStats/cope3.feat/pe1.dtseries.nii","506234","MNINonLinear//Results/tfMRI_GAMBLING/tfMRI_GAMBLING_hp200_s4_level2_MSMAll.feat/GrayordinatesStats/cope3.feat/pe1.dtseries.nii","sA4mGWkvN_.b8i8bWDHC1pwDwaq7STqD"
"s3://hcp-openaccess/HCP_1200/506234/MNINonLinear/Results/tfMRI_GAMBLING/tfMRI_GAMBLING_hp200_s4_level2_MSMAll.feat/GrayordinatesStats/cope3.feat/res4d.dtseries.nii","506234","MNINonLinear//Results/tfMRI_GAMBLING/tfMRI_GAMBLING_hp200_s4_level2_MSMAll.feat/GrayordinatesStats/cope3.feat/res4d.dtseries.nii","L8LwE9QXRArm_hc9IGWna6bYvhF9Va8A"
"s3://hcp-openaccess/HCP_1200/506234/MNINonLinear/Results/tfMRI_GAMBLING/tfMRI_GAMBLING_hp200_s4_level2_MSMAll.feat/GrayordinatesStats/cope3.feat/tdof_t1.dtseries.nii","506234","MNINonLinear//Results/tfMRI_GAMBLING/tfMRI_GAMBLING_hp200_s4_level2_MSMAll.feat/GrayordinatesStats/cope3.feat/tdof_t1.dtseries.nii","muDShLQykZldEb0MLpIhqQWHUFNj.NjJ"
"s3://hcp-openaccess/HCP_1200/506234/MNINonLinear/Results/tfMRI_GAMBLING/tfMRI_GAMBLING_hp200_s4_level2_MSMAll.feat/GrayordinatesStats/cope3.feat/tstat1.dtseries.nii","506234","MNINonLinear//Results/tfMRI_GAMBLING/tfMRI_GAMBLING_hp200_s4_level2_MSMAll.feat/GrayordinatesStats/cope3.feat/tstat1.dtseries.nii","fPY5FZmGHK23V9F4z.uxQuD_qob9VqAJ"
"s3://hcp-openaccess/HCP_1200/506234/MNINonLinear/Results/tfMRI_GAMBLING/tfMRI_GAMBLING_hp200_s4_level2_MSMAll.feat/GrayordinatesStats/cope3.feat/varcope1.dtseries.nii","506234","MNINonLinear//Results/tfMRI_GAMBLING/tfMRI_GAMBLING_hp200_s4_level2_MSMAll.feat/GrayordinatesStats/cope3.feat/varcope1.dtseries.nii","bZ1TjYS1R6jPo0q.kh_nyk3jIjDGaLUp"
"s3://hcp-openaccess/HCP_1200/506234/MNINonLinear/Results/tfMRI_GAMBLING/tfMRI_GAMBLING_hp200_s4_level2_MSMAll.feat/GrayordinatesStats/cope3.feat/weights1.dtseries.nii","506234","MNINonLinear//Results/tfMRI_GAMBLING/tfMRI_GAMBLING_hp200_s4_level2_MSMAll.feat/GrayordinatesStats/cope3.feat/weights1.dtseries.nii","J9D7XsnVi2cgEu.Fj6JmNZxNgFNL0irs"
"s3://hcp-openaccess/HCP_1200/506234/MNINonLinear/Results/tfMRI_GAMBLING/tfMRI_GAMBLING_hp200_s4_level2_MSMAll.feat/GrayordinatesStats/cope3.feat/zflame1lowertstat1.dtseries.nii","506234","MNINonLinear//Results/tfMRI_GAMBLING/tfMRI_GAMBLING_hp200_s4_level2_MSMAll.feat/GrayordinatesStats/cope3.feat/zflame1lowertstat1.dtseries.nii","xVmQJxDouTxADkA6gwya3cQcr28odoAQ"
"s3://hcp-openaccess/HCP_1200/506234/MNINonLinear/Results/tfMRI_GAMBLING/tfMRI_GAMBLING_hp200_s4_level2_MSMAll.feat/GrayordinatesStats/cope3.feat/zflame1uppertstat1.dtseries.nii","506234","MNINonLinear//Results/tfMRI_GAMBLING/tfMRI_GAMBLING_hp200_s4_level2_MSMAll.feat/GrayordinatesStats/cope3.feat/zflame1uppertstat1.dtseries.nii","Rnt6Tf2dbYj4S9AJPjA1yNldmTVN_i3P"
"s3://hcp-openaccess/HCP_1200/506234/MNINonLinear/Results/tfMRI_GAMBLING/tfMRI_GAMBLING_hp200_s4_level2_MSMAll.feat/GrayordinatesStats/cope3.feat/zstat1.dtseries.nii","506234","MNINonLinear//Results/tfMRI_GAMBLING/tfMRI_GAMBLING_hp200_s4_level2_MSMAll.feat/GrayordinatesStats/cope3.feat/zstat1.dtseries.nii","XaruhL391OjiCfUa1vHCu3TyQW4kssOh"
"s3://hcp-openaccess/HCP_1200/506234/MNINonLinear/Results/tfMRI_GAMBLING/tfMRI_GAMBLING_hp200_s4_level2_MSMAll.feat/GrayordinatesStats/cope4.feat/cope1.dtseries.nii","506234","MNINonLinear//Results/tfMRI_GAMBLING/tfMRI_GAMBLING_hp200_s4_level2_MSMAll.feat/GrayordinatesStats/cope4.feat/cope1.dtseries.nii","7FdO6Hn3egqteR_bFXscO2SXFYR.iR5v"
"s3://hcp-openaccess/HCP_1200/506234/MNINonLinear/Results/tfMRI_GAMBLING/tfMRI_GAMBLING_hp200_s4_level2_MSMAll.feat/GrayordinatesStats/cope4.feat/logfile","506234","MNINonLinear//Results/tfMRI_GAMBLING/tfMRI_GAMBLING_hp200_s4_level2_MSMAll.feat/GrayordinatesStats/cope4.feat/logfile","RHYvoR._jBG17vgcBwyA7pN_t6xXzD.i"
"s3://hcp-openaccess/HCP_1200/506234/MNINonLinear/Results/tfMRI_GAMBLING/tfMRI_GAMBLING_hp200_s4_level2_MSMAll.feat/GrayordinatesStats/cope4.feat/mask.dtseries.nii","506234","MNINonLinear//Results/tfMRI_GAMBLING/tfMRI_GAMBLING_hp200_s4_level2_MSMAll.feat/GrayordinatesStats/cope4.feat/mask.dtseries.nii","G0lDJcMW9AJHO7g8JKxfjTQJ4Ndbb8k6"
"s3://hcp-openaccess/HCP_1200/506234/MNINonLinear/Results/tfMRI_GAMBLING/tfMRI_GAMBLING_hp200_s4_level2_MSMAll.feat/GrayordinatesStats/cope4.feat/mean_random_effects_var1.dtseries.nii","506234","MNINonLinear//Results/tfMRI_GAMBLING/tfMRI_GAMBLING_hp200_s4_level2_MSMAll.feat/GrayordinatesStats/cope4.feat/mean_random_effects_var1.dtseries.nii","8.v2w2axpAyfm7fu8toGaDw_0oCQp6GR"
"s3://hcp-openaccess/HCP_1200/506234/MNINonLinear/Results/tfMRI_GAMBLING/tfMRI_GAMBLING_hp200_s4_level2_MSMAll.feat/GrayordinatesStats/cope4.feat/pe1.dtseries.nii","506234","MNINonLinear//Results/tfMRI_GAMBLING/tfMRI_GAMBLING_hp200_s4_level2_MSMAll.feat/GrayordinatesStats/cope4.feat/pe1.dtseries.nii","ULyeWPeYIuq2LvxzEbhjdYHLmrT8Wi5z"
"s3://hcp-openaccess/HCP_1200/506234/MNINonLinear/Results/tfMRI_GAMBLING/tfMRI_GAMBLING_hp200_s4_level2_MSMAll.feat/GrayordinatesStats/cope4.feat/res4d.dtseries.nii","506234","MNINonLinear//Results/tfMRI_GAMBLING/tfMRI_GAMBLING_hp200_s4_level2_MSMAll.feat/GrayordinatesStats/cope4.feat/res4d.dtseries.nii","8B23hNvsuHuyFF_S39sUIdgmDoI3r0r7"
"s3://hcp-openaccess/HCP_1200/506234/MNINonLinear/Results/tfMRI_GAMBLING/tfMRI_GAMBLING_hp200_s4_level2_MSMAll.feat/GrayordinatesStats/cope4.feat/tdof_t1.dtseries.nii","506234","MNINonLinear//Results/tfMRI_GAMBLING/tfMRI_GAMBLING_hp200_s4_level2_MSMAll.feat/GrayordinatesStats/cope4.feat/tdof_t1.dtseries.nii","skzXJ7nc_pBZ8Bb82_68d3eQP9rGAO3r"
"s3://hcp-openaccess/HCP_1200/506234/MNINonLinear/Results/tfMRI_GAMBLING/tfMRI_GAMBLING_hp200_s4_level2_MSMAll.feat/GrayordinatesStats/cope4.feat/tstat1.dtseries.nii","506234","MNINonLinear//Results/tfMRI_GAMBLING/tfMRI_GAMBLING_hp200_s4_level2_MSMAll.feat/GrayordinatesStats/cope4.feat/tstat1.dtseries.nii","1S._wtXlJhDkkJfj1n7sW8Wjy_kwRkNc"
"s3://hcp-openaccess/HCP_1200/506234/MNINonLinear/Results/tfMRI_GAMBLING/tfMRI_GAMBLING_hp200_s4_level2_MSMAll.feat/GrayordinatesStats/cope4.feat/varcope1.dtseries.nii","506234","MNINonLinear//Results/tfMRI_GAMBLING/tfMRI_GAMBLING_hp200_s4_level2_MSMAll.feat/GrayordinatesStats/cope4.feat/varcope1.dtseries.nii","Jk3XiqiLeuSfxG.6tmCfNWpZk_Keg.V3"
"s3://hcp-openaccess/HCP_1200/506234/MNINonLinear/Results/tfMRI_GAMBLING/tfMRI_GAMBLING_hp200_s4_level2_MSMAll.feat/GrayordinatesStats/cope4.feat/weights1.dtseries.nii","506234","MNINonLinear//Results/tfMRI_GAMBLING/tfMRI_GAMBLING_hp200_s4_level2_MSMAll.feat/GrayordinatesStats/cope4.feat/weights1.dtseries.nii","l5iOQJR3PCyDLHbk5kzdvJU0GEwJ5KCe"
"s3://hcp-openaccess/HCP_1200/506234/MNINonLinear/Results/tfMRI_GAMBLING/tfMRI_GAMBLING_hp200_s4_level2_MSMAll.feat/GrayordinatesStats/cope4.feat/zflame1lowertstat1.dtseries.nii","506234","MNINonLinear//Results/tfMRI_GAMBLING/tfMRI_GAMBLING_hp200_s4_level2_MSMAll.feat/GrayordinatesStats/cope4.feat/zflame1lowertstat1.dtseries.nii","OKLoF0RMlfwUcC2.E0a4RQaw7FaIYeK3"
"s3://hcp-openaccess/HCP_1200/506234/MNINonLinear/Results/tfMRI_GAMBLING/tfMRI_GAMBLING_hp200_s4_level2_MSMAll.feat/GrayordinatesStats/cope4.feat/zflame1uppertstat1.dtseries.nii","506234","MNINonLinear//Results/tfMRI_GAMBLING/tfMRI_GAMBLING_hp200_s4_level2_MSMAll.feat/GrayordinatesStats/cope4.feat/zflame1uppertstat1.dtseries.nii","cbEFXUD057AvwuuwN.d7w1pI9wpsV2SL"
"s3://hcp-openaccess/HCP_1200/506234/MNINonLinear/Results/tfMRI_GAMBLING/tfMRI_GAMBLING_hp200_s4_level2_MSMAll.feat/GrayordinatesStats/cope4.feat/zstat1.dtseries.nii","506234","MNINonLinear//Results/tfMRI_GAMBLING/tfMRI_GAMBLING_hp200_s4_level2_MSMAll.feat/GrayordinatesStats/cope4.feat/zstat1.dtseries.nii","jeddFQB0RZhDV3AT1wEgIS7nWokHxA_M"
"s3://hcp-openaccess/HCP_1200/506234/MNINonLinear/Results/tfMRI_GAMBLING/tfMRI_GAMBLING_hp200_s4_level2_MSMAll.feat/GrayordinatesStats/cope5.feat/cope1.dtseries.nii","506234","MNINonLinear//Results/tfMRI_GAMBLING/tfMRI_GAMBLING_hp200_s4_level2_MSMAll.feat/GrayordinatesStats/cope5.feat/cope1.dtseries.nii","ckaP1xdTUHrJASdy582dr9IPBahDeWdf"
"s3://hcp-openaccess/HCP_1200/506234/MNINonLinear/Results/tfMRI_GAMBLING/tfMRI_GAMBLING_hp200_s4_level2_MSMAll.feat/GrayordinatesStats/cope5.feat/logfile","506234","MNINonLinear//Results/tfMRI_GAMBLING/tfMRI_GAMBLING_hp200_s4_level2_MSMAll.feat/GrayordinatesStats/cope5.feat/logfile","atXqzQFrgkTPBSiC4.CzEz2xnXngrNJr"
"s3://hcp-openaccess/HCP_1200/506234/MNINonLinear/Results/tfMRI_GAMBLING/tfMRI_GAMBLING_hp200_s4_level2_MSMAll.feat/GrayordinatesStats/cope5.feat/mask.dtseries.nii","506234","MNINonLinear//Results/tfMRI_GAMBLING/tfMRI_GAMBLING_hp200_s4_level2_MSMAll.feat/GrayordinatesStats/cope5.feat/mask.dtseries.nii","ALJsxTASJBplM1pgBZNWoELmnEzvaEem"
"s3://hcp-openaccess/HCP_1200/506234/MNINonLinear/Results/tfMRI_GAMBLING/tfMRI_GAMBLING_hp200_s4_level2_MSMAll.feat/GrayordinatesStats/cope5.feat/mean_random_effects_var1.dtseries.nii","506234","MNINonLinear//Results/tfMRI_GAMBLING/tfMRI_GAMBLING_hp200_s4_level2_MSMAll.feat/GrayordinatesStats/cope5.feat/mean_random_effects_var1.dtseries.nii","uvb5PMd0Gkf4nyPGyGTelNWr76mWm3hZ"
"s3://hcp-openaccess/HCP_1200/506234/MNINonLinear/Results/tfMRI_GAMBLING/tfMRI_GAMBLING_hp200_s4_level2_MSMAll.feat/GrayordinatesStats/cope5.feat/pe1.dtseries.nii","506234","MNINonLinear//Results/tfMRI_GAMBLING/tfMRI_GAMBLING_hp200_s4_level2_MSMAll.feat/GrayordinatesStats/cope5.feat/pe1.dtseries.nii","_CzbB9nCZ58J7LUHi9R6prQXfTW3MSwf"
"s3://hcp-openaccess/HCP_1200/506234/MNINonLinear/Results/tfMRI_GAMBLING/tfMRI_GAMBLING_hp200_s4_level2_MSMAll.feat/GrayordinatesStats/cope5.feat/res4d.dtseries.nii","506234","MNINonLinear//Results/tfMRI_GAMBLING/tfMRI_GAMBLING_hp200_s4_level2_MSMAll.feat/GrayordinatesStats/cope5.feat/res4d.dtseries.nii","SYEQ.6LHtvJcz_Qtm9NZhReBpyqBS79Z"
"s3://hcp-openaccess/HCP_1200/506234/MNINonLinear/Results/tfMRI_GAMBLING/tfMRI_GAMBLING_hp200_s4_level2_MSMAll.feat/GrayordinatesStats/cope5.feat/tdof_t1.dtseries.nii","506234","MNINonLinear//Results/tfMRI_GAMBLING/tfMRI_GAMBLING_hp200_s4_level2_MSMAll.feat/GrayordinatesStats/cope5.feat/tdof_t1.dtseries.nii",".juahaDMNomgyfBq8yRYEoDVFLznan0E"
"s3://hcp-openaccess/HCP_1200/506234/MNINonLinear/Results/tfMRI_GAMBLING/tfMRI_GAMBLING_hp200_s4_level2_MSMAll.feat/GrayordinatesStats/cope5.feat/tstat1.dtseries.nii","506234","MNINonLinear//Results/tfMRI_GAMBLING/tfMRI_GAMBLING_hp200_s4_level2_MSMAll.feat/GrayordinatesStats/cope5.feat/tstat1.dtseries.nii","94Y82mbp2ZV2tOn92Q_LJSUsqWOJg.uF"
"s3://hcp-openaccess/HCP_1200/506234/MNINonLinear/Results/tfMRI_GAMBLING/tfMRI_GAMBLING_hp200_s4_level2_MSMAll.feat/GrayordinatesStats/cope5.feat/varcope1.dtseries.nii","506234","MNINonLinear//Results/tfMRI_GAMBLING/tfMRI_GAMBLING_hp200_s4_level2_MSMAll.feat/GrayordinatesStats/cope5.feat/varcope1.dtseries.nii","yIjWenOa6c2uXVaxT2feamaW3sTHcbSA"
"s3://hcp-openaccess/HCP_1200/506234/MNINonLinear/Results/tfMRI_GAMBLING/tfMRI_GAMBLING_hp200_s4_level2_MSMAll.feat/GrayordinatesStats/cope5.feat/weights1.dtseries.nii","506234","MNINonLinear//Results/tfMRI_GAMBLING/tfMRI_GAMBLING_hp200_s4_level2_MSMAll.feat/GrayordinatesStats/cope5.feat/weights1.dtseries.nii","hFu7oBd2VptwZNyZPLqQzPlgjf5jUMX8"
"s3://hcp-openaccess/HCP_1200/506234/MNINonLinear/Results/tfMRI_GAMBLING/tfMRI_GAMBLING_hp200_s4_level2_MSMAll.feat/GrayordinatesStats/cope5.feat/zflame1lowertstat1.dtseries.nii","506234","MNINonLinear//Results/tfMRI_GAMBLING/tfMRI_GAMBLING_hp200_s4_level2_MSMAll.feat/GrayordinatesStats/cope5.feat/zflame1lowertstat1.dtseries.nii","ZE7x5Wbi5laUvX3f6Y30notokr58S5mM"
"s3://hcp-openaccess/HCP_1200/506234/MNINonLinear/Results/tfMRI_GAMBLING/tfMRI_GAMBLING_hp200_s4_level2_MSMAll.feat/GrayordinatesStats/cope5.feat/zflame1uppertstat1.dtseries.nii","506234","MNINonLinear//Results/tfMRI_GAMBLING/tfMRI_GAMBLING_hp200_s4_level2_MSMAll.feat/GrayordinatesStats/cope5.feat/zflame1uppertstat1.dtseries.nii","htgbOLRneREHqK3MXWxrXqs9M9XUSFOF"
"s3://hcp-openaccess/HCP_1200/506234/MNINonLinear/Results/tfMRI_GAMBLING/tfMRI_GAMBLING_hp200_s4_level2_MSMAll.feat/GrayordinatesStats/cope5.feat/zstat1.dtseries.nii","506234","MNINonLinear//Results/tfMRI_GAMBLING/tfMRI_GAMBLING_hp200_s4_level2_MSMAll.feat/GrayordinatesStats/cope5.feat/zstat1.dtseries.nii","7kcEY4WZKX4qWeLWIuB9jWFj8vwzylV0"
"s3://hcp-openaccess/HCP_1200/506234/MNINonLinear/Results/tfMRI_GAMBLING/tfMRI_GAMBLING_hp200_s4_level2_MSMAll.feat/GrayordinatesStats/cope6.feat/cope1.dtseries.nii","506234","MNINonLinear//Results/tfMRI_GAMBLING/tfMRI_GAMBLING_hp200_s4_level2_MSMAll.feat/GrayordinatesStats/cope6.feat/cope1.dtseries.nii","wZ.D0Q3ubmiSpSy7N0of8qGXu7WsEenF"
"s3://hcp-openaccess/HCP_1200/506234/MNINonLinear/Results/tfMRI_GAMBLING/tfMRI_GAMBLING_hp200_s4_level2_MSMAll.feat/GrayordinatesStats/cope6.feat/logfile","506234","MNINonLinear//Results/tfMRI_GAMBLING/tfMRI_GAMBLING_hp200_s4_level2_MSMAll.feat/GrayordinatesStats/cope6.feat/logfile","X9uTbkN_XeRzwq4Zl4LGforsN7RrzGA2"
"s3://hcp-openaccess/HCP_1200/506234/MNINonLinear/Results/tfMRI_GAMBLING/tfMRI_GAMBLING_hp200_s4_level2_MSMAll.feat/GrayordinatesStats/cope6.feat/mask.dtseries.nii","506234","MNINonLinear//Results/tfMRI_GAMBLING/tfMRI_GAMBLING_hp200_s4_level2_MSMAll.feat/GrayordinatesStats/cope6.feat/mask.dtseries.nii","sks6x1QKtc2TU31Lp7XhtRgxKLw2Cgee"
"s3://hcp-openaccess/HCP_1200/506234/MNINonLinear/Results/tfMRI_GAMBLING/tfMRI_GAMBLING_hp200_s4_level2_MSMAll.feat/GrayordinatesStats/cope6.feat/mean_random_effects_var1.dtseries.nii","506234","MNINonLinear//Results/tfMRI_GAMBLING/tfMRI_GAMBLING_hp200_s4_level2_MSMAll.feat/GrayordinatesStats/cope6.feat/mean_random_effects_var1.dtseries.nii","xs0Wdm5P44eeSdHPIEtfOt_ypkY8tKao"
"s3://hcp-openaccess/HCP_1200/506234/MNINonLinear/Results/tfMRI_GAMBLING/tfMRI_GAMBLING_hp200_s4_level2_MSMAll.feat/GrayordinatesStats/cope6.feat/pe1.dtseries.nii","506234","MNINonLinear//Results/tfMRI_GAMBLING/tfMRI_GAMBLING_hp200_s4_level2_MSMAll.feat/GrayordinatesStats/cope6.feat/pe1.dtseries.nii","fqf_MfItyqeCcycC_HGWW03XMJCWCjro"
"s3://hcp-openaccess/HCP_1200/506234/MNINonLinear/Results/tfMRI_GAMBLING/tfMRI_GAMBLING_hp200_s4_level2_MSMAll.feat/GrayordinatesStats/cope6.feat/res4d.dtseries.nii","506234","MNINonLinear//Results/tfMRI_GAMBLING/tfMRI_GAMBLING_hp200_s4_level2_MSMAll.feat/GrayordinatesStats/cope6.feat/res4d.dtseries.nii","iVjqvBvtEZv3jsNaSEdsfKesUQ4BLaKz"
"s3://hcp-openaccess/HCP_1200/506234/MNINonLinear/Results/tfMRI_GAMBLING/tfMRI_GAMBLING_hp200_s4_level2_MSMAll.feat/GrayordinatesStats/cope6.feat/tdof_t1.dtseries.nii","506234","MNINonLinear//Results/tfMRI_GAMBLING/tfMRI_GAMBLING_hp200_s4_level2_MSMAll.feat/GrayordinatesStats/cope6.feat/tdof_t1.dtseries.nii","fgexTJJPziMs1I_dprB._1LoXSDgXiPS"
"s3://hcp-openaccess/HCP_1200/506234/MNINonLinear/Results/tfMRI_GAMBLING/tfMRI_GAMBLING_hp200_s4_level2_MSMAll.feat/GrayordinatesStats/cope6.feat/tstat1.dtseries.nii","506234","MNINonLinear//Results/tfMRI_GAMBLING/tfMRI_GAMBLING_hp200_s4_level2_MSMAll.feat/GrayordinatesStats/cope6.feat/tstat1.dtseries.nii","UVp2KsRUURv.vgm37MlZs.zVNo_TZpC_"
"s3://hcp-openaccess/HCP_1200/506234/MNINonLinear/Results/tfMRI_GAMBLING/tfMRI_GAMBLING_hp200_s4_level2_MSMAll.feat/GrayordinatesStats/cope6.feat/varcope1.dtseries.nii","506234","MNINonLinear//Results/tfMRI_GAMBLING/tfMRI_GAMBLING_hp200_s4_level2_MSMAll.feat/GrayordinatesStats/cope6.feat/varcope1.dtseries.nii","r0XMr.ylhdrK_SNmyxLGKo3q2tN8kV84"
"s3://hcp-openaccess/HCP_1200/506234/MNINonLinear/Results/tfMRI_GAMBLING/tfMRI_GAMBLING_hp200_s4_level2_MSMAll.feat/GrayordinatesStats/cope6.feat/weights1.dtseries.nii","506234","MNINonLinear//Results/tfMRI_GAMBLING/tfMRI_GAMBLING_hp200_s4_level2_MSMAll.feat/GrayordinatesStats/cope6.feat/weights1.dtseries.nii","uAdeJ0.DkN57sWxJuY8gEcK5LBN0dm_I"
"s3://hcp-openaccess/HCP_1200/506234/MNINonLinear/Results/tfMRI_GAMBLING/tfMRI_GAMBLING_hp200_s4_level2_MSMAll.feat/GrayordinatesStats/cope6.feat/zflame1lowertstat1.dtseries.nii","506234","MNINonLinear//Results/tfMRI_GAMBLING/tfMRI_GAMBLING_hp200_s4_level2_MSMAll.feat/GrayordinatesStats/cope6.feat/zflame1lowertstat1.dtseries.nii","uC5RrPGJoTE5TtI2.8NehCBSkslE.GDy"
"s3://hcp-openaccess/HCP_1200/506234/MNINonLinear/Results/tfMRI_GAMBLING/tfMRI_GAMBLING_hp200_s4_level2_MSMAll.feat/GrayordinatesStats/cope6.feat/zflame1uppertstat1.dtseries.nii","506234","MNINonLinear//Results/tfMRI_GAMBLING/tfMRI_GAMBLING_hp200_s4_level2_MSMAll.feat/GrayordinatesStats/cope6.feat/zflame1uppertstat1.dtseries.nii","S99QtHZ3OuBiXAOJnh3_vsB6t7she19X"
"s3://hcp-openaccess/HCP_1200/506234/MNINonLinear/Results/tfMRI_GAMBLING/tfMRI_GAMBLING_hp200_s4_level2_MSMAll.feat/GrayordinatesStats/cope6.feat/zstat1.dtseries.nii","506234","MNINonLinear//Results/tfMRI_GAMBLING/tfMRI_GAMBLING_hp200_s4_level2_MSMAll.feat/GrayordinatesStats/cope6.feat/zstat1.dtseries.nii","038tHA3l4RvqAX.oANX.LdEe6nJBA8dM"
"s3://hcp-openaccess/HCP_1200/506234/MNINonLinear/Results/tfMRI_GAMBLING/tfMRI_GAMBLING_hp200_s4_level2_MSMAll.feat/design.con","506234","MNINonLinear//Results/tfMRI_GAMBLING/tfMRI_GAMBLING_hp200_s4_level2_MSMAll.feat/design.con","G1BCpOxr.MBVCSgOuZcql3UMKd16Z6oe"
"s3://hcp-openaccess/HCP_1200/506234/MNINonLinear/Results/tfMRI_GAMBLING/tfMRI_GAMBLING_hp200_s4_level2_MSMAll.feat/design.fsf","506234","MNINonLinear//Results/tfMRI_GAMBLING/tfMRI_GAMBLING_hp200_s4_level2_MSMAll.feat/design.fsf","QZp8dX16gOJkcNmkaFHgfD.aMtvGhhuD"
"s3://hcp-openaccess/HCP_1200/506234/MNINonLinear/Results/tfMRI_GAMBLING/tfMRI_GAMBLING_hp200_s4_level2_MSMAll.feat/design.grp","506234","MNINonLinear//Results/tfMRI_GAMBLING/tfMRI_GAMBLING_hp200_s4_level2_MSMAll.feat/design.grp","OYo3gYIhNUnT_Diz5xZele8ofxotn8Em"
"s3://hcp-openaccess/HCP_1200/506234/MNINonLinear/Results/tfMRI_GAMBLING/tfMRI_GAMBLING_hp200_s4_level2_MSMAll.feat/design.mat","506234","MNINonLinear//Results/tfMRI_GAMBLING/tfMRI_GAMBLING_hp200_s4_level2_MSMAll.feat/design.mat","mhMULY3cwfy3IA4mySJDWEnsBL3y0zX5"
"s3://hcp-openaccess/HCP_1200/506234/MNINonLinear/Results/tfMRI_GAMBLING/tfMRI_GAMBLING_hp200_s4_level2_MSMAll.feat/design.png","506234","MNINonLinear//Results/tfMRI_GAMBLING/tfMRI_GAMBLING_hp200_s4_level2_MSMAll.feat/design.png","eUWh9OpFyWenr4pPuxxjF8oXE6p5IYNf"
"s3://hcp-openaccess/HCP_1200/506234/MNINonLinear/Results/tfMRI_GAMBLING/tfMRI_GAMBLING_hp200_s4_level2_MSMAll.feat/design.ppm","506234","MNINonLinear//Results/tfMRI_GAMBLING/tfMRI_GAMBLING_hp200_s4_level2_MSMAll.feat/design.ppm","pd3GA_2I_XIhDKSTkDsL7lCn0n67PCVc"
"s3://hcp-openaccess/HCP_1200/506234/MNINonLinear/Results/tfMRI_GAMBLING/tfMRI_GAMBLING_hp200_s4_level2_MSMAll.feat/design_cov.png","506234","MNINonLinear//Results/tfMRI_GAMBLING/tfMRI_GAMBLING_hp200_s4_level2_MSMAll.feat/design_cov.png","P6mZ3iRbFxXtyevwewXdTCm2q5v3_7Z7"
"s3://hcp-openaccess/HCP_1200/506234/MNINonLinear/Results/tfMRI_GAMBLING/tfMRI_GAMBLING_hp200_s4_level2_MSMAll.feat/design_cov.ppm","506234","MNINonLinear//Results/tfMRI_GAMBLING/tfMRI_GAMBLING_hp200_s4_level2_MSMAll.feat/design_cov.ppm","UxgZoMfJomO2_3xGSbJf4R.ZzeUUhIRU"
"s3://hcp-openaccess/HCP_1200/506234/MNINonLinear/Results/tfMRI_GAMBLING/tfMRI_GAMBLING_hp200_s8_level2.feat/506234_tfMRI_GAMBLING_level2_hp200_s8.dscalar.nii","506234","MNINonLinear//Results/tfMRI_GAMBLING/tfMRI_GAMBLING_hp200_s8_level2.feat/506234_tfMRI_GAMBLING_level2_hp200_s8.dscalar.nii","XWSL2KPq558yDwVKhIZESC8f4SInQLDN"
"s3://hcp-openaccess/HCP_1200/506234/MNINonLinear/Results/tfMRI_GAMBLING/tfMRI_GAMBLING_hp200_s8_level2.feat/Contrasts.txt","506234","MNINonLinear//Results/tfMRI_GAMBLING/tfMRI_GAMBLING_hp200_s8_level2.feat/Contrasts.txt","jgidxT2kSbJeqjoe7_3gCula9afDsCyf"
"s3://hcp-openaccess/HCP_1200/506234/MNINonLinear/Results/tfMRI_GAMBLING/tfMRI_GAMBLING_hp200_s8_level2.feat/GrayordinatesStats/cope1.feat/cope1.dtseries.nii","506234","MNINonLinear//Results/tfMRI_GAMBLING/tfMRI_GAMBLING_hp200_s8_level2.feat/GrayordinatesStats/cope1.feat/cope1.dtseries.nii","lYBHr4Yb.6o0B186.eikXbS9K2YDly_u"
"s3://hcp-openaccess/HCP_1200/506234/MNINonLinear/Results/tfMRI_GAMBLING/tfMRI_GAMBLING_hp200_s8_level2.feat/GrayordinatesStats/cope1.feat/logfile","506234","MNINonLinear//Results/tfMRI_GAMBLING/tfMRI_GAMBLING_hp200_s8_level2.feat/GrayordinatesStats/cope1.feat/logfile","PUpmRuOeQ4hnKFQBN16oqpagx4sITAqR"
"s3://hcp-openaccess/HCP_1200/506234/MNINonLinear/Results/tfMRI_GAMBLING/tfMRI_GAMBLING_hp200_s8_level2.feat/GrayordinatesStats/cope1.feat/mask.dtseries.nii","506234","MNINonLinear//Results/tfMRI_GAMBLING/tfMRI_GAMBLING_hp200_s8_level2.feat/GrayordinatesStats/cope1.feat/mask.dtseries.nii","8Pq0p_WPRDdDmm1Dpe7MlmGM8KFz9TOd"
"s3://hcp-openaccess/HCP_1200/506234/MNINonLinear/Results/tfMRI_GAMBLING/tfMRI_GAMBLING_hp200_s8_level2.feat/GrayordinatesStats/cope1.feat/mean_random_effects_var1.dtseries.nii","506234","MNINonLinear//Results/tfMRI_GAMBLING/tfMRI_GAMBLING_hp200_s8_level2.feat/GrayordinatesStats/cope1.feat/mean_random_effects_var1.dtseries.nii","mF_ZBKDJm1y2K5on0KznQN7NCmdHtUL2"
"s3://hcp-openaccess/HCP_1200/506234/MNINonLinear/Results/tfMRI_GAMBLING/tfMRI_GAMBLING_hp200_s8_level2.feat/GrayordinatesStats/cope1.feat/pe1.dtseries.nii","506234","MNINonLinear//Results/tfMRI_GAMBLING/tfMRI_GAMBLING_hp200_s8_level2.feat/GrayordinatesStats/cope1.feat/pe1.dtseries.nii","y4tsPPxHEZ9ll7uKnWq6p_JSgssXep_a"
"s3://hcp-openaccess/HCP_1200/506234/MNINonLinear/Results/tfMRI_GAMBLING/tfMRI_GAMBLING_hp200_s8_level2.feat/GrayordinatesStats/cope1.feat/res4d.dtseries.nii","506234","MNINonLinear//Results/tfMRI_GAMBLING/tfMRI_GAMBLING_hp200_s8_level2.feat/GrayordinatesStats/cope1.feat/res4d.dtseries.nii","evRhaiCM2_IUwcF8jNYwciNKCLNWrMVJ"
"s3://hcp-openaccess/HCP_1200/506234/MNINonLinear/Results/tfMRI_GAMBLING/tfMRI_GAMBLING_hp200_s8_level2.feat/GrayordinatesStats/cope1.feat/tdof_t1.dtseries.nii","506234","MNINonLinear//Results/tfMRI_GAMBLING/tfMRI_GAMBLING_hp200_s8_level2.feat/GrayordinatesStats/cope1.feat/tdof_t1.dtseries.nii","lpv8GErKzuFomPEMzeQowhAD4AYEHV1d"
"s3://hcp-openaccess/HCP_1200/506234/MNINonLinear/Results/tfMRI_GAMBLING/tfMRI_GAMBLING_hp200_s8_level2.feat/GrayordinatesStats/cope1.feat/tstat1.dtseries.nii","506234","MNINonLinear//Results/tfMRI_GAMBLING/tfMRI_GAMBLING_hp200_s8_level2.feat/GrayordinatesStats/cope1.feat/tstat1.dtseries.nii","afaMq3nOOiNBXKV94pvUoqpb72J8U1HJ"
"s3://hcp-openaccess/HCP_1200/506234/MNINonLinear/Results/tfMRI_GAMBLING/tfMRI_GAMBLING_hp200_s8_level2.feat/GrayordinatesStats/cope1.feat/varcope1.dtseries.nii","506234","MNINonLinear//Results/tfMRI_GAMBLING/tfMRI_GAMBLING_hp200_s8_level2.feat/GrayordinatesStats/cope1.feat/varcope1.dtseries.nii","mq2BVCqdrQowK3GmpjzOVJMlpriIbA6q"
"s3://hcp-openaccess/HCP_1200/506234/MNINonLinear/Results/tfMRI_GAMBLING/tfMRI_GAMBLING_hp200_s8_level2.feat/GrayordinatesStats/cope1.feat/weights1.dtseries.nii","506234","MNINonLinear//Results/tfMRI_GAMBLING/tfMRI_GAMBLING_hp200_s8_level2.feat/GrayordinatesStats/cope1.feat/weights1.dtseries.nii","hjDK2sp53YCqfRWtLqhin7msOcsL_CEy"
"s3://hcp-openaccess/HCP_1200/506234/MNINonLinear/Results/tfMRI_GAMBLING/tfMRI_GAMBLING_hp200_s8_level2.feat/GrayordinatesStats/cope1.feat/zflame1lowertstat1.dtseries.nii","506234","MNINonLinear//Results/tfMRI_GAMBLING/tfMRI_GAMBLING_hp200_s8_level2.feat/GrayordinatesStats/cope1.feat/zflame1lowertstat1.dtseries.nii","CTnPlAhYyF2NIdJfHUknwxyq6356p08A"
"s3://hcp-openaccess/HCP_1200/506234/MNINonLinear/Results/tfMRI_GAMBLING/tfMRI_GAMBLING_hp200_s8_level2.feat/GrayordinatesStats/cope1.feat/zflame1uppertstat1.dtseries.nii","506234","MNINonLinear//Results/tfMRI_GAMBLING/tfMRI_GAMBLING_hp200_s8_level2.feat/GrayordinatesStats/cope1.feat/zflame1uppertstat1.dtseries.nii","vF60Ja85KwcEu5Ekx_HHJ_TBLUTJrRLd"
"s3://hcp-openaccess/HCP_1200/506234/MNINonLinear/Results/tfMRI_GAMBLING/tfMRI_GAMBLING_hp200_s8_level2.feat/GrayordinatesStats/cope1.feat/zstat1.dtseries.nii","506234","MNINonLinear//Results/tfMRI_GAMBLING/tfMRI_GAMBLING_hp200_s8_level2.feat/GrayordinatesStats/cope1.feat/zstat1.dtseries.nii","L.laSye_v4IZenF_qsPU43et6br.nAR1"
"s3://hcp-openaccess/HCP_1200/506234/MNINonLinear/Results/tfMRI_GAMBLING/tfMRI_GAMBLING_hp200_s8_level2.feat/GrayordinatesStats/cope2.feat/cope1.dtseries.nii","506234","MNINonLinear//Results/tfMRI_GAMBLING/tfMRI_GAMBLING_hp200_s8_level2.feat/GrayordinatesStats/cope2.feat/cope1.dtseries.nii","mqy8L1bHEj5kmqeTHG.m9Ica1d5idOj_"
"s3://hcp-openaccess/HCP_1200/506234/MNINonLinear/Results/tfMRI_GAMBLING/tfMRI_GAMBLING_hp200_s8_level2.feat/GrayordinatesStats/cope2.feat/logfile","506234","MNINonLinear//Results/tfMRI_GAMBLING/tfMRI_GAMBLING_hp200_s8_level2.feat/GrayordinatesStats/cope2.feat/logfile","VQjNz1OImcXFU7wBSAWlSTACvqN6ssuO"
"s3://hcp-openaccess/HCP_1200/506234/MNINonLinear/Results/tfMRI_GAMBLING/tfMRI_GAMBLING_hp200_s8_level2.feat/GrayordinatesStats/cope2.feat/mask.dtseries.nii","506234","MNINonLinear//Results/tfMRI_GAMBLING/tfMRI_GAMBLING_hp200_s8_level2.feat/GrayordinatesStats/cope2.feat/mask.dtseries.nii","K6WKmB3sbRXjKmIiN2SmynCmL9OCx4kj"
"s3://hcp-openaccess/HCP_1200/506234/MNINonLinear/Results/tfMRI_GAMBLING/tfMRI_GAMBLING_hp200_s8_level2.feat/GrayordinatesStats/cope2.feat/mean_random_effects_var1.dtseries.nii","506234","MNINonLinear//Results/tfMRI_GAMBLING/tfMRI_GAMBLING_hp200_s8_level2.feat/GrayordinatesStats/cope2.feat/mean_random_effects_var1.dtseries.nii","hvX9qeEXsIeH_H7z7_V7rgrgHNPij26B"
"s3://hcp-openaccess/HCP_1200/506234/MNINonLinear/Results/tfMRI_GAMBLING/tfMRI_GAMBLING_hp200_s8_level2.feat/GrayordinatesStats/cope2.feat/pe1.dtseries.nii","506234","MNINonLinear//Results/tfMRI_GAMBLING/tfMRI_GAMBLING_hp200_s8_level2.feat/GrayordinatesStats/cope2.feat/pe1.dtseries.nii","Y_MiMIpbzl9OnqVCUCA50Al.iUBOTvHP"
"s3://hcp-openaccess/HCP_1200/506234/MNINonLinear/Results/tfMRI_GAMBLING/tfMRI_GAMBLING_hp200_s8_level2.feat/GrayordinatesStats/cope2.feat/res4d.dtseries.nii","506234","MNINonLinear//Results/tfMRI_GAMBLING/tfMRI_GAMBLING_hp200_s8_level2.feat/GrayordinatesStats/cope2.feat/res4d.dtseries.nii","j5uSMvB3U75f.4d0Zqw_NuocpGqqAWUu"
"s3://hcp-openaccess/HCP_1200/506234/MNINonLinear/Results/tfMRI_GAMBLING/tfMRI_GAMBLING_hp200_s8_level2.feat/GrayordinatesStats/cope2.feat/tdof_t1.dtseries.nii","506234","MNINonLinear//Results/tfMRI_GAMBLING/tfMRI_GAMBLING_hp200_s8_level2.feat/GrayordinatesStats/cope2.feat/tdof_t1.dtseries.nii","YgHiFmGTVeFvBzTEYL8qQoCXkCsUubGv"
"s3://hcp-openaccess/HCP_1200/506234/MNINonLinear/Results/tfMRI_GAMBLING/tfMRI_GAMBLING_hp200_s8_level2.feat/GrayordinatesStats/cope2.feat/tstat1.dtseries.nii","506234","MNINonLinear//Results/tfMRI_GAMBLING/tfMRI_GAMBLING_hp200_s8_level2.feat/GrayordinatesStats/cope2.feat/tstat1.dtseries.nii","raMIuRgKHaP2DeUduPFJ2gG3iGgTXwEe"
"s3://hcp-openaccess/HCP_1200/506234/MNINonLinear/Results/tfMRI_GAMBLING/tfMRI_GAMBLING_hp200_s8_level2.feat/GrayordinatesStats/cope2.feat/varcope1.dtseries.nii","506234","MNINonLinear//Results/tfMRI_GAMBLING/tfMRI_GAMBLING_hp200_s8_level2.feat/GrayordinatesStats/cope2.feat/varcope1.dtseries.nii","pIZGM90Ju.0LGibK7jjfibhodP9rpGo7"
"s3://hcp-openaccess/HCP_1200/506234/MNINonLinear/Results/tfMRI_GAMBLING/tfMRI_GAMBLING_hp200_s8_level2.feat/GrayordinatesStats/cope2.feat/weights1.dtseries.nii","506234","MNINonLinear//Results/tfMRI_GAMBLING/tfMRI_GAMBLING_hp200_s8_level2.feat/GrayordinatesStats/cope2.feat/weights1.dtseries.nii","ud4iWCb6p17U1YhTXF5A9ftV51mYEZlV"
"s3://hcp-openaccess/HCP_1200/506234/MNINonLinear/Results/tfMRI_GAMBLING/tfMRI_GAMBLING_hp200_s8_level2.feat/GrayordinatesStats/cope2.feat/zflame1lowertstat1.dtseries.nii","506234","MNINonLinear//Results/tfMRI_GAMBLING/tfMRI_GAMBLING_hp200_s8_level2.feat/GrayordinatesStats/cope2.feat/zflame1lowertstat1.dtseries.nii","h19fwCDFX_cVWt8DH3zRPcqPaCKhAK5w"
"s3://hcp-openaccess/HCP_1200/506234/MNINonLinear/Results/tfMRI_GAMBLING/tfMRI_GAMBLING_hp200_s8_level2.feat/GrayordinatesStats/cope2.feat/zflame1uppertstat1.dtseries.nii","506234","MNINonLinear//Results/tfMRI_GAMBLING/tfMRI_GAMBLING_hp200_s8_level2.feat/GrayordinatesStats/cope2.feat/zflame1uppertstat1.dtseries.nii","HUun22sSd0VvBIwyYJnQYHS.0pEvoJbj"
"s3://hcp-openaccess/HCP_1200/506234/MNINonLinear/Results/tfMRI_GAMBLING/tfMRI_GAMBLING_hp200_s8_level2.feat/GrayordinatesStats/cope2.feat/zstat1.dtseries.nii","506234","MNINonLinear//Results/tfMRI_GAMBLING/tfMRI_GAMBLING_hp200_s8_level2.feat/GrayordinatesStats/cope2.feat/zstat1.dtseries.nii","9..FsxYUKiMRfkAfzKRm5MpRQJmf8HK3"
"s3://hcp-openaccess/HCP_1200/506234/MNINonLinear/Results/tfMRI_GAMBLING/tfMRI_GAMBLING_hp200_s8_level2.feat/GrayordinatesStats/cope3.feat/cope1.dtseries.nii","506234","MNINonLinear//Results/tfMRI_GAMBLING/tfMRI_GAMBLING_hp200_s8_level2.feat/GrayordinatesStats/cope3.feat/cope1.dtseries.nii","3mqIPDVRleJDSSwT0962S4rk4vOdSX4n"
"s3://hcp-openaccess/HCP_1200/506234/MNINonLinear/Results/tfMRI_GAMBLING/tfMRI_GAMBLING_hp200_s8_level2.feat/GrayordinatesStats/cope3.feat/logfile","506234","MNINonLinear//Results/tfMRI_GAMBLING/tfMRI_GAMBLING_hp200_s8_level2.feat/GrayordinatesStats/cope3.feat/logfile","lwfCC6L7ki8gFNVXQLTSGfqioBck9Wwo"
"s3://hcp-openaccess/HCP_1200/506234/MNINonLinear/Results/tfMRI_GAMBLING/tfMRI_GAMBLING_hp200_s8_level2.feat/GrayordinatesStats/cope3.feat/mask.dtseries.nii","506234","MNINonLinear//Results/tfMRI_GAMBLING/tfMRI_GAMBLING_hp200_s8_level2.feat/GrayordinatesStats/cope3.feat/mask.dtseries.nii","4BISOLxKzJdDX_dYm3.ilsH1myJuutod"
"s3://hcp-openaccess/HCP_1200/506234/MNINonLinear/Results/tfMRI_GAMBLING/tfMRI_GAMBLING_hp200_s8_level2.feat/GrayordinatesStats/cope3.feat/mean_random_effects_var1.dtseries.nii","506234","MNINonLinear//Results/tfMRI_GAMBLING/tfMRI_GAMBLING_hp200_s8_level2.feat/GrayordinatesStats/cope3.feat/mean_random_effects_var1.dtseries.nii","m_37LZ4gbwsbfL227zOstQlvxQaa1kih"
"s3://hcp-openaccess/HCP_1200/506234/MNINonLinear/Results/tfMRI_GAMBLING/tfMRI_GAMBLING_hp200_s8_level2.feat/GrayordinatesStats/cope3.feat/pe1.dtseries.nii","506234","MNINonLinear//Results/tfMRI_GAMBLING/tfMRI_GAMBLING_hp200_s8_level2.feat/GrayordinatesStats/cope3.feat/pe1.dtseries.nii","0eiPrFuMARIgpVx1z1Aox5Wp_A4ZVCRR"
"s3://hcp-openaccess/HCP_1200/506234/MNINonLinear/Results/tfMRI_GAMBLING/tfMRI_GAMBLING_hp200_s8_level2.feat/GrayordinatesStats/cope3.feat/res4d.dtseries.nii","506234","MNINonLinear//Results/tfMRI_GAMBLING/tfMRI_GAMBLING_hp200_s8_level2.feat/GrayordinatesStats/cope3.feat/res4d.dtseries.nii","3eyStV2OnSJFdF1rgxBPamTIst97RCSM"
"s3://hcp-openaccess/HCP_1200/506234/MNINonLinear/Results/tfMRI_GAMBLING/tfMRI_GAMBLING_hp200_s8_level2.feat/GrayordinatesStats/cope3.feat/tdof_t1.dtseries.nii","506234","MNINonLinear//Results/tfMRI_GAMBLING/tfMRI_GAMBLING_hp200_s8_level2.feat/GrayordinatesStats/cope3.feat/tdof_t1.dtseries.nii","FQTGLjICLI8xR9J_ORb7gIzWgmmHAkxv"
"s3://hcp-openaccess/HCP_1200/506234/MNINonLinear/Results/tfMRI_GAMBLING/tfMRI_GAMBLING_hp200_s8_level2.feat/GrayordinatesStats/cope3.feat/tstat1.dtseries.nii","506234","MNINonLinear//Results/tfMRI_GAMBLING/tfMRI_GAMBLING_hp200_s8_level2.feat/GrayordinatesStats/cope3.feat/tstat1.dtseries.nii","eYKY5mkzEgmTHCLUdeZXW8bv.EPOfBSB"
"s3://hcp-openaccess/HCP_1200/506234/MNINonLinear/Results/tfMRI_GAMBLING/tfMRI_GAMBLING_hp200_s8_level2.feat/GrayordinatesStats/cope3.feat/varcope1.dtseries.nii","506234","MNINonLinear//Results/tfMRI_GAMBLING/tfMRI_GAMBLING_hp200_s8_level2.feat/GrayordinatesStats/cope3.feat/varcope1.dtseries.nii","vFyqnW7vEZ5fUkBm5yFXMY0JT62cHl57"
"s3://hcp-openaccess/HCP_1200/506234/MNINonLinear/Results/tfMRI_GAMBLING/tfMRI_GAMBLING_hp200_s8_level2.feat/GrayordinatesStats/cope3.feat/weights1.dtseries.nii","506234","MNINonLinear//Results/tfMRI_GAMBLING/tfMRI_GAMBLING_hp200_s8_level2.feat/GrayordinatesStats/cope3.feat/weights1.dtseries.nii","RjW_E4wQHX5asUjRDMTz6siRWyynByCr"
"s3://hcp-openaccess/HCP_1200/506234/MNINonLinear/Results/tfMRI_GAMBLING/tfMRI_GAMBLING_hp200_s8_level2.feat/GrayordinatesStats/cope3.feat/zflame1lowertstat1.dtseries.nii","506234","MNINonLinear//Results/tfMRI_GAMBLING/tfMRI_GAMBLING_hp200_s8_level2.feat/GrayordinatesStats/cope3.feat/zflame1lowertstat1.dtseries.nii","A3FcpNgVaxaBFt.RVNFa3.33zhB5tKdf"
"s3://hcp-openaccess/HCP_1200/506234/MNINonLinear/Results/tfMRI_GAMBLING/tfMRI_GAMBLING_hp200_s8_level2.feat/GrayordinatesStats/cope3.feat/zflame1uppertstat1.dtseries.nii","506234","MNINonLinear//Results/tfMRI_GAMBLING/tfMRI_GAMBLING_hp200_s8_level2.feat/GrayordinatesStats/cope3.feat/zflame1uppertstat1.dtseries.nii","x.ZxPZCykZCnFTjSzdR7PH5OAyGEw9a6"
"s3://hcp-openaccess/HCP_1200/506234/MNINonLinear/Results/tfMRI_GAMBLING/tfMRI_GAMBLING_hp200_s8_level2.feat/GrayordinatesStats/cope3.feat/zstat1.dtseries.nii","506234","MNINonLinear//Results/tfMRI_GAMBLING/tfMRI_GAMBLING_hp200_s8_level2.feat/GrayordinatesStats/cope3.feat/zstat1.dtseries.nii","KZQUq.s.scC43WwyMURqyFBpfBaHpuz8"
"s3://hcp-openaccess/HCP_1200/506234/MNINonLinear/Results/tfMRI_GAMBLING/tfMRI_GAMBLING_hp200_s8_level2.feat/GrayordinatesStats/cope4.feat/cope1.dtseries.nii","506234","MNINonLinear//Results/tfMRI_GAMBLING/tfMRI_GAMBLING_hp200_s8_level2.feat/GrayordinatesStats/cope4.feat/cope1.dtseries.nii","IGbxWNqqYwJdk4gFVX6XO0vQDNO_QarC"
"s3://hcp-openaccess/HCP_1200/506234/MNINonLinear/Results/tfMRI_GAMBLING/tfMRI_GAMBLING_hp200_s8_level2.feat/GrayordinatesStats/cope4.feat/logfile","506234","MNINonLinear//Results/tfMRI_GAMBLING/tfMRI_GAMBLING_hp200_s8_level2.feat/GrayordinatesStats/cope4.feat/logfile","tJBwZ3hmvwed8oYTHEKaUb5S8hum99p9"
"s3://hcp-openaccess/HCP_1200/506234/MNINonLinear/Results/tfMRI_GAMBLING/tfMRI_GAMBLING_hp200_s8_level2.feat/GrayordinatesStats/cope4.feat/mask.dtseries.nii","506234","MNINonLinear//Results/tfMRI_GAMBLING/tfMRI_GAMBLING_hp200_s8_level2.feat/GrayordinatesStats/cope4.feat/mask.dtseries.nii","qgUz7JdVAwHdUHLsuoUyG5CUhAGL4pTH"
"s3://hcp-openaccess/HCP_1200/506234/MNINonLinear/Results/tfMRI_GAMBLING/tfMRI_GAMBLING_hp200_s8_level2.feat/GrayordinatesStats/cope4.feat/mean_random_effects_var1.dtseries.nii","506234","MNINonLinear//Results/tfMRI_GAMBLING/tfMRI_GAMBLING_hp200_s8_level2.feat/GrayordinatesStats/cope4.feat/mean_random_effects_var1.dtseries.nii","8hfBx_gx9f0OYdvkwExQXWvvoHtOfc8F"
"s3://hcp-openaccess/HCP_1200/506234/MNINonLinear/Results/tfMRI_GAMBLING/tfMRI_GAMBLING_hp200_s8_level2.feat/GrayordinatesStats/cope4.feat/pe1.dtseries.nii","506234","MNINonLinear//Results/tfMRI_GAMBLING/tfMRI_GAMBLING_hp200_s8_level2.feat/GrayordinatesStats/cope4.feat/pe1.dtseries.nii","RRDw5LbJVCg7cS82qZYCqEB2HQ5XUeT3"
"s3://hcp-openaccess/HCP_1200/506234/MNINonLinear/Results/tfMRI_GAMBLING/tfMRI_GAMBLING_hp200_s8_level2.feat/GrayordinatesStats/cope4.feat/res4d.dtseries.nii","506234","MNINonLinear//Results/tfMRI_GAMBLING/tfMRI_GAMBLING_hp200_s8_level2.feat/GrayordinatesStats/cope4.feat/res4d.dtseries.nii","yj3a6bst0M6PrgnD9qC2ttPDcDqT7lKr"
"s3://hcp-openaccess/HCP_1200/506234/MNINonLinear/Results/tfMRI_GAMBLING/tfMRI_GAMBLING_hp200_s8_level2.feat/GrayordinatesStats/cope4.feat/tdof_t1.dtseries.nii","506234","MNINonLinear//Results/tfMRI_GAMBLING/tfMRI_GAMBLING_hp200_s8_level2.feat/GrayordinatesStats/cope4.feat/tdof_t1.dtseries.nii","WiH5MM_tVMMtquTLy2cgpO0eRDpL0fxE"
"s3://hcp-openaccess/HCP_1200/506234/MNINonLinear/Results/tfMRI_GAMBLING/tfMRI_GAMBLING_hp200_s8_level2.feat/GrayordinatesStats/cope4.feat/tstat1.dtseries.nii","506234","MNINonLinear//Results/tfMRI_GAMBLING/tfMRI_GAMBLING_hp200_s8_level2.feat/GrayordinatesStats/cope4.feat/tstat1.dtseries.nii","fsH2EuAJohK44OdvZ56Tk4rTs6kp4_cw"
"s3://hcp-openaccess/HCP_1200/506234/MNINonLinear/Results/tfMRI_GAMBLING/tfMRI_GAMBLING_hp200_s8_level2.feat/GrayordinatesStats/cope4.feat/varcope1.dtseries.nii","506234","MNINonLinear//Results/tfMRI_GAMBLING/tfMRI_GAMBLING_hp200_s8_level2.feat/GrayordinatesStats/cope4.feat/varcope1.dtseries.nii","hhy0k4ymP8Q_rM5noiTJ0_YPvf3cwGXq"
"s3://hcp-openaccess/HCP_1200/506234/MNINonLinear/Results/tfMRI_GAMBLING/tfMRI_GAMBLING_hp200_s8_level2.feat/GrayordinatesStats/cope4.feat/weights1.dtseries.nii","506234","MNINonLinear//Results/tfMRI_GAMBLING/tfMRI_GAMBLING_hp200_s8_level2.feat/GrayordinatesStats/cope4.feat/weights1.dtseries.nii","hT82zKJPlMNo6M1NM9Ozo6ASGwCYLYX_"
"s3://hcp-openaccess/HCP_1200/506234/MNINonLinear/Results/tfMRI_GAMBLING/tfMRI_GAMBLING_hp200_s8_level2.feat/GrayordinatesStats/cope4.feat/zflame1lowertstat1.dtseries.nii","506234","MNINonLinear//Results/tfMRI_GAMBLING/tfMRI_GAMBLING_hp200_s8_level2.feat/GrayordinatesStats/cope4.feat/zflame1lowertstat1.dtseries.nii","FtByOmxtAiXsnVbOgQGvgPCsRFAy947X"
"s3://hcp-openaccess/HCP_1200/506234/MNINonLinear/Results/tfMRI_GAMBLING/tfMRI_GAMBLING_hp200_s8_level2.feat/GrayordinatesStats/cope4.feat/zflame1uppertstat1.dtseries.nii","506234","MNINonLinear//Results/tfMRI_GAMBLING/tfMRI_GAMBLING_hp200_s8_level2.feat/GrayordinatesStats/cope4.feat/zflame1uppertstat1.dtseries.nii","lr6l3c9qst0VD9wIo8mOHeT4Y_NLLQHX"
"s3://hcp-openaccess/HCP_1200/506234/MNINonLinear/Results/tfMRI_GAMBLING/tfMRI_GAMBLING_hp200_s8_level2.feat/GrayordinatesStats/cope4.feat/zstat1.dtseries.nii","506234","MNINonLinear//Results/tfMRI_GAMBLING/tfMRI_GAMBLING_hp200_s8_level2.feat/GrayordinatesStats/cope4.feat/zstat1.dtseries.nii","4YQ.iTRyJ55R4Uw96uj6ixK9Z15HpmdQ"
"s3://hcp-openaccess/HCP_1200/506234/MNINonLinear/Results/tfMRI_GAMBLING/tfMRI_GAMBLING_hp200_s8_level2.feat/GrayordinatesStats/cope5.feat/cope1.dtseries.nii","506234","MNINonLinear//Results/tfMRI_GAMBLING/tfMRI_GAMBLING_hp200_s8_level2.feat/GrayordinatesStats/cope5.feat/cope1.dtseries.nii","7lSQxfCX.Sz7bWqLsFTg8pp9QOPx3JWh"
"s3://hcp-openaccess/HCP_1200/506234/MNINonLinear/Results/tfMRI_GAMBLING/tfMRI_GAMBLING_hp200_s8_level2.feat/GrayordinatesStats/cope5.feat/logfile","506234","MNINonLinear//Results/tfMRI_GAMBLING/tfMRI_GAMBLING_hp200_s8_level2.feat/GrayordinatesStats/cope5.feat/logfile","rh3aIj1dcTkac4G4imLG9km_aIqU0hMS"
"s3://hcp-openaccess/HCP_1200/506234/MNINonLinear/Results/tfMRI_GAMBLING/tfMRI_GAMBLING_hp200_s8_level2.feat/GrayordinatesStats/cope5.feat/mask.dtseries.nii","506234","MNINonLinear//Results/tfMRI_GAMBLING/tfMRI_GAMBLING_hp200_s8_level2.feat/GrayordinatesStats/cope5.feat/mask.dtseries.nii","RBGfHVo54DcxWCrvWoUU7P8QrRl._VJZ"
"s3://hcp-openaccess/HCP_1200/506234/MNINonLinear/Results/tfMRI_GAMBLING/tfMRI_GAMBLING_hp200_s8_level2.feat/GrayordinatesStats/cope5.feat/mean_random_effects_var1.dtseries.nii","506234","MNINonLinear//Results/tfMRI_GAMBLING/tfMRI_GAMBLING_hp200_s8_level2.feat/GrayordinatesStats/cope5.feat/mean_random_effects_var1.dtseries.nii","KBjmM2OHfQQ9S0FV7xdfM7chPbQgbLoL"
"s3://hcp-openaccess/HCP_1200/506234/MNINonLinear/Results/tfMRI_GAMBLING/tfMRI_GAMBLING_hp200_s8_level2.feat/GrayordinatesStats/cope5.feat/pe1.dtseries.nii","506234","MNINonLinear//Results/tfMRI_GAMBLING/tfMRI_GAMBLING_hp200_s8_level2.feat/GrayordinatesStats/cope5.feat/pe1.dtseries.nii","UZxFG.PqH4OtkqEIPVsqJCNxjqAN_2eZ"
"s3://hcp-openaccess/HCP_1200/506234/MNINonLinear/Results/tfMRI_GAMBLING/tfMRI_GAMBLING_hp200_s8_level2.feat/GrayordinatesStats/cope5.feat/res4d.dtseries.nii","506234","MNINonLinear//Results/tfMRI_GAMBLING/tfMRI_GAMBLING_hp200_s8_level2.feat/GrayordinatesStats/cope5.feat/res4d.dtseries.nii","wbXleslfrTMO_tEA4BiNkRuSAbRvfdOm"
"s3://hcp-openaccess/HCP_1200/506234/MNINonLinear/Results/tfMRI_GAMBLING/tfMRI_GAMBLING_hp200_s8_level2.feat/GrayordinatesStats/cope5.feat/tdof_t1.dtseries.nii","506234","MNINonLinear//Results/tfMRI_GAMBLING/tfMRI_GAMBLING_hp200_s8_level2.feat/GrayordinatesStats/cope5.feat/tdof_t1.dtseries.nii","kq4gf_pkyhmXnZZPhVlM8PkmR7kWq91h"
"s3://hcp-openaccess/HCP_1200/506234/MNINonLinear/Results/tfMRI_GAMBLING/tfMRI_GAMBLING_hp200_s8_level2.feat/GrayordinatesStats/cope5.feat/tstat1.dtseries.nii","506234","MNINonLinear//Results/tfMRI_GAMBLING/tfMRI_GAMBLING_hp200_s8_level2.feat/GrayordinatesStats/cope5.feat/tstat1.dtseries.nii","BUhVrxVzXFaBt6hvYYcGsCrNP6oFPM8X"
"s3://hcp-openaccess/HCP_1200/506234/MNINonLinear/Results/tfMRI_GAMBLING/tfMRI_GAMBLING_hp200_s8_level2.feat/GrayordinatesStats/cope5.feat/varcope1.dtseries.nii","506234","MNINonLinear//Results/tfMRI_GAMBLING/tfMRI_GAMBLING_hp200_s8_level2.feat/GrayordinatesStats/cope5.feat/varcope1.dtseries.nii","T6V_989LtZpjI.uk6TMuHKeMUBaFvTA."
"s3://hcp-openaccess/HCP_1200/506234/MNINonLinear/Results/tfMRI_GAMBLING/tfMRI_GAMBLING_hp200_s8_level2.feat/GrayordinatesStats/cope5.feat/weights1.dtseries.nii","506234","MNINonLinear//Results/tfMRI_GAMBLING/tfMRI_GAMBLING_hp200_s8_level2.feat/GrayordinatesStats/cope5.feat/weights1.dtseries.nii","2gqyx7FFo1.pa_qx79ovSIDjrCnKYvPO"
"s3://hcp-openaccess/HCP_1200/506234/MNINonLinear/Results/tfMRI_GAMBLING/tfMRI_GAMBLING_hp200_s8_level2.feat/GrayordinatesStats/cope5.feat/zflame1lowertstat1.dtseries.nii","506234","MNINonLinear//Results/tfMRI_GAMBLING/tfMRI_GAMBLING_hp200_s8_level2.feat/GrayordinatesStats/cope5.feat/zflame1lowertstat1.dtseries.nii","BXCqnUW58yzDEkWb.grJUS6p9bKgcLve"
"s3://hcp-openaccess/HCP_1200/506234/MNINonLinear/Results/tfMRI_GAMBLING/tfMRI_GAMBLING_hp200_s8_level2.feat/GrayordinatesStats/cope5.feat/zflame1uppertstat1.dtseries.nii","506234","MNINonLinear//Results/tfMRI_GAMBLING/tfMRI_GAMBLING_hp200_s8_level2.feat/GrayordinatesStats/cope5.feat/zflame1uppertstat1.dtseries.nii","Px30T93dt8ZL2FMeMvBqOP55_lJ1noMt"
"s3://hcp-openaccess/HCP_1200/506234/MNINonLinear/Results/tfMRI_GAMBLING/tfMRI_GAMBLING_hp200_s8_level2.feat/GrayordinatesStats/cope5.feat/zstat1.dtseries.nii","506234","MNINonLinear//Results/tfMRI_GAMBLING/tfMRI_GAMBLING_hp200_s8_level2.feat/GrayordinatesStats/cope5.feat/zstat1.dtseries.nii","ZuA2zBD1_kibtpFnc8Uq0wWGW59KJTdT"
"s3://hcp-openaccess/HCP_1200/506234/MNINonLinear/Results/tfMRI_GAMBLING/tfMRI_GAMBLING_hp200_s8_level2.feat/GrayordinatesStats/cope6.feat/cope1.dtseries.nii","506234","MNINonLinear//Results/tfMRI_GAMBLING/tfMRI_GAMBLING_hp200_s8_level2.feat/GrayordinatesStats/cope6.feat/cope1.dtseries.nii","pZt3vz0TJiGxbDJ3j9DJv5vDIg_9ReGz"
"s3://hcp-openaccess/HCP_1200/506234/MNINonLinear/Results/tfMRI_GAMBLING/tfMRI_GAMBLING_hp200_s8_level2.feat/GrayordinatesStats/cope6.feat/logfile","506234","MNINonLinear//Results/tfMRI_GAMBLING/tfMRI_GAMBLING_hp200_s8_level2.feat/GrayordinatesStats/cope6.feat/logfile","Lqw_FDH6D6xxWKXOWsDb2zo.xw54XoIX"
"s3://hcp-openaccess/HCP_1200/506234/MNINonLinear/Results/tfMRI_GAMBLING/tfMRI_GAMBLING_hp200_s8_level2.feat/GrayordinatesStats/cope6.feat/mask.dtseries.nii","506234","MNINonLinear//Results/tfMRI_GAMBLING/tfMRI_GAMBLING_hp200_s8_level2.feat/GrayordinatesStats/cope6.feat/mask.dtseries.nii","pgjf3UKnD9ckyK8TMxr.8VpAjzfcbL4H"
"s3://hcp-openaccess/HCP_1200/506234/MNINonLinear/Results/tfMRI_GAMBLING/tfMRI_GAMBLING_hp200_s8_level2.feat/GrayordinatesStats/cope6.feat/mean_random_effects_var1.dtseries.nii","506234","MNINonLinear//Results/tfMRI_GAMBLING/tfMRI_GAMBLING_hp200_s8_level2.feat/GrayordinatesStats/cope6.feat/mean_random_effects_var1.dtseries.nii","1gEdPJqzF.TWwXBU.GRV14SJ91iN1oB8"
"s3://hcp-openaccess/HCP_1200/506234/MNINonLinear/Results/tfMRI_GAMBLING/tfMRI_GAMBLING_hp200_s8_level2.feat/GrayordinatesStats/cope6.feat/pe1.dtseries.nii","506234","MNINonLinear//Results/tfMRI_GAMBLING/tfMRI_GAMBLING_hp200_s8_level2.feat/GrayordinatesStats/cope6.feat/pe1.dtseries.nii","GtS.yzlLpPZqQCAUwLs7rRej4IkYneSG"
"s3://hcp-openaccess/HCP_1200/506234/MNINonLinear/Results/tfMRI_GAMBLING/tfMRI_GAMBLING_hp200_s8_level2.feat/GrayordinatesStats/cope6.feat/res4d.dtseries.nii","506234","MNINonLinear//Results/tfMRI_GAMBLING/tfMRI_GAMBLING_hp200_s8_level2.feat/GrayordinatesStats/cope6.feat/res4d.dtseries.nii","gKzK85C4pvwEJP2L5mf6YZbxhPyhByPJ"
"s3://hcp-openaccess/HCP_1200/506234/MNINonLinear/Results/tfMRI_GAMBLING/tfMRI_GAMBLING_hp200_s8_level2.feat/GrayordinatesStats/cope6.feat/tdof_t1.dtseries.nii","506234","MNINonLinear//Results/tfMRI_GAMBLING/tfMRI_GAMBLING_hp200_s8_level2.feat/GrayordinatesStats/cope6.feat/tdof_t1.dtseries.nii","xk6DM4R53K6csRPUFLBKqBo5XfQfq4hy"
"s3://hcp-openaccess/HCP_1200/506234/MNINonLinear/Results/tfMRI_GAMBLING/tfMRI_GAMBLING_hp200_s8_level2.feat/GrayordinatesStats/cope6.feat/tstat1.dtseries.nii","506234","MNINonLinear//Results/tfMRI_GAMBLING/tfMRI_GAMBLING_hp200_s8_level2.feat/GrayordinatesStats/cope6.feat/tstat1.dtseries.nii","3gUBVBqWjzcB5jT.4aByrXYX.tf20iLc"
"s3://hcp-openaccess/HCP_1200/506234/MNINonLinear/Results/tfMRI_GAMBLING/tfMRI_GAMBLING_hp200_s8_level2.feat/GrayordinatesStats/cope6.feat/varcope1.dtseries.nii","506234","MNINonLinear//Results/tfMRI_GAMBLING/tfMRI_GAMBLING_hp200_s8_level2.feat/GrayordinatesStats/cope6.feat/varcope1.dtseries.nii","_r5mgomUa.FYMGDtc.zvFg981_JZVBnn"
"s3://hcp-openaccess/HCP_1200/506234/MNINonLinear/Results/tfMRI_GAMBLING/tfMRI_GAMBLING_hp200_s8_level2.feat/GrayordinatesStats/cope6.feat/weights1.dtseries.nii","506234","MNINonLinear//Results/tfMRI_GAMBLING/tfMRI_GAMBLING_hp200_s8_level2.feat/GrayordinatesStats/cope6.feat/weights1.dtseries.nii","g0ZE0XsBQ7fLm9K3XpPLusx5n9i.lEWD"
"s3://hcp-openaccess/HCP_1200/506234/MNINonLinear/Results/tfMRI_GAMBLING/tfMRI_GAMBLING_hp200_s8_level2.feat/GrayordinatesStats/cope6.feat/zflame1lowertstat1.dtseries.nii","506234","MNINonLinear//Results/tfMRI_GAMBLING/tfMRI_GAMBLING_hp200_s8_level2.feat/GrayordinatesStats/cope6.feat/zflame1lowertstat1.dtseries.nii","i8ocmoGkPPWvK32gO6g4jGYs2MRw0MP8"
"s3://hcp-openaccess/HCP_1200/506234/MNINonLinear/Results/tfMRI_GAMBLING/tfMRI_GAMBLING_hp200_s8_level2.feat/GrayordinatesStats/cope6.feat/zflame1uppertstat1.dtseries.nii","506234","MNINonLinear//Results/tfMRI_GAMBLING/tfMRI_GAMBLING_hp200_s8_level2.feat/GrayordinatesStats/cope6.feat/zflame1uppertstat1.dtseries.nii","Lko.H_7nN6tr8ISTGL6lei8zWWMItyzs"
"s3://hcp-openaccess/HCP_1200/506234/MNINonLinear/Results/tfMRI_GAMBLING/tfMRI_GAMBLING_hp200_s8_level2.feat/GrayordinatesStats/cope6.feat/zstat1.dtseries.nii","506234","MNINonLinear//Results/tfMRI_GAMBLING/tfMRI_GAMBLING_hp200_s8_level2.feat/GrayordinatesStats/cope6.feat/zstat1.dtseries.nii","3rHWnKsySxSBGvS0YoELiIPIbwHoUMec"
"s3://hcp-openaccess/HCP_1200/506234/MNINonLinear/Results/tfMRI_GAMBLING/tfMRI_GAMBLING_hp200_s8_level2.feat/design.con","506234","MNINonLinear//Results/tfMRI_GAMBLING/tfMRI_GAMBLING_hp200_s8_level2.feat/design.con","xtAJ0t5cTlbUPsGy6hqvbWnJPmNiOstn"
"s3://hcp-openaccess/HCP_1200/506234/MNINonLinear/Results/tfMRI_GAMBLING/tfMRI_GAMBLING_hp200_s8_level2.feat/design.fsf","506234","MNINonLinear//Results/tfMRI_GAMBLING/tfMRI_GAMBLING_hp200_s8_level2.feat/design.fsf","vx617gX8FJYEpxfZKA2_HDITiRyzmuVp"
"s3://hcp-openaccess/HCP_1200/506234/MNINonLinear/Results/tfMRI_GAMBLING/tfMRI_GAMBLING_hp200_s8_level2.feat/design.grp","506234","MNINonLinear//Results/tfMRI_GAMBLING/tfMRI_GAMBLING_hp200_s8_level2.feat/design.grp","71r40ir84w2e4JNOGcd0k_yEkvEkQVbi"
"s3://hcp-openaccess/HCP_1200/506234/MNINonLinear/Results/tfMRI_GAMBLING/tfMRI_GAMBLING_hp200_s8_level2.feat/design.mat","506234","MNINonLinear//Results/tfMRI_GAMBLING/tfMRI_GAMBLING_hp200_s8_level2.feat/design.mat","1cTt1m3G.0tstv12KSfxukPNASIVBytv"
"s3://hcp-openaccess/HCP_1200/506234/MNINonLinear/Results/tfMRI_GAMBLING/tfMRI_GAMBLING_hp200_s8_level2.feat/design.png","506234","MNINonLinear//Results/tfMRI_GAMBLING/tfMRI_GAMBLING_hp200_s8_level2.feat/design.png","smouqJlJbOHMm6nmTgLwmzTmpJ8vBgnP"
"s3://hcp-openaccess/HCP_1200/506234/MNINonLinear/Results/tfMRI_GAMBLING/tfMRI_GAMBLING_hp200_s8_level2.feat/design.ppm","506234","MNINonLinear//Results/tfMRI_GAMBLING/tfMRI_GAMBLING_hp200_s8_level2.feat/design.ppm","BnF8d48FEqutAGnVVsuCbUD9cLz6GBg1"
"s3://hcp-openaccess/HCP_1200/506234/MNINonLinear/Results/tfMRI_GAMBLING/tfMRI_GAMBLING_hp200_s8_level2.feat/design_cov.png","506234","MNINonLinear//Results/tfMRI_GAMBLING/tfMRI_GAMBLING_hp200_s8_level2.feat/design_cov.png","EUbVq3G5MsD_8GK3D2E93UfmbdTGYrzB"
"s3://hcp-openaccess/HCP_1200/506234/MNINonLinear/Results/tfMRI_GAMBLING/tfMRI_GAMBLING_hp200_s8_level2.feat/design_cov.ppm","506234","MNINonLinear//Results/tfMRI_GAMBLING/tfMRI_GAMBLING_hp200_s8_level2.feat/design_cov.ppm","48LgFSRkOSUgBJRCmO.EsEmUE5212MsH"
"s3://hcp-openaccess/HCP_1200/506234/MNINonLinear/Results/tfMRI_GAMBLING_LR/EVs/GAMBLING_Stats.csv","506234","MNINonLinear//Results/tfMRI_GAMBLING_LR/EVs/GAMBLING_Stats.csv","vRGXLm6ApyRmJkytFqfk2iWIBetN8p8F"
"s3://hcp-openaccess/HCP_1200/506234/MNINonLinear/Results/tfMRI_GAMBLING_LR/EVs/Sync.txt","506234","MNINonLinear//Results/tfMRI_GAMBLING_LR/EVs/Sync.txt","ce0W0WOR1S9O550wRihb34AHXPQhNwqo"
"s3://hcp-openaccess/HCP_1200/506234/MNINonLinear/Results/tfMRI_GAMBLING_LR/EVs/loss.txt","506234","MNINonLinear//Results/tfMRI_GAMBLING_LR/EVs/loss.txt","6BkxvvqPbdMxFsDC0VZKYDx.Sx7Hry_Z"
"s3://hcp-openaccess/HCP_1200/506234/MNINonLinear/Results/tfMRI_GAMBLING_LR/EVs/loss_event.txt","506234","MNINonLinear//Results/tfMRI_GAMBLING_LR/EVs/loss_event.txt","bN3cMdwXnSoBmALsCxK1V3RuG46XxsD1"
"s3://hcp-openaccess/HCP_1200/506234/MNINonLinear/Results/tfMRI_GAMBLING_LR/EVs/neut_event.txt","506234","MNINonLinear//Results/tfMRI_GAMBLING_LR/EVs/neut_event.txt","MSCTpglNQgjEYaacCuDDk2CXsFbBMKKa"
"s3://hcp-openaccess/HCP_1200/506234/MNINonLinear/Results/tfMRI_GAMBLING_LR/EVs/win.txt","506234","MNINonLinear//Results/tfMRI_GAMBLING_LR/EVs/win.txt","CL8VwnqQQKja9LiryWAhO0rVbCOt2RbB"
"s3://hcp-openaccess/HCP_1200/506234/MNINonLinear/Results/tfMRI_GAMBLING_LR/EVs/win_event.txt","506234","MNINonLinear//Results/tfMRI_GAMBLING_LR/EVs/win_event.txt","ddO_WvincLPYyFB.s6azXvrc0lm0Xp4g"
"s3://hcp-openaccess/HCP_1200/506234/MNINonLinear/Results/tfMRI_GAMBLING_LR/GAMBLING_run2_TAB.txt","506234","MNINonLinear//Results/tfMRI_GAMBLING_LR/GAMBLING_run2_TAB.txt","rXvqu_HOt63nNt0L6n5YhWIDdE54QNib"
"s3://hcp-openaccess/HCP_1200/506234/MNINonLinear/Results/tfMRI_GAMBLING_LR/Movement_AbsoluteRMS.txt","506234","MNINonLinear//Results/tfMRI_GAMBLING_LR/Movement_AbsoluteRMS.txt","BA2kE5eDm0G1cVb12xOYioZMqcNT60RK"
"s3://hcp-openaccess/HCP_1200/506234/MNINonLinear/Results/tfMRI_GAMBLING_LR/Movement_AbsoluteRMS_mean.txt","506234","MNINonLinear//Results/tfMRI_GAMBLING_LR/Movement_AbsoluteRMS_mean.txt","qBUPii87xqu_Yd.wmv5p_APLDVfMxNtm"
"s3://hcp-openaccess/HCP_1200/506234/MNINonLinear/Results/tfMRI_GAMBLING_LR/Movement_Regressors.txt","506234","MNINonLinear//Results/tfMRI_GAMBLING_LR/Movement_Regressors.txt","nXlzA_kbtcjvVZSKVJG5.wee52v4KVPo"
"s3://hcp-openaccess/HCP_1200/506234/MNINonLinear/Results/tfMRI_GAMBLING_LR/Movement_Regressors_dt.txt","506234","MNINonLinear//Results/tfMRI_GAMBLING_LR/Movement_Regressors_dt.txt","J4qftkowLUtz5dYNxoAdMVC7exZAlMU6"
"s3://hcp-openaccess/HCP_1200/506234/MNINonLinear/Results/tfMRI_GAMBLING_LR/Movement_RelativeRMS.txt","506234","MNINonLinear//Results/tfMRI_GAMBLING_LR/Movement_RelativeRMS.txt","wa7Uk5yoI1_DAl8thFLUs2GigTpZ6ax9"
"s3://hcp-openaccess/HCP_1200/506234/MNINonLinear/Results/tfMRI_GAMBLING_LR/Movement_RelativeRMS_mean.txt","506234","MNINonLinear//Results/tfMRI_GAMBLING_LR/Movement_RelativeRMS_mean.txt","kNuA1WmEGd79ghqKcsR5pX3V8d.0.zTa"
"s3://hcp-openaccess/HCP_1200/506234/MNINonLinear/Results/tfMRI_GAMBLING_LR/PhaseOne_gdc_dc.nii.gz","506234","MNINonLinear//Results/tfMRI_GAMBLING_LR/PhaseOne_gdc_dc.nii.gz","p5aCEw_vHW7vLFN8ay8UE0atnB31pQU."
"s3://hcp-openaccess/HCP_1200/506234/MNINonLinear/Results/tfMRI_GAMBLING_LR/PhaseTwo_gdc_dc.nii.gz","506234","MNINonLinear//Results/tfMRI_GAMBLING_LR/PhaseTwo_gdc_dc.nii.gz","RjVosSdWCCxGWYJowREneka.9FouRdwr"
"s3://hcp-openaccess/HCP_1200/506234/MNINonLinear/Results/tfMRI_GAMBLING_LR/RibbonVolumeToSurfaceMapping/goodvoxels.nii.gz","506234","MNINonLinear//Results/tfMRI_GAMBLING_LR/RibbonVolumeToSurfaceMapping/goodvoxels.nii.gz","6o33xXp8TtYc3KhNko38WqZM5ye8SWQD"
"s3://hcp-openaccess/HCP_1200/506234/MNINonLinear/Results/tfMRI_GAMBLING_LR/SBRef_dc.nii.gz","506234","MNINonLinear//Results/tfMRI_GAMBLING_LR/SBRef_dc.nii.gz","acsn7x5XGqagyAr3vgGlpdHjA6RpcL5F"
"s3://hcp-openaccess/HCP_1200/506234/MNINonLinear/Results/tfMRI_GAMBLING_LR/brainmask_fs.2.nii.gz","506234","MNINonLinear//Results/tfMRI_GAMBLING_LR/brainmask_fs.2.nii.gz","pcvtDxXKEUAGp.VZbEv0jGbqp29qaPpM"
"s3://hcp-openaccess/HCP_1200/506234/MNINonLinear/Results/tfMRI_GAMBLING_LR/tfMRI_GAMBLING_LR.L.native.func.gii","506234","MNINonLinear//Results/tfMRI_GAMBLING_LR/tfMRI_GAMBLING_LR.L.native.func.gii","dv4DQvQVrQIv1Iw_Sa31GtwdwCDEhdbA"
"s3://hcp-openaccess/HCP_1200/506234/MNINonLinear/Results/tfMRI_GAMBLING_LR/tfMRI_GAMBLING_LR.R.native.func.gii","506234","MNINonLinear//Results/tfMRI_GAMBLING_LR/tfMRI_GAMBLING_LR.R.native.func.gii","0CmPF8IdaUogXOp_zJijfUDZfFULNXvL"
"s3://hcp-openaccess/HCP_1200/506234/MNINonLinear/Results/tfMRI_GAMBLING_LR/tfMRI_GAMBLING_LR.nii.gz","506234","MNINonLinear//Results/tfMRI_GAMBLING_LR/tfMRI_GAMBLING_LR.nii.gz","BKNPOa8HFHCmX.pGm3dxyAHChY84_o2d"
"s3://hcp-openaccess/HCP_1200/506234/MNINonLinear/Results/tfMRI_GAMBLING_LR/tfMRI_GAMBLING_LR_Atlas.dtseries.nii","506234","MNINonLinear//Results/tfMRI_GAMBLING_LR/tfMRI_GAMBLING_LR_Atlas.dtseries.nii","D6mERUgGRHY5N0xlRax4IVeVD.9KaFhN"
"s3://hcp-openaccess/HCP_1200/506234/MNINonLinear/Results/tfMRI_GAMBLING_LR/tfMRI_GAMBLING_LR_Atlas_MSMAll.dtseries.nii","506234","MNINonLinear//Results/tfMRI_GAMBLING_LR/tfMRI_GAMBLING_LR_Atlas_MSMAll.dtseries.nii","XV7Bs.GmdgDQ.9b7udSiGZlbGHYSntqA"
"s3://hcp-openaccess/HCP_1200/506234/MNINonLinear/Results/tfMRI_GAMBLING_LR/tfMRI_GAMBLING_LR_Jacobian.nii.gz","506234","MNINonLinear//Results/tfMRI_GAMBLING_LR/tfMRI_GAMBLING_LR_Jacobian.nii.gz","Pd6ZTjyFvlIzS_N26ogkgNBqsauC4zZV"
"s3://hcp-openaccess/HCP_1200/506234/MNINonLinear/Results/tfMRI_GAMBLING_LR/tfMRI_GAMBLING_LR_Physio_log.txt","506234","MNINonLinear//Results/tfMRI_GAMBLING_LR/tfMRI_GAMBLING_LR_Physio_log.txt","H7gIFLrkO4GT74xjEsC.TwRRQIFxsk8f"
"s3://hcp-openaccess/HCP_1200/506234/MNINonLinear/Results/tfMRI_GAMBLING_LR/tfMRI_GAMBLING_LR_SBRef.nii.gz","506234","MNINonLinear//Results/tfMRI_GAMBLING_LR/tfMRI_GAMBLING_LR_SBRef.nii.gz","Js_ED1mNc1OTtKYHT0tbm3qi96waDUKV"
"s3://hcp-openaccess/HCP_1200/506234/MNINonLinear/Results/tfMRI_GAMBLING_LR/tfMRI_GAMBLING_LR_hp200_s4_level1.fsf","506234","MNINonLinear//Results/tfMRI_GAMBLING_LR/tfMRI_GAMBLING_LR_hp200_s4_level1.fsf","dsbJnx9aRD.ZzD9JzPS7gOdhgvi750IK"
"s3://hcp-openaccess/HCP_1200/506234/MNINonLinear/Results/tfMRI_GAMBLING_RL/EVs/GAMBLING_Stats.csv","506234","MNINonLinear//Results/tfMRI_GAMBLING_RL/EVs/GAMBLING_Stats.csv","qPZqBlvPYP1.4m1PFay1z2jkzEmi8tJ9"
"s3://hcp-openaccess/HCP_1200/506234/MNINonLinear/Results/tfMRI_GAMBLING_RL/EVs/Sync.txt","506234","MNINonLinear//Results/tfMRI_GAMBLING_RL/EVs/Sync.txt","cz3yDOPhGM8iA3oE3_b.FDbb.DlCENKX"
"s3://hcp-openaccess/HCP_1200/506234/MNINonLinear/Results/tfMRI_GAMBLING_RL/EVs/loss.txt","506234","MNINonLinear//Results/tfMRI_GAMBLING_RL/EVs/loss.txt","UShLbFIbg3qRAcT0kLgUR7.GktlsoU6l"
"s3://hcp-openaccess/HCP_1200/506234/MNINonLinear/Results/tfMRI_GAMBLING_RL/EVs/loss_event.txt","506234","MNINonLinear//Results/tfMRI_GAMBLING_RL/EVs/loss_event.txt","qWA8BaBL6rnLrwjeB4..W3TJqFK2NjOb"
"s3://hcp-openaccess/HCP_1200/506234/MNINonLinear/Results/tfMRI_GAMBLING_RL/EVs/neut_event.txt","506234","MNINonLinear//Results/tfMRI_GAMBLING_RL/EVs/neut_event.txt","JQM3kat8ua4HLdheTqabwgg0djvSihGZ"
"s3://hcp-openaccess/HCP_1200/506234/MNINonLinear/Results/tfMRI_GAMBLING_RL/EVs/win.txt","506234","MNINonLinear//Results/tfMRI_GAMBLING_RL/EVs/win.txt","jmgN86VBuRTgBdRypOt8isYlQw8x0k_9"
"s3://hcp-openaccess/HCP_1200/506234/MNINonLinear/Results/tfMRI_GAMBLING_RL/EVs/win_event.txt","506234","MNINonLinear//Results/tfMRI_GAMBLING_RL/EVs/win_event.txt","WMCrcNleuXpKoX7WM0HPVwZNDJeV0FuG"
"s3://hcp-openaccess/HCP_1200/506234/MNINonLinear/Results/tfMRI_GAMBLING_RL/GAMBLING_run1_TAB.txt","506234","MNINonLinear//Results/tfMRI_GAMBLING_RL/GAMBLING_run1_TAB.txt","EbSaWJDxRdLDU6.5b9XnK_GHTUKPT6td"
"s3://hcp-openaccess/HCP_1200/506234/MNINonLinear/Results/tfMRI_GAMBLING_RL/Movement_AbsoluteRMS.txt","506234","MNINonLinear//Results/tfMRI_GAMBLING_RL/Movement_AbsoluteRMS.txt","BMKXGfp8FI9DQXhjztzIWt.FHrRv6uqj"
"s3://hcp-openaccess/HCP_1200/506234/MNINonLinear/Results/tfMRI_GAMBLING_RL/Movement_AbsoluteRMS_mean.txt","506234","MNINonLinear//Results/tfMRI_GAMBLING_RL/Movement_AbsoluteRMS_mean.txt","5wg1KdCPSaH.36.VpSOL68pbU8ssOc7x"
"s3://hcp-openaccess/HCP_1200/506234/MNINonLinear/Results/tfMRI_GAMBLING_RL/Movement_Regressors.txt","506234","MNINonLinear//Results/tfMRI_GAMBLING_RL/Movement_Regressors.txt","nDkm0LxC7Fgskpp_zHu1DeLvnaG0Z9uK"
"s3://hcp-openaccess/HCP_1200/506234/MNINonLinear/Results/tfMRI_GAMBLING_RL/Movement_Regressors_dt.txt","506234","MNINonLinear//Results/tfMRI_GAMBLING_RL/Movement_Regressors_dt.txt","IaVMRmDhPJgXkw_VxVJJGlOZplqq6F4T"
"s3://hcp-openaccess/HCP_1200/506234/MNINonLinear/Results/tfMRI_GAMBLING_RL/Movement_RelativeRMS.txt","506234","MNINonLinear//Results/tfMRI_GAMBLING_RL/Movement_RelativeRMS.txt","iV77ySycczBNA8oY2kknqXbCnUc3xInU"
"s3://hcp-openaccess/HCP_1200/506234/MNINonLinear/Results/tfMRI_GAMBLING_RL/Movement_RelativeRMS_mean.txt","506234","MNINonLinear//Results/tfMRI_GAMBLING_RL/Movement_RelativeRMS_mean.txt",".zp4PCC54vNbaWZtlT.pri7bJOZAcQn4"
"s3://hcp-openaccess/HCP_1200/506234/MNINonLinear/Results/tfMRI_GAMBLING_RL/PhaseOne_gdc_dc.nii.gz","506234","MNINonLinear//Results/tfMRI_GAMBLING_RL/PhaseOne_gdc_dc.nii.gz","vPFTCc5YOLkyNjhx9ZJrWQ1ZzUYh1JW9"
"s3://hcp-openaccess/HCP_1200/506234/MNINonLinear/Results/tfMRI_GAMBLING_RL/PhaseTwo_gdc_dc.nii.gz","506234","MNINonLinear//Results/tfMRI_GAMBLING_RL/PhaseTwo_gdc_dc.nii.gz","g1iK5AVfpgob4tkjrOHcHcy0cXFZ3biO"
"s3://hcp-openaccess/HCP_1200/506234/MNINonLinear/Results/tfMRI_GAMBLING_RL/RibbonVolumeToSurfaceMapping/goodvoxels.nii.gz","506234","MNINonLinear//Results/tfMRI_GAMBLING_RL/RibbonVolumeToSurfaceMapping/goodvoxels.nii.gz","q8op7sH5mue_5SifUZDQrhLxpibFk7cr"
"s3://hcp-openaccess/HCP_1200/506234/MNINonLinear/Results/tfMRI_GAMBLING_RL/SBRef_dc.nii.gz","506234","MNINonLinear//Results/tfMRI_GAMBLING_RL/SBRef_dc.nii.gz","4Aml5B8xLptckTWB_AIb8tDZIdhBEjTZ"
"s3://hcp-openaccess/HCP_1200/506234/MNINonLinear/Results/tfMRI_GAMBLING_RL/brainmask_fs.2.nii.gz","506234","MNINonLinear//Results/tfMRI_GAMBLING_RL/brainmask_fs.2.nii.gz","Gv9XDw9EEXapr12hq4nOFjUYAC5czNKL"
"s3://hcp-openaccess/HCP_1200/506234/MNINonLinear/Results/tfMRI_GAMBLING_RL/tfMRI_GAMBLING_RL.L.native.func.gii","506234","MNINonLinear//Results/tfMRI_GAMBLING_RL/tfMRI_GAMBLING_RL.L.native.func.gii","EIkqz7QOLc4d4tu85utLDSmlytuM1rri"
"s3://hcp-openaccess/HCP_1200/506234/MNINonLinear/Results/tfMRI_GAMBLING_RL/tfMRI_GAMBLING_RL.R.native.func.gii","506234","MNINonLinear//Results/tfMRI_GAMBLING_RL/tfMRI_GAMBLING_RL.R.native.func.gii","WxOESrZyqimCUHI6ED9rILh7hJPjPisI"
"s3://hcp-openaccess/HCP_1200/506234/MNINonLinear/Results/tfMRI_GAMBLING_RL/tfMRI_GAMBLING_RL.nii.gz","506234","MNINonLinear//Results/tfMRI_GAMBLING_RL/tfMRI_GAMBLING_RL.nii.gz","TNxkhXjbkux5ib96uKpXJHfrKpbEapUp"
"s3://hcp-openaccess/HCP_1200/506234/MNINonLinear/Results/tfMRI_GAMBLING_RL/tfMRI_GAMBLING_RL_Atlas.dtseries.nii","506234","MNINonLinear//Results/tfMRI_GAMBLING_RL/tfMRI_GAMBLING_RL_Atlas.dtseries.nii","e2zoEwZY2pIxrkbx90iUQbcuRiK4aV2I"
"s3://hcp-openaccess/HCP_1200/506234/MNINonLinear/Results/tfMRI_GAMBLING_RL/tfMRI_GAMBLING_RL_Atlas_MSMAll.dtseries.nii","506234","MNINonLinear//Results/tfMRI_GAMBLING_RL/tfMRI_GAMBLING_RL_Atlas_MSMAll.dtseries.nii","nvrOY3mqmt7V7OjKG1OuRC3Z7buPstac"
"s3://hcp-openaccess/HCP_1200/506234/MNINonLinear/Results/tfMRI_GAMBLING_RL/tfMRI_GAMBLING_RL_Jacobian.nii.gz","506234","MNINonLinear//Results/tfMRI_GAMBLING_RL/tfMRI_GAMBLING_RL_Jacobian.nii.gz","Fkk69qKoSopjW87zokGT00dBdYiYNKfj"
"s3://hcp-openaccess/HCP_1200/506234/MNINonLinear/Results/tfMRI_GAMBLING_RL/tfMRI_GAMBLING_RL_Physio_log.txt","506234","MNINonLinear//Results/tfMRI_GAMBLING_RL/tfMRI_GAMBLING_RL_Physio_log.txt","MHoodgkiOHaze3G6ysX302FJzDF55MBz"
"s3://hcp-openaccess/HCP_1200/506234/MNINonLinear/Results/tfMRI_GAMBLING_RL/tfMRI_GAMBLING_RL_SBRef.nii.gz","506234","MNINonLinear//Results/tfMRI_GAMBLING_RL/tfMRI_GAMBLING_RL_SBRef.nii.gz","weAXMrrEk5t2Z6PKf.cwzKDMSEr.4fa7"
"s3://hcp-openaccess/HCP_1200/506234/MNINonLinear/Results/tfMRI_GAMBLING_RL/tfMRI_GAMBLING_RL_hp200_s4_level1.fsf","506234","MNINonLinear//Results/tfMRI_GAMBLING_RL/tfMRI_GAMBLING_RL_hp200_s4_level1.fsf","yuxgc9s3kXjn4NmSkEytQoQrH9kv.m1k"
"s3://hcp-openaccess/HCP_1200/506234/MNINonLinear/Results/tfMRI_LANGUAGE/prepare_level2_feat_analysis.sh","506234","MNINonLinear//Results/tfMRI_LANGUAGE/prepare_level2_feat_analysis.sh","KDb02eltjjr_cgCuy20GSKenCHD4Gbph"
"s3://hcp-openaccess/HCP_1200/506234/MNINonLinear/Results/tfMRI_LANGUAGE/tfMRI_LANGUAGE_hp200_s12_level2.feat/506234_tfMRI_LANGUAGE_level2_hp200_s12.dscalar.nii","506234","MNINonLinear//Results/tfMRI_LANGUAGE/tfMRI_LANGUAGE_hp200_s12_level2.feat/506234_tfMRI_LANGUAGE_level2_hp200_s12.dscalar.nii","7BFZCzMMPwBsF8JGUHr_BIAI48X7mdcY"
"s3://hcp-openaccess/HCP_1200/506234/MNINonLinear/Results/tfMRI_LANGUAGE/tfMRI_LANGUAGE_hp200_s12_level2.feat/Contrasts.txt","506234","MNINonLinear//Results/tfMRI_LANGUAGE/tfMRI_LANGUAGE_hp200_s12_level2.feat/Contrasts.txt","fDigjn_M7ydF0YctIy3E2V2NUe_5vne9"
"s3://hcp-openaccess/HCP_1200/506234/MNINonLinear/Results/tfMRI_LANGUAGE/tfMRI_LANGUAGE_hp200_s12_level2.feat/GrayordinatesStats/cope1.feat/cope1.dtseries.nii","506234","MNINonLinear//Results/tfMRI_LANGUAGE/tfMRI_LANGUAGE_hp200_s12_level2.feat/GrayordinatesStats/cope1.feat/cope1.dtseries.nii","EAhOYPt6GchwOBT6pjZ_TTrHTWWPPelj"
"s3://hcp-openaccess/HCP_1200/506234/MNINonLinear/Results/tfMRI_LANGUAGE/tfMRI_LANGUAGE_hp200_s12_level2.feat/GrayordinatesStats/cope1.feat/logfile","506234","MNINonLinear//Results/tfMRI_LANGUAGE/tfMRI_LANGUAGE_hp200_s12_level2.feat/GrayordinatesStats/cope1.feat/logfile","57ZDap5vUeLDu2KlK5Nx20oGc0EDvy4Q"
"s3://hcp-openaccess/HCP_1200/506234/MNINonLinear/Results/tfMRI_LANGUAGE/tfMRI_LANGUAGE_hp200_s12_level2.feat/GrayordinatesStats/cope1.feat/mask.dtseries.nii","506234","MNINonLinear//Results/tfMRI_LANGUAGE/tfMRI_LANGUAGE_hp200_s12_level2.feat/GrayordinatesStats/cope1.feat/mask.dtseries.nii","zFctME3Bbz8Wg01skh9ujH.F6rmxqBBO"
"s3://hcp-openaccess/HCP_1200/506234/MNINonLinear/Results/tfMRI_LANGUAGE/tfMRI_LANGUAGE_hp200_s12_level2.feat/GrayordinatesStats/cope1.feat/mean_random_effects_var1.dtseries.nii","506234","MNINonLinear//Results/tfMRI_LANGUAGE/tfMRI_LANGUAGE_hp200_s12_level2.feat/GrayordinatesStats/cope1.feat/mean_random_effects_var1.dtseries.nii","Nb26xRQbTs6Dcg94bWDuZ.U7j9jMuCRN"
"s3://hcp-openaccess/HCP_1200/506234/MNINonLinear/Results/tfMRI_LANGUAGE/tfMRI_LANGUAGE_hp200_s12_level2.feat/GrayordinatesStats/cope1.feat/pe1.dtseries.nii","506234","MNINonLinear//Results/tfMRI_LANGUAGE/tfMRI_LANGUAGE_hp200_s12_level2.feat/GrayordinatesStats/cope1.feat/pe1.dtseries.nii","uunPaRX_RBoIizSUjNZ_EjBXZbCeglXq"
"s3://hcp-openaccess/HCP_1200/506234/MNINonLinear/Results/tfMRI_LANGUAGE/tfMRI_LANGUAGE_hp200_s12_level2.feat/GrayordinatesStats/cope1.feat/res4d.dtseries.nii","506234","MNINonLinear//Results/tfMRI_LANGUAGE/tfMRI_LANGUAGE_hp200_s12_level2.feat/GrayordinatesStats/cope1.feat/res4d.dtseries.nii","Op6MmfbJXx5fOyvX5Mup0Rf8ekMXqEJ4"
"s3://hcp-openaccess/HCP_1200/506234/MNINonLinear/Results/tfMRI_LANGUAGE/tfMRI_LANGUAGE_hp200_s12_level2.feat/GrayordinatesStats/cope1.feat/tdof_t1.dtseries.nii","506234","MNINonLinear//Results/tfMRI_LANGUAGE/tfMRI_LANGUAGE_hp200_s12_level2.feat/GrayordinatesStats/cope1.feat/tdof_t1.dtseries.nii","1sYtRJPfm.e6hXyJWzEnit4TWVnmwPdF"
"s3://hcp-openaccess/HCP_1200/506234/MNINonLinear/Results/tfMRI_LANGUAGE/tfMRI_LANGUAGE_hp200_s12_level2.feat/GrayordinatesStats/cope1.feat/tstat1.dtseries.nii","506234","MNINonLinear//Results/tfMRI_LANGUAGE/tfMRI_LANGUAGE_hp200_s12_level2.feat/GrayordinatesStats/cope1.feat/tstat1.dtseries.nii","s76flE4rZNtgZ2GLjfJS8qmEzOG_JSY3"
"s3://hcp-openaccess/HCP_1200/506234/MNINonLinear/Results/tfMRI_LANGUAGE/tfMRI_LANGUAGE_hp200_s12_level2.feat/GrayordinatesStats/cope1.feat/varcope1.dtseries.nii","506234","MNINonLinear//Results/tfMRI_LANGUAGE/tfMRI_LANGUAGE_hp200_s12_level2.feat/GrayordinatesStats/cope1.feat/varcope1.dtseries.nii","ruFxidfUeLQ47d6wNwvwsZtDWPY96j7o"
"s3://hcp-openaccess/HCP_1200/506234/MNINonLinear/Results/tfMRI_LANGUAGE/tfMRI_LANGUAGE_hp200_s12_level2.feat/GrayordinatesStats/cope1.feat/weights1.dtseries.nii","506234","MNINonLinear//Results/tfMRI_LANGUAGE/tfMRI_LANGUAGE_hp200_s12_level2.feat/GrayordinatesStats/cope1.feat/weights1.dtseries.nii","ufas3TcczUuUnuYEDyV6ezMXv_DJLaX5"
"s3://hcp-openaccess/HCP_1200/506234/MNINonLinear/Results/tfMRI_LANGUAGE/tfMRI_LANGUAGE_hp200_s12_level2.feat/GrayordinatesStats/cope1.feat/zflame1lowertstat1.dtseries.nii","506234","MNINonLinear//Results/tfMRI_LANGUAGE/tfMRI_LANGUAGE_hp200_s12_level2.feat/GrayordinatesStats/cope1.feat/zflame1lowertstat1.dtseries.nii","q_Iprf3nv0laa1R7R0nUSVRr5qAm25Vr"
"s3://hcp-openaccess/HCP_1200/506234/MNINonLinear/Results/tfMRI_LANGUAGE/tfMRI_LANGUAGE_hp200_s12_level2.feat/GrayordinatesStats/cope1.feat/zflame1uppertstat1.dtseries.nii","506234","MNINonLinear//Results/tfMRI_LANGUAGE/tfMRI_LANGUAGE_hp200_s12_level2.feat/GrayordinatesStats/cope1.feat/zflame1uppertstat1.dtseries.nii","8qZGAkNGixTJ.zCw4KJUzKlX8HOEYWw0"
"s3://hcp-openaccess/HCP_1200/506234/MNINonLinear/Results/tfMRI_LANGUAGE/tfMRI_LANGUAGE_hp200_s12_level2.feat/GrayordinatesStats/cope1.feat/zstat1.dtseries.nii","506234","MNINonLinear//Results/tfMRI_LANGUAGE/tfMRI_LANGUAGE_hp200_s12_level2.feat/GrayordinatesStats/cope1.feat/zstat1.dtseries.nii","yfp8fI5..Xgpl6tBaglNZ6EwMZyKrI2N"
"s3://hcp-openaccess/HCP_1200/506234/MNINonLinear/Results/tfMRI_LANGUAGE/tfMRI_LANGUAGE_hp200_s12_level2.feat/GrayordinatesStats/cope2.feat/cope1.dtseries.nii","506234","MNINonLinear//Results/tfMRI_LANGUAGE/tfMRI_LANGUAGE_hp200_s12_level2.feat/GrayordinatesStats/cope2.feat/cope1.dtseries.nii","tEG2QVhM77_SdEQNWk1iuHgEP8XL52.u"
"s3://hcp-openaccess/HCP_1200/506234/MNINonLinear/Results/tfMRI_LANGUAGE/tfMRI_LANGUAGE_hp200_s12_level2.feat/GrayordinatesStats/cope2.feat/logfile","506234","MNINonLinear//Results/tfMRI_LANGUAGE/tfMRI_LANGUAGE_hp200_s12_level2.feat/GrayordinatesStats/cope2.feat/logfile","38AAIpQxzZzCywp.314tvjriXjAPSiYC"
"s3://hcp-openaccess/HCP_1200/506234/MNINonLinear/Results/tfMRI_LANGUAGE/tfMRI_LANGUAGE_hp200_s12_level2.feat/GrayordinatesStats/cope2.feat/mask.dtseries.nii","506234","MNINonLinear//Results/tfMRI_LANGUAGE/tfMRI_LANGUAGE_hp200_s12_level2.feat/GrayordinatesStats/cope2.feat/mask.dtseries.nii","BhnLYFMfnMsd5E.0ohGCHNuooRlrNwZz"
"s3://hcp-openaccess/HCP_1200/506234/MNINonLinear/Results/tfMRI_LANGUAGE/tfMRI_LANGUAGE_hp200_s12_level2.feat/GrayordinatesStats/cope2.feat/mean_random_effects_var1.dtseries.nii","506234","MNINonLinear//Results/tfMRI_LANGUAGE/tfMRI_LANGUAGE_hp200_s12_level2.feat/GrayordinatesStats/cope2.feat/mean_random_effects_var1.dtseries.nii",".9B1UqD10qhm7Ya8l8aSVba7ZBZQRSju"
"s3://hcp-openaccess/HCP_1200/506234/MNINonLinear/Results/tfMRI_LANGUAGE/tfMRI_LANGUAGE_hp200_s12_level2.feat/GrayordinatesStats/cope2.feat/pe1.dtseries.nii","506234","MNINonLinear//Results/tfMRI_LANGUAGE/tfMRI_LANGUAGE_hp200_s12_level2.feat/GrayordinatesStats/cope2.feat/pe1.dtseries.nii","P1eITC0DBFouXJ317wdoRdujWppWJ0v9"
"s3://hcp-openaccess/HCP_1200/506234/MNINonLinear/Results/tfMRI_LANGUAGE/tfMRI_LANGUAGE_hp200_s12_level2.feat/GrayordinatesStats/cope2.feat/res4d.dtseries.nii","506234","MNINonLinear//Results/tfMRI_LANGUAGE/tfMRI_LANGUAGE_hp200_s12_level2.feat/GrayordinatesStats/cope2.feat/res4d.dtseries.nii","P498021z0UxYTxsExbosZdpWe7PI6B0I"
"s3://hcp-openaccess/HCP_1200/506234/MNINonLinear/Results/tfMRI_LANGUAGE/tfMRI_LANGUAGE_hp200_s12_level2.feat/GrayordinatesStats/cope2.feat/tdof_t1.dtseries.nii","506234","MNINonLinear//Results/tfMRI_LANGUAGE/tfMRI_LANGUAGE_hp200_s12_level2.feat/GrayordinatesStats/cope2.feat/tdof_t1.dtseries.nii","2hpxGBf7WiUogpZ22BGyvqStdx1zgj0q"
"s3://hcp-openaccess/HCP_1200/506234/MNINonLinear/Results/tfMRI_LANGUAGE/tfMRI_LANGUAGE_hp200_s12_level2.feat/GrayordinatesStats/cope2.feat/tstat1.dtseries.nii","506234","MNINonLinear//Results/tfMRI_LANGUAGE/tfMRI_LANGUAGE_hp200_s12_level2.feat/GrayordinatesStats/cope2.feat/tstat1.dtseries.nii","LkyAel9Vk7V_IEUPLsdy6cYt8ZbcEX3U"
"s3://hcp-openaccess/HCP_1200/506234/MNINonLinear/Results/tfMRI_LANGUAGE/tfMRI_LANGUAGE_hp200_s12_level2.feat/GrayordinatesStats/cope2.feat/varcope1.dtseries.nii","506234","MNINonLinear//Results/tfMRI_LANGUAGE/tfMRI_LANGUAGE_hp200_s12_level2.feat/GrayordinatesStats/cope2.feat/varcope1.dtseries.nii","tYb5gI5IpA4_3f5r8BCHu8exWUJ5PzkD"
"s3://hcp-openaccess/HCP_1200/506234/MNINonLinear/Results/tfMRI_LANGUAGE/tfMRI_LANGUAGE_hp200_s12_level2.feat/GrayordinatesStats/cope2.feat/weights1.dtseries.nii","506234","MNINonLinear//Results/tfMRI_LANGUAGE/tfMRI_LANGUAGE_hp200_s12_level2.feat/GrayordinatesStats/cope2.feat/weights1.dtseries.nii","sZFGa9jflcPK9J.0v226wcJzykGYEPfM"
"s3://hcp-openaccess/HCP_1200/506234/MNINonLinear/Results/tfMRI_LANGUAGE/tfMRI_LANGUAGE_hp200_s12_level2.feat/GrayordinatesStats/cope2.feat/zflame1lowertstat1.dtseries.nii","506234","MNINonLinear//Results/tfMRI_LANGUAGE/tfMRI_LANGUAGE_hp200_s12_level2.feat/GrayordinatesStats/cope2.feat/zflame1lowertstat1.dtseries.nii","7KgfOHFlRY20kkRWOfPt9mk78wxTCt0f"
"s3://hcp-openaccess/HCP_1200/506234/MNINonLinear/Results/tfMRI_LANGUAGE/tfMRI_LANGUAGE_hp200_s12_level2.feat/GrayordinatesStats/cope2.feat/zflame1uppertstat1.dtseries.nii","506234","MNINonLinear//Results/tfMRI_LANGUAGE/tfMRI_LANGUAGE_hp200_s12_level2.feat/GrayordinatesStats/cope2.feat/zflame1uppertstat1.dtseries.nii","XtlaQWRF3qIFV3B6EqIgnX7ieeFFlsby"
"s3://hcp-openaccess/HCP_1200/506234/MNINonLinear/Results/tfMRI_LANGUAGE/tfMRI_LANGUAGE_hp200_s12_level2.feat/GrayordinatesStats/cope2.feat/zstat1.dtseries.nii","506234","MNINonLinear//Results/tfMRI_LANGUAGE/tfMRI_LANGUAGE_hp200_s12_level2.feat/GrayordinatesStats/cope2.feat/zstat1.dtseries.nii","gqdTqGjkys7KXPJqtPzdAYv0WxL__pI1"
"s3://hcp-openaccess/HCP_1200/506234/MNINonLinear/Results/tfMRI_LANGUAGE/tfMRI_LANGUAGE_hp200_s12_level2.feat/GrayordinatesStats/cope3.feat/cope1.dtseries.nii","506234","MNINonLinear//Results/tfMRI_LANGUAGE/tfMRI_LANGUAGE_hp200_s12_level2.feat/GrayordinatesStats/cope3.feat/cope1.dtseries.nii","iY0WHfwqf64Z92KfOo60Td5nEeFkcb3p"
"s3://hcp-openaccess/HCP_1200/506234/MNINonLinear/Results/tfMRI_LANGUAGE/tfMRI_LANGUAGE_hp200_s12_level2.feat/GrayordinatesStats/cope3.feat/logfile","506234","MNINonLinear//Results/tfMRI_LANGUAGE/tfMRI_LANGUAGE_hp200_s12_level2.feat/GrayordinatesStats/cope3.feat/logfile","0rxGYlquBM5KsCLxIeMpafjV4baMAtBx"
"s3://hcp-openaccess/HCP_1200/506234/MNINonLinear/Results/tfMRI_LANGUAGE/tfMRI_LANGUAGE_hp200_s12_level2.feat/GrayordinatesStats/cope3.feat/mask.dtseries.nii","506234","MNINonLinear//Results/tfMRI_LANGUAGE/tfMRI_LANGUAGE_hp200_s12_level2.feat/GrayordinatesStats/cope3.feat/mask.dtseries.nii","JJxz2608uN2El5ckCNN6U9QdGQY30jpT"
"s3://hcp-openaccess/HCP_1200/506234/MNINonLinear/Results/tfMRI_LANGUAGE/tfMRI_LANGUAGE_hp200_s12_level2.feat/GrayordinatesStats/cope3.feat/mean_random_effects_var1.dtseries.nii","506234","MNINonLinear//Results/tfMRI_LANGUAGE/tfMRI_LANGUAGE_hp200_s12_level2.feat/GrayordinatesStats/cope3.feat/mean_random_effects_var1.dtseries.nii",".xKd_eqlpCysLskjoHdWfaLHPLCrmNae"
"s3://hcp-openaccess/HCP_1200/506234/MNINonLinear/Results/tfMRI_LANGUAGE/tfMRI_LANGUAGE_hp200_s12_level2.feat/GrayordinatesStats/cope3.feat/pe1.dtseries.nii","506234","MNINonLinear//Results/tfMRI_LANGUAGE/tfMRI_LANGUAGE_hp200_s12_level2.feat/GrayordinatesStats/cope3.feat/pe1.dtseries.nii",".qsocC1oBpEhqu7Sxxw2KIQJTAB2Q5nh"
"s3://hcp-openaccess/HCP_1200/506234/MNINonLinear/Results/tfMRI_LANGUAGE/tfMRI_LANGUAGE_hp200_s12_level2.feat/GrayordinatesStats/cope3.feat/res4d.dtseries.nii","506234","MNINonLinear//Results/tfMRI_LANGUAGE/tfMRI_LANGUAGE_hp200_s12_level2.feat/GrayordinatesStats/cope3.feat/res4d.dtseries.nii","6QrWbxpCHLK6SiPV29HXBXq3Ig3uEz04"
"s3://hcp-openaccess/HCP_1200/506234/MNINonLinear/Results/tfMRI_LANGUAGE/tfMRI_LANGUAGE_hp200_s12_level2.feat/GrayordinatesStats/cope3.feat/tdof_t1.dtseries.nii","506234","MNINonLinear//Results/tfMRI_LANGUAGE/tfMRI_LANGUAGE_hp200_s12_level2.feat/GrayordinatesStats/cope3.feat/tdof_t1.dtseries.nii","t_zz3IjasYMl0epW7R0VonLz6DV1dzXs"
"s3://hcp-openaccess/HCP_1200/506234/MNINonLinear/Results/tfMRI_LANGUAGE/tfMRI_LANGUAGE_hp200_s12_level2.feat/GrayordinatesStats/cope3.feat/tstat1.dtseries.nii","506234","MNINonLinear//Results/tfMRI_LANGUAGE/tfMRI_LANGUAGE_hp200_s12_level2.feat/GrayordinatesStats/cope3.feat/tstat1.dtseries.nii","69.cPPUPZjUnhF4hkIKaUMP3an_JAUeR"
"s3://hcp-openaccess/HCP_1200/506234/MNINonLinear/Results/tfMRI_LANGUAGE/tfMRI_LANGUAGE_hp200_s12_level2.feat/GrayordinatesStats/cope3.feat/varcope1.dtseries.nii","506234","MNINonLinear//Results/tfMRI_LANGUAGE/tfMRI_LANGUAGE_hp200_s12_level2.feat/GrayordinatesStats/cope3.feat/varcope1.dtseries.nii","nrWO28dCJ0rmHuaf_9i.X5yXg2Va.edn"
"s3://hcp-openaccess/HCP_1200/506234/MNINonLinear/Results/tfMRI_LANGUAGE/tfMRI_LANGUAGE_hp200_s12_level2.feat/GrayordinatesStats/cope3.feat/weights1.dtseries.nii","506234","MNINonLinear//Results/tfMRI_LANGUAGE/tfMRI_LANGUAGE_hp200_s12_level2.feat/GrayordinatesStats/cope3.feat/weights1.dtseries.nii","u7N0wayBY7nt6wkYGfxZgEMDJe02yM3q"
"s3://hcp-openaccess/HCP_1200/506234/MNINonLinear/Results/tfMRI_LANGUAGE/tfMRI_LANGUAGE_hp200_s12_level2.feat/GrayordinatesStats/cope3.feat/zflame1lowertstat1.dtseries.nii","506234","MNINonLinear//Results/tfMRI_LANGUAGE/tfMRI_LANGUAGE_hp200_s12_level2.feat/GrayordinatesStats/cope3.feat/zflame1lowertstat1.dtseries.nii","nSeHjAMsJgLCLvOUBVzjX4Upvgb6vmT5"
"s3://hcp-openaccess/HCP_1200/506234/MNINonLinear/Results/tfMRI_LANGUAGE/tfMRI_LANGUAGE_hp200_s12_level2.feat/GrayordinatesStats/cope3.feat/zflame1uppertstat1.dtseries.nii","506234","MNINonLinear//Results/tfMRI_LANGUAGE/tfMRI_LANGUAGE_hp200_s12_level2.feat/GrayordinatesStats/cope3.feat/zflame1uppertstat1.dtseries.nii","DyEvJVJrVyYkbfi.ZuYDoereLdoA.Lh6"
"s3://hcp-openaccess/HCP_1200/506234/MNINonLinear/Results/tfMRI_LANGUAGE/tfMRI_LANGUAGE_hp200_s12_level2.feat/GrayordinatesStats/cope3.feat/zstat1.dtseries.nii","506234","MNINonLinear//Results/tfMRI_LANGUAGE/tfMRI_LANGUAGE_hp200_s12_level2.feat/GrayordinatesStats/cope3.feat/zstat1.dtseries.nii","8QpizGQQVrXsufJL0ARFlkydKAcUl.dQ"
"s3://hcp-openaccess/HCP_1200/506234/MNINonLinear/Results/tfMRI_LANGUAGE/tfMRI_LANGUAGE_hp200_s12_level2.feat/GrayordinatesStats/cope4.feat/cope1.dtseries.nii","506234","MNINonLinear//Results/tfMRI_LANGUAGE/tfMRI_LANGUAGE_hp200_s12_level2.feat/GrayordinatesStats/cope4.feat/cope1.dtseries.nii","V24sCVa_xYynYQMY3TX8Rc8yYsiwRnjR"
"s3://hcp-openaccess/HCP_1200/506234/MNINonLinear/Results/tfMRI_LANGUAGE/tfMRI_LANGUAGE_hp200_s12_level2.feat/GrayordinatesStats/cope4.feat/logfile","506234","MNINonLinear//Results/tfMRI_LANGUAGE/tfMRI_LANGUAGE_hp200_s12_level2.feat/GrayordinatesStats/cope4.feat/logfile","ZEUwtf.Ztix.Yy5rEDdGXMThCDR9nhA1"
"s3://hcp-openaccess/HCP_1200/506234/MNINonLinear/Results/tfMRI_LANGUAGE/tfMRI_LANGUAGE_hp200_s12_level2.feat/GrayordinatesStats/cope4.feat/mask.dtseries.nii","506234","MNINonLinear//Results/tfMRI_LANGUAGE/tfMRI_LANGUAGE_hp200_s12_level2.feat/GrayordinatesStats/cope4.feat/mask.dtseries.nii","fLtch7Oo..JhJPyZkGP2n4nYySPXitqJ"
"s3://hcp-openaccess/HCP_1200/506234/MNINonLinear/Results/tfMRI_LANGUAGE/tfMRI_LANGUAGE_hp200_s12_level2.feat/GrayordinatesStats/cope4.feat/mean_random_effects_var1.dtseries.nii","506234","MNINonLinear//Results/tfMRI_LANGUAGE/tfMRI_LANGUAGE_hp200_s12_level2.feat/GrayordinatesStats/cope4.feat/mean_random_effects_var1.dtseries.nii","aV.80FsXb9Y_Fv8eAlQbdKIuKDxZ8_Gy"
"s3://hcp-openaccess/HCP_1200/506234/MNINonLinear/Results/tfMRI_LANGUAGE/tfMRI_LANGUAGE_hp200_s12_level2.feat/GrayordinatesStats/cope4.feat/pe1.dtseries.nii","506234","MNINonLinear//Results/tfMRI_LANGUAGE/tfMRI_LANGUAGE_hp200_s12_level2.feat/GrayordinatesStats/cope4.feat/pe1.dtseries.nii","td37opZzLveka1xIquVq9gGqcYG3VW8w"
"s3://hcp-openaccess/HCP_1200/506234/MNINonLinear/Results/tfMRI_LANGUAGE/tfMRI_LANGUAGE_hp200_s12_level2.feat/GrayordinatesStats/cope4.feat/res4d.dtseries.nii","506234","MNINonLinear//Results/tfMRI_LANGUAGE/tfMRI_LANGUAGE_hp200_s12_level2.feat/GrayordinatesStats/cope4.feat/res4d.dtseries.nii","ssp1FHV.VvVymxpXt5NCQvC21KjPJMGZ"
"s3://hcp-openaccess/HCP_1200/506234/MNINonLinear/Results/tfMRI_LANGUAGE/tfMRI_LANGUAGE_hp200_s12_level2.feat/GrayordinatesStats/cope4.feat/tdof_t1.dtseries.nii","506234","MNINonLinear//Results/tfMRI_LANGUAGE/tfMRI_LANGUAGE_hp200_s12_level2.feat/GrayordinatesStats/cope4.feat/tdof_t1.dtseries.nii","o2ilWOSpKtmHq.d0_sbQ3vqlHwtZJfW4"
"s3://hcp-openaccess/HCP_1200/506234/MNINonLinear/Results/tfMRI_LANGUAGE/tfMRI_LANGUAGE_hp200_s12_level2.feat/GrayordinatesStats/cope4.feat/tstat1.dtseries.nii","506234","MNINonLinear//Results/tfMRI_LANGUAGE/tfMRI_LANGUAGE_hp200_s12_level2.feat/GrayordinatesStats/cope4.feat/tstat1.dtseries.nii","N9Yfa_dWTuc1E3uaRpF.UltVzQeDHaEE"
"s3://hcp-openaccess/HCP_1200/506234/MNINonLinear/Results/tfMRI_LANGUAGE/tfMRI_LANGUAGE_hp200_s12_level2.feat/GrayordinatesStats/cope4.feat/varcope1.dtseries.nii","506234","MNINonLinear//Results/tfMRI_LANGUAGE/tfMRI_LANGUAGE_hp200_s12_level2.feat/GrayordinatesStats/cope4.feat/varcope1.dtseries.nii","Vr0A2kWB1X481fELYIK8MZpkFWshr7yo"
"s3://hcp-openaccess/HCP_1200/506234/MNINonLinear/Results/tfMRI_LANGUAGE/tfMRI_LANGUAGE_hp200_s12_level2.feat/GrayordinatesStats/cope4.feat/weights1.dtseries.nii","506234","MNINonLinear//Results/tfMRI_LANGUAGE/tfMRI_LANGUAGE_hp200_s12_level2.feat/GrayordinatesStats/cope4.feat/weights1.dtseries.nii",".WS.k_cCq3sWA5Tk7xHR9sq99.oBPh1c"
"s3://hcp-openaccess/HCP_1200/506234/MNINonLinear/Results/tfMRI_LANGUAGE/tfMRI_LANGUAGE_hp200_s12_level2.feat/GrayordinatesStats/cope4.feat/zflame1lowertstat1.dtseries.nii","506234","MNINonLinear//Results/tfMRI_LANGUAGE/tfMRI_LANGUAGE_hp200_s12_level2.feat/GrayordinatesStats/cope4.feat/zflame1lowertstat1.dtseries.nii","HN_rkGfcQr5WyehDYh6vjC_b6TrXEyQy"
"s3://hcp-openaccess/HCP_1200/506234/MNINonLinear/Results/tfMRI_LANGUAGE/tfMRI_LANGUAGE_hp200_s12_level2.feat/GrayordinatesStats/cope4.feat/zflame1uppertstat1.dtseries.nii","506234","MNINonLinear//Results/tfMRI_LANGUAGE/tfMRI_LANGUAGE_hp200_s12_level2.feat/GrayordinatesStats/cope4.feat/zflame1uppertstat1.dtseries.nii","3rr.N5meTlQMBxe1MlGjsCEVPTybtyvB"
"s3://hcp-openaccess/HCP_1200/506234/MNINonLinear/Results/tfMRI_LANGUAGE/tfMRI_LANGUAGE_hp200_s12_level2.feat/GrayordinatesStats/cope4.feat/zstat1.dtseries.nii","506234","MNINonLinear//Results/tfMRI_LANGUAGE/tfMRI_LANGUAGE_hp200_s12_level2.feat/GrayordinatesStats/cope4.feat/zstat1.dtseries.nii","gCOY8XbcZfN.UK4t4CYMMfgILhgLDjWF"
"s3://hcp-openaccess/HCP_1200/506234/MNINonLinear/Results/tfMRI_LANGUAGE/tfMRI_LANGUAGE_hp200_s12_level2.feat/GrayordinatesStats/cope5.feat/cope1.dtseries.nii","506234","MNINonLinear//Results/tfMRI_LANGUAGE/tfMRI_LANGUAGE_hp200_s12_level2.feat/GrayordinatesStats/cope5.feat/cope1.dtseries.nii","YV.Ig66a9l1qF5VYkkFLArkW6upxuSc5"
"s3://hcp-openaccess/HCP_1200/506234/MNINonLinear/Results/tfMRI_LANGUAGE/tfMRI_LANGUAGE_hp200_s12_level2.feat/GrayordinatesStats/cope5.feat/logfile","506234","MNINonLinear//Results/tfMRI_LANGUAGE/tfMRI_LANGUAGE_hp200_s12_level2.feat/GrayordinatesStats/cope5.feat/logfile","kd.pFdlSpcfmYPtYiNBNN_MvBdxZZzMQ"
"s3://hcp-openaccess/HCP_1200/506234/MNINonLinear/Results/tfMRI_LANGUAGE/tfMRI_LANGUAGE_hp200_s12_level2.feat/GrayordinatesStats/cope5.feat/mask.dtseries.nii","506234","MNINonLinear//Results/tfMRI_LANGUAGE/tfMRI_LANGUAGE_hp200_s12_level2.feat/GrayordinatesStats/cope5.feat/mask.dtseries.nii","7p7iCjQDf3xGZqvwReGqjJzwQ1pH8VBW"
"s3://hcp-openaccess/HCP_1200/506234/MNINonLinear/Results/tfMRI_LANGUAGE/tfMRI_LANGUAGE_hp200_s12_level2.feat/GrayordinatesStats/cope5.feat/mean_random_effects_var1.dtseries.nii","506234","MNINonLinear//Results/tfMRI_LANGUAGE/tfMRI_LANGUAGE_hp200_s12_level2.feat/GrayordinatesStats/cope5.feat/mean_random_effects_var1.dtseries.nii","boKuqvoBt_Cs2SUiJrBUtLrHpNv9xy7L"
"s3://hcp-openaccess/HCP_1200/506234/MNINonLinear/Results/tfMRI_LANGUAGE/tfMRI_LANGUAGE_hp200_s12_level2.feat/GrayordinatesStats/cope5.feat/pe1.dtseries.nii","506234","MNINonLinear//Results/tfMRI_LANGUAGE/tfMRI_LANGUAGE_hp200_s12_level2.feat/GrayordinatesStats/cope5.feat/pe1.dtseries.nii","7g2os9caAie_3PE37.XeUMNZi9NgnutV"
"s3://hcp-openaccess/HCP_1200/506234/MNINonLinear/Results/tfMRI_LANGUAGE/tfMRI_LANGUAGE_hp200_s12_level2.feat/GrayordinatesStats/cope5.feat/res4d.dtseries.nii","506234","MNINonLinear//Results/tfMRI_LANGUAGE/tfMRI_LANGUAGE_hp200_s12_level2.feat/GrayordinatesStats/cope5.feat/res4d.dtseries.nii","MJTN413KbJrCaee8u9nkO_UUnSFa1pRZ"
"s3://hcp-openaccess/HCP_1200/506234/MNINonLinear/Results/tfMRI_LANGUAGE/tfMRI_LANGUAGE_hp200_s12_level2.feat/GrayordinatesStats/cope5.feat/tdof_t1.dtseries.nii","506234","MNINonLinear//Results/tfMRI_LANGUAGE/tfMRI_LANGUAGE_hp200_s12_level2.feat/GrayordinatesStats/cope5.feat/tdof_t1.dtseries.nii","1nd03q5iL4XwAKWiiLlDOsyP.1MYEwT6"
"s3://hcp-openaccess/HCP_1200/506234/MNINonLinear/Results/tfMRI_LANGUAGE/tfMRI_LANGUAGE_hp200_s12_level2.feat/GrayordinatesStats/cope5.feat/tstat1.dtseries.nii","506234","MNINonLinear//Results/tfMRI_LANGUAGE/tfMRI_LANGUAGE_hp200_s12_level2.feat/GrayordinatesStats/cope5.feat/tstat1.dtseries.nii","NjTxEX8pHICilUPzFiQV5hJo8FzmMotD"
"s3://hcp-openaccess/HCP_1200/506234/MNINonLinear/Results/tfMRI_LANGUAGE/tfMRI_LANGUAGE_hp200_s12_level2.feat/GrayordinatesStats/cope5.feat/varcope1.dtseries.nii","506234","MNINonLinear//Results/tfMRI_LANGUAGE/tfMRI_LANGUAGE_hp200_s12_level2.feat/GrayordinatesStats/cope5.feat/varcope1.dtseries.nii","mT2Jvd98uBcCDJOwi2F8KaPvo43UNlqz"
"s3://hcp-openaccess/HCP_1200/506234/MNINonLinear/Results/tfMRI_LANGUAGE/tfMRI_LANGUAGE_hp200_s12_level2.feat/GrayordinatesStats/cope5.feat/weights1.dtseries.nii","506234","MNINonLinear//Results/tfMRI_LANGUAGE/tfMRI_LANGUAGE_hp200_s12_level2.feat/GrayordinatesStats/cope5.feat/weights1.dtseries.nii","maS_R3DqgIDA9V5wmV5yEfFuxna_G80Q"
"s3://hcp-openaccess/HCP_1200/506234/MNINonLinear/Results/tfMRI_LANGUAGE/tfMRI_LANGUAGE_hp200_s12_level2.feat/GrayordinatesStats/cope5.feat/zflame1lowertstat1.dtseries.nii","506234","MNINonLinear//Results/tfMRI_LANGUAGE/tfMRI_LANGUAGE_hp200_s12_level2.feat/GrayordinatesStats/cope5.feat/zflame1lowertstat1.dtseries.nii","92vVH5f54y5tp4Ha6FXCFbRXgAZL93S0"
"s3://hcp-openaccess/HCP_1200/506234/MNINonLinear/Results/tfMRI_LANGUAGE/tfMRI_LANGUAGE_hp200_s12_level2.feat/GrayordinatesStats/cope5.feat/zflame1uppertstat1.dtseries.nii","506234","MNINonLinear//Results/tfMRI_LANGUAGE/tfMRI_LANGUAGE_hp200_s12_level2.feat/GrayordinatesStats/cope5.feat/zflame1uppertstat1.dtseries.nii","I4w.8Uyk_ouNkVv0vmFm5Fo9WmB0SEaB"
"s3://hcp-openaccess/HCP_1200/506234/MNINonLinear/Results/tfMRI_LANGUAGE/tfMRI_LANGUAGE_hp200_s12_level2.feat/GrayordinatesStats/cope5.feat/zstat1.dtseries.nii","506234","MNINonLinear//Results/tfMRI_LANGUAGE/tfMRI_LANGUAGE_hp200_s12_level2.feat/GrayordinatesStats/cope5.feat/zstat1.dtseries.nii","h4Vo2DmTnNGybrjMeASBEMsMaLOAFIUS"
"s3://hcp-openaccess/HCP_1200/506234/MNINonLinear/Results/tfMRI_LANGUAGE/tfMRI_LANGUAGE_hp200_s12_level2.feat/GrayordinatesStats/cope6.feat/cope1.dtseries.nii","506234","MNINonLinear//Results/tfMRI_LANGUAGE/tfMRI_LANGUAGE_hp200_s12_level2.feat/GrayordinatesStats/cope6.feat/cope1.dtseries.nii","Y61LyTF9slhkQ4M4dJsdWmmMHmF0O.m5"
"s3://hcp-openaccess/HCP_1200/506234/MNINonLinear/Results/tfMRI_LANGUAGE/tfMRI_LANGUAGE_hp200_s12_level2.feat/GrayordinatesStats/cope6.feat/logfile","506234","MNINonLinear//Results/tfMRI_LANGUAGE/tfMRI_LANGUAGE_hp200_s12_level2.feat/GrayordinatesStats/cope6.feat/logfile","Tw3sZ3HJ6FNBOQyAO.g7s6wDOu6GdJUG"
"s3://hcp-openaccess/HCP_1200/506234/MNINonLinear/Results/tfMRI_LANGUAGE/tfMRI_LANGUAGE_hp200_s12_level2.feat/GrayordinatesStats/cope6.feat/mask.dtseries.nii","506234","MNINonLinear//Results/tfMRI_LANGUAGE/tfMRI_LANGUAGE_hp200_s12_level2.feat/GrayordinatesStats/cope6.feat/mask.dtseries.nii","pS7zVSkZIgIeX2QHlncV8MPDh6gLPrFE"
"s3://hcp-openaccess/HCP_1200/506234/MNINonLinear/Results/tfMRI_LANGUAGE/tfMRI_LANGUAGE_hp200_s12_level2.feat/GrayordinatesStats/cope6.feat/mean_random_effects_var1.dtseries.nii","506234","MNINonLinear//Results/tfMRI_LANGUAGE/tfMRI_LANGUAGE_hp200_s12_level2.feat/GrayordinatesStats/cope6.feat/mean_random_effects_var1.dtseries.nii","8e2hPPk.tOo.yUNElRzOkMRx4t_KtGfo"
"s3://hcp-openaccess/HCP_1200/506234/MNINonLinear/Results/tfMRI_LANGUAGE/tfMRI_LANGUAGE_hp200_s12_level2.feat/GrayordinatesStats/cope6.feat/pe1.dtseries.nii","506234","MNINonLinear//Results/tfMRI_LANGUAGE/tfMRI_LANGUAGE_hp200_s12_level2.feat/GrayordinatesStats/cope6.feat/pe1.dtseries.nii","iVMwPKhErcghnt7AZFbqXaMEGxnPxYGd"
"s3://hcp-openaccess/HCP_1200/506234/MNINonLinear/Results/tfMRI_LANGUAGE/tfMRI_LANGUAGE_hp200_s12_level2.feat/GrayordinatesStats/cope6.feat/res4d.dtseries.nii","506234","MNINonLinear//Results/tfMRI_LANGUAGE/tfMRI_LANGUAGE_hp200_s12_level2.feat/GrayordinatesStats/cope6.feat/res4d.dtseries.nii","lc2iocUuyVjES3xnZtBozeHFSTucWcu."
"s3://hcp-openaccess/HCP_1200/506234/MNINonLinear/Results/tfMRI_LANGUAGE/tfMRI_LANGUAGE_hp200_s12_level2.feat/GrayordinatesStats/cope6.feat/tdof_t1.dtseries.nii","506234","MNINonLinear//Results/tfMRI_LANGUAGE/tfMRI_LANGUAGE_hp200_s12_level2.feat/GrayordinatesStats/cope6.feat/tdof_t1.dtseries.nii","1NTUTGQeW_Ky_msdzcwdLIrmG.BEPfwG"
"s3://hcp-openaccess/HCP_1200/506234/MNINonLinear/Results/tfMRI_LANGUAGE/tfMRI_LANGUAGE_hp200_s12_level2.feat/GrayordinatesStats/cope6.feat/tstat1.dtseries.nii","506234","MNINonLinear//Results/tfMRI_LANGUAGE/tfMRI_LANGUAGE_hp200_s12_level2.feat/GrayordinatesStats/cope6.feat/tstat1.dtseries.nii","BeAYLneB8CrnNuISZF6JJR46yJQDTMSS"
"s3://hcp-openaccess/HCP_1200/506234/MNINonLinear/Results/tfMRI_LANGUAGE/tfMRI_LANGUAGE_hp200_s12_level2.feat/GrayordinatesStats/cope6.feat/varcope1.dtseries.nii","506234","MNINonLinear//Results/tfMRI_LANGUAGE/tfMRI_LANGUAGE_hp200_s12_level2.feat/GrayordinatesStats/cope6.feat/varcope1.dtseries.nii","je5qyykINXOF7WeWnxUVP.v2o3YNNmtJ"
"s3://hcp-openaccess/HCP_1200/506234/MNINonLinear/Results/tfMRI_LANGUAGE/tfMRI_LANGUAGE_hp200_s12_level2.feat/GrayordinatesStats/cope6.feat/weights1.dtseries.nii","506234","MNINonLinear//Results/tfMRI_LANGUAGE/tfMRI_LANGUAGE_hp200_s12_level2.feat/GrayordinatesStats/cope6.feat/weights1.dtseries.nii","o_M6c0exR8D9GEu38EC9U8TqgkZVg9nx"
"s3://hcp-openaccess/HCP_1200/506234/MNINonLinear/Results/tfMRI_LANGUAGE/tfMRI_LANGUAGE_hp200_s12_level2.feat/GrayordinatesStats/cope6.feat/zflame1lowertstat1.dtseries.nii","506234","MNINonLinear//Results/tfMRI_LANGUAGE/tfMRI_LANGUAGE_hp200_s12_level2.feat/GrayordinatesStats/cope6.feat/zflame1lowertstat1.dtseries.nii","NL8Z5c1qh0saeGqb_fcJZ9mbTb_BW.FI"
"s3://hcp-openaccess/HCP_1200/506234/MNINonLinear/Results/tfMRI_LANGUAGE/tfMRI_LANGUAGE_hp200_s12_level2.feat/GrayordinatesStats/cope6.feat/zflame1uppertstat1.dtseries.nii","506234","MNINonLinear//Results/tfMRI_LANGUAGE/tfMRI_LANGUAGE_hp200_s12_level2.feat/GrayordinatesStats/cope6.feat/zflame1uppertstat1.dtseries.nii",".gyGeWXVTkjh8aRyiFFIHYPVnJNhY0Vj"
"s3://hcp-openaccess/HCP_1200/506234/MNINonLinear/Results/tfMRI_LANGUAGE/tfMRI_LANGUAGE_hp200_s12_level2.feat/GrayordinatesStats/cope6.feat/zstat1.dtseries.nii","506234","MNINonLinear//Results/tfMRI_LANGUAGE/tfMRI_LANGUAGE_hp200_s12_level2.feat/GrayordinatesStats/cope6.feat/zstat1.dtseries.nii","F6nSP2K.ttcKd7iQvPtHb5lTVAVVwNyr"
"s3://hcp-openaccess/HCP_1200/506234/MNINonLinear/Results/tfMRI_LANGUAGE/tfMRI_LANGUAGE_hp200_s12_level2.feat/design.con","506234","MNINonLinear//Results/tfMRI_LANGUAGE/tfMRI_LANGUAGE_hp200_s12_level2.feat/design.con","xYjEkr.7uRUg7oZT0_Qrv1xxholvO9Al"
"s3://hcp-openaccess/HCP_1200/506234/MNINonLinear/Results/tfMRI_LANGUAGE/tfMRI_LANGUAGE_hp200_s12_level2.feat/design.fsf","506234","MNINonLinear//Results/tfMRI_LANGUAGE/tfMRI_LANGUAGE_hp200_s12_level2.feat/design.fsf","vROvmECofKzZQY_5eGyPbW.VLfC42ahB"
"s3://hcp-openaccess/HCP_1200/506234/MNINonLinear/Results/tfMRI_LANGUAGE/tfMRI_LANGUAGE_hp200_s12_level2.feat/design.grp","506234","MNINonLinear//Results/tfMRI_LANGUAGE/tfMRI_LANGUAGE_hp200_s12_level2.feat/design.grp","OVi8KnV79n6UhWZJD88pnWd.waTfJXee"
"s3://hcp-openaccess/HCP_1200/506234/MNINonLinear/Results/tfMRI_LANGUAGE/tfMRI_LANGUAGE_hp200_s12_level2.feat/design.mat","506234","MNINonLinear//Results/tfMRI_LANGUAGE/tfMRI_LANGUAGE_hp200_s12_level2.feat/design.mat","GCnvIX1TKuxn4NqWlCpq8KGBOv0.mVwK"
"s3://hcp-openaccess/HCP_1200/506234/MNINonLinear/Results/tfMRI_LANGUAGE/tfMRI_LANGUAGE_hp200_s12_level2.feat/design.png","506234","MNINonLinear//Results/tfMRI_LANGUAGE/tfMRI_LANGUAGE_hp200_s12_level2.feat/design.png","bwPlFjG_suGa5LiywSbav4ReJP2hKh8x"
"s3://hcp-openaccess/HCP_1200/506234/MNINonLinear/Results/tfMRI_LANGUAGE/tfMRI_LANGUAGE_hp200_s12_level2.feat/design.ppm","506234","MNINonLinear//Results/tfMRI_LANGUAGE/tfMRI_LANGUAGE_hp200_s12_level2.feat/design.ppm","50kpimPrMvVYIh7kbgEmxoB_90wxkBtL"
"s3://hcp-openaccess/HCP_1200/506234/MNINonLinear/Results/tfMRI_LANGUAGE/tfMRI_LANGUAGE_hp200_s12_level2.feat/design_cov.png","506234","MNINonLinear//Results/tfMRI_LANGUAGE/tfMRI_LANGUAGE_hp200_s12_level2.feat/design_cov.png","eQGjjiQ6Pj1NvTxV0WlBxOnco98cDzEe"
"s3://hcp-openaccess/HCP_1200/506234/MNINonLinear/Results/tfMRI_LANGUAGE/tfMRI_LANGUAGE_hp200_s12_level2.feat/design_cov.ppm","506234","MNINonLinear//Results/tfMRI_LANGUAGE/tfMRI_LANGUAGE_hp200_s12_level2.feat/design_cov.ppm","vS4Od_DU8orWfXfBR514jca2RXZxz.T1"
"s3://hcp-openaccess/HCP_1200/506234/MNINonLinear/Results/tfMRI_LANGUAGE/tfMRI_LANGUAGE_hp200_s2_level2.feat/506234_tfMRI_LANGUAGE_level2_hp200_s2.dscalar.nii","506234","MNINonLinear//Results/tfMRI_LANGUAGE/tfMRI_LANGUAGE_hp200_s2_level2.feat/506234_tfMRI_LANGUAGE_level2_hp200_s2.dscalar.nii","TX9DjgP3FxpPo.yuV2CcZ4dUL51_Z6I6"
"s3://hcp-openaccess/HCP_1200/506234/MNINonLinear/Results/tfMRI_LANGUAGE/tfMRI_LANGUAGE_hp200_s2_level2.feat/Contrasts.txt","506234","MNINonLinear//Results/tfMRI_LANGUAGE/tfMRI_LANGUAGE_hp200_s2_level2.feat/Contrasts.txt","dMYFcWfqKHfglcm8FIa6Kv3r08W3Kqxk"
"s3://hcp-openaccess/HCP_1200/506234/MNINonLinear/Results/tfMRI_LANGUAGE/tfMRI_LANGUAGE_hp200_s2_level2.feat/GrayordinatesStats/cope1.feat/cope1.dtseries.nii","506234","MNINonLinear//Results/tfMRI_LANGUAGE/tfMRI_LANGUAGE_hp200_s2_level2.feat/GrayordinatesStats/cope1.feat/cope1.dtseries.nii","XtkW1EjwAix4HAebdApq6a2f6_7LImhd"
"s3://hcp-openaccess/HCP_1200/506234/MNINonLinear/Results/tfMRI_LANGUAGE/tfMRI_LANGUAGE_hp200_s2_level2.feat/GrayordinatesStats/cope1.feat/logfile","506234","MNINonLinear//Results/tfMRI_LANGUAGE/tfMRI_LANGUAGE_hp200_s2_level2.feat/GrayordinatesStats/cope1.feat/logfile","o0F4UHNwvhzlj6wXayrotQagydOfwMfq"
"s3://hcp-openaccess/HCP_1200/506234/MNINonLinear/Results/tfMRI_LANGUAGE/tfMRI_LANGUAGE_hp200_s2_level2.feat/GrayordinatesStats/cope1.feat/mask.dtseries.nii","506234","MNINonLinear//Results/tfMRI_LANGUAGE/tfMRI_LANGUAGE_hp200_s2_level2.feat/GrayordinatesStats/cope1.feat/mask.dtseries.nii","_e_QboLOMNmI_INh._VKUfLz59DhGp9c"
"s3://hcp-openaccess/HCP_1200/506234/MNINonLinear/Results/tfMRI_LANGUAGE/tfMRI_LANGUAGE_hp200_s2_level2.feat/GrayordinatesStats/cope1.feat/mean_random_effects_var1.dtseries.nii","506234","MNINonLinear//Results/tfMRI_LANGUAGE/tfMRI_LANGUAGE_hp200_s2_level2.feat/GrayordinatesStats/cope1.feat/mean_random_effects_var1.dtseries.nii","bV_FbkY.4AgPvPkgjdYj4dUQTqMPokWU"
"s3://hcp-openaccess/HCP_1200/506234/MNINonLinear/Results/tfMRI_LANGUAGE/tfMRI_LANGUAGE_hp200_s2_level2.feat/GrayordinatesStats/cope1.feat/pe1.dtseries.nii","506234","MNINonLinear//Results/tfMRI_LANGUAGE/tfMRI_LANGUAGE_hp200_s2_level2.feat/GrayordinatesStats/cope1.feat/pe1.dtseries.nii","4ZctmS0Vg7c_GcbUl88OtYoh7QVdmGRH"
"s3://hcp-openaccess/HCP_1200/506234/MNINonLinear/Results/tfMRI_LANGUAGE/tfMRI_LANGUAGE_hp200_s2_level2.feat/GrayordinatesStats/cope1.feat/res4d.dtseries.nii","506234","MNINonLinear//Results/tfMRI_LANGUAGE/tfMRI_LANGUAGE_hp200_s2_level2.feat/GrayordinatesStats/cope1.feat/res4d.dtseries.nii","bB4zJv8z8frI.YIglJ5SP28XpYGQKbo0"
"s3://hcp-openaccess/HCP_1200/506234/MNINonLinear/Results/tfMRI_LANGUAGE/tfMRI_LANGUAGE_hp200_s2_level2.feat/GrayordinatesStats/cope1.feat/tdof_t1.dtseries.nii","506234","MNINonLinear//Results/tfMRI_LANGUAGE/tfMRI_LANGUAGE_hp200_s2_level2.feat/GrayordinatesStats/cope1.feat/tdof_t1.dtseries.nii","uwU7iIIeSy1jyq_gF1MMY6gq8tl9vGby"
"s3://hcp-openaccess/HCP_1200/506234/MNINonLinear/Results/tfMRI_LANGUAGE/tfMRI_LANGUAGE_hp200_s2_level2.feat/GrayordinatesStats/cope1.feat/tstat1.dtseries.nii","506234","MNINonLinear//Results/tfMRI_LANGUAGE/tfMRI_LANGUAGE_hp200_s2_level2.feat/GrayordinatesStats/cope1.feat/tstat1.dtseries.nii","kT0sK0i2aMTGeZWn8QX6mF6VWnEI2yhs"
"s3://hcp-openaccess/HCP_1200/506234/MNINonLinear/Results/tfMRI_LANGUAGE/tfMRI_LANGUAGE_hp200_s2_level2.feat/GrayordinatesStats/cope1.feat/varcope1.dtseries.nii","506234","MNINonLinear//Results/tfMRI_LANGUAGE/tfMRI_LANGUAGE_hp200_s2_level2.feat/GrayordinatesStats/cope1.feat/varcope1.dtseries.nii","Qw6gfBPZDv4975eOT8sFpPgqWVCJv7Ac"
"s3://hcp-openaccess/HCP_1200/506234/MNINonLinear/Results/tfMRI_LANGUAGE/tfMRI_LANGUAGE_hp200_s2_level2.feat/GrayordinatesStats/cope1.feat/weights1.dtseries.nii","506234","MNINonLinear//Results/tfMRI_LANGUAGE/tfMRI_LANGUAGE_hp200_s2_level2.feat/GrayordinatesStats/cope1.feat/weights1.dtseries.nii","imtvCGGZwGEZYbiafwOX3AbkZbn7OFqX"
"s3://hcp-openaccess/HCP_1200/506234/MNINonLinear/Results/tfMRI_LANGUAGE/tfMRI_LANGUAGE_hp200_s2_level2.feat/GrayordinatesStats/cope1.feat/zflame1lowertstat1.dtseries.nii","506234","MNINonLinear//Results/tfMRI_LANGUAGE/tfMRI_LANGUAGE_hp200_s2_level2.feat/GrayordinatesStats/cope1.feat/zflame1lowertstat1.dtseries.nii","u5RrZD8.YeO9oPaTBZwaXwnsOLToboWh"
"s3://hcp-openaccess/HCP_1200/506234/MNINonLinear/Results/tfMRI_LANGUAGE/tfMRI_LANGUAGE_hp200_s2_level2.feat/GrayordinatesStats/cope1.feat/zflame1uppertstat1.dtseries.nii","506234","MNINonLinear//Results/tfMRI_LANGUAGE/tfMRI_LANGUAGE_hp200_s2_level2.feat/GrayordinatesStats/cope1.feat/zflame1uppertstat1.dtseries.nii","ExObZwskKiC9LzW0jbmjQ73ibFuIq2C3"
"s3://hcp-openaccess/HCP_1200/506234/MNINonLinear/Results/tfMRI_LANGUAGE/tfMRI_LANGUAGE_hp200_s2_level2.feat/GrayordinatesStats/cope1.feat/zstat1.dtseries.nii","506234","MNINonLinear//Results/tfMRI_LANGUAGE/tfMRI_LANGUAGE_hp200_s2_level2.feat/GrayordinatesStats/cope1.feat/zstat1.dtseries.nii","LuIC5RjsFqRsOwo_Iq9LsEC33vzgM1tt"
"s3://hcp-openaccess/HCP_1200/506234/MNINonLinear/Results/tfMRI_LANGUAGE/tfMRI_LANGUAGE_hp200_s2_level2.feat/GrayordinatesStats/cope2.feat/cope1.dtseries.nii","506234","MNINonLinear//Results/tfMRI_LANGUAGE/tfMRI_LANGUAGE_hp200_s2_level2.feat/GrayordinatesStats/cope2.feat/cope1.dtseries.nii","qC8AeJi46zYLBB_VA9ekL6_xPxMqY8eF"
"s3://hcp-openaccess/HCP_1200/506234/MNINonLinear/Results/tfMRI_LANGUAGE/tfMRI_LANGUAGE_hp200_s2_level2.feat/GrayordinatesStats/cope2.feat/logfile","506234","MNINonLinear//Results/tfMRI_LANGUAGE/tfMRI_LANGUAGE_hp200_s2_level2.feat/GrayordinatesStats/cope2.feat/logfile","XVC5LtOwUMQQLBnOEGklVr08Yu1QlCFR"
"s3://hcp-openaccess/HCP_1200/506234/MNINonLinear/Results/tfMRI_LANGUAGE/tfMRI_LANGUAGE_hp200_s2_level2.feat/GrayordinatesStats/cope2.feat/mask.dtseries.nii","506234","MNINonLinear//Results/tfMRI_LANGUAGE/tfMRI_LANGUAGE_hp200_s2_level2.feat/GrayordinatesStats/cope2.feat/mask.dtseries.nii","kr5xkku_f_Q9FnrYaoNteDl_KKAVUUkB"
"s3://hcp-openaccess/HCP_1200/506234/MNINonLinear/Results/tfMRI_LANGUAGE/tfMRI_LANGUAGE_hp200_s2_level2.feat/GrayordinatesStats/cope2.feat/mean_random_effects_var1.dtseries.nii","506234","MNINonLinear//Results/tfMRI_LANGUAGE/tfMRI_LANGUAGE_hp200_s2_level2.feat/GrayordinatesStats/cope2.feat/mean_random_effects_var1.dtseries.nii","Pi.IW136.GHxzAmurBbGfrr32Lh7jWWE"
"s3://hcp-openaccess/HCP_1200/506234/MNINonLinear/Results/tfMRI_LANGUAGE/tfMRI_LANGUAGE_hp200_s2_level2.feat/GrayordinatesStats/cope2.feat/pe1.dtseries.nii","506234","MNINonLinear//Results/tfMRI_LANGUAGE/tfMRI_LANGUAGE_hp200_s2_level2.feat/GrayordinatesStats/cope2.feat/pe1.dtseries.nii","pZHgUACp7hg9dswzspoyF.Hj3EzhqAjx"
"s3://hcp-openaccess/HCP_1200/506234/MNINonLinear/Results/tfMRI_LANGUAGE/tfMRI_LANGUAGE_hp200_s2_level2.feat/GrayordinatesStats/cope2.feat/res4d.dtseries.nii","506234","MNINonLinear//Results/tfMRI_LANGUAGE/tfMRI_LANGUAGE_hp200_s2_level2.feat/GrayordinatesStats/cope2.feat/res4d.dtseries.nii","h_URvsmjM5LDNsWP_c.bIGr2aJbURZHB"
"s3://hcp-openaccess/HCP_1200/506234/MNINonLinear/Results/tfMRI_LANGUAGE/tfMRI_LANGUAGE_hp200_s2_level2.feat/GrayordinatesStats/cope2.feat/tdof_t1.dtseries.nii","506234","MNINonLinear//Results/tfMRI_LANGUAGE/tfMRI_LANGUAGE_hp200_s2_level2.feat/GrayordinatesStats/cope2.feat/tdof_t1.dtseries.nii","SZnv7YFQXIjIRcnKUgVh.39arPKiUOfE"
"s3://hcp-openaccess/HCP_1200/506234/MNINonLinear/Results/tfMRI_LANGUAGE/tfMRI_LANGUAGE_hp200_s2_level2.feat/GrayordinatesStats/cope2.feat/tstat1.dtseries.nii","506234","MNINonLinear//Results/tfMRI_LANGUAGE/tfMRI_LANGUAGE_hp200_s2_level2.feat/GrayordinatesStats/cope2.feat/tstat1.dtseries.nii","Riyxkrh0wbJ8X4MpXFkUocbdPOL584lu"
"s3://hcp-openaccess/HCP_1200/506234/MNINonLinear/Results/tfMRI_LANGUAGE/tfMRI_LANGUAGE_hp200_s2_level2.feat/GrayordinatesStats/cope2.feat/varcope1.dtseries.nii","506234","MNINonLinear//Results/tfMRI_LANGUAGE/tfMRI_LANGUAGE_hp200_s2_level2.feat/GrayordinatesStats/cope2.feat/varcope1.dtseries.nii","9lS4zf0gtO2WOmUZMNK5odLFcQF3MfL4"
"s3://hcp-openaccess/HCP_1200/506234/MNINonLinear/Results/tfMRI_LANGUAGE/tfMRI_LANGUAGE_hp200_s2_level2.feat/GrayordinatesStats/cope2.feat/weights1.dtseries.nii","506234","MNINonLinear//Results/tfMRI_LANGUAGE/tfMRI_LANGUAGE_hp200_s2_level2.feat/GrayordinatesStats/cope2.feat/weights1.dtseries.nii","BOX3_erIIvz0PKs1qht9ucNxwCsHlXgO"
"s3://hcp-openaccess/HCP_1200/506234/MNINonLinear/Results/tfMRI_LANGUAGE/tfMRI_LANGUAGE_hp200_s2_level2.feat/GrayordinatesStats/cope2.feat/zflame1lowertstat1.dtseries.nii","506234","MNINonLinear//Results/tfMRI_LANGUAGE/tfMRI_LANGUAGE_hp200_s2_level2.feat/GrayordinatesStats/cope2.feat/zflame1lowertstat1.dtseries.nii","Qtml9aBecm2l_rBzb_1vG0xmUZtD5AzY"
"s3://hcp-openaccess/HCP_1200/506234/MNINonLinear/Results/tfMRI_LANGUAGE/tfMRI_LANGUAGE_hp200_s2_level2.feat/GrayordinatesStats/cope2.feat/zflame1uppertstat1.dtseries.nii","506234","MNINonLinear//Results/tfMRI_LANGUAGE/tfMRI_LANGUAGE_hp200_s2_level2.feat/GrayordinatesStats/cope2.feat/zflame1uppertstat1.dtseries.nii","rYpPXVqfJd5D8QoIt57wbz3NJPgU9Yw7"
"s3://hcp-openaccess/HCP_1200/506234/MNINonLinear/Results/tfMRI_LANGUAGE/tfMRI_LANGUAGE_hp200_s2_level2.feat/GrayordinatesStats/cope2.feat/zstat1.dtseries.nii","506234","MNINonLinear//Results/tfMRI_LANGUAGE/tfMRI_LANGUAGE_hp200_s2_level2.feat/GrayordinatesStats/cope2.feat/zstat1.dtseries.nii","VNAODCBKS05qcrcPjM4J8vxj.OjALoXy"
"s3://hcp-openaccess/HCP_1200/506234/MNINonLinear/Results/tfMRI_LANGUAGE/tfMRI_LANGUAGE_hp200_s2_level2.feat/GrayordinatesStats/cope3.feat/cope1.dtseries.nii","506234","MNINonLinear//Results/tfMRI_LANGUAGE/tfMRI_LANGUAGE_hp200_s2_level2.feat/GrayordinatesStats/cope3.feat/cope1.dtseries.nii","xPVmjaK6PTx0u.YME5M5wLK.FhoZerqN"
"s3://hcp-openaccess/HCP_1200/506234/MNINonLinear/Results/tfMRI_LANGUAGE/tfMRI_LANGUAGE_hp200_s2_level2.feat/GrayordinatesStats/cope3.feat/logfile","506234","MNINonLinear//Results/tfMRI_LANGUAGE/tfMRI_LANGUAGE_hp200_s2_level2.feat/GrayordinatesStats/cope3.feat/logfile","mI7FUOCCI0UnrtWT2LP3wwDE4B5dNT.4"
"s3://hcp-openaccess/HCP_1200/506234/MNINonLinear/Results/tfMRI_LANGUAGE/tfMRI_LANGUAGE_hp200_s2_level2.feat/GrayordinatesStats/cope3.feat/mask.dtseries.nii","506234","MNINonLinear//Results/tfMRI_LANGUAGE/tfMRI_LANGUAGE_hp200_s2_level2.feat/GrayordinatesStats/cope3.feat/mask.dtseries.nii","9yVQ37IJA3HKFrz.m8LLVy8htI0AxA2T"
"s3://hcp-openaccess/HCP_1200/506234/MNINonLinear/Results/tfMRI_LANGUAGE/tfMRI_LANGUAGE_hp200_s2_level2.feat/GrayordinatesStats/cope3.feat/mean_random_effects_var1.dtseries.nii","506234","MNINonLinear//Results/tfMRI_LANGUAGE/tfMRI_LANGUAGE_hp200_s2_level2.feat/GrayordinatesStats/cope3.feat/mean_random_effects_var1.dtseries.nii","wjnsP95QSS4Gk7S5USp6GszRTSsh5ZjC"
"s3://hcp-openaccess/HCP_1200/506234/MNINonLinear/Results/tfMRI_LANGUAGE/tfMRI_LANGUAGE_hp200_s2_level2.feat/GrayordinatesStats/cope3.feat/pe1.dtseries.nii","506234","MNINonLinear//Results/tfMRI_LANGUAGE/tfMRI_LANGUAGE_hp200_s2_level2.feat/GrayordinatesStats/cope3.feat/pe1.dtseries.nii","7Bnx.G_RUrk09FMZe5k59tt_5HDWyBVe"
"s3://hcp-openaccess/HCP_1200/506234/MNINonLinear/Results/tfMRI_LANGUAGE/tfMRI_LANGUAGE_hp200_s2_level2.feat/GrayordinatesStats/cope3.feat/res4d.dtseries.nii","506234","MNINonLinear//Results/tfMRI_LANGUAGE/tfMRI_LANGUAGE_hp200_s2_level2.feat/GrayordinatesStats/cope3.feat/res4d.dtseries.nii","nuewPHJV2XGryO6cU6rrndT0GdVy2Byv"
"s3://hcp-openaccess/HCP_1200/506234/MNINonLinear/Results/tfMRI_LANGUAGE/tfMRI_LANGUAGE_hp200_s2_level2.feat/GrayordinatesStats/cope3.feat/tdof_t1.dtseries.nii","506234","MNINonLinear//Results/tfMRI_LANGUAGE/tfMRI_LANGUAGE_hp200_s2_level2.feat/GrayordinatesStats/cope3.feat/tdof_t1.dtseries.nii","zHBEOYQj74eJD3Fh3EUZVRlfGy4XObk_"
"s3://hcp-openaccess/HCP_1200/506234/MNINonLinear/Results/tfMRI_LANGUAGE/tfMRI_LANGUAGE_hp200_s2_level2.feat/GrayordinatesStats/cope3.feat/tstat1.dtseries.nii","506234","MNINonLinear//Results/tfMRI_LANGUAGE/tfMRI_LANGUAGE_hp200_s2_level2.feat/GrayordinatesStats/cope3.feat/tstat1.dtseries.nii","DQOFfJK7KKPf86WBEmW8SdRoV8xcErKv"
"s3://hcp-openaccess/HCP_1200/506234/MNINonLinear/Results/tfMRI_LANGUAGE/tfMRI_LANGUAGE_hp200_s2_level2.feat/GrayordinatesStats/cope3.feat/varcope1.dtseries.nii","506234","MNINonLinear//Results/tfMRI_LANGUAGE/tfMRI_LANGUAGE_hp200_s2_level2.feat/GrayordinatesStats/cope3.feat/varcope1.dtseries.nii","c.43Eo97kdcn4NFJS5GHZnctO5edt4nv"
"s3://hcp-openaccess/HCP_1200/506234/MNINonLinear/Results/tfMRI_LANGUAGE/tfMRI_LANGUAGE_hp200_s2_level2.feat/GrayordinatesStats/cope3.feat/weights1.dtseries.nii","506234","MNINonLinear//Results/tfMRI_LANGUAGE/tfMRI_LANGUAGE_hp200_s2_level2.feat/GrayordinatesStats/cope3.feat/weights1.dtseries.nii","ontkWiUDOMeUF2b3nBktAveh4lzETQGz"
"s3://hcp-openaccess/HCP_1200/506234/MNINonLinear/Results/tfMRI_LANGUAGE/tfMRI_LANGUAGE_hp200_s2_level2.feat/GrayordinatesStats/cope3.feat/zflame1lowertstat1.dtseries.nii","506234","MNINonLinear//Results/tfMRI_LANGUAGE/tfMRI_LANGUAGE_hp200_s2_level2.feat/GrayordinatesStats/cope3.feat/zflame1lowertstat1.dtseries.nii","Kco01SUIalLLMkv3_IRwuQuUupnZp.r5"
"s3://hcp-openaccess/HCP_1200/506234/MNINonLinear/Results/tfMRI_LANGUAGE/tfMRI_LANGUAGE_hp200_s2_level2.feat/GrayordinatesStats/cope3.feat/zflame1uppertstat1.dtseries.nii","506234","MNINonLinear//Results/tfMRI_LANGUAGE/tfMRI_LANGUAGE_hp200_s2_level2.feat/GrayordinatesStats/cope3.feat/zflame1uppertstat1.dtseries.nii","EumuKIn3okRhDARppAxkCawdw0cJVsj_"
"s3://hcp-openaccess/HCP_1200/506234/MNINonLinear/Results/tfMRI_LANGUAGE/tfMRI_LANGUAGE_hp200_s2_level2.feat/GrayordinatesStats/cope3.feat/zstat1.dtseries.nii","506234","MNINonLinear//Results/tfMRI_LANGUAGE/tfMRI_LANGUAGE_hp200_s2_level2.feat/GrayordinatesStats/cope3.feat/zstat1.dtseries.nii","ny3oQaCIjj7bkvA5gix7Q.3DCm4YN7hT"
"s3://hcp-openaccess/HCP_1200/506234/MNINonLinear/Results/tfMRI_LANGUAGE/tfMRI_LANGUAGE_hp200_s2_level2.feat/GrayordinatesStats/cope4.feat/cope1.dtseries.nii","506234","MNINonLinear//Results/tfMRI_LANGUAGE/tfMRI_LANGUAGE_hp200_s2_level2.feat/GrayordinatesStats/cope4.feat/cope1.dtseries.nii","ocbvOwcBBNm9PiWE6hplRXlTL0jE8aB8"
"s3://hcp-openaccess/HCP_1200/506234/MNINonLinear/Results/tfMRI_LANGUAGE/tfMRI_LANGUAGE_hp200_s2_level2.feat/GrayordinatesStats/cope4.feat/logfile","506234","MNINonLinear//Results/tfMRI_LANGUAGE/tfMRI_LANGUAGE_hp200_s2_level2.feat/GrayordinatesStats/cope4.feat/logfile","wpyj5I2x.Cuc1yH_vy7pHlcmYqb3qU__"
"s3://hcp-openaccess/HCP_1200/506234/MNINonLinear/Results/tfMRI_LANGUAGE/tfMRI_LANGUAGE_hp200_s2_level2.feat/GrayordinatesStats/cope4.feat/mask.dtseries.nii","506234","MNINonLinear//Results/tfMRI_LANGUAGE/tfMRI_LANGUAGE_hp200_s2_level2.feat/GrayordinatesStats/cope4.feat/mask.dtseries.nii","yffS93.XuwtUscVzcipvmUrqhLz0wb0M"
"s3://hcp-openaccess/HCP_1200/506234/MNINonLinear/Results/tfMRI_LANGUAGE/tfMRI_LANGUAGE_hp200_s2_level2.feat/GrayordinatesStats/cope4.feat/mean_random_effects_var1.dtseries.nii","506234","MNINonLinear//Results/tfMRI_LANGUAGE/tfMRI_LANGUAGE_hp200_s2_level2.feat/GrayordinatesStats/cope4.feat/mean_random_effects_var1.dtseries.nii","Z1QOPpLDGLCrcxT5RrsA3tjL53aqa61o"
"s3://hcp-openaccess/HCP_1200/506234/MNINonLinear/Results/tfMRI_LANGUAGE/tfMRI_LANGUAGE_hp200_s2_level2.feat/GrayordinatesStats/cope4.feat/pe1.dtseries.nii","506234","MNINonLinear//Results/tfMRI_LANGUAGE/tfMRI_LANGUAGE_hp200_s2_level2.feat/GrayordinatesStats/cope4.feat/pe1.dtseries.nii","QAp.HGCeLWliIhsRbpZOkIsEEorfWSEL"
"s3://hcp-openaccess/HCP_1200/506234/MNINonLinear/Results/tfMRI_LANGUAGE/tfMRI_LANGUAGE_hp200_s2_level2.feat/GrayordinatesStats/cope4.feat/res4d.dtseries.nii","506234","MNINonLinear//Results/tfMRI_LANGUAGE/tfMRI_LANGUAGE_hp200_s2_level2.feat/GrayordinatesStats/cope4.feat/res4d.dtseries.nii","H5WrNWZBnsPF3PkHO6pyRTZtp7hFB7sP"
"s3://hcp-openaccess/HCP_1200/506234/MNINonLinear/Results/tfMRI_LANGUAGE/tfMRI_LANGUAGE_hp200_s2_level2.feat/GrayordinatesStats/cope4.feat/tdof_t1.dtseries.nii","506234","MNINonLinear//Results/tfMRI_LANGUAGE/tfMRI_LANGUAGE_hp200_s2_level2.feat/GrayordinatesStats/cope4.feat/tdof_t1.dtseries.nii","OL4CoG.oakcDrNWgUrZjjD2qcmeAxY6a"
"s3://hcp-openaccess/HCP_1200/506234/MNINonLinear/Results/tfMRI_LANGUAGE/tfMRI_LANGUAGE_hp200_s2_level2.feat/GrayordinatesStats/cope4.feat/tstat1.dtseries.nii","506234","MNINonLinear//Results/tfMRI_LANGUAGE/tfMRI_LANGUAGE_hp200_s2_level2.feat/GrayordinatesStats/cope4.feat/tstat1.dtseries.nii","KnXHswU5WX1Adqa9LyfTzZbVrEeZ2_t9"
"s3://hcp-openaccess/HCP_1200/506234/MNINonLinear/Results/tfMRI_LANGUAGE/tfMRI_LANGUAGE_hp200_s2_level2.feat/GrayordinatesStats/cope4.feat/varcope1.dtseries.nii","506234","MNINonLinear//Results/tfMRI_LANGUAGE/tfMRI_LANGUAGE_hp200_s2_level2.feat/GrayordinatesStats/cope4.feat/varcope1.dtseries.nii","fy7ygcke2pe67DwwoDuDCx1rqvRKvoso"
"s3://hcp-openaccess/HCP_1200/506234/MNINonLinear/Results/tfMRI_LANGUAGE/tfMRI_LANGUAGE_hp200_s2_level2.feat/GrayordinatesStats/cope4.feat/weights1.dtseries.nii","506234","MNINonLinear//Results/tfMRI_LANGUAGE/tfMRI_LANGUAGE_hp200_s2_level2.feat/GrayordinatesStats/cope4.feat/weights1.dtseries.nii","Ou7dygktRgxz8o8T5M_B3oNwilpuFKG."
"s3://hcp-openaccess/HCP_1200/506234/MNINonLinear/Results/tfMRI_LANGUAGE/tfMRI_LANGUAGE_hp200_s2_level2.feat/GrayordinatesStats/cope4.feat/zflame1lowertstat1.dtseries.nii","506234","MNINonLinear//Results/tfMRI_LANGUAGE/tfMRI_LANGUAGE_hp200_s2_level2.feat/GrayordinatesStats/cope4.feat/zflame1lowertstat1.dtseries.nii","00UdjmHi2d6bmPAuuUZu0ia7D7s6cu7x"
"s3://hcp-openaccess/HCP_1200/506234/MNINonLinear/Results/tfMRI_LANGUAGE/tfMRI_LANGUAGE_hp200_s2_level2.feat/GrayordinatesStats/cope4.feat/zflame1uppertstat1.dtseries.nii","506234","MNINonLinear//Results/tfMRI_LANGUAGE/tfMRI_LANGUAGE_hp200_s2_level2.feat/GrayordinatesStats/cope4.feat/zflame1uppertstat1.dtseries.nii","VOAXtdl0tvej8mu5yuBxL63PNtKJJdoU"
"s3://hcp-openaccess/HCP_1200/506234/MNINonLinear/Results/tfMRI_LANGUAGE/tfMRI_LANGUAGE_hp200_s2_level2.feat/GrayordinatesStats/cope4.feat/zstat1.dtseries.nii","506234","MNINonLinear//Results/tfMRI_LANGUAGE/tfMRI_LANGUAGE_hp200_s2_level2.feat/GrayordinatesStats/cope4.feat/zstat1.dtseries.nii","KyUIhuQrgooFbx78tZc91oF9qic5iH_A"
"s3://hcp-openaccess/HCP_1200/506234/MNINonLinear/Results/tfMRI_LANGUAGE/tfMRI_LANGUAGE_hp200_s2_level2.feat/GrayordinatesStats/cope5.feat/cope1.dtseries.nii","506234","MNINonLinear//Results/tfMRI_LANGUAGE/tfMRI_LANGUAGE_hp200_s2_level2.feat/GrayordinatesStats/cope5.feat/cope1.dtseries.nii","AD2mmpwdM1Y.i.cG0fWf.IR_xw6RZbYi"
"s3://hcp-openaccess/HCP_1200/506234/MNINonLinear/Results/tfMRI_LANGUAGE/tfMRI_LANGUAGE_hp200_s2_level2.feat/GrayordinatesStats/cope5.feat/logfile","506234","MNINonLinear//Results/tfMRI_LANGUAGE/tfMRI_LANGUAGE_hp200_s2_level2.feat/GrayordinatesStats/cope5.feat/logfile","j57qcUPsZNjrglzmDxuNWzaEw.3IzTEJ"
"s3://hcp-openaccess/HCP_1200/506234/MNINonLinear/Results/tfMRI_LANGUAGE/tfMRI_LANGUAGE_hp200_s2_level2.feat/GrayordinatesStats/cope5.feat/mask.dtseries.nii","506234","MNINonLinear//Results/tfMRI_LANGUAGE/tfMRI_LANGUAGE_hp200_s2_level2.feat/GrayordinatesStats/cope5.feat/mask.dtseries.nii","GbQLLS75Nld1VbXXjwNX7f0tZMtGP51f"
"s3://hcp-openaccess/HCP_1200/506234/MNINonLinear/Results/tfMRI_LANGUAGE/tfMRI_LANGUAGE_hp200_s2_level2.feat/GrayordinatesStats/cope5.feat/mean_random_effects_var1.dtseries.nii","506234","MNINonLinear//Results/tfMRI_LANGUAGE/tfMRI_LANGUAGE_hp200_s2_level2.feat/GrayordinatesStats/cope5.feat/mean_random_effects_var1.dtseries.nii","3aaJHUkLG3JFLslkWUB0KkxOYBoDHDLn"
"s3://hcp-openaccess/HCP_1200/506234/MNINonLinear/Results/tfMRI_LANGUAGE/tfMRI_LANGUAGE_hp200_s2_level2.feat/GrayordinatesStats/cope5.feat/pe1.dtseries.nii","506234","MNINonLinear//Results/tfMRI_LANGUAGE/tfMRI_LANGUAGE_hp200_s2_level2.feat/GrayordinatesStats/cope5.feat/pe1.dtseries.nii","OU413WEI4zPGpv90.FfhfeBsA48_8t40"
"s3://hcp-openaccess/HCP_1200/506234/MNINonLinear/Results/tfMRI_LANGUAGE/tfMRI_LANGUAGE_hp200_s2_level2.feat/GrayordinatesStats/cope5.feat/res4d.dtseries.nii","506234","MNINonLinear//Results/tfMRI_LANGUAGE/tfMRI_LANGUAGE_hp200_s2_level2.feat/GrayordinatesStats/cope5.feat/res4d.dtseries.nii","b.QfpG8JoMz7XYJFEEUoz_FEUdYIC96N"
"s3://hcp-openaccess/HCP_1200/506234/MNINonLinear/Results/tfMRI_LANGUAGE/tfMRI_LANGUAGE_hp200_s2_level2.feat/GrayordinatesStats/cope5.feat/tdof_t1.dtseries.nii","506234","MNINonLinear//Results/tfMRI_LANGUAGE/tfMRI_LANGUAGE_hp200_s2_level2.feat/GrayordinatesStats/cope5.feat/tdof_t1.dtseries.nii","PNBq3yvh_2mEA.FysgvlpPV2dlZ4fS_k"
"s3://hcp-openaccess/HCP_1200/506234/MNINonLinear/Results/tfMRI_LANGUAGE/tfMRI_LANGUAGE_hp200_s2_level2.feat/GrayordinatesStats/cope5.feat/tstat1.dtseries.nii","506234","MNINonLinear//Results/tfMRI_LANGUAGE/tfMRI_LANGUAGE_hp200_s2_level2.feat/GrayordinatesStats/cope5.feat/tstat1.dtseries.nii","7A7_gPsyX3UuOBrJaqTfCUqOQbzNnKq3"
"s3://hcp-openaccess/HCP_1200/506234/MNINonLinear/Results/tfMRI_LANGUAGE/tfMRI_LANGUAGE_hp200_s2_level2.feat/GrayordinatesStats/cope5.feat/varcope1.dtseries.nii","506234","MNINonLinear//Results/tfMRI_LANGUAGE/tfMRI_LANGUAGE_hp200_s2_level2.feat/GrayordinatesStats/cope5.feat/varcope1.dtseries.nii","HBXlzvRSPwbgEzu2VX33vIHQ7An86syr"
"s3://hcp-openaccess/HCP_1200/506234/MNINonLinear/Results/tfMRI_LANGUAGE/tfMRI_LANGUAGE_hp200_s2_level2.feat/GrayordinatesStats/cope5.feat/weights1.dtseries.nii","506234","MNINonLinear//Results/tfMRI_LANGUAGE/tfMRI_LANGUAGE_hp200_s2_level2.feat/GrayordinatesStats/cope5.feat/weights1.dtseries.nii","HZWwh_aRvWQkl6.oJcGf12m8.V8WOt_s"
"s3://hcp-openaccess/HCP_1200/506234/MNINonLinear/Results/tfMRI_LANGUAGE/tfMRI_LANGUAGE_hp200_s2_level2.feat/GrayordinatesStats/cope5.feat/zflame1lowertstat1.dtseries.nii","506234","MNINonLinear//Results/tfMRI_LANGUAGE/tfMRI_LANGUAGE_hp200_s2_level2.feat/GrayordinatesStats/cope5.feat/zflame1lowertstat1.dtseries.nii","gm8OWtKOuFfhI8kiRfpMYMQYunvwscFD"
"s3://hcp-openaccess/HCP_1200/506234/MNINonLinear/Results/tfMRI_LANGUAGE/tfMRI_LANGUAGE_hp200_s2_level2.feat/GrayordinatesStats/cope5.feat/zflame1uppertstat1.dtseries.nii","506234","MNINonLinear//Results/tfMRI_LANGUAGE/tfMRI_LANGUAGE_hp200_s2_level2.feat/GrayordinatesStats/cope5.feat/zflame1uppertstat1.dtseries.nii","6p7DhuCQpINAUW38Zq_.Ggn0UTYZbhiL"
"s3://hcp-openaccess/HCP_1200/506234/MNINonLinear/Results/tfMRI_LANGUAGE/tfMRI_LANGUAGE_hp200_s2_level2.feat/GrayordinatesStats/cope5.feat/zstat1.dtseries.nii","506234","MNINonLinear//Results/tfMRI_LANGUAGE/tfMRI_LANGUAGE_hp200_s2_level2.feat/GrayordinatesStats/cope5.feat/zstat1.dtseries.nii","_nWpJqTfbRzHnCb5vtnTFGIBbXvzmPSa"
"s3://hcp-openaccess/HCP_1200/506234/MNINonLinear/Results/tfMRI_LANGUAGE/tfMRI_LANGUAGE_hp200_s2_level2.feat/GrayordinatesStats/cope6.feat/cope1.dtseries.nii","506234","MNINonLinear//Results/tfMRI_LANGUAGE/tfMRI_LANGUAGE_hp200_s2_level2.feat/GrayordinatesStats/cope6.feat/cope1.dtseries.nii","om6SXGeu7eXYScs_JnPoVvLInpcTgv87"
"s3://hcp-openaccess/HCP_1200/506234/MNINonLinear/Results/tfMRI_LANGUAGE/tfMRI_LANGUAGE_hp200_s2_level2.feat/GrayordinatesStats/cope6.feat/logfile","506234","MNINonLinear//Results/tfMRI_LANGUAGE/tfMRI_LANGUAGE_hp200_s2_level2.feat/GrayordinatesStats/cope6.feat/logfile","IgpxR9wAfAH3QJGueFQwfM2oYFhdh2mQ"
"s3://hcp-openaccess/HCP_1200/506234/MNINonLinear/Results/tfMRI_LANGUAGE/tfMRI_LANGUAGE_hp200_s2_level2.feat/GrayordinatesStats/cope6.feat/mask.dtseries.nii","506234","MNINonLinear//Results/tfMRI_LANGUAGE/tfMRI_LANGUAGE_hp200_s2_level2.feat/GrayordinatesStats/cope6.feat/mask.dtseries.nii","HyRKlBg5nQ_7.7Im2jPVHS0SLHk36xxs"
"s3://hcp-openaccess/HCP_1200/506234/MNINonLinear/Results/tfMRI_LANGUAGE/tfMRI_LANGUAGE_hp200_s2_level2.feat/GrayordinatesStats/cope6.feat/mean_random_effects_var1.dtseries.nii","506234","MNINonLinear//Results/tfMRI_LANGUAGE/tfMRI_LANGUAGE_hp200_s2_level2.feat/GrayordinatesStats/cope6.feat/mean_random_effects_var1.dtseries.nii","Tq21RSyIKtxPbJ46KmOpTMw0Ldbtqmpx"
"s3://hcp-openaccess/HCP_1200/506234/MNINonLinear/Results/tfMRI_LANGUAGE/tfMRI_LANGUAGE_hp200_s2_level2.feat/GrayordinatesStats/cope6.feat/pe1.dtseries.nii","506234","MNINonLinear//Results/tfMRI_LANGUAGE/tfMRI_LANGUAGE_hp200_s2_level2.feat/GrayordinatesStats/cope6.feat/pe1.dtseries.nii","hQ9SV5d2L2R3xJjqQ3Blrbaz9NssVYhK"
"s3://hcp-openaccess/HCP_1200/506234/MNINonLinear/Results/tfMRI_LANGUAGE/tfMRI_LANGUAGE_hp200_s2_level2.feat/GrayordinatesStats/cope6.feat/res4d.dtseries.nii","506234","MNINonLinear//Results/tfMRI_LANGUAGE/tfMRI_LANGUAGE_hp200_s2_level2.feat/GrayordinatesStats/cope6.feat/res4d.dtseries.nii","hugw.R9JmJwIAAyes_5HJ6j4j2V61JTo"
"s3://hcp-openaccess/HCP_1200/506234/MNINonLinear/Results/tfMRI_LANGUAGE/tfMRI_LANGUAGE_hp200_s2_level2.feat/GrayordinatesStats/cope6.feat/tdof_t1.dtseries.nii","506234","MNINonLinear//Results/tfMRI_LANGUAGE/tfMRI_LANGUAGE_hp200_s2_level2.feat/GrayordinatesStats/cope6.feat/tdof_t1.dtseries.nii","8pHehsoogcJglsr1YjYJi7s1AD1nZIoO"
"s3://hcp-openaccess/HCP_1200/506234/MNINonLinear/Results/tfMRI_LANGUAGE/tfMRI_LANGUAGE_hp200_s2_level2.feat/GrayordinatesStats/cope6.feat/tstat1.dtseries.nii","506234","MNINonLinear//Results/tfMRI_LANGUAGE/tfMRI_LANGUAGE_hp200_s2_level2.feat/GrayordinatesStats/cope6.feat/tstat1.dtseries.nii","IJjEft1I6vnc95h_0XIqzE7kmD0GrCXA"
"s3://hcp-openaccess/HCP_1200/506234/MNINonLinear/Results/tfMRI_LANGUAGE/tfMRI_LANGUAGE_hp200_s2_level2.feat/GrayordinatesStats/cope6.feat/varcope1.dtseries.nii","506234","MNINonLinear//Results/tfMRI_LANGUAGE/tfMRI_LANGUAGE_hp200_s2_level2.feat/GrayordinatesStats/cope6.feat/varcope1.dtseries.nii","2YhY5EYcMSSTNkCHe9E1y0Zw5gKUW1Un"
"s3://hcp-openaccess/HCP_1200/506234/MNINonLinear/Results/tfMRI_LANGUAGE/tfMRI_LANGUAGE_hp200_s2_level2.feat/GrayordinatesStats/cope6.feat/weights1.dtseries.nii","506234","MNINonLinear//Results/tfMRI_LANGUAGE/tfMRI_LANGUAGE_hp200_s2_level2.feat/GrayordinatesStats/cope6.feat/weights1.dtseries.nii","zkFafOHZYZX8TULZDZqCD8axfSHieq26"
"s3://hcp-openaccess/HCP_1200/506234/MNINonLinear/Results/tfMRI_LANGUAGE/tfMRI_LANGUAGE_hp200_s2_level2.feat/GrayordinatesStats/cope6.feat/zflame1lowertstat1.dtseries.nii","506234","MNINonLinear//Results/tfMRI_LANGUAGE/tfMRI_LANGUAGE_hp200_s2_level2.feat/GrayordinatesStats/cope6.feat/zflame1lowertstat1.dtseries.nii","fUbFmHhIz9qi0YqJonow51mGqR8YN_LI"
"s3://hcp-openaccess/HCP_1200/506234/MNINonLinear/Results/tfMRI_LANGUAGE/tfMRI_LANGUAGE_hp200_s2_level2.feat/GrayordinatesStats/cope6.feat/zflame1uppertstat1.dtseries.nii","506234","MNINonLinear//Results/tfMRI_LANGUAGE/tfMRI_LANGUAGE_hp200_s2_level2.feat/GrayordinatesStats/cope6.feat/zflame1uppertstat1.dtseries.nii","dAosJPIyJyHAu9NIFEuS6L.K2uUqlbE1"
"s3://hcp-openaccess/HCP_1200/506234/MNINonLinear/Results/tfMRI_LANGUAGE/tfMRI_LANGUAGE_hp200_s2_level2.feat/GrayordinatesStats/cope6.feat/zstat1.dtseries.nii","506234","MNINonLinear//Results/tfMRI_LANGUAGE/tfMRI_LANGUAGE_hp200_s2_level2.feat/GrayordinatesStats/cope6.feat/zstat1.dtseries.nii","JDSW_rRSsuMuu.CCxGIYIyhh020ktp.C"
"s3://hcp-openaccess/HCP_1200/506234/MNINonLinear/Results/tfMRI_LANGUAGE/tfMRI_LANGUAGE_hp200_s2_level2.feat/design.con","506234","MNINonLinear//Results/tfMRI_LANGUAGE/tfMRI_LANGUAGE_hp200_s2_level2.feat/design.con","DAuGnC1jezm7SugMVYIElZbIAxz3wZUU"
"s3://hcp-openaccess/HCP_1200/506234/MNINonLinear/Results/tfMRI_LANGUAGE/tfMRI_LANGUAGE_hp200_s2_level2.feat/design.fsf","506234","MNINonLinear//Results/tfMRI_LANGUAGE/tfMRI_LANGUAGE_hp200_s2_level2.feat/design.fsf","nEOLRS613t_xUqnOZH11Ou4UWuWPoaqL"
"s3://hcp-openaccess/HCP_1200/506234/MNINonLinear/Results/tfMRI_LANGUAGE/tfMRI_LANGUAGE_hp200_s2_level2.feat/design.grp","506234","MNINonLinear//Results/tfMRI_LANGUAGE/tfMRI_LANGUAGE_hp200_s2_level2.feat/design.grp","fkh5sOXOqoUAuMoe1kpOHGVf1ifrhlUV"
"s3://hcp-openaccess/HCP_1200/506234/MNINonLinear/Results/tfMRI_LANGUAGE/tfMRI_LANGUAGE_hp200_s2_level2.feat/design.mat","506234","MNINonLinear//Results/tfMRI_LANGUAGE/tfMRI_LANGUAGE_hp200_s2_level2.feat/design.mat","bzJpgQ7NkDTlZX1cHRPHTZaORuxTLODn"
"s3://hcp-openaccess/HCP_1200/506234/MNINonLinear/Results/tfMRI_LANGUAGE/tfMRI_LANGUAGE_hp200_s2_level2.feat/design.png","506234","MNINonLinear//Results/tfMRI_LANGUAGE/tfMRI_LANGUAGE_hp200_s2_level2.feat/design.png","8JBXitXHT5i51iU77yUICnelRcyGw7kI"
"s3://hcp-openaccess/HCP_1200/506234/MNINonLinear/Results/tfMRI_LANGUAGE/tfMRI_LANGUAGE_hp200_s2_level2.feat/design.ppm","506234","MNINonLinear//Results/tfMRI_LANGUAGE/tfMRI_LANGUAGE_hp200_s2_level2.feat/design.ppm","c3ZjVaQRRA87iGJc4dr4vjLqmNrXOp2y"
"s3://hcp-openaccess/HCP_1200/506234/MNINonLinear/Results/tfMRI_LANGUAGE/tfMRI_LANGUAGE_hp200_s2_level2.feat/design_cov.png","506234","MNINonLinear//Results/tfMRI_LANGUAGE/tfMRI_LANGUAGE_hp200_s2_level2.feat/design_cov.png","0lnRdl9nLir7ahjnWgrXwUseoI44Yiil"
"s3://hcp-openaccess/HCP_1200/506234/MNINonLinear/Results/tfMRI_LANGUAGE/tfMRI_LANGUAGE_hp200_s2_level2.feat/design_cov.ppm","506234","MNINonLinear//Results/tfMRI_LANGUAGE/tfMRI_LANGUAGE_hp200_s2_level2.feat/design_cov.ppm","Gp4_5eDx6WVYMacZ2Hiy9cJv1wCT6lTE"
"s3://hcp-openaccess/HCP_1200/506234/MNINonLinear/Results/tfMRI_LANGUAGE/tfMRI_LANGUAGE_hp200_s2_level2_MSMAll.feat/506234_tfMRI_LANGUAGE_level2_hp200_s2_MSMAll.dscalar.nii","506234","MNINonLinear//Results/tfMRI_LANGUAGE/tfMRI_LANGUAGE_hp200_s2_level2_MSMAll.feat/506234_tfMRI_LANGUAGE_level2_hp200_s2_MSMAll.dscalar.nii","XIcyOHh9UPUuyyvADcG5PHYXGpguXkz2"
"s3://hcp-openaccess/HCP_1200/506234/MNINonLinear/Results/tfMRI_LANGUAGE/tfMRI_LANGUAGE_hp200_s2_level2_MSMAll.feat/Contrasts.txt","506234","MNINonLinear//Results/tfMRI_LANGUAGE/tfMRI_LANGUAGE_hp200_s2_level2_MSMAll.feat/Contrasts.txt","G8KVGHg8foSq9ytQ9BCYoPIzCtLLAnMt"
"s3://hcp-openaccess/HCP_1200/506234/MNINonLinear/Results/tfMRI_LANGUAGE/tfMRI_LANGUAGE_hp200_s2_level2_MSMAll.feat/GrayordinatesStats/cope1.feat/cope1.dtseries.nii","506234","MNINonLinear//Results/tfMRI_LANGUAGE/tfMRI_LANGUAGE_hp200_s2_level2_MSMAll.feat/GrayordinatesStats/cope1.feat/cope1.dtseries.nii","pHVMCBCKuc4wOsvzaj9M9vxHKfYoDJzb"
"s3://hcp-openaccess/HCP_1200/506234/MNINonLinear/Results/tfMRI_LANGUAGE/tfMRI_LANGUAGE_hp200_s2_level2_MSMAll.feat/GrayordinatesStats/cope1.feat/logfile","506234","MNINonLinear//Results/tfMRI_LANGUAGE/tfMRI_LANGUAGE_hp200_s2_level2_MSMAll.feat/GrayordinatesStats/cope1.feat/logfile","cbIa02W7YKtmXLV3EIzMo2FQZAqx68P5"
"s3://hcp-openaccess/HCP_1200/506234/MNINonLinear/Results/tfMRI_LANGUAGE/tfMRI_LANGUAGE_hp200_s2_level2_MSMAll.feat/GrayordinatesStats/cope1.feat/mask.dtseries.nii","506234","MNINonLinear//Results/tfMRI_LANGUAGE/tfMRI_LANGUAGE_hp200_s2_level2_MSMAll.feat/GrayordinatesStats/cope1.feat/mask.dtseries.nii","QxYPoxzneGmKVmWqvrMmteCAXymyGMlP"
"s3://hcp-openaccess/HCP_1200/506234/MNINonLinear/Results/tfMRI_LANGUAGE/tfMRI_LANGUAGE_hp200_s2_level2_MSMAll.feat/GrayordinatesStats/cope1.feat/mean_random_effects_var1.dtseries.nii","506234","MNINonLinear//Results/tfMRI_LANGUAGE/tfMRI_LANGUAGE_hp200_s2_level2_MSMAll.feat/GrayordinatesStats/cope1.feat/mean_random_effects_var1.dtseries.nii","qOdgYZQ7BlfNGApIHMw4CEtEPcU9XOBb"
"s3://hcp-openaccess/HCP_1200/506234/MNINonLinear/Results/tfMRI_LANGUAGE/tfMRI_LANGUAGE_hp200_s2_level2_MSMAll.feat/GrayordinatesStats/cope1.feat/pe1.dtseries.nii","506234","MNINonLinear//Results/tfMRI_LANGUAGE/tfMRI_LANGUAGE_hp200_s2_level2_MSMAll.feat/GrayordinatesStats/cope1.feat/pe1.dtseries.nii","PBP3WKrrFBU5KKh5RB7vuEIKQiByfBZv"
"s3://hcp-openaccess/HCP_1200/506234/MNINonLinear/Results/tfMRI_LANGUAGE/tfMRI_LANGUAGE_hp200_s2_level2_MSMAll.feat/GrayordinatesStats/cope1.feat/res4d.dtseries.nii","506234","MNINonLinear//Results/tfMRI_LANGUAGE/tfMRI_LANGUAGE_hp200_s2_level2_MSMAll.feat/GrayordinatesStats/cope1.feat/res4d.dtseries.nii","EbRYsMYAA3TTSY9KjF1eP.VEDcUSfcic"
"s3://hcp-openaccess/HCP_1200/506234/MNINonLinear/Results/tfMRI_LANGUAGE/tfMRI_LANGUAGE_hp200_s2_level2_MSMAll.feat/GrayordinatesStats/cope1.feat/tdof_t1.dtseries.nii","506234","MNINonLinear//Results/tfMRI_LANGUAGE/tfMRI_LANGUAGE_hp200_s2_level2_MSMAll.feat/GrayordinatesStats/cope1.feat/tdof_t1.dtseries.nii","i9r5tnfbBRA0Lkd.XsM.1bybmW2GWKpo"
"s3://hcp-openaccess/HCP_1200/506234/MNINonLinear/Results/tfMRI_LANGUAGE/tfMRI_LANGUAGE_hp200_s2_level2_MSMAll.feat/GrayordinatesStats/cope1.feat/tstat1.dtseries.nii","506234","MNINonLinear//Results/tfMRI_LANGUAGE/tfMRI_LANGUAGE_hp200_s2_level2_MSMAll.feat/GrayordinatesStats/cope1.feat/tstat1.dtseries.nii","rTxBWX8m6pc1DTFv0OhwERCDWHblQm8v"
"s3://hcp-openaccess/HCP_1200/506234/MNINonLinear/Results/tfMRI_LANGUAGE/tfMRI_LANGUAGE_hp200_s2_level2_MSMAll.feat/GrayordinatesStats/cope1.feat/varcope1.dtseries.nii","506234","MNINonLinear//Results/tfMRI_LANGUAGE/tfMRI_LANGUAGE_hp200_s2_level2_MSMAll.feat/GrayordinatesStats/cope1.feat/varcope1.dtseries.nii","jCRmaTZdPOIAysTQLk.YaKU7vC6ow252"
"s3://hcp-openaccess/HCP_1200/506234/MNINonLinear/Results/tfMRI_LANGUAGE/tfMRI_LANGUAGE_hp200_s2_level2_MSMAll.feat/GrayordinatesStats/cope1.feat/weights1.dtseries.nii","506234","MNINonLinear//Results/tfMRI_LANGUAGE/tfMRI_LANGUAGE_hp200_s2_level2_MSMAll.feat/GrayordinatesStats/cope1.feat/weights1.dtseries.nii","S1T4Y6hpQ4MDavIN8_6hYklUIEdz8g5l"
"s3://hcp-openaccess/HCP_1200/506234/MNINonLinear/Results/tfMRI_LANGUAGE/tfMRI_LANGUAGE_hp200_s2_level2_MSMAll.feat/GrayordinatesStats/cope1.feat/zflame1lowertstat1.dtseries.nii","506234","MNINonLinear//Results/tfMRI_LANGUAGE/tfMRI_LANGUAGE_hp200_s2_level2_MSMAll.feat/GrayordinatesStats/cope1.feat/zflame1lowertstat1.dtseries.nii","QmhfMHje3c1MW2nkVnewdeb9wABqIJR2"
"s3://hcp-openaccess/HCP_1200/506234/MNINonLinear/Results/tfMRI_LANGUAGE/tfMRI_LANGUAGE_hp200_s2_level2_MSMAll.feat/GrayordinatesStats/cope1.feat/zflame1uppertstat1.dtseries.nii","506234","MNINonLinear//Results/tfMRI_LANGUAGE/tfMRI_LANGUAGE_hp200_s2_level2_MSMAll.feat/GrayordinatesStats/cope1.feat/zflame1uppertstat1.dtseries.nii","2_nY_khLi6.jAoeRp8OV1ycbCyCUbazZ"
"s3://hcp-openaccess/HCP_1200/506234/MNINonLinear/Results/tfMRI_LANGUAGE/tfMRI_LANGUAGE_hp200_s2_level2_MSMAll.feat/GrayordinatesStats/cope1.feat/zstat1.dtseries.nii","506234","MNINonLinear//Results/tfMRI_LANGUAGE/tfMRI_LANGUAGE_hp200_s2_level2_MSMAll.feat/GrayordinatesStats/cope1.feat/zstat1.dtseries.nii","7b5zH154pza_0_02a5XoJf43MBNuTQ9l"
"s3://hcp-openaccess/HCP_1200/506234/MNINonLinear/Results/tfMRI_LANGUAGE/tfMRI_LANGUAGE_hp200_s2_level2_MSMAll.feat/GrayordinatesStats/cope2.feat/cope1.dtseries.nii","506234","MNINonLinear//Results/tfMRI_LANGUAGE/tfMRI_LANGUAGE_hp200_s2_level2_MSMAll.feat/GrayordinatesStats/cope2.feat/cope1.dtseries.nii","INuSLKiEWoPWWtBtSZRwslg4P2sMexYj"
"s3://hcp-openaccess/HCP_1200/506234/MNINonLinear/Results/tfMRI_LANGUAGE/tfMRI_LANGUAGE_hp200_s2_level2_MSMAll.feat/GrayordinatesStats/cope2.feat/logfile","506234","MNINonLinear//Results/tfMRI_LANGUAGE/tfMRI_LANGUAGE_hp200_s2_level2_MSMAll.feat/GrayordinatesStats/cope2.feat/logfile","WvV06x.O85UfNcJ9iZxKfGlkfEssAY4g"
"s3://hcp-openaccess/HCP_1200/506234/MNINonLinear/Results/tfMRI_LANGUAGE/tfMRI_LANGUAGE_hp200_s2_level2_MSMAll.feat/GrayordinatesStats/cope2.feat/mask.dtseries.nii","506234","MNINonLinear//Results/tfMRI_LANGUAGE/tfMRI_LANGUAGE_hp200_s2_level2_MSMAll.feat/GrayordinatesStats/cope2.feat/mask.dtseries.nii","Vi0H2HcAPmhVgAONOq8bjCHOITl_15OH"
"s3://hcp-openaccess/HCP_1200/506234/MNINonLinear/Results/tfMRI_LANGUAGE/tfMRI_LANGUAGE_hp200_s2_level2_MSMAll.feat/GrayordinatesStats/cope2.feat/mean_random_effects_var1.dtseries.nii","506234","MNINonLinear//Results/tfMRI_LANGUAGE/tfMRI_LANGUAGE_hp200_s2_level2_MSMAll.feat/GrayordinatesStats/cope2.feat/mean_random_effects_var1.dtseries.nii","yNz1QgnjoGN5ivFgPkuJRzs7evzaqoiO"
"s3://hcp-openaccess/HCP_1200/506234/MNINonLinear/Results/tfMRI_LANGUAGE/tfMRI_LANGUAGE_hp200_s2_level2_MSMAll.feat/GrayordinatesStats/cope2.feat/pe1.dtseries.nii","506234","MNINonLinear//Results/tfMRI_LANGUAGE/tfMRI_LANGUAGE_hp200_s2_level2_MSMAll.feat/GrayordinatesStats/cope2.feat/pe1.dtseries.nii","NEroMlwaw4ew6ev_0BMTYjUmA.bUmdrW"
"s3://hcp-openaccess/HCP_1200/506234/MNINonLinear/Results/tfMRI_LANGUAGE/tfMRI_LANGUAGE_hp200_s2_level2_MSMAll.feat/GrayordinatesStats/cope2.feat/res4d.dtseries.nii","506234","MNINonLinear//Results/tfMRI_LANGUAGE/tfMRI_LANGUAGE_hp200_s2_level2_MSMAll.feat/GrayordinatesStats/cope2.feat/res4d.dtseries.nii","_y1I2i.Kry3eMfQYyi_To.eOKOj4DKlg"
"s3://hcp-openaccess/HCP_1200/506234/MNINonLinear/Results/tfMRI_LANGUAGE/tfMRI_LANGUAGE_hp200_s2_level2_MSMAll.feat/GrayordinatesStats/cope2.feat/tdof_t1.dtseries.nii","506234","MNINonLinear//Results/tfMRI_LANGUAGE/tfMRI_LANGUAGE_hp200_s2_level2_MSMAll.feat/GrayordinatesStats/cope2.feat/tdof_t1.dtseries.nii","CHRYn68t5Ikl1AYN1c2w7F2WvoEWuPqF"
"s3://hcp-openaccess/HCP_1200/506234/MNINonLinear/Results/tfMRI_LANGUAGE/tfMRI_LANGUAGE_hp200_s2_level2_MSMAll.feat/GrayordinatesStats/cope2.feat/tstat1.dtseries.nii","506234","MNINonLinear//Results/tfMRI_LANGUAGE/tfMRI_LANGUAGE_hp200_s2_level2_MSMAll.feat/GrayordinatesStats/cope2.feat/tstat1.dtseries.nii","Ly3eRsFmCMlVPOqCUPrS4ZQNaiAD9l4p"
"s3://hcp-openaccess/HCP_1200/506234/MNINonLinear/Results/tfMRI_LANGUAGE/tfMRI_LANGUAGE_hp200_s2_level2_MSMAll.feat/GrayordinatesStats/cope2.feat/varcope1.dtseries.nii","506234","MNINonLinear//Results/tfMRI_LANGUAGE/tfMRI_LANGUAGE_hp200_s2_level2_MSMAll.feat/GrayordinatesStats/cope2.feat/varcope1.dtseries.nii","f16G76Bj6dzqBHnxNHPGYhgs5wgREfd7"
"s3://hcp-openaccess/HCP_1200/506234/MNINonLinear/Results/tfMRI_LANGUAGE/tfMRI_LANGUAGE_hp200_s2_level2_MSMAll.feat/GrayordinatesStats/cope2.feat/weights1.dtseries.nii","506234","MNINonLinear//Results/tfMRI_LANGUAGE/tfMRI_LANGUAGE_hp200_s2_level2_MSMAll.feat/GrayordinatesStats/cope2.feat/weights1.dtseries.nii","HSGWcbMSLBDY4qQsOzg8jNtH3qXuJ.vI"
"s3://hcp-openaccess/HCP_1200/506234/MNINonLinear/Results/tfMRI_LANGUAGE/tfMRI_LANGUAGE_hp200_s2_level2_MSMAll.feat/GrayordinatesStats/cope2.feat/zflame1lowertstat1.dtseries.nii","506234","MNINonLinear//Results/tfMRI_LANGUAGE/tfMRI_LANGUAGE_hp200_s2_level2_MSMAll.feat/GrayordinatesStats/cope2.feat/zflame1lowertstat1.dtseries.nii","JVTMrglScmHYUBLLAogQcPZarvvUVWLg"
"s3://hcp-openaccess/HCP_1200/506234/MNINonLinear/Results/tfMRI_LANGUAGE/tfMRI_LANGUAGE_hp200_s2_level2_MSMAll.feat/GrayordinatesStats/cope2.feat/zflame1uppertstat1.dtseries.nii","506234","MNINonLinear//Results/tfMRI_LANGUAGE/tfMRI_LANGUAGE_hp200_s2_level2_MSMAll.feat/GrayordinatesStats/cope2.feat/zflame1uppertstat1.dtseries.nii","PQW9Nd8J3l6EgyXvh4jpUy8zqBVqAwg8"
"s3://hcp-openaccess/HCP_1200/506234/MNINonLinear/Results/tfMRI_LANGUAGE/tfMRI_LANGUAGE_hp200_s2_level2_MSMAll.feat/GrayordinatesStats/cope2.feat/zstat1.dtseries.nii","506234","MNINonLinear//Results/tfMRI_LANGUAGE/tfMRI_LANGUAGE_hp200_s2_level2_MSMAll.feat/GrayordinatesStats/cope2.feat/zstat1.dtseries.nii","SoYH22GhyXCajwBXvfF_zOMM395HkJzn"
"s3://hcp-openaccess/HCP_1200/506234/MNINonLinear/Results/tfMRI_LANGUAGE/tfMRI_LANGUAGE_hp200_s2_level2_MSMAll.feat/GrayordinatesStats/cope3.feat/cope1.dtseries.nii","506234","MNINonLinear//Results/tfMRI_LANGUAGE/tfMRI_LANGUAGE_hp200_s2_level2_MSMAll.feat/GrayordinatesStats/cope3.feat/cope1.dtseries.nii","LGTW40.QPQbndDKNrRVHkCrzG1moIIyn"
"s3://hcp-openaccess/HCP_1200/506234/MNINonLinear/Results/tfMRI_LANGUAGE/tfMRI_LANGUAGE_hp200_s2_level2_MSMAll.feat/GrayordinatesStats/cope3.feat/logfile","506234","MNINonLinear//Results/tfMRI_LANGUAGE/tfMRI_LANGUAGE_hp200_s2_level2_MSMAll.feat/GrayordinatesStats/cope3.feat/logfile","tX9srrY9NmuuwOyUibayHNWoQrBgoSqq"
"s3://hcp-openaccess/HCP_1200/506234/MNINonLinear/Results/tfMRI_LANGUAGE/tfMRI_LANGUAGE_hp200_s2_level2_MSMAll.feat/GrayordinatesStats/cope3.feat/mask.dtseries.nii","506234","MNINonLinear//Results/tfMRI_LANGUAGE/tfMRI_LANGUAGE_hp200_s2_level2_MSMAll.feat/GrayordinatesStats/cope3.feat/mask.dtseries.nii","Sfg7A6rwgEC3dcYSwb1_QPz4LZ90SGWu"
"s3://hcp-openaccess/HCP_1200/506234/MNINonLinear/Results/tfMRI_LANGUAGE/tfMRI_LANGUAGE_hp200_s2_level2_MSMAll.feat/GrayordinatesStats/cope3.feat/mean_random_effects_var1.dtseries.nii","506234","MNINonLinear//Results/tfMRI_LANGUAGE/tfMRI_LANGUAGE_hp200_s2_level2_MSMAll.feat/GrayordinatesStats/cope3.feat/mean_random_effects_var1.dtseries.nii","7i0j0BaAEmLS9L6NDQYbNPXMfsDsNwtY"
"s3://hcp-openaccess/HCP_1200/506234/MNINonLinear/Results/tfMRI_LANGUAGE/tfMRI_LANGUAGE_hp200_s2_level2_MSMAll.feat/GrayordinatesStats/cope3.feat/pe1.dtseries.nii","506234","MNINonLinear//Results/tfMRI_LANGUAGE/tfMRI_LANGUAGE_hp200_s2_level2_MSMAll.feat/GrayordinatesStats/cope3.feat/pe1.dtseries.nii","eDKETVQgMQV38bA2k8O3f.I5DfQewOTz"
"s3://hcp-openaccess/HCP_1200/506234/MNINonLinear/Results/tfMRI_LANGUAGE/tfMRI_LANGUAGE_hp200_s2_level2_MSMAll.feat/GrayordinatesStats/cope3.feat/res4d.dtseries.nii","506234","MNINonLinear//Results/tfMRI_LANGUAGE/tfMRI_LANGUAGE_hp200_s2_level2_MSMAll.feat/GrayordinatesStats/cope3.feat/res4d.dtseries.nii","6Sw.Qi90Iq3AQFhzAkp_XmT6esMWawca"
"s3://hcp-openaccess/HCP_1200/506234/MNINonLinear/Results/tfMRI_LANGUAGE/tfMRI_LANGUAGE_hp200_s2_level2_MSMAll.feat/GrayordinatesStats/cope3.feat/tdof_t1.dtseries.nii","506234","MNINonLinear//Results/tfMRI_LANGUAGE/tfMRI_LANGUAGE_hp200_s2_level2_MSMAll.feat/GrayordinatesStats/cope3.feat/tdof_t1.dtseries.nii","icDUHIj89jePnVZ7qMsKVmmh7Xlx5gw9"
"s3://hcp-openaccess/HCP_1200/506234/MNINonLinear/Results/tfMRI_LANGUAGE/tfMRI_LANGUAGE_hp200_s2_level2_MSMAll.feat/GrayordinatesStats/cope3.feat/tstat1.dtseries.nii","506234","MNINonLinear//Results/tfMRI_LANGUAGE/tfMRI_LANGUAGE_hp200_s2_level2_MSMAll.feat/GrayordinatesStats/cope3.feat/tstat1.dtseries.nii","UiV5Fq0.pPsQFLoXeNmAvYo4gQvNiV4_"
"s3://hcp-openaccess/HCP_1200/506234/MNINonLinear/Results/tfMRI_LANGUAGE/tfMRI_LANGUAGE_hp200_s2_level2_MSMAll.feat/GrayordinatesStats/cope3.feat/varcope1.dtseries.nii","506234","MNINonLinear//Results/tfMRI_LANGUAGE/tfMRI_LANGUAGE_hp200_s2_level2_MSMAll.feat/GrayordinatesStats/cope3.feat/varcope1.dtseries.nii","aRF6UBPLdaCvGI5ljTJ3.yvIJbx4Zzwf"
"s3://hcp-openaccess/HCP_1200/506234/MNINonLinear/Results/tfMRI_LANGUAGE/tfMRI_LANGUAGE_hp200_s2_level2_MSMAll.feat/GrayordinatesStats/cope3.feat/weights1.dtseries.nii","506234","MNINonLinear//Results/tfMRI_LANGUAGE/tfMRI_LANGUAGE_hp200_s2_level2_MSMAll.feat/GrayordinatesStats/cope3.feat/weights1.dtseries.nii","BHhLQzcX2cN.1z5Gwd4V2pyoj9yhEHKS"
"s3://hcp-openaccess/HCP_1200/506234/MNINonLinear/Results/tfMRI_LANGUAGE/tfMRI_LANGUAGE_hp200_s2_level2_MSMAll.feat/GrayordinatesStats/cope3.feat/zflame1lowertstat1.dtseries.nii","506234","MNINonLinear//Results/tfMRI_LANGUAGE/tfMRI_LANGUAGE_hp200_s2_level2_MSMAll.feat/GrayordinatesStats/cope3.feat/zflame1lowertstat1.dtseries.nii","h39ja4VSUqAOjrnVqDguHy7n7PsZA7Mj"
"s3://hcp-openaccess/HCP_1200/506234/MNINonLinear/Results/tfMRI_LANGUAGE/tfMRI_LANGUAGE_hp200_s2_level2_MSMAll.feat/GrayordinatesStats/cope3.feat/zflame1uppertstat1.dtseries.nii","506234","MNINonLinear//Results/tfMRI_LANGUAGE/tfMRI_LANGUAGE_hp200_s2_level2_MSMAll.feat/GrayordinatesStats/cope3.feat/zflame1uppertstat1.dtseries.nii","5avjsakaJaAd7VGVunNa2fE.glD4BTcU"
"s3://hcp-openaccess/HCP_1200/506234/MNINonLinear/Results/tfMRI_LANGUAGE/tfMRI_LANGUAGE_hp200_s2_level2_MSMAll.feat/GrayordinatesStats/cope3.feat/zstat1.dtseries.nii","506234","MNINonLinear//Results/tfMRI_LANGUAGE/tfMRI_LANGUAGE_hp200_s2_level2_MSMAll.feat/GrayordinatesStats/cope3.feat/zstat1.dtseries.nii","9p8LZ98RRltIIKpdg8Jgd4XOsQ3Qx__6"
"s3://hcp-openaccess/HCP_1200/506234/MNINonLinear/Results/tfMRI_LANGUAGE/tfMRI_LANGUAGE_hp200_s2_level2_MSMAll.feat/GrayordinatesStats/cope4.feat/cope1.dtseries.nii","506234","MNINonLinear//Results/tfMRI_LANGUAGE/tfMRI_LANGUAGE_hp200_s2_level2_MSMAll.feat/GrayordinatesStats/cope4.feat/cope1.dtseries.nii","kv2RcBrODomdC5AS.XBtRR6SvBhsJQq."
"s3://hcp-openaccess/HCP_1200/506234/MNINonLinear/Results/tfMRI_LANGUAGE/tfMRI_LANGUAGE_hp200_s2_level2_MSMAll.feat/GrayordinatesStats/cope4.feat/logfile","506234","MNINonLinear//Results/tfMRI_LANGUAGE/tfMRI_LANGUAGE_hp200_s2_level2_MSMAll.feat/GrayordinatesStats/cope4.feat/logfile","Pu1aUMYtXIVJk6Bb_KVjt4ATfKfLJoSe"
"s3://hcp-openaccess/HCP_1200/506234/MNINonLinear/Results/tfMRI_LANGUAGE/tfMRI_LANGUAGE_hp200_s2_level2_MSMAll.feat/GrayordinatesStats/cope4.feat/mask.dtseries.nii","506234","MNINonLinear//Results/tfMRI_LANGUAGE/tfMRI_LANGUAGE_hp200_s2_level2_MSMAll.feat/GrayordinatesStats/cope4.feat/mask.dtseries.nii","sUoUs9ZGT9H0YmwI2bAb7F0uE2qRBnFD"
"s3://hcp-openaccess/HCP_1200/506234/MNINonLinear/Results/tfMRI_LANGUAGE/tfMRI_LANGUAGE_hp200_s2_level2_MSMAll.feat/GrayordinatesStats/cope4.feat/mean_random_effects_var1.dtseries.nii","506234","MNINonLinear//Results/tfMRI_LANGUAGE/tfMRI_LANGUAGE_hp200_s2_level2_MSMAll.feat/GrayordinatesStats/cope4.feat/mean_random_effects_var1.dtseries.nii","HWtDTCoqDxsAS8kB7dsps_divp61rgzJ"
"s3://hcp-openaccess/HCP_1200/506234/MNINonLinear/Results/tfMRI_LANGUAGE/tfMRI_LANGUAGE_hp200_s2_level2_MSMAll.feat/GrayordinatesStats/cope4.feat/pe1.dtseries.nii","506234","MNINonLinear//Results/tfMRI_LANGUAGE/tfMRI_LANGUAGE_hp200_s2_level2_MSMAll.feat/GrayordinatesStats/cope4.feat/pe1.dtseries.nii","exsBYWFcUTVXDuqQCqLaAwqj.HGperhi"
"s3://hcp-openaccess/HCP_1200/506234/MNINonLinear/Results/tfMRI_LANGUAGE/tfMRI_LANGUAGE_hp200_s2_level2_MSMAll.feat/GrayordinatesStats/cope4.feat/res4d.dtseries.nii","506234","MNINonLinear//Results/tfMRI_LANGUAGE/tfMRI_LANGUAGE_hp200_s2_level2_MSMAll.feat/GrayordinatesStats/cope4.feat/res4d.dtseries.nii",".TnkqT0Sj_MQ9LQzUVMZQHpvnC28FXz3"
"s3://hcp-openaccess/HCP_1200/506234/MNINonLinear/Results/tfMRI_LANGUAGE/tfMRI_LANGUAGE_hp200_s2_level2_MSMAll.feat/GrayordinatesStats/cope4.feat/tdof_t1.dtseries.nii","506234","MNINonLinear//Results/tfMRI_LANGUAGE/tfMRI_LANGUAGE_hp200_s2_level2_MSMAll.feat/GrayordinatesStats/cope4.feat/tdof_t1.dtseries.nii","j_ipfmzsQQRVLu8qZJsZkIfZ_726FXl2"
"s3://hcp-openaccess/HCP_1200/506234/MNINonLinear/Results/tfMRI_LANGUAGE/tfMRI_LANGUAGE_hp200_s2_level2_MSMAll.feat/GrayordinatesStats/cope4.feat/tstat1.dtseries.nii","506234","MNINonLinear//Results/tfMRI_LANGUAGE/tfMRI_LANGUAGE_hp200_s2_level2_MSMAll.feat/GrayordinatesStats/cope4.feat/tstat1.dtseries.nii","ti9lMtFrYWw9j.SCzpMSPQxQliiw4OGP"
"s3://hcp-openaccess/HCP_1200/506234/MNINonLinear/Results/tfMRI_LANGUAGE/tfMRI_LANGUAGE_hp200_s2_level2_MSMAll.feat/GrayordinatesStats/cope4.feat/varcope1.dtseries.nii","506234","MNINonLinear//Results/tfMRI_LANGUAGE/tfMRI_LANGUAGE_hp200_s2_level2_MSMAll.feat/GrayordinatesStats/cope4.feat/varcope1.dtseries.nii","1oiWVX.D0TA6LiAkiidL5wRBObQjzAGp"
"s3://hcp-openaccess/HCP_1200/506234/MNINonLinear/Results/tfMRI_LANGUAGE/tfMRI_LANGUAGE_hp200_s2_level2_MSMAll.feat/GrayordinatesStats/cope4.feat/weights1.dtseries.nii","506234","MNINonLinear//Results/tfMRI_LANGUAGE/tfMRI_LANGUAGE_hp200_s2_level2_MSMAll.feat/GrayordinatesStats/cope4.feat/weights1.dtseries.nii","InmYfNLNkKKR4WjVoVQJO0KJIAKSggWO"
"s3://hcp-openaccess/HCP_1200/506234/MNINonLinear/Results/tfMRI_LANGUAGE/tfMRI_LANGUAGE_hp200_s2_level2_MSMAll.feat/GrayordinatesStats/cope4.feat/zflame1lowertstat1.dtseries.nii","506234","MNINonLinear//Results/tfMRI_LANGUAGE/tfMRI_LANGUAGE_hp200_s2_level2_MSMAll.feat/GrayordinatesStats/cope4.feat/zflame1lowertstat1.dtseries.nii","o.cZocwoJSKTNjs2t6wvICi9OelisxtH"
"s3://hcp-openaccess/HCP_1200/506234/MNINonLinear/Results/tfMRI_LANGUAGE/tfMRI_LANGUAGE_hp200_s2_level2_MSMAll.feat/GrayordinatesStats/cope4.feat/zflame1uppertstat1.dtseries.nii","506234","MNINonLinear//Results/tfMRI_LANGUAGE/tfMRI_LANGUAGE_hp200_s2_level2_MSMAll.feat/GrayordinatesStats/cope4.feat/zflame1uppertstat1.dtseries.nii","vBO5aQLxEp48SZQ5zjRUteq8BaOeCl8s"
"s3://hcp-openaccess/HCP_1200/506234/MNINonLinear/Results/tfMRI_LANGUAGE/tfMRI_LANGUAGE_hp200_s2_level2_MSMAll.feat/GrayordinatesStats/cope4.feat/zstat1.dtseries.nii","506234","MNINonLinear//Results/tfMRI_LANGUAGE/tfMRI_LANGUAGE_hp200_s2_level2_MSMAll.feat/GrayordinatesStats/cope4.feat/zstat1.dtseries.nii","YfYLJ4BEXz0L.coatm1sZlgacook0IJH"
"s3://hcp-openaccess/HCP_1200/506234/MNINonLinear/Results/tfMRI_LANGUAGE/tfMRI_LANGUAGE_hp200_s2_level2_MSMAll.feat/GrayordinatesStats/cope5.feat/cope1.dtseries.nii","506234","MNINonLinear//Results/tfMRI_LANGUAGE/tfMRI_LANGUAGE_hp200_s2_level2_MSMAll.feat/GrayordinatesStats/cope5.feat/cope1.dtseries.nii","uQxgX5zjv2Nf2bmbiTfPB2BHp0MIJM_b"
"s3://hcp-openaccess/HCP_1200/506234/MNINonLinear/Results/tfMRI_LANGUAGE/tfMRI_LANGUAGE_hp200_s2_level2_MSMAll.feat/GrayordinatesStats/cope5.feat/logfile","506234","MNINonLinear//Results/tfMRI_LANGUAGE/tfMRI_LANGUAGE_hp200_s2_level2_MSMAll.feat/GrayordinatesStats/cope5.feat/logfile","5SkBOhrEmBia.xwS_N8YFzVyKRNs.aOt"
"s3://hcp-openaccess/HCP_1200/506234/MNINonLinear/Results/tfMRI_LANGUAGE/tfMRI_LANGUAGE_hp200_s2_level2_MSMAll.feat/GrayordinatesStats/cope5.feat/mask.dtseries.nii","506234","MNINonLinear//Results/tfMRI_LANGUAGE/tfMRI_LANGUAGE_hp200_s2_level2_MSMAll.feat/GrayordinatesStats/cope5.feat/mask.dtseries.nii","zwjU4r3G3sUSQN3dli9rmtIC6H7C2wdo"
"s3://hcp-openaccess/HCP_1200/506234/MNINonLinear/Results/tfMRI_LANGUAGE/tfMRI_LANGUAGE_hp200_s2_level2_MSMAll.feat/GrayordinatesStats/cope5.feat/mean_random_effects_var1.dtseries.nii","506234","MNINonLinear//Results/tfMRI_LANGUAGE/tfMRI_LANGUAGE_hp200_s2_level2_MSMAll.feat/GrayordinatesStats/cope5.feat/mean_random_effects_var1.dtseries.nii","hXQTwTQAecvCATghtWEBwoNnz0vP64U7"
"s3://hcp-openaccess/HCP_1200/506234/MNINonLinear/Results/tfMRI_LANGUAGE/tfMRI_LANGUAGE_hp200_s2_level2_MSMAll.feat/GrayordinatesStats/cope5.feat/pe1.dtseries.nii","506234","MNINonLinear//Results/tfMRI_LANGUAGE/tfMRI_LANGUAGE_hp200_s2_level2_MSMAll.feat/GrayordinatesStats/cope5.feat/pe1.dtseries.nii","8uo6tdItPHugMNHoo4gWUNP609XC50ZN"
"s3://hcp-openaccess/HCP_1200/506234/MNINonLinear/Results/tfMRI_LANGUAGE/tfMRI_LANGUAGE_hp200_s2_level2_MSMAll.feat/GrayordinatesStats/cope5.feat/res4d.dtseries.nii","506234","MNINonLinear//Results/tfMRI_LANGUAGE/tfMRI_LANGUAGE_hp200_s2_level2_MSMAll.feat/GrayordinatesStats/cope5.feat/res4d.dtseries.nii","LTk9FPBer8qMTPIMnmVAN6B05fESs67N"
"s3://hcp-openaccess/HCP_1200/506234/MNINonLinear/Results/tfMRI_LANGUAGE/tfMRI_LANGUAGE_hp200_s2_level2_MSMAll.feat/GrayordinatesStats/cope5.feat/tdof_t1.dtseries.nii","506234","MNINonLinear//Results/tfMRI_LANGUAGE/tfMRI_LANGUAGE_hp200_s2_level2_MSMAll.feat/GrayordinatesStats/cope5.feat/tdof_t1.dtseries.nii","gYG0WEfk4.UDUdYtvP5Hcxw6INdm7IV."
"s3://hcp-openaccess/HCP_1200/506234/MNINonLinear/Results/tfMRI_LANGUAGE/tfMRI_LANGUAGE_hp200_s2_level2_MSMAll.feat/GrayordinatesStats/cope5.feat/tstat1.dtseries.nii","506234","MNINonLinear//Results/tfMRI_LANGUAGE/tfMRI_LANGUAGE_hp200_s2_level2_MSMAll.feat/GrayordinatesStats/cope5.feat/tstat1.dtseries.nii","ZPk3jpiQKdsaiO4Vs9rOpIybIQ4ZGhv5"
"s3://hcp-openaccess/HCP_1200/506234/MNINonLinear/Results/tfMRI_LANGUAGE/tfMRI_LANGUAGE_hp200_s2_level2_MSMAll.feat/GrayordinatesStats/cope5.feat/varcope1.dtseries.nii","506234","MNINonLinear//Results/tfMRI_LANGUAGE/tfMRI_LANGUAGE_hp200_s2_level2_MSMAll.feat/GrayordinatesStats/cope5.feat/varcope1.dtseries.nii","2yYGKuWwD7ogw0uztZzNf8NuasbV2YYe"
"s3://hcp-openaccess/HCP_1200/506234/MNINonLinear/Results/tfMRI_LANGUAGE/tfMRI_LANGUAGE_hp200_s2_level2_MSMAll.feat/GrayordinatesStats/cope5.feat/weights1.dtseries.nii","506234","MNINonLinear//Results/tfMRI_LANGUAGE/tfMRI_LANGUAGE_hp200_s2_level2_MSMAll.feat/GrayordinatesStats/cope5.feat/weights1.dtseries.nii","Cql7j5atlPPd13uEh7qmzv.vjwxtEbpT"
"s3://hcp-openaccess/HCP_1200/506234/MNINonLinear/Results/tfMRI_LANGUAGE/tfMRI_LANGUAGE_hp200_s2_level2_MSMAll.feat/GrayordinatesStats/cope5.feat/zflame1lowertstat1.dtseries.nii","506234","MNINonLinear//Results/tfMRI_LANGUAGE/tfMRI_LANGUAGE_hp200_s2_level2_MSMAll.feat/GrayordinatesStats/cope5.feat/zflame1lowertstat1.dtseries.nii","BUNX3M598pF9DD5QuBVaouPVODxiaoml"
"s3://hcp-openaccess/HCP_1200/506234/MNINonLinear/Results/tfMRI_LANGUAGE/tfMRI_LANGUAGE_hp200_s2_level2_MSMAll.feat/GrayordinatesStats/cope5.feat/zflame1uppertstat1.dtseries.nii","506234","MNINonLinear//Results/tfMRI_LANGUAGE/tfMRI_LANGUAGE_hp200_s2_level2_MSMAll.feat/GrayordinatesStats/cope5.feat/zflame1uppertstat1.dtseries.nii","6oyaztF2ZcTdFoRsqaQgGzJQo4BSgwq0"
"s3://hcp-openaccess/HCP_1200/506234/MNINonLinear/Results/tfMRI_LANGUAGE/tfMRI_LANGUAGE_hp200_s2_level2_MSMAll.feat/GrayordinatesStats/cope5.feat/zstat1.dtseries.nii","506234","MNINonLinear//Results/tfMRI_LANGUAGE/tfMRI_LANGUAGE_hp200_s2_level2_MSMAll.feat/GrayordinatesStats/cope5.feat/zstat1.dtseries.nii","Fg9fBI6G0FTffRc1qJ_gvVscoJcJK.Qz"
"s3://hcp-openaccess/HCP_1200/506234/MNINonLinear/Results/tfMRI_LANGUAGE/tfMRI_LANGUAGE_hp200_s2_level2_MSMAll.feat/GrayordinatesStats/cope6.feat/cope1.dtseries.nii","506234","MNINonLinear//Results/tfMRI_LANGUAGE/tfMRI_LANGUAGE_hp200_s2_level2_MSMAll.feat/GrayordinatesStats/cope6.feat/cope1.dtseries.nii","C_pHzEU0a9BZaXezBsdwT9Xng0R9wb3Q"
"s3://hcp-openaccess/HCP_1200/506234/MNINonLinear/Results/tfMRI_LANGUAGE/tfMRI_LANGUAGE_hp200_s2_level2_MSMAll.feat/GrayordinatesStats/cope6.feat/logfile","506234","MNINonLinear//Results/tfMRI_LANGUAGE/tfMRI_LANGUAGE_hp200_s2_level2_MSMAll.feat/GrayordinatesStats/cope6.feat/logfile","q.SK5V.yZ9MI6j1l_t2nc3zclu0IE_2K"
"s3://hcp-openaccess/HCP_1200/506234/MNINonLinear/Results/tfMRI_LANGUAGE/tfMRI_LANGUAGE_hp200_s2_level2_MSMAll.feat/GrayordinatesStats/cope6.feat/mask.dtseries.nii","506234","MNINonLinear//Results/tfMRI_LANGUAGE/tfMRI_LANGUAGE_hp200_s2_level2_MSMAll.feat/GrayordinatesStats/cope6.feat/mask.dtseries.nii","UAC3so.e4R8ls.YZma3KEvyvkAN.VuZb"
"s3://hcp-openaccess/HCP_1200/506234/MNINonLinear/Results/tfMRI_LANGUAGE/tfMRI_LANGUAGE_hp200_s2_level2_MSMAll.feat/GrayordinatesStats/cope6.feat/mean_random_effects_var1.dtseries.nii","506234","MNINonLinear//Results/tfMRI_LANGUAGE/tfMRI_LANGUAGE_hp200_s2_level2_MSMAll.feat/GrayordinatesStats/cope6.feat/mean_random_effects_var1.dtseries.nii","A9xZ6iAau0KSBAfsf21SkPjlJzUTGRgR"
"s3://hcp-openaccess/HCP_1200/506234/MNINonLinear/Results/tfMRI_LANGUAGE/tfMRI_LANGUAGE_hp200_s2_level2_MSMAll.feat/GrayordinatesStats/cope6.feat/pe1.dtseries.nii","506234","MNINonLinear//Results/tfMRI_LANGUAGE/tfMRI_LANGUAGE_hp200_s2_level2_MSMAll.feat/GrayordinatesStats/cope6.feat/pe1.dtseries.nii","jWHpsc58WEbWWDNBvZDd.iRs9j6w0JkE"
"s3://hcp-openaccess/HCP_1200/506234/MNINonLinear/Results/tfMRI_LANGUAGE/tfMRI_LANGUAGE_hp200_s2_level2_MSMAll.feat/GrayordinatesStats/cope6.feat/res4d.dtseries.nii","506234","MNINonLinear//Results/tfMRI_LANGUAGE/tfMRI_LANGUAGE_hp200_s2_level2_MSMAll.feat/GrayordinatesStats/cope6.feat/res4d.dtseries.nii","yFwqz92cSRvBKC72g6hzISj6EtIyrgyY"
"s3://hcp-openaccess/HCP_1200/506234/MNINonLinear/Results/tfMRI_LANGUAGE/tfMRI_LANGUAGE_hp200_s2_level2_MSMAll.feat/GrayordinatesStats/cope6.feat/tdof_t1.dtseries.nii","506234","MNINonLinear//Results/tfMRI_LANGUAGE/tfMRI_LANGUAGE_hp200_s2_level2_MSMAll.feat/GrayordinatesStats/cope6.feat/tdof_t1.dtseries.nii","1kkJf_S.AuRTsOLBdh2dtkuMT3D5bsCn"
"s3://hcp-openaccess/HCP_1200/506234/MNINonLinear/Results/tfMRI_LANGUAGE/tfMRI_LANGUAGE_hp200_s2_level2_MSMAll.feat/GrayordinatesStats/cope6.feat/tstat1.dtseries.nii","506234","MNINonLinear//Results/tfMRI_LANGUAGE/tfMRI_LANGUAGE_hp200_s2_level2_MSMAll.feat/GrayordinatesStats/cope6.feat/tstat1.dtseries.nii","azJ7f.YcFyeYC6vDLgtdXxbuKkXBVLXr"
"s3://hcp-openaccess/HCP_1200/506234/MNINonLinear/Results/tfMRI_LANGUAGE/tfMRI_LANGUAGE_hp200_s2_level2_MSMAll.feat/GrayordinatesStats/cope6.feat/varcope1.dtseries.nii","506234","MNINonLinear//Results/tfMRI_LANGUAGE/tfMRI_LANGUAGE_hp200_s2_level2_MSMAll.feat/GrayordinatesStats/cope6.feat/varcope1.dtseries.nii","1ziOOqJkeGmca7e5xf4Eww9rT9eLfhZC"
"s3://hcp-openaccess/HCP_1200/506234/MNINonLinear/Results/tfMRI_LANGUAGE/tfMRI_LANGUAGE_hp200_s2_level2_MSMAll.feat/GrayordinatesStats/cope6.feat/weights1.dtseries.nii","506234","MNINonLinear//Results/tfMRI_LANGUAGE/tfMRI_LANGUAGE_hp200_s2_level2_MSMAll.feat/GrayordinatesStats/cope6.feat/weights1.dtseries.nii","AkhcYVw8Pb7RLsJ6AT5hy7T1ETaK2XwN"
"s3://hcp-openaccess/HCP_1200/506234/MNINonLinear/Results/tfMRI_LANGUAGE/tfMRI_LANGUAGE_hp200_s2_level2_MSMAll.feat/GrayordinatesStats/cope6.feat/zflame1lowertstat1.dtseries.nii","506234","MNINonLinear//Results/tfMRI_LANGUAGE/tfMRI_LANGUAGE_hp200_s2_level2_MSMAll.feat/GrayordinatesStats/cope6.feat/zflame1lowertstat1.dtseries.nii","HGhFbI.rwJkK5.4.82Sq6GI9Je9Mo6ok"
"s3://hcp-openaccess/HCP_1200/506234/MNINonLinear/Results/tfMRI_LANGUAGE/tfMRI_LANGUAGE_hp200_s2_level2_MSMAll.feat/GrayordinatesStats/cope6.feat/zflame1uppertstat1.dtseries.nii","506234","MNINonLinear//Results/tfMRI_LANGUAGE/tfMRI_LANGUAGE_hp200_s2_level2_MSMAll.feat/GrayordinatesStats/cope6.feat/zflame1uppertstat1.dtseries.nii","asFWYhc5lewCB5fvXJPPsGNMrwC2ChjY"
"s3://hcp-openaccess/HCP_1200/506234/MNINonLinear/Results/tfMRI_LANGUAGE/tfMRI_LANGUAGE_hp200_s2_level2_MSMAll.feat/GrayordinatesStats/cope6.feat/zstat1.dtseries.nii","506234","MNINonLinear//Results/tfMRI_LANGUAGE/tfMRI_LANGUAGE_hp200_s2_level2_MSMAll.feat/GrayordinatesStats/cope6.feat/zstat1.dtseries.nii","gTq_DaAcq7G7cr.ItdgaUDqw0eqwpKj."
"s3://hcp-openaccess/HCP_1200/506234/MNINonLinear/Results/tfMRI_LANGUAGE/tfMRI_LANGUAGE_hp200_s2_level2_MSMAll.feat/design.con","506234","MNINonLinear//Results/tfMRI_LANGUAGE/tfMRI_LANGUAGE_hp200_s2_level2_MSMAll.feat/design.con","_9lBJffQh689LEpae5qOLa8AJHQbwI4l"
"s3://hcp-openaccess/HCP_1200/506234/MNINonLinear/Results/tfMRI_LANGUAGE/tfMRI_LANGUAGE_hp200_s2_level2_MSMAll.feat/design.fsf","506234","MNINonLinear//Results/tfMRI_LANGUAGE/tfMRI_LANGUAGE_hp200_s2_level2_MSMAll.feat/design.fsf","EgHPH4Ri1s.9mFS1HmQT7MNRS9R.pbt_"
"s3://hcp-openaccess/HCP_1200/506234/MNINonLinear/Results/tfMRI_LANGUAGE/tfMRI_LANGUAGE_hp200_s2_level2_MSMAll.feat/design.grp","506234","MNINonLinear//Results/tfMRI_LANGUAGE/tfMRI_LANGUAGE_hp200_s2_level2_MSMAll.feat/design.grp","iMGDMLGkK.WfOULBTRjpNBXjI1A2Sa_y"
"s3://hcp-openaccess/HCP_1200/506234/MNINonLinear/Results/tfMRI_LANGUAGE/tfMRI_LANGUAGE_hp200_s2_level2_MSMAll.feat/design.mat","506234","MNINonLinear//Results/tfMRI_LANGUAGE/tfMRI_LANGUAGE_hp200_s2_level2_MSMAll.feat/design.mat","VtqCwuvmI9ncziksF4uhDN7zLuqcMBPi"
"s3://hcp-openaccess/HCP_1200/506234/MNINonLinear/Results/tfMRI_LANGUAGE/tfMRI_LANGUAGE_hp200_s2_level2_MSMAll.feat/design.png","506234","MNINonLinear//Results/tfMRI_LANGUAGE/tfMRI_LANGUAGE_hp200_s2_level2_MSMAll.feat/design.png","5DaLbXP0PdNteKvMfWuVe5B5M_LkJ9kR"
"s3://hcp-openaccess/HCP_1200/506234/MNINonLinear/Results/tfMRI_LANGUAGE/tfMRI_LANGUAGE_hp200_s2_level2_MSMAll.feat/design.ppm","506234","MNINonLinear//Results/tfMRI_LANGUAGE/tfMRI_LANGUAGE_hp200_s2_level2_MSMAll.feat/design.ppm","7LAxMj9UxjeAK.NR7ak_VwZ3Jj2H3SSV"
"s3://hcp-openaccess/HCP_1200/506234/MNINonLinear/Results/tfMRI_LANGUAGE/tfMRI_LANGUAGE_hp200_s2_level2_MSMAll.feat/design_cov.png","506234","MNINonLinear//Results/tfMRI_LANGUAGE/tfMRI_LANGUAGE_hp200_s2_level2_MSMAll.feat/design_cov.png","T9.5kYkpDkInyI3txR1eLeoKHKFVq97U"
"s3://hcp-openaccess/HCP_1200/506234/MNINonLinear/Results/tfMRI_LANGUAGE/tfMRI_LANGUAGE_hp200_s2_level2_MSMAll.feat/design_cov.ppm","506234","MNINonLinear//Results/tfMRI_LANGUAGE/tfMRI_LANGUAGE_hp200_s2_level2_MSMAll.feat/design_cov.ppm","WkWATX.DCrGCWUUOaRD9EGqM8gYaS97X"
"s3://hcp-openaccess/HCP_1200/506234/MNINonLinear/Results/tfMRI_LANGUAGE/tfMRI_LANGUAGE_hp200_s4_level2.feat/506234_tfMRI_LANGUAGE_level2_hp200_s4.dscalar.nii","506234","MNINonLinear//Results/tfMRI_LANGUAGE/tfMRI_LANGUAGE_hp200_s4_level2.feat/506234_tfMRI_LANGUAGE_level2_hp200_s4.dscalar.nii","EmB0INDQcYI3jIOv2YjhGZG8iGV1Y9Z8"
"s3://hcp-openaccess/HCP_1200/506234/MNINonLinear/Results/tfMRI_LANGUAGE/tfMRI_LANGUAGE_hp200_s4_level2.feat/Contrasts.txt","506234","MNINonLinear//Results/tfMRI_LANGUAGE/tfMRI_LANGUAGE_hp200_s4_level2.feat/Contrasts.txt","iEW._nCMeXjQy90sxiVQfKlO_3r3TsOM"
"s3://hcp-openaccess/HCP_1200/506234/MNINonLinear/Results/tfMRI_LANGUAGE/tfMRI_LANGUAGE_hp200_s4_level2.feat/GrayordinatesStats/cope1.feat/cope1.dtseries.nii","506234","MNINonLinear//Results/tfMRI_LANGUAGE/tfMRI_LANGUAGE_hp200_s4_level2.feat/GrayordinatesStats/cope1.feat/cope1.dtseries.nii","4Z8d8z970ZkG7nRegkynfLk_8W521ad_"
"s3://hcp-openaccess/HCP_1200/506234/MNINonLinear/Results/tfMRI_LANGUAGE/tfMRI_LANGUAGE_hp200_s4_level2.feat/GrayordinatesStats/cope1.feat/logfile","506234","MNINonLinear//Results/tfMRI_LANGUAGE/tfMRI_LANGUAGE_hp200_s4_level2.feat/GrayordinatesStats/cope1.feat/logfile","VjevfRaVL1AszayyANcdbCRlz6DOOWy3"
"s3://hcp-openaccess/HCP_1200/506234/MNINonLinear/Results/tfMRI_LANGUAGE/tfMRI_LANGUAGE_hp200_s4_level2.feat/GrayordinatesStats/cope1.feat/mask.dtseries.nii","506234","MNINonLinear//Results/tfMRI_LANGUAGE/tfMRI_LANGUAGE_hp200_s4_level2.feat/GrayordinatesStats/cope1.feat/mask.dtseries.nii","xDtrZuuRa1K3PFCeu.1jIsH_39BjJ02S"
"s3://hcp-openaccess/HCP_1200/506234/MNINonLinear/Results/tfMRI_LANGUAGE/tfMRI_LANGUAGE_hp200_s4_level2.feat/GrayordinatesStats/cope1.feat/mean_random_effects_var1.dtseries.nii","506234","MNINonLinear//Results/tfMRI_LANGUAGE/tfMRI_LANGUAGE_hp200_s4_level2.feat/GrayordinatesStats/cope1.feat/mean_random_effects_var1.dtseries.nii","_tWi6Y9EByOU8SuGad0pfwjTiijTGw6y"
"s3://hcp-openaccess/HCP_1200/506234/MNINonLinear/Results/tfMRI_LANGUAGE/tfMRI_LANGUAGE_hp200_s4_level2.feat/GrayordinatesStats/cope1.feat/pe1.dtseries.nii","506234","MNINonLinear//Results/tfMRI_LANGUAGE/tfMRI_LANGUAGE_hp200_s4_level2.feat/GrayordinatesStats/cope1.feat/pe1.dtseries.nii","hohGeRwBM4xhjGbpUNEXttsRNpqDyNxJ"
"s3://hcp-openaccess/HCP_1200/506234/MNINonLinear/Results/tfMRI_LANGUAGE/tfMRI_LANGUAGE_hp200_s4_level2.feat/GrayordinatesStats/cope1.feat/res4d.dtseries.nii","506234","MNINonLinear//Results/tfMRI_LANGUAGE/tfMRI_LANGUAGE_hp200_s4_level2.feat/GrayordinatesStats/cope1.feat/res4d.dtseries.nii","amJAIMr8eNv6WMIvhndeyPf0NO6w7Yq."
"s3://hcp-openaccess/HCP_1200/506234/MNINonLinear/Results/tfMRI_LANGUAGE/tfMRI_LANGUAGE_hp200_s4_level2.feat/GrayordinatesStats/cope1.feat/tdof_t1.dtseries.nii","506234","MNINonLinear//Results/tfMRI_LANGUAGE/tfMRI_LANGUAGE_hp200_s4_level2.feat/GrayordinatesStats/cope1.feat/tdof_t1.dtseries.nii","9GLpoUa2z7Wpfyl3KXErtVHHqdbVxopr"
"s3://hcp-openaccess/HCP_1200/506234/MNINonLinear/Results/tfMRI_LANGUAGE/tfMRI_LANGUAGE_hp200_s4_level2.feat/GrayordinatesStats/cope1.feat/tstat1.dtseries.nii","506234","MNINonLinear//Results/tfMRI_LANGUAGE/tfMRI_LANGUAGE_hp200_s4_level2.feat/GrayordinatesStats/cope1.feat/tstat1.dtseries.nii","BNC7.N5mbC6gFebEmNOhEPxid3jjz2RK"
"s3://hcp-openaccess/HCP_1200/506234/MNINonLinear/Results/tfMRI_LANGUAGE/tfMRI_LANGUAGE_hp200_s4_level2.feat/GrayordinatesStats/cope1.feat/varcope1.dtseries.nii","506234","MNINonLinear//Results/tfMRI_LANGUAGE/tfMRI_LANGUAGE_hp200_s4_level2.feat/GrayordinatesStats/cope1.feat/varcope1.dtseries.nii","KFHFcA0sPLql9ACjlxA0sctvaYOXMBlv"
"s3://hcp-openaccess/HCP_1200/506234/MNINonLinear/Results/tfMRI_LANGUAGE/tfMRI_LANGUAGE_hp200_s4_level2.feat/GrayordinatesStats/cope1.feat/weights1.dtseries.nii","506234","MNINonLinear//Results/tfMRI_LANGUAGE/tfMRI_LANGUAGE_hp200_s4_level2.feat/GrayordinatesStats/cope1.feat/weights1.dtseries.nii","04mwgoWyEkAt_Jx5WcFl5RMaPo5Nivo5"
"s3://hcp-openaccess/HCP_1200/506234/MNINonLinear/Results/tfMRI_LANGUAGE/tfMRI_LANGUAGE_hp200_s4_level2.feat/GrayordinatesStats/cope1.feat/zflame1lowertstat1.dtseries.nii","506234","MNINonLinear//Results/tfMRI_LANGUAGE/tfMRI_LANGUAGE_hp200_s4_level2.feat/GrayordinatesStats/cope1.feat/zflame1lowertstat1.dtseries.nii","Doi_dwYRv7Zj6Oe2nUyHYC9me3sL2V7o"
"s3://hcp-openaccess/HCP_1200/506234/MNINonLinear/Results/tfMRI_LANGUAGE/tfMRI_LANGUAGE_hp200_s4_level2.feat/GrayordinatesStats/cope1.feat/zflame1uppertstat1.dtseries.nii","506234","MNINonLinear//Results/tfMRI_LANGUAGE/tfMRI_LANGUAGE_hp200_s4_level2.feat/GrayordinatesStats/cope1.feat/zflame1uppertstat1.dtseries.nii","YblkfpeNfUvJkI6GA_tWBVA4QKFtj10I"
"s3://hcp-openaccess/HCP_1200/506234/MNINonLinear/Results/tfMRI_LANGUAGE/tfMRI_LANGUAGE_hp200_s4_level2.feat/GrayordinatesStats/cope1.feat/zstat1.dtseries.nii","506234","MNINonLinear//Results/tfMRI_LANGUAGE/tfMRI_LANGUAGE_hp200_s4_level2.feat/GrayordinatesStats/cope1.feat/zstat1.dtseries.nii","W6d3cHl93maQj8p8Bj6nqodKI44m8wOR"
"s3://hcp-openaccess/HCP_1200/506234/MNINonLinear/Results/tfMRI_LANGUAGE/tfMRI_LANGUAGE_hp200_s4_level2.feat/GrayordinatesStats/cope2.feat/cope1.dtseries.nii","506234","MNINonLinear//Results/tfMRI_LANGUAGE/tfMRI_LANGUAGE_hp200_s4_level2.feat/GrayordinatesStats/cope2.feat/cope1.dtseries.nii","nOCGWmMHytoKwJ8JZz58.pNvA4uVZkfn"
"s3://hcp-openaccess/HCP_1200/506234/MNINonLinear/Results/tfMRI_LANGUAGE/tfMRI_LANGUAGE_hp200_s4_level2.feat/GrayordinatesStats/cope2.feat/logfile","506234","MNINonLinear//Results/tfMRI_LANGUAGE/tfMRI_LANGUAGE_hp200_s4_level2.feat/GrayordinatesStats/cope2.feat/logfile","M4gCBo0CwvSnx1iTuxThJiMDptZzhyjA"
"s3://hcp-openaccess/HCP_1200/506234/MNINonLinear/Results/tfMRI_LANGUAGE/tfMRI_LANGUAGE_hp200_s4_level2.feat/GrayordinatesStats/cope2.feat/mask.dtseries.nii","506234","MNINonLinear//Results/tfMRI_LANGUAGE/tfMRI_LANGUAGE_hp200_s4_level2.feat/GrayordinatesStats/cope2.feat/mask.dtseries.nii","WykTe7tuaeGMAhxyxGZQyoqEznwPZE_E"
"s3://hcp-openaccess/HCP_1200/506234/MNINonLinear/Results/tfMRI_LANGUAGE/tfMRI_LANGUAGE_hp200_s4_level2.feat/GrayordinatesStats/cope2.feat/mean_random_effects_var1.dtseries.nii","506234","MNINonLinear//Results/tfMRI_LANGUAGE/tfMRI_LANGUAGE_hp200_s4_level2.feat/GrayordinatesStats/cope2.feat/mean_random_effects_var1.dtseries.nii","KSeaOXYeJbPxbxbGkBHHgjmhFGr88fnz"
"s3://hcp-openaccess/HCP_1200/506234/MNINonLinear/Results/tfMRI_LANGUAGE/tfMRI_LANGUAGE_hp200_s4_level2.feat/GrayordinatesStats/cope2.feat/pe1.dtseries.nii","506234","MNINonLinear//Results/tfMRI_LANGUAGE/tfMRI_LANGUAGE_hp200_s4_level2.feat/GrayordinatesStats/cope2.feat/pe1.dtseries.nii","yKIgbDwqYwbOFQnOuKTR_bZ8gkDgJ_pT"
"s3://hcp-openaccess/HCP_1200/506234/MNINonLinear/Results/tfMRI_LANGUAGE/tfMRI_LANGUAGE_hp200_s4_level2.feat/GrayordinatesStats/cope2.feat/res4d.dtseries.nii","506234","MNINonLinear//Results/tfMRI_LANGUAGE/tfMRI_LANGUAGE_hp200_s4_level2.feat/GrayordinatesStats/cope2.feat/res4d.dtseries.nii","16LVLIqLIo_c9CF6Zc.9rVR9a2ZGUPQg"
"s3://hcp-openaccess/HCP_1200/506234/MNINonLinear/Results/tfMRI_LANGUAGE/tfMRI_LANGUAGE_hp200_s4_level2.feat/GrayordinatesStats/cope2.feat/tdof_t1.dtseries.nii","506234","MNINonLinear//Results/tfMRI_LANGUAGE/tfMRI_LANGUAGE_hp200_s4_level2.feat/GrayordinatesStats/cope2.feat/tdof_t1.dtseries.nii","uf8naKowQkDxW2QW5QN1Hj_yBVpzzAU4"
"s3://hcp-openaccess/HCP_1200/506234/MNINonLinear/Results/tfMRI_LANGUAGE/tfMRI_LANGUAGE_hp200_s4_level2.feat/GrayordinatesStats/cope2.feat/tstat1.dtseries.nii","506234","MNINonLinear//Results/tfMRI_LANGUAGE/tfMRI_LANGUAGE_hp200_s4_level2.feat/GrayordinatesStats/cope2.feat/tstat1.dtseries.nii","JAYzDMKLingyy37t5NYTX0felgyIZZye"
"s3://hcp-openaccess/HCP_1200/506234/MNINonLinear/Results/tfMRI_LANGUAGE/tfMRI_LANGUAGE_hp200_s4_level2.feat/GrayordinatesStats/cope2.feat/varcope1.dtseries.nii","506234","MNINonLinear//Results/tfMRI_LANGUAGE/tfMRI_LANGUAGE_hp200_s4_level2.feat/GrayordinatesStats/cope2.feat/varcope1.dtseries.nii","MxXmQfkBODHDfMMprq4U6bhlfM_Ti3fv"
"s3://hcp-openaccess/HCP_1200/506234/MNINonLinear/Results/tfMRI_LANGUAGE/tfMRI_LANGUAGE_hp200_s4_level2.feat/GrayordinatesStats/cope2.feat/weights1.dtseries.nii","506234","MNINonLinear//Results/tfMRI_LANGUAGE/tfMRI_LANGUAGE_hp200_s4_level2.feat/GrayordinatesStats/cope2.feat/weights1.dtseries.nii","Zrwklvwlx0lgRpr3fU2wcbpcGhKyqRy5"
"s3://hcp-openaccess/HCP_1200/506234/MNINonLinear/Results/tfMRI_LANGUAGE/tfMRI_LANGUAGE_hp200_s4_level2.feat/GrayordinatesStats/cope2.feat/zflame1lowertstat1.dtseries.nii","506234","MNINonLinear//Results/tfMRI_LANGUAGE/tfMRI_LANGUAGE_hp200_s4_level2.feat/GrayordinatesStats/cope2.feat/zflame1lowertstat1.dtseries.nii","bF00si8XjGaEqNLirGn40e98hqOnbdO5"
"s3://hcp-openaccess/HCP_1200/506234/MNINonLinear/Results/tfMRI_LANGUAGE/tfMRI_LANGUAGE_hp200_s4_level2.feat/GrayordinatesStats/cope2.feat/zflame1uppertstat1.dtseries.nii","506234","MNINonLinear//Results/tfMRI_LANGUAGE/tfMRI_LANGUAGE_hp200_s4_level2.feat/GrayordinatesStats/cope2.feat/zflame1uppertstat1.dtseries.nii","nr_agbWnV9DaDa6mO.Db034EM7sa_DGS"
"s3://hcp-openaccess/HCP_1200/506234/MNINonLinear/Results/tfMRI_LANGUAGE/tfMRI_LANGUAGE_hp200_s4_level2.feat/GrayordinatesStats/cope2.feat/zstat1.dtseries.nii","506234","MNINonLinear//Results/tfMRI_LANGUAGE/tfMRI_LANGUAGE_hp200_s4_level2.feat/GrayordinatesStats/cope2.feat/zstat1.dtseries.nii","6bGoozGtM4EmC2V3l3ATz534OG93qhwc"
"s3://hcp-openaccess/HCP_1200/506234/MNINonLinear/Results/tfMRI_LANGUAGE/tfMRI_LANGUAGE_hp200_s4_level2.feat/GrayordinatesStats/cope3.feat/cope1.dtseries.nii","506234","MNINonLinear//Results/tfMRI_LANGUAGE/tfMRI_LANGUAGE_hp200_s4_level2.feat/GrayordinatesStats/cope3.feat/cope1.dtseries.nii","wRKKfozjjcMa6P2KtJSiwO63cNPUn8JP"
"s3://hcp-openaccess/HCP_1200/506234/MNINonLinear/Results/tfMRI_LANGUAGE/tfMRI_LANGUAGE_hp200_s4_level2.feat/GrayordinatesStats/cope3.feat/logfile","506234","MNINonLinear//Results/tfMRI_LANGUAGE/tfMRI_LANGUAGE_hp200_s4_level2.feat/GrayordinatesStats/cope3.feat/logfile","gXYh7lNSpGNJEv8Ea78cmy40Wpn0er1p"
"s3://hcp-openaccess/HCP_1200/506234/MNINonLinear/Results/tfMRI_LANGUAGE/tfMRI_LANGUAGE_hp200_s4_level2.feat/GrayordinatesStats/cope3.feat/mask.dtseries.nii","506234","MNINonLinear//Results/tfMRI_LANGUAGE/tfMRI_LANGUAGE_hp200_s4_level2.feat/GrayordinatesStats/cope3.feat/mask.dtseries.nii","t.aeE_0LIxaNoFK7nu4Au6j0WIJpFKGQ"
"s3://hcp-openaccess/HCP_1200/506234/MNINonLinear/Results/tfMRI_LANGUAGE/tfMRI_LANGUAGE_hp200_s4_level2.feat/GrayordinatesStats/cope3.feat/mean_random_effects_var1.dtseries.nii","506234","MNINonLinear//Results/tfMRI_LANGUAGE/tfMRI_LANGUAGE_hp200_s4_level2.feat/GrayordinatesStats/cope3.feat/mean_random_effects_var1.dtseries.nii","_i0SzH4WzpZ_A3uYyxICCeo_2IsZweUf"
"s3://hcp-openaccess/HCP_1200/506234/MNINonLinear/Results/tfMRI_LANGUAGE/tfMRI_LANGUAGE_hp200_s4_level2.feat/GrayordinatesStats/cope3.feat/pe1.dtseries.nii","506234","MNINonLinear//Results/tfMRI_LANGUAGE/tfMRI_LANGUAGE_hp200_s4_level2.feat/GrayordinatesStats/cope3.feat/pe1.dtseries.nii","VcY00McxorzStqzkGKBqGLKQVOtqixFs"
"s3://hcp-openaccess/HCP_1200/506234/MNINonLinear/Results/tfMRI_LANGUAGE/tfMRI_LANGUAGE_hp200_s4_level2.feat/GrayordinatesStats/cope3.feat/res4d.dtseries.nii","506234","MNINonLinear//Results/tfMRI_LANGUAGE/tfMRI_LANGUAGE_hp200_s4_level2.feat/GrayordinatesStats/cope3.feat/res4d.dtseries.nii","CBOcmEgFJKW6c9xy4UJjerBeUWU8vMl5"
"s3://hcp-openaccess/HCP_1200/506234/MNINonLinear/Results/tfMRI_LANGUAGE/tfMRI_LANGUAGE_hp200_s4_level2.feat/GrayordinatesStats/cope3.feat/tdof_t1.dtseries.nii","506234","MNINonLinear//Results/tfMRI_LANGUAGE/tfMRI_LANGUAGE_hp200_s4_level2.feat/GrayordinatesStats/cope3.feat/tdof_t1.dtseries.nii","RMidXzUuOaOO3iqY_mfiLLaQ6MvnZjZg"
"s3://hcp-openaccess/HCP_1200/506234/MNINonLinear/Results/tfMRI_LANGUAGE/tfMRI_LANGUAGE_hp200_s4_level2.feat/GrayordinatesStats/cope3.feat/tstat1.dtseries.nii","506234","MNINonLinear//Results/tfMRI_LANGUAGE/tfMRI_LANGUAGE_hp200_s4_level2.feat/GrayordinatesStats/cope3.feat/tstat1.dtseries.nii","KRDHuBSVysyg8z7TCvtpJ083Yuy4Wj1R"
"s3://hcp-openaccess/HCP_1200/506234/MNINonLinear/Results/tfMRI_LANGUAGE/tfMRI_LANGUAGE_hp200_s4_level2.feat/GrayordinatesStats/cope3.feat/varcope1.dtseries.nii","506234","MNINonLinear//Results/tfMRI_LANGUAGE/tfMRI_LANGUAGE_hp200_s4_level2.feat/GrayordinatesStats/cope3.feat/varcope1.dtseries.nii","m9zVKYy1LmDyzyF4MRadwfs1iAkRl5dC"
"s3://hcp-openaccess/HCP_1200/506234/MNINonLinear/Results/tfMRI_LANGUAGE/tfMRI_LANGUAGE_hp200_s4_level2.feat/GrayordinatesStats/cope3.feat/weights1.dtseries.nii","506234","MNINonLinear//Results/tfMRI_LANGUAGE/tfMRI_LANGUAGE_hp200_s4_level2.feat/GrayordinatesStats/cope3.feat/weights1.dtseries.nii","gkqhihu9TGS_pQVEVo5Wf_ARPMjnjn5g"
"s3://hcp-openaccess/HCP_1200/506234/MNINonLinear/Results/tfMRI_LANGUAGE/tfMRI_LANGUAGE_hp200_s4_level2.feat/GrayordinatesStats/cope3.feat/zflame1lowertstat1.dtseries.nii","506234","MNINonLinear//Results/tfMRI_LANGUAGE/tfMRI_LANGUAGE_hp200_s4_level2.feat/GrayordinatesStats/cope3.feat/zflame1lowertstat1.dtseries.nii","cTM0NKFGZz9qmDddPP5sGJAtW7wAxkza"
"s3://hcp-openaccess/HCP_1200/506234/MNINonLinear/Results/tfMRI_LANGUAGE/tfMRI_LANGUAGE_hp200_s4_level2.feat/GrayordinatesStats/cope3.feat/zflame1uppertstat1.dtseries.nii","506234","MNINonLinear//Results/tfMRI_LANGUAGE/tfMRI_LANGUAGE_hp200_s4_level2.feat/GrayordinatesStats/cope3.feat/zflame1uppertstat1.dtseries.nii","aw60jNlWWtV9_2OhBAIxS22.7hUZWK0r"
"s3://hcp-openaccess/HCP_1200/506234/MNINonLinear/Results/tfMRI_LANGUAGE/tfMRI_LANGUAGE_hp200_s4_level2.feat/GrayordinatesStats/cope3.feat/zstat1.dtseries.nii","506234","MNINonLinear//Results/tfMRI_LANGUAGE/tfMRI_LANGUAGE_hp200_s4_level2.feat/GrayordinatesStats/cope3.feat/zstat1.dtseries.nii","F3A_OG4RM9.r0LE50rCbsfi.sS0pw14v"
"s3://hcp-openaccess/HCP_1200/506234/MNINonLinear/Results/tfMRI_LANGUAGE/tfMRI_LANGUAGE_hp200_s4_level2.feat/GrayordinatesStats/cope4.feat/cope1.dtseries.nii","506234","MNINonLinear//Results/tfMRI_LANGUAGE/tfMRI_LANGUAGE_hp200_s4_level2.feat/GrayordinatesStats/cope4.feat/cope1.dtseries.nii","vR1IP707S2b.9Hj8CFTey0NWNTAWMeCc"
"s3://hcp-openaccess/HCP_1200/506234/MNINonLinear/Results/tfMRI_LANGUAGE/tfMRI_LANGUAGE_hp200_s4_level2.feat/GrayordinatesStats/cope4.feat/logfile","506234","MNINonLinear//Results/tfMRI_LANGUAGE/tfMRI_LANGUAGE_hp200_s4_level2.feat/GrayordinatesStats/cope4.feat/logfile","4PSpXyhjg6JVcCmj_16THKGDCNLkymf0"
"s3://hcp-openaccess/HCP_1200/506234/MNINonLinear/Results/tfMRI_LANGUAGE/tfMRI_LANGUAGE_hp200_s4_level2.feat/GrayordinatesStats/cope4.feat/mask.dtseries.nii","506234","MNINonLinear//Results/tfMRI_LANGUAGE/tfMRI_LANGUAGE_hp200_s4_level2.feat/GrayordinatesStats/cope4.feat/mask.dtseries.nii","h_dfOMCBbD.mVozEaCnZk0gP4_ivYksP"
"s3://hcp-openaccess/HCP_1200/506234/MNINonLinear/Results/tfMRI_LANGUAGE/tfMRI_LANGUAGE_hp200_s4_level2.feat/GrayordinatesStats/cope4.feat/mean_random_effects_var1.dtseries.nii","506234","MNINonLinear//Results/tfMRI_LANGUAGE/tfMRI_LANGUAGE_hp200_s4_level2.feat/GrayordinatesStats/cope4.feat/mean_random_effects_var1.dtseries.nii","grPicsUQBEeJXrv1W7X73Ofi8DAdUUkz"
"s3://hcp-openaccess/HCP_1200/506234/MNINonLinear/Results/tfMRI_LANGUAGE/tfMRI_LANGUAGE_hp200_s4_level2.feat/GrayordinatesStats/cope4.feat/pe1.dtseries.nii","506234","MNINonLinear//Results/tfMRI_LANGUAGE/tfMRI_LANGUAGE_hp200_s4_level2.feat/GrayordinatesStats/cope4.feat/pe1.dtseries.nii","VuuzufHgK3SOvXPo3pVJBnqGeB1lC0CL"
"s3://hcp-openaccess/HCP_1200/506234/MNINonLinear/Results/tfMRI_LANGUAGE/tfMRI_LANGUAGE_hp200_s4_level2.feat/GrayordinatesStats/cope4.feat/res4d.dtseries.nii","506234","MNINonLinear//Results/tfMRI_LANGUAGE/tfMRI_LANGUAGE_hp200_s4_level2.feat/GrayordinatesStats/cope4.feat/res4d.dtseries.nii","IM8mrC_tbltoPmZvh9QyNx6_OYxjOTiD"
"s3://hcp-openaccess/HCP_1200/506234/MNINonLinear/Results/tfMRI_LANGUAGE/tfMRI_LANGUAGE_hp200_s4_level2.feat/GrayordinatesStats/cope4.feat/tdof_t1.dtseries.nii","506234","MNINonLinear//Results/tfMRI_LANGUAGE/tfMRI_LANGUAGE_hp200_s4_level2.feat/GrayordinatesStats/cope4.feat/tdof_t1.dtseries.nii","pG9gqWwHG6m4UrnsHcES7EhJtGwr.xXG"
"s3://hcp-openaccess/HCP_1200/506234/MNINonLinear/Results/tfMRI_LANGUAGE/tfMRI_LANGUAGE_hp200_s4_level2.feat/GrayordinatesStats/cope4.feat/tstat1.dtseries.nii","506234","MNINonLinear//Results/tfMRI_LANGUAGE/tfMRI_LANGUAGE_hp200_s4_level2.feat/GrayordinatesStats/cope4.feat/tstat1.dtseries.nii","ZsPVuzIbEmW99Qvd5x72Yn3U5RK9qycn"
"s3://hcp-openaccess/HCP_1200/506234/MNINonLinear/Results/tfMRI_LANGUAGE/tfMRI_LANGUAGE_hp200_s4_level2.feat/GrayordinatesStats/cope4.feat/varcope1.dtseries.nii","506234","MNINonLinear//Results/tfMRI_LANGUAGE/tfMRI_LANGUAGE_hp200_s4_level2.feat/GrayordinatesStats/cope4.feat/varcope1.dtseries.nii","fQjodjj8NA3gicAxLe8RV4VvupU4KwHL"
"s3://hcp-openaccess/HCP_1200/506234/MNINonLinear/Results/tfMRI_LANGUAGE/tfMRI_LANGUAGE_hp200_s4_level2.feat/GrayordinatesStats/cope4.feat/weights1.dtseries.nii","506234","MNINonLinear//Results/tfMRI_LANGUAGE/tfMRI_LANGUAGE_hp200_s4_level2.feat/GrayordinatesStats/cope4.feat/weights1.dtseries.nii","xZ6B1DJYYV0ubNq9xAmvau0lDEmUs6hC"
"s3://hcp-openaccess/HCP_1200/506234/MNINonLinear/Results/tfMRI_LANGUAGE/tfMRI_LANGUAGE_hp200_s4_level2.feat/GrayordinatesStats/cope4.feat/zflame1lowertstat1.dtseries.nii","506234","MNINonLinear//Results/tfMRI_LANGUAGE/tfMRI_LANGUAGE_hp200_s4_level2.feat/GrayordinatesStats/cope4.feat/zflame1lowertstat1.dtseries.nii","6M7iIzk7cszjoa8q9TvDABlE9EFSZ.Uo"
"s3://hcp-openaccess/HCP_1200/506234/MNINonLinear/Results/tfMRI_LANGUAGE/tfMRI_LANGUAGE_hp200_s4_level2.feat/GrayordinatesStats/cope4.feat/zflame1uppertstat1.dtseries.nii","506234","MNINonLinear//Results/tfMRI_LANGUAGE/tfMRI_LANGUAGE_hp200_s4_level2.feat/GrayordinatesStats/cope4.feat/zflame1uppertstat1.dtseries.nii","sPN9.SvRYKGJNhjY3XamtuYMRmCIVMwD"
"s3://hcp-openaccess/HCP_1200/506234/MNINonLinear/Results/tfMRI_LANGUAGE/tfMRI_LANGUAGE_hp200_s4_level2.feat/GrayordinatesStats/cope4.feat/zstat1.dtseries.nii","506234","MNINonLinear//Results/tfMRI_LANGUAGE/tfMRI_LANGUAGE_hp200_s4_level2.feat/GrayordinatesStats/cope4.feat/zstat1.dtseries.nii","ei1vekPz5L8cZRstgW9IH2_LAd1XEPDd"
"s3://hcp-openaccess/HCP_1200/506234/MNINonLinear/Results/tfMRI_LANGUAGE/tfMRI_LANGUAGE_hp200_s4_level2.feat/GrayordinatesStats/cope5.feat/cope1.dtseries.nii","506234","MNINonLinear//Results/tfMRI_LANGUAGE/tfMRI_LANGUAGE_hp200_s4_level2.feat/GrayordinatesStats/cope5.feat/cope1.dtseries.nii","rZvsnD_ddVCM4FdOiNCshyEKU2itFWyG"
"s3://hcp-openaccess/HCP_1200/506234/MNINonLinear/Results/tfMRI_LANGUAGE/tfMRI_LANGUAGE_hp200_s4_level2.feat/GrayordinatesStats/cope5.feat/logfile","506234","MNINonLinear//Results/tfMRI_LANGUAGE/tfMRI_LANGUAGE_hp200_s4_level2.feat/GrayordinatesStats/cope5.feat/logfile","9iB0cVWNMzGkEeIolErzL6XrMaao1Z_P"
"s3://hcp-openaccess/HCP_1200/506234/MNINonLinear/Results/tfMRI_LANGUAGE/tfMRI_LANGUAGE_hp200_s4_level2.feat/GrayordinatesStats/cope5.feat/mask.dtseries.nii","506234","MNINonLinear//Results/tfMRI_LANGUAGE/tfMRI_LANGUAGE_hp200_s4_level2.feat/GrayordinatesStats/cope5.feat/mask.dtseries.nii","sTRadl_GYLCaMqNmyJKzi0KmKdnelsME"
"s3://hcp-openaccess/HCP_1200/506234/MNINonLinear/Results/tfMRI_LANGUAGE/tfMRI_LANGUAGE_hp200_s4_level2.feat/GrayordinatesStats/cope5.feat/mean_random_effects_var1.dtseries.nii","506234","MNINonLinear//Results/tfMRI_LANGUAGE/tfMRI_LANGUAGE_hp200_s4_level2.feat/GrayordinatesStats/cope5.feat/mean_random_effects_var1.dtseries.nii","SXqCuIlC4vtgvJy3.zuNP4xKO3rMTyZ9"
"s3://hcp-openaccess/HCP_1200/506234/MNINonLinear/Results/tfMRI_LANGUAGE/tfMRI_LANGUAGE_hp200_s4_level2.feat/GrayordinatesStats/cope5.feat/pe1.dtseries.nii","506234","MNINonLinear//Results/tfMRI_LANGUAGE/tfMRI_LANGUAGE_hp200_s4_level2.feat/GrayordinatesStats/cope5.feat/pe1.dtseries.nii","9dBw62JnEERy5nxO2Ai1yKtu7XyJsEtc"
"s3://hcp-openaccess/HCP_1200/506234/MNINonLinear/Results/tfMRI_LANGUAGE/tfMRI_LANGUAGE_hp200_s4_level2.feat/GrayordinatesStats/cope5.feat/res4d.dtseries.nii","506234","MNINonLinear//Results/tfMRI_LANGUAGE/tfMRI_LANGUAGE_hp200_s4_level2.feat/GrayordinatesStats/cope5.feat/res4d.dtseries.nii","ipFWWCZ.cLXf3bwBXyCA9l9dkxxHc5pb"
"s3://hcp-openaccess/HCP_1200/506234/MNINonLinear/Results/tfMRI_LANGUAGE/tfMRI_LANGUAGE_hp200_s4_level2.feat/GrayordinatesStats/cope5.feat/tdof_t1.dtseries.nii","506234","MNINonLinear//Results/tfMRI_LANGUAGE/tfMRI_LANGUAGE_hp200_s4_level2.feat/GrayordinatesStats/cope5.feat/tdof_t1.dtseries.nii","SlwO.id1he6ckMvmaz28PiNp81Fx28f_"
"s3://hcp-openaccess/HCP_1200/506234/MNINonLinear/Results/tfMRI_LANGUAGE/tfMRI_LANGUAGE_hp200_s4_level2.feat/GrayordinatesStats/cope5.feat/tstat1.dtseries.nii","506234","MNINonLinear//Results/tfMRI_LANGUAGE/tfMRI_LANGUAGE_hp200_s4_level2.feat/GrayordinatesStats/cope5.feat/tstat1.dtseries.nii","_wPgP9V2MINw..3hDfIpvl7NPfdQg8Ro"
"s3://hcp-openaccess/HCP_1200/506234/MNINonLinear/Results/tfMRI_LANGUAGE/tfMRI_LANGUAGE_hp200_s4_level2.feat/GrayordinatesStats/cope5.feat/varcope1.dtseries.nii","506234","MNINonLinear//Results/tfMRI_LANGUAGE/tfMRI_LANGUAGE_hp200_s4_level2.feat/GrayordinatesStats/cope5.feat/varcope1.dtseries.nii","TSBXu_zZJnLq8L7m1I2pk7vkMbLdPYHz"
"s3://hcp-openaccess/HCP_1200/506234/MNINonLinear/Results/tfMRI_LANGUAGE/tfMRI_LANGUAGE_hp200_s4_level2.feat/GrayordinatesStats/cope5.feat/weights1.dtseries.nii","506234","MNINonLinear//Results/tfMRI_LANGUAGE/tfMRI_LANGUAGE_hp200_s4_level2.feat/GrayordinatesStats/cope5.feat/weights1.dtseries.nii","_TFm1lXfWlsKDRbfD0pG2EV0kD2BmvGx"
"s3://hcp-openaccess/HCP_1200/506234/MNINonLinear/Results/tfMRI_LANGUAGE/tfMRI_LANGUAGE_hp200_s4_level2.feat/GrayordinatesStats/cope5.feat/zflame1lowertstat1.dtseries.nii","506234","MNINonLinear//Results/tfMRI_LANGUAGE/tfMRI_LANGUAGE_hp200_s4_level2.feat/GrayordinatesStats/cope5.feat/zflame1lowertstat1.dtseries.nii","SkajfWYVUfJC2tyDAPz9VYZ9lSvMBHH3"
"s3://hcp-openaccess/HCP_1200/506234/MNINonLinear/Results/tfMRI_LANGUAGE/tfMRI_LANGUAGE_hp200_s4_level2.feat/GrayordinatesStats/cope5.feat/zflame1uppertstat1.dtseries.nii","506234","MNINonLinear//Results/tfMRI_LANGUAGE/tfMRI_LANGUAGE_hp200_s4_level2.feat/GrayordinatesStats/cope5.feat/zflame1uppertstat1.dtseries.nii","w1ZLAUPlbX3wxV0GFJIXWyLMynj6dRvY"
"s3://hcp-openaccess/HCP_1200/506234/MNINonLinear/Results/tfMRI_LANGUAGE/tfMRI_LANGUAGE_hp200_s4_level2.feat/GrayordinatesStats/cope5.feat/zstat1.dtseries.nii","506234","MNINonLinear//Results/tfMRI_LANGUAGE/tfMRI_LANGUAGE_hp200_s4_level2.feat/GrayordinatesStats/cope5.feat/zstat1.dtseries.nii","cqpBh..QhE5eLVHF_L6TqyzGF_OaCAu7"
"s3://hcp-openaccess/HCP_1200/506234/MNINonLinear/Results/tfMRI_LANGUAGE/tfMRI_LANGUAGE_hp200_s4_level2.feat/GrayordinatesStats/cope6.feat/cope1.dtseries.nii","506234","MNINonLinear//Results/tfMRI_LANGUAGE/tfMRI_LANGUAGE_hp200_s4_level2.feat/GrayordinatesStats/cope6.feat/cope1.dtseries.nii","WjmsA.G1w6ntMhe1Gvi9Q4sC1Z7x4cJd"
"s3://hcp-openaccess/HCP_1200/506234/MNINonLinear/Results/tfMRI_LANGUAGE/tfMRI_LANGUAGE_hp200_s4_level2.feat/GrayordinatesStats/cope6.feat/logfile","506234","MNINonLinear//Results/tfMRI_LANGUAGE/tfMRI_LANGUAGE_hp200_s4_level2.feat/GrayordinatesStats/cope6.feat/logfile","QkbZXPjXy3XJUR50XE5Fnjm_8weffJTw"
"s3://hcp-openaccess/HCP_1200/506234/MNINonLinear/Results/tfMRI_LANGUAGE/tfMRI_LANGUAGE_hp200_s4_level2.feat/GrayordinatesStats/cope6.feat/mask.dtseries.nii","506234","MNINonLinear//Results/tfMRI_LANGUAGE/tfMRI_LANGUAGE_hp200_s4_level2.feat/GrayordinatesStats/cope6.feat/mask.dtseries.nii","75qJTuWbE1IliiIdSXXicx_QPS79_Y_t"
"s3://hcp-openaccess/HCP_1200/506234/MNINonLinear/Results/tfMRI_LANGUAGE/tfMRI_LANGUAGE_hp200_s4_level2.feat/GrayordinatesStats/cope6.feat/mean_random_effects_var1.dtseries.nii","506234","MNINonLinear//Results/tfMRI_LANGUAGE/tfMRI_LANGUAGE_hp200_s4_level2.feat/GrayordinatesStats/cope6.feat/mean_random_effects_var1.dtseries.nii","wxyOcbYiyoTB_gfOg7qKuZQi0dGD7FaI"
"s3://hcp-openaccess/HCP_1200/506234/MNINonLinear/Results/tfMRI_LANGUAGE/tfMRI_LANGUAGE_hp200_s4_level2.feat/GrayordinatesStats/cope6.feat/pe1.dtseries.nii","506234","MNINonLinear//Results/tfMRI_LANGUAGE/tfMRI_LANGUAGE_hp200_s4_level2.feat/GrayordinatesStats/cope6.feat/pe1.dtseries.nii","2eTBVtoiZgCm8PBuY2qBpwcmqAipWP1C"
"s3://hcp-openaccess/HCP_1200/506234/MNINonLinear/Results/tfMRI_LANGUAGE/tfMRI_LANGUAGE_hp200_s4_level2.feat/GrayordinatesStats/cope6.feat/res4d.dtseries.nii","506234","MNINonLinear//Results/tfMRI_LANGUAGE/tfMRI_LANGUAGE_hp200_s4_level2.feat/GrayordinatesStats/cope6.feat/res4d.dtseries.nii","WsrzVpwnc6wUTwMPxtN7VveiZdEIPMJi"
"s3://hcp-openaccess/HCP_1200/506234/MNINonLinear/Results/tfMRI_LANGUAGE/tfMRI_LANGUAGE_hp200_s4_level2.feat/GrayordinatesStats/cope6.feat/tdof_t1.dtseries.nii","506234","MNINonLinear//Results/tfMRI_LANGUAGE/tfMRI_LANGUAGE_hp200_s4_level2.feat/GrayordinatesStats/cope6.feat/tdof_t1.dtseries.nii","Ayoht5HfeP4ceJXLTo9_ze7VH7Ug6SNA"
"s3://hcp-openaccess/HCP_1200/506234/MNINonLinear/Results/tfMRI_LANGUAGE/tfMRI_LANGUAGE_hp200_s4_level2.feat/GrayordinatesStats/cope6.feat/tstat1.dtseries.nii","506234","MNINonLinear//Results/tfMRI_LANGUAGE/tfMRI_LANGUAGE_hp200_s4_level2.feat/GrayordinatesStats/cope6.feat/tstat1.dtseries.nii","JUojwF3cHUs0zAKtrURItWrE0nvR274G"
"s3://hcp-openaccess/HCP_1200/506234/MNINonLinear/Results/tfMRI_LANGUAGE/tfMRI_LANGUAGE_hp200_s4_level2.feat/GrayordinatesStats/cope6.feat/varcope1.dtseries.nii","506234","MNINonLinear//Results/tfMRI_LANGUAGE/tfMRI_LANGUAGE_hp200_s4_level2.feat/GrayordinatesStats/cope6.feat/varcope1.dtseries.nii","O8kji77aJUU1q58ELrs4RnLvaifRTDpG"
"s3://hcp-openaccess/HCP_1200/506234/MNINonLinear/Results/tfMRI_LANGUAGE/tfMRI_LANGUAGE_hp200_s4_level2.feat/GrayordinatesStats/cope6.feat/weights1.dtseries.nii","506234","MNINonLinear//Results/tfMRI_LANGUAGE/tfMRI_LANGUAGE_hp200_s4_level2.feat/GrayordinatesStats/cope6.feat/weights1.dtseries.nii","apeSCx7zy9znYVvA4E0.kOVlMlAqPuuZ"
"s3://hcp-openaccess/HCP_1200/506234/MNINonLinear/Results/tfMRI_LANGUAGE/tfMRI_LANGUAGE_hp200_s4_level2.feat/GrayordinatesStats/cope6.feat/zflame1lowertstat1.dtseries.nii","506234","MNINonLinear//Results/tfMRI_LANGUAGE/tfMRI_LANGUAGE_hp200_s4_level2.feat/GrayordinatesStats/cope6.feat/zflame1lowertstat1.dtseries.nii","7MbmB.DfcBJWst_Oty_wRz_JRMUJGn0y"
"s3://hcp-openaccess/HCP_1200/506234/MNINonLinear/Results/tfMRI_LANGUAGE/tfMRI_LANGUAGE_hp200_s4_level2.feat/GrayordinatesStats/cope6.feat/zflame1uppertstat1.dtseries.nii","506234","MNINonLinear//Results/tfMRI_LANGUAGE/tfMRI_LANGUAGE_hp200_s4_level2.feat/GrayordinatesStats/cope6.feat/zflame1uppertstat1.dtseries.nii","v6HGDLgD129C_.XDdssWoJX30jI88fE5"
"s3://hcp-openaccess/HCP_1200/506234/MNINonLinear/Results/tfMRI_LANGUAGE/tfMRI_LANGUAGE_hp200_s4_level2.feat/GrayordinatesStats/cope6.feat/zstat1.dtseries.nii","506234","MNINonLinear//Results/tfMRI_LANGUAGE/tfMRI_LANGUAGE_hp200_s4_level2.feat/GrayordinatesStats/cope6.feat/zstat1.dtseries.nii","1PkFoQsnIO6GnXm4BKxZ6B6qvCGm8NyY"
"s3://hcp-openaccess/HCP_1200/506234/MNINonLinear/Results/tfMRI_LANGUAGE/tfMRI_LANGUAGE_hp200_s4_level2.feat/design.con","506234","MNINonLinear//Results/tfMRI_LANGUAGE/tfMRI_LANGUAGE_hp200_s4_level2.feat/design.con","EDUsgy8jQ0fdXWlHGcrrNKUmcrgPwMvD"
"s3://hcp-openaccess/HCP_1200/506234/MNINonLinear/Results/tfMRI_LANGUAGE/tfMRI_LANGUAGE_hp200_s4_level2.feat/design.fsf","506234","MNINonLinear//Results/tfMRI_LANGUAGE/tfMRI_LANGUAGE_hp200_s4_level2.feat/design.fsf","0_dB4v4treQdLZqka_eyx8DcsvvY5HB2"
"s3://hcp-openaccess/HCP_1200/506234/MNINonLinear/Results/tfMRI_LANGUAGE/tfMRI_LANGUAGE_hp200_s4_level2.feat/design.grp","506234","MNINonLinear//Results/tfMRI_LANGUAGE/tfMRI_LANGUAGE_hp200_s4_level2.feat/design.grp","ZJffBS5Yk4or4y0dcLW.BVusOpgVsDBi"
"s3://hcp-openaccess/HCP_1200/506234/MNINonLinear/Results/tfMRI_LANGUAGE/tfMRI_LANGUAGE_hp200_s4_level2.feat/design.mat","506234","MNINonLinear//Results/tfMRI_LANGUAGE/tfMRI_LANGUAGE_hp200_s4_level2.feat/design.mat","wwC45Jd6L9LiFONqcPzB0s8Ek6XVshE1"
"s3://hcp-openaccess/HCP_1200/506234/MNINonLinear/Results/tfMRI_LANGUAGE/tfMRI_LANGUAGE_hp200_s4_level2.feat/design.png","506234","MNINonLinear//Results/tfMRI_LANGUAGE/tfMRI_LANGUAGE_hp200_s4_level2.feat/design.png","iAPnwoUzYxyjqqrPmzjNjjw8mBs2VRp7"
"s3://hcp-openaccess/HCP_1200/506234/MNINonLinear/Results/tfMRI_LANGUAGE/tfMRI_LANGUAGE_hp200_s4_level2.feat/design.ppm","506234","MNINonLinear//Results/tfMRI_LANGUAGE/tfMRI_LANGUAGE_hp200_s4_level2.feat/design.ppm","LFz7gpxZG_LoML5ZcmINzk4DdCWrlY.W"
"s3://hcp-openaccess/HCP_1200/506234/MNINonLinear/Results/tfMRI_LANGUAGE/tfMRI_LANGUAGE_hp200_s4_level2.feat/design_cov.png","506234","MNINonLinear//Results/tfMRI_LANGUAGE/tfMRI_LANGUAGE_hp200_s4_level2.feat/design_cov.png","SpVjQlddPiAFsFrHldfPLkJA3d0BuuMJ"
"s3://hcp-openaccess/HCP_1200/506234/MNINonLinear/Results/tfMRI_LANGUAGE/tfMRI_LANGUAGE_hp200_s4_level2.feat/design_cov.ppm","506234","MNINonLinear//Results/tfMRI_LANGUAGE/tfMRI_LANGUAGE_hp200_s4_level2.feat/design_cov.ppm","sQrHL2gFS.sPhkuEYfMYiwGZegjDFUEY"
"s3://hcp-openaccess/HCP_1200/506234/MNINonLinear/Results/tfMRI_LANGUAGE/tfMRI_LANGUAGE_hp200_s4_level2.fsf","506234","MNINonLinear//Results/tfMRI_LANGUAGE/tfMRI_LANGUAGE_hp200_s4_level2.fsf","vpvq2EQv1S3M66nbOqyWuzd_gjJ5pxsc"
"s3://hcp-openaccess/HCP_1200/506234/MNINonLinear/Results/tfMRI_LANGUAGE/tfMRI_LANGUAGE_hp200_s4_level2_MSMAll.feat/506234_tfMRI_LANGUAGE_level2_hp200_s4_MSMAll.dscalar.nii","506234","MNINonLinear//Results/tfMRI_LANGUAGE/tfMRI_LANGUAGE_hp200_s4_level2_MSMAll.feat/506234_tfMRI_LANGUAGE_level2_hp200_s4_MSMAll.dscalar.nii","JkMYXWYUH2lEop3Jy5Iq98k0HduXuWey"
"s3://hcp-openaccess/HCP_1200/506234/MNINonLinear/Results/tfMRI_LANGUAGE/tfMRI_LANGUAGE_hp200_s4_level2_MSMAll.feat/Contrasts.txt","506234","MNINonLinear//Results/tfMRI_LANGUAGE/tfMRI_LANGUAGE_hp200_s4_level2_MSMAll.feat/Contrasts.txt","LAzFBMtCgfddWhGLOfczlHeHuv37Vpi8"
"s3://hcp-openaccess/HCP_1200/506234/MNINonLinear/Results/tfMRI_LANGUAGE/tfMRI_LANGUAGE_hp200_s4_level2_MSMAll.feat/GrayordinatesStats/cope1.feat/cope1.dtseries.nii","506234","MNINonLinear//Results/tfMRI_LANGUAGE/tfMRI_LANGUAGE_hp200_s4_level2_MSMAll.feat/GrayordinatesStats/cope1.feat/cope1.dtseries.nii","wf6pBOHSIpE1KOph4xk0eokyhgTl9q1l"
"s3://hcp-openaccess/HCP_1200/506234/MNINonLinear/Results/tfMRI_LANGUAGE/tfMRI_LANGUAGE_hp200_s4_level2_MSMAll.feat/GrayordinatesStats/cope1.feat/logfile","506234","MNINonLinear//Results/tfMRI_LANGUAGE/tfMRI_LANGUAGE_hp200_s4_level2_MSMAll.feat/GrayordinatesStats/cope1.feat/logfile","cK3ZQOHCRqYZpDZeON1Bo2gKJidB5iSJ"
"s3://hcp-openaccess/HCP_1200/506234/MNINonLinear/Results/tfMRI_LANGUAGE/tfMRI_LANGUAGE_hp200_s4_level2_MSMAll.feat/GrayordinatesStats/cope1.feat/mask.dtseries.nii","506234","MNINonLinear//Results/tfMRI_LANGUAGE/tfMRI_LANGUAGE_hp200_s4_level2_MSMAll.feat/GrayordinatesStats/cope1.feat/mask.dtseries.nii","GjrQXiOnqpknFBlSsU9Ew5HQyfGV7SLM"
"s3://hcp-openaccess/HCP_1200/506234/MNINonLinear/Results/tfMRI_LANGUAGE/tfMRI_LANGUAGE_hp200_s4_level2_MSMAll.feat/GrayordinatesStats/cope1.feat/mean_random_effects_var1.dtseries.nii","506234","MNINonLinear//Results/tfMRI_LANGUAGE/tfMRI_LANGUAGE_hp200_s4_level2_MSMAll.feat/GrayordinatesStats/cope1.feat/mean_random_effects_var1.dtseries.nii","1Hwx0bOSskHzZR87c2rirh42qWffD1R8"
"s3://hcp-openaccess/HCP_1200/506234/MNINonLinear/Results/tfMRI_LANGUAGE/tfMRI_LANGUAGE_hp200_s4_level2_MSMAll.feat/GrayordinatesStats/cope1.feat/pe1.dtseries.nii","506234","MNINonLinear//Results/tfMRI_LANGUAGE/tfMRI_LANGUAGE_hp200_s4_level2_MSMAll.feat/GrayordinatesStats/cope1.feat/pe1.dtseries.nii","8UsZNUtAJ4rf6JtHVv5__zJ6HR80ORnf"
"s3://hcp-openaccess/HCP_1200/506234/MNINonLinear/Results/tfMRI_LANGUAGE/tfMRI_LANGUAGE_hp200_s4_level2_MSMAll.feat/GrayordinatesStats/cope1.feat/res4d.dtseries.nii","506234","MNINonLinear//Results/tfMRI_LANGUAGE/tfMRI_LANGUAGE_hp200_s4_level2_MSMAll.feat/GrayordinatesStats/cope1.feat/res4d.dtseries.nii","L.LV1_0VuegGlBdOpfgQXQQm4ovFPpkE"
"s3://hcp-openaccess/HCP_1200/506234/MNINonLinear/Results/tfMRI_LANGUAGE/tfMRI_LANGUAGE_hp200_s4_level2_MSMAll.feat/GrayordinatesStats/cope1.feat/tdof_t1.dtseries.nii","506234","MNINonLinear//Results/tfMRI_LANGUAGE/tfMRI_LANGUAGE_hp200_s4_level2_MSMAll.feat/GrayordinatesStats/cope1.feat/tdof_t1.dtseries.nii","Z0F6pTJUE_26wlpx3g4hvFETwCaP2EkW"
"s3://hcp-openaccess/HCP_1200/506234/MNINonLinear/Results/tfMRI_LANGUAGE/tfMRI_LANGUAGE_hp200_s4_level2_MSMAll.feat/GrayordinatesStats/cope1.feat/tstat1.dtseries.nii","506234","MNINonLinear//Results/tfMRI_LANGUAGE/tfMRI_LANGUAGE_hp200_s4_level2_MSMAll.feat/GrayordinatesStats/cope1.feat/tstat1.dtseries.nii","sZJb1qbLMLIoVD60_J5SmSVlkIMsG.7y"
"s3://hcp-openaccess/HCP_1200/506234/MNINonLinear/Results/tfMRI_LANGUAGE/tfMRI_LANGUAGE_hp200_s4_level2_MSMAll.feat/GrayordinatesStats/cope1.feat/varcope1.dtseries.nii","506234","MNINonLinear//Results/tfMRI_LANGUAGE/tfMRI_LANGUAGE_hp200_s4_level2_MSMAll.feat/GrayordinatesStats/cope1.feat/varcope1.dtseries.nii","pJ5UaYxxdvWWWo8e_XJO7u4eQAH_cUpn"
"s3://hcp-openaccess/HCP_1200/506234/MNINonLinear/Results/tfMRI_LANGUAGE/tfMRI_LANGUAGE_hp200_s4_level2_MSMAll.feat/GrayordinatesStats/cope1.feat/weights1.dtseries.nii","506234","MNINonLinear//Results/tfMRI_LANGUAGE/tfMRI_LANGUAGE_hp200_s4_level2_MSMAll.feat/GrayordinatesStats/cope1.feat/weights1.dtseries.nii","Of9G_zMdWYDPX1bimDki3dEiLj0FsjIL"
"s3://hcp-openaccess/HCP_1200/506234/MNINonLinear/Results/tfMRI_LANGUAGE/tfMRI_LANGUAGE_hp200_s4_level2_MSMAll.feat/GrayordinatesStats/cope1.feat/zflame1lowertstat1.dtseries.nii","506234","MNINonLinear//Results/tfMRI_LANGUAGE/tfMRI_LANGUAGE_hp200_s4_level2_MSMAll.feat/GrayordinatesStats/cope1.feat/zflame1lowertstat1.dtseries.nii","R7otXj8iJojBneV9eU7Ii61i_UNj_vZc"
"s3://hcp-openaccess/HCP_1200/506234/MNINonLinear/Results/tfMRI_LANGUAGE/tfMRI_LANGUAGE_hp200_s4_level2_MSMAll.feat/GrayordinatesStats/cope1.feat/zflame1uppertstat1.dtseries.nii","506234","MNINonLinear//Results/tfMRI_LANGUAGE/tfMRI_LANGUAGE_hp200_s4_level2_MSMAll.feat/GrayordinatesStats/cope1.feat/zflame1uppertstat1.dtseries.nii","tLoAM1hRA.AtFpgjuxb_fWnpgW.ewv.4"
"s3://hcp-openaccess/HCP_1200/506234/MNINonLinear/Results/tfMRI_LANGUAGE/tfMRI_LANGUAGE_hp200_s4_level2_MSMAll.feat/GrayordinatesStats/cope1.feat/zstat1.dtseries.nii","506234","MNINonLinear//Results/tfMRI_LANGUAGE/tfMRI_LANGUAGE_hp200_s4_level2_MSMAll.feat/GrayordinatesStats/cope1.feat/zstat1.dtseries.nii","ZPJR46tz6bAF68Vx0QRus4y3oJP3Kb_O"
"s3://hcp-openaccess/HCP_1200/506234/MNINonLinear/Results/tfMRI_LANGUAGE/tfMRI_LANGUAGE_hp200_s4_level2_MSMAll.feat/GrayordinatesStats/cope2.feat/cope1.dtseries.nii","506234","MNINonLinear//Results/tfMRI_LANGUAGE/tfMRI_LANGUAGE_hp200_s4_level2_MSMAll.feat/GrayordinatesStats/cope2.feat/cope1.dtseries.nii","VNTkDZjNsDrv4HqWh5zWqTkgDUI_Ef.b"
"s3://hcp-openaccess/HCP_1200/506234/MNINonLinear/Results/tfMRI_LANGUAGE/tfMRI_LANGUAGE_hp200_s4_level2_MSMAll.feat/GrayordinatesStats/cope2.feat/logfile","506234","MNINonLinear//Results/tfMRI_LANGUAGE/tfMRI_LANGUAGE_hp200_s4_level2_MSMAll.feat/GrayordinatesStats/cope2.feat/logfile","DstDFC8vIcHynV5PyyIEbxLmCCXUHEn0"
"s3://hcp-openaccess/HCP_1200/506234/MNINonLinear/Results/tfMRI_LANGUAGE/tfMRI_LANGUAGE_hp200_s4_level2_MSMAll.feat/GrayordinatesStats/cope2.feat/mask.dtseries.nii","506234","MNINonLinear//Results/tfMRI_LANGUAGE/tfMRI_LANGUAGE_hp200_s4_level2_MSMAll.feat/GrayordinatesStats/cope2.feat/mask.dtseries.nii","DqN1oBIfJXVm33EIUzxlbfyCsAFMsF5."
"s3://hcp-openaccess/HCP_1200/506234/MNINonLinear/Results/tfMRI_LANGUAGE/tfMRI_LANGUAGE_hp200_s4_level2_MSMAll.feat/GrayordinatesStats/cope2.feat/mean_random_effects_var1.dtseries.nii","506234","MNINonLinear//Results/tfMRI_LANGUAGE/tfMRI_LANGUAGE_hp200_s4_level2_MSMAll.feat/GrayordinatesStats/cope2.feat/mean_random_effects_var1.dtseries.nii","fquWPrd8ECMO.ojQZv1FYQO_FcqU10H1"
"s3://hcp-openaccess/HCP_1200/506234/MNINonLinear/Results/tfMRI_LANGUAGE/tfMRI_LANGUAGE_hp200_s4_level2_MSMAll.feat/GrayordinatesStats/cope2.feat/pe1.dtseries.nii","506234","MNINonLinear//Results/tfMRI_LANGUAGE/tfMRI_LANGUAGE_hp200_s4_level2_MSMAll.feat/GrayordinatesStats/cope2.feat/pe1.dtseries.nii","Gfs6_ddMs8ChWo9aqDSBrWUVJMty.IJw"
"s3://hcp-openaccess/HCP_1200/506234/MNINonLinear/Results/tfMRI_LANGUAGE/tfMRI_LANGUAGE_hp200_s4_level2_MSMAll.feat/GrayordinatesStats/cope2.feat/res4d.dtseries.nii","506234","MNINonLinear//Results/tfMRI_LANGUAGE/tfMRI_LANGUAGE_hp200_s4_level2_MSMAll.feat/GrayordinatesStats/cope2.feat/res4d.dtseries.nii","Ed4Fxr5vm.XX56cOtjXvnui_GsRpTveA"
"s3://hcp-openaccess/HCP_1200/506234/MNINonLinear/Results/tfMRI_LANGUAGE/tfMRI_LANGUAGE_hp200_s4_level2_MSMAll.feat/GrayordinatesStats/cope2.feat/tdof_t1.dtseries.nii","506234","MNINonLinear//Results/tfMRI_LANGUAGE/tfMRI_LANGUAGE_hp200_s4_level2_MSMAll.feat/GrayordinatesStats/cope2.feat/tdof_t1.dtseries.nii","KWSRDcrKWEIaq7Me8ettSXG_mLigcw5w"
"s3://hcp-openaccess/HCP_1200/506234/MNINonLinear/Results/tfMRI_LANGUAGE/tfMRI_LANGUAGE_hp200_s4_level2_MSMAll.feat/GrayordinatesStats/cope2.feat/tstat1.dtseries.nii","506234","MNINonLinear//Results/tfMRI_LANGUAGE/tfMRI_LANGUAGE_hp200_s4_level2_MSMAll.feat/GrayordinatesStats/cope2.feat/tstat1.dtseries.nii","dpsSdtc8tZCSRtAKm0EZcMdsZN.Ts_XS"
"s3://hcp-openaccess/HCP_1200/506234/MNINonLinear/Results/tfMRI_LANGUAGE/tfMRI_LANGUAGE_hp200_s4_level2_MSMAll.feat/GrayordinatesStats/cope2.feat/varcope1.dtseries.nii","506234","MNINonLinear//Results/tfMRI_LANGUAGE/tfMRI_LANGUAGE_hp200_s4_level2_MSMAll.feat/GrayordinatesStats/cope2.feat/varcope1.dtseries.nii","rZVDaBFWl1t9.PeVuxQokq7GJRM3lsjG"
"s3://hcp-openaccess/HCP_1200/506234/MNINonLinear/Results/tfMRI_LANGUAGE/tfMRI_LANGUAGE_hp200_s4_level2_MSMAll.feat/GrayordinatesStats/cope2.feat/weights1.dtseries.nii","506234","MNINonLinear//Results/tfMRI_LANGUAGE/tfMRI_LANGUAGE_hp200_s4_level2_MSMAll.feat/GrayordinatesStats/cope2.feat/weights1.dtseries.nii","Vw1cvlZyFSkGttGarKgOAJJdW1MiZADq"
"s3://hcp-openaccess/HCP_1200/506234/MNINonLinear/Results/tfMRI_LANGUAGE/tfMRI_LANGUAGE_hp200_s4_level2_MSMAll.feat/GrayordinatesStats/cope2.feat/zflame1lowertstat1.dtseries.nii","506234","MNINonLinear//Results/tfMRI_LANGUAGE/tfMRI_LANGUAGE_hp200_s4_level2_MSMAll.feat/GrayordinatesStats/cope2.feat/zflame1lowertstat1.dtseries.nii","nCdwtQPi6aYHblw0kgykKpmf_xbtDWgt"
"s3://hcp-openaccess/HCP_1200/506234/MNINonLinear/Results/tfMRI_LANGUAGE/tfMRI_LANGUAGE_hp200_s4_level2_MSMAll.feat/GrayordinatesStats/cope2.feat/zflame1uppertstat1.dtseries.nii","506234","MNINonLinear//Results/tfMRI_LANGUAGE/tfMRI_LANGUAGE_hp200_s4_level2_MSMAll.feat/GrayordinatesStats/cope2.feat/zflame1uppertstat1.dtseries.nii","2Rd4heFJNvcyiooZnctb9kK3gxi.AJmX"
"s3://hcp-openaccess/HCP_1200/506234/MNINonLinear/Results/tfMRI_LANGUAGE/tfMRI_LANGUAGE_hp200_s4_level2_MSMAll.feat/GrayordinatesStats/cope2.feat/zstat1.dtseries.nii","506234","MNINonLinear//Results/tfMRI_LANGUAGE/tfMRI_LANGUAGE_hp200_s4_level2_MSMAll.feat/GrayordinatesStats/cope2.feat/zstat1.dtseries.nii","nCNl9meGGHuDfllR8gCs53MFQomIA8cS"
"s3://hcp-openaccess/HCP_1200/506234/MNINonLinear/Results/tfMRI_LANGUAGE/tfMRI_LANGUAGE_hp200_s4_level2_MSMAll.feat/GrayordinatesStats/cope3.feat/cope1.dtseries.nii","506234","MNINonLinear//Results/tfMRI_LANGUAGE/tfMRI_LANGUAGE_hp200_s4_level2_MSMAll.feat/GrayordinatesStats/cope3.feat/cope1.dtseries.nii","3nK2zX36DM5w3I76Ja2.Cu7SC74pxCe6"
"s3://hcp-openaccess/HCP_1200/506234/MNINonLinear/Results/tfMRI_LANGUAGE/tfMRI_LANGUAGE_hp200_s4_level2_MSMAll.feat/GrayordinatesStats/cope3.feat/logfile","506234","MNINonLinear//Results/tfMRI_LANGUAGE/tfMRI_LANGUAGE_hp200_s4_level2_MSMAll.feat/GrayordinatesStats/cope3.feat/logfile","w2Hb.nI4lujdAiloYVw6lEYZiGeqWDMJ"
"s3://hcp-openaccess/HCP_1200/506234/MNINonLinear/Results/tfMRI_LANGUAGE/tfMRI_LANGUAGE_hp200_s4_level2_MSMAll.feat/GrayordinatesStats/cope3.feat/mask.dtseries.nii","506234","MNINonLinear//Results/tfMRI_LANGUAGE/tfMRI_LANGUAGE_hp200_s4_level2_MSMAll.feat/GrayordinatesStats/cope3.feat/mask.dtseries.nii","2G1QmqA0neucdVpIGTIXwe9y96cVR5dM"
"s3://hcp-openaccess/HCP_1200/506234/MNINonLinear/Results/tfMRI_LANGUAGE/tfMRI_LANGUAGE_hp200_s4_level2_MSMAll.feat/GrayordinatesStats/cope3.feat/mean_random_effects_var1.dtseries.nii","506234","MNINonLinear//Results/tfMRI_LANGUAGE/tfMRI_LANGUAGE_hp200_s4_level2_MSMAll.feat/GrayordinatesStats/cope3.feat/mean_random_effects_var1.dtseries.nii","R3gPB3Gmln.rTtovWBScxFttpszr6sn6"
"s3://hcp-openaccess/HCP_1200/506234/MNINonLinear/Results/tfMRI_LANGUAGE/tfMRI_LANGUAGE_hp200_s4_level2_MSMAll.feat/GrayordinatesStats/cope3.feat/pe1.dtseries.nii","506234","MNINonLinear//Results/tfMRI_LANGUAGE/tfMRI_LANGUAGE_hp200_s4_level2_MSMAll.feat/GrayordinatesStats/cope3.feat/pe1.dtseries.nii","SAqKdxedxGxJrVLWOpBmVof3c6zQYZIG"
"s3://hcp-openaccess/HCP_1200/506234/MNINonLinear/Results/tfMRI_LANGUAGE/tfMRI_LANGUAGE_hp200_s4_level2_MSMAll.feat/GrayordinatesStats/cope3.feat/res4d.dtseries.nii","506234","MNINonLinear//Results/tfMRI_LANGUAGE/tfMRI_LANGUAGE_hp200_s4_level2_MSMAll.feat/GrayordinatesStats/cope3.feat/res4d.dtseries.nii","_qsFSeVblXzVps_s5L2Wvjy3FGz.T1VO"
"s3://hcp-openaccess/HCP_1200/506234/MNINonLinear/Results/tfMRI_LANGUAGE/tfMRI_LANGUAGE_hp200_s4_level2_MSMAll.feat/GrayordinatesStats/cope3.feat/tdof_t1.dtseries.nii","506234","MNINonLinear//Results/tfMRI_LANGUAGE/tfMRI_LANGUAGE_hp200_s4_level2_MSMAll.feat/GrayordinatesStats/cope3.feat/tdof_t1.dtseries.nii","UXMjEzXZBNxI1JeBlGEMT03OK_xWPcpI"
"s3://hcp-openaccess/HCP_1200/506234/MNINonLinear/Results/tfMRI_LANGUAGE/tfMRI_LANGUAGE_hp200_s4_level2_MSMAll.feat/GrayordinatesStats/cope3.feat/tstat1.dtseries.nii","506234","MNINonLinear//Results/tfMRI_LANGUAGE/tfMRI_LANGUAGE_hp200_s4_level2_MSMAll.feat/GrayordinatesStats/cope3.feat/tstat1.dtseries.nii","fEvzkn3Kx63a7rQlLOfB82aKTP1Ynd2K"
"s3://hcp-openaccess/HCP_1200/506234/MNINonLinear/Results/tfMRI_LANGUAGE/tfMRI_LANGUAGE_hp200_s4_level2_MSMAll.feat/GrayordinatesStats/cope3.feat/varcope1.dtseries.nii","506234","MNINonLinear//Results/tfMRI_LANGUAGE/tfMRI_LANGUAGE_hp200_s4_level2_MSMAll.feat/GrayordinatesStats/cope3.feat/varcope1.dtseries.nii","iNINDD8rjCx.WIIHVVmlfN0W3EqA_DI6"
"s3://hcp-openaccess/HCP_1200/506234/MNINonLinear/Results/tfMRI_LANGUAGE/tfMRI_LANGUAGE_hp200_s4_level2_MSMAll.feat/GrayordinatesStats/cope3.feat/weights1.dtseries.nii","506234","MNINonLinear//Results/tfMRI_LANGUAGE/tfMRI_LANGUAGE_hp200_s4_level2_MSMAll.feat/GrayordinatesStats/cope3.feat/weights1.dtseries.nii","jaj0RyKDxC0AyfAS3Xqedrhd3Qqksq0p"
"s3://hcp-openaccess/HCP_1200/506234/MNINonLinear/Results/tfMRI_LANGUAGE/tfMRI_LANGUAGE_hp200_s4_level2_MSMAll.feat/GrayordinatesStats/cope3.feat/zflame1lowertstat1.dtseries.nii","506234","MNINonLinear//Results/tfMRI_LANGUAGE/tfMRI_LANGUAGE_hp200_s4_level2_MSMAll.feat/GrayordinatesStats/cope3.feat/zflame1lowertstat1.dtseries.nii","054LBN_mynotgvaXfolmX9sQeCLE5BPG"
"s3://hcp-openaccess/HCP_1200/506234/MNINonLinear/Results/tfMRI_LANGUAGE/tfMRI_LANGUAGE_hp200_s4_level2_MSMAll.feat/GrayordinatesStats/cope3.feat/zflame1uppertstat1.dtseries.nii","506234","MNINonLinear//Results/tfMRI_LANGUAGE/tfMRI_LANGUAGE_hp200_s4_level2_MSMAll.feat/GrayordinatesStats/cope3.feat/zflame1uppertstat1.dtseries.nii","sQBqfJnVg2WuleAYe6YzIyQae0xIdHQq"
"s3://hcp-openaccess/HCP_1200/506234/MNINonLinear/Results/tfMRI_LANGUAGE/tfMRI_LANGUAGE_hp200_s4_level2_MSMAll.feat/GrayordinatesStats/cope3.feat/zstat1.dtseries.nii","506234","MNINonLinear//Results/tfMRI_LANGUAGE/tfMRI_LANGUAGE_hp200_s4_level2_MSMAll.feat/GrayordinatesStats/cope3.feat/zstat1.dtseries.nii","tzj9PEEZFgTEKcBqU.omVeKkX1Ls46iP"
"s3://hcp-openaccess/HCP_1200/506234/MNINonLinear/Results/tfMRI_LANGUAGE/tfMRI_LANGUAGE_hp200_s4_level2_MSMAll.feat/GrayordinatesStats/cope4.feat/cope1.dtseries.nii","506234","MNINonLinear//Results/tfMRI_LANGUAGE/tfMRI_LANGUAGE_hp200_s4_level2_MSMAll.feat/GrayordinatesStats/cope4.feat/cope1.dtseries.nii","wS1kVdNSJj1qlmqr5W2HVqgnUL1S98As"
"s3://hcp-openaccess/HCP_1200/506234/MNINonLinear/Results/tfMRI_LANGUAGE/tfMRI_LANGUAGE_hp200_s4_level2_MSMAll.feat/GrayordinatesStats/cope4.feat/logfile","506234","MNINonLinear//Results/tfMRI_LANGUAGE/tfMRI_LANGUAGE_hp200_s4_level2_MSMAll.feat/GrayordinatesStats/cope4.feat/logfile","bwnDlKOcumxmXsjryaSeYe_1JrA6sG5w"
"s3://hcp-openaccess/HCP_1200/506234/MNINonLinear/Results/tfMRI_LANGUAGE/tfMRI_LANGUAGE_hp200_s4_level2_MSMAll.feat/GrayordinatesStats/cope4.feat/mask.dtseries.nii","506234","MNINonLinear//Results/tfMRI_LANGUAGE/tfMRI_LANGUAGE_hp200_s4_level2_MSMAll.feat/GrayordinatesStats/cope4.feat/mask.dtseries.nii","j34lEPiK0Dx_qDoKnpNdrWlVyYZByfVY"
"s3://hcp-openaccess/HCP_1200/506234/MNINonLinear/Results/tfMRI_LANGUAGE/tfMRI_LANGUAGE_hp200_s4_level2_MSMAll.feat/GrayordinatesStats/cope4.feat/mean_random_effects_var1.dtseries.nii","506234","MNINonLinear//Results/tfMRI_LANGUAGE/tfMRI_LANGUAGE_hp200_s4_level2_MSMAll.feat/GrayordinatesStats/cope4.feat/mean_random_effects_var1.dtseries.nii","sYZNQLfsIGe0zsqNHXSKxBbq6NqXZeKS"
"s3://hcp-openaccess/HCP_1200/506234/MNINonLinear/Results/tfMRI_LANGUAGE/tfMRI_LANGUAGE_hp200_s4_level2_MSMAll.feat/GrayordinatesStats/cope4.feat/pe1.dtseries.nii","506234","MNINonLinear//Results/tfMRI_LANGUAGE/tfMRI_LANGUAGE_hp200_s4_level2_MSMAll.feat/GrayordinatesStats/cope4.feat/pe1.dtseries.nii","NVOrDfQGInNGkbZT71g0FJGfbUgYO3Kx"
"s3://hcp-openaccess/HCP_1200/506234/MNINonLinear/Results/tfMRI_LANGUAGE/tfMRI_LANGUAGE_hp200_s4_level2_MSMAll.feat/GrayordinatesStats/cope4.feat/res4d.dtseries.nii","506234","MNINonLinear//Results/tfMRI_LANGUAGE/tfMRI_LANGUAGE_hp200_s4_level2_MSMAll.feat/GrayordinatesStats/cope4.feat/res4d.dtseries.nii","LmMFQ9S_aqeQiaHEIkoHamYOIU_ZRGxa"
"s3://hcp-openaccess/HCP_1200/506234/MNINonLinear/Results/tfMRI_LANGUAGE/tfMRI_LANGUAGE_hp200_s4_level2_MSMAll.feat/GrayordinatesStats/cope4.feat/tdof_t1.dtseries.nii","506234","MNINonLinear//Results/tfMRI_LANGUAGE/tfMRI_LANGUAGE_hp200_s4_level2_MSMAll.feat/GrayordinatesStats/cope4.feat/tdof_t1.dtseries.nii","yS96SXZXgctoYyuz0hIrPh6CXsD7yGKC"
"s3://hcp-openaccess/HCP_1200/506234/MNINonLinear/Results/tfMRI_LANGUAGE/tfMRI_LANGUAGE_hp200_s4_level2_MSMAll.feat/GrayordinatesStats/cope4.feat/tstat1.dtseries.nii","506234","MNINonLinear//Results/tfMRI_LANGUAGE/tfMRI_LANGUAGE_hp200_s4_level2_MSMAll.feat/GrayordinatesStats/cope4.feat/tstat1.dtseries.nii","KMRVaJQ9XXbi74YXoN1Tu8xqyV2hnpy0"
"s3://hcp-openaccess/HCP_1200/506234/MNINonLinear/Results/tfMRI_LANGUAGE/tfMRI_LANGUAGE_hp200_s4_level2_MSMAll.feat/GrayordinatesStats/cope4.feat/varcope1.dtseries.nii","506234","MNINonLinear//Results/tfMRI_LANGUAGE/tfMRI_LANGUAGE_hp200_s4_level2_MSMAll.feat/GrayordinatesStats/cope4.feat/varcope1.dtseries.nii","NQA7vGBgOvufcVbXdAgqHXT_monGDbff"
"s3://hcp-openaccess/HCP_1200/506234/MNINonLinear/Results/tfMRI_LANGUAGE/tfMRI_LANGUAGE_hp200_s4_level2_MSMAll.feat/GrayordinatesStats/cope4.feat/weights1.dtseries.nii","506234","MNINonLinear//Results/tfMRI_LANGUAGE/tfMRI_LANGUAGE_hp200_s4_level2_MSMAll.feat/GrayordinatesStats/cope4.feat/weights1.dtseries.nii","azvBm8d4d0AOp5TguERcckSMvHlM6fZW"
"s3://hcp-openaccess/HCP_1200/506234/MNINonLinear/Results/tfMRI_LANGUAGE/tfMRI_LANGUAGE_hp200_s4_level2_MSMAll.feat/GrayordinatesStats/cope4.feat/zflame1lowertstat1.dtseries.nii","506234","MNINonLinear//Results/tfMRI_LANGUAGE/tfMRI_LANGUAGE_hp200_s4_level2_MSMAll.feat/GrayordinatesStats/cope4.feat/zflame1lowertstat1.dtseries.nii","oxHnnYVZVvyXjGAnFNHWwMk1.l2t9EHU"
"s3://hcp-openaccess/HCP_1200/506234/MNINonLinear/Results/tfMRI_LANGUAGE/tfMRI_LANGUAGE_hp200_s4_level2_MSMAll.feat/GrayordinatesStats/cope4.feat/zflame1uppertstat1.dtseries.nii","506234","MNINonLinear//Results/tfMRI_LANGUAGE/tfMRI_LANGUAGE_hp200_s4_level2_MSMAll.feat/GrayordinatesStats/cope4.feat/zflame1uppertstat1.dtseries.nii","qZhngWJsbEaUGacr.UqStTO1SjDFcCbL"
"s3://hcp-openaccess/HCP_1200/506234/MNINonLinear/Results/tfMRI_LANGUAGE/tfMRI_LANGUAGE_hp200_s4_level2_MSMAll.feat/GrayordinatesStats/cope4.feat/zstat1.dtseries.nii","506234","MNINonLinear//Results/tfMRI_LANGUAGE/tfMRI_LANGUAGE_hp200_s4_level2_MSMAll.feat/GrayordinatesStats/cope4.feat/zstat1.dtseries.nii","vMdyfkmqYsIfi96rxI0zvDb9RvJi7nXo"
"s3://hcp-openaccess/HCP_1200/506234/MNINonLinear/Results/tfMRI_LANGUAGE/tfMRI_LANGUAGE_hp200_s4_level2_MSMAll.feat/GrayordinatesStats/cope5.feat/cope1.dtseries.nii","506234","MNINonLinear//Results/tfMRI_LANGUAGE/tfMRI_LANGUAGE_hp200_s4_level2_MSMAll.feat/GrayordinatesStats/cope5.feat/cope1.dtseries.nii","xcr53Mb5G6u4lDHyO1rWojzwVh_g4vfZ"
"s3://hcp-openaccess/HCP_1200/506234/MNINonLinear/Results/tfMRI_LANGUAGE/tfMRI_LANGUAGE_hp200_s4_level2_MSMAll.feat/GrayordinatesStats/cope5.feat/logfile","506234","MNINonLinear//Results/tfMRI_LANGUAGE/tfMRI_LANGUAGE_hp200_s4_level2_MSMAll.feat/GrayordinatesStats/cope5.feat/logfile","fNpHabzBWzvg.0NzBxMZB_98sQR4eCP."
"s3://hcp-openaccess/HCP_1200/506234/MNINonLinear/Results/tfMRI_LANGUAGE/tfMRI_LANGUAGE_hp200_s4_level2_MSMAll.feat/GrayordinatesStats/cope5.feat/mask.dtseries.nii","506234","MNINonLinear//Results/tfMRI_LANGUAGE/tfMRI_LANGUAGE_hp200_s4_level2_MSMAll.feat/GrayordinatesStats/cope5.feat/mask.dtseries.nii","5tNyuQegB.OjVwnWDgZPvkf_R4LimdLx"
"s3://hcp-openaccess/HCP_1200/506234/MNINonLinear/Results/tfMRI_LANGUAGE/tfMRI_LANGUAGE_hp200_s4_level2_MSMAll.feat/GrayordinatesStats/cope5.feat/mean_random_effects_var1.dtseries.nii","506234","MNINonLinear//Results/tfMRI_LANGUAGE/tfMRI_LANGUAGE_hp200_s4_level2_MSMAll.feat/GrayordinatesStats/cope5.feat/mean_random_effects_var1.dtseries.nii","29A8VNTR27wuZjPpyBBgje8Rb_dh1.Gq"
"s3://hcp-openaccess/HCP_1200/506234/MNINonLinear/Results/tfMRI_LANGUAGE/tfMRI_LANGUAGE_hp200_s4_level2_MSMAll.feat/GrayordinatesStats/cope5.feat/pe1.dtseries.nii","506234","MNINonLinear//Results/tfMRI_LANGUAGE/tfMRI_LANGUAGE_hp200_s4_level2_MSMAll.feat/GrayordinatesStats/cope5.feat/pe1.dtseries.nii","p4yrUICpF2avmCnC30I2siun7WFDqtGz"
"s3://hcp-openaccess/HCP_1200/506234/MNINonLinear/Results/tfMRI_LANGUAGE/tfMRI_LANGUAGE_hp200_s4_level2_MSMAll.feat/GrayordinatesStats/cope5.feat/res4d.dtseries.nii","506234","MNINonLinear//Results/tfMRI_LANGUAGE/tfMRI_LANGUAGE_hp200_s4_level2_MSMAll.feat/GrayordinatesStats/cope5.feat/res4d.dtseries.nii","YrgX7wHOCHBQqDJu7Kh1b9R9j1gpTMrw"
"s3://hcp-openaccess/HCP_1200/506234/MNINonLinear/Results/tfMRI_LANGUAGE/tfMRI_LANGUAGE_hp200_s4_level2_MSMAll.feat/GrayordinatesStats/cope5.feat/tdof_t1.dtseries.nii","506234","MNINonLinear//Results/tfMRI_LANGUAGE/tfMRI_LANGUAGE_hp200_s4_level2_MSMAll.feat/GrayordinatesStats/cope5.feat/tdof_t1.dtseries.nii","5EVGENo3i9FGcS2UwoDAUTKBQ0AMRT_i"
"s3://hcp-openaccess/HCP_1200/506234/MNINonLinear/Results/tfMRI_LANGUAGE/tfMRI_LANGUAGE_hp200_s4_level2_MSMAll.feat/GrayordinatesStats/cope5.feat/tstat1.dtseries.nii","506234","MNINonLinear//Results/tfMRI_LANGUAGE/tfMRI_LANGUAGE_hp200_s4_level2_MSMAll.feat/GrayordinatesStats/cope5.feat/tstat1.dtseries.nii",".47OS6Zz3pXoo6eiIW4eaikmbwwu764u"
"s3://hcp-openaccess/HCP_1200/506234/MNINonLinear/Results/tfMRI_LANGUAGE/tfMRI_LANGUAGE_hp200_s4_level2_MSMAll.feat/GrayordinatesStats/cope5.feat/varcope1.dtseries.nii","506234","MNINonLinear//Results/tfMRI_LANGUAGE/tfMRI_LANGUAGE_hp200_s4_level2_MSMAll.feat/GrayordinatesStats/cope5.feat/varcope1.dtseries.nii","P30DAjzV8EbwKAnkJKFWIX1tAnLep8t3"
"s3://hcp-openaccess/HCP_1200/506234/MNINonLinear/Results/tfMRI_LANGUAGE/tfMRI_LANGUAGE_hp200_s4_level2_MSMAll.feat/GrayordinatesStats/cope5.feat/weights1.dtseries.nii","506234","MNINonLinear//Results/tfMRI_LANGUAGE/tfMRI_LANGUAGE_hp200_s4_level2_MSMAll.feat/GrayordinatesStats/cope5.feat/weights1.dtseries.nii","i8QQYltjwZRwCGpet0oS4kDL9gh4fsU0"
"s3://hcp-openaccess/HCP_1200/506234/MNINonLinear/Results/tfMRI_LANGUAGE/tfMRI_LANGUAGE_hp200_s4_level2_MSMAll.feat/GrayordinatesStats/cope5.feat/zflame1lowertstat1.dtseries.nii","506234","MNINonLinear//Results/tfMRI_LANGUAGE/tfMRI_LANGUAGE_hp200_s4_level2_MSMAll.feat/GrayordinatesStats/cope5.feat/zflame1lowertstat1.dtseries.nii","H5hLZgGUvNYUvu_L2znmNadvHsGISi3."
"s3://hcp-openaccess/HCP_1200/506234/MNINonLinear/Results/tfMRI_LANGUAGE/tfMRI_LANGUAGE_hp200_s4_level2_MSMAll.feat/GrayordinatesStats/cope5.feat/zflame1uppertstat1.dtseries.nii","506234","MNINonLinear//Results/tfMRI_LANGUAGE/tfMRI_LANGUAGE_hp200_s4_level2_MSMAll.feat/GrayordinatesStats/cope5.feat/zflame1uppertstat1.dtseries.nii","7s5wSRhsQyHw6NGAIPS_xXzWclTg9OPg"
"s3://hcp-openaccess/HCP_1200/506234/MNINonLinear/Results/tfMRI_LANGUAGE/tfMRI_LANGUAGE_hp200_s4_level2_MSMAll.feat/GrayordinatesStats/cope5.feat/zstat1.dtseries.nii","506234","MNINonLinear//Results/tfMRI_LANGUAGE/tfMRI_LANGUAGE_hp200_s4_level2_MSMAll.feat/GrayordinatesStats/cope5.feat/zstat1.dtseries.nii","_722YBrw_AiXyVrjKVw4wukp7BxTN0cv"
"s3://hcp-openaccess/HCP_1200/506234/MNINonLinear/Results/tfMRI_LANGUAGE/tfMRI_LANGUAGE_hp200_s4_level2_MSMAll.feat/GrayordinatesStats/cope6.feat/cope1.dtseries.nii","506234","MNINonLinear//Results/tfMRI_LANGUAGE/tfMRI_LANGUAGE_hp200_s4_level2_MSMAll.feat/GrayordinatesStats/cope6.feat/cope1.dtseries.nii","E3fhKcyDEmOSqHl68yFSbKzsKLh4eycs"
"s3://hcp-openaccess/HCP_1200/506234/MNINonLinear/Results/tfMRI_LANGUAGE/tfMRI_LANGUAGE_hp200_s4_level2_MSMAll.feat/GrayordinatesStats/cope6.feat/logfile","506234","MNINonLinear//Results/tfMRI_LANGUAGE/tfMRI_LANGUAGE_hp200_s4_level2_MSMAll.feat/GrayordinatesStats/cope6.feat/logfile","whSdBqoCyr0857MyKjquqLsk7fdcdesf"
"s3://hcp-openaccess/HCP_1200/506234/MNINonLinear/Results/tfMRI_LANGUAGE/tfMRI_LANGUAGE_hp200_s4_level2_MSMAll.feat/GrayordinatesStats/cope6.feat/mask.dtseries.nii","506234","MNINonLinear//Results/tfMRI_LANGUAGE/tfMRI_LANGUAGE_hp200_s4_level2_MSMAll.feat/GrayordinatesStats/cope6.feat/mask.dtseries.nii","4Lq4cGxvDXSyNN31J9KhV4vC3dTKGts3"
"s3://hcp-openaccess/HCP_1200/506234/MNINonLinear/Results/tfMRI_LANGUAGE/tfMRI_LANGUAGE_hp200_s4_level2_MSMAll.feat/GrayordinatesStats/cope6.feat/mean_random_effects_var1.dtseries.nii","506234","MNINonLinear//Results/tfMRI_LANGUAGE/tfMRI_LANGUAGE_hp200_s4_level2_MSMAll.feat/GrayordinatesStats/cope6.feat/mean_random_effects_var1.dtseries.nii","r2zH4oT9zeIxp040j0xARWDUFSO1aimU"
"s3://hcp-openaccess/HCP_1200/506234/MNINonLinear/Results/tfMRI_LANGUAGE/tfMRI_LANGUAGE_hp200_s4_level2_MSMAll.feat/GrayordinatesStats/cope6.feat/pe1.dtseries.nii","506234","MNINonLinear//Results/tfMRI_LANGUAGE/tfMRI_LANGUAGE_hp200_s4_level2_MSMAll.feat/GrayordinatesStats/cope6.feat/pe1.dtseries.nii","1GGOv7iuF_hylIlfP3N_IUcW_ty.ah.j"
"s3://hcp-openaccess/HCP_1200/506234/MNINonLinear/Results/tfMRI_LANGUAGE/tfMRI_LANGUAGE_hp200_s4_level2_MSMAll.feat/GrayordinatesStats/cope6.feat/res4d.dtseries.nii","506234","MNINonLinear//Results/tfMRI_LANGUAGE/tfMRI_LANGUAGE_hp200_s4_level2_MSMAll.feat/GrayordinatesStats/cope6.feat/res4d.dtseries.nii","f9CamDQKHOIIMf2V8ItT3LUOh_ZV8zVJ"
"s3://hcp-openaccess/HCP_1200/506234/MNINonLinear/Results/tfMRI_LANGUAGE/tfMRI_LANGUAGE_hp200_s4_level2_MSMAll.feat/GrayordinatesStats/cope6.feat/tdof_t1.dtseries.nii","506234","MNINonLinear//Results/tfMRI_LANGUAGE/tfMRI_LANGUAGE_hp200_s4_level2_MSMAll.feat/GrayordinatesStats/cope6.feat/tdof_t1.dtseries.nii","3ilqb9jPrxHWSYF_G6iZ0WB0Qgh50mzp"
"s3://hcp-openaccess/HCP_1200/506234/MNINonLinear/Results/tfMRI_LANGUAGE/tfMRI_LANGUAGE_hp200_s4_level2_MSMAll.feat/GrayordinatesStats/cope6.feat/tstat1.dtseries.nii","506234","MNINonLinear//Results/tfMRI_LANGUAGE/tfMRI_LANGUAGE_hp200_s4_level2_MSMAll.feat/GrayordinatesStats/cope6.feat/tstat1.dtseries.nii","e4THCwB3PqlCrmsN6h.skrvLDtrYgNUC"
"s3://hcp-openaccess/HCP_1200/506234/MNINonLinear/Results/tfMRI_LANGUAGE/tfMRI_LANGUAGE_hp200_s4_level2_MSMAll.feat/GrayordinatesStats/cope6.feat/varcope1.dtseries.nii","506234","MNINonLinear//Results/tfMRI_LANGUAGE/tfMRI_LANGUAGE_hp200_s4_level2_MSMAll.feat/GrayordinatesStats/cope6.feat/varcope1.dtseries.nii","w14WHbeKjr0BoQxqWBbkVSRanN6Zjkxl"
"s3://hcp-openaccess/HCP_1200/506234/MNINonLinear/Results/tfMRI_LANGUAGE/tfMRI_LANGUAGE_hp200_s4_level2_MSMAll.feat/GrayordinatesStats/cope6.feat/weights1.dtseries.nii","506234","MNINonLinear//Results/tfMRI_LANGUAGE/tfMRI_LANGUAGE_hp200_s4_level2_MSMAll.feat/GrayordinatesStats/cope6.feat/weights1.dtseries.nii","UOz738bTICHbWqPEX5xQabTSHaMvHFdM"
"s3://hcp-openaccess/HCP_1200/506234/MNINonLinear/Results/tfMRI_LANGUAGE/tfMRI_LANGUAGE_hp200_s4_level2_MSMAll.feat/GrayordinatesStats/cope6.feat/zflame1lowertstat1.dtseries.nii","506234","MNINonLinear//Results/tfMRI_LANGUAGE/tfMRI_LANGUAGE_hp200_s4_level2_MSMAll.feat/GrayordinatesStats/cope6.feat/zflame1lowertstat1.dtseries.nii","4BoT8Nhhje0yqrc4EKy9Kb1d2ejJCcea"
"s3://hcp-openaccess/HCP_1200/506234/MNINonLinear/Results/tfMRI_LANGUAGE/tfMRI_LANGUAGE_hp200_s4_level2_MSMAll.feat/GrayordinatesStats/cope6.feat/zflame1uppertstat1.dtseries.nii","506234","MNINonLinear//Results/tfMRI_LANGUAGE/tfMRI_LANGUAGE_hp200_s4_level2_MSMAll.feat/GrayordinatesStats/cope6.feat/zflame1uppertstat1.dtseries.nii","eiHv5rRIMFabfOJb.5eA7c1A8T8m9_kN"
"s3://hcp-openaccess/HCP_1200/506234/MNINonLinear/Results/tfMRI_LANGUAGE/tfMRI_LANGUAGE_hp200_s4_level2_MSMAll.feat/GrayordinatesStats/cope6.feat/zstat1.dtseries.nii","506234","MNINonLinear//Results/tfMRI_LANGUAGE/tfMRI_LANGUAGE_hp200_s4_level2_MSMAll.feat/GrayordinatesStats/cope6.feat/zstat1.dtseries.nii","f.LA8HAnBEoBMeI193Jq3ud75HKh.jVL"
"s3://hcp-openaccess/HCP_1200/506234/MNINonLinear/Results/tfMRI_LANGUAGE/tfMRI_LANGUAGE_hp200_s4_level2_MSMAll.feat/design.con","506234","MNINonLinear//Results/tfMRI_LANGUAGE/tfMRI_LANGUAGE_hp200_s4_level2_MSMAll.feat/design.con","HdLbOrkvTDlB2B1pJliVUNoAT3wznke."
"s3://hcp-openaccess/HCP_1200/506234/MNINonLinear/Results/tfMRI_LANGUAGE/tfMRI_LANGUAGE_hp200_s4_level2_MSMAll.feat/design.fsf","506234","MNINonLinear//Results/tfMRI_LANGUAGE/tfMRI_LANGUAGE_hp200_s4_level2_MSMAll.feat/design.fsf","znlJV07YCsdwbs2GxcS97Tuzld636fs6"
"s3://hcp-openaccess/HCP_1200/506234/MNINonLinear/Results/tfMRI_LANGUAGE/tfMRI_LANGUAGE_hp200_s4_level2_MSMAll.feat/design.grp","506234","MNINonLinear//Results/tfMRI_LANGUAGE/tfMRI_LANGUAGE_hp200_s4_level2_MSMAll.feat/design.grp","hwfg9QDYRMf3jnmBKlh6TXWLUdJ3AhRI"
"s3://hcp-openaccess/HCP_1200/506234/MNINonLinear/Results/tfMRI_LANGUAGE/tfMRI_LANGUAGE_hp200_s4_level2_MSMAll.feat/design.mat","506234","MNINonLinear//Results/tfMRI_LANGUAGE/tfMRI_LANGUAGE_hp200_s4_level2_MSMAll.feat/design.mat","bLkQbmU6jwhA_QTaRTtGdz38AAtodZEr"
"s3://hcp-openaccess/HCP_1200/506234/MNINonLinear/Results/tfMRI_LANGUAGE/tfMRI_LANGUAGE_hp200_s4_level2_MSMAll.feat/design.png","506234","MNINonLinear//Results/tfMRI_LANGUAGE/tfMRI_LANGUAGE_hp200_s4_level2_MSMAll.feat/design.png","EcG.EAj4qjjNzGF6W.Sh5xBpzAl4Jf81"
"s3://hcp-openaccess/HCP_1200/506234/MNINonLinear/Results/tfMRI_LANGUAGE/tfMRI_LANGUAGE_hp200_s4_level2_MSMAll.feat/design.ppm","506234","MNINonLinear//Results/tfMRI_LANGUAGE/tfMRI_LANGUAGE_hp200_s4_level2_MSMAll.feat/design.ppm","yiokuaBcq2ZrhBB2sJ9U9Nw4gpsDm9Nu"
"s3://hcp-openaccess/HCP_1200/506234/MNINonLinear/Results/tfMRI_LANGUAGE/tfMRI_LANGUAGE_hp200_s4_level2_MSMAll.feat/design_cov.png","506234","MNINonLinear//Results/tfMRI_LANGUAGE/tfMRI_LANGUAGE_hp200_s4_level2_MSMAll.feat/design_cov.png","g_UA_Af1X_C8dc99_EIocYHfuCuu0eJN"
"s3://hcp-openaccess/HCP_1200/506234/MNINonLinear/Results/tfMRI_LANGUAGE/tfMRI_LANGUAGE_hp200_s4_level2_MSMAll.feat/design_cov.ppm","506234","MNINonLinear//Results/tfMRI_LANGUAGE/tfMRI_LANGUAGE_hp200_s4_level2_MSMAll.feat/design_cov.ppm","NXNeMgmU2QsdDms1FXyGHLx_hu7DqhXm"
"s3://hcp-openaccess/HCP_1200/506234/MNINonLinear/Results/tfMRI_LANGUAGE/tfMRI_LANGUAGE_hp200_s8_level2.feat/506234_tfMRI_LANGUAGE_level2_hp200_s8.dscalar.nii","506234","MNINonLinear//Results/tfMRI_LANGUAGE/tfMRI_LANGUAGE_hp200_s8_level2.feat/506234_tfMRI_LANGUAGE_level2_hp200_s8.dscalar.nii","N.QO9c2h4wJDaYhlXqBS_WaPXyreLswW"
"s3://hcp-openaccess/HCP_1200/506234/MNINonLinear/Results/tfMRI_LANGUAGE/tfMRI_LANGUAGE_hp200_s8_level2.feat/Contrasts.txt","506234","MNINonLinear//Results/tfMRI_LANGUAGE/tfMRI_LANGUAGE_hp200_s8_level2.feat/Contrasts.txt","MapZwvLRi5QPxxW3ue9PIjgSjsd.l3Fi"
"s3://hcp-openaccess/HCP_1200/506234/MNINonLinear/Results/tfMRI_LANGUAGE/tfMRI_LANGUAGE_hp200_s8_level2.feat/GrayordinatesStats/cope1.feat/cope1.dtseries.nii","506234","MNINonLinear//Results/tfMRI_LANGUAGE/tfMRI_LANGUAGE_hp200_s8_level2.feat/GrayordinatesStats/cope1.feat/cope1.dtseries.nii",".q32dml1qk7MZBvCHMWAHGt7vkorHctn"
"s3://hcp-openaccess/HCP_1200/506234/MNINonLinear/Results/tfMRI_LANGUAGE/tfMRI_LANGUAGE_hp200_s8_level2.feat/GrayordinatesStats/cope1.feat/logfile","506234","MNINonLinear//Results/tfMRI_LANGUAGE/tfMRI_LANGUAGE_hp200_s8_level2.feat/GrayordinatesStats/cope1.feat/logfile","X9JhjtBKAyXNCy_.NHcwTz3GguH4V29W"
"s3://hcp-openaccess/HCP_1200/506234/MNINonLinear/Results/tfMRI_LANGUAGE/tfMRI_LANGUAGE_hp200_s8_level2.feat/GrayordinatesStats/cope1.feat/mask.dtseries.nii","506234","MNINonLinear//Results/tfMRI_LANGUAGE/tfMRI_LANGUAGE_hp200_s8_level2.feat/GrayordinatesStats/cope1.feat/mask.dtseries.nii","O6DPsVKPei1ipK8Pbed3CQ6hQgE1MsnG"
"s3://hcp-openaccess/HCP_1200/506234/MNINonLinear/Results/tfMRI_LANGUAGE/tfMRI_LANGUAGE_hp200_s8_level2.feat/GrayordinatesStats/cope1.feat/mean_random_effects_var1.dtseries.nii","506234","MNINonLinear//Results/tfMRI_LANGUAGE/tfMRI_LANGUAGE_hp200_s8_level2.feat/GrayordinatesStats/cope1.feat/mean_random_effects_var1.dtseries.nii","Wi1SGiL65Uy1ZyPq9qlFI.MoTNWMRets"
"s3://hcp-openaccess/HCP_1200/506234/MNINonLinear/Results/tfMRI_LANGUAGE/tfMRI_LANGUAGE_hp200_s8_level2.feat/GrayordinatesStats/cope1.feat/pe1.dtseries.nii","506234","MNINonLinear//Results/tfMRI_LANGUAGE/tfMRI_LANGUAGE_hp200_s8_level2.feat/GrayordinatesStats/cope1.feat/pe1.dtseries.nii","L9S4yAfmlrMxwprcqjAn4NSmdTJKKUbf"
"s3://hcp-openaccess/HCP_1200/506234/MNINonLinear/Results/tfMRI_LANGUAGE/tfMRI_LANGUAGE_hp200_s8_level2.feat/GrayordinatesStats/cope1.feat/res4d.dtseries.nii","506234","MNINonLinear//Results/tfMRI_LANGUAGE/tfMRI_LANGUAGE_hp200_s8_level2.feat/GrayordinatesStats/cope1.feat/res4d.dtseries.nii",".9r7JjNKsZsIFJ4rhMSIPeTuOKNvs18c"
"s3://hcp-openaccess/HCP_1200/506234/MNINonLinear/Results/tfMRI_LANGUAGE/tfMRI_LANGUAGE_hp200_s8_level2.feat/GrayordinatesStats/cope1.feat/tdof_t1.dtseries.nii","506234","MNINonLinear//Results/tfMRI_LANGUAGE/tfMRI_LANGUAGE_hp200_s8_level2.feat/GrayordinatesStats/cope1.feat/tdof_t1.dtseries.nii","i._2d6.tNA51B.h6xpROckXti8o7rDAp"
"s3://hcp-openaccess/HCP_1200/506234/MNINonLinear/Results/tfMRI_LANGUAGE/tfMRI_LANGUAGE_hp200_s8_level2.feat/GrayordinatesStats/cope1.feat/tstat1.dtseries.nii","506234","MNINonLinear//Results/tfMRI_LANGUAGE/tfMRI_LANGUAGE_hp200_s8_level2.feat/GrayordinatesStats/cope1.feat/tstat1.dtseries.nii","2_MUsn0SM61V3H1HMb67l4ByVHxWBJTp"
"s3://hcp-openaccess/HCP_1200/506234/MNINonLinear/Results/tfMRI_LANGUAGE/tfMRI_LANGUAGE_hp200_s8_level2.feat/GrayordinatesStats/cope1.feat/varcope1.dtseries.nii","506234","MNINonLinear//Results/tfMRI_LANGUAGE/tfMRI_LANGUAGE_hp200_s8_level2.feat/GrayordinatesStats/cope1.feat/varcope1.dtseries.nii","9EYzJTgXNFAytieHQcOG0JSVX0ib5cNL"
"s3://hcp-openaccess/HCP_1200/506234/MNINonLinear/Results/tfMRI_LANGUAGE/tfMRI_LANGUAGE_hp200_s8_level2.feat/GrayordinatesStats/cope1.feat/weights1.dtseries.nii","506234","MNINonLinear//Results/tfMRI_LANGUAGE/tfMRI_LANGUAGE_hp200_s8_level2.feat/GrayordinatesStats/cope1.feat/weights1.dtseries.nii","9Vr.I.G6bN5iLcIrqfqHWhM3nGgVzkKr"
"s3://hcp-openaccess/HCP_1200/506234/MNINonLinear/Results/tfMRI_LANGUAGE/tfMRI_LANGUAGE_hp200_s8_level2.feat/GrayordinatesStats/cope1.feat/zflame1lowertstat1.dtseries.nii","506234","MNINonLinear//Results/tfMRI_LANGUAGE/tfMRI_LANGUAGE_hp200_s8_level2.feat/GrayordinatesStats/cope1.feat/zflame1lowertstat1.dtseries.nii","HzpsqKylO5c0TaAf7zCn516P8XipK9ft"
"s3://hcp-openaccess/HCP_1200/506234/MNINonLinear/Results/tfMRI_LANGUAGE/tfMRI_LANGUAGE_hp200_s8_level2.feat/GrayordinatesStats/cope1.feat/zflame1uppertstat1.dtseries.nii","506234","MNINonLinear//Results/tfMRI_LANGUAGE/tfMRI_LANGUAGE_hp200_s8_level2.feat/GrayordinatesStats/cope1.feat/zflame1uppertstat1.dtseries.nii","cEHXL_AG6KkfqiTiQglx3R2SHds_XPH0"
"s3://hcp-openaccess/HCP_1200/506234/MNINonLinear/Results/tfMRI_LANGUAGE/tfMRI_LANGUAGE_hp200_s8_level2.feat/GrayordinatesStats/cope1.feat/zstat1.dtseries.nii","506234","MNINonLinear//Results/tfMRI_LANGUAGE/tfMRI_LANGUAGE_hp200_s8_level2.feat/GrayordinatesStats/cope1.feat/zstat1.dtseries.nii","iuBGFUfnTb8xsDIfBv9aeFFyoKhbU8Xs"
"s3://hcp-openaccess/HCP_1200/506234/MNINonLinear/Results/tfMRI_LANGUAGE/tfMRI_LANGUAGE_hp200_s8_level2.feat/GrayordinatesStats/cope2.feat/cope1.dtseries.nii","506234","MNINonLinear//Results/tfMRI_LANGUAGE/tfMRI_LANGUAGE_hp200_s8_level2.feat/GrayordinatesStats/cope2.feat/cope1.dtseries.nii","iNiykoLKo9yQLcNR5njClCgOJY2iHJEx"
"s3://hcp-openaccess/HCP_1200/506234/MNINonLinear/Results/tfMRI_LANGUAGE/tfMRI_LANGUAGE_hp200_s8_level2.feat/GrayordinatesStats/cope2.feat/logfile","506234","MNINonLinear//Results/tfMRI_LANGUAGE/tfMRI_LANGUAGE_hp200_s8_level2.feat/GrayordinatesStats/cope2.feat/logfile","Q3.VrKYbV8SFikUzm.rEziFC.d3UVlXO"
"s3://hcp-openaccess/HCP_1200/506234/MNINonLinear/Results/tfMRI_LANGUAGE/tfMRI_LANGUAGE_hp200_s8_level2.feat/GrayordinatesStats/cope2.feat/mask.dtseries.nii","506234","MNINonLinear//Results/tfMRI_LANGUAGE/tfMRI_LANGUAGE_hp200_s8_level2.feat/GrayordinatesStats/cope2.feat/mask.dtseries.nii","uANmvY1du_bwVR.pUsDpNcXAYqEQKUS6"
"s3://hcp-openaccess/HCP_1200/506234/MNINonLinear/Results/tfMRI_LANGUAGE/tfMRI_LANGUAGE_hp200_s8_level2.feat/GrayordinatesStats/cope2.feat/mean_random_effects_var1.dtseries.nii","506234","MNINonLinear//Results/tfMRI_LANGUAGE/tfMRI_LANGUAGE_hp200_s8_level2.feat/GrayordinatesStats/cope2.feat/mean_random_effects_var1.dtseries.nii","yQhijM8MbZFyIzeqc5mIDb2Zc086oyLK"
"s3://hcp-openaccess/HCP_1200/506234/MNINonLinear/Results/tfMRI_LANGUAGE/tfMRI_LANGUAGE_hp200_s8_level2.feat/GrayordinatesStats/cope2.feat/pe1.dtseries.nii","506234","MNINonLinear//Results/tfMRI_LANGUAGE/tfMRI_LANGUAGE_hp200_s8_level2.feat/GrayordinatesStats/cope2.feat/pe1.dtseries.nii","N_Dxw2AkcjecVOzHWZVIcbJCBcnZw9eC"
"s3://hcp-openaccess/HCP_1200/506234/MNINonLinear/Results/tfMRI_LANGUAGE/tfMRI_LANGUAGE_hp200_s8_level2.feat/GrayordinatesStats/cope2.feat/res4d.dtseries.nii","506234","MNINonLinear//Results/tfMRI_LANGUAGE/tfMRI_LANGUAGE_hp200_s8_level2.feat/GrayordinatesStats/cope2.feat/res4d.dtseries.nii","VYe3nnr6mvvzMEZ4RY78HLjnggoo3ftd"
"s3://hcp-openaccess/HCP_1200/506234/MNINonLinear/Results/tfMRI_LANGUAGE/tfMRI_LANGUAGE_hp200_s8_level2.feat/GrayordinatesStats/cope2.feat/tdof_t1.dtseries.nii","506234","MNINonLinear//Results/tfMRI_LANGUAGE/tfMRI_LANGUAGE_hp200_s8_level2.feat/GrayordinatesStats/cope2.feat/tdof_t1.dtseries.nii","nV4mQ0TIULmwT1ralFrkwUg92EtAY3mK"
"s3://hcp-openaccess/HCP_1200/506234/MNINonLinear/Results/tfMRI_LANGUAGE/tfMRI_LANGUAGE_hp200_s8_level2.feat/GrayordinatesStats/cope2.feat/tstat1.dtseries.nii","506234","MNINonLinear//Results/tfMRI_LANGUAGE/tfMRI_LANGUAGE_hp200_s8_level2.feat/GrayordinatesStats/cope2.feat/tstat1.dtseries.nii","QPQv02z65N7MsB6z.LTHyv3FsWAtTEmb"
"s3://hcp-openaccess/HCP_1200/506234/MNINonLinear/Results/tfMRI_LANGUAGE/tfMRI_LANGUAGE_hp200_s8_level2.feat/GrayordinatesStats/cope2.feat/varcope1.dtseries.nii","506234","MNINonLinear//Results/tfMRI_LANGUAGE/tfMRI_LANGUAGE_hp200_s8_level2.feat/GrayordinatesStats/cope2.feat/varcope1.dtseries.nii","D96o_1SEpm2ft2YGxFUA8GgaRxrLgLcU"
"s3://hcp-openaccess/HCP_1200/506234/MNINonLinear/Results/tfMRI_LANGUAGE/tfMRI_LANGUAGE_hp200_s8_level2.feat/GrayordinatesStats/cope2.feat/weights1.dtseries.nii","506234","MNINonLinear//Results/tfMRI_LANGUAGE/tfMRI_LANGUAGE_hp200_s8_level2.feat/GrayordinatesStats/cope2.feat/weights1.dtseries.nii","H9KAwFJ_Ycel0u8MqsGkSniO7ql.iIWD"
"s3://hcp-openaccess/HCP_1200/506234/MNINonLinear/Results/tfMRI_LANGUAGE/tfMRI_LANGUAGE_hp200_s8_level2.feat/GrayordinatesStats/cope2.feat/zflame1lowertstat1.dtseries.nii","506234","MNINonLinear//Results/tfMRI_LANGUAGE/tfMRI_LANGUAGE_hp200_s8_level2.feat/GrayordinatesStats/cope2.feat/zflame1lowertstat1.dtseries.nii","3tsecWq0zrSpUs05qSqUhn92rXXuzLix"
"s3://hcp-openaccess/HCP_1200/506234/MNINonLinear/Results/tfMRI_LANGUAGE/tfMRI_LANGUAGE_hp200_s8_level2.feat/GrayordinatesStats/cope2.feat/zflame1uppertstat1.dtseries.nii","506234","MNINonLinear//Results/tfMRI_LANGUAGE/tfMRI_LANGUAGE_hp200_s8_level2.feat/GrayordinatesStats/cope2.feat/zflame1uppertstat1.dtseries.nii","mX2GFzUwhVWtKJPStTs6WwaKRQYkyIhQ"
"s3://hcp-openaccess/HCP_1200/506234/MNINonLinear/Results/tfMRI_LANGUAGE/tfMRI_LANGUAGE_hp200_s8_level2.feat/GrayordinatesStats/cope2.feat/zstat1.dtseries.nii","506234","MNINonLinear//Results/tfMRI_LANGUAGE/tfMRI_LANGUAGE_hp200_s8_level2.feat/GrayordinatesStats/cope2.feat/zstat1.dtseries.nii","Q1QFTeZ8yWHb4GoRJZMwo2kxfbelpTMT"
"s3://hcp-openaccess/HCP_1200/506234/MNINonLinear/Results/tfMRI_LANGUAGE/tfMRI_LANGUAGE_hp200_s8_level2.feat/GrayordinatesStats/cope3.feat/cope1.dtseries.nii","506234","MNINonLinear//Results/tfMRI_LANGUAGE/tfMRI_LANGUAGE_hp200_s8_level2.feat/GrayordinatesStats/cope3.feat/cope1.dtseries.nii","F0U1dDCrqrh6uWU30FuikN7PVvVcgZ6l"
"s3://hcp-openaccess/HCP_1200/506234/MNINonLinear/Results/tfMRI_LANGUAGE/tfMRI_LANGUAGE_hp200_s8_level2.feat/GrayordinatesStats/cope3.feat/logfile","506234","MNINonLinear//Results/tfMRI_LANGUAGE/tfMRI_LANGUAGE_hp200_s8_level2.feat/GrayordinatesStats/cope3.feat/logfile","7.3VJc4TDMO1le028K52TVuG4vMhAGKJ"
"s3://hcp-openaccess/HCP_1200/506234/MNINonLinear/Results/tfMRI_LANGUAGE/tfMRI_LANGUAGE_hp200_s8_level2.feat/GrayordinatesStats/cope3.feat/mask.dtseries.nii","506234","MNINonLinear//Results/tfMRI_LANGUAGE/tfMRI_LANGUAGE_hp200_s8_level2.feat/GrayordinatesStats/cope3.feat/mask.dtseries.nii","49M0k4_AOEgaTSqnyZH8Ux_81pM7nEo3"
"s3://hcp-openaccess/HCP_1200/506234/MNINonLinear/Results/tfMRI_LANGUAGE/tfMRI_LANGUAGE_hp200_s8_level2.feat/GrayordinatesStats/cope3.feat/mean_random_effects_var1.dtseries.nii","506234","MNINonLinear//Results/tfMRI_LANGUAGE/tfMRI_LANGUAGE_hp200_s8_level2.feat/GrayordinatesStats/cope3.feat/mean_random_effects_var1.dtseries.nii","WazQz7g1rHuGGKgFRVe50VxpEXc7ydCh"
"s3://hcp-openaccess/HCP_1200/506234/MNINonLinear/Results/tfMRI_LANGUAGE/tfMRI_LANGUAGE_hp200_s8_level2.feat/GrayordinatesStats/cope3.feat/pe1.dtseries.nii","506234","MNINonLinear//Results/tfMRI_LANGUAGE/tfMRI_LANGUAGE_hp200_s8_level2.feat/GrayordinatesStats/cope3.feat/pe1.dtseries.nii","JeeokZv6kqgWjf6ZrV1Ijf6GWsfae7RG"
"s3://hcp-openaccess/HCP_1200/506234/MNINonLinear/Results/tfMRI_LANGUAGE/tfMRI_LANGUAGE_hp200_s8_level2.feat/GrayordinatesStats/cope3.feat/res4d.dtseries.nii","506234","MNINonLinear//Results/tfMRI_LANGUAGE/tfMRI_LANGUAGE_hp200_s8_level2.feat/GrayordinatesStats/cope3.feat/res4d.dtseries.nii","hEUWIAi0rL0BkFmlky9.pGo98m3_zuU5"
"s3://hcp-openaccess/HCP_1200/506234/MNINonLinear/Results/tfMRI_LANGUAGE/tfMRI_LANGUAGE_hp200_s8_level2.feat/GrayordinatesStats/cope3.feat/tdof_t1.dtseries.nii","506234","MNINonLinear//Results/tfMRI_LANGUAGE/tfMRI_LANGUAGE_hp200_s8_level2.feat/GrayordinatesStats/cope3.feat/tdof_t1.dtseries.nii","HOkS4IbmzQijrTvHfikY3iJdbqTdbBzI"
"s3://hcp-openaccess/HCP_1200/506234/MNINonLinear/Results/tfMRI_LANGUAGE/tfMRI_LANGUAGE_hp200_s8_level2.feat/GrayordinatesStats/cope3.feat/tstat1.dtseries.nii","506234","MNINonLinear//Results/tfMRI_LANGUAGE/tfMRI_LANGUAGE_hp200_s8_level2.feat/GrayordinatesStats/cope3.feat/tstat1.dtseries.nii","bLpifDSd3qLoX5kDyOhqmtTqzrM1BAnQ"
"s3://hcp-openaccess/HCP_1200/506234/MNINonLinear/Results/tfMRI_LANGUAGE/tfMRI_LANGUAGE_hp200_s8_level2.feat/GrayordinatesStats/cope3.feat/varcope1.dtseries.nii","506234","MNINonLinear//Results/tfMRI_LANGUAGE/tfMRI_LANGUAGE_hp200_s8_level2.feat/GrayordinatesStats/cope3.feat/varcope1.dtseries.nii","r36CVUrxZDtez9SN7DOn1UbAAXk7qbB_"
"s3://hcp-openaccess/HCP_1200/506234/MNINonLinear/Results/tfMRI_LANGUAGE/tfMRI_LANGUAGE_hp200_s8_level2.feat/GrayordinatesStats/cope3.feat/weights1.dtseries.nii","506234","MNINonLinear//Results/tfMRI_LANGUAGE/tfMRI_LANGUAGE_hp200_s8_level2.feat/GrayordinatesStats/cope3.feat/weights1.dtseries.nii","GhVpG9hCBKbft3hZIEsT9iZm.ZjPvULy"
"s3://hcp-openaccess/HCP_1200/506234/MNINonLinear/Results/tfMRI_LANGUAGE/tfMRI_LANGUAGE_hp200_s8_level2.feat/GrayordinatesStats/cope3.feat/zflame1lowertstat1.dtseries.nii","506234","MNINonLinear//Results/tfMRI_LANGUAGE/tfMRI_LANGUAGE_hp200_s8_level2.feat/GrayordinatesStats/cope3.feat/zflame1lowertstat1.dtseries.nii","ifO2YxYfJ5KKgHpnYR191E7P7SgimHwk"
"s3://hcp-openaccess/HCP_1200/506234/MNINonLinear/Results/tfMRI_LANGUAGE/tfMRI_LANGUAGE_hp200_s8_level2.feat/GrayordinatesStats/cope3.feat/zflame1uppertstat1.dtseries.nii","506234","MNINonLinear//Results/tfMRI_LANGUAGE/tfMRI_LANGUAGE_hp200_s8_level2.feat/GrayordinatesStats/cope3.feat/zflame1uppertstat1.dtseries.nii","FSLCwYO0EuPbVuTunVxiY4k76IyoFfCt"
"s3://hcp-openaccess/HCP_1200/506234/MNINonLinear/Results/tfMRI_LANGUAGE/tfMRI_LANGUAGE_hp200_s8_level2.feat/GrayordinatesStats/cope3.feat/zstat1.dtseries.nii","506234","MNINonLinear//Results/tfMRI_LANGUAGE/tfMRI_LANGUAGE_hp200_s8_level2.feat/GrayordinatesStats/cope3.feat/zstat1.dtseries.nii","ctjA.ryClO7bT4oJkjGknhR9TJs4AKuc"
"s3://hcp-openaccess/HCP_1200/506234/MNINonLinear/Results/tfMRI_LANGUAGE/tfMRI_LANGUAGE_hp200_s8_level2.feat/GrayordinatesStats/cope4.feat/cope1.dtseries.nii","506234","MNINonLinear//Results/tfMRI_LANGUAGE/tfMRI_LANGUAGE_hp200_s8_level2.feat/GrayordinatesStats/cope4.feat/cope1.dtseries.nii","qfR5rPyPBznqFTOOHx2.vt9XZZ2b5ih7"
"s3://hcp-openaccess/HCP_1200/506234/MNINonLinear/Results/tfMRI_LANGUAGE/tfMRI_LANGUAGE_hp200_s8_level2.feat/GrayordinatesStats/cope4.feat/logfile","506234","MNINonLinear//Results/tfMRI_LANGUAGE/tfMRI_LANGUAGE_hp200_s8_level2.feat/GrayordinatesStats/cope4.feat/logfile","akF_lolsGFO3dg6QbNbU95SUOhQODNd4"
"s3://hcp-openaccess/HCP_1200/506234/MNINonLinear/Results/tfMRI_LANGUAGE/tfMRI_LANGUAGE_hp200_s8_level2.feat/GrayordinatesStats/cope4.feat/mask.dtseries.nii","506234","MNINonLinear//Results/tfMRI_LANGUAGE/tfMRI_LANGUAGE_hp200_s8_level2.feat/GrayordinatesStats/cope4.feat/mask.dtseries.nii","GXFQiYxHv3NKO7lqUzvU3mQm0k9xatcB"
"s3://hcp-openaccess/HCP_1200/506234/MNINonLinear/Results/tfMRI_LANGUAGE/tfMRI_LANGUAGE_hp200_s8_level2.feat/GrayordinatesStats/cope4.feat/mean_random_effects_var1.dtseries.nii","506234","MNINonLinear//Results/tfMRI_LANGUAGE/tfMRI_LANGUAGE_hp200_s8_level2.feat/GrayordinatesStats/cope4.feat/mean_random_effects_var1.dtseries.nii","GP8GMBB_.xkicajTyHJax.1TqkRKDHw8"
"s3://hcp-openaccess/HCP_1200/506234/MNINonLinear/Results/tfMRI_LANGUAGE/tfMRI_LANGUAGE_hp200_s8_level2.feat/GrayordinatesStats/cope4.feat/pe1.dtseries.nii","506234","MNINonLinear//Results/tfMRI_LANGUAGE/tfMRI_LANGUAGE_hp200_s8_level2.feat/GrayordinatesStats/cope4.feat/pe1.dtseries.nii","NCatw9LF8Y32YmYfTBXaGnfcpF1M6Z1T"
"s3://hcp-openaccess/HCP_1200/506234/MNINonLinear/Results/tfMRI_LANGUAGE/tfMRI_LANGUAGE_hp200_s8_level2.feat/GrayordinatesStats/cope4.feat/res4d.dtseries.nii","506234","MNINonLinear//Results/tfMRI_LANGUAGE/tfMRI_LANGUAGE_hp200_s8_level2.feat/GrayordinatesStats/cope4.feat/res4d.dtseries.nii","_QwJpfDXnkXqFJ9wQVwSf0Tj_9vVZDfV"
"s3://hcp-openaccess/HCP_1200/506234/MNINonLinear/Results/tfMRI_LANGUAGE/tfMRI_LANGUAGE_hp200_s8_level2.feat/GrayordinatesStats/cope4.feat/tdof_t1.dtseries.nii","506234","MNINonLinear//Results/tfMRI_LANGUAGE/tfMRI_LANGUAGE_hp200_s8_level2.feat/GrayordinatesStats/cope4.feat/tdof_t1.dtseries.nii","rQGuv5oEbKW6ZlOIBRYjqG79.oN7CMK."
"s3://hcp-openaccess/HCP_1200/506234/MNINonLinear/Results/tfMRI_LANGUAGE/tfMRI_LANGUAGE_hp200_s8_level2.feat/GrayordinatesStats/cope4.feat/tstat1.dtseries.nii","506234","MNINonLinear//Results/tfMRI_LANGUAGE/tfMRI_LANGUAGE_hp200_s8_level2.feat/GrayordinatesStats/cope4.feat/tstat1.dtseries.nii","YFbkSByfNLw7U_n1pCrqcddXmnKZ1ovK"
"s3://hcp-openaccess/HCP_1200/506234/MNINonLinear/Results/tfMRI_LANGUAGE/tfMRI_LANGUAGE_hp200_s8_level2.feat/GrayordinatesStats/cope4.feat/varcope1.dtseries.nii","506234","MNINonLinear//Results/tfMRI_LANGUAGE/tfMRI_LANGUAGE_hp200_s8_level2.feat/GrayordinatesStats/cope4.feat/varcope1.dtseries.nii","vXp1ac1908m1vjk.Fct.f5fQ6e0dofVX"
"s3://hcp-openaccess/HCP_1200/506234/MNINonLinear/Results/tfMRI_LANGUAGE/tfMRI_LANGUAGE_hp200_s8_level2.feat/GrayordinatesStats/cope4.feat/weights1.dtseries.nii","506234","MNINonLinear//Results/tfMRI_LANGUAGE/tfMRI_LANGUAGE_hp200_s8_level2.feat/GrayordinatesStats/cope4.feat/weights1.dtseries.nii","gkxhbXqJFsaFXLtGfr9gYLCPDYWf2NJw"
"s3://hcp-openaccess/HCP_1200/506234/MNINonLinear/Results/tfMRI_LANGUAGE/tfMRI_LANGUAGE_hp200_s8_level2.feat/GrayordinatesStats/cope4.feat/zflame1lowertstat1.dtseries.nii","506234","MNINonLinear//Results/tfMRI_LANGUAGE/tfMRI_LANGUAGE_hp200_s8_level2.feat/GrayordinatesStats/cope4.feat/zflame1lowertstat1.dtseries.nii","twRTegNxbAFp3TE9q_fjkMtJMOo6N2dC"
"s3://hcp-openaccess/HCP_1200/506234/MNINonLinear/Results/tfMRI_LANGUAGE/tfMRI_LANGUAGE_hp200_s8_level2.feat/GrayordinatesStats/cope4.feat/zflame1uppertstat1.dtseries.nii","506234","MNINonLinear//Results/tfMRI_LANGUAGE/tfMRI_LANGUAGE_hp200_s8_level2.feat/GrayordinatesStats/cope4.feat/zflame1uppertstat1.dtseries.nii","yemfTYQLaHQ2OGDRDYKE3S0WcGgefSbL"
"s3://hcp-openaccess/HCP_1200/506234/MNINonLinear/Results/tfMRI_LANGUAGE/tfMRI_LANGUAGE_hp200_s8_level2.feat/GrayordinatesStats/cope4.feat/zstat1.dtseries.nii","506234","MNINonLinear//Results/tfMRI_LANGUAGE/tfMRI_LANGUAGE_hp200_s8_level2.feat/GrayordinatesStats/cope4.feat/zstat1.dtseries.nii","o9xEFad6VWjzufC55rS1D99k4CdXNPjz"
"s3://hcp-openaccess/HCP_1200/506234/MNINonLinear/Results/tfMRI_LANGUAGE/tfMRI_LANGUAGE_hp200_s8_level2.feat/GrayordinatesStats/cope5.feat/cope1.dtseries.nii","506234","MNINonLinear//Results/tfMRI_LANGUAGE/tfMRI_LANGUAGE_hp200_s8_level2.feat/GrayordinatesStats/cope5.feat/cope1.dtseries.nii","j5FFL6oN2y.z7O8BDuIf2pLdYxXXx6w9"
"s3://hcp-openaccess/HCP_1200/506234/MNINonLinear/Results/tfMRI_LANGUAGE/tfMRI_LANGUAGE_hp200_s8_level2.feat/GrayordinatesStats/cope5.feat/logfile","506234","MNINonLinear//Results/tfMRI_LANGUAGE/tfMRI_LANGUAGE_hp200_s8_level2.feat/GrayordinatesStats/cope5.feat/logfile","b_pGxXjgfipXRb5B4o9VmDFPXo.0aMjh"
"s3://hcp-openaccess/HCP_1200/506234/MNINonLinear/Results/tfMRI_LANGUAGE/tfMRI_LANGUAGE_hp200_s8_level2.feat/GrayordinatesStats/cope5.feat/mask.dtseries.nii","506234","MNINonLinear//Results/tfMRI_LANGUAGE/tfMRI_LANGUAGE_hp200_s8_level2.feat/GrayordinatesStats/cope5.feat/mask.dtseries.nii","KHYWur5sPiIntdRKAhWQBNHKOyfjVk3S"
"s3://hcp-openaccess/HCP_1200/506234/MNINonLinear/Results/tfMRI_LANGUAGE/tfMRI_LANGUAGE_hp200_s8_level2.feat/GrayordinatesStats/cope5.feat/mean_random_effects_var1.dtseries.nii","506234","MNINonLinear//Results/tfMRI_LANGUAGE/tfMRI_LANGUAGE_hp200_s8_level2.feat/GrayordinatesStats/cope5.feat/mean_random_effects_var1.dtseries.nii","WNPGiuLrpvkWsPROYUBYKoXDY.yHg2UI"
"s3://hcp-openaccess/HCP_1200/506234/MNINonLinear/Results/tfMRI_LANGUAGE/tfMRI_LANGUAGE_hp200_s8_level2.feat/GrayordinatesStats/cope5.feat/pe1.dtseries.nii","506234","MNINonLinear//Results/tfMRI_LANGUAGE/tfMRI_LANGUAGE_hp200_s8_level2.feat/GrayordinatesStats/cope5.feat/pe1.dtseries.nii","ImHWURQP9hOt3riBzwsRcWDRdfPgFixE"
"s3://hcp-openaccess/HCP_1200/506234/MNINonLinear/Results/tfMRI_LANGUAGE/tfMRI_LANGUAGE_hp200_s8_level2.feat/GrayordinatesStats/cope5.feat/res4d.dtseries.nii","506234","MNINonLinear//Results/tfMRI_LANGUAGE/tfMRI_LANGUAGE_hp200_s8_level2.feat/GrayordinatesStats/cope5.feat/res4d.dtseries.nii","yS.LYc9WLY0q482dQQvaRTNLlGCDnfse"
"s3://hcp-openaccess/HCP_1200/506234/MNINonLinear/Results/tfMRI_LANGUAGE/tfMRI_LANGUAGE_hp200_s8_level2.feat/GrayordinatesStats/cope5.feat/tdof_t1.dtseries.nii","506234","MNINonLinear//Results/tfMRI_LANGUAGE/tfMRI_LANGUAGE_hp200_s8_level2.feat/GrayordinatesStats/cope5.feat/tdof_t1.dtseries.nii","uZqdgHwM9OkJxIHAQKNAbESCbT5umfAW"
"s3://hcp-openaccess/HCP_1200/506234/MNINonLinear/Results/tfMRI_LANGUAGE/tfMRI_LANGUAGE_hp200_s8_level2.feat/GrayordinatesStats/cope5.feat/tstat1.dtseries.nii","506234","MNINonLinear//Results/tfMRI_LANGUAGE/tfMRI_LANGUAGE_hp200_s8_level2.feat/GrayordinatesStats/cope5.feat/tstat1.dtseries.nii","ZIX5K3ieQWWII4S_QPVRW_4uUpI2goUe"
"s3://hcp-openaccess/HCP_1200/506234/MNINonLinear/Results/tfMRI_LANGUAGE/tfMRI_LANGUAGE_hp200_s8_level2.feat/GrayordinatesStats/cope5.feat/varcope1.dtseries.nii","506234","MNINonLinear//Results/tfMRI_LANGUAGE/tfMRI_LANGUAGE_hp200_s8_level2.feat/GrayordinatesStats/cope5.feat/varcope1.dtseries.nii","XdnYVtoKkGxGZQEYTOI.MijQwaF5d2WK"
"s3://hcp-openaccess/HCP_1200/506234/MNINonLinear/Results/tfMRI_LANGUAGE/tfMRI_LANGUAGE_hp200_s8_level2.feat/GrayordinatesStats/cope5.feat/weights1.dtseries.nii","506234","MNINonLinear//Results/tfMRI_LANGUAGE/tfMRI_LANGUAGE_hp200_s8_level2.feat/GrayordinatesStats/cope5.feat/weights1.dtseries.nii","gLZn1o0venBKjHwATDnX86X6q0KAqMiG"
"s3://hcp-openaccess/HCP_1200/506234/MNINonLinear/Results/tfMRI_LANGUAGE/tfMRI_LANGUAGE_hp200_s8_level2.feat/GrayordinatesStats/cope5.feat/zflame1lowertstat1.dtseries.nii","506234","MNINonLinear//Results/tfMRI_LANGUAGE/tfMRI_LANGUAGE_hp200_s8_level2.feat/GrayordinatesStats/cope5.feat/zflame1lowertstat1.dtseries.nii","QMYL2_AMXsLfNjqZOTYrzqRP.PnJV6fS"
"s3://hcp-openaccess/HCP_1200/506234/MNINonLinear/Results/tfMRI_LANGUAGE/tfMRI_LANGUAGE_hp200_s8_level2.feat/GrayordinatesStats/cope5.feat/zflame1uppertstat1.dtseries.nii","506234","MNINonLinear//Results/tfMRI_LANGUAGE/tfMRI_LANGUAGE_hp200_s8_level2.feat/GrayordinatesStats/cope5.feat/zflame1uppertstat1.dtseries.nii","YhxMpF8OFzQsfC3EpbifUITkkIL9LSBj"
"s3://hcp-openaccess/HCP_1200/506234/MNINonLinear/Results/tfMRI_LANGUAGE/tfMRI_LANGUAGE_hp200_s8_level2.feat/GrayordinatesStats/cope5.feat/zstat1.dtseries.nii","506234","MNINonLinear//Results/tfMRI_LANGUAGE/tfMRI_LANGUAGE_hp200_s8_level2.feat/GrayordinatesStats/cope5.feat/zstat1.dtseries.nii","DGqLetKxwvTB40FBX.TaZuKbTdgDVbg0"
"s3://hcp-openaccess/HCP_1200/506234/MNINonLinear/Results/tfMRI_LANGUAGE/tfMRI_LANGUAGE_hp200_s8_level2.feat/GrayordinatesStats/cope6.feat/cope1.dtseries.nii","506234","MNINonLinear//Results/tfMRI_LANGUAGE/tfMRI_LANGUAGE_hp200_s8_level2.feat/GrayordinatesStats/cope6.feat/cope1.dtseries.nii","JNs27vwW69ExZKz5nfE_6TTuWr9dIds6"
"s3://hcp-openaccess/HCP_1200/506234/MNINonLinear/Results/tfMRI_LANGUAGE/tfMRI_LANGUAGE_hp200_s8_level2.feat/GrayordinatesStats/cope6.feat/logfile","506234","MNINonLinear//Results/tfMRI_LANGUAGE/tfMRI_LANGUAGE_hp200_s8_level2.feat/GrayordinatesStats/cope6.feat/logfile","GyvwHf151U68QCzZTMZJsqCFqTDxmUdf"
"s3://hcp-openaccess/HCP_1200/506234/MNINonLinear/Results/tfMRI_LANGUAGE/tfMRI_LANGUAGE_hp200_s8_level2.feat/GrayordinatesStats/cope6.feat/mask.dtseries.nii","506234","MNINonLinear//Results/tfMRI_LANGUAGE/tfMRI_LANGUAGE_hp200_s8_level2.feat/GrayordinatesStats/cope6.feat/mask.dtseries.nii","rhojyGzYq9xV5e06L.93DT232D5_Pd3z"
"s3://hcp-openaccess/HCP_1200/506234/MNINonLinear/Results/tfMRI_LANGUAGE/tfMRI_LANGUAGE_hp200_s8_level2.feat/GrayordinatesStats/cope6.feat/mean_random_effects_var1.dtseries.nii","506234","MNINonLinear//Results/tfMRI_LANGUAGE/tfMRI_LANGUAGE_hp200_s8_level2.feat/GrayordinatesStats/cope6.feat/mean_random_effects_var1.dtseries.nii","k5ogt7oYKaHu0lEmV179HKCEq0tQHw64"
"s3://hcp-openaccess/HCP_1200/506234/MNINonLinear/Results/tfMRI_LANGUAGE/tfMRI_LANGUAGE_hp200_s8_level2.feat/GrayordinatesStats/cope6.feat/pe1.dtseries.nii","506234","MNINonLinear//Results/tfMRI_LANGUAGE/tfMRI_LANGUAGE_hp200_s8_level2.feat/GrayordinatesStats/cope6.feat/pe1.dtseries.nii","c1JUPGRa5JPt5_YrmdsqkigiP9cYCdiX"
"s3://hcp-openaccess/HCP_1200/506234/MNINonLinear/Results/tfMRI_LANGUAGE/tfMRI_LANGUAGE_hp200_s8_level2.feat/GrayordinatesStats/cope6.feat/res4d.dtseries.nii","506234","MNINonLinear//Results/tfMRI_LANGUAGE/tfMRI_LANGUAGE_hp200_s8_level2.feat/GrayordinatesStats/cope6.feat/res4d.dtseries.nii","hRI9.vSAN.JjSNE57WHN4zWmbaZNol_c"
"s3://hcp-openaccess/HCP_1200/506234/MNINonLinear/Results/tfMRI_LANGUAGE/tfMRI_LANGUAGE_hp200_s8_level2.feat/GrayordinatesStats/cope6.feat/tdof_t1.dtseries.nii","506234","MNINonLinear//Results/tfMRI_LANGUAGE/tfMRI_LANGUAGE_hp200_s8_level2.feat/GrayordinatesStats/cope6.feat/tdof_t1.dtseries.nii","Xvw1ceRBQglu27MZoIh0Gcap6oU5EMdS"
"s3://hcp-openaccess/HCP_1200/506234/MNINonLinear/Results/tfMRI_LANGUAGE/tfMRI_LANGUAGE_hp200_s8_level2.feat/GrayordinatesStats/cope6.feat/tstat1.dtseries.nii","506234","MNINonLinear//Results/tfMRI_LANGUAGE/tfMRI_LANGUAGE_hp200_s8_level2.feat/GrayordinatesStats/cope6.feat/tstat1.dtseries.nii","h0K_C57hPOBDXsnjiX1YuKx5NqpzVY27"
"s3://hcp-openaccess/HCP_1200/506234/MNINonLinear/Results/tfMRI_LANGUAGE/tfMRI_LANGUAGE_hp200_s8_level2.feat/GrayordinatesStats/cope6.feat/varcope1.dtseries.nii","506234","MNINonLinear//Results/tfMRI_LANGUAGE/tfMRI_LANGUAGE_hp200_s8_level2.feat/GrayordinatesStats/cope6.feat/varcope1.dtseries.nii","qStSOOAyfYmkFbB_gRGgSPdX8s.ERsCb"
"s3://hcp-openaccess/HCP_1200/506234/MNINonLinear/Results/tfMRI_LANGUAGE/tfMRI_LANGUAGE_hp200_s8_level2.feat/GrayordinatesStats/cope6.feat/weights1.dtseries.nii","506234","MNINonLinear//Results/tfMRI_LANGUAGE/tfMRI_LANGUAGE_hp200_s8_level2.feat/GrayordinatesStats/cope6.feat/weights1.dtseries.nii","4trGv09SAcNq_RnHB3G2rs96TfYdwKRy"
"s3://hcp-openaccess/HCP_1200/506234/MNINonLinear/Results/tfMRI_LANGUAGE/tfMRI_LANGUAGE_hp200_s8_level2.feat/GrayordinatesStats/cope6.feat/zflame1lowertstat1.dtseries.nii","506234","MNINonLinear//Results/tfMRI_LANGUAGE/tfMRI_LANGUAGE_hp200_s8_level2.feat/GrayordinatesStats/cope6.feat/zflame1lowertstat1.dtseries.nii","FfB6iIb1JJembNKPhaK.GjlVuGVCFa6K"
"s3://hcp-openaccess/HCP_1200/506234/MNINonLinear/Results/tfMRI_LANGUAGE/tfMRI_LANGUAGE_hp200_s8_level2.feat/GrayordinatesStats/cope6.feat/zflame1uppertstat1.dtseries.nii","506234","MNINonLinear//Results/tfMRI_LANGUAGE/tfMRI_LANGUAGE_hp200_s8_level2.feat/GrayordinatesStats/cope6.feat/zflame1uppertstat1.dtseries.nii","Qp7uUMC5wx2QBERHWrT8MmayvHlyJ._l"
"s3://hcp-openaccess/HCP_1200/506234/MNINonLinear/Results/tfMRI_LANGUAGE/tfMRI_LANGUAGE_hp200_s8_level2.feat/GrayordinatesStats/cope6.feat/zstat1.dtseries.nii","506234","MNINonLinear//Results/tfMRI_LANGUAGE/tfMRI_LANGUAGE_hp200_s8_level2.feat/GrayordinatesStats/cope6.feat/zstat1.dtseries.nii","SyDt0xno1XzupG3_7pbHADALMUKuASTf"
"s3://hcp-openaccess/HCP_1200/506234/MNINonLinear/Results/tfMRI_LANGUAGE/tfMRI_LANGUAGE_hp200_s8_level2.feat/design.con","506234","MNINonLinear//Results/tfMRI_LANGUAGE/tfMRI_LANGUAGE_hp200_s8_level2.feat/design.con","MoA2kBDWBPcKns0i__OyMq_SHM0S1qGZ"
"s3://hcp-openaccess/HCP_1200/506234/MNINonLinear/Results/tfMRI_LANGUAGE/tfMRI_LANGUAGE_hp200_s8_level2.feat/design.fsf","506234","MNINonLinear//Results/tfMRI_LANGUAGE/tfMRI_LANGUAGE_hp200_s8_level2.feat/design.fsf","XVub41cE4m1T9ILuaoBIoaE46Q0mVEVH"
"s3://hcp-openaccess/HCP_1200/506234/MNINonLinear/Results/tfMRI_LANGUAGE/tfMRI_LANGUAGE_hp200_s8_level2.feat/design.grp","506234","MNINonLinear//Results/tfMRI_LANGUAGE/tfMRI_LANGUAGE_hp200_s8_level2.feat/design.grp","XhNkugA8LoI9Ik3YzpBoMdVkFRHCYpb."
"s3://hcp-openaccess/HCP_1200/506234/MNINonLinear/Results/tfMRI_LANGUAGE/tfMRI_LANGUAGE_hp200_s8_level2.feat/design.mat","506234","MNINonLinear//Results/tfMRI_LANGUAGE/tfMRI_LANGUAGE_hp200_s8_level2.feat/design.mat","nxWIHshm13MGDiPPTm1q5a9qhFBO5VgP"
"s3://hcp-openaccess/HCP_1200/506234/MNINonLinear/Results/tfMRI_LANGUAGE/tfMRI_LANGUAGE_hp200_s8_level2.feat/design.png","506234","MNINonLinear//Results/tfMRI_LANGUAGE/tfMRI_LANGUAGE_hp200_s8_level2.feat/design.png","j3bglTu917Z4DOOzR9MlSUCJPtQv20Xq"
"s3://hcp-openaccess/HCP_1200/506234/MNINonLinear/Results/tfMRI_LANGUAGE/tfMRI_LANGUAGE_hp200_s8_level2.feat/design.ppm","506234","MNINonLinear//Results/tfMRI_LANGUAGE/tfMRI_LANGUAGE_hp200_s8_level2.feat/design.ppm","4FuxHKBxYVusRua5nOhYH_Kgoo3KH2Ss"
"s3://hcp-openaccess/HCP_1200/506234/MNINonLinear/Results/tfMRI_LANGUAGE/tfMRI_LANGUAGE_hp200_s8_level2.feat/design_cov.png","506234","MNINonLinear//Results/tfMRI_LANGUAGE/tfMRI_LANGUAGE_hp200_s8_level2.feat/design_cov.png","YYXSZap_WxASGwC9Unz7kLlhhLqV.P5E"
"s3://hcp-openaccess/HCP_1200/506234/MNINonLinear/Results/tfMRI_LANGUAGE/tfMRI_LANGUAGE_hp200_s8_level2.feat/design_cov.ppm","506234","MNINonLinear//Results/tfMRI_LANGUAGE/tfMRI_LANGUAGE_hp200_s8_level2.feat/design_cov.ppm","OW5STQu_6FFFnvZYv7D6f5pMwnQvgCbI"
"s3://hcp-openaccess/HCP_1200/506234/MNINonLinear/Results/tfMRI_LANGUAGE_LR/EVs/LANGUAGE_Stats.csv","506234","MNINonLinear//Results/tfMRI_LANGUAGE_LR/EVs/LANGUAGE_Stats.csv","dvx0lw34XcAOxZ6.ZNyY8RyIZSr6NzPc"
"s3://hcp-openaccess/HCP_1200/506234/MNINonLinear/Results/tfMRI_LANGUAGE_LR/EVs/Sync.txt","506234","MNINonLinear//Results/tfMRI_LANGUAGE_LR/EVs/Sync.txt","0FPwfkSHgUpeMLStESR6EYvt4hzpr3mL"
"s3://hcp-openaccess/HCP_1200/506234/MNINonLinear/Results/tfMRI_LANGUAGE_LR/EVs/cue.txt","506234","MNINonLinear//Results/tfMRI_LANGUAGE_LR/EVs/cue.txt","vdVA.GHNRAleTE8TSiN0M7N73LU_GVhd"
"s3://hcp-openaccess/HCP_1200/506234/MNINonLinear/Results/tfMRI_LANGUAGE_LR/EVs/math.txt","506234","MNINonLinear//Results/tfMRI_LANGUAGE_LR/EVs/math.txt","Eplh3nHoskKZfG1jHULtJlqtPi38.Ki1"
"s3://hcp-openaccess/HCP_1200/506234/MNINonLinear/Results/tfMRI_LANGUAGE_LR/EVs/present_math.txt","506234","MNINonLinear//Results/tfMRI_LANGUAGE_LR/EVs/present_math.txt","VJ3hldQxLBJPMyuxqiepUed6bMZ2aI5M"
"s3://hcp-openaccess/HCP_1200/506234/MNINonLinear/Results/tfMRI_LANGUAGE_LR/EVs/present_story.txt","506234","MNINonLinear//Results/tfMRI_LANGUAGE_LR/EVs/present_story.txt","PtyklQ8TA2l7AA6oFhCAZe.NZTDVInSr"
"s3://hcp-openaccess/HCP_1200/506234/MNINonLinear/Results/tfMRI_LANGUAGE_LR/EVs/question_math.txt","506234","MNINonLinear//Results/tfMRI_LANGUAGE_LR/EVs/question_math.txt","fYVmo2E.5WZqEWxQSBSgHPPgn5X1gYq7"
"s3://hcp-openaccess/HCP_1200/506234/MNINonLinear/Results/tfMRI_LANGUAGE_LR/EVs/question_story.txt","506234","MNINonLinear//Results/tfMRI_LANGUAGE_LR/EVs/question_story.txt","_LLgCCzxCwEnyEjJvBo3g.nT_5ZwQGvM"
"s3://hcp-openaccess/HCP_1200/506234/MNINonLinear/Results/tfMRI_LANGUAGE_LR/EVs/response_math.txt","506234","MNINonLinear//Results/tfMRI_LANGUAGE_LR/EVs/response_math.txt","8eGNY1qfGNqNloH0Z7gKOaG_yWwEN_cb"
"s3://hcp-openaccess/HCP_1200/506234/MNINonLinear/Results/tfMRI_LANGUAGE_LR/EVs/response_story.txt","506234","MNINonLinear//Results/tfMRI_LANGUAGE_LR/EVs/response_story.txt","M44nB2RhNP_mDxDKkN96Qe_y5.5wQQY4"
"s3://hcp-openaccess/HCP_1200/506234/MNINonLinear/Results/tfMRI_LANGUAGE_LR/EVs/story.txt","506234","MNINonLinear//Results/tfMRI_LANGUAGE_LR/EVs/story.txt","dgZ4CV2VV9HUCFj_HUf6K.UWJfe06c6G"
"s3://hcp-openaccess/HCP_1200/506234/MNINonLinear/Results/tfMRI_LANGUAGE_LR/LANGUAGE_run2_TAB.txt","506234","MNINonLinear//Results/tfMRI_LANGUAGE_LR/LANGUAGE_run2_TAB.txt","hefcmLWr51D0G0RYGsPU4XoaQ4xm6pBG"
"s3://hcp-openaccess/HCP_1200/506234/MNINonLinear/Results/tfMRI_LANGUAGE_LR/Movement_AbsoluteRMS.txt","506234","MNINonLinear//Results/tfMRI_LANGUAGE_LR/Movement_AbsoluteRMS.txt","J69M7QRKWoejxyyEWhYE81e4iomReE2z"
"s3://hcp-openaccess/HCP_1200/506234/MNINonLinear/Results/tfMRI_LANGUAGE_LR/Movement_AbsoluteRMS_mean.txt","506234","MNINonLinear//Results/tfMRI_LANGUAGE_LR/Movement_AbsoluteRMS_mean.txt","RIyiXbW460yqidGCreWgncgMhvGSwEWB"
"s3://hcp-openaccess/HCP_1200/506234/MNINonLinear/Results/tfMRI_LANGUAGE_LR/Movement_Regressors.txt","506234","MNINonLinear//Results/tfMRI_LANGUAGE_LR/Movement_Regressors.txt","O.nyVecOs_pZJh.joDDkGI85BFNqzcUb"
"s3://hcp-openaccess/HCP_1200/506234/MNINonLinear/Results/tfMRI_LANGUAGE_LR/Movement_Regressors_dt.txt","506234","MNINonLinear//Results/tfMRI_LANGUAGE_LR/Movement_Regressors_dt.txt","AmB1.d_d.Jich2t6uHbPYIB8PNXq2qSM"
"s3://hcp-openaccess/HCP_1200/506234/MNINonLinear/Results/tfMRI_LANGUAGE_LR/Movement_RelativeRMS.txt","506234","MNINonLinear//Results/tfMRI_LANGUAGE_LR/Movement_RelativeRMS.txt","X3oZh6uYjrhWzX.G2kUyjR.dybAHkj_O"
"s3://hcp-openaccess/HCP_1200/506234/MNINonLinear/Results/tfMRI_LANGUAGE_LR/Movement_RelativeRMS_mean.txt","506234","MNINonLinear//Results/tfMRI_LANGUAGE_LR/Movement_RelativeRMS_mean.txt","mR6U3DpRkrVAC_q8WPqsvyCVg6DZohf8"
"s3://hcp-openaccess/HCP_1200/506234/MNINonLinear/Results/tfMRI_LANGUAGE_LR/PhaseOne_gdc_dc.nii.gz","506234","MNINonLinear//Results/tfMRI_LANGUAGE_LR/PhaseOne_gdc_dc.nii.gz","HiMJLrMQc2DtC2I81f5GJ.YljXS7HBmq"
"s3://hcp-openaccess/HCP_1200/506234/MNINonLinear/Results/tfMRI_LANGUAGE_LR/PhaseTwo_gdc_dc.nii.gz","506234","MNINonLinear//Results/tfMRI_LANGUAGE_LR/PhaseTwo_gdc_dc.nii.gz","EJnmCMHL4YjiDMn.C0wXxiTq.Ez8JrJO"
"s3://hcp-openaccess/HCP_1200/506234/MNINonLinear/Results/tfMRI_LANGUAGE_LR/RibbonVolumeToSurfaceMapping/goodvoxels.nii.gz","506234","MNINonLinear//Results/tfMRI_LANGUAGE_LR/RibbonVolumeToSurfaceMapping/goodvoxels.nii.gz","Z_VV3KG1h4KRp.QpfzdeU.Y7Ju3xMkcK"
"s3://hcp-openaccess/HCP_1200/506234/MNINonLinear/Results/tfMRI_LANGUAGE_LR/SBRef_dc.nii.gz","506234","MNINonLinear//Results/tfMRI_LANGUAGE_LR/SBRef_dc.nii.gz","wQe_4X62BO3KWT_Pcse9QKrtYkl8vdrr"
"s3://hcp-openaccess/HCP_1200/506234/MNINonLinear/Results/tfMRI_LANGUAGE_LR/brainmask_fs.2.nii.gz","506234","MNINonLinear//Results/tfMRI_LANGUAGE_LR/brainmask_fs.2.nii.gz","taPlBbbrULXEkxOI0dE8zwZk1RqMiRj7"
"s3://hcp-openaccess/HCP_1200/506234/MNINonLinear/Results/tfMRI_LANGUAGE_LR/tfMRI_LANGUAGE_LR.L.native.func.gii","506234","MNINonLinear//Results/tfMRI_LANGUAGE_LR/tfMRI_LANGUAGE_LR.L.native.func.gii","IbNymIeTxewN6yb4vdIl4iObnBecN5ny"
"s3://hcp-openaccess/HCP_1200/506234/MNINonLinear/Results/tfMRI_LANGUAGE_LR/tfMRI_LANGUAGE_LR.R.native.func.gii","506234","MNINonLinear//Results/tfMRI_LANGUAGE_LR/tfMRI_LANGUAGE_LR.R.native.func.gii","nK308xHMnDZ0.dwNZVrayrWxPGvz_tc1"
"s3://hcp-openaccess/HCP_1200/506234/MNINonLinear/Results/tfMRI_LANGUAGE_LR/tfMRI_LANGUAGE_LR.nii.gz","506234","MNINonLinear//Results/tfMRI_LANGUAGE_LR/tfMRI_LANGUAGE_LR.nii.gz","2IS4uoGGuYZt8sZs4NIhO6VU9dYFcufe"
"s3://hcp-openaccess/HCP_1200/506234/MNINonLinear/Results/tfMRI_LANGUAGE_LR/tfMRI_LANGUAGE_LR_Atlas.dtseries.nii","506234","MNINonLinear//Results/tfMRI_LANGUAGE_LR/tfMRI_LANGUAGE_LR_Atlas.dtseries.nii","OOe9alPMG3tgHLe3KrWeBIWza7A35GnZ"
"s3://hcp-openaccess/HCP_1200/506234/MNINonLinear/Results/tfMRI_LANGUAGE_LR/tfMRI_LANGUAGE_LR_Atlas_MSMAll.dtseries.nii","506234","MNINonLinear//Results/tfMRI_LANGUAGE_LR/tfMRI_LANGUAGE_LR_Atlas_MSMAll.dtseries.nii","EeloD7G15_rWets6jd7GHA2uXrlN94Bw"
"s3://hcp-openaccess/HCP_1200/506234/MNINonLinear/Results/tfMRI_LANGUAGE_LR/tfMRI_LANGUAGE_LR_Jacobian.nii.gz","506234","MNINonLinear//Results/tfMRI_LANGUAGE_LR/tfMRI_LANGUAGE_LR_Jacobian.nii.gz","JxdW171hEr3xAdR21AsR1WjPxwtvBkQv"
"s3://hcp-openaccess/HCP_1200/506234/MNINonLinear/Results/tfMRI_LANGUAGE_LR/tfMRI_LANGUAGE_LR_Physio_log.txt","506234","MNINonLinear//Results/tfMRI_LANGUAGE_LR/tfMRI_LANGUAGE_LR_Physio_log.txt","wueBfCrabFJesBNsXObpBrH5tTIWuEbf"
"s3://hcp-openaccess/HCP_1200/506234/MNINonLinear/Results/tfMRI_LANGUAGE_LR/tfMRI_LANGUAGE_LR_SBRef.nii.gz","506234","MNINonLinear//Results/tfMRI_LANGUAGE_LR/tfMRI_LANGUAGE_LR_SBRef.nii.gz","HkkLHKuHmfVwxn7Nmlq3YeTMJfQrpdxH"
"s3://hcp-openaccess/HCP_1200/506234/MNINonLinear/Results/tfMRI_LANGUAGE_LR/tfMRI_LANGUAGE_LR_hp200_s4_level1.fsf","506234","MNINonLinear//Results/tfMRI_LANGUAGE_LR/tfMRI_LANGUAGE_LR_hp200_s4_level1.fsf","tfpv9pTGnuuHIGONkxZI20sNQIW3FTFP"
"s3://hcp-openaccess/HCP_1200/506234/MNINonLinear/Results/tfMRI_LANGUAGE_RL/EVs/LANGUAGE_Stats.csv","506234","MNINonLinear//Results/tfMRI_LANGUAGE_RL/EVs/LANGUAGE_Stats.csv","jIyZDI__MOpLafVXT_dgzPLz2eiPWAsM"
"s3://hcp-openaccess/HCP_1200/506234/MNINonLinear/Results/tfMRI_LANGUAGE_RL/EVs/Sync.txt","506234","MNINonLinear//Results/tfMRI_LANGUAGE_RL/EVs/Sync.txt","Mi5_.udRfZT5H.0CqvAfsxysqrSmDtw7"
"s3://hcp-openaccess/HCP_1200/506234/MNINonLinear/Results/tfMRI_LANGUAGE_RL/EVs/cue.txt","506234","MNINonLinear//Results/tfMRI_LANGUAGE_RL/EVs/cue.txt","vpfFlqT.0B5Juh1oARLiPrr1dVFASHP."
"s3://hcp-openaccess/HCP_1200/506234/MNINonLinear/Results/tfMRI_LANGUAGE_RL/EVs/math.txt","506234","MNINonLinear//Results/tfMRI_LANGUAGE_RL/EVs/math.txt","bEZj58O2P5poL3HKiuX9sSDCk2yOMT4c"
"s3://hcp-openaccess/HCP_1200/506234/MNINonLinear/Results/tfMRI_LANGUAGE_RL/EVs/present_math.txt","506234","MNINonLinear//Results/tfMRI_LANGUAGE_RL/EVs/present_math.txt","1C_S8h3S70CcaSrGA7V4S.JVuDCXN9pX"
"s3://hcp-openaccess/HCP_1200/506234/MNINonLinear/Results/tfMRI_LANGUAGE_RL/EVs/present_story.txt","506234","MNINonLinear//Results/tfMRI_LANGUAGE_RL/EVs/present_story.txt","GZtSU7XNA1BtYylsQ5cKSQ1FcBcW00oS"
"s3://hcp-openaccess/HCP_1200/506234/MNINonLinear/Results/tfMRI_LANGUAGE_RL/EVs/question_math.txt","506234","MNINonLinear//Results/tfMRI_LANGUAGE_RL/EVs/question_math.txt","4BntKmBZlOzpXOVL7YoaDGDW5zihYwYF"
"s3://hcp-openaccess/HCP_1200/506234/MNINonLinear/Results/tfMRI_LANGUAGE_RL/EVs/question_story.txt","506234","MNINonLinear//Results/tfMRI_LANGUAGE_RL/EVs/question_story.txt","deJsmWQNRXEPAKDDJME7mJWcvNFDvRzN"
"s3://hcp-openaccess/HCP_1200/506234/MNINonLinear/Results/tfMRI_LANGUAGE_RL/EVs/response_math.txt","506234","MNINonLinear//Results/tfMRI_LANGUAGE_RL/EVs/response_math.txt","1RS.d.Epv4R_g04lSGdQCb1Y6rHbVBng"
"s3://hcp-openaccess/HCP_1200/506234/MNINonLinear/Results/tfMRI_LANGUAGE_RL/EVs/response_story.txt","506234","MNINonLinear//Results/tfMRI_LANGUAGE_RL/EVs/response_story.txt","4AMdk6id_5wmf11GNc0JWxnQjUjG2Y1l"
"s3://hcp-openaccess/HCP_1200/506234/MNINonLinear/Results/tfMRI_LANGUAGE_RL/EVs/story.txt","506234","MNINonLinear//Results/tfMRI_LANGUAGE_RL/EVs/story.txt","tS.k9l0I0XmCwwW.ApLrD1TLMR7BGI4b"
"s3://hcp-openaccess/HCP_1200/506234/MNINonLinear/Results/tfMRI_LANGUAGE_RL/LANGUAGE_run1_TAB.txt","506234","MNINonLinear//Results/tfMRI_LANGUAGE_RL/LANGUAGE_run1_TAB.txt","Z5KzUCjnhhY6NcW1BuzzzVV9lJu4MdaH"
"s3://hcp-openaccess/HCP_1200/506234/MNINonLinear/Results/tfMRI_LANGUAGE_RL/Movement_AbsoluteRMS.txt","506234","MNINonLinear//Results/tfMRI_LANGUAGE_RL/Movement_AbsoluteRMS.txt","neRjn_yRa6uMq5XwzUGIIeVtAXCLQPBU"
"s3://hcp-openaccess/HCP_1200/506234/MNINonLinear/Results/tfMRI_LANGUAGE_RL/Movement_AbsoluteRMS_mean.txt","506234","MNINonLinear//Results/tfMRI_LANGUAGE_RL/Movement_AbsoluteRMS_mean.txt","SoJMM.1ZY0ghWj99NjQqPcsbbmGtFQ6W"
"s3://hcp-openaccess/HCP_1200/506234/MNINonLinear/Results/tfMRI_LANGUAGE_RL/Movement_Regressors.txt","506234","MNINonLinear//Results/tfMRI_LANGUAGE_RL/Movement_Regressors.txt","Q474VblZQj6UZ4LGx7WTuU6.XAKvdoH4"
"s3://hcp-openaccess/HCP_1200/506234/MNINonLinear/Results/tfMRI_LANGUAGE_RL/Movement_Regressors_dt.txt","506234","MNINonLinear//Results/tfMRI_LANGUAGE_RL/Movement_Regressors_dt.txt","DADj_O9azL7OSgdyt7arBEeed4EYsnhX"
"s3://hcp-openaccess/HCP_1200/506234/MNINonLinear/Results/tfMRI_LANGUAGE_RL/Movement_RelativeRMS.txt","506234","MNINonLinear//Results/tfMRI_LANGUAGE_RL/Movement_RelativeRMS.txt","rNleDqJ7quxHmmTlRE4xew8oYKfsyqP2"
"s3://hcp-openaccess/HCP_1200/506234/MNINonLinear/Results/tfMRI_LANGUAGE_RL/Movement_RelativeRMS_mean.txt","506234","MNINonLinear//Results/tfMRI_LANGUAGE_RL/Movement_RelativeRMS_mean.txt","JLrkDU_pm7dAJNvmgUtdOKgy5YKULnu7"
"s3://hcp-openaccess/HCP_1200/506234/MNINonLinear/Results/tfMRI_LANGUAGE_RL/PhaseOne_gdc_dc.nii.gz","506234","MNINonLinear//Results/tfMRI_LANGUAGE_RL/PhaseOne_gdc_dc.nii.gz","Mc8i2LOfKDLdpqfWA9UPQK6zvgsvGPag"
"s3://hcp-openaccess/HCP_1200/506234/MNINonLinear/Results/tfMRI_LANGUAGE_RL/PhaseTwo_gdc_dc.nii.gz","506234","MNINonLinear//Results/tfMRI_LANGUAGE_RL/PhaseTwo_gdc_dc.nii.gz","XGq_quqZrkUe1UxE.zajEwQl3kA8cMyo"
"s3://hcp-openaccess/HCP_1200/506234/MNINonLinear/Results/tfMRI_LANGUAGE_RL/RibbonVolumeToSurfaceMapping/goodvoxels.nii.gz","506234","MNINonLinear//Results/tfMRI_LANGUAGE_RL/RibbonVolumeToSurfaceMapping/goodvoxels.nii.gz","dng4HiudE0_9jl6HlhyoOi.cGHcrYGUJ"
"s3://hcp-openaccess/HCP_1200/506234/MNINonLinear/Results/tfMRI_LANGUAGE_RL/SBRef_dc.nii.gz","506234","MNINonLinear//Results/tfMRI_LANGUAGE_RL/SBRef_dc.nii.gz","0Zli8_rFT4u6CMlAUJmcNHnU.4tbNifk"
"s3://hcp-openaccess/HCP_1200/506234/MNINonLinear/Results/tfMRI_LANGUAGE_RL/brainmask_fs.2.nii.gz","506234","MNINonLinear//Results/tfMRI_LANGUAGE_RL/brainmask_fs.2.nii.gz","i0gRDT7B5LekWGV32_5BHaTw7bq8mkD9"
"s3://hcp-openaccess/HCP_1200/506234/MNINonLinear/Results/tfMRI_LANGUAGE_RL/tfMRI_LANGUAGE_RL.L.native.func.gii","506234","MNINonLinear//Results/tfMRI_LANGUAGE_RL/tfMRI_LANGUAGE_RL.L.native.func.gii","tbK3Jxpk_E8WIb5sr45.ILrIaiKhijMA"
"s3://hcp-openaccess/HCP_1200/506234/MNINonLinear/Results/tfMRI_LANGUAGE_RL/tfMRI_LANGUAGE_RL.R.native.func.gii","506234","MNINonLinear//Results/tfMRI_LANGUAGE_RL/tfMRI_LANGUAGE_RL.R.native.func.gii","6ydIPZNSGGCbAo5uSaiG.PNFvkduWZfV"
"s3://hcp-openaccess/HCP_1200/506234/MNINonLinear/Results/tfMRI_LANGUAGE_RL/tfMRI_LANGUAGE_RL.nii.gz","506234","MNINonLinear//Results/tfMRI_LANGUAGE_RL/tfMRI_LANGUAGE_RL.nii.gz","DwznPClRcQilcwtHCZIBZIeVLh8nzJJt"
"s3://hcp-openaccess/HCP_1200/506234/MNINonLinear/Results/tfMRI_LANGUAGE_RL/tfMRI_LANGUAGE_RL_Atlas.dtseries.nii","506234","MNINonLinear//Results/tfMRI_LANGUAGE_RL/tfMRI_LANGUAGE_RL_Atlas.dtseries.nii","nW3kLJgqkdnPmsrZzz.JMBEGuSldfoT6"
"s3://hcp-openaccess/HCP_1200/506234/MNINonLinear/Results/tfMRI_LANGUAGE_RL/tfMRI_LANGUAGE_RL_Atlas_MSMAll.dtseries.nii","506234","MNINonLinear//Results/tfMRI_LANGUAGE_RL/tfMRI_LANGUAGE_RL_Atlas_MSMAll.dtseries.nii","p_QDpi7ZZPJWowLlUxPR2D5oYb5z3izY"
"s3://hcp-openaccess/HCP_1200/506234/MNINonLinear/Results/tfMRI_LANGUAGE_RL/tfMRI_LANGUAGE_RL_Jacobian.nii.gz","506234","MNINonLinear//Results/tfMRI_LANGUAGE_RL/tfMRI_LANGUAGE_RL_Jacobian.nii.gz","FRppUabk8P0qBxemrM.dydMKDuZ2K9.S"
"s3://hcp-openaccess/HCP_1200/506234/MNINonLinear/Results/tfMRI_LANGUAGE_RL/tfMRI_LANGUAGE_RL_Physio_log.txt","506234","MNINonLinear//Results/tfMRI_LANGUAGE_RL/tfMRI_LANGUAGE_RL_Physio_log.txt","OaqGGrvU0lQn1ekWltavSOrgs6dTvTIh"
"s3://hcp-openaccess/HCP_1200/506234/MNINonLinear/Results/tfMRI_LANGUAGE_RL/tfMRI_LANGUAGE_RL_SBRef.nii.gz","506234","MNINonLinear//Results/tfMRI_LANGUAGE_RL/tfMRI_LANGUAGE_RL_SBRef.nii.gz","muK29AQQmriQPde.dpdMitZNnoIY9HtH"
"s3://hcp-openaccess/HCP_1200/506234/MNINonLinear/Results/tfMRI_LANGUAGE_RL/tfMRI_LANGUAGE_RL_hp200_s4_level1.fsf","506234","MNINonLinear//Results/tfMRI_LANGUAGE_RL/tfMRI_LANGUAGE_RL_hp200_s4_level1.fsf",".fhg5MBdoAulIKPTjFyCId9wcbIyNp.k"
"s3://hcp-openaccess/HCP_1200/506234/MNINonLinear/Results/tfMRI_MOTOR/prepare_level2_feat_analysis.sh","506234","MNINonLinear//Results/tfMRI_MOTOR/prepare_level2_feat_analysis.sh","dA6KIXrY1GYT8RC3MnduZ.4muo16MhKI"
"s3://hcp-openaccess/HCP_1200/506234/MNINonLinear/Results/tfMRI_MOTOR/tfMRI_MOTOR_hp200_s12_level2.feat/506234_tfMRI_MOTOR_level2_hp200_s12.dscalar.nii","506234","MNINonLinear//Results/tfMRI_MOTOR/tfMRI_MOTOR_hp200_s12_level2.feat/506234_tfMRI_MOTOR_level2_hp200_s12.dscalar.nii","f63ciZwY5y3uOg3sZs6xpxnpL01f7Vib"
"s3://hcp-openaccess/HCP_1200/506234/MNINonLinear/Results/tfMRI_MOTOR/tfMRI_MOTOR_hp200_s12_level2.feat/Contrasts.txt","506234","MNINonLinear//Results/tfMRI_MOTOR/tfMRI_MOTOR_hp200_s12_level2.feat/Contrasts.txt","2cxAnwgQESTQmuX0GHvOD.dhG8tSDd1N"
"s3://hcp-openaccess/HCP_1200/506234/MNINonLinear/Results/tfMRI_MOTOR/tfMRI_MOTOR_hp200_s12_level2.feat/GrayordinatesStats/cope1.feat/cope1.dtseries.nii","506234","MNINonLinear//Results/tfMRI_MOTOR/tfMRI_MOTOR_hp200_s12_level2.feat/GrayordinatesStats/cope1.feat/cope1.dtseries.nii","nW4OtizSMO33rTXWptfk0javTuUVgBiq"
"s3://hcp-openaccess/HCP_1200/506234/MNINonLinear/Results/tfMRI_MOTOR/tfMRI_MOTOR_hp200_s12_level2.feat/GrayordinatesStats/cope1.feat/logfile","506234","MNINonLinear//Results/tfMRI_MOTOR/tfMRI_MOTOR_hp200_s12_level2.feat/GrayordinatesStats/cope1.feat/logfile","ENT5QrAYclGwpReWCQ7xOxJt75iNBAMC"
"s3://hcp-openaccess/HCP_1200/506234/MNINonLinear/Results/tfMRI_MOTOR/tfMRI_MOTOR_hp200_s12_level2.feat/GrayordinatesStats/cope1.feat/mask.dtseries.nii","506234","MNINonLinear//Results/tfMRI_MOTOR/tfMRI_MOTOR_hp200_s12_level2.feat/GrayordinatesStats/cope1.feat/mask.dtseries.nii","DPIenINtJcttH8Udo5u6Ybt60RYjk5lf"
"s3://hcp-openaccess/HCP_1200/506234/MNINonLinear/Results/tfMRI_MOTOR/tfMRI_MOTOR_hp200_s12_level2.feat/GrayordinatesStats/cope1.feat/mean_random_effects_var1.dtseries.nii","506234","MNINonLinear//Results/tfMRI_MOTOR/tfMRI_MOTOR_hp200_s12_level2.feat/GrayordinatesStats/cope1.feat/mean_random_effects_var1.dtseries.nii","0hUJfze_XWvutrZzKw9nOL0gWjKfsWI6"
"s3://hcp-openaccess/HCP_1200/506234/MNINonLinear/Results/tfMRI_MOTOR/tfMRI_MOTOR_hp200_s12_level2.feat/GrayordinatesStats/cope1.feat/pe1.dtseries.nii","506234","MNINonLinear//Results/tfMRI_MOTOR/tfMRI_MOTOR_hp200_s12_level2.feat/GrayordinatesStats/cope1.feat/pe1.dtseries.nii","rO5YfkmJJmp4GLvvHe_FnFmpWuQ4liJr"
"s3://hcp-openaccess/HCP_1200/506234/MNINonLinear/Results/tfMRI_MOTOR/tfMRI_MOTOR_hp200_s12_level2.feat/GrayordinatesStats/cope1.feat/res4d.dtseries.nii","506234","MNINonLinear//Results/tfMRI_MOTOR/tfMRI_MOTOR_hp200_s12_level2.feat/GrayordinatesStats/cope1.feat/res4d.dtseries.nii","Slquk3.crKZD7A50EzO3tdnMdcV.sszW"
"s3://hcp-openaccess/HCP_1200/506234/MNINonLinear/Results/tfMRI_MOTOR/tfMRI_MOTOR_hp200_s12_level2.feat/GrayordinatesStats/cope1.feat/tdof_t1.dtseries.nii","506234","MNINonLinear//Results/tfMRI_MOTOR/tfMRI_MOTOR_hp200_s12_level2.feat/GrayordinatesStats/cope1.feat/tdof_t1.dtseries.nii","hZSxfrPL0A3i6UHP4Ma8a1SdhHkD_7PV"
"s3://hcp-openaccess/HCP_1200/506234/MNINonLinear/Results/tfMRI_MOTOR/tfMRI_MOTOR_hp200_s12_level2.feat/GrayordinatesStats/cope1.feat/tstat1.dtseries.nii","506234","MNINonLinear//Results/tfMRI_MOTOR/tfMRI_MOTOR_hp200_s12_level2.feat/GrayordinatesStats/cope1.feat/tstat1.dtseries.nii","J0iY2WkOnZ29tkXJNqrWDXp9VYK059bk"
"s3://hcp-openaccess/HCP_1200/506234/MNINonLinear/Results/tfMRI_MOTOR/tfMRI_MOTOR_hp200_s12_level2.feat/GrayordinatesStats/cope1.feat/varcope1.dtseries.nii","506234","MNINonLinear//Results/tfMRI_MOTOR/tfMRI_MOTOR_hp200_s12_level2.feat/GrayordinatesStats/cope1.feat/varcope1.dtseries.nii","zM4_9bCr8DYmi26qiw7jJNaGZt.90wDW"
"s3://hcp-openaccess/HCP_1200/506234/MNINonLinear/Results/tfMRI_MOTOR/tfMRI_MOTOR_hp200_s12_level2.feat/GrayordinatesStats/cope1.feat/weights1.dtseries.nii","506234","MNINonLinear//Results/tfMRI_MOTOR/tfMRI_MOTOR_hp200_s12_level2.feat/GrayordinatesStats/cope1.feat/weights1.dtseries.nii","QW2LF39GgcJQDzRmfTzj6EntRsC0NdhL"
"s3://hcp-openaccess/HCP_1200/506234/MNINonLinear/Results/tfMRI_MOTOR/tfMRI_MOTOR_hp200_s12_level2.feat/GrayordinatesStats/cope1.feat/zflame1lowertstat1.dtseries.nii","506234","MNINonLinear//Results/tfMRI_MOTOR/tfMRI_MOTOR_hp200_s12_level2.feat/GrayordinatesStats/cope1.feat/zflame1lowertstat1.dtseries.nii","UvU3i246eAhW2i.SUgLaMTW.Iq_uI6YB"
"s3://hcp-openaccess/HCP_1200/506234/MNINonLinear/Results/tfMRI_MOTOR/tfMRI_MOTOR_hp200_s12_level2.feat/GrayordinatesStats/cope1.feat/zflame1uppertstat1.dtseries.nii","506234","MNINonLinear//Results/tfMRI_MOTOR/tfMRI_MOTOR_hp200_s12_level2.feat/GrayordinatesStats/cope1.feat/zflame1uppertstat1.dtseries.nii","j1Gx8xM4YFY34HUdnjRRMVPmT7Rroxgj"
"s3://hcp-openaccess/HCP_1200/506234/MNINonLinear/Results/tfMRI_MOTOR/tfMRI_MOTOR_hp200_s12_level2.feat/GrayordinatesStats/cope1.feat/zstat1.dtseries.nii","506234","MNINonLinear//Results/tfMRI_MOTOR/tfMRI_MOTOR_hp200_s12_level2.feat/GrayordinatesStats/cope1.feat/zstat1.dtseries.nii","fHmBvsEXf0SerrpjBBOYfdWt7Y3HrNRr"
"s3://hcp-openaccess/HCP_1200/506234/MNINonLinear/Results/tfMRI_MOTOR/tfMRI_MOTOR_hp200_s12_level2.feat/GrayordinatesStats/cope10.feat/cope1.dtseries.nii","506234","MNINonLinear//Results/tfMRI_MOTOR/tfMRI_MOTOR_hp200_s12_level2.feat/GrayordinatesStats/cope10.feat/cope1.dtseries.nii","9KdsUc1uXHnm8lIfiatpJnNX319ScckV"
"s3://hcp-openaccess/HCP_1200/506234/MNINonLinear/Results/tfMRI_MOTOR/tfMRI_MOTOR_hp200_s12_level2.feat/GrayordinatesStats/cope10.feat/logfile","506234","MNINonLinear//Results/tfMRI_MOTOR/tfMRI_MOTOR_hp200_s12_level2.feat/GrayordinatesStats/cope10.feat/logfile","zK0NF3dtJLrOQwIBoAlQBbSyYXGoCMxQ"
"s3://hcp-openaccess/HCP_1200/506234/MNINonLinear/Results/tfMRI_MOTOR/tfMRI_MOTOR_hp200_s12_level2.feat/GrayordinatesStats/cope10.feat/mask.dtseries.nii","506234","MNINonLinear//Results/tfMRI_MOTOR/tfMRI_MOTOR_hp200_s12_level2.feat/GrayordinatesStats/cope10.feat/mask.dtseries.nii","oFZQy.LunH0xQl8Un4Dh3rkrekyDfE.1"
"s3://hcp-openaccess/HCP_1200/506234/MNINonLinear/Results/tfMRI_MOTOR/tfMRI_MOTOR_hp200_s12_level2.feat/GrayordinatesStats/cope10.feat/mean_random_effects_var1.dtseries.nii","506234","MNINonLinear//Results/tfMRI_MOTOR/tfMRI_MOTOR_hp200_s12_level2.feat/GrayordinatesStats/cope10.feat/mean_random_effects_var1.dtseries.nii","HtzyFIZkRQQhcy0.1PumZuEBBFEdrgLX"
"s3://hcp-openaccess/HCP_1200/506234/MNINonLinear/Results/tfMRI_MOTOR/tfMRI_MOTOR_hp200_s12_level2.feat/GrayordinatesStats/cope10.feat/pe1.dtseries.nii","506234","MNINonLinear//Results/tfMRI_MOTOR/tfMRI_MOTOR_hp200_s12_level2.feat/GrayordinatesStats/cope10.feat/pe1.dtseries.nii","6YtlIPk5ev66ylsRNWIJ1QU4k9sECoPW"
"s3://hcp-openaccess/HCP_1200/506234/MNINonLinear/Results/tfMRI_MOTOR/tfMRI_MOTOR_hp200_s12_level2.feat/GrayordinatesStats/cope10.feat/res4d.dtseries.nii","506234","MNINonLinear//Results/tfMRI_MOTOR/tfMRI_MOTOR_hp200_s12_level2.feat/GrayordinatesStats/cope10.feat/res4d.dtseries.nii","RUKlEG3TSX9PDypWx3VDHIKwxAubVHw_"
"s3://hcp-openaccess/HCP_1200/506234/MNINonLinear/Results/tfMRI_MOTOR/tfMRI_MOTOR_hp200_s12_level2.feat/GrayordinatesStats/cope10.feat/tdof_t1.dtseries.nii","506234","MNINonLinear//Results/tfMRI_MOTOR/tfMRI_MOTOR_hp200_s12_level2.feat/GrayordinatesStats/cope10.feat/tdof_t1.dtseries.nii","SWFNf2JljKDW7Sf4AHIsJIAv_49qLXok"
"s3://hcp-openaccess/HCP_1200/506234/MNINonLinear/Results/tfMRI_MOTOR/tfMRI_MOTOR_hp200_s12_level2.feat/GrayordinatesStats/cope10.feat/tstat1.dtseries.nii","506234","MNINonLinear//Results/tfMRI_MOTOR/tfMRI_MOTOR_hp200_s12_level2.feat/GrayordinatesStats/cope10.feat/tstat1.dtseries.nii","ZYV__k2_uCGEgI_ZSL4WOschlVioec0a"
"s3://hcp-openaccess/HCP_1200/506234/MNINonLinear/Results/tfMRI_MOTOR/tfMRI_MOTOR_hp200_s12_level2.feat/GrayordinatesStats/cope10.feat/varcope1.dtseries.nii","506234","MNINonLinear//Results/tfMRI_MOTOR/tfMRI_MOTOR_hp200_s12_level2.feat/GrayordinatesStats/cope10.feat/varcope1.dtseries.nii","T9uNY87l0OnwVHOenVPS4PB5wBhfdwnz"
"s3://hcp-openaccess/HCP_1200/506234/MNINonLinear/Results/tfMRI_MOTOR/tfMRI_MOTOR_hp200_s12_level2.feat/GrayordinatesStats/cope10.feat/weights1.dtseries.nii","506234","MNINonLinear//Results/tfMRI_MOTOR/tfMRI_MOTOR_hp200_s12_level2.feat/GrayordinatesStats/cope10.feat/weights1.dtseries.nii","GShOgsLuRYwBYh2dYMFhpyEMtxZoM60V"
"s3://hcp-openaccess/HCP_1200/506234/MNINonLinear/Results/tfMRI_MOTOR/tfMRI_MOTOR_hp200_s12_level2.feat/GrayordinatesStats/cope10.feat/zflame1lowertstat1.dtseries.nii","506234","MNINonLinear//Results/tfMRI_MOTOR/tfMRI_MOTOR_hp200_s12_level2.feat/GrayordinatesStats/cope10.feat/zflame1lowertstat1.dtseries.nii","wuK2iC6jzXcl.UMx4qo0eGZ3Ykbof0HQ"
"s3://hcp-openaccess/HCP_1200/506234/MNINonLinear/Results/tfMRI_MOTOR/tfMRI_MOTOR_hp200_s12_level2.feat/GrayordinatesStats/cope10.feat/zflame1uppertstat1.dtseries.nii","506234","MNINonLinear//Results/tfMRI_MOTOR/tfMRI_MOTOR_hp200_s12_level2.feat/GrayordinatesStats/cope10.feat/zflame1uppertstat1.dtseries.nii","2Q3lT96ItpEGd_c8mX1DiG0IZz7O.eBP"
"s3://hcp-openaccess/HCP_1200/506234/MNINonLinear/Results/tfMRI_MOTOR/tfMRI_MOTOR_hp200_s12_level2.feat/GrayordinatesStats/cope10.feat/zstat1.dtseries.nii","506234","MNINonLinear//Results/tfMRI_MOTOR/tfMRI_MOTOR_hp200_s12_level2.feat/GrayordinatesStats/cope10.feat/zstat1.dtseries.nii","_QusXXiwaYLVBAsNPxi1UUi81mAzuv1W"
"s3://hcp-openaccess/HCP_1200/506234/MNINonLinear/Results/tfMRI_MOTOR/tfMRI_MOTOR_hp200_s12_level2.feat/GrayordinatesStats/cope11.feat/cope1.dtseries.nii","506234","MNINonLinear//Results/tfMRI_MOTOR/tfMRI_MOTOR_hp200_s12_level2.feat/GrayordinatesStats/cope11.feat/cope1.dtseries.nii","R5dtzfTBiXvx4PXgpSyFsshNEWW4d5Wi"
"s3://hcp-openaccess/HCP_1200/506234/MNINonLinear/Results/tfMRI_MOTOR/tfMRI_MOTOR_hp200_s12_level2.feat/GrayordinatesStats/cope11.feat/logfile","506234","MNINonLinear//Results/tfMRI_MOTOR/tfMRI_MOTOR_hp200_s12_level2.feat/GrayordinatesStats/cope11.feat/logfile","PkNRJjRh09XEuz1kdkidOaq0apO.FKr7"
"s3://hcp-openaccess/HCP_1200/506234/MNINonLinear/Results/tfMRI_MOTOR/tfMRI_MOTOR_hp200_s12_level2.feat/GrayordinatesStats/cope11.feat/mask.dtseries.nii","506234","MNINonLinear//Results/tfMRI_MOTOR/tfMRI_MOTOR_hp200_s12_level2.feat/GrayordinatesStats/cope11.feat/mask.dtseries.nii","52SeJTPu5qV0AG8Te6WcgqnfD_gmfP84"
"s3://hcp-openaccess/HCP_1200/506234/MNINonLinear/Results/tfMRI_MOTOR/tfMRI_MOTOR_hp200_s12_level2.feat/GrayordinatesStats/cope11.feat/mean_random_effects_var1.dtseries.nii","506234","MNINonLinear//Results/tfMRI_MOTOR/tfMRI_MOTOR_hp200_s12_level2.feat/GrayordinatesStats/cope11.feat/mean_random_effects_var1.dtseries.nii","_EReE6.gnUMT58o9FB0UXJgdQrViVzg_"
"s3://hcp-openaccess/HCP_1200/506234/MNINonLinear/Results/tfMRI_MOTOR/tfMRI_MOTOR_hp200_s12_level2.feat/GrayordinatesStats/cope11.feat/pe1.dtseries.nii","506234","MNINonLinear//Results/tfMRI_MOTOR/tfMRI_MOTOR_hp200_s12_level2.feat/GrayordinatesStats/cope11.feat/pe1.dtseries.nii","Vuszs0yXg08eiQrXMktM5LYR3UhgnRE6"
"s3://hcp-openaccess/HCP_1200/506234/MNINonLinear/Results/tfMRI_MOTOR/tfMRI_MOTOR_hp200_s12_level2.feat/GrayordinatesStats/cope11.feat/res4d.dtseries.nii","506234","MNINonLinear//Results/tfMRI_MOTOR/tfMRI_MOTOR_hp200_s12_level2.feat/GrayordinatesStats/cope11.feat/res4d.dtseries.nii","xB0rH.IiOl1reMPW6m__Pt67U_1gRwnO"
"s3://hcp-openaccess/HCP_1200/506234/MNINonLinear/Results/tfMRI_MOTOR/tfMRI_MOTOR_hp200_s12_level2.feat/GrayordinatesStats/cope11.feat/tdof_t1.dtseries.nii","506234","MNINonLinear//Results/tfMRI_MOTOR/tfMRI_MOTOR_hp200_s12_level2.feat/GrayordinatesStats/cope11.feat/tdof_t1.dtseries.nii","ditE61_Rx1BPsH35C2AynaE7r0VUc8hn"
"s3://hcp-openaccess/HCP_1200/506234/MNINonLinear/Results/tfMRI_MOTOR/tfMRI_MOTOR_hp200_s12_level2.feat/GrayordinatesStats/cope11.feat/tstat1.dtseries.nii","506234","MNINonLinear//Results/tfMRI_MOTOR/tfMRI_MOTOR_hp200_s12_level2.feat/GrayordinatesStats/cope11.feat/tstat1.dtseries.nii","JVuub8_reJrf7rZG3lpjWfX3eNUXeGej"
"s3://hcp-openaccess/HCP_1200/506234/MNINonLinear/Results/tfMRI_MOTOR/tfMRI_MOTOR_hp200_s12_level2.feat/GrayordinatesStats/cope11.feat/varcope1.dtseries.nii","506234","MNINonLinear//Results/tfMRI_MOTOR/tfMRI_MOTOR_hp200_s12_level2.feat/GrayordinatesStats/cope11.feat/varcope1.dtseries.nii","N9U590VnS.kLDXvhh8nuozcUzRmdw4G8"
"s3://hcp-openaccess/HCP_1200/506234/MNINonLinear/Results/tfMRI_MOTOR/tfMRI_MOTOR_hp200_s12_level2.feat/GrayordinatesStats/cope11.feat/weights1.dtseries.nii","506234","MNINonLinear//Results/tfMRI_MOTOR/tfMRI_MOTOR_hp200_s12_level2.feat/GrayordinatesStats/cope11.feat/weights1.dtseries.nii","W3fa.8VqDe5i3NXGyEq60nfTOMUiVTsB"
"s3://hcp-openaccess/HCP_1200/506234/MNINonLinear/Results/tfMRI_MOTOR/tfMRI_MOTOR_hp200_s12_level2.feat/GrayordinatesStats/cope11.feat/zflame1lowertstat1.dtseries.nii","506234","MNINonLinear//Results/tfMRI_MOTOR/tfMRI_MOTOR_hp200_s12_level2.feat/GrayordinatesStats/cope11.feat/zflame1lowertstat1.dtseries.nii","Smuf5jBLjPNHSjZpVUKD6P7CBWwpMFcw"
"s3://hcp-openaccess/HCP_1200/506234/MNINonLinear/Results/tfMRI_MOTOR/tfMRI_MOTOR_hp200_s12_level2.feat/GrayordinatesStats/cope11.feat/zflame1uppertstat1.dtseries.nii","506234","MNINonLinear//Results/tfMRI_MOTOR/tfMRI_MOTOR_hp200_s12_level2.feat/GrayordinatesStats/cope11.feat/zflame1uppertstat1.dtseries.nii","IiNLDb083jdHpcPZWJZS2Axlo4ZtNf7P"
"s3://hcp-openaccess/HCP_1200/506234/MNINonLinear/Results/tfMRI_MOTOR/tfMRI_MOTOR_hp200_s12_level2.feat/GrayordinatesStats/cope11.feat/zstat1.dtseries.nii","506234","MNINonLinear//Results/tfMRI_MOTOR/tfMRI_MOTOR_hp200_s12_level2.feat/GrayordinatesStats/cope11.feat/zstat1.dtseries.nii","duVy.DlLus1lnXvDnGFN7uDK58nnyP_4"
"s3://hcp-openaccess/HCP_1200/506234/MNINonLinear/Results/tfMRI_MOTOR/tfMRI_MOTOR_hp200_s12_level2.feat/GrayordinatesStats/cope12.feat/cope1.dtseries.nii","506234","MNINonLinear//Results/tfMRI_MOTOR/tfMRI_MOTOR_hp200_s12_level2.feat/GrayordinatesStats/cope12.feat/cope1.dtseries.nii","rp1xKOvZqYpJ5lnGdyC7ryJx9GAfZvLW"
"s3://hcp-openaccess/HCP_1200/506234/MNINonLinear/Results/tfMRI_MOTOR/tfMRI_MOTOR_hp200_s12_level2.feat/GrayordinatesStats/cope12.feat/logfile","506234","MNINonLinear//Results/tfMRI_MOTOR/tfMRI_MOTOR_hp200_s12_level2.feat/GrayordinatesStats/cope12.feat/logfile","82LLpoo66khAsdc5W3ZhxRDBdAGC6Fak"
"s3://hcp-openaccess/HCP_1200/506234/MNINonLinear/Results/tfMRI_MOTOR/tfMRI_MOTOR_hp200_s12_level2.feat/GrayordinatesStats/cope12.feat/mask.dtseries.nii","506234","MNINonLinear//Results/tfMRI_MOTOR/tfMRI_MOTOR_hp200_s12_level2.feat/GrayordinatesStats/cope12.feat/mask.dtseries.nii","JygXMcaTDPxfhu18WCq4yiDJ57bLIjWs"
"s3://hcp-openaccess/HCP_1200/506234/MNINonLinear/Results/tfMRI_MOTOR/tfMRI_MOTOR_hp200_s12_level2.feat/GrayordinatesStats/cope12.feat/mean_random_effects_var1.dtseries.nii","506234","MNINonLinear//Results/tfMRI_MOTOR/tfMRI_MOTOR_hp200_s12_level2.feat/GrayordinatesStats/cope12.feat/mean_random_effects_var1.dtseries.nii","meVxx4gw7ANMBB9dgCQrzW8DsDcLXvJe"
"s3://hcp-openaccess/HCP_1200/506234/MNINonLinear/Results/tfMRI_MOTOR/tfMRI_MOTOR_hp200_s12_level2.feat/GrayordinatesStats/cope12.feat/pe1.dtseries.nii","506234","MNINonLinear//Results/tfMRI_MOTOR/tfMRI_MOTOR_hp200_s12_level2.feat/GrayordinatesStats/cope12.feat/pe1.dtseries.nii","XZUlcposb0u__HyDfP44sqhiJzZtaPiW"
"s3://hcp-openaccess/HCP_1200/506234/MNINonLinear/Results/tfMRI_MOTOR/tfMRI_MOTOR_hp200_s12_level2.feat/GrayordinatesStats/cope12.feat/res4d.dtseries.nii","506234","MNINonLinear//Results/tfMRI_MOTOR/tfMRI_MOTOR_hp200_s12_level2.feat/GrayordinatesStats/cope12.feat/res4d.dtseries.nii","fYSFj8KwdJHceqdwGGHmJWQY97qS3pvU"
"s3://hcp-openaccess/HCP_1200/506234/MNINonLinear/Results/tfMRI_MOTOR/tfMRI_MOTOR_hp200_s12_level2.feat/GrayordinatesStats/cope12.feat/tdof_t1.dtseries.nii","506234","MNINonLinear//Results/tfMRI_MOTOR/tfMRI_MOTOR_hp200_s12_level2.feat/GrayordinatesStats/cope12.feat/tdof_t1.dtseries.nii","BiQSoC160v_3WZzJpsSUlVRdqyMvE1ho"
"s3://hcp-openaccess/HCP_1200/506234/MNINonLinear/Results/tfMRI_MOTOR/tfMRI_MOTOR_hp200_s12_level2.feat/GrayordinatesStats/cope12.feat/tstat1.dtseries.nii","506234","MNINonLinear//Results/tfMRI_MOTOR/tfMRI_MOTOR_hp200_s12_level2.feat/GrayordinatesStats/cope12.feat/tstat1.dtseries.nii","rDlyyuTyDyE0guXaOHyedRBCDas9LQDc"
"s3://hcp-openaccess/HCP_1200/506234/MNINonLinear/Results/tfMRI_MOTOR/tfMRI_MOTOR_hp200_s12_level2.feat/GrayordinatesStats/cope12.feat/varcope1.dtseries.nii","506234","MNINonLinear//Results/tfMRI_MOTOR/tfMRI_MOTOR_hp200_s12_level2.feat/GrayordinatesStats/cope12.feat/varcope1.dtseries.nii","5ClNBio532eL3eIeoL90SYhxEK2Ao5YA"
"s3://hcp-openaccess/HCP_1200/506234/MNINonLinear/Results/tfMRI_MOTOR/tfMRI_MOTOR_hp200_s12_level2.feat/GrayordinatesStats/cope12.feat/weights1.dtseries.nii","506234","MNINonLinear//Results/tfMRI_MOTOR/tfMRI_MOTOR_hp200_s12_level2.feat/GrayordinatesStats/cope12.feat/weights1.dtseries.nii","u9KLNDuA6D8c2r8rV3I.h3CUbsCN.b76"
"s3://hcp-openaccess/HCP_1200/506234/MNINonLinear/Results/tfMRI_MOTOR/tfMRI_MOTOR_hp200_s12_level2.feat/GrayordinatesStats/cope12.feat/zflame1lowertstat1.dtseries.nii","506234","MNINonLinear//Results/tfMRI_MOTOR/tfMRI_MOTOR_hp200_s12_level2.feat/GrayordinatesStats/cope12.feat/zflame1lowertstat1.dtseries.nii","6uEsLp799PAJnkmReH_qCMw4sIuxwR8d"
"s3://hcp-openaccess/HCP_1200/506234/MNINonLinear/Results/tfMRI_MOTOR/tfMRI_MOTOR_hp200_s12_level2.feat/GrayordinatesStats/cope12.feat/zflame1uppertstat1.dtseries.nii","506234","MNINonLinear//Results/tfMRI_MOTOR/tfMRI_MOTOR_hp200_s12_level2.feat/GrayordinatesStats/cope12.feat/zflame1uppertstat1.dtseries.nii","OcYpR4lnLPg2_T7TETBhhPZpFJpDtQRL"
"s3://hcp-openaccess/HCP_1200/506234/MNINonLinear/Results/tfMRI_MOTOR/tfMRI_MOTOR_hp200_s12_level2.feat/GrayordinatesStats/cope12.feat/zstat1.dtseries.nii","506234","MNINonLinear//Results/tfMRI_MOTOR/tfMRI_MOTOR_hp200_s12_level2.feat/GrayordinatesStats/cope12.feat/zstat1.dtseries.nii","YuUdPT0n9rRp0SKobrSp6mGADZ79Tgla"
"s3://hcp-openaccess/HCP_1200/506234/MNINonLinear/Results/tfMRI_MOTOR/tfMRI_MOTOR_hp200_s12_level2.feat/GrayordinatesStats/cope13.feat/cope1.dtseries.nii","506234","MNINonLinear//Results/tfMRI_MOTOR/tfMRI_MOTOR_hp200_s12_level2.feat/GrayordinatesStats/cope13.feat/cope1.dtseries.nii","Crlyw2Kkk7Sa6csxdSUgKFjoAFNW5Fcj"
"s3://hcp-openaccess/HCP_1200/506234/MNINonLinear/Results/tfMRI_MOTOR/tfMRI_MOTOR_hp200_s12_level2.feat/GrayordinatesStats/cope13.feat/logfile","506234","MNINonLinear//Results/tfMRI_MOTOR/tfMRI_MOTOR_hp200_s12_level2.feat/GrayordinatesStats/cope13.feat/logfile","s3qeU8L9xJYemJE1g2Qnbw_jWZ8nzSUh"
"s3://hcp-openaccess/HCP_1200/506234/MNINonLinear/Results/tfMRI_MOTOR/tfMRI_MOTOR_hp200_s12_level2.feat/GrayordinatesStats/cope13.feat/mask.dtseries.nii","506234","MNINonLinear//Results/tfMRI_MOTOR/tfMRI_MOTOR_hp200_s12_level2.feat/GrayordinatesStats/cope13.feat/mask.dtseries.nii","ypk3q8SrTeTA5j7ZD6ayuAN2klQzLN8G"
"s3://hcp-openaccess/HCP_1200/506234/MNINonLinear/Results/tfMRI_MOTOR/tfMRI_MOTOR_hp200_s12_level2.feat/GrayordinatesStats/cope13.feat/mean_random_effects_var1.dtseries.nii","506234","MNINonLinear//Results/tfMRI_MOTOR/tfMRI_MOTOR_hp200_s12_level2.feat/GrayordinatesStats/cope13.feat/mean_random_effects_var1.dtseries.nii","Ov3KMoUkRG_XDdWGueFoeoDnHL4fMiQe"
"s3://hcp-openaccess/HCP_1200/506234/MNINonLinear/Results/tfMRI_MOTOR/tfMRI_MOTOR_hp200_s12_level2.feat/GrayordinatesStats/cope13.feat/pe1.dtseries.nii","506234","MNINonLinear//Results/tfMRI_MOTOR/tfMRI_MOTOR_hp200_s12_level2.feat/GrayordinatesStats/cope13.feat/pe1.dtseries.nii","P22K3HYUpscnSsEy3CxrbpWcAMdc30A4"
"s3://hcp-openaccess/HCP_1200/506234/MNINonLinear/Results/tfMRI_MOTOR/tfMRI_MOTOR_hp200_s12_level2.feat/GrayordinatesStats/cope13.feat/res4d.dtseries.nii","506234","MNINonLinear//Results/tfMRI_MOTOR/tfMRI_MOTOR_hp200_s12_level2.feat/GrayordinatesStats/cope13.feat/res4d.dtseries.nii","EzGw3l5JksiDuQkGRRA5ioFiNSu29f__"
"s3://hcp-openaccess/HCP_1200/506234/MNINonLinear/Results/tfMRI_MOTOR/tfMRI_MOTOR_hp200_s12_level2.feat/GrayordinatesStats/cope13.feat/tdof_t1.dtseries.nii","506234","MNINonLinear//Results/tfMRI_MOTOR/tfMRI_MOTOR_hp200_s12_level2.feat/GrayordinatesStats/cope13.feat/tdof_t1.dtseries.nii","mgrNxf7tZUPB.QN7jUdGTuAjrOyug7AV"
"s3://hcp-openaccess/HCP_1200/506234/MNINonLinear/Results/tfMRI_MOTOR/tfMRI_MOTOR_hp200_s12_level2.feat/GrayordinatesStats/cope13.feat/tstat1.dtseries.nii","506234","MNINonLinear//Results/tfMRI_MOTOR/tfMRI_MOTOR_hp200_s12_level2.feat/GrayordinatesStats/cope13.feat/tstat1.dtseries.nii","_hMSAJSwK61MPEJB6RV3CP9lEWBKlOhu"
"s3://hcp-openaccess/HCP_1200/506234/MNINonLinear/Results/tfMRI_MOTOR/tfMRI_MOTOR_hp200_s12_level2.feat/GrayordinatesStats/cope13.feat/varcope1.dtseries.nii","506234","MNINonLinear//Results/tfMRI_MOTOR/tfMRI_MOTOR_hp200_s12_level2.feat/GrayordinatesStats/cope13.feat/varcope1.dtseries.nii","PLjQ6hkKgWRNFf59gd23boZLe6BoVWdG"
"s3://hcp-openaccess/HCP_1200/506234/MNINonLinear/Results/tfMRI_MOTOR/tfMRI_MOTOR_hp200_s12_level2.feat/GrayordinatesStats/cope13.feat/weights1.dtseries.nii","506234","MNINonLinear//Results/tfMRI_MOTOR/tfMRI_MOTOR_hp200_s12_level2.feat/GrayordinatesStats/cope13.feat/weights1.dtseries.nii","3R0WACxBORGv8IzR2RCPhmMHZV.BnHxP"
"s3://hcp-openaccess/HCP_1200/506234/MNINonLinear/Results/tfMRI_MOTOR/tfMRI_MOTOR_hp200_s12_level2.feat/GrayordinatesStats/cope13.feat/zflame1lowertstat1.dtseries.nii","506234","MNINonLinear//Results/tfMRI_MOTOR/tfMRI_MOTOR_hp200_s12_level2.feat/GrayordinatesStats/cope13.feat/zflame1lowertstat1.dtseries.nii","QiZojED_OzewfwFR8PMxOw.VGK64SgYv"
"s3://hcp-openaccess/HCP_1200/506234/MNINonLinear/Results/tfMRI_MOTOR/tfMRI_MOTOR_hp200_s12_level2.feat/GrayordinatesStats/cope13.feat/zflame1uppertstat1.dtseries.nii","506234","MNINonLinear//Results/tfMRI_MOTOR/tfMRI_MOTOR_hp200_s12_level2.feat/GrayordinatesStats/cope13.feat/zflame1uppertstat1.dtseries.nii","EOhsufuThTIEbYI9kj88_Ua5P67c3Em6"
"s3://hcp-openaccess/HCP_1200/506234/MNINonLinear/Results/tfMRI_MOTOR/tfMRI_MOTOR_hp200_s12_level2.feat/GrayordinatesStats/cope13.feat/zstat1.dtseries.nii","506234","MNINonLinear//Results/tfMRI_MOTOR/tfMRI_MOTOR_hp200_s12_level2.feat/GrayordinatesStats/cope13.feat/zstat1.dtseries.nii","Qzbzv53vTZPlWN9xkSQV0IrjiBFWNBmD"
"s3://hcp-openaccess/HCP_1200/506234/MNINonLinear/Results/tfMRI_MOTOR/tfMRI_MOTOR_hp200_s12_level2.feat/GrayordinatesStats/cope14.feat/cope1.dtseries.nii","506234","MNINonLinear//Results/tfMRI_MOTOR/tfMRI_MOTOR_hp200_s12_level2.feat/GrayordinatesStats/cope14.feat/cope1.dtseries.nii","j_P1fA1TtjjV72D30Kiu5gUMEykNgFbh"
"s3://hcp-openaccess/HCP_1200/506234/MNINonLinear/Results/tfMRI_MOTOR/tfMRI_MOTOR_hp200_s12_level2.feat/GrayordinatesStats/cope14.feat/logfile","506234","MNINonLinear//Results/tfMRI_MOTOR/tfMRI_MOTOR_hp200_s12_level2.feat/GrayordinatesStats/cope14.feat/logfile","ECyDn7QLiI8pyloNeKMOOKgKGSPPRJk2"
"s3://hcp-openaccess/HCP_1200/506234/MNINonLinear/Results/tfMRI_MOTOR/tfMRI_MOTOR_hp200_s12_level2.feat/GrayordinatesStats/cope14.feat/mask.dtseries.nii","506234","MNINonLinear//Results/tfMRI_MOTOR/tfMRI_MOTOR_hp200_s12_level2.feat/GrayordinatesStats/cope14.feat/mask.dtseries.nii","8Mfn.VArtdi..qw97bk8Wl2RY7DVmHy8"
"s3://hcp-openaccess/HCP_1200/506234/MNINonLinear/Results/tfMRI_MOTOR/tfMRI_MOTOR_hp200_s12_level2.feat/GrayordinatesStats/cope14.feat/mean_random_effects_var1.dtseries.nii","506234","MNINonLinear//Results/tfMRI_MOTOR/tfMRI_MOTOR_hp200_s12_level2.feat/GrayordinatesStats/cope14.feat/mean_random_effects_var1.dtseries.nii","huR0tYILMUvmw0brHHB3OQPcX0LhUEeL"
"s3://hcp-openaccess/HCP_1200/506234/MNINonLinear/Results/tfMRI_MOTOR/tfMRI_MOTOR_hp200_s12_level2.feat/GrayordinatesStats/cope14.feat/pe1.dtseries.nii","506234","MNINonLinear//Results/tfMRI_MOTOR/tfMRI_MOTOR_hp200_s12_level2.feat/GrayordinatesStats/cope14.feat/pe1.dtseries.nii","oq5Wnq0WcCYEA5h3_F5wtu0Rf9NeS8o4"
"s3://hcp-openaccess/HCP_1200/506234/MNINonLinear/Results/tfMRI_MOTOR/tfMRI_MOTOR_hp200_s12_level2.feat/GrayordinatesStats/cope14.feat/res4d.dtseries.nii","506234","MNINonLinear//Results/tfMRI_MOTOR/tfMRI_MOTOR_hp200_s12_level2.feat/GrayordinatesStats/cope14.feat/res4d.dtseries.nii","hbxFVzKgZTenI5tBSfvE0tob7Z7zx7rr"
"s3://hcp-openaccess/HCP_1200/506234/MNINonLinear/Results/tfMRI_MOTOR/tfMRI_MOTOR_hp200_s12_level2.feat/GrayordinatesStats/cope14.feat/tdof_t1.dtseries.nii","506234","MNINonLinear//Results/tfMRI_MOTOR/tfMRI_MOTOR_hp200_s12_level2.feat/GrayordinatesStats/cope14.feat/tdof_t1.dtseries.nii","y20fHZ5D_YbS5JyJMxCbgNZ.qC6._bXV"
"s3://hcp-openaccess/HCP_1200/506234/MNINonLinear/Results/tfMRI_MOTOR/tfMRI_MOTOR_hp200_s12_level2.feat/GrayordinatesStats/cope14.feat/tstat1.dtseries.nii","506234","MNINonLinear//Results/tfMRI_MOTOR/tfMRI_MOTOR_hp200_s12_level2.feat/GrayordinatesStats/cope14.feat/tstat1.dtseries.nii","l1MRYE1NWfLmbOHEyw9tma2xcFEyqdjM"
"s3://hcp-openaccess/HCP_1200/506234/MNINonLinear/Results/tfMRI_MOTOR/tfMRI_MOTOR_hp200_s12_level2.feat/GrayordinatesStats/cope14.feat/varcope1.dtseries.nii","506234","MNINonLinear//Results/tfMRI_MOTOR/tfMRI_MOTOR_hp200_s12_level2.feat/GrayordinatesStats/cope14.feat/varcope1.dtseries.nii","FShda6FLLvU0Z2WnHqxzuQp9mCU7zCqQ"
"s3://hcp-openaccess/HCP_1200/506234/MNINonLinear/Results/tfMRI_MOTOR/tfMRI_MOTOR_hp200_s12_level2.feat/GrayordinatesStats/cope14.feat/weights1.dtseries.nii","506234","MNINonLinear//Results/tfMRI_MOTOR/tfMRI_MOTOR_hp200_s12_level2.feat/GrayordinatesStats/cope14.feat/weights1.dtseries.nii","juqJq4RI04FisNzSxo5hMh1iaIcI9_Fi"
"s3://hcp-openaccess/HCP_1200/506234/MNINonLinear/Results/tfMRI_MOTOR/tfMRI_MOTOR_hp200_s12_level2.feat/GrayordinatesStats/cope14.feat/zflame1lowertstat1.dtseries.nii","506234","MNINonLinear//Results/tfMRI_MOTOR/tfMRI_MOTOR_hp200_s12_level2.feat/GrayordinatesStats/cope14.feat/zflame1lowertstat1.dtseries.nii","OC2NipfrbDYaOyrH.DOlkk2haTjjTJQy"
"s3://hcp-openaccess/HCP_1200/506234/MNINonLinear/Results/tfMRI_MOTOR/tfMRI_MOTOR_hp200_s12_level2.feat/GrayordinatesStats/cope14.feat/zflame1uppertstat1.dtseries.nii","506234","MNINonLinear//Results/tfMRI_MOTOR/tfMRI_MOTOR_hp200_s12_level2.feat/GrayordinatesStats/cope14.feat/zflame1uppertstat1.dtseries.nii","HL.qGLfbjT3_1LXLWTi7NJm2xXbkNjlw"
"s3://hcp-openaccess/HCP_1200/506234/MNINonLinear/Results/tfMRI_MOTOR/tfMRI_MOTOR_hp200_s12_level2.feat/GrayordinatesStats/cope14.feat/zstat1.dtseries.nii","506234","MNINonLinear//Results/tfMRI_MOTOR/tfMRI_MOTOR_hp200_s12_level2.feat/GrayordinatesStats/cope14.feat/zstat1.dtseries.nii","MMQ0HHf8DC7zsrqOqP02FDUqYrViY5ia"
"s3://hcp-openaccess/HCP_1200/506234/MNINonLinear/Results/tfMRI_MOTOR/tfMRI_MOTOR_hp200_s12_level2.feat/GrayordinatesStats/cope15.feat/cope1.dtseries.nii","506234","MNINonLinear//Results/tfMRI_MOTOR/tfMRI_MOTOR_hp200_s12_level2.feat/GrayordinatesStats/cope15.feat/cope1.dtseries.nii","MSXlNIlROMM8aObuNc0ybIDMz_uwmv8h"
"s3://hcp-openaccess/HCP_1200/506234/MNINonLinear/Results/tfMRI_MOTOR/tfMRI_MOTOR_hp200_s12_level2.feat/GrayordinatesStats/cope15.feat/logfile","506234","MNINonLinear//Results/tfMRI_MOTOR/tfMRI_MOTOR_hp200_s12_level2.feat/GrayordinatesStats/cope15.feat/logfile","36YcIPWmAp3Rmudh.fw7eXnRoMnez5dp"
"s3://hcp-openaccess/HCP_1200/506234/MNINonLinear/Results/tfMRI_MOTOR/tfMRI_MOTOR_hp200_s12_level2.feat/GrayordinatesStats/cope15.feat/mask.dtseries.nii","506234","MNINonLinear//Results/tfMRI_MOTOR/tfMRI_MOTOR_hp200_s12_level2.feat/GrayordinatesStats/cope15.feat/mask.dtseries.nii","9FmAuBiosgk6I0t2Z29IU2UjLJwO8Ng7"
"s3://hcp-openaccess/HCP_1200/506234/MNINonLinear/Results/tfMRI_MOTOR/tfMRI_MOTOR_hp200_s12_level2.feat/GrayordinatesStats/cope15.feat/mean_random_effects_var1.dtseries.nii","506234","MNINonLinear//Results/tfMRI_MOTOR/tfMRI_MOTOR_hp200_s12_level2.feat/GrayordinatesStats/cope15.feat/mean_random_effects_var1.dtseries.nii","yzk3uugtoXHfJrdCfELUUCmBekOhrm_i"
"s3://hcp-openaccess/HCP_1200/506234/MNINonLinear/Results/tfMRI_MOTOR/tfMRI_MOTOR_hp200_s12_level2.feat/GrayordinatesStats/cope15.feat/pe1.dtseries.nii","506234","MNINonLinear//Results/tfMRI_MOTOR/tfMRI_MOTOR_hp200_s12_level2.feat/GrayordinatesStats/cope15.feat/pe1.dtseries.nii","SuNy_HY9yp8j6XtPWConvmWjB0QL9cfm"
"s3://hcp-openaccess/HCP_1200/506234/MNINonLinear/Results/tfMRI_MOTOR/tfMRI_MOTOR_hp200_s12_level2.feat/GrayordinatesStats/cope15.feat/res4d.dtseries.nii","506234","MNINonLinear//Results/tfMRI_MOTOR/tfMRI_MOTOR_hp200_s12_level2.feat/GrayordinatesStats/cope15.feat/res4d.dtseries.nii","yIkyyFl1zYghZMH2Xj0qz6v1iXe2rsC0"
"s3://hcp-openaccess/HCP_1200/506234/MNINonLinear/Results/tfMRI_MOTOR/tfMRI_MOTOR_hp200_s12_level2.feat/GrayordinatesStats/cope15.feat/tdof_t1.dtseries.nii","506234","MNINonLinear//Results/tfMRI_MOTOR/tfMRI_MOTOR_hp200_s12_level2.feat/GrayordinatesStats/cope15.feat/tdof_t1.dtseries.nii","v1Db6BVytkP3Vv5V9HSlYsPGfmREYHvE"
"s3://hcp-openaccess/HCP_1200/506234/MNINonLinear/Results/tfMRI_MOTOR/tfMRI_MOTOR_hp200_s12_level2.feat/GrayordinatesStats/cope15.feat/tstat1.dtseries.nii","506234","MNINonLinear//Results/tfMRI_MOTOR/tfMRI_MOTOR_hp200_s12_level2.feat/GrayordinatesStats/cope15.feat/tstat1.dtseries.nii","uy3x74SiE.21EBxNfoIZYaHABzR3qptY"
"s3://hcp-openaccess/HCP_1200/506234/MNINonLinear/Results/tfMRI_MOTOR/tfMRI_MOTOR_hp200_s12_level2.feat/GrayordinatesStats/cope15.feat/varcope1.dtseries.nii","506234","MNINonLinear//Results/tfMRI_MOTOR/tfMRI_MOTOR_hp200_s12_level2.feat/GrayordinatesStats/cope15.feat/varcope1.dtseries.nii","GlZaXWttz560j.Pi.w4_BBmLS4oHTrur"
"s3://hcp-openaccess/HCP_1200/506234/MNINonLinear/Results/tfMRI_MOTOR/tfMRI_MOTOR_hp200_s12_level2.feat/GrayordinatesStats/cope15.feat/weights1.dtseries.nii","506234","MNINonLinear//Results/tfMRI_MOTOR/tfMRI_MOTOR_hp200_s12_level2.feat/GrayordinatesStats/cope15.feat/weights1.dtseries.nii","m5tJqshv5AyzPHGYQO.MlNrHkcgIwFH2"
"s3://hcp-openaccess/HCP_1200/506234/MNINonLinear/Results/tfMRI_MOTOR/tfMRI_MOTOR_hp200_s12_level2.feat/GrayordinatesStats/cope15.feat/zflame1lowertstat1.dtseries.nii","506234","MNINonLinear//Results/tfMRI_MOTOR/tfMRI_MOTOR_hp200_s12_level2.feat/GrayordinatesStats/cope15.feat/zflame1lowertstat1.dtseries.nii","kJfyp_9tQ2wBURSOaQK2KDjdlhWV2MN6"
"s3://hcp-openaccess/HCP_1200/506234/MNINonLinear/Results/tfMRI_MOTOR/tfMRI_MOTOR_hp200_s12_level2.feat/GrayordinatesStats/cope15.feat/zflame1uppertstat1.dtseries.nii","506234","MNINonLinear//Results/tfMRI_MOTOR/tfMRI_MOTOR_hp200_s12_level2.feat/GrayordinatesStats/cope15.feat/zflame1uppertstat1.dtseries.nii","aFpQojovmYPgv7WcWQbBblWd.UMQ4iMc"
"s3://hcp-openaccess/HCP_1200/506234/MNINonLinear/Results/tfMRI_MOTOR/tfMRI_MOTOR_hp200_s12_level2.feat/GrayordinatesStats/cope15.feat/zstat1.dtseries.nii","506234","MNINonLinear//Results/tfMRI_MOTOR/tfMRI_MOTOR_hp200_s12_level2.feat/GrayordinatesStats/cope15.feat/zstat1.dtseries.nii","5xDInl7Qf8F2dI8.SHiynE6YeFTxyKYz"
"s3://hcp-openaccess/HCP_1200/506234/MNINonLinear/Results/tfMRI_MOTOR/tfMRI_MOTOR_hp200_s12_level2.feat/GrayordinatesStats/cope16.feat/cope1.dtseries.nii","506234","MNINonLinear//Results/tfMRI_MOTOR/tfMRI_MOTOR_hp200_s12_level2.feat/GrayordinatesStats/cope16.feat/cope1.dtseries.nii","iwhbnmMIVwXb4j8w8IO7G8bf4ztMFG0C"
"s3://hcp-openaccess/HCP_1200/506234/MNINonLinear/Results/tfMRI_MOTOR/tfMRI_MOTOR_hp200_s12_level2.feat/GrayordinatesStats/cope16.feat/logfile","506234","MNINonLinear//Results/tfMRI_MOTOR/tfMRI_MOTOR_hp200_s12_level2.feat/GrayordinatesStats/cope16.feat/logfile","QOhzWJ2zaCzpsg_lVxCrFY8wK_jPLTDA"
"s3://hcp-openaccess/HCP_1200/506234/MNINonLinear/Results/tfMRI_MOTOR/tfMRI_MOTOR_hp200_s12_level2.feat/GrayordinatesStats/cope16.feat/mask.dtseries.nii","506234","MNINonLinear//Results/tfMRI_MOTOR/tfMRI_MOTOR_hp200_s12_level2.feat/GrayordinatesStats/cope16.feat/mask.dtseries.nii","aaHft6aEefdAMtEXoTxbpS4UUk7XVfp5"
"s3://hcp-openaccess/HCP_1200/506234/MNINonLinear/Results/tfMRI_MOTOR/tfMRI_MOTOR_hp200_s12_level2.feat/GrayordinatesStats/cope16.feat/mean_random_effects_var1.dtseries.nii","506234","MNINonLinear//Results/tfMRI_MOTOR/tfMRI_MOTOR_hp200_s12_level2.feat/GrayordinatesStats/cope16.feat/mean_random_effects_var1.dtseries.nii",".ok5VMcR1NsdUwPRNrlgno0zDHpQuZn1"
"s3://hcp-openaccess/HCP_1200/506234/MNINonLinear/Results/tfMRI_MOTOR/tfMRI_MOTOR_hp200_s12_level2.feat/GrayordinatesStats/cope16.feat/pe1.dtseries.nii","506234","MNINonLinear//Results/tfMRI_MOTOR/tfMRI_MOTOR_hp200_s12_level2.feat/GrayordinatesStats/cope16.feat/pe1.dtseries.nii","ZDPJbiuHrX0WcTxvOHcZh4NRq.KU9ksX"
"s3://hcp-openaccess/HCP_1200/506234/MNINonLinear/Results/tfMRI_MOTOR/tfMRI_MOTOR_hp200_s12_level2.feat/GrayordinatesStats/cope16.feat/res4d.dtseries.nii","506234","MNINonLinear//Results/tfMRI_MOTOR/tfMRI_MOTOR_hp200_s12_level2.feat/GrayordinatesStats/cope16.feat/res4d.dtseries.nii","YW2yxYkaJ.FQYFxHHaCVW_uiaVAOhmkp"
"s3://hcp-openaccess/HCP_1200/506234/MNINonLinear/Results/tfMRI_MOTOR/tfMRI_MOTOR_hp200_s12_level2.feat/GrayordinatesStats/cope16.feat/tdof_t1.dtseries.nii","506234","MNINonLinear//Results/tfMRI_MOTOR/tfMRI_MOTOR_hp200_s12_level2.feat/GrayordinatesStats/cope16.feat/tdof_t1.dtseries.nii","rwrySGdXEL7hK6sIaKoVHYejhTrubPKT"
"s3://hcp-openaccess/HCP_1200/506234/MNINonLinear/Results/tfMRI_MOTOR/tfMRI_MOTOR_hp200_s12_level2.feat/GrayordinatesStats/cope16.feat/tstat1.dtseries.nii","506234","MNINonLinear//Results/tfMRI_MOTOR/tfMRI_MOTOR_hp200_s12_level2.feat/GrayordinatesStats/cope16.feat/tstat1.dtseries.nii","ssHUtqfnO6VMPRPy.Gl4Fr0qGwjGIs46"
"s3://hcp-openaccess/HCP_1200/506234/MNINonLinear/Results/tfMRI_MOTOR/tfMRI_MOTOR_hp200_s12_level2.feat/GrayordinatesStats/cope16.feat/varcope1.dtseries.nii","506234","MNINonLinear//Results/tfMRI_MOTOR/tfMRI_MOTOR_hp200_s12_level2.feat/GrayordinatesStats/cope16.feat/varcope1.dtseries.nii","_7lmZGwYBISSW90OMJgmZAKqzX9G4HAg"
"s3://hcp-openaccess/HCP_1200/506234/MNINonLinear/Results/tfMRI_MOTOR/tfMRI_MOTOR_hp200_s12_level2.feat/GrayordinatesStats/cope16.feat/weights1.dtseries.nii","506234","MNINonLinear//Results/tfMRI_MOTOR/tfMRI_MOTOR_hp200_s12_level2.feat/GrayordinatesStats/cope16.feat/weights1.dtseries.nii","gjAUStz7PKRcuFd0ARK54Yy6XRAffgZL"
"s3://hcp-openaccess/HCP_1200/506234/MNINonLinear/Results/tfMRI_MOTOR/tfMRI_MOTOR_hp200_s12_level2.feat/GrayordinatesStats/cope16.feat/zflame1lowertstat1.dtseries.nii","506234","MNINonLinear//Results/tfMRI_MOTOR/tfMRI_MOTOR_hp200_s12_level2.feat/GrayordinatesStats/cope16.feat/zflame1lowertstat1.dtseries.nii","Touai02ejBmV5pvDl9VYfS2mi4_8Z7rK"
"s3://hcp-openaccess/HCP_1200/506234/MNINonLinear/Results/tfMRI_MOTOR/tfMRI_MOTOR_hp200_s12_level2.feat/GrayordinatesStats/cope16.feat/zflame1uppertstat1.dtseries.nii","506234","MNINonLinear//Results/tfMRI_MOTOR/tfMRI_MOTOR_hp200_s12_level2.feat/GrayordinatesStats/cope16.feat/zflame1uppertstat1.dtseries.nii","Y2o02g8cjI05pGsrOl1X3VpThcZZ_Zdq"
"s3://hcp-openaccess/HCP_1200/506234/MNINonLinear/Results/tfMRI_MOTOR/tfMRI_MOTOR_hp200_s12_level2.feat/GrayordinatesStats/cope16.feat/zstat1.dtseries.nii","506234","MNINonLinear//Results/tfMRI_MOTOR/tfMRI_MOTOR_hp200_s12_level2.feat/GrayordinatesStats/cope16.feat/zstat1.dtseries.nii","6H6UvAHHEuDDW3WXmbdnEAAVdJWDA9X1"
"s3://hcp-openaccess/HCP_1200/506234/MNINonLinear/Results/tfMRI_MOTOR/tfMRI_MOTOR_hp200_s12_level2.feat/GrayordinatesStats/cope17.feat/cope1.dtseries.nii","506234","MNINonLinear//Results/tfMRI_MOTOR/tfMRI_MOTOR_hp200_s12_level2.feat/GrayordinatesStats/cope17.feat/cope1.dtseries.nii","Xf1fUmEIdnuvOjMT3jcjcGtgu7gNSBBm"
"s3://hcp-openaccess/HCP_1200/506234/MNINonLinear/Results/tfMRI_MOTOR/tfMRI_MOTOR_hp200_s12_level2.feat/GrayordinatesStats/cope17.feat/logfile","506234","MNINonLinear//Results/tfMRI_MOTOR/tfMRI_MOTOR_hp200_s12_level2.feat/GrayordinatesStats/cope17.feat/logfile","KKEGM0BA7cl2xVb7g821hyD2liE9kDaO"
"s3://hcp-openaccess/HCP_1200/506234/MNINonLinear/Results/tfMRI_MOTOR/tfMRI_MOTOR_hp200_s12_level2.feat/GrayordinatesStats/cope17.feat/mask.dtseries.nii","506234","MNINonLinear//Results/tfMRI_MOTOR/tfMRI_MOTOR_hp200_s12_level2.feat/GrayordinatesStats/cope17.feat/mask.dtseries.nii","qPgqnwg9fxtMplt8aDQu576MhoCARio2"
"s3://hcp-openaccess/HCP_1200/506234/MNINonLinear/Results/tfMRI_MOTOR/tfMRI_MOTOR_hp200_s12_level2.feat/GrayordinatesStats/cope17.feat/mean_random_effects_var1.dtseries.nii","506234","MNINonLinear//Results/tfMRI_MOTOR/tfMRI_MOTOR_hp200_s12_level2.feat/GrayordinatesStats/cope17.feat/mean_random_effects_var1.dtseries.nii","GsIFQaouDI4hFre_Y9EKoM5hdY4dDsoO"
"s3://hcp-openaccess/HCP_1200/506234/MNINonLinear/Results/tfMRI_MOTOR/tfMRI_MOTOR_hp200_s12_level2.feat/GrayordinatesStats/cope17.feat/pe1.dtseries.nii","506234","MNINonLinear//Results/tfMRI_MOTOR/tfMRI_MOTOR_hp200_s12_level2.feat/GrayordinatesStats/cope17.feat/pe1.dtseries.nii","e8p1hNaT2DTGZzUzokQNbnMq7kNnxgBm"
"s3://hcp-openaccess/HCP_1200/506234/MNINonLinear/Results/tfMRI_MOTOR/tfMRI_MOTOR_hp200_s12_level2.feat/GrayordinatesStats/cope17.feat/res4d.dtseries.nii","506234","MNINonLinear//Results/tfMRI_MOTOR/tfMRI_MOTOR_hp200_s12_level2.feat/GrayordinatesStats/cope17.feat/res4d.dtseries.nii","Ie.lsWw9aMyNng8NsoIs_pcziUYmyhF_"
"s3://hcp-openaccess/HCP_1200/506234/MNINonLinear/Results/tfMRI_MOTOR/tfMRI_MOTOR_hp200_s12_level2.feat/GrayordinatesStats/cope17.feat/tdof_t1.dtseries.nii","506234","MNINonLinear//Results/tfMRI_MOTOR/tfMRI_MOTOR_hp200_s12_level2.feat/GrayordinatesStats/cope17.feat/tdof_t1.dtseries.nii","ysfzfoy8PIlkT2dinllJVB7PoCXCsOg."
"s3://hcp-openaccess/HCP_1200/506234/MNINonLinear/Results/tfMRI_MOTOR/tfMRI_MOTOR_hp200_s12_level2.feat/GrayordinatesStats/cope17.feat/tstat1.dtseries.nii","506234","MNINonLinear//Results/tfMRI_MOTOR/tfMRI_MOTOR_hp200_s12_level2.feat/GrayordinatesStats/cope17.feat/tstat1.dtseries.nii","A5BWKmYEzjEhALnGiqvvNx0KA.uHCr7D"
"s3://hcp-openaccess/HCP_1200/506234/MNINonLinear/Results/tfMRI_MOTOR/tfMRI_MOTOR_hp200_s12_level2.feat/GrayordinatesStats/cope17.feat/varcope1.dtseries.nii","506234","MNINonLinear//Results/tfMRI_MOTOR/tfMRI_MOTOR_hp200_s12_level2.feat/GrayordinatesStats/cope17.feat/varcope1.dtseries.nii","u.J1SGG7G8_f1sft5bTLo81.Y4gjh2P0"
"s3://hcp-openaccess/HCP_1200/506234/MNINonLinear/Results/tfMRI_MOTOR/tfMRI_MOTOR_hp200_s12_level2.feat/GrayordinatesStats/cope17.feat/weights1.dtseries.nii","506234","MNINonLinear//Results/tfMRI_MOTOR/tfMRI_MOTOR_hp200_s12_level2.feat/GrayordinatesStats/cope17.feat/weights1.dtseries.nii","Fo8lJq.bnoNLFe6MRGkRp.Is0D8TIkdD"
"s3://hcp-openaccess/HCP_1200/506234/MNINonLinear/Results/tfMRI_MOTOR/tfMRI_MOTOR_hp200_s12_level2.feat/GrayordinatesStats/cope17.feat/zflame1lowertstat1.dtseries.nii","506234","MNINonLinear//Results/tfMRI_MOTOR/tfMRI_MOTOR_hp200_s12_level2.feat/GrayordinatesStats/cope17.feat/zflame1lowertstat1.dtseries.nii","Q3Q8QPS.JQaWYTi1.qyt91TKcN1tVLf4"
"s3://hcp-openaccess/HCP_1200/506234/MNINonLinear/Results/tfMRI_MOTOR/tfMRI_MOTOR_hp200_s12_level2.feat/GrayordinatesStats/cope17.feat/zflame1uppertstat1.dtseries.nii","506234","MNINonLinear//Results/tfMRI_MOTOR/tfMRI_MOTOR_hp200_s12_level2.feat/GrayordinatesStats/cope17.feat/zflame1uppertstat1.dtseries.nii","CPz.sCWyepTdCRZ.ZXswXZTpUarxw3lN"
"s3://hcp-openaccess/HCP_1200/506234/MNINonLinear/Results/tfMRI_MOTOR/tfMRI_MOTOR_hp200_s12_level2.feat/GrayordinatesStats/cope17.feat/zstat1.dtseries.nii","506234","MNINonLinear//Results/tfMRI_MOTOR/tfMRI_MOTOR_hp200_s12_level2.feat/GrayordinatesStats/cope17.feat/zstat1.dtseries.nii","htCTUD4QN3Q4jSIRqjr9ijY2k1a9UvbI"
"s3://hcp-openaccess/HCP_1200/506234/MNINonLinear/Results/tfMRI_MOTOR/tfMRI_MOTOR_hp200_s12_level2.feat/GrayordinatesStats/cope18.feat/cope1.dtseries.nii","506234","MNINonLinear//Results/tfMRI_MOTOR/tfMRI_MOTOR_hp200_s12_level2.feat/GrayordinatesStats/cope18.feat/cope1.dtseries.nii","o9womJmOistWJhQ5z9UlGvnSXKwNibY0"
"s3://hcp-openaccess/HCP_1200/506234/MNINonLinear/Results/tfMRI_MOTOR/tfMRI_MOTOR_hp200_s12_level2.feat/GrayordinatesStats/cope18.feat/logfile","506234","MNINonLinear//Results/tfMRI_MOTOR/tfMRI_MOTOR_hp200_s12_level2.feat/GrayordinatesStats/cope18.feat/logfile","dcY3zs7aI9CHjb7eU6x8S.UMp5cU4pCP"
"s3://hcp-openaccess/HCP_1200/506234/MNINonLinear/Results/tfMRI_MOTOR/tfMRI_MOTOR_hp200_s12_level2.feat/GrayordinatesStats/cope18.feat/mask.dtseries.nii","506234","MNINonLinear//Results/tfMRI_MOTOR/tfMRI_MOTOR_hp200_s12_level2.feat/GrayordinatesStats/cope18.feat/mask.dtseries.nii","05knvL2AOn4fv0vHvvw9OWUyqWz1bUv8"
"s3://hcp-openaccess/HCP_1200/506234/MNINonLinear/Results/tfMRI_MOTOR/tfMRI_MOTOR_hp200_s12_level2.feat/GrayordinatesStats/cope18.feat/mean_random_effects_var1.dtseries.nii","506234","MNINonLinear//Results/tfMRI_MOTOR/tfMRI_MOTOR_hp200_s12_level2.feat/GrayordinatesStats/cope18.feat/mean_random_effects_var1.dtseries.nii","rNjHD_yrTPkhl40BQc4gnBL2LqMHrhog"
"s3://hcp-openaccess/HCP_1200/506234/MNINonLinear/Results/tfMRI_MOTOR/tfMRI_MOTOR_hp200_s12_level2.feat/GrayordinatesStats/cope18.feat/pe1.dtseries.nii","506234","MNINonLinear//Results/tfMRI_MOTOR/tfMRI_MOTOR_hp200_s12_level2.feat/GrayordinatesStats/cope18.feat/pe1.dtseries.nii","kTgDs.5QKZVlI00iHkQ5WaDuNiET8jvj"
"s3://hcp-openaccess/HCP_1200/506234/MNINonLinear/Results/tfMRI_MOTOR/tfMRI_MOTOR_hp200_s12_level2.feat/GrayordinatesStats/cope18.feat/res4d.dtseries.nii","506234","MNINonLinear//Results/tfMRI_MOTOR/tfMRI_MOTOR_hp200_s12_level2.feat/GrayordinatesStats/cope18.feat/res4d.dtseries.nii","BNCPo_67aIPsXNuowKxlfVGjdHbpN5uz"
"s3://hcp-openaccess/HCP_1200/506234/MNINonLinear/Results/tfMRI_MOTOR/tfMRI_MOTOR_hp200_s12_level2.feat/GrayordinatesStats/cope18.feat/tdof_t1.dtseries.nii","506234","MNINonLinear//Results/tfMRI_MOTOR/tfMRI_MOTOR_hp200_s12_level2.feat/GrayordinatesStats/cope18.feat/tdof_t1.dtseries.nii","f0n5LquvogU3MaCCD5gT5uSjIdEOZIKa"
"s3://hcp-openaccess/HCP_1200/506234/MNINonLinear/Results/tfMRI_MOTOR/tfMRI_MOTOR_hp200_s12_level2.feat/GrayordinatesStats/cope18.feat/tstat1.dtseries.nii","506234","MNINonLinear//Results/tfMRI_MOTOR/tfMRI_MOTOR_hp200_s12_level2.feat/GrayordinatesStats/cope18.feat/tstat1.dtseries.nii","Fx_nadLWwGlA6OGzzCPcj716GXT4rxtv"
"s3://hcp-openaccess/HCP_1200/506234/MNINonLinear/Results/tfMRI_MOTOR/tfMRI_MOTOR_hp200_s12_level2.feat/GrayordinatesStats/cope18.feat/varcope1.dtseries.nii","506234","MNINonLinear//Results/tfMRI_MOTOR/tfMRI_MOTOR_hp200_s12_level2.feat/GrayordinatesStats/cope18.feat/varcope1.dtseries.nii","wJIUOevbMcVPy6seYnP5EsUC00rT26j8"
"s3://hcp-openaccess/HCP_1200/506234/MNINonLinear/Results/tfMRI_MOTOR/tfMRI_MOTOR_hp200_s12_level2.feat/GrayordinatesStats/cope18.feat/weights1.dtseries.nii","506234","MNINonLinear//Results/tfMRI_MOTOR/tfMRI_MOTOR_hp200_s12_level2.feat/GrayordinatesStats/cope18.feat/weights1.dtseries.nii","xK9.8FInFM.EjaIinF7ooPmfZXDVcma_"
"s3://hcp-openaccess/HCP_1200/506234/MNINonLinear/Results/tfMRI_MOTOR/tfMRI_MOTOR_hp200_s12_level2.feat/GrayordinatesStats/cope18.feat/zflame1lowertstat1.dtseries.nii","506234","MNINonLinear//Results/tfMRI_MOTOR/tfMRI_MOTOR_hp200_s12_level2.feat/GrayordinatesStats/cope18.feat/zflame1lowertstat1.dtseries.nii","6GL_yBzDstJbYdvN9dbIR8LELZCprW1j"
"s3://hcp-openaccess/HCP_1200/506234/MNINonLinear/Results/tfMRI_MOTOR/tfMRI_MOTOR_hp200_s12_level2.feat/GrayordinatesStats/cope18.feat/zflame1uppertstat1.dtseries.nii","506234","MNINonLinear//Results/tfMRI_MOTOR/tfMRI_MOTOR_hp200_s12_level2.feat/GrayordinatesStats/cope18.feat/zflame1uppertstat1.dtseries.nii","ukGGXNMFEPmIcDtHbY2r6zJapVbKvQA_"
"s3://hcp-openaccess/HCP_1200/506234/MNINonLinear/Results/tfMRI_MOTOR/tfMRI_MOTOR_hp200_s12_level2.feat/GrayordinatesStats/cope18.feat/zstat1.dtseries.nii","506234","MNINonLinear//Results/tfMRI_MOTOR/tfMRI_MOTOR_hp200_s12_level2.feat/GrayordinatesStats/cope18.feat/zstat1.dtseries.nii","AdRcdCIWd1K25O7DM02b8MDaYw3zgH2f"
"s3://hcp-openaccess/HCP_1200/506234/MNINonLinear/Results/tfMRI_MOTOR/tfMRI_MOTOR_hp200_s12_level2.feat/GrayordinatesStats/cope19.feat/cope1.dtseries.nii","506234","MNINonLinear//Results/tfMRI_MOTOR/tfMRI_MOTOR_hp200_s12_level2.feat/GrayordinatesStats/cope19.feat/cope1.dtseries.nii","6Igic_Ak.LHPIgQVkTVWwQwsJ2ldyY9X"
"s3://hcp-openaccess/HCP_1200/506234/MNINonLinear/Results/tfMRI_MOTOR/tfMRI_MOTOR_hp200_s12_level2.feat/GrayordinatesStats/cope19.feat/logfile","506234","MNINonLinear//Results/tfMRI_MOTOR/tfMRI_MOTOR_hp200_s12_level2.feat/GrayordinatesStats/cope19.feat/logfile","NnHKjdiWH7z1zKHN4kAd9Z9iovK_Uk6v"
"s3://hcp-openaccess/HCP_1200/506234/MNINonLinear/Results/tfMRI_MOTOR/tfMRI_MOTOR_hp200_s12_level2.feat/GrayordinatesStats/cope19.feat/mask.dtseries.nii","506234","MNINonLinear//Results/tfMRI_MOTOR/tfMRI_MOTOR_hp200_s12_level2.feat/GrayordinatesStats/cope19.feat/mask.dtseries.nii","up_cpM53IeJzxOuVFz5R2wfwn4DdvL7b"
"s3://hcp-openaccess/HCP_1200/506234/MNINonLinear/Results/tfMRI_MOTOR/tfMRI_MOTOR_hp200_s12_level2.feat/GrayordinatesStats/cope19.feat/mean_random_effects_var1.dtseries.nii","506234","MNINonLinear//Results/tfMRI_MOTOR/tfMRI_MOTOR_hp200_s12_level2.feat/GrayordinatesStats/cope19.feat/mean_random_effects_var1.dtseries.nii","Ockw1CcFsd8TCOIj5pzStBK7d9tGlBUh"
"s3://hcp-openaccess/HCP_1200/506234/MNINonLinear/Results/tfMRI_MOTOR/tfMRI_MOTOR_hp200_s12_level2.feat/GrayordinatesStats/cope19.feat/pe1.dtseries.nii","506234","MNINonLinear//Results/tfMRI_MOTOR/tfMRI_MOTOR_hp200_s12_level2.feat/GrayordinatesStats/cope19.feat/pe1.dtseries.nii","02B6okd7AR9_HH52ITNsHYon6_sTtLsp"
"s3://hcp-openaccess/HCP_1200/506234/MNINonLinear/Results/tfMRI_MOTOR/tfMRI_MOTOR_hp200_s12_level2.feat/GrayordinatesStats/cope19.feat/res4d.dtseries.nii","506234","MNINonLinear//Results/tfMRI_MOTOR/tfMRI_MOTOR_hp200_s12_level2.feat/GrayordinatesStats/cope19.feat/res4d.dtseries.nii","BXXFFxhGlWglRqgUIjt9eJa75zMMQOsf"
"s3://hcp-openaccess/HCP_1200/506234/MNINonLinear/Results/tfMRI_MOTOR/tfMRI_MOTOR_hp200_s12_level2.feat/GrayordinatesStats/cope19.feat/tdof_t1.dtseries.nii","506234","MNINonLinear//Results/tfMRI_MOTOR/tfMRI_MOTOR_hp200_s12_level2.feat/GrayordinatesStats/cope19.feat/tdof_t1.dtseries.nii","ZuPGLIey1OGKPZkoHYmmn73Fkt7dWtg2"
"s3://hcp-openaccess/HCP_1200/506234/MNINonLinear/Results/tfMRI_MOTOR/tfMRI_MOTOR_hp200_s12_level2.feat/GrayordinatesStats/cope19.feat/tstat1.dtseries.nii","506234","MNINonLinear//Results/tfMRI_MOTOR/tfMRI_MOTOR_hp200_s12_level2.feat/GrayordinatesStats/cope19.feat/tstat1.dtseries.nii","KpT3wvY6hxESE.ADFIr6L8..yEOB2nNu"
"s3://hcp-openaccess/HCP_1200/506234/MNINonLinear/Results/tfMRI_MOTOR/tfMRI_MOTOR_hp200_s12_level2.feat/GrayordinatesStats/cope19.feat/varcope1.dtseries.nii","506234","MNINonLinear//Results/tfMRI_MOTOR/tfMRI_MOTOR_hp200_s12_level2.feat/GrayordinatesStats/cope19.feat/varcope1.dtseries.nii","rmsMgtAZSS0kPArvtaKouXRSmQ02WG.B"
"s3://hcp-openaccess/HCP_1200/506234/MNINonLinear/Results/tfMRI_MOTOR/tfMRI_MOTOR_hp200_s12_level2.feat/GrayordinatesStats/cope19.feat/weights1.dtseries.nii","506234","MNINonLinear//Results/tfMRI_MOTOR/tfMRI_MOTOR_hp200_s12_level2.feat/GrayordinatesStats/cope19.feat/weights1.dtseries.nii","60HaY8TM0YxgWu3__Y8_VrmGR8YOTano"
"s3://hcp-openaccess/HCP_1200/506234/MNINonLinear/Results/tfMRI_MOTOR/tfMRI_MOTOR_hp200_s12_level2.feat/GrayordinatesStats/cope19.feat/zflame1lowertstat1.dtseries.nii","506234","MNINonLinear//Results/tfMRI_MOTOR/tfMRI_MOTOR_hp200_s12_level2.feat/GrayordinatesStats/cope19.feat/zflame1lowertstat1.dtseries.nii","w_hx5wIKiiW0fQA1LGlzLpEb2er7EhV6"
"s3://hcp-openaccess/HCP_1200/506234/MNINonLinear/Results/tfMRI_MOTOR/tfMRI_MOTOR_hp200_s12_level2.feat/GrayordinatesStats/cope19.feat/zflame1uppertstat1.dtseries.nii","506234","MNINonLinear//Results/tfMRI_MOTOR/tfMRI_MOTOR_hp200_s12_level2.feat/GrayordinatesStats/cope19.feat/zflame1uppertstat1.dtseries.nii","432AnalIkdJbMNiTBf6M06OmCrhEQszW"
"s3://hcp-openaccess/HCP_1200/506234/MNINonLinear/Results/tfMRI_MOTOR/tfMRI_MOTOR_hp200_s12_level2.feat/GrayordinatesStats/cope19.feat/zstat1.dtseries.nii","506234","MNINonLinear//Results/tfMRI_MOTOR/tfMRI_MOTOR_hp200_s12_level2.feat/GrayordinatesStats/cope19.feat/zstat1.dtseries.nii","AGTSqY5Y5PxEyi_ZXs70IBzF3r1_M.5E"
"s3://hcp-openaccess/HCP_1200/506234/MNINonLinear/Results/tfMRI_MOTOR/tfMRI_MOTOR_hp200_s12_level2.feat/GrayordinatesStats/cope2.feat/cope1.dtseries.nii","506234","MNINonLinear//Results/tfMRI_MOTOR/tfMRI_MOTOR_hp200_s12_level2.feat/GrayordinatesStats/cope2.feat/cope1.dtseries.nii","mPAyxTXsoP.UDvSdLzrWvI2EaRpQrV_I"
"s3://hcp-openaccess/HCP_1200/506234/MNINonLinear/Results/tfMRI_MOTOR/tfMRI_MOTOR_hp200_s12_level2.feat/GrayordinatesStats/cope2.feat/logfile","506234","MNINonLinear//Results/tfMRI_MOTOR/tfMRI_MOTOR_hp200_s12_level2.feat/GrayordinatesStats/cope2.feat/logfile","nhKJvdy5K70Xbqmk5Zu0Xpmrf.e4yAbK"
"s3://hcp-openaccess/HCP_1200/506234/MNINonLinear/Results/tfMRI_MOTOR/tfMRI_MOTOR_hp200_s12_level2.feat/GrayordinatesStats/cope2.feat/mask.dtseries.nii","506234","MNINonLinear//Results/tfMRI_MOTOR/tfMRI_MOTOR_hp200_s12_level2.feat/GrayordinatesStats/cope2.feat/mask.dtseries.nii","7niUqiYiQyv201fymAHYa02fkj9IxWsL"
"s3://hcp-openaccess/HCP_1200/506234/MNINonLinear/Results/tfMRI_MOTOR/tfMRI_MOTOR_hp200_s12_level2.feat/GrayordinatesStats/cope2.feat/mean_random_effects_var1.dtseries.nii","506234","MNINonLinear//Results/tfMRI_MOTOR/tfMRI_MOTOR_hp200_s12_level2.feat/GrayordinatesStats/cope2.feat/mean_random_effects_var1.dtseries.nii","al9X2S8vdrW3Nuz_IBZPDWjaxB4TESzl"
"s3://hcp-openaccess/HCP_1200/506234/MNINonLinear/Results/tfMRI_MOTOR/tfMRI_MOTOR_hp200_s12_level2.feat/GrayordinatesStats/cope2.feat/pe1.dtseries.nii","506234","MNINonLinear//Results/tfMRI_MOTOR/tfMRI_MOTOR_hp200_s12_level2.feat/GrayordinatesStats/cope2.feat/pe1.dtseries.nii","yBxYVAIsSLI.OsWkulkgA5VWQSmiGDrP"
"s3://hcp-openaccess/HCP_1200/506234/MNINonLinear/Results/tfMRI_MOTOR/tfMRI_MOTOR_hp200_s12_level2.feat/GrayordinatesStats/cope2.feat/res4d.dtseries.nii","506234","MNINonLinear//Results/tfMRI_MOTOR/tfMRI_MOTOR_hp200_s12_level2.feat/GrayordinatesStats/cope2.feat/res4d.dtseries.nii","dyV1odghONVacOr6hsa0BCT74ZYGzYTB"
"s3://hcp-openaccess/HCP_1200/506234/MNINonLinear/Results/tfMRI_MOTOR/tfMRI_MOTOR_hp200_s12_level2.feat/GrayordinatesStats/cope2.feat/tdof_t1.dtseries.nii","506234","MNINonLinear//Results/tfMRI_MOTOR/tfMRI_MOTOR_hp200_s12_level2.feat/GrayordinatesStats/cope2.feat/tdof_t1.dtseries.nii","Ia9rFm8x.29omVUh21o4YxftHXg08hUX"
"s3://hcp-openaccess/HCP_1200/506234/MNINonLinear/Results/tfMRI_MOTOR/tfMRI_MOTOR_hp200_s12_level2.feat/GrayordinatesStats/cope2.feat/tstat1.dtseries.nii","506234","MNINonLinear//Results/tfMRI_MOTOR/tfMRI_MOTOR_hp200_s12_level2.feat/GrayordinatesStats/cope2.feat/tstat1.dtseries.nii","V45k7uYFR.w_OUBuX4jgGbIvGvblJxrK"
"s3://hcp-openaccess/HCP_1200/506234/MNINonLinear/Results/tfMRI_MOTOR/tfMRI_MOTOR_hp200_s12_level2.feat/GrayordinatesStats/cope2.feat/varcope1.dtseries.nii","506234","MNINonLinear//Results/tfMRI_MOTOR/tfMRI_MOTOR_hp200_s12_level2.feat/GrayordinatesStats/cope2.feat/varcope1.dtseries.nii","4wf6el3ZhEPTwB.pQD_LHxmTyCZNNb9A"
"s3://hcp-openaccess/HCP_1200/506234/MNINonLinear/Results/tfMRI_MOTOR/tfMRI_MOTOR_hp200_s12_level2.feat/GrayordinatesStats/cope2.feat/weights1.dtseries.nii","506234","MNINonLinear//Results/tfMRI_MOTOR/tfMRI_MOTOR_hp200_s12_level2.feat/GrayordinatesStats/cope2.feat/weights1.dtseries.nii","ujOW2gmtutOGmwtQAqisjn7FZ5lH05zE"
"s3://hcp-openaccess/HCP_1200/506234/MNINonLinear/Results/tfMRI_MOTOR/tfMRI_MOTOR_hp200_s12_level2.feat/GrayordinatesStats/cope2.feat/zflame1lowertstat1.dtseries.nii","506234","MNINonLinear//Results/tfMRI_MOTOR/tfMRI_MOTOR_hp200_s12_level2.feat/GrayordinatesStats/cope2.feat/zflame1lowertstat1.dtseries.nii","2HMBcFhFuqtQlra9GX.u0wITur6Dldlr"
"s3://hcp-openaccess/HCP_1200/506234/MNINonLinear/Results/tfMRI_MOTOR/tfMRI_MOTOR_hp200_s12_level2.feat/GrayordinatesStats/cope2.feat/zflame1uppertstat1.dtseries.nii","506234","MNINonLinear//Results/tfMRI_MOTOR/tfMRI_MOTOR_hp200_s12_level2.feat/GrayordinatesStats/cope2.feat/zflame1uppertstat1.dtseries.nii","pA6S8KRzV0.aJ9pKIL78U3hpkwAi_ZVy"
"s3://hcp-openaccess/HCP_1200/506234/MNINonLinear/Results/tfMRI_MOTOR/tfMRI_MOTOR_hp200_s12_level2.feat/GrayordinatesStats/cope2.feat/zstat1.dtseries.nii","506234","MNINonLinear//Results/tfMRI_MOTOR/tfMRI_MOTOR_hp200_s12_level2.feat/GrayordinatesStats/cope2.feat/zstat1.dtseries.nii","FsPIf5wzcAUaIWU1BAKS4i3aHtrHc7be"
"s3://hcp-openaccess/HCP_1200/506234/MNINonLinear/Results/tfMRI_MOTOR/tfMRI_MOTOR_hp200_s12_level2.feat/GrayordinatesStats/cope20.feat/cope1.dtseries.nii","506234","MNINonLinear//Results/tfMRI_MOTOR/tfMRI_MOTOR_hp200_s12_level2.feat/GrayordinatesStats/cope20.feat/cope1.dtseries.nii","dh1p5GMSljzeD3VhqFuAOdUvW2cD2.A_"
"s3://hcp-openaccess/HCP_1200/506234/MNINonLinear/Results/tfMRI_MOTOR/tfMRI_MOTOR_hp200_s12_level2.feat/GrayordinatesStats/cope20.feat/logfile","506234","MNINonLinear//Results/tfMRI_MOTOR/tfMRI_MOTOR_hp200_s12_level2.feat/GrayordinatesStats/cope20.feat/logfile","AAawOpA5cplJfqbIzpoIDNMjoD4KN90X"
"s3://hcp-openaccess/HCP_1200/506234/MNINonLinear/Results/tfMRI_MOTOR/tfMRI_MOTOR_hp200_s12_level2.feat/GrayordinatesStats/cope20.feat/mask.dtseries.nii","506234","MNINonLinear//Results/tfMRI_MOTOR/tfMRI_MOTOR_hp200_s12_level2.feat/GrayordinatesStats/cope20.feat/mask.dtseries.nii","746SgJkHOBah56xc5Ib7uadx5vuq24Si"
"s3://hcp-openaccess/HCP_1200/506234/MNINonLinear/Results/tfMRI_MOTOR/tfMRI_MOTOR_hp200_s12_level2.feat/GrayordinatesStats/cope20.feat/mean_random_effects_var1.dtseries.nii","506234","MNINonLinear//Results/tfMRI_MOTOR/tfMRI_MOTOR_hp200_s12_level2.feat/GrayordinatesStats/cope20.feat/mean_random_effects_var1.dtseries.nii","RZkPp_9FWf1Gz55FQdg.lyizey_MweCc"
"s3://hcp-openaccess/HCP_1200/506234/MNINonLinear/Results/tfMRI_MOTOR/tfMRI_MOTOR_hp200_s12_level2.feat/GrayordinatesStats/cope20.feat/pe1.dtseries.nii","506234","MNINonLinear//Results/tfMRI_MOTOR/tfMRI_MOTOR_hp200_s12_level2.feat/GrayordinatesStats/cope20.feat/pe1.dtseries.nii","q0m5QY0NGPOKnaKlrn.LicWIycbMn5A."
"s3://hcp-openaccess/HCP_1200/506234/MNINonLinear/Results/tfMRI_MOTOR/tfMRI_MOTOR_hp200_s12_level2.feat/GrayordinatesStats/cope20.feat/res4d.dtseries.nii","506234","MNINonLinear//Results/tfMRI_MOTOR/tfMRI_MOTOR_hp200_s12_level2.feat/GrayordinatesStats/cope20.feat/res4d.dtseries.nii","fSIrFajgxXmx8NN0N5cnrN_vy7XIhv8o"
"s3://hcp-openaccess/HCP_1200/506234/MNINonLinear/Results/tfMRI_MOTOR/tfMRI_MOTOR_hp200_s12_level2.feat/GrayordinatesStats/cope20.feat/tdof_t1.dtseries.nii","506234","MNINonLinear//Results/tfMRI_MOTOR/tfMRI_MOTOR_hp200_s12_level2.feat/GrayordinatesStats/cope20.feat/tdof_t1.dtseries.nii","dvq4Hvlp3WPyl1MAfEPrVqroHeR_bBWF"
"s3://hcp-openaccess/HCP_1200/506234/MNINonLinear/Results/tfMRI_MOTOR/tfMRI_MOTOR_hp200_s12_level2.feat/GrayordinatesStats/cope20.feat/tstat1.dtseries.nii","506234","MNINonLinear//Results/tfMRI_MOTOR/tfMRI_MOTOR_hp200_s12_level2.feat/GrayordinatesStats/cope20.feat/tstat1.dtseries.nii","9K.pgELuUxL1mv6EGejlXcj.NOLttFYW"
"s3://hcp-openaccess/HCP_1200/506234/MNINonLinear/Results/tfMRI_MOTOR/tfMRI_MOTOR_hp200_s12_level2.feat/GrayordinatesStats/cope20.feat/varcope1.dtseries.nii","506234","MNINonLinear//Results/tfMRI_MOTOR/tfMRI_MOTOR_hp200_s12_level2.feat/GrayordinatesStats/cope20.feat/varcope1.dtseries.nii","s0PeR8Iyb.AVRWYUshfWPWnKDvhGDlma"
"s3://hcp-openaccess/HCP_1200/506234/MNINonLinear/Results/tfMRI_MOTOR/tfMRI_MOTOR_hp200_s12_level2.feat/GrayordinatesStats/cope20.feat/weights1.dtseries.nii","506234","MNINonLinear//Results/tfMRI_MOTOR/tfMRI_MOTOR_hp200_s12_level2.feat/GrayordinatesStats/cope20.feat/weights1.dtseries.nii","cfZ3dAZyERWcw58tHjZyiqjTabXPEQ.T"
"s3://hcp-openaccess/HCP_1200/506234/MNINonLinear/Results/tfMRI_MOTOR/tfMRI_MOTOR_hp200_s12_level2.feat/GrayordinatesStats/cope20.feat/zflame1lowertstat1.dtseries.nii","506234","MNINonLinear//Results/tfMRI_MOTOR/tfMRI_MOTOR_hp200_s12_level2.feat/GrayordinatesStats/cope20.feat/zflame1lowertstat1.dtseries.nii","Re3tPExYWXmoOTtp9taztWZQ8iCWNvBi"
"s3://hcp-openaccess/HCP_1200/506234/MNINonLinear/Results/tfMRI_MOTOR/tfMRI_MOTOR_hp200_s12_level2.feat/GrayordinatesStats/cope20.feat/zflame1uppertstat1.dtseries.nii","506234","MNINonLinear//Results/tfMRI_MOTOR/tfMRI_MOTOR_hp200_s12_level2.feat/GrayordinatesStats/cope20.feat/zflame1uppertstat1.dtseries.nii","y3Dp0_2Nv8o8yOiBYDQ37Ln59O5K8hCn"
"s3://hcp-openaccess/HCP_1200/506234/MNINonLinear/Results/tfMRI_MOTOR/tfMRI_MOTOR_hp200_s12_level2.feat/GrayordinatesStats/cope20.feat/zstat1.dtseries.nii","506234","MNINonLinear//Results/tfMRI_MOTOR/tfMRI_MOTOR_hp200_s12_level2.feat/GrayordinatesStats/cope20.feat/zstat1.dtseries.nii","MLTaPyLeWQR9mMmBolpjsNfbQmw9MuA3"
"s3://hcp-openaccess/HCP_1200/506234/MNINonLinear/Results/tfMRI_MOTOR/tfMRI_MOTOR_hp200_s12_level2.feat/GrayordinatesStats/cope21.feat/cope1.dtseries.nii","506234","MNINonLinear//Results/tfMRI_MOTOR/tfMRI_MOTOR_hp200_s12_level2.feat/GrayordinatesStats/cope21.feat/cope1.dtseries.nii","PDyyaxA8.ave2QAgI2Mu610d.JMnP.5f"
"s3://hcp-openaccess/HCP_1200/506234/MNINonLinear/Results/tfMRI_MOTOR/tfMRI_MOTOR_hp200_s12_level2.feat/GrayordinatesStats/cope21.feat/logfile","506234","MNINonLinear//Results/tfMRI_MOTOR/tfMRI_MOTOR_hp200_s12_level2.feat/GrayordinatesStats/cope21.feat/logfile","h7Kjsp_ss22J4V3meSBclTHoqZYDqJG0"
"s3://hcp-openaccess/HCP_1200/506234/MNINonLinear/Results/tfMRI_MOTOR/tfMRI_MOTOR_hp200_s12_level2.feat/GrayordinatesStats/cope21.feat/mask.dtseries.nii","506234","MNINonLinear//Results/tfMRI_MOTOR/tfMRI_MOTOR_hp200_s12_level2.feat/GrayordinatesStats/cope21.feat/mask.dtseries.nii","xPjbz9RWNUxAiaQDukNjeZPTvqo6hpy8"
"s3://hcp-openaccess/HCP_1200/506234/MNINonLinear/Results/tfMRI_MOTOR/tfMRI_MOTOR_hp200_s12_level2.feat/GrayordinatesStats/cope21.feat/mean_random_effects_var1.dtseries.nii","506234","MNINonLinear//Results/tfMRI_MOTOR/tfMRI_MOTOR_hp200_s12_level2.feat/GrayordinatesStats/cope21.feat/mean_random_effects_var1.dtseries.nii","ECEZqWJBMoxTAPutViPKIEB1JPQrx7aQ"
"s3://hcp-openaccess/HCP_1200/506234/MNINonLinear/Results/tfMRI_MOTOR/tfMRI_MOTOR_hp200_s12_level2.feat/GrayordinatesStats/cope21.feat/pe1.dtseries.nii","506234","MNINonLinear//Results/tfMRI_MOTOR/tfMRI_MOTOR_hp200_s12_level2.feat/GrayordinatesStats/cope21.feat/pe1.dtseries.nii","4ERBs3.z1hdqroelcaPH.EKDBgcF0V_F"
"s3://hcp-openaccess/HCP_1200/506234/MNINonLinear/Results/tfMRI_MOTOR/tfMRI_MOTOR_hp200_s12_level2.feat/GrayordinatesStats/cope21.feat/res4d.dtseries.nii","506234","MNINonLinear//Results/tfMRI_MOTOR/tfMRI_MOTOR_hp200_s12_level2.feat/GrayordinatesStats/cope21.feat/res4d.dtseries.nii",".r6Wmc2vP.61Eu4rgoFEiLj3iKiifAyA"
"s3://hcp-openaccess/HCP_1200/506234/MNINonLinear/Results/tfMRI_MOTOR/tfMRI_MOTOR_hp200_s12_level2.feat/GrayordinatesStats/cope21.feat/tdof_t1.dtseries.nii","506234","MNINonLinear//Results/tfMRI_MOTOR/tfMRI_MOTOR_hp200_s12_level2.feat/GrayordinatesStats/cope21.feat/tdof_t1.dtseries.nii","Jdxkc9I3T6GIUeHQJSKptpW9oOk1FfJU"
"s3://hcp-openaccess/HCP_1200/506234/MNINonLinear/Results/tfMRI_MOTOR/tfMRI_MOTOR_hp200_s12_level2.feat/GrayordinatesStats/cope21.feat/tstat1.dtseries.nii","506234","MNINonLinear//Results/tfMRI_MOTOR/tfMRI_MOTOR_hp200_s12_level2.feat/GrayordinatesStats/cope21.feat/tstat1.dtseries.nii","XEN6lig7_ZDTgR0nZi.wC.Rq2.eGGx0V"
"s3://hcp-openaccess/HCP_1200/506234/MNINonLinear/Results/tfMRI_MOTOR/tfMRI_MOTOR_hp200_s12_level2.feat/GrayordinatesStats/cope21.feat/varcope1.dtseries.nii","506234","MNINonLinear//Results/tfMRI_MOTOR/tfMRI_MOTOR_hp200_s12_level2.feat/GrayordinatesStats/cope21.feat/varcope1.dtseries.nii","uyqEWacicL4Xw7Pf8XVg9bmuJxdyaqWU"
"s3://hcp-openaccess/HCP_1200/506234/MNINonLinear/Results/tfMRI_MOTOR/tfMRI_MOTOR_hp200_s12_level2.feat/GrayordinatesStats/cope21.feat/weights1.dtseries.nii","506234","MNINonLinear//Results/tfMRI_MOTOR/tfMRI_MOTOR_hp200_s12_level2.feat/GrayordinatesStats/cope21.feat/weights1.dtseries.nii","ZFWq.c5RZRBtxU6OEYR65jf8PFu2isAO"
"s3://hcp-openaccess/HCP_1200/506234/MNINonLinear/Results/tfMRI_MOTOR/tfMRI_MOTOR_hp200_s12_level2.feat/GrayordinatesStats/cope21.feat/zflame1lowertstat1.dtseries.nii","506234","MNINonLinear//Results/tfMRI_MOTOR/tfMRI_MOTOR_hp200_s12_level2.feat/GrayordinatesStats/cope21.feat/zflame1lowertstat1.dtseries.nii","GMMqtt9kN1HB3divuowkrG0f4.oKIXUU"
"s3://hcp-openaccess/HCP_1200/506234/MNINonLinear/Results/tfMRI_MOTOR/tfMRI_MOTOR_hp200_s12_level2.feat/GrayordinatesStats/cope21.feat/zflame1uppertstat1.dtseries.nii","506234","MNINonLinear//Results/tfMRI_MOTOR/tfMRI_MOTOR_hp200_s12_level2.feat/GrayordinatesStats/cope21.feat/zflame1uppertstat1.dtseries.nii","bz0UR2egNG1QYkozk9qrT8iclD6eMRYq"
"s3://hcp-openaccess/HCP_1200/506234/MNINonLinear/Results/tfMRI_MOTOR/tfMRI_MOTOR_hp200_s12_level2.feat/GrayordinatesStats/cope21.feat/zstat1.dtseries.nii","506234","MNINonLinear//Results/tfMRI_MOTOR/tfMRI_MOTOR_hp200_s12_level2.feat/GrayordinatesStats/cope21.feat/zstat1.dtseries.nii","2I6E.fw_QWU5FZXJLDw8MLue00HBiUOi"
"s3://hcp-openaccess/HCP_1200/506234/MNINonLinear/Results/tfMRI_MOTOR/tfMRI_MOTOR_hp200_s12_level2.feat/GrayordinatesStats/cope22.feat/cope1.dtseries.nii","506234","MNINonLinear//Results/tfMRI_MOTOR/tfMRI_MOTOR_hp200_s12_level2.feat/GrayordinatesStats/cope22.feat/cope1.dtseries.nii","dzEiWVTTH6eH7CxLA7.FkmcdhWkfJ2QI"
"s3://hcp-openaccess/HCP_1200/506234/MNINonLinear/Results/tfMRI_MOTOR/tfMRI_MOTOR_hp200_s12_level2.feat/GrayordinatesStats/cope22.feat/logfile","506234","MNINonLinear//Results/tfMRI_MOTOR/tfMRI_MOTOR_hp200_s12_level2.feat/GrayordinatesStats/cope22.feat/logfile","B4aXVD0HBPr5eQNpO.4prRkxva1AjBj9"
"s3://hcp-openaccess/HCP_1200/506234/MNINonLinear/Results/tfMRI_MOTOR/tfMRI_MOTOR_hp200_s12_level2.feat/GrayordinatesStats/cope22.feat/mask.dtseries.nii","506234","MNINonLinear//Results/tfMRI_MOTOR/tfMRI_MOTOR_hp200_s12_level2.feat/GrayordinatesStats/cope22.feat/mask.dtseries.nii","7UAsh5f1km7CDfCoQgI7qyMh9cfdglqE"
"s3://hcp-openaccess/HCP_1200/506234/MNINonLinear/Results/tfMRI_MOTOR/tfMRI_MOTOR_hp200_s12_level2.feat/GrayordinatesStats/cope22.feat/mean_random_effects_var1.dtseries.nii","506234","MNINonLinear//Results/tfMRI_MOTOR/tfMRI_MOTOR_hp200_s12_level2.feat/GrayordinatesStats/cope22.feat/mean_random_effects_var1.dtseries.nii","THqrWL.5KsPPr9F.AtUy0QNdK4DbS9Cp"
"s3://hcp-openaccess/HCP_1200/506234/MNINonLinear/Results/tfMRI_MOTOR/tfMRI_MOTOR_hp200_s12_level2.feat/GrayordinatesStats/cope22.feat/pe1.dtseries.nii","506234","MNINonLinear//Results/tfMRI_MOTOR/tfMRI_MOTOR_hp200_s12_level2.feat/GrayordinatesStats/cope22.feat/pe1.dtseries.nii","O6mbD1X.lShsHiyuROu9pmWYX79hOQcH"
"s3://hcp-openaccess/HCP_1200/506234/MNINonLinear/Results/tfMRI_MOTOR/tfMRI_MOTOR_hp200_s12_level2.feat/GrayordinatesStats/cope22.feat/res4d.dtseries.nii","506234","MNINonLinear//Results/tfMRI_MOTOR/tfMRI_MOTOR_hp200_s12_level2.feat/GrayordinatesStats/cope22.feat/res4d.dtseries.nii","x4Yr4VBDqh19iChQvBx8FUNadmsuxnc7"
"s3://hcp-openaccess/HCP_1200/506234/MNINonLinear/Results/tfMRI_MOTOR/tfMRI_MOTOR_hp200_s12_level2.feat/GrayordinatesStats/cope22.feat/tdof_t1.dtseries.nii","506234","MNINonLinear//Results/tfMRI_MOTOR/tfMRI_MOTOR_hp200_s12_level2.feat/GrayordinatesStats/cope22.feat/tdof_t1.dtseries.nii","spYVaV.coqcfP.6LW2cLak9uDt.0amsD"
"s3://hcp-openaccess/HCP_1200/506234/MNINonLinear/Results/tfMRI_MOTOR/tfMRI_MOTOR_hp200_s12_level2.feat/GrayordinatesStats/cope22.feat/tstat1.dtseries.nii","506234","MNINonLinear//Results/tfMRI_MOTOR/tfMRI_MOTOR_hp200_s12_level2.feat/GrayordinatesStats/cope22.feat/tstat1.dtseries.nii","S_dfl.oTlepgR3KYMJyWA7Ue8aX7Qfax"
"s3://hcp-openaccess/HCP_1200/506234/MNINonLinear/Results/tfMRI_MOTOR/tfMRI_MOTOR_hp200_s12_level2.feat/GrayordinatesStats/cope22.feat/varcope1.dtseries.nii","506234","MNINonLinear//Results/tfMRI_MOTOR/tfMRI_MOTOR_hp200_s12_level2.feat/GrayordinatesStats/cope22.feat/varcope1.dtseries.nii","RkWkzUKUCNhYWNdxmbzrzqhXB_nBpAQE"
"s3://hcp-openaccess/HCP_1200/506234/MNINonLinear/Results/tfMRI_MOTOR/tfMRI_MOTOR_hp200_s12_level2.feat/GrayordinatesStats/cope22.feat/weights1.dtseries.nii","506234","MNINonLinear//Results/tfMRI_MOTOR/tfMRI_MOTOR_hp200_s12_level2.feat/GrayordinatesStats/cope22.feat/weights1.dtseries.nii","TfQzIwz.1c3uluG7pngBexmjxcrFdy8u"
"s3://hcp-openaccess/HCP_1200/506234/MNINonLinear/Results/tfMRI_MOTOR/tfMRI_MOTOR_hp200_s12_level2.feat/GrayordinatesStats/cope22.feat/zflame1lowertstat1.dtseries.nii","506234","MNINonLinear//Results/tfMRI_MOTOR/tfMRI_MOTOR_hp200_s12_level2.feat/GrayordinatesStats/cope22.feat/zflame1lowertstat1.dtseries.nii","FeNDrqJbiMtdy5ddqD7JYPKF_YFIQfUw"
"s3://hcp-openaccess/HCP_1200/506234/MNINonLinear/Results/tfMRI_MOTOR/tfMRI_MOTOR_hp200_s12_level2.feat/GrayordinatesStats/cope22.feat/zflame1uppertstat1.dtseries.nii","506234","MNINonLinear//Results/tfMRI_MOTOR/tfMRI_MOTOR_hp200_s12_level2.feat/GrayordinatesStats/cope22.feat/zflame1uppertstat1.dtseries.nii","SLqtB8dq9gDz2iWk6TtUwr46fzs.6R6n"
"s3://hcp-openaccess/HCP_1200/506234/MNINonLinear/Results/tfMRI_MOTOR/tfMRI_MOTOR_hp200_s12_level2.feat/GrayordinatesStats/cope22.feat/zstat1.dtseries.nii","506234","MNINonLinear//Results/tfMRI_MOTOR/tfMRI_MOTOR_hp200_s12_level2.feat/GrayordinatesStats/cope22.feat/zstat1.dtseries.nii","0VK2eEv1ojXLs5BaApBhjYFL69ki4kTe"
"s3://hcp-openaccess/HCP_1200/506234/MNINonLinear/Results/tfMRI_MOTOR/tfMRI_MOTOR_hp200_s12_level2.feat/GrayordinatesStats/cope23.feat/cope1.dtseries.nii","506234","MNINonLinear//Results/tfMRI_MOTOR/tfMRI_MOTOR_hp200_s12_level2.feat/GrayordinatesStats/cope23.feat/cope1.dtseries.nii","FyR.rY4P8gUezWiXDYtY21ARJHO5IfNu"
"s3://hcp-openaccess/HCP_1200/506234/MNINonLinear/Results/tfMRI_MOTOR/tfMRI_MOTOR_hp200_s12_level2.feat/GrayordinatesStats/cope23.feat/logfile","506234","MNINonLinear//Results/tfMRI_MOTOR/tfMRI_MOTOR_hp200_s12_level2.feat/GrayordinatesStats/cope23.feat/logfile","nn1QJ8DtuvE3pzuUiRzQA0YFmtTVwmVm"
"s3://hcp-openaccess/HCP_1200/506234/MNINonLinear/Results/tfMRI_MOTOR/tfMRI_MOTOR_hp200_s12_level2.feat/GrayordinatesStats/cope23.feat/mask.dtseries.nii","506234","MNINonLinear//Results/tfMRI_MOTOR/tfMRI_MOTOR_hp200_s12_level2.feat/GrayordinatesStats/cope23.feat/mask.dtseries.nii","V0xF92tK4zJ46SMz15EYvErUk79sq7IA"
"s3://hcp-openaccess/HCP_1200/506234/MNINonLinear/Results/tfMRI_MOTOR/tfMRI_MOTOR_hp200_s12_level2.feat/GrayordinatesStats/cope23.feat/mean_random_effects_var1.dtseries.nii","506234","MNINonLinear//Results/tfMRI_MOTOR/tfMRI_MOTOR_hp200_s12_level2.feat/GrayordinatesStats/cope23.feat/mean_random_effects_var1.dtseries.nii","rDB0mxTUBBl0CAOZ.9NP6cbybL9t6nuf"
"s3://hcp-openaccess/HCP_1200/506234/MNINonLinear/Results/tfMRI_MOTOR/tfMRI_MOTOR_hp200_s12_level2.feat/GrayordinatesStats/cope23.feat/pe1.dtseries.nii","506234","MNINonLinear//Results/tfMRI_MOTOR/tfMRI_MOTOR_hp200_s12_level2.feat/GrayordinatesStats/cope23.feat/pe1.dtseries.nii","IUJwvYrbQXFT_aZ2EifaBYK8eyJgmGZd"
"s3://hcp-openaccess/HCP_1200/506234/MNINonLinear/Results/tfMRI_MOTOR/tfMRI_MOTOR_hp200_s12_level2.feat/GrayordinatesStats/cope23.feat/res4d.dtseries.nii","506234","MNINonLinear//Results/tfMRI_MOTOR/tfMRI_MOTOR_hp200_s12_level2.feat/GrayordinatesStats/cope23.feat/res4d.dtseries.nii","OSasUEwq_Cp7ZFkdeTN02wLdw1XtQSjT"
"s3://hcp-openaccess/HCP_1200/506234/MNINonLinear/Results/tfMRI_MOTOR/tfMRI_MOTOR_hp200_s12_level2.feat/GrayordinatesStats/cope23.feat/tdof_t1.dtseries.nii","506234","MNINonLinear//Results/tfMRI_MOTOR/tfMRI_MOTOR_hp200_s12_level2.feat/GrayordinatesStats/cope23.feat/tdof_t1.dtseries.nii","lLyNxRHVrvpdWlAyZhwuFDVH.wC4HEGW"
"s3://hcp-openaccess/HCP_1200/506234/MNINonLinear/Results/tfMRI_MOTOR/tfMRI_MOTOR_hp200_s12_level2.feat/GrayordinatesStats/cope23.feat/tstat1.dtseries.nii","506234","MNINonLinear//Results/tfMRI_MOTOR/tfMRI_MOTOR_hp200_s12_level2.feat/GrayordinatesStats/cope23.feat/tstat1.dtseries.nii","KCfNt6RKYkaFjHgMF0SrrFuEUM7dorm0"
"s3://hcp-openaccess/HCP_1200/506234/MNINonLinear/Results/tfMRI_MOTOR/tfMRI_MOTOR_hp200_s12_level2.feat/GrayordinatesStats/cope23.feat/varcope1.dtseries.nii","506234","MNINonLinear//Results/tfMRI_MOTOR/tfMRI_MOTOR_hp200_s12_level2.feat/GrayordinatesStats/cope23.feat/varcope1.dtseries.nii","o.K4FvZlJ2ABAqMgFMF_YLeE.HUrz5zY"
"s3://hcp-openaccess/HCP_1200/506234/MNINonLinear/Results/tfMRI_MOTOR/tfMRI_MOTOR_hp200_s12_level2.feat/GrayordinatesStats/cope23.feat/weights1.dtseries.nii","506234","MNINonLinear//Results/tfMRI_MOTOR/tfMRI_MOTOR_hp200_s12_level2.feat/GrayordinatesStats/cope23.feat/weights1.dtseries.nii","WG3x8GDkZhEsQyw88Q8CSgGivOoR_vi4"
"s3://hcp-openaccess/HCP_1200/506234/MNINonLinear/Results/tfMRI_MOTOR/tfMRI_MOTOR_hp200_s12_level2.feat/GrayordinatesStats/cope23.feat/zflame1lowertstat1.dtseries.nii","506234","MNINonLinear//Results/tfMRI_MOTOR/tfMRI_MOTOR_hp200_s12_level2.feat/GrayordinatesStats/cope23.feat/zflame1lowertstat1.dtseries.nii","MCenHXh8KGPhnpQme0x.JMBHQkbF7eh1"
"s3://hcp-openaccess/HCP_1200/506234/MNINonLinear/Results/tfMRI_MOTOR/tfMRI_MOTOR_hp200_s12_level2.feat/GrayordinatesStats/cope23.feat/zflame1uppertstat1.dtseries.nii","506234","MNINonLinear//Results/tfMRI_MOTOR/tfMRI_MOTOR_hp200_s12_level2.feat/GrayordinatesStats/cope23.feat/zflame1uppertstat1.dtseries.nii","fwbdF14UzcqHqOjm4xmX9sc5YLkGZ5Ev"
"s3://hcp-openaccess/HCP_1200/506234/MNINonLinear/Results/tfMRI_MOTOR/tfMRI_MOTOR_hp200_s12_level2.feat/GrayordinatesStats/cope23.feat/zstat1.dtseries.nii","506234","MNINonLinear//Results/tfMRI_MOTOR/tfMRI_MOTOR_hp200_s12_level2.feat/GrayordinatesStats/cope23.feat/zstat1.dtseries.nii","P_1YxUwdM8tr4.2SR_LRjszvEbEdvoLZ"
"s3://hcp-openaccess/HCP_1200/506234/MNINonLinear/Results/tfMRI_MOTOR/tfMRI_MOTOR_hp200_s12_level2.feat/GrayordinatesStats/cope24.feat/cope1.dtseries.nii","506234","MNINonLinear//Results/tfMRI_MOTOR/tfMRI_MOTOR_hp200_s12_level2.feat/GrayordinatesStats/cope24.feat/cope1.dtseries.nii","VX5D2pnH_BQS5qnd.0mW4mN8cCwR_gs."
"s3://hcp-openaccess/HCP_1200/506234/MNINonLinear/Results/tfMRI_MOTOR/tfMRI_MOTOR_hp200_s12_level2.feat/GrayordinatesStats/cope24.feat/logfile","506234","MNINonLinear//Results/tfMRI_MOTOR/tfMRI_MOTOR_hp200_s12_level2.feat/GrayordinatesStats/cope24.feat/logfile","pRIf71.NeNaSzdZbhNBPIfhFIway9XrM"
"s3://hcp-openaccess/HCP_1200/506234/MNINonLinear/Results/tfMRI_MOTOR/tfMRI_MOTOR_hp200_s12_level2.feat/GrayordinatesStats/cope24.feat/mask.dtseries.nii","506234","MNINonLinear//Results/tfMRI_MOTOR/tfMRI_MOTOR_hp200_s12_level2.feat/GrayordinatesStats/cope24.feat/mask.dtseries.nii","2Li3AtrDEdqbIhv5IZI9SF9haNdqP9Oj"
"s3://hcp-openaccess/HCP_1200/506234/MNINonLinear/Results/tfMRI_MOTOR/tfMRI_MOTOR_hp200_s12_level2.feat/GrayordinatesStats/cope24.feat/mean_random_effects_var1.dtseries.nii","506234","MNINonLinear//Results/tfMRI_MOTOR/tfMRI_MOTOR_hp200_s12_level2.feat/GrayordinatesStats/cope24.feat/mean_random_effects_var1.dtseries.nii","_d0juDMuaFkOHNfef75WVF.oA_MVyBLj"
"s3://hcp-openaccess/HCP_1200/506234/MNINonLinear/Results/tfMRI_MOTOR/tfMRI_MOTOR_hp200_s12_level2.feat/GrayordinatesStats/cope24.feat/pe1.dtseries.nii","506234","MNINonLinear//Results/tfMRI_MOTOR/tfMRI_MOTOR_hp200_s12_level2.feat/GrayordinatesStats/cope24.feat/pe1.dtseries.nii","XWv2Qh34cnQPYwnnlcJRefDuV80.gbxo"
"s3://hcp-openaccess/HCP_1200/506234/MNINonLinear/Results/tfMRI_MOTOR/tfMRI_MOTOR_hp200_s12_level2.feat/GrayordinatesStats/cope24.feat/res4d.dtseries.nii","506234","MNINonLinear//Results/tfMRI_MOTOR/tfMRI_MOTOR_hp200_s12_level2.feat/GrayordinatesStats/cope24.feat/res4d.dtseries.nii","CZyGO2KfuISzJyRbCaG1ugechN8A6QQP"
"s3://hcp-openaccess/HCP_1200/506234/MNINonLinear/Results/tfMRI_MOTOR/tfMRI_MOTOR_hp200_s12_level2.feat/GrayordinatesStats/cope24.feat/tdof_t1.dtseries.nii","506234","MNINonLinear//Results/tfMRI_MOTOR/tfMRI_MOTOR_hp200_s12_level2.feat/GrayordinatesStats/cope24.feat/tdof_t1.dtseries.nii","XqTc8PYJXcIlcQLUPHzcGqtPJWhq4rgZ"
"s3://hcp-openaccess/HCP_1200/506234/MNINonLinear/Results/tfMRI_MOTOR/tfMRI_MOTOR_hp200_s12_level2.feat/GrayordinatesStats/cope24.feat/tstat1.dtseries.nii","506234","MNINonLinear//Results/tfMRI_MOTOR/tfMRI_MOTOR_hp200_s12_level2.feat/GrayordinatesStats/cope24.feat/tstat1.dtseries.nii","HdgIL_saGKMcIomTq_LS2r1h9tcJOQve"
"s3://hcp-openaccess/HCP_1200/506234/MNINonLinear/Results/tfMRI_MOTOR/tfMRI_MOTOR_hp200_s12_level2.feat/GrayordinatesStats/cope24.feat/varcope1.dtseries.nii","506234","MNINonLinear//Results/tfMRI_MOTOR/tfMRI_MOTOR_hp200_s12_level2.feat/GrayordinatesStats/cope24.feat/varcope1.dtseries.nii","nJs20pTNxS1tzmnCvPfOWzAwklpkDNwL"
"s3://hcp-openaccess/HCP_1200/506234/MNINonLinear/Results/tfMRI_MOTOR/tfMRI_MOTOR_hp200_s12_level2.feat/GrayordinatesStats/cope24.feat/weights1.dtseries.nii","506234","MNINonLinear//Results/tfMRI_MOTOR/tfMRI_MOTOR_hp200_s12_level2.feat/GrayordinatesStats/cope24.feat/weights1.dtseries.nii","Jm2sreomFF1VQAqXzKw1gtb_L.NzlhlE"
"s3://hcp-openaccess/HCP_1200/506234/MNINonLinear/Results/tfMRI_MOTOR/tfMRI_MOTOR_hp200_s12_level2.feat/GrayordinatesStats/cope24.feat/zflame1lowertstat1.dtseries.nii","506234","MNINonLinear//Results/tfMRI_MOTOR/tfMRI_MOTOR_hp200_s12_level2.feat/GrayordinatesStats/cope24.feat/zflame1lowertstat1.dtseries.nii","CqC2boE9qoC8Z99wRgyzKe4W3IUNYa.Y"
"s3://hcp-openaccess/HCP_1200/506234/MNINonLinear/Results/tfMRI_MOTOR/tfMRI_MOTOR_hp200_s12_level2.feat/GrayordinatesStats/cope24.feat/zflame1uppertstat1.dtseries.nii","506234","MNINonLinear//Results/tfMRI_MOTOR/tfMRI_MOTOR_hp200_s12_level2.feat/GrayordinatesStats/cope24.feat/zflame1uppertstat1.dtseries.nii","Q0R4ahzzc0gLWcqLixzEtghoFrdycLWj"
"s3://hcp-openaccess/HCP_1200/506234/MNINonLinear/Results/tfMRI_MOTOR/tfMRI_MOTOR_hp200_s12_level2.feat/GrayordinatesStats/cope24.feat/zstat1.dtseries.nii","506234","MNINonLinear//Results/tfMRI_MOTOR/tfMRI_MOTOR_hp200_s12_level2.feat/GrayordinatesStats/cope24.feat/zstat1.dtseries.nii","6wRvwYmon_bKCQoreKzIuCF6yuD3OXGC"
"s3://hcp-openaccess/HCP_1200/506234/MNINonLinear/Results/tfMRI_MOTOR/tfMRI_MOTOR_hp200_s12_level2.feat/GrayordinatesStats/cope25.feat/cope1.dtseries.nii","506234","MNINonLinear//Results/tfMRI_MOTOR/tfMRI_MOTOR_hp200_s12_level2.feat/GrayordinatesStats/cope25.feat/cope1.dtseries.nii","BB3M0dv9rzuQVYt5R9xqGIGmba6TvbR8"
"s3://hcp-openaccess/HCP_1200/506234/MNINonLinear/Results/tfMRI_MOTOR/tfMRI_MOTOR_hp200_s12_level2.feat/GrayordinatesStats/cope25.feat/logfile","506234","MNINonLinear//Results/tfMRI_MOTOR/tfMRI_MOTOR_hp200_s12_level2.feat/GrayordinatesStats/cope25.feat/logfile","1QoLUFm1MO8aJ41eefJaswD2P57UhUW_"
"s3://hcp-openaccess/HCP_1200/506234/MNINonLinear/Results/tfMRI_MOTOR/tfMRI_MOTOR_hp200_s12_level2.feat/GrayordinatesStats/cope25.feat/mask.dtseries.nii","506234","MNINonLinear//Results/tfMRI_MOTOR/tfMRI_MOTOR_hp200_s12_level2.feat/GrayordinatesStats/cope25.feat/mask.dtseries.nii","kvxyQjuHBwSy5USplR.ys2j_03ymGO4O"
"s3://hcp-openaccess/HCP_1200/506234/MNINonLinear/Results/tfMRI_MOTOR/tfMRI_MOTOR_hp200_s12_level2.feat/GrayordinatesStats/cope25.feat/mean_random_effects_var1.dtseries.nii","506234","MNINonLinear//Results/tfMRI_MOTOR/tfMRI_MOTOR_hp200_s12_level2.feat/GrayordinatesStats/cope25.feat/mean_random_effects_var1.dtseries.nii","8YedOiB1k1u0JAAiXNAiSkxDc0o2gEU1"
"s3://hcp-openaccess/HCP_1200/506234/MNINonLinear/Results/tfMRI_MOTOR/tfMRI_MOTOR_hp200_s12_level2.feat/GrayordinatesStats/cope25.feat/pe1.dtseries.nii","506234","MNINonLinear//Results/tfMRI_MOTOR/tfMRI_MOTOR_hp200_s12_level2.feat/GrayordinatesStats/cope25.feat/pe1.dtseries.nii","N3knl.aK0uujnDUNUoirvqv9UyVTaiN5"
"s3://hcp-openaccess/HCP_1200/506234/MNINonLinear/Results/tfMRI_MOTOR/tfMRI_MOTOR_hp200_s12_level2.feat/GrayordinatesStats/cope25.feat/res4d.dtseries.nii","506234","MNINonLinear//Results/tfMRI_MOTOR/tfMRI_MOTOR_hp200_s12_level2.feat/GrayordinatesStats/cope25.feat/res4d.dtseries.nii","2fTX_9NXNOLXIi6QCnlHlcgnylUSbI06"
"s3://hcp-openaccess/HCP_1200/506234/MNINonLinear/Results/tfMRI_MOTOR/tfMRI_MOTOR_hp200_s12_level2.feat/GrayordinatesStats/cope25.feat/tdof_t1.dtseries.nii","506234","MNINonLinear//Results/tfMRI_MOTOR/tfMRI_MOTOR_hp200_s12_level2.feat/GrayordinatesStats/cope25.feat/tdof_t1.dtseries.nii","2KcGyPhf.7ShZPe8r50DRRPyrtR6u58b"
"s3://hcp-openaccess/HCP_1200/506234/MNINonLinear/Results/tfMRI_MOTOR/tfMRI_MOTOR_hp200_s12_level2.feat/GrayordinatesStats/cope25.feat/tstat1.dtseries.nii","506234","MNINonLinear//Results/tfMRI_MOTOR/tfMRI_MOTOR_hp200_s12_level2.feat/GrayordinatesStats/cope25.feat/tstat1.dtseries.nii","iptKncGWCqMXb5jVgSUd_qn4QXgg1s8w"
"s3://hcp-openaccess/HCP_1200/506234/MNINonLinear/Results/tfMRI_MOTOR/tfMRI_MOTOR_hp200_s12_level2.feat/GrayordinatesStats/cope25.feat/varcope1.dtseries.nii","506234","MNINonLinear//Results/tfMRI_MOTOR/tfMRI_MOTOR_hp200_s12_level2.feat/GrayordinatesStats/cope25.feat/varcope1.dtseries.nii","thEuvbZPTyyb1zuJeYhzC7u7wKmVBNL3"
"s3://hcp-openaccess/HCP_1200/506234/MNINonLinear/Results/tfMRI_MOTOR/tfMRI_MOTOR_hp200_s12_level2.feat/GrayordinatesStats/cope25.feat/weights1.dtseries.nii","506234","MNINonLinear//Results/tfMRI_MOTOR/tfMRI_MOTOR_hp200_s12_level2.feat/GrayordinatesStats/cope25.feat/weights1.dtseries.nii","evmr79gO_maD3feQQQkbnOtrU5JQpClq"
"s3://hcp-openaccess/HCP_1200/506234/MNINonLinear/Results/tfMRI_MOTOR/tfMRI_MOTOR_hp200_s12_level2.feat/GrayordinatesStats/cope25.feat/zflame1lowertstat1.dtseries.nii","506234","MNINonLinear//Results/tfMRI_MOTOR/tfMRI_MOTOR_hp200_s12_level2.feat/GrayordinatesStats/cope25.feat/zflame1lowertstat1.dtseries.nii","XHp34Xydk9SD0B0l0e_OSeuIEnFO._L4"
"s3://hcp-openaccess/HCP_1200/506234/MNINonLinear/Results/tfMRI_MOTOR/tfMRI_MOTOR_hp200_s12_level2.feat/GrayordinatesStats/cope25.feat/zflame1uppertstat1.dtseries.nii","506234","MNINonLinear//Results/tfMRI_MOTOR/tfMRI_MOTOR_hp200_s12_level2.feat/GrayordinatesStats/cope25.feat/zflame1uppertstat1.dtseries.nii","jXdI9p5XbW_7FWKyK1RieDfB8VN6DlFr"
"s3://hcp-openaccess/HCP_1200/506234/MNINonLinear/Results/tfMRI_MOTOR/tfMRI_MOTOR_hp200_s12_level2.feat/GrayordinatesStats/cope25.feat/zstat1.dtseries.nii","506234","MNINonLinear//Results/tfMRI_MOTOR/tfMRI_MOTOR_hp200_s12_level2.feat/GrayordinatesStats/cope25.feat/zstat1.dtseries.nii","1i6ofGVKxiXjTA9i.NCK0_s.I44mK71l"
"s3://hcp-openaccess/HCP_1200/506234/MNINonLinear/Results/tfMRI_MOTOR/tfMRI_MOTOR_hp200_s12_level2.feat/GrayordinatesStats/cope26.feat/cope1.dtseries.nii","506234","MNINonLinear//Results/tfMRI_MOTOR/tfMRI_MOTOR_hp200_s12_level2.feat/GrayordinatesStats/cope26.feat/cope1.dtseries.nii","PR.ySPX1Qph.t.TqORtyfHHZYOHZaVlp"
"s3://hcp-openaccess/HCP_1200/506234/MNINonLinear/Results/tfMRI_MOTOR/tfMRI_MOTOR_hp200_s12_level2.feat/GrayordinatesStats/cope26.feat/logfile","506234","MNINonLinear//Results/tfMRI_MOTOR/tfMRI_MOTOR_hp200_s12_level2.feat/GrayordinatesStats/cope26.feat/logfile","mxgTEu1XJrLcNztFq03EYzWWL87wgHIE"
"s3://hcp-openaccess/HCP_1200/506234/MNINonLinear/Results/tfMRI_MOTOR/tfMRI_MOTOR_hp200_s12_level2.feat/GrayordinatesStats/cope26.feat/mask.dtseries.nii","506234","MNINonLinear//Results/tfMRI_MOTOR/tfMRI_MOTOR_hp200_s12_level2.feat/GrayordinatesStats/cope26.feat/mask.dtseries.nii","rN4JV5qpReYn35C9H352mIdHj6BXrrgl"
"s3://hcp-openaccess/HCP_1200/506234/MNINonLinear/Results/tfMRI_MOTOR/tfMRI_MOTOR_hp200_s12_level2.feat/GrayordinatesStats/cope26.feat/mean_random_effects_var1.dtseries.nii","506234","MNINonLinear//Results/tfMRI_MOTOR/tfMRI_MOTOR_hp200_s12_level2.feat/GrayordinatesStats/cope26.feat/mean_random_effects_var1.dtseries.nii","02HUh0Dw3tTbV7DD.TOhcjxi1H8mozR3"
"s3://hcp-openaccess/HCP_1200/506234/MNINonLinear/Results/tfMRI_MOTOR/tfMRI_MOTOR_hp200_s12_level2.feat/GrayordinatesStats/cope26.feat/pe1.dtseries.nii","506234","MNINonLinear//Results/tfMRI_MOTOR/tfMRI_MOTOR_hp200_s12_level2.feat/GrayordinatesStats/cope26.feat/pe1.dtseries.nii","HJz5RR73aYDRRPdqCKH7HLzluPtQlw2_"
"s3://hcp-openaccess/HCP_1200/506234/MNINonLinear/Results/tfMRI_MOTOR/tfMRI_MOTOR_hp200_s12_level2.feat/GrayordinatesStats/cope26.feat/res4d.dtseries.nii","506234","MNINonLinear//Results/tfMRI_MOTOR/tfMRI_MOTOR_hp200_s12_level2.feat/GrayordinatesStats/cope26.feat/res4d.dtseries.nii","zSXQ.KCQ7KvJdJJpWl_0ccEM8m0RxRkz"
"s3://hcp-openaccess/HCP_1200/506234/MNINonLinear/Results/tfMRI_MOTOR/tfMRI_MOTOR_hp200_s12_level2.feat/GrayordinatesStats/cope26.feat/tdof_t1.dtseries.nii","506234","MNINonLinear//Results/tfMRI_MOTOR/tfMRI_MOTOR_hp200_s12_level2.feat/GrayordinatesStats/cope26.feat/tdof_t1.dtseries.nii","YQ4UiNnI5ausjs0D7LjcDcdrl9Q5PiPo"
"s3://hcp-openaccess/HCP_1200/506234/MNINonLinear/Results/tfMRI_MOTOR/tfMRI_MOTOR_hp200_s12_level2.feat/GrayordinatesStats/cope26.feat/tstat1.dtseries.nii","506234","MNINonLinear//Results/tfMRI_MOTOR/tfMRI_MOTOR_hp200_s12_level2.feat/GrayordinatesStats/cope26.feat/tstat1.dtseries.nii","I9G6QaZMwVE2p1NKkzjspUYRwth8Ylwz"
"s3://hcp-openaccess/HCP_1200/506234/MNINonLinear/Results/tfMRI_MOTOR/tfMRI_MOTOR_hp200_s12_level2.feat/GrayordinatesStats/cope26.feat/varcope1.dtseries.nii","506234","MNINonLinear//Results/tfMRI_MOTOR/tfMRI_MOTOR_hp200_s12_level2.feat/GrayordinatesStats/cope26.feat/varcope1.dtseries.nii","m5rEdlj39YFJp1QdEblvOs7y4S5ZanDt"
"s3://hcp-openaccess/HCP_1200/506234/MNINonLinear/Results/tfMRI_MOTOR/tfMRI_MOTOR_hp200_s12_level2.feat/GrayordinatesStats/cope26.feat/weights1.dtseries.nii","506234","MNINonLinear//Results/tfMRI_MOTOR/tfMRI_MOTOR_hp200_s12_level2.feat/GrayordinatesStats/cope26.feat/weights1.dtseries.nii","_UqQnUxfboTeEYCJtwgTC0BxIc_vNQFt"
"s3://hcp-openaccess/HCP_1200/506234/MNINonLinear/Results/tfMRI_MOTOR/tfMRI_MOTOR_hp200_s12_level2.feat/GrayordinatesStats/cope26.feat/zflame1lowertstat1.dtseries.nii","506234","MNINonLinear//Results/tfMRI_MOTOR/tfMRI_MOTOR_hp200_s12_level2.feat/GrayordinatesStats/cope26.feat/zflame1lowertstat1.dtseries.nii","ZiYzQU1hMTBAlVsJbwCq0FHlYTF47D.U"
"s3://hcp-openaccess/HCP_1200/506234/MNINonLinear/Results/tfMRI_MOTOR/tfMRI_MOTOR_hp200_s12_level2.feat/GrayordinatesStats/cope26.feat/zflame1uppertstat1.dtseries.nii","506234","MNINonLinear//Results/tfMRI_MOTOR/tfMRI_MOTOR_hp200_s12_level2.feat/GrayordinatesStats/cope26.feat/zflame1uppertstat1.dtseries.nii","hd9TJKnhrc9k.TIJe_yEt7a9LtskHFeL"
"s3://hcp-openaccess/HCP_1200/506234/MNINonLinear/Results/tfMRI_MOTOR/tfMRI_MOTOR_hp200_s12_level2.feat/GrayordinatesStats/cope26.feat/zstat1.dtseries.nii","506234","MNINonLinear//Results/tfMRI_MOTOR/tfMRI_MOTOR_hp200_s12_level2.feat/GrayordinatesStats/cope26.feat/zstat1.dtseries.nii","ZZHHk2mbpoWQW1xy5piMucjvRj0FcSTK"
"s3://hcp-openaccess/HCP_1200/506234/MNINonLinear/Results/tfMRI_MOTOR/tfMRI_MOTOR_hp200_s12_level2.feat/GrayordinatesStats/cope3.feat/cope1.dtseries.nii","506234","MNINonLinear//Results/tfMRI_MOTOR/tfMRI_MOTOR_hp200_s12_level2.feat/GrayordinatesStats/cope3.feat/cope1.dtseries.nii","8hTIsyt0WeKMjFZqWxl8P2HTJD5t7FS4"
"s3://hcp-openaccess/HCP_1200/506234/MNINonLinear/Results/tfMRI_MOTOR/tfMRI_MOTOR_hp200_s12_level2.feat/GrayordinatesStats/cope3.feat/logfile","506234","MNINonLinear//Results/tfMRI_MOTOR/tfMRI_MOTOR_hp200_s12_level2.feat/GrayordinatesStats/cope3.feat/logfile","MpS7Z4_a8Y9e4ripTfQIgXtASgUQamGy"
"s3://hcp-openaccess/HCP_1200/506234/MNINonLinear/Results/tfMRI_MOTOR/tfMRI_MOTOR_hp200_s12_level2.feat/GrayordinatesStats/cope3.feat/mask.dtseries.nii","506234","MNINonLinear//Results/tfMRI_MOTOR/tfMRI_MOTOR_hp200_s12_level2.feat/GrayordinatesStats/cope3.feat/mask.dtseries.nii","xYY2FIMXORYo4cx7Scep4I2k3EkKuQbS"
"s3://hcp-openaccess/HCP_1200/506234/MNINonLinear/Results/tfMRI_MOTOR/tfMRI_MOTOR_hp200_s12_level2.feat/GrayordinatesStats/cope3.feat/mean_random_effects_var1.dtseries.nii","506234","MNINonLinear//Results/tfMRI_MOTOR/tfMRI_MOTOR_hp200_s12_level2.feat/GrayordinatesStats/cope3.feat/mean_random_effects_var1.dtseries.nii","o38f6D9R9g8fFhbs612samaDZk.YuXwF"
"s3://hcp-openaccess/HCP_1200/506234/MNINonLinear/Results/tfMRI_MOTOR/tfMRI_MOTOR_hp200_s12_level2.feat/GrayordinatesStats/cope3.feat/pe1.dtseries.nii","506234","MNINonLinear//Results/tfMRI_MOTOR/tfMRI_MOTOR_hp200_s12_level2.feat/GrayordinatesStats/cope3.feat/pe1.dtseries.nii","t9yx1Ix0BN_2Apq5GGry__SliBnXfrIe"
"s3://hcp-openaccess/HCP_1200/506234/MNINonLinear/Results/tfMRI_MOTOR/tfMRI_MOTOR_hp200_s12_level2.feat/GrayordinatesStats/cope3.feat/res4d.dtseries.nii","506234","MNINonLinear//Results/tfMRI_MOTOR/tfMRI_MOTOR_hp200_s12_level2.feat/GrayordinatesStats/cope3.feat/res4d.dtseries.nii","H2Z5ORhFHCvCgrIX534vgsa4g.Y8oeNp"
"s3://hcp-openaccess/HCP_1200/506234/MNINonLinear/Results/tfMRI_MOTOR/tfMRI_MOTOR_hp200_s12_level2.feat/GrayordinatesStats/cope3.feat/tdof_t1.dtseries.nii","506234","MNINonLinear//Results/tfMRI_MOTOR/tfMRI_MOTOR_hp200_s12_level2.feat/GrayordinatesStats/cope3.feat/tdof_t1.dtseries.nii","PSwxbx7lVAscMCIwbOTopCO5yfKPYtuB"
"s3://hcp-openaccess/HCP_1200/506234/MNINonLinear/Results/tfMRI_MOTOR/tfMRI_MOTOR_hp200_s12_level2.feat/GrayordinatesStats/cope3.feat/tstat1.dtseries.nii","506234","MNINonLinear//Results/tfMRI_MOTOR/tfMRI_MOTOR_hp200_s12_level2.feat/GrayordinatesStats/cope3.feat/tstat1.dtseries.nii","g9Qn..8SzxJXUfWuLGwEoLoj2QV7Gkk6"
"s3://hcp-openaccess/HCP_1200/506234/MNINonLinear/Results/tfMRI_MOTOR/tfMRI_MOTOR_hp200_s12_level2.feat/GrayordinatesStats/cope3.feat/varcope1.dtseries.nii","506234","MNINonLinear//Results/tfMRI_MOTOR/tfMRI_MOTOR_hp200_s12_level2.feat/GrayordinatesStats/cope3.feat/varcope1.dtseries.nii","s4PzD1GYt2RdLjhTW7V0fef.WaXzm0uA"
"s3://hcp-openaccess/HCP_1200/506234/MNINonLinear/Results/tfMRI_MOTOR/tfMRI_MOTOR_hp200_s12_level2.feat/GrayordinatesStats/cope3.feat/weights1.dtseries.nii","506234","MNINonLinear//Results/tfMRI_MOTOR/tfMRI_MOTOR_hp200_s12_level2.feat/GrayordinatesStats/cope3.feat/weights1.dtseries.nii","R1mfWUZY6eeO79CLfGgnVpECimVh5EIA"
"s3://hcp-openaccess/HCP_1200/506234/MNINonLinear/Results/tfMRI_MOTOR/tfMRI_MOTOR_hp200_s12_level2.feat/GrayordinatesStats/cope3.feat/zflame1lowertstat1.dtseries.nii","506234","MNINonLinear//Results/tfMRI_MOTOR/tfMRI_MOTOR_hp200_s12_level2.feat/GrayordinatesStats/cope3.feat/zflame1lowertstat1.dtseries.nii","GidgjIa9Q0wUrXl.ILyeKbwaKHkH0weG"
"s3://hcp-openaccess/HCP_1200/506234/MNINonLinear/Results/tfMRI_MOTOR/tfMRI_MOTOR_hp200_s12_level2.feat/GrayordinatesStats/cope3.feat/zflame1uppertstat1.dtseries.nii","506234","MNINonLinear//Results/tfMRI_MOTOR/tfMRI_MOTOR_hp200_s12_level2.feat/GrayordinatesStats/cope3.feat/zflame1uppertstat1.dtseries.nii","mCm1u4MBiorYz5dcOVm_TpnuMdDUaJ5I"
"s3://hcp-openaccess/HCP_1200/506234/MNINonLinear/Results/tfMRI_MOTOR/tfMRI_MOTOR_hp200_s12_level2.feat/GrayordinatesStats/cope3.feat/zstat1.dtseries.nii","506234","MNINonLinear//Results/tfMRI_MOTOR/tfMRI_MOTOR_hp200_s12_level2.feat/GrayordinatesStats/cope3.feat/zstat1.dtseries.nii","VgxacMVD1nWbMVOHex8rVMG30WyBBB2A"
"s3://hcp-openaccess/HCP_1200/506234/MNINonLinear/Results/tfMRI_MOTOR/tfMRI_MOTOR_hp200_s12_level2.feat/GrayordinatesStats/cope4.feat/cope1.dtseries.nii","506234","MNINonLinear//Results/tfMRI_MOTOR/tfMRI_MOTOR_hp200_s12_level2.feat/GrayordinatesStats/cope4.feat/cope1.dtseries.nii","mT8fW3xTbIvUznjcB44iczhggFiqO2eC"
"s3://hcp-openaccess/HCP_1200/506234/MNINonLinear/Results/tfMRI_MOTOR/tfMRI_MOTOR_hp200_s12_level2.feat/GrayordinatesStats/cope4.feat/logfile","506234","MNINonLinear//Results/tfMRI_MOTOR/tfMRI_MOTOR_hp200_s12_level2.feat/GrayordinatesStats/cope4.feat/logfile","jrGVgCmuBprH3V4Ij.vUwoetvhbT7pbw"
"s3://hcp-openaccess/HCP_1200/506234/MNINonLinear/Results/tfMRI_MOTOR/tfMRI_MOTOR_hp200_s12_level2.feat/GrayordinatesStats/cope4.feat/mask.dtseries.nii","506234","MNINonLinear//Results/tfMRI_MOTOR/tfMRI_MOTOR_hp200_s12_level2.feat/GrayordinatesStats/cope4.feat/mask.dtseries.nii","CNTimd9WysDw6vs4KsyuWqV8szQUnwoT"
"s3://hcp-openaccess/HCP_1200/506234/MNINonLinear/Results/tfMRI_MOTOR/tfMRI_MOTOR_hp200_s12_level2.feat/GrayordinatesStats/cope4.feat/mean_random_effects_var1.dtseries.nii","506234","MNINonLinear//Results/tfMRI_MOTOR/tfMRI_MOTOR_hp200_s12_level2.feat/GrayordinatesStats/cope4.feat/mean_random_effects_var1.dtseries.nii","7x2FixBRApB0ZKcEFs.g04wCZgeC8G6F"
"s3://hcp-openaccess/HCP_1200/506234/MNINonLinear/Results/tfMRI_MOTOR/tfMRI_MOTOR_hp200_s12_level2.feat/GrayordinatesStats/cope4.feat/pe1.dtseries.nii","506234","MNINonLinear//Results/tfMRI_MOTOR/tfMRI_MOTOR_hp200_s12_level2.feat/GrayordinatesStats/cope4.feat/pe1.dtseries.nii","st0df0AKzq0JIAtqvPFKEaiBXrvxZiOY"
"s3://hcp-openaccess/HCP_1200/506234/MNINonLinear/Results/tfMRI_MOTOR/tfMRI_MOTOR_hp200_s12_level2.feat/GrayordinatesStats/cope4.feat/res4d.dtseries.nii","506234","MNINonLinear//Results/tfMRI_MOTOR/tfMRI_MOTOR_hp200_s12_level2.feat/GrayordinatesStats/cope4.feat/res4d.dtseries.nii","JThL4qZK_RZFY3axYCwxfddRw7omk6Pc"
"s3://hcp-openaccess/HCP_1200/506234/MNINonLinear/Results/tfMRI_MOTOR/tfMRI_MOTOR_hp200_s12_level2.feat/GrayordinatesStats/cope4.feat/tdof_t1.dtseries.nii","506234","MNINonLinear//Results/tfMRI_MOTOR/tfMRI_MOTOR_hp200_s12_level2.feat/GrayordinatesStats/cope4.feat/tdof_t1.dtseries.nii","ggrEcjPi9OT29dNkA0K8wBaEzpHdKsxk"
"s3://hcp-openaccess/HCP_1200/506234/MNINonLinear/Results/tfMRI_MOTOR/tfMRI_MOTOR_hp200_s12_level2.feat/GrayordinatesStats/cope4.feat/tstat1.dtseries.nii","506234","MNINonLinear//Results/tfMRI_MOTOR/tfMRI_MOTOR_hp200_s12_level2.feat/GrayordinatesStats/cope4.feat/tstat1.dtseries.nii","lEsOtJwGXqv6hpzqDoiVwpQTLWALkgUi"
"s3://hcp-openaccess/HCP_1200/506234/MNINonLinear/Results/tfMRI_MOTOR/tfMRI_MOTOR_hp200_s12_level2.feat/GrayordinatesStats/cope4.feat/varcope1.dtseries.nii","506234","MNINonLinear//Results/tfMRI_MOTOR/tfMRI_MOTOR_hp200_s12_level2.feat/GrayordinatesStats/cope4.feat/varcope1.dtseries.nii","zkJdSPQG47TwhoWK56gwGwfX4MzxgAAh"
"s3://hcp-openaccess/HCP_1200/506234/MNINonLinear/Results/tfMRI_MOTOR/tfMRI_MOTOR_hp200_s12_level2.feat/GrayordinatesStats/cope4.feat/weights1.dtseries.nii","506234","MNINonLinear//Results/tfMRI_MOTOR/tfMRI_MOTOR_hp200_s12_level2.feat/GrayordinatesStats/cope4.feat/weights1.dtseries.nii","gcCKwmetl7Fxpt_BUStM7Xo1r_.zkqSa"
"s3://hcp-openaccess/HCP_1200/506234/MNINonLinear/Results/tfMRI_MOTOR/tfMRI_MOTOR_hp200_s12_level2.feat/GrayordinatesStats/cope4.feat/zflame1lowertstat1.dtseries.nii","506234","MNINonLinear//Results/tfMRI_MOTOR/tfMRI_MOTOR_hp200_s12_level2.feat/GrayordinatesStats/cope4.feat/zflame1lowertstat1.dtseries.nii","WWBFjlQ7qDOwQOtOTgiT5BDpzyHH4sDT"
"s3://hcp-openaccess/HCP_1200/506234/MNINonLinear/Results/tfMRI_MOTOR/tfMRI_MOTOR_hp200_s12_level2.feat/GrayordinatesStats/cope4.feat/zflame1uppertstat1.dtseries.nii","506234","MNINonLinear//Results/tfMRI_MOTOR/tfMRI_MOTOR_hp200_s12_level2.feat/GrayordinatesStats/cope4.feat/zflame1uppertstat1.dtseries.nii","L188.kgOfvjGPtMHYHYEFncRFOTBWrIT"
"s3://hcp-openaccess/HCP_1200/506234/MNINonLinear/Results/tfMRI_MOTOR/tfMRI_MOTOR_hp200_s12_level2.feat/GrayordinatesStats/cope4.feat/zstat1.dtseries.nii","506234","MNINonLinear//Results/tfMRI_MOTOR/tfMRI_MOTOR_hp200_s12_level2.feat/GrayordinatesStats/cope4.feat/zstat1.dtseries.nii","QaTHiTtTV4Y.4xIlprjuh_n2xtGB85tx"
"s3://hcp-openaccess/HCP_1200/506234/MNINonLinear/Results/tfMRI_MOTOR/tfMRI_MOTOR_hp200_s12_level2.feat/GrayordinatesStats/cope5.feat/cope1.dtseries.nii","506234","MNINonLinear//Results/tfMRI_MOTOR/tfMRI_MOTOR_hp200_s12_level2.feat/GrayordinatesStats/cope5.feat/cope1.dtseries.nii","7600GOzZizUO2YnoLFjJo_3sXMyE7.NU"
"s3://hcp-openaccess/HCP_1200/506234/MNINonLinear/Results/tfMRI_MOTOR/tfMRI_MOTOR_hp200_s12_level2.feat/GrayordinatesStats/cope5.feat/logfile","506234","MNINonLinear//Results/tfMRI_MOTOR/tfMRI_MOTOR_hp200_s12_level2.feat/GrayordinatesStats/cope5.feat/logfile","GIAI3rpQDMW9Q0.YBxbBTlJqctrMqUG."
"s3://hcp-openaccess/HCP_1200/506234/MNINonLinear/Results/tfMRI_MOTOR/tfMRI_MOTOR_hp200_s12_level2.feat/GrayordinatesStats/cope5.feat/mask.dtseries.nii","506234","MNINonLinear//Results/tfMRI_MOTOR/tfMRI_MOTOR_hp200_s12_level2.feat/GrayordinatesStats/cope5.feat/mask.dtseries.nii","uypEvjNRjDDZiWH8Tu4r4XDvHcRUQ9Xk"
"s3://hcp-openaccess/HCP_1200/506234/MNINonLinear/Results/tfMRI_MOTOR/tfMRI_MOTOR_hp200_s12_level2.feat/GrayordinatesStats/cope5.feat/mean_random_effects_var1.dtseries.nii","506234","MNINonLinear//Results/tfMRI_MOTOR/tfMRI_MOTOR_hp200_s12_level2.feat/GrayordinatesStats/cope5.feat/mean_random_effects_var1.dtseries.nii","HQ8m_rt5_MHMA7.h7fGkoUgLmN3F6JNR"
"s3://hcp-openaccess/HCP_1200/506234/MNINonLinear/Results/tfMRI_MOTOR/tfMRI_MOTOR_hp200_s12_level2.feat/GrayordinatesStats/cope5.feat/pe1.dtseries.nii","506234","MNINonLinear//Results/tfMRI_MOTOR/tfMRI_MOTOR_hp200_s12_level2.feat/GrayordinatesStats/cope5.feat/pe1.dtseries.nii","2fDWytMs8I.Dju9hVZvT8BilfdQgAEur"
"s3://hcp-openaccess/HCP_1200/506234/MNINonLinear/Results/tfMRI_MOTOR/tfMRI_MOTOR_hp200_s12_level2.feat/GrayordinatesStats/cope5.feat/res4d.dtseries.nii","506234","MNINonLinear//Results/tfMRI_MOTOR/tfMRI_MOTOR_hp200_s12_level2.feat/GrayordinatesStats/cope5.feat/res4d.dtseries.nii","qqEFnd7JHjZSPuPpi5D1fzlgWSXXKaV4"
"s3://hcp-openaccess/HCP_1200/506234/MNINonLinear/Results/tfMRI_MOTOR/tfMRI_MOTOR_hp200_s12_level2.feat/GrayordinatesStats/cope5.feat/tdof_t1.dtseries.nii","506234","MNINonLinear//Results/tfMRI_MOTOR/tfMRI_MOTOR_hp200_s12_level2.feat/GrayordinatesStats/cope5.feat/tdof_t1.dtseries.nii","AqWHMfBjaq7NxNVn5OHp5VlMTm_IYfDB"
"s3://hcp-openaccess/HCP_1200/506234/MNINonLinear/Results/tfMRI_MOTOR/tfMRI_MOTOR_hp200_s12_level2.feat/GrayordinatesStats/cope5.feat/tstat1.dtseries.nii","506234","MNINonLinear//Results/tfMRI_MOTOR/tfMRI_MOTOR_hp200_s12_level2.feat/GrayordinatesStats/cope5.feat/tstat1.dtseries.nii","cYVkpEozuFXppocR5tfxiJwAYqTuvXtr"
"s3://hcp-openaccess/HCP_1200/506234/MNINonLinear/Results/tfMRI_MOTOR/tfMRI_MOTOR_hp200_s12_level2.feat/GrayordinatesStats/cope5.feat/varcope1.dtseries.nii","506234","MNINonLinear//Results/tfMRI_MOTOR/tfMRI_MOTOR_hp200_s12_level2.feat/GrayordinatesStats/cope5.feat/varcope1.dtseries.nii","eIHWV5jsyumozdtBP7cYBA4Wwuybg9zm"
"s3://hcp-openaccess/HCP_1200/506234/MNINonLinear/Results/tfMRI_MOTOR/tfMRI_MOTOR_hp200_s12_level2.feat/GrayordinatesStats/cope5.feat/weights1.dtseries.nii","506234","MNINonLinear//Results/tfMRI_MOTOR/tfMRI_MOTOR_hp200_s12_level2.feat/GrayordinatesStats/cope5.feat/weights1.dtseries.nii","arceVroIIhOgD8IRsTWm8DpLbaEL5DLi"
"s3://hcp-openaccess/HCP_1200/506234/MNINonLinear/Results/tfMRI_MOTOR/tfMRI_MOTOR_hp200_s12_level2.feat/GrayordinatesStats/cope5.feat/zflame1lowertstat1.dtseries.nii","506234","MNINonLinear//Results/tfMRI_MOTOR/tfMRI_MOTOR_hp200_s12_level2.feat/GrayordinatesStats/cope5.feat/zflame1lowertstat1.dtseries.nii","WaITbLTVBm4y5C4.5z9GbkR_oFSIZCwI"
"s3://hcp-openaccess/HCP_1200/506234/MNINonLinear/Results/tfMRI_MOTOR/tfMRI_MOTOR_hp200_s12_level2.feat/GrayordinatesStats/cope5.feat/zflame1uppertstat1.dtseries.nii","506234","MNINonLinear//Results/tfMRI_MOTOR/tfMRI_MOTOR_hp200_s12_level2.feat/GrayordinatesStats/cope5.feat/zflame1uppertstat1.dtseries.nii","NGTZWyYRuJWNk6aH_vtECAVk5idntQ7a"
"s3://hcp-openaccess/HCP_1200/506234/MNINonLinear/Results/tfMRI_MOTOR/tfMRI_MOTOR_hp200_s12_level2.feat/GrayordinatesStats/cope5.feat/zstat1.dtseries.nii","506234","MNINonLinear//Results/tfMRI_MOTOR/tfMRI_MOTOR_hp200_s12_level2.feat/GrayordinatesStats/cope5.feat/zstat1.dtseries.nii","9ca38RYgHACJovkciSrkHeC7DHsOgmCC"
"s3://hcp-openaccess/HCP_1200/506234/MNINonLinear/Results/tfMRI_MOTOR/tfMRI_MOTOR_hp200_s12_level2.feat/GrayordinatesStats/cope6.feat/cope1.dtseries.nii","506234","MNINonLinear//Results/tfMRI_MOTOR/tfMRI_MOTOR_hp200_s12_level2.feat/GrayordinatesStats/cope6.feat/cope1.dtseries.nii","Ao5_VuMkuoerfSHHIfQboiY8RNZdrRE_"
"s3://hcp-openaccess/HCP_1200/506234/MNINonLinear/Results/tfMRI_MOTOR/tfMRI_MOTOR_hp200_s12_level2.feat/GrayordinatesStats/cope6.feat/logfile","506234","MNINonLinear//Results/tfMRI_MOTOR/tfMRI_MOTOR_hp200_s12_level2.feat/GrayordinatesStats/cope6.feat/logfile","zOl3nR65wOUmRM2tyiYheKC0NcRpLu5C"
"s3://hcp-openaccess/HCP_1200/506234/MNINonLinear/Results/tfMRI_MOTOR/tfMRI_MOTOR_hp200_s12_level2.feat/GrayordinatesStats/cope6.feat/mask.dtseries.nii","506234","MNINonLinear//Results/tfMRI_MOTOR/tfMRI_MOTOR_hp200_s12_level2.feat/GrayordinatesStats/cope6.feat/mask.dtseries.nii","Cjz9FO9WmoQKw2D6wa7BQVelwTdrLEwo"
"s3://hcp-openaccess/HCP_1200/506234/MNINonLinear/Results/tfMRI_MOTOR/tfMRI_MOTOR_hp200_s12_level2.feat/GrayordinatesStats/cope6.feat/mean_random_effects_var1.dtseries.nii","506234","MNINonLinear//Results/tfMRI_MOTOR/tfMRI_MOTOR_hp200_s12_level2.feat/GrayordinatesStats/cope6.feat/mean_random_effects_var1.dtseries.nii","4puTGP43lDfqfgyBiRnjVwxJnxAXOXtj"
"s3://hcp-openaccess/HCP_1200/506234/MNINonLinear/Results/tfMRI_MOTOR/tfMRI_MOTOR_hp200_s12_level2.feat/GrayordinatesStats/cope6.feat/pe1.dtseries.nii","506234","MNINonLinear//Results/tfMRI_MOTOR/tfMRI_MOTOR_hp200_s12_level2.feat/GrayordinatesStats/cope6.feat/pe1.dtseries.nii","TYoC_LKlxykSQap7heyaApM3qugqMawo"
"s3://hcp-openaccess/HCP_1200/506234/MNINonLinear/Results/tfMRI_MOTOR/tfMRI_MOTOR_hp200_s12_level2.feat/GrayordinatesStats/cope6.feat/res4d.dtseries.nii","506234","MNINonLinear//Results/tfMRI_MOTOR/tfMRI_MOTOR_hp200_s12_level2.feat/GrayordinatesStats/cope6.feat/res4d.dtseries.nii","cZJjIb513SVdRoRBTfFWPrJr9urJqm0l"
"s3://hcp-openaccess/HCP_1200/506234/MNINonLinear/Results/tfMRI_MOTOR/tfMRI_MOTOR_hp200_s12_level2.feat/GrayordinatesStats/cope6.feat/tdof_t1.dtseries.nii","506234","MNINonLinear//Results/tfMRI_MOTOR/tfMRI_MOTOR_hp200_s12_level2.feat/GrayordinatesStats/cope6.feat/tdof_t1.dtseries.nii","GXRzwtnk1Hu7UmElZMTxIZlIKq_XLtRR"
"s3://hcp-openaccess/HCP_1200/506234/MNINonLinear/Results/tfMRI_MOTOR/tfMRI_MOTOR_hp200_s12_level2.feat/GrayordinatesStats/cope6.feat/tstat1.dtseries.nii","506234","MNINonLinear//Results/tfMRI_MOTOR/tfMRI_MOTOR_hp200_s12_level2.feat/GrayordinatesStats/cope6.feat/tstat1.dtseries.nii","M6r8UANWj4DTLv_1Im_1SDX27TKeiCtQ"
"s3://hcp-openaccess/HCP_1200/506234/MNINonLinear/Results/tfMRI_MOTOR/tfMRI_MOTOR_hp200_s12_level2.feat/GrayordinatesStats/cope6.feat/varcope1.dtseries.nii","506234","MNINonLinear//Results/tfMRI_MOTOR/tfMRI_MOTOR_hp200_s12_level2.feat/GrayordinatesStats/cope6.feat/varcope1.dtseries.nii","BnF.Q2L6p9A8A3U.SsUS6co7MAMLWjqN"
"s3://hcp-openaccess/HCP_1200/506234/MNINonLinear/Results/tfMRI_MOTOR/tfMRI_MOTOR_hp200_s12_level2.feat/GrayordinatesStats/cope6.feat/weights1.dtseries.nii","506234","MNINonLinear//Results/tfMRI_MOTOR/tfMRI_MOTOR_hp200_s12_level2.feat/GrayordinatesStats/cope6.feat/weights1.dtseries.nii","wpyxx9DgzP6xT755hD3Wzk.y.gmhvSz0"
"s3://hcp-openaccess/HCP_1200/506234/MNINonLinear/Results/tfMRI_MOTOR/tfMRI_MOTOR_hp200_s12_level2.feat/GrayordinatesStats/cope6.feat/zflame1lowertstat1.dtseries.nii","506234","MNINonLinear//Results/tfMRI_MOTOR/tfMRI_MOTOR_hp200_s12_level2.feat/GrayordinatesStats/cope6.feat/zflame1lowertstat1.dtseries.nii","SBY9XXFrvgAv9Je9HhMoc3MtMPQEqJSY"
"s3://hcp-openaccess/HCP_1200/506234/MNINonLinear/Results/tfMRI_MOTOR/tfMRI_MOTOR_hp200_s12_level2.feat/GrayordinatesStats/cope6.feat/zflame1uppertstat1.dtseries.nii","506234","MNINonLinear//Results/tfMRI_MOTOR/tfMRI_MOTOR_hp200_s12_level2.feat/GrayordinatesStats/cope6.feat/zflame1uppertstat1.dtseries.nii","uh.p1wprphidasyQii_fce1nPb.9CWeX"
"s3://hcp-openaccess/HCP_1200/506234/MNINonLinear/Results/tfMRI_MOTOR/tfMRI_MOTOR_hp200_s12_level2.feat/GrayordinatesStats/cope6.feat/zstat1.dtseries.nii","506234","MNINonLinear//Results/tfMRI_MOTOR/tfMRI_MOTOR_hp200_s12_level2.feat/GrayordinatesStats/cope6.feat/zstat1.dtseries.nii","1r1mQe.Q5xFAxpTRUvzf_TxWNH8VGZVm"
"s3://hcp-openaccess/HCP_1200/506234/MNINonLinear/Results/tfMRI_MOTOR/tfMRI_MOTOR_hp200_s12_level2.feat/GrayordinatesStats/cope7.feat/cope1.dtseries.nii","506234","MNINonLinear//Results/tfMRI_MOTOR/tfMRI_MOTOR_hp200_s12_level2.feat/GrayordinatesStats/cope7.feat/cope1.dtseries.nii","GloMywRFRXTdXwdYRLSWwsXsCcbfsmZd"
"s3://hcp-openaccess/HCP_1200/506234/MNINonLinear/Results/tfMRI_MOTOR/tfMRI_MOTOR_hp200_s12_level2.feat/GrayordinatesStats/cope7.feat/logfile","506234","MNINonLinear//Results/tfMRI_MOTOR/tfMRI_MOTOR_hp200_s12_level2.feat/GrayordinatesStats/cope7.feat/logfile","apP3m3bNcb3CCV9NjeN_fLZX6zpVO_nZ"
"s3://hcp-openaccess/HCP_1200/506234/MNINonLinear/Results/tfMRI_MOTOR/tfMRI_MOTOR_hp200_s12_level2.feat/GrayordinatesStats/cope7.feat/mask.dtseries.nii","506234","MNINonLinear//Results/tfMRI_MOTOR/tfMRI_MOTOR_hp200_s12_level2.feat/GrayordinatesStats/cope7.feat/mask.dtseries.nii","YWzJjdNf_szkLkrgTs8vQ4T3Eb6pRBao"
"s3://hcp-openaccess/HCP_1200/506234/MNINonLinear/Results/tfMRI_MOTOR/tfMRI_MOTOR_hp200_s12_level2.feat/GrayordinatesStats/cope7.feat/mean_random_effects_var1.dtseries.nii","506234","MNINonLinear//Results/tfMRI_MOTOR/tfMRI_MOTOR_hp200_s12_level2.feat/GrayordinatesStats/cope7.feat/mean_random_effects_var1.dtseries.nii","1gkwW0yh_Cd3Slfo1hfR42hLf4GETLbK"
"s3://hcp-openaccess/HCP_1200/506234/MNINonLinear/Results/tfMRI_MOTOR/tfMRI_MOTOR_hp200_s12_level2.feat/GrayordinatesStats/cope7.feat/pe1.dtseries.nii","506234","MNINonLinear//Results/tfMRI_MOTOR/tfMRI_MOTOR_hp200_s12_level2.feat/GrayordinatesStats/cope7.feat/pe1.dtseries.nii","7hYyK5in4swo.T7pARQ.pFpBhmBvnRpr"
"s3://hcp-openaccess/HCP_1200/506234/MNINonLinear/Results/tfMRI_MOTOR/tfMRI_MOTOR_hp200_s12_level2.feat/GrayordinatesStats/cope7.feat/res4d.dtseries.nii","506234","MNINonLinear//Results/tfMRI_MOTOR/tfMRI_MOTOR_hp200_s12_level2.feat/GrayordinatesStats/cope7.feat/res4d.dtseries.nii","dJLUCfLpkUZ_6Ma7s.IUDSX.5l.gFUi1"
"s3://hcp-openaccess/HCP_1200/506234/MNINonLinear/Results/tfMRI_MOTOR/tfMRI_MOTOR_hp200_s12_level2.feat/GrayordinatesStats/cope7.feat/tdof_t1.dtseries.nii","506234","MNINonLinear//Results/tfMRI_MOTOR/tfMRI_MOTOR_hp200_s12_level2.feat/GrayordinatesStats/cope7.feat/tdof_t1.dtseries.nii","tsN6mqII1S5MK7upNoLRPgfinLZ1wket"
"s3://hcp-openaccess/HCP_1200/506234/MNINonLinear/Results/tfMRI_MOTOR/tfMRI_MOTOR_hp200_s12_level2.feat/GrayordinatesStats/cope7.feat/tstat1.dtseries.nii","506234","MNINonLinear//Results/tfMRI_MOTOR/tfMRI_MOTOR_hp200_s12_level2.feat/GrayordinatesStats/cope7.feat/tstat1.dtseries.nii","RsMfTfm7EyZ8lIz8tcuH4TX3O289eeFZ"
"s3://hcp-openaccess/HCP_1200/506234/MNINonLinear/Results/tfMRI_MOTOR/tfMRI_MOTOR_hp200_s12_level2.feat/GrayordinatesStats/cope7.feat/varcope1.dtseries.nii","506234","MNINonLinear//Results/tfMRI_MOTOR/tfMRI_MOTOR_hp200_s12_level2.feat/GrayordinatesStats/cope7.feat/varcope1.dtseries.nii","Xv3xQ1J0qEk6d7sU6fHQEgfVx6aq8rCb"
"s3://hcp-openaccess/HCP_1200/506234/MNINonLinear/Results/tfMRI_MOTOR/tfMRI_MOTOR_hp200_s12_level2.feat/GrayordinatesStats/cope7.feat/weights1.dtseries.nii","506234","MNINonLinear//Results/tfMRI_MOTOR/tfMRI_MOTOR_hp200_s12_level2.feat/GrayordinatesStats/cope7.feat/weights1.dtseries.nii","gZikLgGYcvN.gQm96NcGcSQiQxiSEZxU"
"s3://hcp-openaccess/HCP_1200/506234/MNINonLinear/Results/tfMRI_MOTOR/tfMRI_MOTOR_hp200_s12_level2.feat/GrayordinatesStats/cope7.feat/zflame1lowertstat1.dtseries.nii","506234","MNINonLinear//Results/tfMRI_MOTOR/tfMRI_MOTOR_hp200_s12_level2.feat/GrayordinatesStats/cope7.feat/zflame1lowertstat1.dtseries.nii","ZQjmUuJpJGlr.pgB9AY.XscHk_tUexzy"
"s3://hcp-openaccess/HCP_1200/506234/MNINonLinear/Results/tfMRI_MOTOR/tfMRI_MOTOR_hp200_s12_level2.feat/GrayordinatesStats/cope7.feat/zflame1uppertstat1.dtseries.nii","506234","MNINonLinear//Results/tfMRI_MOTOR/tfMRI_MOTOR_hp200_s12_level2.feat/GrayordinatesStats/cope7.feat/zflame1uppertstat1.dtseries.nii","Xqqrl2.lEECwcBqLHSRfQtY.8kDYox.2"
"s3://hcp-openaccess/HCP_1200/506234/MNINonLinear/Results/tfMRI_MOTOR/tfMRI_MOTOR_hp200_s12_level2.feat/GrayordinatesStats/cope7.feat/zstat1.dtseries.nii","506234","MNINonLinear//Results/tfMRI_MOTOR/tfMRI_MOTOR_hp200_s12_level2.feat/GrayordinatesStats/cope7.feat/zstat1.dtseries.nii","JLaR6ULnCAQmQ59XbZlsVm8jUTGv_Rcu"
"s3://hcp-openaccess/HCP_1200/506234/MNINonLinear/Results/tfMRI_MOTOR/tfMRI_MOTOR_hp200_s12_level2.feat/GrayordinatesStats/cope8.feat/cope1.dtseries.nii","506234","MNINonLinear//Results/tfMRI_MOTOR/tfMRI_MOTOR_hp200_s12_level2.feat/GrayordinatesStats/cope8.feat/cope1.dtseries.nii","Ga_eQ3MABzjkqPvKI0LMVH.0S9ClNgcX"
"s3://hcp-openaccess/HCP_1200/506234/MNINonLinear/Results/tfMRI_MOTOR/tfMRI_MOTOR_hp200_s12_level2.feat/GrayordinatesStats/cope8.feat/logfile","506234","MNINonLinear//Results/tfMRI_MOTOR/tfMRI_MOTOR_hp200_s12_level2.feat/GrayordinatesStats/cope8.feat/logfile","8ya5F8yOGSHhoLT7JotusWPMAwCKIcRH"
"s3://hcp-openaccess/HCP_1200/506234/MNINonLinear/Results/tfMRI_MOTOR/tfMRI_MOTOR_hp200_s12_level2.feat/GrayordinatesStats/cope8.feat/mask.dtseries.nii","506234","MNINonLinear//Results/tfMRI_MOTOR/tfMRI_MOTOR_hp200_s12_level2.feat/GrayordinatesStats/cope8.feat/mask.dtseries.nii","1Lql1qR7xyorUmcm7isT4LKt.nmDIfAW"
"s3://hcp-openaccess/HCP_1200/506234/MNINonLinear/Results/tfMRI_MOTOR/tfMRI_MOTOR_hp200_s12_level2.feat/GrayordinatesStats/cope8.feat/mean_random_effects_var1.dtseries.nii","506234","MNINonLinear//Results/tfMRI_MOTOR/tfMRI_MOTOR_hp200_s12_level2.feat/GrayordinatesStats/cope8.feat/mean_random_effects_var1.dtseries.nii","Jb12aMfulkhvJQBEDnR_4_EVDc2bKD6x"
"s3://hcp-openaccess/HCP_1200/506234/MNINonLinear/Results/tfMRI_MOTOR/tfMRI_MOTOR_hp200_s12_level2.feat/GrayordinatesStats/cope8.feat/pe1.dtseries.nii","506234","MNINonLinear//Results/tfMRI_MOTOR/tfMRI_MOTOR_hp200_s12_level2.feat/GrayordinatesStats/cope8.feat/pe1.dtseries.nii","Frykoe19qZtIOBwQ1Sh1z.bcd8mPChNz"
"s3://hcp-openaccess/HCP_1200/506234/MNINonLinear/Results/tfMRI_MOTOR/tfMRI_MOTOR_hp200_s12_level2.feat/GrayordinatesStats/cope8.feat/res4d.dtseries.nii","506234","MNINonLinear//Results/tfMRI_MOTOR/tfMRI_MOTOR_hp200_s12_level2.feat/GrayordinatesStats/cope8.feat/res4d.dtseries.nii","hPvk3ju3l0Z2w2Ztp1HJK7k4YOjzt_KB"
"s3://hcp-openaccess/HCP_1200/506234/MNINonLinear/Results/tfMRI_MOTOR/tfMRI_MOTOR_hp200_s12_level2.feat/GrayordinatesStats/cope8.feat/tdof_t1.dtseries.nii","506234","MNINonLinear//Results/tfMRI_MOTOR/tfMRI_MOTOR_hp200_s12_level2.feat/GrayordinatesStats/cope8.feat/tdof_t1.dtseries.nii","IypsCHGunOVFMXdhOpeH1kVysZy3sxJj"
"s3://hcp-openaccess/HCP_1200/506234/MNINonLinear/Results/tfMRI_MOTOR/tfMRI_MOTOR_hp200_s12_level2.feat/GrayordinatesStats/cope8.feat/tstat1.dtseries.nii","506234","MNINonLinear//Results/tfMRI_MOTOR/tfMRI_MOTOR_hp200_s12_level2.feat/GrayordinatesStats/cope8.feat/tstat1.dtseries.nii","htJwj0slxO_RD5ARXQ1SgJcokqTr0.Qs"
"s3://hcp-openaccess/HCP_1200/506234/MNINonLinear/Results/tfMRI_MOTOR/tfMRI_MOTOR_hp200_s12_level2.feat/GrayordinatesStats/cope8.feat/varcope1.dtseries.nii","506234","MNINonLinear//Results/tfMRI_MOTOR/tfMRI_MOTOR_hp200_s12_level2.feat/GrayordinatesStats/cope8.feat/varcope1.dtseries.nii","a7H.3F0rxBLyDZqd9cLfSWgAgFuWMe45"
"s3://hcp-openaccess/HCP_1200/506234/MNINonLinear/Results/tfMRI_MOTOR/tfMRI_MOTOR_hp200_s12_level2.feat/GrayordinatesStats/cope8.feat/weights1.dtseries.nii","506234","MNINonLinear//Results/tfMRI_MOTOR/tfMRI_MOTOR_hp200_s12_level2.feat/GrayordinatesStats/cope8.feat/weights1.dtseries.nii","hQ7NfSq45RBVX1zGP7FyJMnMHj1175YN"
"s3://hcp-openaccess/HCP_1200/506234/MNINonLinear/Results/tfMRI_MOTOR/tfMRI_MOTOR_hp200_s12_level2.feat/GrayordinatesStats/cope8.feat/zflame1lowertstat1.dtseries.nii","506234","MNINonLinear//Results/tfMRI_MOTOR/tfMRI_MOTOR_hp200_s12_level2.feat/GrayordinatesStats/cope8.feat/zflame1lowertstat1.dtseries.nii","vyty.APyaC5JTCr34us2CUzCbvM0LJMD"
"s3://hcp-openaccess/HCP_1200/506234/MNINonLinear/Results/tfMRI_MOTOR/tfMRI_MOTOR_hp200_s12_level2.feat/GrayordinatesStats/cope8.feat/zflame1uppertstat1.dtseries.nii","506234","MNINonLinear//Results/tfMRI_MOTOR/tfMRI_MOTOR_hp200_s12_level2.feat/GrayordinatesStats/cope8.feat/zflame1uppertstat1.dtseries.nii","eGo3YB.IVS.f2rJ8wUBjlxoybDGD6qMZ"
"s3://hcp-openaccess/HCP_1200/506234/MNINonLinear/Results/tfMRI_MOTOR/tfMRI_MOTOR_hp200_s12_level2.feat/GrayordinatesStats/cope8.feat/zstat1.dtseries.nii","506234","MNINonLinear//Results/tfMRI_MOTOR/tfMRI_MOTOR_hp200_s12_level2.feat/GrayordinatesStats/cope8.feat/zstat1.dtseries.nii","tz_ab5cEqPrfaTfforpDfm9mA0Dl5EIf"
"s3://hcp-openaccess/HCP_1200/506234/MNINonLinear/Results/tfMRI_MOTOR/tfMRI_MOTOR_hp200_s12_level2.feat/GrayordinatesStats/cope9.feat/cope1.dtseries.nii","506234","MNINonLinear//Results/tfMRI_MOTOR/tfMRI_MOTOR_hp200_s12_level2.feat/GrayordinatesStats/cope9.feat/cope1.dtseries.nii","nr_vZjojgU1SoQSrgMi6F9Ji8jk9Pdul"
"s3://hcp-openaccess/HCP_1200/506234/MNINonLinear/Results/tfMRI_MOTOR/tfMRI_MOTOR_hp200_s12_level2.feat/GrayordinatesStats/cope9.feat/logfile","506234","MNINonLinear//Results/tfMRI_MOTOR/tfMRI_MOTOR_hp200_s12_level2.feat/GrayordinatesStats/cope9.feat/logfile","tHf0c6PxizFmoiGmlrxHDTlaqEo1Euuc"
"s3://hcp-openaccess/HCP_1200/506234/MNINonLinear/Results/tfMRI_MOTOR/tfMRI_MOTOR_hp200_s12_level2.feat/GrayordinatesStats/cope9.feat/mask.dtseries.nii","506234","MNINonLinear//Results/tfMRI_MOTOR/tfMRI_MOTOR_hp200_s12_level2.feat/GrayordinatesStats/cope9.feat/mask.dtseries.nii",".El4UNBsyZ8EZAyMfKsqUo3gOQlfbltV"
"s3://hcp-openaccess/HCP_1200/506234/MNINonLinear/Results/tfMRI_MOTOR/tfMRI_MOTOR_hp200_s12_level2.feat/GrayordinatesStats/cope9.feat/mean_random_effects_var1.dtseries.nii","506234","MNINonLinear//Results/tfMRI_MOTOR/tfMRI_MOTOR_hp200_s12_level2.feat/GrayordinatesStats/cope9.feat/mean_random_effects_var1.dtseries.nii","op1JkKZPHO33pD1tt2w1HxT2.mwTaGmt"
"s3://hcp-openaccess/HCP_1200/506234/MNINonLinear/Results/tfMRI_MOTOR/tfMRI_MOTOR_hp200_s12_level2.feat/GrayordinatesStats/cope9.feat/pe1.dtseries.nii","506234","MNINonLinear//Results/tfMRI_MOTOR/tfMRI_MOTOR_hp200_s12_level2.feat/GrayordinatesStats/cope9.feat/pe1.dtseries.nii","Aj8_ChFiDs1Y9DFWmQNHh4ZNKWhEh5K6"
"s3://hcp-openaccess/HCP_1200/506234/MNINonLinear/Results/tfMRI_MOTOR/tfMRI_MOTOR_hp200_s12_level2.feat/GrayordinatesStats/cope9.feat/res4d.dtseries.nii","506234","MNINonLinear//Results/tfMRI_MOTOR/tfMRI_MOTOR_hp200_s12_level2.feat/GrayordinatesStats/cope9.feat/res4d.dtseries.nii","qPDoweSi6_O6RGogMJ.3hT32MRn.2KmZ"
"s3://hcp-openaccess/HCP_1200/506234/MNINonLinear/Results/tfMRI_MOTOR/tfMRI_MOTOR_hp200_s12_level2.feat/GrayordinatesStats/cope9.feat/tdof_t1.dtseries.nii","506234","MNINonLinear//Results/tfMRI_MOTOR/tfMRI_MOTOR_hp200_s12_level2.feat/GrayordinatesStats/cope9.feat/tdof_t1.dtseries.nii","TofQpRkKI8Wwbf15wJ79xDZwyvjuiNlC"
"s3://hcp-openaccess/HCP_1200/506234/MNINonLinear/Results/tfMRI_MOTOR/tfMRI_MOTOR_hp200_s12_level2.feat/GrayordinatesStats/cope9.feat/tstat1.dtseries.nii","506234","MNINonLinear//Results/tfMRI_MOTOR/tfMRI_MOTOR_hp200_s12_level2.feat/GrayordinatesStats/cope9.feat/tstat1.dtseries.nii","aRDlyKaoyZE2SpJZ9A5QyGNY6f36MjNi"
"s3://hcp-openaccess/HCP_1200/506234/MNINonLinear/Results/tfMRI_MOTOR/tfMRI_MOTOR_hp200_s12_level2.feat/GrayordinatesStats/cope9.feat/varcope1.dtseries.nii","506234","MNINonLinear//Results/tfMRI_MOTOR/tfMRI_MOTOR_hp200_s12_level2.feat/GrayordinatesStats/cope9.feat/varcope1.dtseries.nii","QJxoWTauUOLYRT9.Yl8olBmiplENqc.s"
"s3://hcp-openaccess/HCP_1200/506234/MNINonLinear/Results/tfMRI_MOTOR/tfMRI_MOTOR_hp200_s12_level2.feat/GrayordinatesStats/cope9.feat/weights1.dtseries.nii","506234","MNINonLinear//Results/tfMRI_MOTOR/tfMRI_MOTOR_hp200_s12_level2.feat/GrayordinatesStats/cope9.feat/weights1.dtseries.nii","vBvPpT6aJ6Y.NDR4tkPUvwYSzRig6Pfl"
"s3://hcp-openaccess/HCP_1200/506234/MNINonLinear/Results/tfMRI_MOTOR/tfMRI_MOTOR_hp200_s12_level2.feat/GrayordinatesStats/cope9.feat/zflame1lowertstat1.dtseries.nii","506234","MNINonLinear//Results/tfMRI_MOTOR/tfMRI_MOTOR_hp200_s12_level2.feat/GrayordinatesStats/cope9.feat/zflame1lowertstat1.dtseries.nii","1W6PUw4bph2GA9Q6DxawQqmyDZKyURkj"
"s3://hcp-openaccess/HCP_1200/506234/MNINonLinear/Results/tfMRI_MOTOR/tfMRI_MOTOR_hp200_s12_level2.feat/GrayordinatesStats/cope9.feat/zflame1uppertstat1.dtseries.nii","506234","MNINonLinear//Results/tfMRI_MOTOR/tfMRI_MOTOR_hp200_s12_level2.feat/GrayordinatesStats/cope9.feat/zflame1uppertstat1.dtseries.nii","Lelxxxx5rsSYWxCWdhB3WcrHVvYmNKM6"
"s3://hcp-openaccess/HCP_1200/506234/MNINonLinear/Results/tfMRI_MOTOR/tfMRI_MOTOR_hp200_s12_level2.feat/GrayordinatesStats/cope9.feat/zstat1.dtseries.nii","506234","MNINonLinear//Results/tfMRI_MOTOR/tfMRI_MOTOR_hp200_s12_level2.feat/GrayordinatesStats/cope9.feat/zstat1.dtseries.nii","Ip.a.FlYPLnmWGtleNk40aQwPtN81PJk"
"s3://hcp-openaccess/HCP_1200/506234/MNINonLinear/Results/tfMRI_MOTOR/tfMRI_MOTOR_hp200_s12_level2.feat/design.con","506234","MNINonLinear//Results/tfMRI_MOTOR/tfMRI_MOTOR_hp200_s12_level2.feat/design.con","9F8jgJbclTmsY33._h96X9Ot0dfHTBcH"
"s3://hcp-openaccess/HCP_1200/506234/MNINonLinear/Results/tfMRI_MOTOR/tfMRI_MOTOR_hp200_s12_level2.feat/design.fsf","506234","MNINonLinear//Results/tfMRI_MOTOR/tfMRI_MOTOR_hp200_s12_level2.feat/design.fsf","qNMqxx4FiqV5oXtqBHxn8HwtG7kffiEc"
"s3://hcp-openaccess/HCP_1200/506234/MNINonLinear/Results/tfMRI_MOTOR/tfMRI_MOTOR_hp200_s12_level2.feat/design.grp","506234","MNINonLinear//Results/tfMRI_MOTOR/tfMRI_MOTOR_hp200_s12_level2.feat/design.grp","0U.NU6DA_SfOuiwnO1t.YCsgbVkajCLE"
"s3://hcp-openaccess/HCP_1200/506234/MNINonLinear/Results/tfMRI_MOTOR/tfMRI_MOTOR_hp200_s12_level2.feat/design.mat","506234","MNINonLinear//Results/tfMRI_MOTOR/tfMRI_MOTOR_hp200_s12_level2.feat/design.mat","N6gRyFjJ6MSTyWVGHxpbAK55cSB1M_HA"
"s3://hcp-openaccess/HCP_1200/506234/MNINonLinear/Results/tfMRI_MOTOR/tfMRI_MOTOR_hp200_s12_level2.feat/design.png","506234","MNINonLinear//Results/tfMRI_MOTOR/tfMRI_MOTOR_hp200_s12_level2.feat/design.png","lJC_BTYX_qr_bKi36ota.9smQU4iorUr"
"s3://hcp-openaccess/HCP_1200/506234/MNINonLinear/Results/tfMRI_MOTOR/tfMRI_MOTOR_hp200_s12_level2.feat/design.ppm","506234","MNINonLinear//Results/tfMRI_MOTOR/tfMRI_MOTOR_hp200_s12_level2.feat/design.ppm","Xwp0sdAjHpeT7WUjOx2o5P0JjbEQKYWh"
"s3://hcp-openaccess/HCP_1200/506234/MNINonLinear/Results/tfMRI_MOTOR/tfMRI_MOTOR_hp200_s12_level2.feat/design_cov.png","506234","MNINonLinear//Results/tfMRI_MOTOR/tfMRI_MOTOR_hp200_s12_level2.feat/design_cov.png","1J7SLY4.mwQ9iursx8aHkwl3pD5Cl7Mj"
"s3://hcp-openaccess/HCP_1200/506234/MNINonLinear/Results/tfMRI_MOTOR/tfMRI_MOTOR_hp200_s12_level2.feat/design_cov.ppm","506234","MNINonLinear//Results/tfMRI_MOTOR/tfMRI_MOTOR_hp200_s12_level2.feat/design_cov.ppm","yXdSDLTmpZtSjQRY3aPZoNQcazemL.Mu"
"s3://hcp-openaccess/HCP_1200/506234/MNINonLinear/Results/tfMRI_MOTOR/tfMRI_MOTOR_hp200_s2_level2.feat/506234_tfMRI_MOTOR_level2_hp200_s2.dscalar.nii","506234","MNINonLinear//Results/tfMRI_MOTOR/tfMRI_MOTOR_hp200_s2_level2.feat/506234_tfMRI_MOTOR_level2_hp200_s2.dscalar.nii","0yify4oPQJ6oS.9M2rDLPfDCa_u4P27T"
"s3://hcp-openaccess/HCP_1200/506234/MNINonLinear/Results/tfMRI_MOTOR/tfMRI_MOTOR_hp200_s2_level2.feat/Contrasts.txt","506234","MNINonLinear//Results/tfMRI_MOTOR/tfMRI_MOTOR_hp200_s2_level2.feat/Contrasts.txt","zyKq73RL2xsmMQ10wu.V3HxZsPtckXRm"
"s3://hcp-openaccess/HCP_1200/506234/MNINonLinear/Results/tfMRI_MOTOR/tfMRI_MOTOR_hp200_s2_level2.feat/GrayordinatesStats/cope1.feat/cope1.dtseries.nii","506234","MNINonLinear//Results/tfMRI_MOTOR/tfMRI_MOTOR_hp200_s2_level2.feat/GrayordinatesStats/cope1.feat/cope1.dtseries.nii","Gy1wVppj_oJmCioNh_OBtMuq7MOPU8Gd"
"s3://hcp-openaccess/HCP_1200/506234/MNINonLinear/Results/tfMRI_MOTOR/tfMRI_MOTOR_hp200_s2_level2.feat/GrayordinatesStats/cope1.feat/logfile","506234","MNINonLinear//Results/tfMRI_MOTOR/tfMRI_MOTOR_hp200_s2_level2.feat/GrayordinatesStats/cope1.feat/logfile","ywZ49jcvz9jeEXhQbtLXgQ42EO2ZN7fU"
"s3://hcp-openaccess/HCP_1200/506234/MNINonLinear/Results/tfMRI_MOTOR/tfMRI_MOTOR_hp200_s2_level2.feat/GrayordinatesStats/cope1.feat/mask.dtseries.nii","506234","MNINonLinear//Results/tfMRI_MOTOR/tfMRI_MOTOR_hp200_s2_level2.feat/GrayordinatesStats/cope1.feat/mask.dtseries.nii","0C4605V53VWpbcP_qDuIrQLZx9UDDy_g"
"s3://hcp-openaccess/HCP_1200/506234/MNINonLinear/Results/tfMRI_MOTOR/tfMRI_MOTOR_hp200_s2_level2.feat/GrayordinatesStats/cope1.feat/mean_random_effects_var1.dtseries.nii","506234","MNINonLinear//Results/tfMRI_MOTOR/tfMRI_MOTOR_hp200_s2_level2.feat/GrayordinatesStats/cope1.feat/mean_random_effects_var1.dtseries.nii","n81PuSKkj3o9qNk46UNt38_DvsYav.GY"
"s3://hcp-openaccess/HCP_1200/506234/MNINonLinear/Results/tfMRI_MOTOR/tfMRI_MOTOR_hp200_s2_level2.feat/GrayordinatesStats/cope1.feat/pe1.dtseries.nii","506234","MNINonLinear//Results/tfMRI_MOTOR/tfMRI_MOTOR_hp200_s2_level2.feat/GrayordinatesStats/cope1.feat/pe1.dtseries.nii","dVrqqD_o3gQNDVDq0wfDI0GFVvYGh3bY"
"s3://hcp-openaccess/HCP_1200/506234/MNINonLinear/Results/tfMRI_MOTOR/tfMRI_MOTOR_hp200_s2_level2.feat/GrayordinatesStats/cope1.feat/res4d.dtseries.nii","506234","MNINonLinear//Results/tfMRI_MOTOR/tfMRI_MOTOR_hp200_s2_level2.feat/GrayordinatesStats/cope1.feat/res4d.dtseries.nii","D3hUT9cpzfRco45B0LZMCVLGKstZbRzZ"
"s3://hcp-openaccess/HCP_1200/506234/MNINonLinear/Results/tfMRI_MOTOR/tfMRI_MOTOR_hp200_s2_level2.feat/GrayordinatesStats/cope1.feat/tdof_t1.dtseries.nii","506234","MNINonLinear//Results/tfMRI_MOTOR/tfMRI_MOTOR_hp200_s2_level2.feat/GrayordinatesStats/cope1.feat/tdof_t1.dtseries.nii","P4.rYMkaFNp8M.J3V7k7uWeKvwZ3TZIZ"
"s3://hcp-openaccess/HCP_1200/506234/MNINonLinear/Results/tfMRI_MOTOR/tfMRI_MOTOR_hp200_s2_level2.feat/GrayordinatesStats/cope1.feat/tstat1.dtseries.nii","506234","MNINonLinear//Results/tfMRI_MOTOR/tfMRI_MOTOR_hp200_s2_level2.feat/GrayordinatesStats/cope1.feat/tstat1.dtseries.nii","AxTkRCV79Nf6anNX.oYsGq_Qt26ylYuM"
"s3://hcp-openaccess/HCP_1200/506234/MNINonLinear/Results/tfMRI_MOTOR/tfMRI_MOTOR_hp200_s2_level2.feat/GrayordinatesStats/cope1.feat/varcope1.dtseries.nii","506234","MNINonLinear//Results/tfMRI_MOTOR/tfMRI_MOTOR_hp200_s2_level2.feat/GrayordinatesStats/cope1.feat/varcope1.dtseries.nii","jZgzwW2ZnMnG6j0C6MmD6h1igltyf9_1"
"s3://hcp-openaccess/HCP_1200/506234/MNINonLinear/Results/tfMRI_MOTOR/tfMRI_MOTOR_hp200_s2_level2.feat/GrayordinatesStats/cope1.feat/weights1.dtseries.nii","506234","MNINonLinear//Results/tfMRI_MOTOR/tfMRI_MOTOR_hp200_s2_level2.feat/GrayordinatesStats/cope1.feat/weights1.dtseries.nii","xu83EsIDPAHsdAab1FlE_a9HM3xI7cIL"
"s3://hcp-openaccess/HCP_1200/506234/MNINonLinear/Results/tfMRI_MOTOR/tfMRI_MOTOR_hp200_s2_level2.feat/GrayordinatesStats/cope1.feat/zflame1lowertstat1.dtseries.nii","506234","MNINonLinear//Results/tfMRI_MOTOR/tfMRI_MOTOR_hp200_s2_level2.feat/GrayordinatesStats/cope1.feat/zflame1lowertstat1.dtseries.nii","Y8mnBDnra2kwraDh1cz9BPUaXmwr66O."
"s3://hcp-openaccess/HCP_1200/506234/MNINonLinear/Results/tfMRI_MOTOR/tfMRI_MOTOR_hp200_s2_level2.feat/GrayordinatesStats/cope1.feat/zflame1uppertstat1.dtseries.nii","506234","MNINonLinear//Results/tfMRI_MOTOR/tfMRI_MOTOR_hp200_s2_level2.feat/GrayordinatesStats/cope1.feat/zflame1uppertstat1.dtseries.nii","MmjOsih5T_dqxVBBzPUzMKOR7hqQU3dw"
"s3://hcp-openaccess/HCP_1200/506234/MNINonLinear/Results/tfMRI_MOTOR/tfMRI_MOTOR_hp200_s2_level2.feat/GrayordinatesStats/cope1.feat/zstat1.dtseries.nii","506234","MNINonLinear//Results/tfMRI_MOTOR/tfMRI_MOTOR_hp200_s2_level2.feat/GrayordinatesStats/cope1.feat/zstat1.dtseries.nii","u12R3rFIzamXmk5em3JplUxIPU52ek_q"
"s3://hcp-openaccess/HCP_1200/506234/MNINonLinear/Results/tfMRI_MOTOR/tfMRI_MOTOR_hp200_s2_level2.feat/GrayordinatesStats/cope10.feat/cope1.dtseries.nii","506234","MNINonLinear//Results/tfMRI_MOTOR/tfMRI_MOTOR_hp200_s2_level2.feat/GrayordinatesStats/cope10.feat/cope1.dtseries.nii","QBBmHK0WKC_Zlq6EMKjU4PWWNS2g3So3"
"s3://hcp-openaccess/HCP_1200/506234/MNINonLinear/Results/tfMRI_MOTOR/tfMRI_MOTOR_hp200_s2_level2.feat/GrayordinatesStats/cope10.feat/logfile","506234","MNINonLinear//Results/tfMRI_MOTOR/tfMRI_MOTOR_hp200_s2_level2.feat/GrayordinatesStats/cope10.feat/logfile","MgxzNUcdkfbQ.m_j3.KYx._KbWbUBOt9"
"s3://hcp-openaccess/HCP_1200/506234/MNINonLinear/Results/tfMRI_MOTOR/tfMRI_MOTOR_hp200_s2_level2.feat/GrayordinatesStats/cope10.feat/mask.dtseries.nii","506234","MNINonLinear//Results/tfMRI_MOTOR/tfMRI_MOTOR_hp200_s2_level2.feat/GrayordinatesStats/cope10.feat/mask.dtseries.nii","rZMyp31v2BhizJfjXrMmZ9PpcoL_FLH0"
"s3://hcp-openaccess/HCP_1200/506234/MNINonLinear/Results/tfMRI_MOTOR/tfMRI_MOTOR_hp200_s2_level2.feat/GrayordinatesStats/cope10.feat/mean_random_effects_var1.dtseries.nii","506234","MNINonLinear//Results/tfMRI_MOTOR/tfMRI_MOTOR_hp200_s2_level2.feat/GrayordinatesStats/cope10.feat/mean_random_effects_var1.dtseries.nii","3xHR_9T6_61Bl1MnPMeKEz816D0UPI4X"
"s3://hcp-openaccess/HCP_1200/506234/MNINonLinear/Results/tfMRI_MOTOR/tfMRI_MOTOR_hp200_s2_level2.feat/GrayordinatesStats/cope10.feat/pe1.dtseries.nii","506234","MNINonLinear//Results/tfMRI_MOTOR/tfMRI_MOTOR_hp200_s2_level2.feat/GrayordinatesStats/cope10.feat/pe1.dtseries.nii","4RG4Vla7uO2EGMp2Dcbjf60F5UiEGm1l"
"s3://hcp-openaccess/HCP_1200/506234/MNINonLinear/Results/tfMRI_MOTOR/tfMRI_MOTOR_hp200_s2_level2.feat/GrayordinatesStats/cope10.feat/res4d.dtseries.nii","506234","MNINonLinear//Results/tfMRI_MOTOR/tfMRI_MOTOR_hp200_s2_level2.feat/GrayordinatesStats/cope10.feat/res4d.dtseries.nii","Fo6gg.0B060oRwjh5p49PcenSJcDbegF"
"s3://hcp-openaccess/HCP_1200/506234/MNINonLinear/Results/tfMRI_MOTOR/tfMRI_MOTOR_hp200_s2_level2.feat/GrayordinatesStats/cope10.feat/tdof_t1.dtseries.nii","506234","MNINonLinear//Results/tfMRI_MOTOR/tfMRI_MOTOR_hp200_s2_level2.feat/GrayordinatesStats/cope10.feat/tdof_t1.dtseries.nii","m7cA1ry8lB8zIAMSLYXYy8BVAgc4C9O8"
"s3://hcp-openaccess/HCP_1200/506234/MNINonLinear/Results/tfMRI_MOTOR/tfMRI_MOTOR_hp200_s2_level2.feat/GrayordinatesStats/cope10.feat/tstat1.dtseries.nii","506234","MNINonLinear//Results/tfMRI_MOTOR/tfMRI_MOTOR_hp200_s2_level2.feat/GrayordinatesStats/cope10.feat/tstat1.dtseries.nii","vgNsfhhUjAs6y.wognIelQ1J7exUNLhe"
"s3://hcp-openaccess/HCP_1200/506234/MNINonLinear/Results/tfMRI_MOTOR/tfMRI_MOTOR_hp200_s2_level2.feat/GrayordinatesStats/cope10.feat/varcope1.dtseries.nii","506234","MNINonLinear//Results/tfMRI_MOTOR/tfMRI_MOTOR_hp200_s2_level2.feat/GrayordinatesStats/cope10.feat/varcope1.dtseries.nii","AZL6maHZqL3cUIcV.ORW6l6v_OnvzKNI"
"s3://hcp-openaccess/HCP_1200/506234/MNINonLinear/Results/tfMRI_MOTOR/tfMRI_MOTOR_hp200_s2_level2.feat/GrayordinatesStats/cope10.feat/weights1.dtseries.nii","506234","MNINonLinear//Results/tfMRI_MOTOR/tfMRI_MOTOR_hp200_s2_level2.feat/GrayordinatesStats/cope10.feat/weights1.dtseries.nii","ac8SkqN1spHSfPcYWObECijmLKjIcedl"
"s3://hcp-openaccess/HCP_1200/506234/MNINonLinear/Results/tfMRI_MOTOR/tfMRI_MOTOR_hp200_s2_level2.feat/GrayordinatesStats/cope10.feat/zflame1lowertstat1.dtseries.nii","506234","MNINonLinear//Results/tfMRI_MOTOR/tfMRI_MOTOR_hp200_s2_level2.feat/GrayordinatesStats/cope10.feat/zflame1lowertstat1.dtseries.nii","vWe15Jg4FS1sWXmxhbuYzKMxDixT3FtJ"
"s3://hcp-openaccess/HCP_1200/506234/MNINonLinear/Results/tfMRI_MOTOR/tfMRI_MOTOR_hp200_s2_level2.feat/GrayordinatesStats/cope10.feat/zflame1uppertstat1.dtseries.nii","506234","MNINonLinear//Results/tfMRI_MOTOR/tfMRI_MOTOR_hp200_s2_level2.feat/GrayordinatesStats/cope10.feat/zflame1uppertstat1.dtseries.nii","HtL.D9SPr3ih44XsVnTW1Vnv7a8Wei7j"
"s3://hcp-openaccess/HCP_1200/506234/MNINonLinear/Results/tfMRI_MOTOR/tfMRI_MOTOR_hp200_s2_level2.feat/GrayordinatesStats/cope10.feat/zstat1.dtseries.nii","506234","MNINonLinear//Results/tfMRI_MOTOR/tfMRI_MOTOR_hp200_s2_level2.feat/GrayordinatesStats/cope10.feat/zstat1.dtseries.nii","xcp3eFnvuN2YJ0vxXtk3Imw_TR2uWL1S"
"s3://hcp-openaccess/HCP_1200/506234/MNINonLinear/Results/tfMRI_MOTOR/tfMRI_MOTOR_hp200_s2_level2.feat/GrayordinatesStats/cope11.feat/cope1.dtseries.nii","506234","MNINonLinear//Results/tfMRI_MOTOR/tfMRI_MOTOR_hp200_s2_level2.feat/GrayordinatesStats/cope11.feat/cope1.dtseries.nii","e.toDyLAJCfX0sn1mJvsSyCRBFGUzySZ"
"s3://hcp-openaccess/HCP_1200/506234/MNINonLinear/Results/tfMRI_MOTOR/tfMRI_MOTOR_hp200_s2_level2.feat/GrayordinatesStats/cope11.feat/logfile","506234","MNINonLinear//Results/tfMRI_MOTOR/tfMRI_MOTOR_hp200_s2_level2.feat/GrayordinatesStats/cope11.feat/logfile","ADx5nQxCLSGhFnAKJC19GXZriTByxSUg"
"s3://hcp-openaccess/HCP_1200/506234/MNINonLinear/Results/tfMRI_MOTOR/tfMRI_MOTOR_hp200_s2_level2.feat/GrayordinatesStats/cope11.feat/mask.dtseries.nii","506234","MNINonLinear//Results/tfMRI_MOTOR/tfMRI_MOTOR_hp200_s2_level2.feat/GrayordinatesStats/cope11.feat/mask.dtseries.nii","uVIrD0lJRYpoU.nUY3p_NLYUNLUTpBmA"
"s3://hcp-openaccess/HCP_1200/506234/MNINonLinear/Results/tfMRI_MOTOR/tfMRI_MOTOR_hp200_s2_level2.feat/GrayordinatesStats/cope11.feat/mean_random_effects_var1.dtseries.nii","506234","MNINonLinear//Results/tfMRI_MOTOR/tfMRI_MOTOR_hp200_s2_level2.feat/GrayordinatesStats/cope11.feat/mean_random_effects_var1.dtseries.nii","MPa9tBoFPwuRDR2ifHe9gM6HL1S7S1.f"
"s3://hcp-openaccess/HCP_1200/506234/MNINonLinear/Results/tfMRI_MOTOR/tfMRI_MOTOR_hp200_s2_level2.feat/GrayordinatesStats/cope11.feat/pe1.dtseries.nii","506234","MNINonLinear//Results/tfMRI_MOTOR/tfMRI_MOTOR_hp200_s2_level2.feat/GrayordinatesStats/cope11.feat/pe1.dtseries.nii","I2odxiMiHXG1ObpdXX2N0Vn.bB0.L8D2"
"s3://hcp-openaccess/HCP_1200/506234/MNINonLinear/Results/tfMRI_MOTOR/tfMRI_MOTOR_hp200_s2_level2.feat/GrayordinatesStats/cope11.feat/res4d.dtseries.nii","506234","MNINonLinear//Results/tfMRI_MOTOR/tfMRI_MOTOR_hp200_s2_level2.feat/GrayordinatesStats/cope11.feat/res4d.dtseries.nii","1uUwOA2bZuuCT8LZpICnKvtkXfGKVOpY"
"s3://hcp-openaccess/HCP_1200/506234/MNINonLinear/Results/tfMRI_MOTOR/tfMRI_MOTOR_hp200_s2_level2.feat/GrayordinatesStats/cope11.feat/tdof_t1.dtseries.nii","506234","MNINonLinear//Results/tfMRI_MOTOR/tfMRI_MOTOR_hp200_s2_level2.feat/GrayordinatesStats/cope11.feat/tdof_t1.dtseries.nii","Kf9O.YfwEGwW7ENbixWq6SLOAiilua2T"
"s3://hcp-openaccess/HCP_1200/506234/MNINonLinear/Results/tfMRI_MOTOR/tfMRI_MOTOR_hp200_s2_level2.feat/GrayordinatesStats/cope11.feat/tstat1.dtseries.nii","506234","MNINonLinear//Results/tfMRI_MOTOR/tfMRI_MOTOR_hp200_s2_level2.feat/GrayordinatesStats/cope11.feat/tstat1.dtseries.nii","xV5w2L_8dTIwlT9TM_O8IzDJVf9pSy.U"
"s3://hcp-openaccess/HCP_1200/506234/MNINonLinear/Results/tfMRI_MOTOR/tfMRI_MOTOR_hp200_s2_level2.feat/GrayordinatesStats/cope11.feat/varcope1.dtseries.nii","506234","MNINonLinear//Results/tfMRI_MOTOR/tfMRI_MOTOR_hp200_s2_level2.feat/GrayordinatesStats/cope11.feat/varcope1.dtseries.nii","wdVqNhCHIdD4yOc3A6l8LItCkG8t5kL5"
"s3://hcp-openaccess/HCP_1200/506234/MNINonLinear/Results/tfMRI_MOTOR/tfMRI_MOTOR_hp200_s2_level2.feat/GrayordinatesStats/cope11.feat/weights1.dtseries.nii","506234","MNINonLinear//Results/tfMRI_MOTOR/tfMRI_MOTOR_hp200_s2_level2.feat/GrayordinatesStats/cope11.feat/weights1.dtseries.nii","Tff4Qi7kpq9_UZTuWLnfydYjtGJfm1ao"
"s3://hcp-openaccess/HCP_1200/506234/MNINonLinear/Results/tfMRI_MOTOR/tfMRI_MOTOR_hp200_s2_level2.feat/GrayordinatesStats/cope11.feat/zflame1lowertstat1.dtseries.nii","506234","MNINonLinear//Results/tfMRI_MOTOR/tfMRI_MOTOR_hp200_s2_level2.feat/GrayordinatesStats/cope11.feat/zflame1lowertstat1.dtseries.nii","QorchiOtm_5M5IpdE3CMtaa1MBOcn6A0"
"s3://hcp-openaccess/HCP_1200/506234/MNINonLinear/Results/tfMRI_MOTOR/tfMRI_MOTOR_hp200_s2_level2.feat/GrayordinatesStats/cope11.feat/zflame1uppertstat1.dtseries.nii","506234","MNINonLinear//Results/tfMRI_MOTOR/tfMRI_MOTOR_hp200_s2_level2.feat/GrayordinatesStats/cope11.feat/zflame1uppertstat1.dtseries.nii","EtQ14p67WT5WKfUsoHlw3rlJc4SLnHRv"
"s3://hcp-openaccess/HCP_1200/506234/MNINonLinear/Results/tfMRI_MOTOR/tfMRI_MOTOR_hp200_s2_level2.feat/GrayordinatesStats/cope11.feat/zstat1.dtseries.nii","506234","MNINonLinear//Results/tfMRI_MOTOR/tfMRI_MOTOR_hp200_s2_level2.feat/GrayordinatesStats/cope11.feat/zstat1.dtseries.nii","4waz6rSx9ZaphqQBIDStU6.aI_OdNqfj"
"s3://hcp-openaccess/HCP_1200/506234/MNINonLinear/Results/tfMRI_MOTOR/tfMRI_MOTOR_hp200_s2_level2.feat/GrayordinatesStats/cope12.feat/cope1.dtseries.nii","506234","MNINonLinear//Results/tfMRI_MOTOR/tfMRI_MOTOR_hp200_s2_level2.feat/GrayordinatesStats/cope12.feat/cope1.dtseries.nii","UAxYYYD299DN8JCpUfK3GMSdM36CLRxT"
"s3://hcp-openaccess/HCP_1200/506234/MNINonLinear/Results/tfMRI_MOTOR/tfMRI_MOTOR_hp200_s2_level2.feat/GrayordinatesStats/cope12.feat/logfile","506234","MNINonLinear//Results/tfMRI_MOTOR/tfMRI_MOTOR_hp200_s2_level2.feat/GrayordinatesStats/cope12.feat/logfile","ti4bsJNWgOXesdkoyayM.mLnx336u4dE"
"s3://hcp-openaccess/HCP_1200/506234/MNINonLinear/Results/tfMRI_MOTOR/tfMRI_MOTOR_hp200_s2_level2.feat/GrayordinatesStats/cope12.feat/mask.dtseries.nii","506234","MNINonLinear//Results/tfMRI_MOTOR/tfMRI_MOTOR_hp200_s2_level2.feat/GrayordinatesStats/cope12.feat/mask.dtseries.nii","iivQiW78sLU_yN7K5DZO_rXMvQZeueYM"
"s3://hcp-openaccess/HCP_1200/506234/MNINonLinear/Results/tfMRI_MOTOR/tfMRI_MOTOR_hp200_s2_level2.feat/GrayordinatesStats/cope12.feat/mean_random_effects_var1.dtseries.nii","506234","MNINonLinear//Results/tfMRI_MOTOR/tfMRI_MOTOR_hp200_s2_level2.feat/GrayordinatesStats/cope12.feat/mean_random_effects_var1.dtseries.nii","cixGH.FUX17C9gFUEcA2jb26NwEt0OIu"
"s3://hcp-openaccess/HCP_1200/506234/MNINonLinear/Results/tfMRI_MOTOR/tfMRI_MOTOR_hp200_s2_level2.feat/GrayordinatesStats/cope12.feat/pe1.dtseries.nii","506234","MNINonLinear//Results/tfMRI_MOTOR/tfMRI_MOTOR_hp200_s2_level2.feat/GrayordinatesStats/cope12.feat/pe1.dtseries.nii","S55UNalj16dHNr0fWbmyLat.XmdP.HpT"
"s3://hcp-openaccess/HCP_1200/506234/MNINonLinear/Results/tfMRI_MOTOR/tfMRI_MOTOR_hp200_s2_level2.feat/GrayordinatesStats/cope12.feat/res4d.dtseries.nii","506234","MNINonLinear//Results/tfMRI_MOTOR/tfMRI_MOTOR_hp200_s2_level2.feat/GrayordinatesStats/cope12.feat/res4d.dtseries.nii","FWISRdJA4RSDyBx3XiQtKcuDUcZX3uQw"
"s3://hcp-openaccess/HCP_1200/506234/MNINonLinear/Results/tfMRI_MOTOR/tfMRI_MOTOR_hp200_s2_level2.feat/GrayordinatesStats/cope12.feat/tdof_t1.dtseries.nii","506234","MNINonLinear//Results/tfMRI_MOTOR/tfMRI_MOTOR_hp200_s2_level2.feat/GrayordinatesStats/cope12.feat/tdof_t1.dtseries.nii","UcPFuQSK84bh77GkJ5NJUOqc11EpTnE8"
"s3://hcp-openaccess/HCP_1200/506234/MNINonLinear/Results/tfMRI_MOTOR/tfMRI_MOTOR_hp200_s2_level2.feat/GrayordinatesStats/cope12.feat/tstat1.dtseries.nii","506234","MNINonLinear//Results/tfMRI_MOTOR/tfMRI_MOTOR_hp200_s2_level2.feat/GrayordinatesStats/cope12.feat/tstat1.dtseries.nii","zaZmRvxH6nSVvEfzbSy535iOWSn1YbZG"
"s3://hcp-openaccess/HCP_1200/506234/MNINonLinear/Results/tfMRI_MOTOR/tfMRI_MOTOR_hp200_s2_level2.feat/GrayordinatesStats/cope12.feat/varcope1.dtseries.nii","506234","MNINonLinear//Results/tfMRI_MOTOR/tfMRI_MOTOR_hp200_s2_level2.feat/GrayordinatesStats/cope12.feat/varcope1.dtseries.nii","VYXDhOTFTWU7WjuetIrCBavmEuPyVCsq"
"s3://hcp-openaccess/HCP_1200/506234/MNINonLinear/Results/tfMRI_MOTOR/tfMRI_MOTOR_hp200_s2_level2.feat/GrayordinatesStats/cope12.feat/weights1.dtseries.nii","506234","MNINonLinear//Results/tfMRI_MOTOR/tfMRI_MOTOR_hp200_s2_level2.feat/GrayordinatesStats/cope12.feat/weights1.dtseries.nii","ikNS_xZno8hdSQ_K7XklgFRVUDgHMX8C"
"s3://hcp-openaccess/HCP_1200/506234/MNINonLinear/Results/tfMRI_MOTOR/tfMRI_MOTOR_hp200_s2_level2.feat/GrayordinatesStats/cope12.feat/zflame1lowertstat1.dtseries.nii","506234","MNINonLinear//Results/tfMRI_MOTOR/tfMRI_MOTOR_hp200_s2_level2.feat/GrayordinatesStats/cope12.feat/zflame1lowertstat1.dtseries.nii","GRVEFjucGoQuIwdVhFkWpdPAXjLCT7Lf"
"s3://hcp-openaccess/HCP_1200/506234/MNINonLinear/Results/tfMRI_MOTOR/tfMRI_MOTOR_hp200_s2_level2.feat/GrayordinatesStats/cope12.feat/zflame1uppertstat1.dtseries.nii","506234","MNINonLinear//Results/tfMRI_MOTOR/tfMRI_MOTOR_hp200_s2_level2.feat/GrayordinatesStats/cope12.feat/zflame1uppertstat1.dtseries.nii","Fe5fXHB_55deBA2vNeBwJ19gj9PNLjNM"
"s3://hcp-openaccess/HCP_1200/506234/MNINonLinear/Results/tfMRI_MOTOR/tfMRI_MOTOR_hp200_s2_level2.feat/GrayordinatesStats/cope12.feat/zstat1.dtseries.nii","506234","MNINonLinear//Results/tfMRI_MOTOR/tfMRI_MOTOR_hp200_s2_level2.feat/GrayordinatesStats/cope12.feat/zstat1.dtseries.nii","HC1.e4th37HbHRcXI42qvyc3ZtAxDRvP"
"s3://hcp-openaccess/HCP_1200/506234/MNINonLinear/Results/tfMRI_MOTOR/tfMRI_MOTOR_hp200_s2_level2.feat/GrayordinatesStats/cope13.feat/cope1.dtseries.nii","506234","MNINonLinear//Results/tfMRI_MOTOR/tfMRI_MOTOR_hp200_s2_level2.feat/GrayordinatesStats/cope13.feat/cope1.dtseries.nii","GVLk_U_zU40Zkmt4yIulYPrm5zFTEamt"
"s3://hcp-openaccess/HCP_1200/506234/MNINonLinear/Results/tfMRI_MOTOR/tfMRI_MOTOR_hp200_s2_level2.feat/GrayordinatesStats/cope13.feat/logfile","506234","MNINonLinear//Results/tfMRI_MOTOR/tfMRI_MOTOR_hp200_s2_level2.feat/GrayordinatesStats/cope13.feat/logfile","YEKxQV9cHen6.WtCpowlysFjWc5V7XWw"
"s3://hcp-openaccess/HCP_1200/506234/MNINonLinear/Results/tfMRI_MOTOR/tfMRI_MOTOR_hp200_s2_level2.feat/GrayordinatesStats/cope13.feat/mask.dtseries.nii","506234","MNINonLinear//Results/tfMRI_MOTOR/tfMRI_MOTOR_hp200_s2_level2.feat/GrayordinatesStats/cope13.feat/mask.dtseries.nii","8dOQ.UVNKHo9WwmqM.RCKjpFvlnhJVW4"
"s3://hcp-openaccess/HCP_1200/506234/MNINonLinear/Results/tfMRI_MOTOR/tfMRI_MOTOR_hp200_s2_level2.feat/GrayordinatesStats/cope13.feat/mean_random_effects_var1.dtseries.nii","506234","MNINonLinear//Results/tfMRI_MOTOR/tfMRI_MOTOR_hp200_s2_level2.feat/GrayordinatesStats/cope13.feat/mean_random_effects_var1.dtseries.nii","NxHRielP_dNs7xWxBVU_5KTreFCN94E5"
"s3://hcp-openaccess/HCP_1200/506234/MNINonLinear/Results/tfMRI_MOTOR/tfMRI_MOTOR_hp200_s2_level2.feat/GrayordinatesStats/cope13.feat/pe1.dtseries.nii","506234","MNINonLinear//Results/tfMRI_MOTOR/tfMRI_MOTOR_hp200_s2_level2.feat/GrayordinatesStats/cope13.feat/pe1.dtseries.nii","vds3bAZ_mrvNFU9TcJOk_VNTCGSyiKA0"
"s3://hcp-openaccess/HCP_1200/506234/MNINonLinear/Results/tfMRI_MOTOR/tfMRI_MOTOR_hp200_s2_level2.feat/GrayordinatesStats/cope13.feat/res4d.dtseries.nii","506234","MNINonLinear//Results/tfMRI_MOTOR/tfMRI_MOTOR_hp200_s2_level2.feat/GrayordinatesStats/cope13.feat/res4d.dtseries.nii","pmp8SLmr8iJPdk5q.JsXL5oOHg9fLBIi"
"s3://hcp-openaccess/HCP_1200/506234/MNINonLinear/Results/tfMRI_MOTOR/tfMRI_MOTOR_hp200_s2_level2.feat/GrayordinatesStats/cope13.feat/tdof_t1.dtseries.nii","506234","MNINonLinear//Results/tfMRI_MOTOR/tfMRI_MOTOR_hp200_s2_level2.feat/GrayordinatesStats/cope13.feat/tdof_t1.dtseries.nii","zlDNpZP3aTMS_nmmGMCp3dTdN9z0DLJb"
"s3://hcp-openaccess/HCP_1200/506234/MNINonLinear/Results/tfMRI_MOTOR/tfMRI_MOTOR_hp200_s2_level2.feat/GrayordinatesStats/cope13.feat/tstat1.dtseries.nii","506234","MNINonLinear//Results/tfMRI_MOTOR/tfMRI_MOTOR_hp200_s2_level2.feat/GrayordinatesStats/cope13.feat/tstat1.dtseries.nii","uwk.UPSk_vjqAWr..F1llTEf_bDUYm5b"
"s3://hcp-openaccess/HCP_1200/506234/MNINonLinear/Results/tfMRI_MOTOR/tfMRI_MOTOR_hp200_s2_level2.feat/GrayordinatesStats/cope13.feat/varcope1.dtseries.nii","506234","MNINonLinear//Results/tfMRI_MOTOR/tfMRI_MOTOR_hp200_s2_level2.feat/GrayordinatesStats/cope13.feat/varcope1.dtseries.nii","gyQazQ1gd.lx94jxSwjyXQavm_wwPMv3"
"s3://hcp-openaccess/HCP_1200/506234/MNINonLinear/Results/tfMRI_MOTOR/tfMRI_MOTOR_hp200_s2_level2.feat/GrayordinatesStats/cope13.feat/weights1.dtseries.nii","506234","MNINonLinear//Results/tfMRI_MOTOR/tfMRI_MOTOR_hp200_s2_level2.feat/GrayordinatesStats/cope13.feat/weights1.dtseries.nii","Vd8avTCMkjT3scCSekc0drP9EnBqQatH"
"s3://hcp-openaccess/HCP_1200/506234/MNINonLinear/Results/tfMRI_MOTOR/tfMRI_MOTOR_hp200_s2_level2.feat/GrayordinatesStats/cope13.feat/zflame1lowertstat1.dtseries.nii","506234","MNINonLinear//Results/tfMRI_MOTOR/tfMRI_MOTOR_hp200_s2_level2.feat/GrayordinatesStats/cope13.feat/zflame1lowertstat1.dtseries.nii","v1h6IR2EoHgZLE1ALQJKSNzbegTSGtXZ"
"s3://hcp-openaccess/HCP_1200/506234/MNINonLinear/Results/tfMRI_MOTOR/tfMRI_MOTOR_hp200_s2_level2.feat/GrayordinatesStats/cope13.feat/zflame1uppertstat1.dtseries.nii","506234","MNINonLinear//Results/tfMRI_MOTOR/tfMRI_MOTOR_hp200_s2_level2.feat/GrayordinatesStats/cope13.feat/zflame1uppertstat1.dtseries.nii","tFXni1_nrYxuiolzqsG4MhVj1exuCYOY"
"s3://hcp-openaccess/HCP_1200/506234/MNINonLinear/Results/tfMRI_MOTOR/tfMRI_MOTOR_hp200_s2_level2.feat/GrayordinatesStats/cope13.feat/zstat1.dtseries.nii","506234","MNINonLinear//Results/tfMRI_MOTOR/tfMRI_MOTOR_hp200_s2_level2.feat/GrayordinatesStats/cope13.feat/zstat1.dtseries.nii","8XBsu_t8MNu3rqwWIIFwGxSpRwST_KHQ"
"s3://hcp-openaccess/HCP_1200/506234/MNINonLinear/Results/tfMRI_MOTOR/tfMRI_MOTOR_hp200_s2_level2.feat/GrayordinatesStats/cope14.feat/cope1.dtseries.nii","506234","MNINonLinear//Results/tfMRI_MOTOR/tfMRI_MOTOR_hp200_s2_level2.feat/GrayordinatesStats/cope14.feat/cope1.dtseries.nii","_b2zflLE3eqtyjUWkaLgTnvFWBeBXmx9"
"s3://hcp-openaccess/HCP_1200/506234/MNINonLinear/Results/tfMRI_MOTOR/tfMRI_MOTOR_hp200_s2_level2.feat/GrayordinatesStats/cope14.feat/logfile","506234","MNINonLinear//Results/tfMRI_MOTOR/tfMRI_MOTOR_hp200_s2_level2.feat/GrayordinatesStats/cope14.feat/logfile","N7DmIcidI6ZF3sNljo.QbFZ7WcX6N4S_"
"s3://hcp-openaccess/HCP_1200/506234/MNINonLinear/Results/tfMRI_MOTOR/tfMRI_MOTOR_hp200_s2_level2.feat/GrayordinatesStats/cope14.feat/mask.dtseries.nii","506234","MNINonLinear//Results/tfMRI_MOTOR/tfMRI_MOTOR_hp200_s2_level2.feat/GrayordinatesStats/cope14.feat/mask.dtseries.nii","8z2zCPZ1xP0M8dJL__ubZ1fbQEZBVxrk"
"s3://hcp-openaccess/HCP_1200/506234/MNINonLinear/Results/tfMRI_MOTOR/tfMRI_MOTOR_hp200_s2_level2.feat/GrayordinatesStats/cope14.feat/mean_random_effects_var1.dtseries.nii","506234","MNINonLinear//Results/tfMRI_MOTOR/tfMRI_MOTOR_hp200_s2_level2.feat/GrayordinatesStats/cope14.feat/mean_random_effects_var1.dtseries.nii","fTxOlI83vily4WUfKW5C3qOhYZNb48La"
"s3://hcp-openaccess/HCP_1200/506234/MNINonLinear/Results/tfMRI_MOTOR/tfMRI_MOTOR_hp200_s2_level2.feat/GrayordinatesStats/cope14.feat/pe1.dtseries.nii","506234","MNINonLinear//Results/tfMRI_MOTOR/tfMRI_MOTOR_hp200_s2_level2.feat/GrayordinatesStats/cope14.feat/pe1.dtseries.nii","MXUfPNB8JCJPi6jBo8QTAh7VzMR4hnmg"
"s3://hcp-openaccess/HCP_1200/506234/MNINonLinear/Results/tfMRI_MOTOR/tfMRI_MOTOR_hp200_s2_level2.feat/GrayordinatesStats/cope14.feat/res4d.dtseries.nii","506234","MNINonLinear//Results/tfMRI_MOTOR/tfMRI_MOTOR_hp200_s2_level2.feat/GrayordinatesStats/cope14.feat/res4d.dtseries.nii","igy8ar9Iu6EQR29Jd6V6xmUcWbd18RWo"
"s3://hcp-openaccess/HCP_1200/506234/MNINonLinear/Results/tfMRI_MOTOR/tfMRI_MOTOR_hp200_s2_level2.feat/GrayordinatesStats/cope14.feat/tdof_t1.dtseries.nii","506234","MNINonLinear//Results/tfMRI_MOTOR/tfMRI_MOTOR_hp200_s2_level2.feat/GrayordinatesStats/cope14.feat/tdof_t1.dtseries.nii","GgRokQIW7nzW5shkJ7DG_FSUuIKmQ0hR"
"s3://hcp-openaccess/HCP_1200/506234/MNINonLinear/Results/tfMRI_MOTOR/tfMRI_MOTOR_hp200_s2_level2.feat/GrayordinatesStats/cope14.feat/tstat1.dtseries.nii","506234","MNINonLinear//Results/tfMRI_MOTOR/tfMRI_MOTOR_hp200_s2_level2.feat/GrayordinatesStats/cope14.feat/tstat1.dtseries.nii","3d_.gllm1i6HWO.3nUyw4pUZBZNPlHv0"
"s3://hcp-openaccess/HCP_1200/506234/MNINonLinear/Results/tfMRI_MOTOR/tfMRI_MOTOR_hp200_s2_level2.feat/GrayordinatesStats/cope14.feat/varcope1.dtseries.nii","506234","MNINonLinear//Results/tfMRI_MOTOR/tfMRI_MOTOR_hp200_s2_level2.feat/GrayordinatesStats/cope14.feat/varcope1.dtseries.nii","cZorWkHihKKo_mErHaMpN.4FiiX9JHmt"
"s3://hcp-openaccess/HCP_1200/506234/MNINonLinear/Results/tfMRI_MOTOR/tfMRI_MOTOR_hp200_s2_level2.feat/GrayordinatesStats/cope14.feat/weights1.dtseries.nii","506234","MNINonLinear//Results/tfMRI_MOTOR/tfMRI_MOTOR_hp200_s2_level2.feat/GrayordinatesStats/cope14.feat/weights1.dtseries.nii","s1axQ1a2RZaXynOoCuUOLTYJInzZ2wYU"
"s3://hcp-openaccess/HCP_1200/506234/MNINonLinear/Results/tfMRI_MOTOR/tfMRI_MOTOR_hp200_s2_level2.feat/GrayordinatesStats/cope14.feat/zflame1lowertstat1.dtseries.nii","506234","MNINonLinear//Results/tfMRI_MOTOR/tfMRI_MOTOR_hp200_s2_level2.feat/GrayordinatesStats/cope14.feat/zflame1lowertstat1.dtseries.nii","qMx6js4rb4IEVfhfH1I6w22W3V7M3dtS"
"s3://hcp-openaccess/HCP_1200/506234/MNINonLinear/Results/tfMRI_MOTOR/tfMRI_MOTOR_hp200_s2_level2.feat/GrayordinatesStats/cope14.feat/zflame1uppertstat1.dtseries.nii","506234","MNINonLinear//Results/tfMRI_MOTOR/tfMRI_MOTOR_hp200_s2_level2.feat/GrayordinatesStats/cope14.feat/zflame1uppertstat1.dtseries.nii","r6rZWIXGJGJfSxb5KgYCkwMoMvqLLcT9"
"s3://hcp-openaccess/HCP_1200/506234/MNINonLinear/Results/tfMRI_MOTOR/tfMRI_MOTOR_hp200_s2_level2.feat/GrayordinatesStats/cope14.feat/zstat1.dtseries.nii","506234","MNINonLinear//Results/tfMRI_MOTOR/tfMRI_MOTOR_hp200_s2_level2.feat/GrayordinatesStats/cope14.feat/zstat1.dtseries.nii","WJS2kdDUnre79ICvJ2T6XSy_4WG4Wq9T"
"s3://hcp-openaccess/HCP_1200/506234/MNINonLinear/Results/tfMRI_MOTOR/tfMRI_MOTOR_hp200_s2_level2.feat/GrayordinatesStats/cope15.feat/cope1.dtseries.nii","506234","MNINonLinear//Results/tfMRI_MOTOR/tfMRI_MOTOR_hp200_s2_level2.feat/GrayordinatesStats/cope15.feat/cope1.dtseries.nii","KdUS55vVC8wlz3sElH9XWp0XGkcDSKOB"
"s3://hcp-openaccess/HCP_1200/506234/MNINonLinear/Results/tfMRI_MOTOR/tfMRI_MOTOR_hp200_s2_level2.feat/GrayordinatesStats/cope15.feat/logfile","506234","MNINonLinear//Results/tfMRI_MOTOR/tfMRI_MOTOR_hp200_s2_level2.feat/GrayordinatesStats/cope15.feat/logfile","cakC6xxbmj8sJAp_96C2oBWO64_avVZw"
"s3://hcp-openaccess/HCP_1200/506234/MNINonLinear/Results/tfMRI_MOTOR/tfMRI_MOTOR_hp200_s2_level2.feat/GrayordinatesStats/cope15.feat/mask.dtseries.nii","506234","MNINonLinear//Results/tfMRI_MOTOR/tfMRI_MOTOR_hp200_s2_level2.feat/GrayordinatesStats/cope15.feat/mask.dtseries.nii","Bu9eut.mkpY4aC9B_X.Y_6kPtMzdQwjv"
"s3://hcp-openaccess/HCP_1200/506234/MNINonLinear/Results/tfMRI_MOTOR/tfMRI_MOTOR_hp200_s2_level2.feat/GrayordinatesStats/cope15.feat/mean_random_effects_var1.dtseries.nii","506234","MNINonLinear//Results/tfMRI_MOTOR/tfMRI_MOTOR_hp200_s2_level2.feat/GrayordinatesStats/cope15.feat/mean_random_effects_var1.dtseries.nii","Sd08Jqmbnvd88THq1dnNaXWbkIXx5p69"
"s3://hcp-openaccess/HCP_1200/506234/MNINonLinear/Results/tfMRI_MOTOR/tfMRI_MOTOR_hp200_s2_level2.feat/GrayordinatesStats/cope15.feat/pe1.dtseries.nii","506234","MNINonLinear//Results/tfMRI_MOTOR/tfMRI_MOTOR_hp200_s2_level2.feat/GrayordinatesStats/cope15.feat/pe1.dtseries.nii","AlcwNWMs5Ow88uld.bd8lIdWvIuRdRTM"
"s3://hcp-openaccess/HCP_1200/506234/MNINonLinear/Results/tfMRI_MOTOR/tfMRI_MOTOR_hp200_s2_level2.feat/GrayordinatesStats/cope15.feat/res4d.dtseries.nii","506234","MNINonLinear//Results/tfMRI_MOTOR/tfMRI_MOTOR_hp200_s2_level2.feat/GrayordinatesStats/cope15.feat/res4d.dtseries.nii","rbadpA2YRj3Z37lmj9YdzNuAMIMHmVdS"
"s3://hcp-openaccess/HCP_1200/506234/MNINonLinear/Results/tfMRI_MOTOR/tfMRI_MOTOR_hp200_s2_level2.feat/GrayordinatesStats/cope15.feat/tdof_t1.dtseries.nii","506234","MNINonLinear//Results/tfMRI_MOTOR/tfMRI_MOTOR_hp200_s2_level2.feat/GrayordinatesStats/cope15.feat/tdof_t1.dtseries.nii","oELWeYAhwg60kXa8de4NkgDbOlo_oVu3"
"s3://hcp-openaccess/HCP_1200/506234/MNINonLinear/Results/tfMRI_MOTOR/tfMRI_MOTOR_hp200_s2_level2.feat/GrayordinatesStats/cope15.feat/tstat1.dtseries.nii","506234","MNINonLinear//Results/tfMRI_MOTOR/tfMRI_MOTOR_hp200_s2_level2.feat/GrayordinatesStats/cope15.feat/tstat1.dtseries.nii","Arsq1Fk6Mu_BsrOsEJRHdFh1ozW4oFu5"
"s3://hcp-openaccess/HCP_1200/506234/MNINonLinear/Results/tfMRI_MOTOR/tfMRI_MOTOR_hp200_s2_level2.feat/GrayordinatesStats/cope15.feat/varcope1.dtseries.nii","506234","MNINonLinear//Results/tfMRI_MOTOR/tfMRI_MOTOR_hp200_s2_level2.feat/GrayordinatesStats/cope15.feat/varcope1.dtseries.nii","vLnGg21kKvDfiid4zPXLEZWImjJyliVX"
"s3://hcp-openaccess/HCP_1200/506234/MNINonLinear/Results/tfMRI_MOTOR/tfMRI_MOTOR_hp200_s2_level2.feat/GrayordinatesStats/cope15.feat/weights1.dtseries.nii","506234","MNINonLinear//Results/tfMRI_MOTOR/tfMRI_MOTOR_hp200_s2_level2.feat/GrayordinatesStats/cope15.feat/weights1.dtseries.nii","DwBiQMxoMYlmiGMWF3jyr3t7RO.QrcJZ"
"s3://hcp-openaccess/HCP_1200/506234/MNINonLinear/Results/tfMRI_MOTOR/tfMRI_MOTOR_hp200_s2_level2.feat/GrayordinatesStats/cope15.feat/zflame1lowertstat1.dtseries.nii","506234","MNINonLinear//Results/tfMRI_MOTOR/tfMRI_MOTOR_hp200_s2_level2.feat/GrayordinatesStats/cope15.feat/zflame1lowertstat1.dtseries.nii","MzzRHTXfleeXHXjtRK2KKh6OnnK7WW8B"
"s3://hcp-openaccess/HCP_1200/506234/MNINonLinear/Results/tfMRI_MOTOR/tfMRI_MOTOR_hp200_s2_level2.feat/GrayordinatesStats/cope15.feat/zflame1uppertstat1.dtseries.nii","506234","MNINonLinear//Results/tfMRI_MOTOR/tfMRI_MOTOR_hp200_s2_level2.feat/GrayordinatesStats/cope15.feat/zflame1uppertstat1.dtseries.nii","b8Q5.iIMsHc2KRoz4RSV3vNLjoD8NSMZ"
"s3://hcp-openaccess/HCP_1200/506234/MNINonLinear/Results/tfMRI_MOTOR/tfMRI_MOTOR_hp200_s2_level2.feat/GrayordinatesStats/cope15.feat/zstat1.dtseries.nii","506234","MNINonLinear//Results/tfMRI_MOTOR/tfMRI_MOTOR_hp200_s2_level2.feat/GrayordinatesStats/cope15.feat/zstat1.dtseries.nii","0KnEuMnbqo2kC0NsUxRg5f3UevP2A.MV"
"s3://hcp-openaccess/HCP_1200/506234/MNINonLinear/Results/tfMRI_MOTOR/tfMRI_MOTOR_hp200_s2_level2.feat/GrayordinatesStats/cope16.feat/cope1.dtseries.nii","506234","MNINonLinear//Results/tfMRI_MOTOR/tfMRI_MOTOR_hp200_s2_level2.feat/GrayordinatesStats/cope16.feat/cope1.dtseries.nii","aRM1Pv8y6e0Lh2_zq2IRLX1bikvhZbZK"
"s3://hcp-openaccess/HCP_1200/506234/MNINonLinear/Results/tfMRI_MOTOR/tfMRI_MOTOR_hp200_s2_level2.feat/GrayordinatesStats/cope16.feat/logfile","506234","MNINonLinear//Results/tfMRI_MOTOR/tfMRI_MOTOR_hp200_s2_level2.feat/GrayordinatesStats/cope16.feat/logfile","w9vY8ZytQsyrZ_zU6vL6lInw_k4.V_WU"
"s3://hcp-openaccess/HCP_1200/506234/MNINonLinear/Results/tfMRI_MOTOR/tfMRI_MOTOR_hp200_s2_level2.feat/GrayordinatesStats/cope16.feat/mask.dtseries.nii","506234","MNINonLinear//Results/tfMRI_MOTOR/tfMRI_MOTOR_hp200_s2_level2.feat/GrayordinatesStats/cope16.feat/mask.dtseries.nii","7lsmwZoLwqvPagnOK7jpVSFNPQSTe.5z"
"s3://hcp-openaccess/HCP_1200/506234/MNINonLinear/Results/tfMRI_MOTOR/tfMRI_MOTOR_hp200_s2_level2.feat/GrayordinatesStats/cope16.feat/mean_random_effects_var1.dtseries.nii","506234","MNINonLinear//Results/tfMRI_MOTOR/tfMRI_MOTOR_hp200_s2_level2.feat/GrayordinatesStats/cope16.feat/mean_random_effects_var1.dtseries.nii","OTiS9ybbxzTFVacpRjwgU2IRyQI9Ihod"
"s3://hcp-openaccess/HCP_1200/506234/MNINonLinear/Results/tfMRI_MOTOR/tfMRI_MOTOR_hp200_s2_level2.feat/GrayordinatesStats/cope16.feat/pe1.dtseries.nii","506234","MNINonLinear//Results/tfMRI_MOTOR/tfMRI_MOTOR_hp200_s2_level2.feat/GrayordinatesStats/cope16.feat/pe1.dtseries.nii","kMtOmLs22NWQF4STX2anc47_3Xm7Xo5o"
"s3://hcp-openaccess/HCP_1200/506234/MNINonLinear/Results/tfMRI_MOTOR/tfMRI_MOTOR_hp200_s2_level2.feat/GrayordinatesStats/cope16.feat/res4d.dtseries.nii","506234","MNINonLinear//Results/tfMRI_MOTOR/tfMRI_MOTOR_hp200_s2_level2.feat/GrayordinatesStats/cope16.feat/res4d.dtseries.nii","jm3vtmRHe_8WnXOlzgWfZWjYMFS6sJpS"
"s3://hcp-openaccess/HCP_1200/506234/MNINonLinear/Results/tfMRI_MOTOR/tfMRI_MOTOR_hp200_s2_level2.feat/GrayordinatesStats/cope16.feat/tdof_t1.dtseries.nii","506234","MNINonLinear//Results/tfMRI_MOTOR/tfMRI_MOTOR_hp200_s2_level2.feat/GrayordinatesStats/cope16.feat/tdof_t1.dtseries.nii","psTUCBwNkXn4PsNCzDzttlkvbeAIqgBm"
"s3://hcp-openaccess/HCP_1200/506234/MNINonLinear/Results/tfMRI_MOTOR/tfMRI_MOTOR_hp200_s2_level2.feat/GrayordinatesStats/cope16.feat/tstat1.dtseries.nii","506234","MNINonLinear//Results/tfMRI_MOTOR/tfMRI_MOTOR_hp200_s2_level2.feat/GrayordinatesStats/cope16.feat/tstat1.dtseries.nii","rdhJw6_hGmDF2dPM4vjNMq7WAOlDxk2r"
"s3://hcp-openaccess/HCP_1200/506234/MNINonLinear/Results/tfMRI_MOTOR/tfMRI_MOTOR_hp200_s2_level2.feat/GrayordinatesStats/cope16.feat/varcope1.dtseries.nii","506234","MNINonLinear//Results/tfMRI_MOTOR/tfMRI_MOTOR_hp200_s2_level2.feat/GrayordinatesStats/cope16.feat/varcope1.dtseries.nii","p5C_Il3E50UheJxWOpPPt3Q9.d85cwKn"
"s3://hcp-openaccess/HCP_1200/506234/MNINonLinear/Results/tfMRI_MOTOR/tfMRI_MOTOR_hp200_s2_level2.feat/GrayordinatesStats/cope16.feat/weights1.dtseries.nii","506234","MNINonLinear//Results/tfMRI_MOTOR/tfMRI_MOTOR_hp200_s2_level2.feat/GrayordinatesStats/cope16.feat/weights1.dtseries.nii","KWqzZZT7bqkcJCwK.Kbvc_z1Bj6PBMYY"
"s3://hcp-openaccess/HCP_1200/506234/MNINonLinear/Results/tfMRI_MOTOR/tfMRI_MOTOR_hp200_s2_level2.feat/GrayordinatesStats/cope16.feat/zflame1lowertstat1.dtseries.nii","506234","MNINonLinear//Results/tfMRI_MOTOR/tfMRI_MOTOR_hp200_s2_level2.feat/GrayordinatesStats/cope16.feat/zflame1lowertstat1.dtseries.nii","hgGE3txtJiFu.ZBMKXzFchdXCYpignj_"
"s3://hcp-openaccess/HCP_1200/506234/MNINonLinear/Results/tfMRI_MOTOR/tfMRI_MOTOR_hp200_s2_level2.feat/GrayordinatesStats/cope16.feat/zflame1uppertstat1.dtseries.nii","506234","MNINonLinear//Results/tfMRI_MOTOR/tfMRI_MOTOR_hp200_s2_level2.feat/GrayordinatesStats/cope16.feat/zflame1uppertstat1.dtseries.nii","neXXszLrnsTFnDUtK_6n8vPxfAYfpcgQ"
"s3://hcp-openaccess/HCP_1200/506234/MNINonLinear/Results/tfMRI_MOTOR/tfMRI_MOTOR_hp200_s2_level2.feat/GrayordinatesStats/cope16.feat/zstat1.dtseries.nii","506234","MNINonLinear//Results/tfMRI_MOTOR/tfMRI_MOTOR_hp200_s2_level2.feat/GrayordinatesStats/cope16.feat/zstat1.dtseries.nii","3_PCVjeo6QJA6QnfY0rHhu_aZB6UprhI"
"s3://hcp-openaccess/HCP_1200/506234/MNINonLinear/Results/tfMRI_MOTOR/tfMRI_MOTOR_hp200_s2_level2.feat/GrayordinatesStats/cope17.feat/cope1.dtseries.nii","506234","MNINonLinear//Results/tfMRI_MOTOR/tfMRI_MOTOR_hp200_s2_level2.feat/GrayordinatesStats/cope17.feat/cope1.dtseries.nii","c0UySLPRcmasPPbBJhd_aA.K3EA.x6_."
"s3://hcp-openaccess/HCP_1200/506234/MNINonLinear/Results/tfMRI_MOTOR/tfMRI_MOTOR_hp200_s2_level2.feat/GrayordinatesStats/cope17.feat/logfile","506234","MNINonLinear//Results/tfMRI_MOTOR/tfMRI_MOTOR_hp200_s2_level2.feat/GrayordinatesStats/cope17.feat/logfile","UkWwmDBBkvwRYIvcUxdK1tIEbInBQaLf"
"s3://hcp-openaccess/HCP_1200/506234/MNINonLinear/Results/tfMRI_MOTOR/tfMRI_MOTOR_hp200_s2_level2.feat/GrayordinatesStats/cope17.feat/mask.dtseries.nii","506234","MNINonLinear//Results/tfMRI_MOTOR/tfMRI_MOTOR_hp200_s2_level2.feat/GrayordinatesStats/cope17.feat/mask.dtseries.nii","7nCy6PhMgthqg1sNxNEPxSj7HycqRkyP"
"s3://hcp-openaccess/HCP_1200/506234/MNINonLinear/Results/tfMRI_MOTOR/tfMRI_MOTOR_hp200_s2_level2.feat/GrayordinatesStats/cope17.feat/mean_random_effects_var1.dtseries.nii","506234","MNINonLinear//Results/tfMRI_MOTOR/tfMRI_MOTOR_hp200_s2_level2.feat/GrayordinatesStats/cope17.feat/mean_random_effects_var1.dtseries.nii","ecT7jw1Z08kRv4s4bdf8OIe3lSC.wuqC"
"s3://hcp-openaccess/HCP_1200/506234/MNINonLinear/Results/tfMRI_MOTOR/tfMRI_MOTOR_hp200_s2_level2.feat/GrayordinatesStats/cope17.feat/pe1.dtseries.nii","506234","MNINonLinear//Results/tfMRI_MOTOR/tfMRI_MOTOR_hp200_s2_level2.feat/GrayordinatesStats/cope17.feat/pe1.dtseries.nii","EvghRzAYkk3JGvbO.BAJ.gfrqf1onbNi"
"s3://hcp-openaccess/HCP_1200/506234/MNINonLinear/Results/tfMRI_MOTOR/tfMRI_MOTOR_hp200_s2_level2.feat/GrayordinatesStats/cope17.feat/res4d.dtseries.nii","506234","MNINonLinear//Results/tfMRI_MOTOR/tfMRI_MOTOR_hp200_s2_level2.feat/GrayordinatesStats/cope17.feat/res4d.dtseries.nii","j_7VrjPf.xFNvKCK2KQQ6dzYPvzrUotT"
"s3://hcp-openaccess/HCP_1200/506234/MNINonLinear/Results/tfMRI_MOTOR/tfMRI_MOTOR_hp200_s2_level2.feat/GrayordinatesStats/cope17.feat/tdof_t1.dtseries.nii","506234","MNINonLinear//Results/tfMRI_MOTOR/tfMRI_MOTOR_hp200_s2_level2.feat/GrayordinatesStats/cope17.feat/tdof_t1.dtseries.nii","G_MnyWEqwj8DUHIDEoAo6TkW8lHgFNwy"
"s3://hcp-openaccess/HCP_1200/506234/MNINonLinear/Results/tfMRI_MOTOR/tfMRI_MOTOR_hp200_s2_level2.feat/GrayordinatesStats/cope17.feat/tstat1.dtseries.nii","506234","MNINonLinear//Results/tfMRI_MOTOR/tfMRI_MOTOR_hp200_s2_level2.feat/GrayordinatesStats/cope17.feat/tstat1.dtseries.nii","ceNEZpsIa3npyge491.gF2qO0FZ2c9zk"
"s3://hcp-openaccess/HCP_1200/506234/MNINonLinear/Results/tfMRI_MOTOR/tfMRI_MOTOR_hp200_s2_level2.feat/GrayordinatesStats/cope17.feat/varcope1.dtseries.nii","506234","MNINonLinear//Results/tfMRI_MOTOR/tfMRI_MOTOR_hp200_s2_level2.feat/GrayordinatesStats/cope17.feat/varcope1.dtseries.nii","llOKajdyxKtlpZm8e6qzPhNnzIS_XDBW"
"s3://hcp-openaccess/HCP_1200/506234/MNINonLinear/Results/tfMRI_MOTOR/tfMRI_MOTOR_hp200_s2_level2.feat/GrayordinatesStats/cope17.feat/weights1.dtseries.nii","506234","MNINonLinear//Results/tfMRI_MOTOR/tfMRI_MOTOR_hp200_s2_level2.feat/GrayordinatesStats/cope17.feat/weights1.dtseries.nii","aGo6sx80XVfdloqGg5eIK4WTCgaKVqQI"
"s3://hcp-openaccess/HCP_1200/506234/MNINonLinear/Results/tfMRI_MOTOR/tfMRI_MOTOR_hp200_s2_level2.feat/GrayordinatesStats/cope17.feat/zflame1lowertstat1.dtseries.nii","506234","MNINonLinear//Results/tfMRI_MOTOR/tfMRI_MOTOR_hp200_s2_level2.feat/GrayordinatesStats/cope17.feat/zflame1lowertstat1.dtseries.nii","8tWGOYxpowoPtYG6d62msKn9nEVOFyJt"
"s3://hcp-openaccess/HCP_1200/506234/MNINonLinear/Results/tfMRI_MOTOR/tfMRI_MOTOR_hp200_s2_level2.feat/GrayordinatesStats/cope17.feat/zflame1uppertstat1.dtseries.nii","506234","MNINonLinear//Results/tfMRI_MOTOR/tfMRI_MOTOR_hp200_s2_level2.feat/GrayordinatesStats/cope17.feat/zflame1uppertstat1.dtseries.nii","xnAWWCI9c_tt0o3A5r3mLkI3VhJvxLeu"
"s3://hcp-openaccess/HCP_1200/506234/MNINonLinear/Results/tfMRI_MOTOR/tfMRI_MOTOR_hp200_s2_level2.feat/GrayordinatesStats/cope17.feat/zstat1.dtseries.nii","506234","MNINonLinear//Results/tfMRI_MOTOR/tfMRI_MOTOR_hp200_s2_level2.feat/GrayordinatesStats/cope17.feat/zstat1.dtseries.nii","V11QHioDy9Otzys1LzRiis3nKlZArMJL"
"s3://hcp-openaccess/HCP_1200/506234/MNINonLinear/Results/tfMRI_MOTOR/tfMRI_MOTOR_hp200_s2_level2.feat/GrayordinatesStats/cope18.feat/cope1.dtseries.nii","506234","MNINonLinear//Results/tfMRI_MOTOR/tfMRI_MOTOR_hp200_s2_level2.feat/GrayordinatesStats/cope18.feat/cope1.dtseries.nii","BVJAoSy_VNn1XYNet4nhnqUNvc_RzfPf"
"s3://hcp-openaccess/HCP_1200/506234/MNINonLinear/Results/tfMRI_MOTOR/tfMRI_MOTOR_hp200_s2_level2.feat/GrayordinatesStats/cope18.feat/logfile","506234","MNINonLinear//Results/tfMRI_MOTOR/tfMRI_MOTOR_hp200_s2_level2.feat/GrayordinatesStats/cope18.feat/logfile","5mb9CFs.7ZafN9SND3KYKz8nwXArIGN7"
"s3://hcp-openaccess/HCP_1200/506234/MNINonLinear/Results/tfMRI_MOTOR/tfMRI_MOTOR_hp200_s2_level2.feat/GrayordinatesStats/cope18.feat/mask.dtseries.nii","506234","MNINonLinear//Results/tfMRI_MOTOR/tfMRI_MOTOR_hp200_s2_level2.feat/GrayordinatesStats/cope18.feat/mask.dtseries.nii","L9HMnjMdR3u9EQm_edsLgHGArrkDBBPk"
"s3://hcp-openaccess/HCP_1200/506234/MNINonLinear/Results/tfMRI_MOTOR/tfMRI_MOTOR_hp200_s2_level2.feat/GrayordinatesStats/cope18.feat/mean_random_effects_var1.dtseries.nii","506234","MNINonLinear//Results/tfMRI_MOTOR/tfMRI_MOTOR_hp200_s2_level2.feat/GrayordinatesStats/cope18.feat/mean_random_effects_var1.dtseries.nii","HL_RpQZEzBwuVXmmEKlFc3cuY96VR1ay"
"s3://hcp-openaccess/HCP_1200/506234/MNINonLinear/Results/tfMRI_MOTOR/tfMRI_MOTOR_hp200_s2_level2.feat/GrayordinatesStats/cope18.feat/pe1.dtseries.nii","506234","MNINonLinear//Results/tfMRI_MOTOR/tfMRI_MOTOR_hp200_s2_level2.feat/GrayordinatesStats/cope18.feat/pe1.dtseries.nii","_x4snnYqdxBho3RWyYe4656j0QkuIYnd"
"s3://hcp-openaccess/HCP_1200/506234/MNINonLinear/Results/tfMRI_MOTOR/tfMRI_MOTOR_hp200_s2_level2.feat/GrayordinatesStats/cope18.feat/res4d.dtseries.nii","506234","MNINonLinear//Results/tfMRI_MOTOR/tfMRI_MOTOR_hp200_s2_level2.feat/GrayordinatesStats/cope18.feat/res4d.dtseries.nii","NwRG3KKQRGRYR5mmR9O9Kdyzz1invi3M"
"s3://hcp-openaccess/HCP_1200/506234/MNINonLinear/Results/tfMRI_MOTOR/tfMRI_MOTOR_hp200_s2_level2.feat/GrayordinatesStats/cope18.feat/tdof_t1.dtseries.nii","506234","MNINonLinear//Results/tfMRI_MOTOR/tfMRI_MOTOR_hp200_s2_level2.feat/GrayordinatesStats/cope18.feat/tdof_t1.dtseries.nii","vuE_WlGkKHCP45sJV_vkYJFWuMGjVbjF"
"s3://hcp-openaccess/HCP_1200/506234/MNINonLinear/Results/tfMRI_MOTOR/tfMRI_MOTOR_hp200_s2_level2.feat/GrayordinatesStats/cope18.feat/tstat1.dtseries.nii","506234","MNINonLinear//Results/tfMRI_MOTOR/tfMRI_MOTOR_hp200_s2_level2.feat/GrayordinatesStats/cope18.feat/tstat1.dtseries.nii","69xcPkO8_wsixKxmmOoWKshj3NlZeY94"
"s3://hcp-openaccess/HCP_1200/506234/MNINonLinear/Results/tfMRI_MOTOR/tfMRI_MOTOR_hp200_s2_level2.feat/GrayordinatesStats/cope18.feat/varcope1.dtseries.nii","506234","MNINonLinear//Results/tfMRI_MOTOR/tfMRI_MOTOR_hp200_s2_level2.feat/GrayordinatesStats/cope18.feat/varcope1.dtseries.nii","ASX04m7kRTD33pNDIseRjoufemsDJkak"
"s3://hcp-openaccess/HCP_1200/506234/MNINonLinear/Results/tfMRI_MOTOR/tfMRI_MOTOR_hp200_s2_level2.feat/GrayordinatesStats/cope18.feat/weights1.dtseries.nii","506234","MNINonLinear//Results/tfMRI_MOTOR/tfMRI_MOTOR_hp200_s2_level2.feat/GrayordinatesStats/cope18.feat/weights1.dtseries.nii","cRCSfbwX10ZFvNNiz8bR4JSUawkUXMHG"
"s3://hcp-openaccess/HCP_1200/506234/MNINonLinear/Results/tfMRI_MOTOR/tfMRI_MOTOR_hp200_s2_level2.feat/GrayordinatesStats/cope18.feat/zflame1lowertstat1.dtseries.nii","506234","MNINonLinear//Results/tfMRI_MOTOR/tfMRI_MOTOR_hp200_s2_level2.feat/GrayordinatesStats/cope18.feat/zflame1lowertstat1.dtseries.nii","nGmkDmC0wLTuwdl2I4t8sP1bQ1vnJaGc"
"s3://hcp-openaccess/HCP_1200/506234/MNINonLinear/Results/tfMRI_MOTOR/tfMRI_MOTOR_hp200_s2_level2.feat/GrayordinatesStats/cope18.feat/zflame1uppertstat1.dtseries.nii","506234","MNINonLinear//Results/tfMRI_MOTOR/tfMRI_MOTOR_hp200_s2_level2.feat/GrayordinatesStats/cope18.feat/zflame1uppertstat1.dtseries.nii","St.xr_9usitD.A.uydor8kii3wtnZMv2"
"s3://hcp-openaccess/HCP_1200/506234/MNINonLinear/Results/tfMRI_MOTOR/tfMRI_MOTOR_hp200_s2_level2.feat/GrayordinatesStats/cope18.feat/zstat1.dtseries.nii","506234","MNINonLinear//Results/tfMRI_MOTOR/tfMRI_MOTOR_hp200_s2_level2.feat/GrayordinatesStats/cope18.feat/zstat1.dtseries.nii","l3hbSZ8gbe6w2qCO0SWt7gsnMHPIhwqD"
"s3://hcp-openaccess/HCP_1200/506234/MNINonLinear/Results/tfMRI_MOTOR/tfMRI_MOTOR_hp200_s2_level2.feat/GrayordinatesStats/cope19.feat/cope1.dtseries.nii","506234","MNINonLinear//Results/tfMRI_MOTOR/tfMRI_MOTOR_hp200_s2_level2.feat/GrayordinatesStats/cope19.feat/cope1.dtseries.nii","B_5Ujgri5pmE_8AcBqj9NtJPLGlokf1N"
"s3://hcp-openaccess/HCP_1200/506234/MNINonLinear/Results/tfMRI_MOTOR/tfMRI_MOTOR_hp200_s2_level2.feat/GrayordinatesStats/cope19.feat/logfile","506234","MNINonLinear//Results/tfMRI_MOTOR/tfMRI_MOTOR_hp200_s2_level2.feat/GrayordinatesStats/cope19.feat/logfile","A66WGBNWJsV4_EWg8Ay69J71A51zbiKA"
"s3://hcp-openaccess/HCP_1200/506234/MNINonLinear/Results/tfMRI_MOTOR/tfMRI_MOTOR_hp200_s2_level2.feat/GrayordinatesStats/cope19.feat/mask.dtseries.nii","506234","MNINonLinear//Results/tfMRI_MOTOR/tfMRI_MOTOR_hp200_s2_level2.feat/GrayordinatesStats/cope19.feat/mask.dtseries.nii","q03exodSZ.Uwzs4C76R.7t6KdcJ9ExVV"
"s3://hcp-openaccess/HCP_1200/506234/MNINonLinear/Results/tfMRI_MOTOR/tfMRI_MOTOR_hp200_s2_level2.feat/GrayordinatesStats/cope19.feat/mean_random_effects_var1.dtseries.nii","506234","MNINonLinear//Results/tfMRI_MOTOR/tfMRI_MOTOR_hp200_s2_level2.feat/GrayordinatesStats/cope19.feat/mean_random_effects_var1.dtseries.nii","TZnco0zSO_7U.HHtsIRjwP0TwHroFpD5"
"s3://hcp-openaccess/HCP_1200/506234/MNINonLinear/Results/tfMRI_MOTOR/tfMRI_MOTOR_hp200_s2_level2.feat/GrayordinatesStats/cope19.feat/pe1.dtseries.nii","506234","MNINonLinear//Results/tfMRI_MOTOR/tfMRI_MOTOR_hp200_s2_level2.feat/GrayordinatesStats/cope19.feat/pe1.dtseries.nii","TglmhJREdQfotdtt5FHHujoVkVLEYXVE"
"s3://hcp-openaccess/HCP_1200/506234/MNINonLinear/Results/tfMRI_MOTOR/tfMRI_MOTOR_hp200_s2_level2.feat/GrayordinatesStats/cope19.feat/res4d.dtseries.nii","506234","MNINonLinear//Results/tfMRI_MOTOR/tfMRI_MOTOR_hp200_s2_level2.feat/GrayordinatesStats/cope19.feat/res4d.dtseries.nii","WHGF_YYqxvYr82q7a90Fhhda8SmOhGDz"
"s3://hcp-openaccess/HCP_1200/506234/MNINonLinear/Results/tfMRI_MOTOR/tfMRI_MOTOR_hp200_s2_level2.feat/GrayordinatesStats/cope19.feat/tdof_t1.dtseries.nii","506234","MNINonLinear//Results/tfMRI_MOTOR/tfMRI_MOTOR_hp200_s2_level2.feat/GrayordinatesStats/cope19.feat/tdof_t1.dtseries.nii","JYlinDTdhnevI0nR_0kiQNc8fZ434Mr9"
"s3://hcp-openaccess/HCP_1200/506234/MNINonLinear/Results/tfMRI_MOTOR/tfMRI_MOTOR_hp200_s2_level2.feat/GrayordinatesStats/cope19.feat/tstat1.dtseries.nii","506234","MNINonLinear//Results/tfMRI_MOTOR/tfMRI_MOTOR_hp200_s2_level2.feat/GrayordinatesStats/cope19.feat/tstat1.dtseries.nii","y3GjYSi8aHDOTCQSb7d9kp.A8Ee98NjJ"
"s3://hcp-openaccess/HCP_1200/506234/MNINonLinear/Results/tfMRI_MOTOR/tfMRI_MOTOR_hp200_s2_level2.feat/GrayordinatesStats/cope19.feat/varcope1.dtseries.nii","506234","MNINonLinear//Results/tfMRI_MOTOR/tfMRI_MOTOR_hp200_s2_level2.feat/GrayordinatesStats/cope19.feat/varcope1.dtseries.nii","eHbtm6jqiiKbyuDT7Jy_vTvXrr0tu5rE"
"s3://hcp-openaccess/HCP_1200/506234/MNINonLinear/Results/tfMRI_MOTOR/tfMRI_MOTOR_hp200_s2_level2.feat/GrayordinatesStats/cope19.feat/weights1.dtseries.nii","506234","MNINonLinear//Results/tfMRI_MOTOR/tfMRI_MOTOR_hp200_s2_level2.feat/GrayordinatesStats/cope19.feat/weights1.dtseries.nii","ZStKQwDiG485wpY6Dky6_xB9G_tURVO7"
"s3://hcp-openaccess/HCP_1200/506234/MNINonLinear/Results/tfMRI_MOTOR/tfMRI_MOTOR_hp200_s2_level2.feat/GrayordinatesStats/cope19.feat/zflame1lowertstat1.dtseries.nii","506234","MNINonLinear//Results/tfMRI_MOTOR/tfMRI_MOTOR_hp200_s2_level2.feat/GrayordinatesStats/cope19.feat/zflame1lowertstat1.dtseries.nii","zKEDWXNoSqEvvPu72.ch_XN1AumyXZkI"
"s3://hcp-openaccess/HCP_1200/506234/MNINonLinear/Results/tfMRI_MOTOR/tfMRI_MOTOR_hp200_s2_level2.feat/GrayordinatesStats/cope19.feat/zflame1uppertstat1.dtseries.nii","506234","MNINonLinear//Results/tfMRI_MOTOR/tfMRI_MOTOR_hp200_s2_level2.feat/GrayordinatesStats/cope19.feat/zflame1uppertstat1.dtseries.nii","KoLK0cjVZRSDoK_MFYGgTqcz8ymKZL6l"
"s3://hcp-openaccess/HCP_1200/506234/MNINonLinear/Results/tfMRI_MOTOR/tfMRI_MOTOR_hp200_s2_level2.feat/GrayordinatesStats/cope19.feat/zstat1.dtseries.nii","506234","MNINonLinear//Results/tfMRI_MOTOR/tfMRI_MOTOR_hp200_s2_level2.feat/GrayordinatesStats/cope19.feat/zstat1.dtseries.nii","nrI6rDOr7563UCprmllsHcd5A3ZoT33C"
"s3://hcp-openaccess/HCP_1200/506234/MNINonLinear/Results/tfMRI_MOTOR/tfMRI_MOTOR_hp200_s2_level2.feat/GrayordinatesStats/cope2.feat/cope1.dtseries.nii","506234","MNINonLinear//Results/tfMRI_MOTOR/tfMRI_MOTOR_hp200_s2_level2.feat/GrayordinatesStats/cope2.feat/cope1.dtseries.nii","ysf1cOfyp1Gok3BEGVzLPhRCGZQYP_yo"
"s3://hcp-openaccess/HCP_1200/506234/MNINonLinear/Results/tfMRI_MOTOR/tfMRI_MOTOR_hp200_s2_level2.feat/GrayordinatesStats/cope2.feat/logfile","506234","MNINonLinear//Results/tfMRI_MOTOR/tfMRI_MOTOR_hp200_s2_level2.feat/GrayordinatesStats/cope2.feat/logfile","5ndcHIkkNjvnKMadF.I5IRWwJa0zjLuD"
"s3://hcp-openaccess/HCP_1200/506234/MNINonLinear/Results/tfMRI_MOTOR/tfMRI_MOTOR_hp200_s2_level2.feat/GrayordinatesStats/cope2.feat/mask.dtseries.nii","506234","MNINonLinear//Results/tfMRI_MOTOR/tfMRI_MOTOR_hp200_s2_level2.feat/GrayordinatesStats/cope2.feat/mask.dtseries.nii","B7DFxkEJNOO252xBf6PCYl3w8kZYATEJ"
"s3://hcp-openaccess/HCP_1200/506234/MNINonLinear/Results/tfMRI_MOTOR/tfMRI_MOTOR_hp200_s2_level2.feat/GrayordinatesStats/cope2.feat/mean_random_effects_var1.dtseries.nii","506234","MNINonLinear//Results/tfMRI_MOTOR/tfMRI_MOTOR_hp200_s2_level2.feat/GrayordinatesStats/cope2.feat/mean_random_effects_var1.dtseries.nii","NetpGWoYPOlqri5R2nPvKYvVvKPxmKRm"
"s3://hcp-openaccess/HCP_1200/506234/MNINonLinear/Results/tfMRI_MOTOR/tfMRI_MOTOR_hp200_s2_level2.feat/GrayordinatesStats/cope2.feat/pe1.dtseries.nii","506234","MNINonLinear//Results/tfMRI_MOTOR/tfMRI_MOTOR_hp200_s2_level2.feat/GrayordinatesStats/cope2.feat/pe1.dtseries.nii","dIyVXd3a3bLEVR5kK07Sejh8PghdxlnF"
"s3://hcp-openaccess/HCP_1200/506234/MNINonLinear/Results/tfMRI_MOTOR/tfMRI_MOTOR_hp200_s2_level2.feat/GrayordinatesStats/cope2.feat/res4d.dtseries.nii","506234","MNINonLinear//Results/tfMRI_MOTOR/tfMRI_MOTOR_hp200_s2_level2.feat/GrayordinatesStats/cope2.feat/res4d.dtseries.nii","wdnAOj9Qkq6_xtafHcS9Gqr3rTiUOsmy"
"s3://hcp-openaccess/HCP_1200/506234/MNINonLinear/Results/tfMRI_MOTOR/tfMRI_MOTOR_hp200_s2_level2.feat/GrayordinatesStats/cope2.feat/tdof_t1.dtseries.nii","506234","MNINonLinear//Results/tfMRI_MOTOR/tfMRI_MOTOR_hp200_s2_level2.feat/GrayordinatesStats/cope2.feat/tdof_t1.dtseries.nii","5zNKxPVLox2eU.4CuoDlI.preZcS1fHK"
"s3://hcp-openaccess/HCP_1200/506234/MNINonLinear/Results/tfMRI_MOTOR/tfMRI_MOTOR_hp200_s2_level2.feat/GrayordinatesStats/cope2.feat/tstat1.dtseries.nii","506234","MNINonLinear//Results/tfMRI_MOTOR/tfMRI_MOTOR_hp200_s2_level2.feat/GrayordinatesStats/cope2.feat/tstat1.dtseries.nii","Z1vZACXCqAXAQzXCn0u8m2bXWbU199eo"
"s3://hcp-openaccess/HCP_1200/506234/MNINonLinear/Results/tfMRI_MOTOR/tfMRI_MOTOR_hp200_s2_level2.feat/GrayordinatesStats/cope2.feat/varcope1.dtseries.nii","506234","MNINonLinear//Results/tfMRI_MOTOR/tfMRI_MOTOR_hp200_s2_level2.feat/GrayordinatesStats/cope2.feat/varcope1.dtseries.nii","xZmMd98G1DwIzL84xl6m2WCSlV_lojpU"
"s3://hcp-openaccess/HCP_1200/506234/MNINonLinear/Results/tfMRI_MOTOR/tfMRI_MOTOR_hp200_s2_level2.feat/GrayordinatesStats/cope2.feat/weights1.dtseries.nii","506234","MNINonLinear//Results/tfMRI_MOTOR/tfMRI_MOTOR_hp200_s2_level2.feat/GrayordinatesStats/cope2.feat/weights1.dtseries.nii","_HOYmP3TAe6.gQV8YTzZ46oj8_gatZVL"
"s3://hcp-openaccess/HCP_1200/506234/MNINonLinear/Results/tfMRI_MOTOR/tfMRI_MOTOR_hp200_s2_level2.feat/GrayordinatesStats/cope2.feat/zflame1lowertstat1.dtseries.nii","506234","MNINonLinear//Results/tfMRI_MOTOR/tfMRI_MOTOR_hp200_s2_level2.feat/GrayordinatesStats/cope2.feat/zflame1lowertstat1.dtseries.nii","V_gGYFu3SBy8l1YPJ6.RGoIx9i2peF04"
"s3://hcp-openaccess/HCP_1200/506234/MNINonLinear/Results/tfMRI_MOTOR/tfMRI_MOTOR_hp200_s2_level2.feat/GrayordinatesStats/cope2.feat/zflame1uppertstat1.dtseries.nii","506234","MNINonLinear//Results/tfMRI_MOTOR/tfMRI_MOTOR_hp200_s2_level2.feat/GrayordinatesStats/cope2.feat/zflame1uppertstat1.dtseries.nii","towSb3A7t2GVn1bOE.HXyQQg4CI9koWL"
"s3://hcp-openaccess/HCP_1200/506234/MNINonLinear/Results/tfMRI_MOTOR/tfMRI_MOTOR_hp200_s2_level2.feat/GrayordinatesStats/cope2.feat/zstat1.dtseries.nii","506234","MNINonLinear//Results/tfMRI_MOTOR/tfMRI_MOTOR_hp200_s2_level2.feat/GrayordinatesStats/cope2.feat/zstat1.dtseries.nii","VDLoAi6k1_tZ_Hcck6gtKX1LrR..CuiZ"
"s3://hcp-openaccess/HCP_1200/506234/MNINonLinear/Results/tfMRI_MOTOR/tfMRI_MOTOR_hp200_s2_level2.feat/GrayordinatesStats/cope20.feat/cope1.dtseries.nii","506234","MNINonLinear//Results/tfMRI_MOTOR/tfMRI_MOTOR_hp200_s2_level2.feat/GrayordinatesStats/cope20.feat/cope1.dtseries.nii","qulyLnTeln4JkZoUQa2bRkrQxac_4LZo"
"s3://hcp-openaccess/HCP_1200/506234/MNINonLinear/Results/tfMRI_MOTOR/tfMRI_MOTOR_hp200_s2_level2.feat/GrayordinatesStats/cope20.feat/logfile","506234","MNINonLinear//Results/tfMRI_MOTOR/tfMRI_MOTOR_hp200_s2_level2.feat/GrayordinatesStats/cope20.feat/logfile","s9vpztb4MJh.i8ZQfhgVFvSx._Z_FMSW"
"s3://hcp-openaccess/HCP_1200/506234/MNINonLinear/Results/tfMRI_MOTOR/tfMRI_MOTOR_hp200_s2_level2.feat/GrayordinatesStats/cope20.feat/mask.dtseries.nii","506234","MNINonLinear//Results/tfMRI_MOTOR/tfMRI_MOTOR_hp200_s2_level2.feat/GrayordinatesStats/cope20.feat/mask.dtseries.nii","l04rENDuPdHhEn.mOmPaJW0vtN9T1ez3"
"s3://hcp-openaccess/HCP_1200/506234/MNINonLinear/Results/tfMRI_MOTOR/tfMRI_MOTOR_hp200_s2_level2.feat/GrayordinatesStats/cope20.feat/mean_random_effects_var1.dtseries.nii","506234","MNINonLinear//Results/tfMRI_MOTOR/tfMRI_MOTOR_hp200_s2_level2.feat/GrayordinatesStats/cope20.feat/mean_random_effects_var1.dtseries.nii","tWe0fF1.BIHJEkaoVS5AFZIZLb3K4.9i"
"s3://hcp-openaccess/HCP_1200/506234/MNINonLinear/Results/tfMRI_MOTOR/tfMRI_MOTOR_hp200_s2_level2.feat/GrayordinatesStats/cope20.feat/pe1.dtseries.nii","506234","MNINonLinear//Results/tfMRI_MOTOR/tfMRI_MOTOR_hp200_s2_level2.feat/GrayordinatesStats/cope20.feat/pe1.dtseries.nii","RD4s8wqmdRK3mCj29eN4boZQsCkAhZXc"
"s3://hcp-openaccess/HCP_1200/506234/MNINonLinear/Results/tfMRI_MOTOR/tfMRI_MOTOR_hp200_s2_level2.feat/GrayordinatesStats/cope20.feat/res4d.dtseries.nii","506234","MNINonLinear//Results/tfMRI_MOTOR/tfMRI_MOTOR_hp200_s2_level2.feat/GrayordinatesStats/cope20.feat/res4d.dtseries.nii","nhBdZP6TsDVwoIJ_EmMDczvF_QsRP.uI"
"s3://hcp-openaccess/HCP_1200/506234/MNINonLinear/Results/tfMRI_MOTOR/tfMRI_MOTOR_hp200_s2_level2.feat/GrayordinatesStats/cope20.feat/tdof_t1.dtseries.nii","506234","MNINonLinear//Results/tfMRI_MOTOR/tfMRI_MOTOR_hp200_s2_level2.feat/GrayordinatesStats/cope20.feat/tdof_t1.dtseries.nii","G6h1ZwXM6clCivfb87Qsx.q8so7UhNGW"
"s3://hcp-openaccess/HCP_1200/506234/MNINonLinear/Results/tfMRI_MOTOR/tfMRI_MOTOR_hp200_s2_level2.feat/GrayordinatesStats/cope20.feat/tstat1.dtseries.nii","506234","MNINonLinear//Results/tfMRI_MOTOR/tfMRI_MOTOR_hp200_s2_level2.feat/GrayordinatesStats/cope20.feat/tstat1.dtseries.nii","onQbjN6xh0yRq7h8vi3dZFbyss1DSa7R"
"s3://hcp-openaccess/HCP_1200/506234/MNINonLinear/Results/tfMRI_MOTOR/tfMRI_MOTOR_hp200_s2_level2.feat/GrayordinatesStats/cope20.feat/varcope1.dtseries.nii","506234","MNINonLinear//Results/tfMRI_MOTOR/tfMRI_MOTOR_hp200_s2_level2.feat/GrayordinatesStats/cope20.feat/varcope1.dtseries.nii","uOICwsNZB9rMI_dBSthM5CFsQM0I73kR"
"s3://hcp-openaccess/HCP_1200/506234/MNINonLinear/Results/tfMRI_MOTOR/tfMRI_MOTOR_hp200_s2_level2.feat/GrayordinatesStats/cope20.feat/weights1.dtseries.nii","506234","MNINonLinear//Results/tfMRI_MOTOR/tfMRI_MOTOR_hp200_s2_level2.feat/GrayordinatesStats/cope20.feat/weights1.dtseries.nii","5p8d_tlDecjKW0tlnrfsHR_xWcWPTjkH"
"s3://hcp-openaccess/HCP_1200/506234/MNINonLinear/Results/tfMRI_MOTOR/tfMRI_MOTOR_hp200_s2_level2.feat/GrayordinatesStats/cope20.feat/zflame1lowertstat1.dtseries.nii","506234","MNINonLinear//Results/tfMRI_MOTOR/tfMRI_MOTOR_hp200_s2_level2.feat/GrayordinatesStats/cope20.feat/zflame1lowertstat1.dtseries.nii","LldbaF3sjXdzrLv3WA5CCgERB9LxZ_9q"
"s3://hcp-openaccess/HCP_1200/506234/MNINonLinear/Results/tfMRI_MOTOR/tfMRI_MOTOR_hp200_s2_level2.feat/GrayordinatesStats/cope20.feat/zflame1uppertstat1.dtseries.nii","506234","MNINonLinear//Results/tfMRI_MOTOR/tfMRI_MOTOR_hp200_s2_level2.feat/GrayordinatesStats/cope20.feat/zflame1uppertstat1.dtseries.nii","iE3QpHnYINJpJYx9o5fjMImoKWtB.3ba"
"s3://hcp-openaccess/HCP_1200/506234/MNINonLinear/Results/tfMRI_MOTOR/tfMRI_MOTOR_hp200_s2_level2.feat/GrayordinatesStats/cope20.feat/zstat1.dtseries.nii","506234","MNINonLinear//Results/tfMRI_MOTOR/tfMRI_MOTOR_hp200_s2_level2.feat/GrayordinatesStats/cope20.feat/zstat1.dtseries.nii","Pa4zXfVvRR0qF32_oEnP_.V6Xsh_0709"
"s3://hcp-openaccess/HCP_1200/506234/MNINonLinear/Results/tfMRI_MOTOR/tfMRI_MOTOR_hp200_s2_level2.feat/GrayordinatesStats/cope21.feat/cope1.dtseries.nii","506234","MNINonLinear//Results/tfMRI_MOTOR/tfMRI_MOTOR_hp200_s2_level2.feat/GrayordinatesStats/cope21.feat/cope1.dtseries.nii","9L3jnuV1FqFRrQCaO9bCXS4aMic7OsOx"
"s3://hcp-openaccess/HCP_1200/506234/MNINonLinear/Results/tfMRI_MOTOR/tfMRI_MOTOR_hp200_s2_level2.feat/GrayordinatesStats/cope21.feat/logfile","506234","MNINonLinear//Results/tfMRI_MOTOR/tfMRI_MOTOR_hp200_s2_level2.feat/GrayordinatesStats/cope21.feat/logfile","4jQVnimQbuDUtos9WmdtDXK8d2YvRC.p"
"s3://hcp-openaccess/HCP_1200/506234/MNINonLinear/Results/tfMRI_MOTOR/tfMRI_MOTOR_hp200_s2_level2.feat/GrayordinatesStats/cope21.feat/mask.dtseries.nii","506234","MNINonLinear//Results/tfMRI_MOTOR/tfMRI_MOTOR_hp200_s2_level2.feat/GrayordinatesStats/cope21.feat/mask.dtseries.nii","NGJeQO4DvXT6k2upF8fUIEl.WhZmO6AB"
"s3://hcp-openaccess/HCP_1200/506234/MNINonLinear/Results/tfMRI_MOTOR/tfMRI_MOTOR_hp200_s2_level2.feat/GrayordinatesStats/cope21.feat/mean_random_effects_var1.dtseries.nii","506234","MNINonLinear//Results/tfMRI_MOTOR/tfMRI_MOTOR_hp200_s2_level2.feat/GrayordinatesStats/cope21.feat/mean_random_effects_var1.dtseries.nii","rcj9F.y3Y6XBuhSbfVRzbwVzShvR7YHF"
"s3://hcp-openaccess/HCP_1200/506234/MNINonLinear/Results/tfMRI_MOTOR/tfMRI_MOTOR_hp200_s2_level2.feat/GrayordinatesStats/cope21.feat/pe1.dtseries.nii","506234","MNINonLinear//Results/tfMRI_MOTOR/tfMRI_MOTOR_hp200_s2_level2.feat/GrayordinatesStats/cope21.feat/pe1.dtseries.nii","tKUEWkmuMpvC.jofBjSJhlvvoI9rl5hB"
"s3://hcp-openaccess/HCP_1200/506234/MNINonLinear/Results/tfMRI_MOTOR/tfMRI_MOTOR_hp200_s2_level2.feat/GrayordinatesStats/cope21.feat/res4d.dtseries.nii","506234","MNINonLinear//Results/tfMRI_MOTOR/tfMRI_MOTOR_hp200_s2_level2.feat/GrayordinatesStats/cope21.feat/res4d.dtseries.nii","A.Y.4Fbx55PyQILufKlVWl3PbPla3l_F"
"s3://hcp-openaccess/HCP_1200/506234/MNINonLinear/Results/tfMRI_MOTOR/tfMRI_MOTOR_hp200_s2_level2.feat/GrayordinatesStats/cope21.feat/tdof_t1.dtseries.nii","506234","MNINonLinear//Results/tfMRI_MOTOR/tfMRI_MOTOR_hp200_s2_level2.feat/GrayordinatesStats/cope21.feat/tdof_t1.dtseries.nii","Ijrf8T8VGZEAJ0zpkBxKClOXYHCtOibq"
"s3://hcp-openaccess/HCP_1200/506234/MNINonLinear/Results/tfMRI_MOTOR/tfMRI_MOTOR_hp200_s2_level2.feat/GrayordinatesStats/cope21.feat/tstat1.dtseries.nii","506234","MNINonLinear//Results/tfMRI_MOTOR/tfMRI_MOTOR_hp200_s2_level2.feat/GrayordinatesStats/cope21.feat/tstat1.dtseries.nii","69JzNYj5V.PV4QdbE2LyCo9ExuY3J2Vk"
"s3://hcp-openaccess/HCP_1200/506234/MNINonLinear/Results/tfMRI_MOTOR/tfMRI_MOTOR_hp200_s2_level2.feat/GrayordinatesStats/cope21.feat/varcope1.dtseries.nii","506234","MNINonLinear//Results/tfMRI_MOTOR/tfMRI_MOTOR_hp200_s2_level2.feat/GrayordinatesStats/cope21.feat/varcope1.dtseries.nii","Blc8uPj3zJeaJbEIUacqYRUpdCAL3iel"
"s3://hcp-openaccess/HCP_1200/506234/MNINonLinear/Results/tfMRI_MOTOR/tfMRI_MOTOR_hp200_s2_level2.feat/GrayordinatesStats/cope21.feat/weights1.dtseries.nii","506234","MNINonLinear//Results/tfMRI_MOTOR/tfMRI_MOTOR_hp200_s2_level2.feat/GrayordinatesStats/cope21.feat/weights1.dtseries.nii","_Y05SqS8Uk6iBs1CxJKFCw6GG9dtlEiT"
"s3://hcp-openaccess/HCP_1200/506234/MNINonLinear/Results/tfMRI_MOTOR/tfMRI_MOTOR_hp200_s2_level2.feat/GrayordinatesStats/cope21.feat/zflame1lowertstat1.dtseries.nii","506234","MNINonLinear//Results/tfMRI_MOTOR/tfMRI_MOTOR_hp200_s2_level2.feat/GrayordinatesStats/cope21.feat/zflame1lowertstat1.dtseries.nii","mMapv3ZNllgMxp146dRZLtu_MiQaOSXg"
"s3://hcp-openaccess/HCP_1200/506234/MNINonLinear/Results/tfMRI_MOTOR/tfMRI_MOTOR_hp200_s2_level2.feat/GrayordinatesStats/cope21.feat/zflame1uppertstat1.dtseries.nii","506234","MNINonLinear//Results/tfMRI_MOTOR/tfMRI_MOTOR_hp200_s2_level2.feat/GrayordinatesStats/cope21.feat/zflame1uppertstat1.dtseries.nii","0ySZNQ7wjUB7IG45bhuEvlbe4aFNacrI"
"s3://hcp-openaccess/HCP_1200/506234/MNINonLinear/Results/tfMRI_MOTOR/tfMRI_MOTOR_hp200_s2_level2.feat/GrayordinatesStats/cope21.feat/zstat1.dtseries.nii","506234","MNINonLinear//Results/tfMRI_MOTOR/tfMRI_MOTOR_hp200_s2_level2.feat/GrayordinatesStats/cope21.feat/zstat1.dtseries.nii","saH6KGn9q1onx4EY3U_OYL5AZ4KV0.gH"
"s3://hcp-openaccess/HCP_1200/506234/MNINonLinear/Results/tfMRI_MOTOR/tfMRI_MOTOR_hp200_s2_level2.feat/GrayordinatesStats/cope22.feat/cope1.dtseries.nii","506234","MNINonLinear//Results/tfMRI_MOTOR/tfMRI_MOTOR_hp200_s2_level2.feat/GrayordinatesStats/cope22.feat/cope1.dtseries.nii","0uclSJnwe.9E6.WICEllvp2gIC31Smxh"
"s3://hcp-openaccess/HCP_1200/506234/MNINonLinear/Results/tfMRI_MOTOR/tfMRI_MOTOR_hp200_s2_level2.feat/GrayordinatesStats/cope22.feat/logfile","506234","MNINonLinear//Results/tfMRI_MOTOR/tfMRI_MOTOR_hp200_s2_level2.feat/GrayordinatesStats/cope22.feat/logfile","gDBsfGuFFMY9Gx_PQJXtJIe.9UPFR2RM"
"s3://hcp-openaccess/HCP_1200/506234/MNINonLinear/Results/tfMRI_MOTOR/tfMRI_MOTOR_hp200_s2_level2.feat/GrayordinatesStats/cope22.feat/mask.dtseries.nii","506234","MNINonLinear//Results/tfMRI_MOTOR/tfMRI_MOTOR_hp200_s2_level2.feat/GrayordinatesStats/cope22.feat/mask.dtseries.nii","LIB_3eQ0C0gsorRGZUtR22jodhY.LcCO"
"s3://hcp-openaccess/HCP_1200/506234/MNINonLinear/Results/tfMRI_MOTOR/tfMRI_MOTOR_hp200_s2_level2.feat/GrayordinatesStats/cope22.feat/mean_random_effects_var1.dtseries.nii","506234","MNINonLinear//Results/tfMRI_MOTOR/tfMRI_MOTOR_hp200_s2_level2.feat/GrayordinatesStats/cope22.feat/mean_random_effects_var1.dtseries.nii","X85nVIGXx2ngIPBsXp.wgMpuPUGBQEqf"
"s3://hcp-openaccess/HCP_1200/506234/MNINonLinear/Results/tfMRI_MOTOR/tfMRI_MOTOR_hp200_s2_level2.feat/GrayordinatesStats/cope22.feat/pe1.dtseries.nii","506234","MNINonLinear//Results/tfMRI_MOTOR/tfMRI_MOTOR_hp200_s2_level2.feat/GrayordinatesStats/cope22.feat/pe1.dtseries.nii","MYjnkINxLT2He9E6iXaUQhb2yIqwKyTU"
"s3://hcp-openaccess/HCP_1200/506234/MNINonLinear/Results/tfMRI_MOTOR/tfMRI_MOTOR_hp200_s2_level2.feat/GrayordinatesStats/cope22.feat/res4d.dtseries.nii","506234","MNINonLinear//Results/tfMRI_MOTOR/tfMRI_MOTOR_hp200_s2_level2.feat/GrayordinatesStats/cope22.feat/res4d.dtseries.nii","XvKhEEHVcJ_cGbMGJB2FNAG71MgJoa_X"
"s3://hcp-openaccess/HCP_1200/506234/MNINonLinear/Results/tfMRI_MOTOR/tfMRI_MOTOR_hp200_s2_level2.feat/GrayordinatesStats/cope22.feat/tdof_t1.dtseries.nii","506234","MNINonLinear//Results/tfMRI_MOTOR/tfMRI_MOTOR_hp200_s2_level2.feat/GrayordinatesStats/cope22.feat/tdof_t1.dtseries.nii","QSE3KivEXnVCoGNWCqivOXzxrmSd6G.."
"s3://hcp-openaccess/HCP_1200/506234/MNINonLinear/Results/tfMRI_MOTOR/tfMRI_MOTOR_hp200_s2_level2.feat/GrayordinatesStats/cope22.feat/tstat1.dtseries.nii","506234","MNINonLinear//Results/tfMRI_MOTOR/tfMRI_MOTOR_hp200_s2_level2.feat/GrayordinatesStats/cope22.feat/tstat1.dtseries.nii","ACRC_s_TTbEhU.TdSXhc5vIox6zsffU6"
"s3://hcp-openaccess/HCP_1200/506234/MNINonLinear/Results/tfMRI_MOTOR/tfMRI_MOTOR_hp200_s2_level2.feat/GrayordinatesStats/cope22.feat/varcope1.dtseries.nii","506234","MNINonLinear//Results/tfMRI_MOTOR/tfMRI_MOTOR_hp200_s2_level2.feat/GrayordinatesStats/cope22.feat/varcope1.dtseries.nii","ONqutfZaXlJ8gZzNz5XCN5dLCCt5WwMu"
"s3://hcp-openaccess/HCP_1200/506234/MNINonLinear/Results/tfMRI_MOTOR/tfMRI_MOTOR_hp200_s2_level2.feat/GrayordinatesStats/cope22.feat/weights1.dtseries.nii","506234","MNINonLinear//Results/tfMRI_MOTOR/tfMRI_MOTOR_hp200_s2_level2.feat/GrayordinatesStats/cope22.feat/weights1.dtseries.nii","U9zAR1hLcUTxe.ymNODm0mE35jD4I7G_"
"s3://hcp-openaccess/HCP_1200/506234/MNINonLinear/Results/tfMRI_MOTOR/tfMRI_MOTOR_hp200_s2_level2.feat/GrayordinatesStats/cope22.feat/zflame1lowertstat1.dtseries.nii","506234","MNINonLinear//Results/tfMRI_MOTOR/tfMRI_MOTOR_hp200_s2_level2.feat/GrayordinatesStats/cope22.feat/zflame1lowertstat1.dtseries.nii","MsAPHlw2TgzyPWqNiPcTGwaeO1d.Vw.N"
"s3://hcp-openaccess/HCP_1200/506234/MNINonLinear/Results/tfMRI_MOTOR/tfMRI_MOTOR_hp200_s2_level2.feat/GrayordinatesStats/cope22.feat/zflame1uppertstat1.dtseries.nii","506234","MNINonLinear//Results/tfMRI_MOTOR/tfMRI_MOTOR_hp200_s2_level2.feat/GrayordinatesStats/cope22.feat/zflame1uppertstat1.dtseries.nii","hS4bYqGmaxKUb9GVPMcgLVNVIIXzfl1w"
"s3://hcp-openaccess/HCP_1200/506234/MNINonLinear/Results/tfMRI_MOTOR/tfMRI_MOTOR_hp200_s2_level2.feat/GrayordinatesStats/cope22.feat/zstat1.dtseries.nii","506234","MNINonLinear//Results/tfMRI_MOTOR/tfMRI_MOTOR_hp200_s2_level2.feat/GrayordinatesStats/cope22.feat/zstat1.dtseries.nii","L8eBvKsIXMBMMbp4VkXAiN8W3LPixjFA"
"s3://hcp-openaccess/HCP_1200/506234/MNINonLinear/Results/tfMRI_MOTOR/tfMRI_MOTOR_hp200_s2_level2.feat/GrayordinatesStats/cope23.feat/cope1.dtseries.nii","506234","MNINonLinear//Results/tfMRI_MOTOR/tfMRI_MOTOR_hp200_s2_level2.feat/GrayordinatesStats/cope23.feat/cope1.dtseries.nii","6Ti8Wrv6lxqBWT5UrtcKjrBUAcGsIDEQ"
"s3://hcp-openaccess/HCP_1200/506234/MNINonLinear/Results/tfMRI_MOTOR/tfMRI_MOTOR_hp200_s2_level2.feat/GrayordinatesStats/cope23.feat/logfile","506234","MNINonLinear//Results/tfMRI_MOTOR/tfMRI_MOTOR_hp200_s2_level2.feat/GrayordinatesStats/cope23.feat/logfile","iPNVyUY63Yl2OIIiu.5xNqNvwVxl8dJq"
"s3://hcp-openaccess/HCP_1200/506234/MNINonLinear/Results/tfMRI_MOTOR/tfMRI_MOTOR_hp200_s2_level2.feat/GrayordinatesStats/cope23.feat/mask.dtseries.nii","506234","MNINonLinear//Results/tfMRI_MOTOR/tfMRI_MOTOR_hp200_s2_level2.feat/GrayordinatesStats/cope23.feat/mask.dtseries.nii","O2piNK1XYwjlgdBjN8HYYO11_AvcthEv"
"s3://hcp-openaccess/HCP_1200/506234/MNINonLinear/Results/tfMRI_MOTOR/tfMRI_MOTOR_hp200_s2_level2.feat/GrayordinatesStats/cope23.feat/mean_random_effects_var1.dtseries.nii","506234","MNINonLinear//Results/tfMRI_MOTOR/tfMRI_MOTOR_hp200_s2_level2.feat/GrayordinatesStats/cope23.feat/mean_random_effects_var1.dtseries.nii","Pzbyw0Cx.hdGgRIJ00MxWYinZUZdHTTU"
"s3://hcp-openaccess/HCP_1200/506234/MNINonLinear/Results/tfMRI_MOTOR/tfMRI_MOTOR_hp200_s2_level2.feat/GrayordinatesStats/cope23.feat/pe1.dtseries.nii","506234","MNINonLinear//Results/tfMRI_MOTOR/tfMRI_MOTOR_hp200_s2_level2.feat/GrayordinatesStats/cope23.feat/pe1.dtseries.nii","_uA7QD09i.2lZ4gBHF95yjKUX5VipARQ"
"s3://hcp-openaccess/HCP_1200/506234/MNINonLinear/Results/tfMRI_MOTOR/tfMRI_MOTOR_hp200_s2_level2.feat/GrayordinatesStats/cope23.feat/res4d.dtseries.nii","506234","MNINonLinear//Results/tfMRI_MOTOR/tfMRI_MOTOR_hp200_s2_level2.feat/GrayordinatesStats/cope23.feat/res4d.dtseries.nii","Hlg9NeF8uJaC2vLi9yl3hydk9ouxHf3s"
"s3://hcp-openaccess/HCP_1200/506234/MNINonLinear/Results/tfMRI_MOTOR/tfMRI_MOTOR_hp200_s2_level2.feat/GrayordinatesStats/cope23.feat/tdof_t1.dtseries.nii","506234","MNINonLinear//Results/tfMRI_MOTOR/tfMRI_MOTOR_hp200_s2_level2.feat/GrayordinatesStats/cope23.feat/tdof_t1.dtseries.nii","1NmP_3n97HKCKlWzRsvGTZrHHk1gioZo"
"s3://hcp-openaccess/HCP_1200/506234/MNINonLinear/Results/tfMRI_MOTOR/tfMRI_MOTOR_hp200_s2_level2.feat/GrayordinatesStats/cope23.feat/tstat1.dtseries.nii","506234","MNINonLinear//Results/tfMRI_MOTOR/tfMRI_MOTOR_hp200_s2_level2.feat/GrayordinatesStats/cope23.feat/tstat1.dtseries.nii","M3pVAT83MgJuRmGb5trySJGld9g8jdTs"
"s3://hcp-openaccess/HCP_1200/506234/MNINonLinear/Results/tfMRI_MOTOR/tfMRI_MOTOR_hp200_s2_level2.feat/GrayordinatesStats/cope23.feat/varcope1.dtseries.nii","506234","MNINonLinear//Results/tfMRI_MOTOR/tfMRI_MOTOR_hp200_s2_level2.feat/GrayordinatesStats/cope23.feat/varcope1.dtseries.nii","BSpDlVsNwGP6IGMOIw9Y5UmgW85TDZ6u"
"s3://hcp-openaccess/HCP_1200/506234/MNINonLinear/Results/tfMRI_MOTOR/tfMRI_MOTOR_hp200_s2_level2.feat/GrayordinatesStats/cope23.feat/weights1.dtseries.nii","506234","MNINonLinear//Results/tfMRI_MOTOR/tfMRI_MOTOR_hp200_s2_level2.feat/GrayordinatesStats/cope23.feat/weights1.dtseries.nii","LiQF1Squwtjgeephd_s5MCHw07WzEBhG"
"s3://hcp-openaccess/HCP_1200/506234/MNINonLinear/Results/tfMRI_MOTOR/tfMRI_MOTOR_hp200_s2_level2.feat/GrayordinatesStats/cope23.feat/zflame1lowertstat1.dtseries.nii","506234","MNINonLinear//Results/tfMRI_MOTOR/tfMRI_MOTOR_hp200_s2_level2.feat/GrayordinatesStats/cope23.feat/zflame1lowertstat1.dtseries.nii","TZZHaBzrMDNXWvtGcs3FVUSEFgDtnzJV"
"s3://hcp-openaccess/HCP_1200/506234/MNINonLinear/Results/tfMRI_MOTOR/tfMRI_MOTOR_hp200_s2_level2.feat/GrayordinatesStats/cope23.feat/zflame1uppertstat1.dtseries.nii","506234","MNINonLinear//Results/tfMRI_MOTOR/tfMRI_MOTOR_hp200_s2_level2.feat/GrayordinatesStats/cope23.feat/zflame1uppertstat1.dtseries.nii","SFLjMOteu8rgyLPmzRagnhuruixthf0B"
"s3://hcp-openaccess/HCP_1200/506234/MNINonLinear/Results/tfMRI_MOTOR/tfMRI_MOTOR_hp200_s2_level2.feat/GrayordinatesStats/cope23.feat/zstat1.dtseries.nii","506234","MNINonLinear//Results/tfMRI_MOTOR/tfMRI_MOTOR_hp200_s2_level2.feat/GrayordinatesStats/cope23.feat/zstat1.dtseries.nii","rKXfQpGMNYV6ibTw1XyOZrSrjNkdmCSB"
"s3://hcp-openaccess/HCP_1200/506234/MNINonLinear/Results/tfMRI_MOTOR/tfMRI_MOTOR_hp200_s2_level2.feat/GrayordinatesStats/cope24.feat/cope1.dtseries.nii","506234","MNINonLinear//Results/tfMRI_MOTOR/tfMRI_MOTOR_hp200_s2_level2.feat/GrayordinatesStats/cope24.feat/cope1.dtseries.nii","RzEMZA.Olo9taHORN0cM.PRL6HdTZ3Ag"
"s3://hcp-openaccess/HCP_1200/506234/MNINonLinear/Results/tfMRI_MOTOR/tfMRI_MOTOR_hp200_s2_level2.feat/GrayordinatesStats/cope24.feat/logfile","506234","MNINonLinear//Results/tfMRI_MOTOR/tfMRI_MOTOR_hp200_s2_level2.feat/GrayordinatesStats/cope24.feat/logfile","mLQQZ4ShRPVGYFBvUiA77wYu5tZTLp9G"
"s3://hcp-openaccess/HCP_1200/506234/MNINonLinear/Results/tfMRI_MOTOR/tfMRI_MOTOR_hp200_s2_level2.feat/GrayordinatesStats/cope24.feat/mask.dtseries.nii","506234","MNINonLinear//Results/tfMRI_MOTOR/tfMRI_MOTOR_hp200_s2_level2.feat/GrayordinatesStats/cope24.feat/mask.dtseries.nii","dcK2yJKsvEww9dfnydJ_zFBJocuQQHQK"
"s3://hcp-openaccess/HCP_1200/506234/MNINonLinear/Results/tfMRI_MOTOR/tfMRI_MOTOR_hp200_s2_level2.feat/GrayordinatesStats/cope24.feat/mean_random_effects_var1.dtseries.nii","506234","MNINonLinear//Results/tfMRI_MOTOR/tfMRI_MOTOR_hp200_s2_level2.feat/GrayordinatesStats/cope24.feat/mean_random_effects_var1.dtseries.nii","iPkufslBJpctMWi8SWkiJW.G60ZzEWXF"
"s3://hcp-openaccess/HCP_1200/506234/MNINonLinear/Results/tfMRI_MOTOR/tfMRI_MOTOR_hp200_s2_level2.feat/GrayordinatesStats/cope24.feat/pe1.dtseries.nii","506234","MNINonLinear//Results/tfMRI_MOTOR/tfMRI_MOTOR_hp200_s2_level2.feat/GrayordinatesStats/cope24.feat/pe1.dtseries.nii","JlyMa_Z1w7.8EaBVjoLEagYlMVVqRD3K"
"s3://hcp-openaccess/HCP_1200/506234/MNINonLinear/Results/tfMRI_MOTOR/tfMRI_MOTOR_hp200_s2_level2.feat/GrayordinatesStats/cope24.feat/res4d.dtseries.nii","506234","MNINonLinear//Results/tfMRI_MOTOR/tfMRI_MOTOR_hp200_s2_level2.feat/GrayordinatesStats/cope24.feat/res4d.dtseries.nii","tFkbEEGlkkbf_q9GZbMopQYhlpc6U3bS"
"s3://hcp-openaccess/HCP_1200/506234/MNINonLinear/Results/tfMRI_MOTOR/tfMRI_MOTOR_hp200_s2_level2.feat/GrayordinatesStats/cope24.feat/tdof_t1.dtseries.nii","506234","MNINonLinear//Results/tfMRI_MOTOR/tfMRI_MOTOR_hp200_s2_level2.feat/GrayordinatesStats/cope24.feat/tdof_t1.dtseries.nii","5.mu.ASGq6Lib7.RYd9HyMI__SehSZAX"
"s3://hcp-openaccess/HCP_1200/506234/MNINonLinear/Results/tfMRI_MOTOR/tfMRI_MOTOR_hp200_s2_level2.feat/GrayordinatesStats/cope24.feat/tstat1.dtseries.nii","506234","MNINonLinear//Results/tfMRI_MOTOR/tfMRI_MOTOR_hp200_s2_level2.feat/GrayordinatesStats/cope24.feat/tstat1.dtseries.nii","RbaO26v6fhNSw2WZzkaSt6sN8Zh4P.4r"
"s3://hcp-openaccess/HCP_1200/506234/MNINonLinear/Results/tfMRI_MOTOR/tfMRI_MOTOR_hp200_s2_level2.feat/GrayordinatesStats/cope24.feat/varcope1.dtseries.nii","506234","MNINonLinear//Results/tfMRI_MOTOR/tfMRI_MOTOR_hp200_s2_level2.feat/GrayordinatesStats/cope24.feat/varcope1.dtseries.nii","07eCCtcmYXK6Jo4d7E3g.j.NDEYcKUFX"
"s3://hcp-openaccess/HCP_1200/506234/MNINonLinear/Results/tfMRI_MOTOR/tfMRI_MOTOR_hp200_s2_level2.feat/GrayordinatesStats/cope24.feat/weights1.dtseries.nii","506234","MNINonLinear//Results/tfMRI_MOTOR/tfMRI_MOTOR_hp200_s2_level2.feat/GrayordinatesStats/cope24.feat/weights1.dtseries.nii","DC.QG6w_zrtckSQeW8UUP_IsmgRExcYs"
"s3://hcp-openaccess/HCP_1200/506234/MNINonLinear/Results/tfMRI_MOTOR/tfMRI_MOTOR_hp200_s2_level2.feat/GrayordinatesStats/cope24.feat/zflame1lowertstat1.dtseries.nii","506234","MNINonLinear//Results/tfMRI_MOTOR/tfMRI_MOTOR_hp200_s2_level2.feat/GrayordinatesStats/cope24.feat/zflame1lowertstat1.dtseries.nii","k3tEiJwuLwl8Dx4w7TSwoRYTuuKNFFq7"
"s3://hcp-openaccess/HCP_1200/506234/MNINonLinear/Results/tfMRI_MOTOR/tfMRI_MOTOR_hp200_s2_level2.feat/GrayordinatesStats/cope24.feat/zflame1uppertstat1.dtseries.nii","506234","MNINonLinear//Results/tfMRI_MOTOR/tfMRI_MOTOR_hp200_s2_level2.feat/GrayordinatesStats/cope24.feat/zflame1uppertstat1.dtseries.nii","GxbRbDIiXstplZLC26zu5Xi1iP1bzMnw"
"s3://hcp-openaccess/HCP_1200/506234/MNINonLinear/Results/tfMRI_MOTOR/tfMRI_MOTOR_hp200_s2_level2.feat/GrayordinatesStats/cope24.feat/zstat1.dtseries.nii","506234","MNINonLinear//Results/tfMRI_MOTOR/tfMRI_MOTOR_hp200_s2_level2.feat/GrayordinatesStats/cope24.feat/zstat1.dtseries.nii","dEs3bCB6Ds_.vX1TmIXWysVVXmsG9kON"
"s3://hcp-openaccess/HCP_1200/506234/MNINonLinear/Results/tfMRI_MOTOR/tfMRI_MOTOR_hp200_s2_level2.feat/GrayordinatesStats/cope25.feat/cope1.dtseries.nii","506234","MNINonLinear//Results/tfMRI_MOTOR/tfMRI_MOTOR_hp200_s2_level2.feat/GrayordinatesStats/cope25.feat/cope1.dtseries.nii","Vi3IapdEy3qvpEF_kVL8pF5FzjYXizEg"
"s3://hcp-openaccess/HCP_1200/506234/MNINonLinear/Results/tfMRI_MOTOR/tfMRI_MOTOR_hp200_s2_level2.feat/GrayordinatesStats/cope25.feat/logfile","506234","MNINonLinear//Results/tfMRI_MOTOR/tfMRI_MOTOR_hp200_s2_level2.feat/GrayordinatesStats/cope25.feat/logfile","rOBRvcrHI1Fx0G9yUtorIx.Bec0aoCW1"
"s3://hcp-openaccess/HCP_1200/506234/MNINonLinear/Results/tfMRI_MOTOR/tfMRI_MOTOR_hp200_s2_level2.feat/GrayordinatesStats/cope25.feat/mask.dtseries.nii","506234","MNINonLinear//Results/tfMRI_MOTOR/tfMRI_MOTOR_hp200_s2_level2.feat/GrayordinatesStats/cope25.feat/mask.dtseries.nii","Ehv8_uvOpXZ.YMEjXknJmG2KHvayyWhc"
"s3://hcp-openaccess/HCP_1200/506234/MNINonLinear/Results/tfMRI_MOTOR/tfMRI_MOTOR_hp200_s2_level2.feat/GrayordinatesStats/cope25.feat/mean_random_effects_var1.dtseries.nii","506234","MNINonLinear//Results/tfMRI_MOTOR/tfMRI_MOTOR_hp200_s2_level2.feat/GrayordinatesStats/cope25.feat/mean_random_effects_var1.dtseries.nii","4h_HkFTmNsu8E.LWaRJRGttM70x74oed"
"s3://hcp-openaccess/HCP_1200/506234/MNINonLinear/Results/tfMRI_MOTOR/tfMRI_MOTOR_hp200_s2_level2.feat/GrayordinatesStats/cope25.feat/pe1.dtseries.nii","506234","MNINonLinear//Results/tfMRI_MOTOR/tfMRI_MOTOR_hp200_s2_level2.feat/GrayordinatesStats/cope25.feat/pe1.dtseries.nii","UXQtHTFudJq9Z6qr75ZdRCKC2V7tuVUL"
"s3://hcp-openaccess/HCP_1200/506234/MNINonLinear/Results/tfMRI_MOTOR/tfMRI_MOTOR_hp200_s2_level2.feat/GrayordinatesStats/cope25.feat/res4d.dtseries.nii","506234","MNINonLinear//Results/tfMRI_MOTOR/tfMRI_MOTOR_hp200_s2_level2.feat/GrayordinatesStats/cope25.feat/res4d.dtseries.nii","RUsLijkG0pWrPkUYXgvnmCllnMOLq881"
"s3://hcp-openaccess/HCP_1200/506234/MNINonLinear/Results/tfMRI_MOTOR/tfMRI_MOTOR_hp200_s2_level2.feat/GrayordinatesStats/cope25.feat/tdof_t1.dtseries.nii","506234","MNINonLinear//Results/tfMRI_MOTOR/tfMRI_MOTOR_hp200_s2_level2.feat/GrayordinatesStats/cope25.feat/tdof_t1.dtseries.nii","C3kIz0OvwUcb3K.oJm2zs7s003P67OMc"
"s3://hcp-openaccess/HCP_1200/506234/MNINonLinear/Results/tfMRI_MOTOR/tfMRI_MOTOR_hp200_s2_level2.feat/GrayordinatesStats/cope25.feat/tstat1.dtseries.nii","506234","MNINonLinear//Results/tfMRI_MOTOR/tfMRI_MOTOR_hp200_s2_level2.feat/GrayordinatesStats/cope25.feat/tstat1.dtseries.nii","gdN8GByHxkBH52KInbVIE17QjMlq8O2q"
"s3://hcp-openaccess/HCP_1200/506234/MNINonLinear/Results/tfMRI_MOTOR/tfMRI_MOTOR_hp200_s2_level2.feat/GrayordinatesStats/cope25.feat/varcope1.dtseries.nii","506234","MNINonLinear//Results/tfMRI_MOTOR/tfMRI_MOTOR_hp200_s2_level2.feat/GrayordinatesStats/cope25.feat/varcope1.dtseries.nii",".MhlKYY9RNPGAqkEhhThEbrSILF7hlR2"
"s3://hcp-openaccess/HCP_1200/506234/MNINonLinear/Results/tfMRI_MOTOR/tfMRI_MOTOR_hp200_s2_level2.feat/GrayordinatesStats/cope25.feat/weights1.dtseries.nii","506234","MNINonLinear//Results/tfMRI_MOTOR/tfMRI_MOTOR_hp200_s2_level2.feat/GrayordinatesStats/cope25.feat/weights1.dtseries.nii","UPyn5pyFAaSsjR7XsxhDWEwhYdFOEB_q"
"s3://hcp-openaccess/HCP_1200/506234/MNINonLinear/Results/tfMRI_MOTOR/tfMRI_MOTOR_hp200_s2_level2.feat/GrayordinatesStats/cope25.feat/zflame1lowertstat1.dtseries.nii","506234","MNINonLinear//Results/tfMRI_MOTOR/tfMRI_MOTOR_hp200_s2_level2.feat/GrayordinatesStats/cope25.feat/zflame1lowertstat1.dtseries.nii","o.EU6S_f04fJ1W_7olLoIADvxy.VZoQa"
"s3://hcp-openaccess/HCP_1200/506234/MNINonLinear/Results/tfMRI_MOTOR/tfMRI_MOTOR_hp200_s2_level2.feat/GrayordinatesStats/cope25.feat/zflame1uppertstat1.dtseries.nii","506234","MNINonLinear//Results/tfMRI_MOTOR/tfMRI_MOTOR_hp200_s2_level2.feat/GrayordinatesStats/cope25.feat/zflame1uppertstat1.dtseries.nii","PW42hWDUAnmwMehGpjLfTTOJ7JoP3zxj"
"s3://hcp-openaccess/HCP_1200/506234/MNINonLinear/Results/tfMRI_MOTOR/tfMRI_MOTOR_hp200_s2_level2.feat/GrayordinatesStats/cope25.feat/zstat1.dtseries.nii","506234","MNINonLinear//Results/tfMRI_MOTOR/tfMRI_MOTOR_hp200_s2_level2.feat/GrayordinatesStats/cope25.feat/zstat1.dtseries.nii","G4h9ulXn7LarNj34XQGVnsZEZl7xMGAA"
"s3://hcp-openaccess/HCP_1200/506234/MNINonLinear/Results/tfMRI_MOTOR/tfMRI_MOTOR_hp200_s2_level2.feat/GrayordinatesStats/cope26.feat/cope1.dtseries.nii","506234","MNINonLinear//Results/tfMRI_MOTOR/tfMRI_MOTOR_hp200_s2_level2.feat/GrayordinatesStats/cope26.feat/cope1.dtseries.nii","GNLB_X9aJHtCgkj4rKYC8fY9AT7Au0WU"
"s3://hcp-openaccess/HCP_1200/506234/MNINonLinear/Results/tfMRI_MOTOR/tfMRI_MOTOR_hp200_s2_level2.feat/GrayordinatesStats/cope26.feat/logfile","506234","MNINonLinear//Results/tfMRI_MOTOR/tfMRI_MOTOR_hp200_s2_level2.feat/GrayordinatesStats/cope26.feat/logfile","kT103Gdzd9ViKLcDjSg4AG8xZGsS6nyf"
"s3://hcp-openaccess/HCP_1200/506234/MNINonLinear/Results/tfMRI_MOTOR/tfMRI_MOTOR_hp200_s2_level2.feat/GrayordinatesStats/cope26.feat/mask.dtseries.nii","506234","MNINonLinear//Results/tfMRI_MOTOR/tfMRI_MOTOR_hp200_s2_level2.feat/GrayordinatesStats/cope26.feat/mask.dtseries.nii","UcToUPP8eGbZr6TF88qPrRCuhuBKie8r"
"s3://hcp-openaccess/HCP_1200/506234/MNINonLinear/Results/tfMRI_MOTOR/tfMRI_MOTOR_hp200_s2_level2.feat/GrayordinatesStats/cope26.feat/mean_random_effects_var1.dtseries.nii","506234","MNINonLinear//Results/tfMRI_MOTOR/tfMRI_MOTOR_hp200_s2_level2.feat/GrayordinatesStats/cope26.feat/mean_random_effects_var1.dtseries.nii","Mv__JDTo0TfPIgXiF1q7nsASUINUoFxr"
"s3://hcp-openaccess/HCP_1200/506234/MNINonLinear/Results/tfMRI_MOTOR/tfMRI_MOTOR_hp200_s2_level2.feat/GrayordinatesStats/cope26.feat/pe1.dtseries.nii","506234","MNINonLinear//Results/tfMRI_MOTOR/tfMRI_MOTOR_hp200_s2_level2.feat/GrayordinatesStats/cope26.feat/pe1.dtseries.nii","wplti5m.vJyqEGcWmV2b1A8jW62wkPPM"
"s3://hcp-openaccess/HCP_1200/506234/MNINonLinear/Results/tfMRI_MOTOR/tfMRI_MOTOR_hp200_s2_level2.feat/GrayordinatesStats/cope26.feat/res4d.dtseries.nii","506234","MNINonLinear//Results/tfMRI_MOTOR/tfMRI_MOTOR_hp200_s2_level2.feat/GrayordinatesStats/cope26.feat/res4d.dtseries.nii","H8vSyzM16PW1mJ6Mjmj7XOgBoQl8G4TU"
"s3://hcp-openaccess/HCP_1200/506234/MNINonLinear/Results/tfMRI_MOTOR/tfMRI_MOTOR_hp200_s2_level2.feat/GrayordinatesStats/cope26.feat/tdof_t1.dtseries.nii","506234","MNINonLinear//Results/tfMRI_MOTOR/tfMRI_MOTOR_hp200_s2_level2.feat/GrayordinatesStats/cope26.feat/tdof_t1.dtseries.nii","jr8rh_SD.6W8OsnqVeEJ.C4HopR8CrTN"
"s3://hcp-openaccess/HCP_1200/506234/MNINonLinear/Results/tfMRI_MOTOR/tfMRI_MOTOR_hp200_s2_level2.feat/GrayordinatesStats/cope26.feat/tstat1.dtseries.nii","506234","MNINonLinear//Results/tfMRI_MOTOR/tfMRI_MOTOR_hp200_s2_level2.feat/GrayordinatesStats/cope26.feat/tstat1.dtseries.nii","TDSRnu..ozKhUISyZUPMnXP6E3WQU3UI"
"s3://hcp-openaccess/HCP_1200/506234/MNINonLinear/Results/tfMRI_MOTOR/tfMRI_MOTOR_hp200_s2_level2.feat/GrayordinatesStats/cope26.feat/varcope1.dtseries.nii","506234","MNINonLinear//Results/tfMRI_MOTOR/tfMRI_MOTOR_hp200_s2_level2.feat/GrayordinatesStats/cope26.feat/varcope1.dtseries.nii","ZcOeEyecJf5xf_ydOklUpwbyhGoAxh2P"
"s3://hcp-openaccess/HCP_1200/506234/MNINonLinear/Results/tfMRI_MOTOR/tfMRI_MOTOR_hp200_s2_level2.feat/GrayordinatesStats/cope26.feat/weights1.dtseries.nii","506234","MNINonLinear//Results/tfMRI_MOTOR/tfMRI_MOTOR_hp200_s2_level2.feat/GrayordinatesStats/cope26.feat/weights1.dtseries.nii","oMFeM7UeagxF.7X3T8LFXSMnL1KhB87q"
"s3://hcp-openaccess/HCP_1200/506234/MNINonLinear/Results/tfMRI_MOTOR/tfMRI_MOTOR_hp200_s2_level2.feat/GrayordinatesStats/cope26.feat/zflame1lowertstat1.dtseries.nii","506234","MNINonLinear//Results/tfMRI_MOTOR/tfMRI_MOTOR_hp200_s2_level2.feat/GrayordinatesStats/cope26.feat/zflame1lowertstat1.dtseries.nii","sYpTaSg8O1EiHIECKJSRJGCgPC9Nro1i"
"s3://hcp-openaccess/HCP_1200/506234/MNINonLinear/Results/tfMRI_MOTOR/tfMRI_MOTOR_hp200_s2_level2.feat/GrayordinatesStats/cope26.feat/zflame1uppertstat1.dtseries.nii","506234","MNINonLinear//Results/tfMRI_MOTOR/tfMRI_MOTOR_hp200_s2_level2.feat/GrayordinatesStats/cope26.feat/zflame1uppertstat1.dtseries.nii","FXPL47eggRCu4oFdjEp3TKxlcX_paM4J"
"s3://hcp-openaccess/HCP_1200/506234/MNINonLinear/Results/tfMRI_MOTOR/tfMRI_MOTOR_hp200_s2_level2.feat/GrayordinatesStats/cope26.feat/zstat1.dtseries.nii","506234","MNINonLinear//Results/tfMRI_MOTOR/tfMRI_MOTOR_hp200_s2_level2.feat/GrayordinatesStats/cope26.feat/zstat1.dtseries.nii","Vx3XLUJqRhfCWZv6rhrFrNZuetYc5xi1"
"s3://hcp-openaccess/HCP_1200/506234/MNINonLinear/Results/tfMRI_MOTOR/tfMRI_MOTOR_hp200_s2_level2.feat/GrayordinatesStats/cope3.feat/cope1.dtseries.nii","506234","MNINonLinear//Results/tfMRI_MOTOR/tfMRI_MOTOR_hp200_s2_level2.feat/GrayordinatesStats/cope3.feat/cope1.dtseries.nii","ouuTP.dwqKszzTTjWXO1sDBHdDVQssxJ"
"s3://hcp-openaccess/HCP_1200/506234/MNINonLinear/Results/tfMRI_MOTOR/tfMRI_MOTOR_hp200_s2_level2.feat/GrayordinatesStats/cope3.feat/logfile","506234","MNINonLinear//Results/tfMRI_MOTOR/tfMRI_MOTOR_hp200_s2_level2.feat/GrayordinatesStats/cope3.feat/logfile","1R18JMoe2mkPOx2LrI8OrCHH.8pkzi.Y"
"s3://hcp-openaccess/HCP_1200/506234/MNINonLinear/Results/tfMRI_MOTOR/tfMRI_MOTOR_hp200_s2_level2.feat/GrayordinatesStats/cope3.feat/mask.dtseries.nii","506234","MNINonLinear//Results/tfMRI_MOTOR/tfMRI_MOTOR_hp200_s2_level2.feat/GrayordinatesStats/cope3.feat/mask.dtseries.nii","cavE6Zwh0E6IILy3xAzy73qfsybFRaiI"
"s3://hcp-openaccess/HCP_1200/506234/MNINonLinear/Results/tfMRI_MOTOR/tfMRI_MOTOR_hp200_s2_level2.feat/GrayordinatesStats/cope3.feat/mean_random_effects_var1.dtseries.nii","506234","MNINonLinear//Results/tfMRI_MOTOR/tfMRI_MOTOR_hp200_s2_level2.feat/GrayordinatesStats/cope3.feat/mean_random_effects_var1.dtseries.nii","mdXm06_qP97EA3n24ONmAlsVugT8Px7B"
"s3://hcp-openaccess/HCP_1200/506234/MNINonLinear/Results/tfMRI_MOTOR/tfMRI_MOTOR_hp200_s2_level2.feat/GrayordinatesStats/cope3.feat/pe1.dtseries.nii","506234","MNINonLinear//Results/tfMRI_MOTOR/tfMRI_MOTOR_hp200_s2_level2.feat/GrayordinatesStats/cope3.feat/pe1.dtseries.nii","9aVzT4uwtR5XEHFjs48QGAPCv98OM.GG"
"s3://hcp-openaccess/HCP_1200/506234/MNINonLinear/Results/tfMRI_MOTOR/tfMRI_MOTOR_hp200_s2_level2.feat/GrayordinatesStats/cope3.feat/res4d.dtseries.nii","506234","MNINonLinear//Results/tfMRI_MOTOR/tfMRI_MOTOR_hp200_s2_level2.feat/GrayordinatesStats/cope3.feat/res4d.dtseries.nii","RqOYBYBUGtl4e8A74ltolx396KDtze.."
"s3://hcp-openaccess/HCP_1200/506234/MNINonLinear/Results/tfMRI_MOTOR/tfMRI_MOTOR_hp200_s2_level2.feat/GrayordinatesStats/cope3.feat/tdof_t1.dtseries.nii","506234","MNINonLinear//Results/tfMRI_MOTOR/tfMRI_MOTOR_hp200_s2_level2.feat/GrayordinatesStats/cope3.feat/tdof_t1.dtseries.nii","9iAkjHT0u4NWKZ_RSwLnQpZWH1jU7JbO"
"s3://hcp-openaccess/HCP_1200/506234/MNINonLinear/Results/tfMRI_MOTOR/tfMRI_MOTOR_hp200_s2_level2.feat/GrayordinatesStats/cope3.feat/tstat1.dtseries.nii","506234","MNINonLinear//Results/tfMRI_MOTOR/tfMRI_MOTOR_hp200_s2_level2.feat/GrayordinatesStats/cope3.feat/tstat1.dtseries.nii","0iFwMqsjhvYDI9taw5FyScTdcaj9ghxr"
"s3://hcp-openaccess/HCP_1200/506234/MNINonLinear/Results/tfMRI_MOTOR/tfMRI_MOTOR_hp200_s2_level2.feat/GrayordinatesStats/cope3.feat/varcope1.dtseries.nii","506234","MNINonLinear//Results/tfMRI_MOTOR/tfMRI_MOTOR_hp200_s2_level2.feat/GrayordinatesStats/cope3.feat/varcope1.dtseries.nii","PIAjsNJHHy3Wkd5.2HAaILWLpYDiCmck"
"s3://hcp-openaccess/HCP_1200/506234/MNINonLinear/Results/tfMRI_MOTOR/tfMRI_MOTOR_hp200_s2_level2.feat/GrayordinatesStats/cope3.feat/weights1.dtseries.nii","506234","MNINonLinear//Results/tfMRI_MOTOR/tfMRI_MOTOR_hp200_s2_level2.feat/GrayordinatesStats/cope3.feat/weights1.dtseries.nii","94dn4hmFz2i_HMgnMQI_1z0CXr52epoH"
"s3://hcp-openaccess/HCP_1200/506234/MNINonLinear/Results/tfMRI_MOTOR/tfMRI_MOTOR_hp200_s2_level2.feat/GrayordinatesStats/cope3.feat/zflame1lowertstat1.dtseries.nii","506234","MNINonLinear//Results/tfMRI_MOTOR/tfMRI_MOTOR_hp200_s2_level2.feat/GrayordinatesStats/cope3.feat/zflame1lowertstat1.dtseries.nii","u8pGXx5ObZx740o4YZ0NpwajeyOANCp7"
"s3://hcp-openaccess/HCP_1200/506234/MNINonLinear/Results/tfMRI_MOTOR/tfMRI_MOTOR_hp200_s2_level2.feat/GrayordinatesStats/cope3.feat/zflame1uppertstat1.dtseries.nii","506234","MNINonLinear//Results/tfMRI_MOTOR/tfMRI_MOTOR_hp200_s2_level2.feat/GrayordinatesStats/cope3.feat/zflame1uppertstat1.dtseries.nii","waUACModR5UDwHJW2_Ico48gn5twMQJ7"
"s3://hcp-openaccess/HCP_1200/506234/MNINonLinear/Results/tfMRI_MOTOR/tfMRI_MOTOR_hp200_s2_level2.feat/GrayordinatesStats/cope3.feat/zstat1.dtseries.nii","506234","MNINonLinear//Results/tfMRI_MOTOR/tfMRI_MOTOR_hp200_s2_level2.feat/GrayordinatesStats/cope3.feat/zstat1.dtseries.nii","68bwrgJELp0FLvc8onZ886M_PAmW_6Gs"
"s3://hcp-openaccess/HCP_1200/506234/MNINonLinear/Results/tfMRI_MOTOR/tfMRI_MOTOR_hp200_s2_level2.feat/GrayordinatesStats/cope4.feat/cope1.dtseries.nii","506234","MNINonLinear//Results/tfMRI_MOTOR/tfMRI_MOTOR_hp200_s2_level2.feat/GrayordinatesStats/cope4.feat/cope1.dtseries.nii","kQOIWh.UVaK2gBqjnZrBnjC9.319H6_f"
"s3://hcp-openaccess/HCP_1200/506234/MNINonLinear/Results/tfMRI_MOTOR/tfMRI_MOTOR_hp200_s2_level2.feat/GrayordinatesStats/cope4.feat/logfile","506234","MNINonLinear//Results/tfMRI_MOTOR/tfMRI_MOTOR_hp200_s2_level2.feat/GrayordinatesStats/cope4.feat/logfile","n8icFCa_5eeNi7Gj6bG9OsaLIdjsoDvM"
"s3://hcp-openaccess/HCP_1200/506234/MNINonLinear/Results/tfMRI_MOTOR/tfMRI_MOTOR_hp200_s2_level2.feat/GrayordinatesStats/cope4.feat/mask.dtseries.nii","506234","MNINonLinear//Results/tfMRI_MOTOR/tfMRI_MOTOR_hp200_s2_level2.feat/GrayordinatesStats/cope4.feat/mask.dtseries.nii","RcgbxsNCybqSPtRptw5tMlj2.8Wvtn7t"
"s3://hcp-openaccess/HCP_1200/506234/MNINonLinear/Results/tfMRI_MOTOR/tfMRI_MOTOR_hp200_s2_level2.feat/GrayordinatesStats/cope4.feat/mean_random_effects_var1.dtseries.nii","506234","MNINonLinear//Results/tfMRI_MOTOR/tfMRI_MOTOR_hp200_s2_level2.feat/GrayordinatesStats/cope4.feat/mean_random_effects_var1.dtseries.nii","qXVJEIoRCxBHqNok1WM8Z1MeDmwJjdDl"
"s3://hcp-openaccess/HCP_1200/506234/MNINonLinear/Results/tfMRI_MOTOR/tfMRI_MOTOR_hp200_s2_level2.feat/GrayordinatesStats/cope4.feat/pe1.dtseries.nii","506234","MNINonLinear//Results/tfMRI_MOTOR/tfMRI_MOTOR_hp200_s2_level2.feat/GrayordinatesStats/cope4.feat/pe1.dtseries.nii","4fx6dvxdjmhLJDvXKbtKYCWMpJFTpmNN"
"s3://hcp-openaccess/HCP_1200/506234/MNINonLinear/Results/tfMRI_MOTOR/tfMRI_MOTOR_hp200_s2_level2.feat/GrayordinatesStats/cope4.feat/res4d.dtseries.nii","506234","MNINonLinear//Results/tfMRI_MOTOR/tfMRI_MOTOR_hp200_s2_level2.feat/GrayordinatesStats/cope4.feat/res4d.dtseries.nii","UXXDeyUXVI6rcT9CV6u5AYxP3hrO2wxO"
"s3://hcp-openaccess/HCP_1200/506234/MNINonLinear/Results/tfMRI_MOTOR/tfMRI_MOTOR_hp200_s2_level2.feat/GrayordinatesStats/cope4.feat/tdof_t1.dtseries.nii","506234","MNINonLinear//Results/tfMRI_MOTOR/tfMRI_MOTOR_hp200_s2_level2.feat/GrayordinatesStats/cope4.feat/tdof_t1.dtseries.nii","B0odawCIF9kcSGfaH5Izc_fpL0PIItT."
"s3://hcp-openaccess/HCP_1200/506234/MNINonLinear/Results/tfMRI_MOTOR/tfMRI_MOTOR_hp200_s2_level2.feat/GrayordinatesStats/cope4.feat/tstat1.dtseries.nii","506234","MNINonLinear//Results/tfMRI_MOTOR/tfMRI_MOTOR_hp200_s2_level2.feat/GrayordinatesStats/cope4.feat/tstat1.dtseries.nii","iFXOH_1SwNrn2ET.eDP4iUDes1nai7XW"
"s3://hcp-openaccess/HCP_1200/506234/MNINonLinear/Results/tfMRI_MOTOR/tfMRI_MOTOR_hp200_s2_level2.feat/GrayordinatesStats/cope4.feat/varcope1.dtseries.nii","506234","MNINonLinear//Results/tfMRI_MOTOR/tfMRI_MOTOR_hp200_s2_level2.feat/GrayordinatesStats/cope4.feat/varcope1.dtseries.nii","egISM5GRjKUXFn7iY9knQT8CCCPXY.2i"
"s3://hcp-openaccess/HCP_1200/506234/MNINonLinear/Results/tfMRI_MOTOR/tfMRI_MOTOR_hp200_s2_level2.feat/GrayordinatesStats/cope4.feat/weights1.dtseries.nii","506234","MNINonLinear//Results/tfMRI_MOTOR/tfMRI_MOTOR_hp200_s2_level2.feat/GrayordinatesStats/cope4.feat/weights1.dtseries.nii","5Cww5CkhgZryvw6mkaLVQec77p7PeSFn"
"s3://hcp-openaccess/HCP_1200/506234/MNINonLinear/Results/tfMRI_MOTOR/tfMRI_MOTOR_hp200_s2_level2.feat/GrayordinatesStats/cope4.feat/zflame1lowertstat1.dtseries.nii","506234","MNINonLinear//Results/tfMRI_MOTOR/tfMRI_MOTOR_hp200_s2_level2.feat/GrayordinatesStats/cope4.feat/zflame1lowertstat1.dtseries.nii","zGj02NoZ.rYfhq3DAm27J02j96oclrqP"
"s3://hcp-openaccess/HCP_1200/506234/MNINonLinear/Results/tfMRI_MOTOR/tfMRI_MOTOR_hp200_s2_level2.feat/GrayordinatesStats/cope4.feat/zflame1uppertstat1.dtseries.nii","506234","MNINonLinear//Results/tfMRI_MOTOR/tfMRI_MOTOR_hp200_s2_level2.feat/GrayordinatesStats/cope4.feat/zflame1uppertstat1.dtseries.nii","rIy7UvQPc9YlHRs80OR0y2NZ2v8oWrx_"
"s3://hcp-openaccess/HCP_1200/506234/MNINonLinear/Results/tfMRI_MOTOR/tfMRI_MOTOR_hp200_s2_level2.feat/GrayordinatesStats/cope4.feat/zstat1.dtseries.nii","506234","MNINonLinear//Results/tfMRI_MOTOR/tfMRI_MOTOR_hp200_s2_level2.feat/GrayordinatesStats/cope4.feat/zstat1.dtseries.nii","Pkjx_iZI2HaExKGNEt8MY8qmyHmDceyf"
"s3://hcp-openaccess/HCP_1200/506234/MNINonLinear/Results/tfMRI_MOTOR/tfMRI_MOTOR_hp200_s2_level2.feat/GrayordinatesStats/cope5.feat/cope1.dtseries.nii","506234","MNINonLinear//Results/tfMRI_MOTOR/tfMRI_MOTOR_hp200_s2_level2.feat/GrayordinatesStats/cope5.feat/cope1.dtseries.nii","5k8GhB2bUZJ7MourJUp2K._5k7mtn90L"
"s3://hcp-openaccess/HCP_1200/506234/MNINonLinear/Results/tfMRI_MOTOR/tfMRI_MOTOR_hp200_s2_level2.feat/GrayordinatesStats/cope5.feat/logfile","506234","MNINonLinear//Results/tfMRI_MOTOR/tfMRI_MOTOR_hp200_s2_level2.feat/GrayordinatesStats/cope5.feat/logfile","3QNuRAE1LM7p_61_wcQ0mGAtg4YAaFaq"
"s3://hcp-openaccess/HCP_1200/506234/MNINonLinear/Results/tfMRI_MOTOR/tfMRI_MOTOR_hp200_s2_level2.feat/GrayordinatesStats/cope5.feat/mask.dtseries.nii","506234","MNINonLinear//Results/tfMRI_MOTOR/tfMRI_MOTOR_hp200_s2_level2.feat/GrayordinatesStats/cope5.feat/mask.dtseries.nii","slVMtFjG5Zf1jegZioEIBy9a4gwqATtA"
"s3://hcp-openaccess/HCP_1200/506234/MNINonLinear/Results/tfMRI_MOTOR/tfMRI_MOTOR_hp200_s2_level2.feat/GrayordinatesStats/cope5.feat/mean_random_effects_var1.dtseries.nii","506234","MNINonLinear//Results/tfMRI_MOTOR/tfMRI_MOTOR_hp200_s2_level2.feat/GrayordinatesStats/cope5.feat/mean_random_effects_var1.dtseries.nii","Lf4CvS5VukUDLS.D1ro04Icm6KHUbIei"
"s3://hcp-openaccess/HCP_1200/506234/MNINonLinear/Results/tfMRI_MOTOR/tfMRI_MOTOR_hp200_s2_level2.feat/GrayordinatesStats/cope5.feat/pe1.dtseries.nii","506234","MNINonLinear//Results/tfMRI_MOTOR/tfMRI_MOTOR_hp200_s2_level2.feat/GrayordinatesStats/cope5.feat/pe1.dtseries.nii","IaNDO.7Y7JkZpgXo0EqTCjaZC1h_O5q."
"s3://hcp-openaccess/HCP_1200/506234/MNINonLinear/Results/tfMRI_MOTOR/tfMRI_MOTOR_hp200_s2_level2.feat/GrayordinatesStats/cope5.feat/res4d.dtseries.nii","506234","MNINonLinear//Results/tfMRI_MOTOR/tfMRI_MOTOR_hp200_s2_level2.feat/GrayordinatesStats/cope5.feat/res4d.dtseries.nii","GTHcbb5KxHd3qZLlD3c7vH2CQxmy5FDI"
"s3://hcp-openaccess/HCP_1200/506234/MNINonLinear/Results/tfMRI_MOTOR/tfMRI_MOTOR_hp200_s2_level2.feat/GrayordinatesStats/cope5.feat/tdof_t1.dtseries.nii","506234","MNINonLinear//Results/tfMRI_MOTOR/tfMRI_MOTOR_hp200_s2_level2.feat/GrayordinatesStats/cope5.feat/tdof_t1.dtseries.nii",".Y42Ry.AgIyf4LNiItNlqKjVNsI252B8"
"s3://hcp-openaccess/HCP_1200/506234/MNINonLinear/Results/tfMRI_MOTOR/tfMRI_MOTOR_hp200_s2_level2.feat/GrayordinatesStats/cope5.feat/tstat1.dtseries.nii","506234","MNINonLinear//Results/tfMRI_MOTOR/tfMRI_MOTOR_hp200_s2_level2.feat/GrayordinatesStats/cope5.feat/tstat1.dtseries.nii","Um.ytqKsCBzya4D0dJHQ6DDhcxivVvNZ"
"s3://hcp-openaccess/HCP_1200/506234/MNINonLinear/Results/tfMRI_MOTOR/tfMRI_MOTOR_hp200_s2_level2.feat/GrayordinatesStats/cope5.feat/varcope1.dtseries.nii","506234","MNINonLinear//Results/tfMRI_MOTOR/tfMRI_MOTOR_hp200_s2_level2.feat/GrayordinatesStats/cope5.feat/varcope1.dtseries.nii","GVtaiDKJlF8CNe8.73q8niDWMD_lj60y"
"s3://hcp-openaccess/HCP_1200/506234/MNINonLinear/Results/tfMRI_MOTOR/tfMRI_MOTOR_hp200_s2_level2.feat/GrayordinatesStats/cope5.feat/weights1.dtseries.nii","506234","MNINonLinear//Results/tfMRI_MOTOR/tfMRI_MOTOR_hp200_s2_level2.feat/GrayordinatesStats/cope5.feat/weights1.dtseries.nii","HeNwkcsPFKfmCMpOJ7qJOkYAbKNG6Hyr"
"s3://hcp-openaccess/HCP_1200/506234/MNINonLinear/Results/tfMRI_MOTOR/tfMRI_MOTOR_hp200_s2_level2.feat/GrayordinatesStats/cope5.feat/zflame1lowertstat1.dtseries.nii","506234","MNINonLinear//Results/tfMRI_MOTOR/tfMRI_MOTOR_hp200_s2_level2.feat/GrayordinatesStats/cope5.feat/zflame1lowertstat1.dtseries.nii","pew0M7cvLKW3jF7TAq_WYnRfm2937T7D"
"s3://hcp-openaccess/HCP_1200/506234/MNINonLinear/Results/tfMRI_MOTOR/tfMRI_MOTOR_hp200_s2_level2.feat/GrayordinatesStats/cope5.feat/zflame1uppertstat1.dtseries.nii","506234","MNINonLinear//Results/tfMRI_MOTOR/tfMRI_MOTOR_hp200_s2_level2.feat/GrayordinatesStats/cope5.feat/zflame1uppertstat1.dtseries.nii","qHLPSWl2qxSjY0sp7lGuBf5RRF4vCw4n"
"s3://hcp-openaccess/HCP_1200/506234/MNINonLinear/Results/tfMRI_MOTOR/tfMRI_MOTOR_hp200_s2_level2.feat/GrayordinatesStats/cope5.feat/zstat1.dtseries.nii","506234","MNINonLinear//Results/tfMRI_MOTOR/tfMRI_MOTOR_hp200_s2_level2.feat/GrayordinatesStats/cope5.feat/zstat1.dtseries.nii","99kmZYOfdJRQ7kJaBV3jxPmnaCecO6FN"
"s3://hcp-openaccess/HCP_1200/506234/MNINonLinear/Results/tfMRI_MOTOR/tfMRI_MOTOR_hp200_s2_level2.feat/GrayordinatesStats/cope6.feat/cope1.dtseries.nii","506234","MNINonLinear//Results/tfMRI_MOTOR/tfMRI_MOTOR_hp200_s2_level2.feat/GrayordinatesStats/cope6.feat/cope1.dtseries.nii","cp7Z4rk2IRLhxhZ3SK2WpicR1EqpznBM"
"s3://hcp-openaccess/HCP_1200/506234/MNINonLinear/Results/tfMRI_MOTOR/tfMRI_MOTOR_hp200_s2_level2.feat/GrayordinatesStats/cope6.feat/logfile","506234","MNINonLinear//Results/tfMRI_MOTOR/tfMRI_MOTOR_hp200_s2_level2.feat/GrayordinatesStats/cope6.feat/logfile","Bix8Mq8cBjlkX4VOX.gu_QQV1.d4AuBC"
"s3://hcp-openaccess/HCP_1200/506234/MNINonLinear/Results/tfMRI_MOTOR/tfMRI_MOTOR_hp200_s2_level2.feat/GrayordinatesStats/cope6.feat/mask.dtseries.nii","506234","MNINonLinear//Results/tfMRI_MOTOR/tfMRI_MOTOR_hp200_s2_level2.feat/GrayordinatesStats/cope6.feat/mask.dtseries.nii","1ogzfF6dTUckutg2Br9.ObK3T7dGl8LI"
"s3://hcp-openaccess/HCP_1200/506234/MNINonLinear/Results/tfMRI_MOTOR/tfMRI_MOTOR_hp200_s2_level2.feat/GrayordinatesStats/cope6.feat/mean_random_effects_var1.dtseries.nii","506234","MNINonLinear//Results/tfMRI_MOTOR/tfMRI_MOTOR_hp200_s2_level2.feat/GrayordinatesStats/cope6.feat/mean_random_effects_var1.dtseries.nii","WFPgBlPmdTEMxbHh4wC8GMTgrzbw8CTp"
"s3://hcp-openaccess/HCP_1200/506234/MNINonLinear/Results/tfMRI_MOTOR/tfMRI_MOTOR_hp200_s2_level2.feat/GrayordinatesStats/cope6.feat/pe1.dtseries.nii","506234","MNINonLinear//Results/tfMRI_MOTOR/tfMRI_MOTOR_hp200_s2_level2.feat/GrayordinatesStats/cope6.feat/pe1.dtseries.nii","Cx15q68DIJpOXb7kcmu2xecESD8VeUaj"
"s3://hcp-openaccess/HCP_1200/506234/MNINonLinear/Results/tfMRI_MOTOR/tfMRI_MOTOR_hp200_s2_level2.feat/GrayordinatesStats/cope6.feat/res4d.dtseries.nii","506234","MNINonLinear//Results/tfMRI_MOTOR/tfMRI_MOTOR_hp200_s2_level2.feat/GrayordinatesStats/cope6.feat/res4d.dtseries.nii","c1w4ORnKwe83Hwn6eW2t0bieK5WYnGGV"
"s3://hcp-openaccess/HCP_1200/506234/MNINonLinear/Results/tfMRI_MOTOR/tfMRI_MOTOR_hp200_s2_level2.feat/GrayordinatesStats/cope6.feat/tdof_t1.dtseries.nii","506234","MNINonLinear//Results/tfMRI_MOTOR/tfMRI_MOTOR_hp200_s2_level2.feat/GrayordinatesStats/cope6.feat/tdof_t1.dtseries.nii","Gy_XkdTZrkrM6MQdaV9r3Nd_.NZQ6j3Z"
"s3://hcp-openaccess/HCP_1200/506234/MNINonLinear/Results/tfMRI_MOTOR/tfMRI_MOTOR_hp200_s2_level2.feat/GrayordinatesStats/cope6.feat/tstat1.dtseries.nii","506234","MNINonLinear//Results/tfMRI_MOTOR/tfMRI_MOTOR_hp200_s2_level2.feat/GrayordinatesStats/cope6.feat/tstat1.dtseries.nii","TiEj_FtQl6Qn5HTJ2u0Lg8w6r6fQwaw3"
"s3://hcp-openaccess/HCP_1200/506234/MNINonLinear/Results/tfMRI_MOTOR/tfMRI_MOTOR_hp200_s2_level2.feat/GrayordinatesStats/cope6.feat/varcope1.dtseries.nii","506234","MNINonLinear//Results/tfMRI_MOTOR/tfMRI_MOTOR_hp200_s2_level2.feat/GrayordinatesStats/cope6.feat/varcope1.dtseries.nii","J_HwwJnNGQZtgDIHq54kn9W6fLlNbewy"
"s3://hcp-openaccess/HCP_1200/506234/MNINonLinear/Results/tfMRI_MOTOR/tfMRI_MOTOR_hp200_s2_level2.feat/GrayordinatesStats/cope6.feat/weights1.dtseries.nii","506234","MNINonLinear//Results/tfMRI_MOTOR/tfMRI_MOTOR_hp200_s2_level2.feat/GrayordinatesStats/cope6.feat/weights1.dtseries.nii","YuhxLsmMZPSnPqbzD7F9.OyH8Ul7OjFq"
"s3://hcp-openaccess/HCP_1200/506234/MNINonLinear/Results/tfMRI_MOTOR/tfMRI_MOTOR_hp200_s2_level2.feat/GrayordinatesStats/cope6.feat/zflame1lowertstat1.dtseries.nii","506234","MNINonLinear//Results/tfMRI_MOTOR/tfMRI_MOTOR_hp200_s2_level2.feat/GrayordinatesStats/cope6.feat/zflame1lowertstat1.dtseries.nii","1GIQoipVJ5xSVhtDdFnNxHkMGzcc1vhj"
"s3://hcp-openaccess/HCP_1200/506234/MNINonLinear/Results/tfMRI_MOTOR/tfMRI_MOTOR_hp200_s2_level2.feat/GrayordinatesStats/cope6.feat/zflame1uppertstat1.dtseries.nii","506234","MNINonLinear//Results/tfMRI_MOTOR/tfMRI_MOTOR_hp200_s2_level2.feat/GrayordinatesStats/cope6.feat/zflame1uppertstat1.dtseries.nii","erUK4CJcBpZcSXXoU8cWQzggCM4HDByj"
"s3://hcp-openaccess/HCP_1200/506234/MNINonLinear/Results/tfMRI_MOTOR/tfMRI_MOTOR_hp200_s2_level2.feat/GrayordinatesStats/cope6.feat/zstat1.dtseries.nii","506234","MNINonLinear//Results/tfMRI_MOTOR/tfMRI_MOTOR_hp200_s2_level2.feat/GrayordinatesStats/cope6.feat/zstat1.dtseries.nii","8jWRjTvlwGxal8HwL5PmE4tFX1Ylc88r"
"s3://hcp-openaccess/HCP_1200/506234/MNINonLinear/Results/tfMRI_MOTOR/tfMRI_MOTOR_hp200_s2_level2.feat/GrayordinatesStats/cope7.feat/cope1.dtseries.nii","506234","MNINonLinear//Results/tfMRI_MOTOR/tfMRI_MOTOR_hp200_s2_level2.feat/GrayordinatesStats/cope7.feat/cope1.dtseries.nii","O02fwBDp3btOeBpZT7uKTHLc5oEHaHgI"
"s3://hcp-openaccess/HCP_1200/506234/MNINonLinear/Results/tfMRI_MOTOR/tfMRI_MOTOR_hp200_s2_level2.feat/GrayordinatesStats/cope7.feat/logfile","506234","MNINonLinear//Results/tfMRI_MOTOR/tfMRI_MOTOR_hp200_s2_level2.feat/GrayordinatesStats/cope7.feat/logfile","c7ep2HmwEENzDXExPnaDFpmxuu2XyT9a"
"s3://hcp-openaccess/HCP_1200/506234/MNINonLinear/Results/tfMRI_MOTOR/tfMRI_MOTOR_hp200_s2_level2.feat/GrayordinatesStats/cope7.feat/mask.dtseries.nii","506234","MNINonLinear//Results/tfMRI_MOTOR/tfMRI_MOTOR_hp200_s2_level2.feat/GrayordinatesStats/cope7.feat/mask.dtseries.nii","ix.DrxcahjkvLis0W6l6tTri3wSI9Yu2"
"s3://hcp-openaccess/HCP_1200/506234/MNINonLinear/Results/tfMRI_MOTOR/tfMRI_MOTOR_hp200_s2_level2.feat/GrayordinatesStats/cope7.feat/mean_random_effects_var1.dtseries.nii","506234","MNINonLinear//Results/tfMRI_MOTOR/tfMRI_MOTOR_hp200_s2_level2.feat/GrayordinatesStats/cope7.feat/mean_random_effects_var1.dtseries.nii","6ua2HRKAYCFWa03M_SIbf549Fe7Ehon6"
"s3://hcp-openaccess/HCP_1200/506234/MNINonLinear/Results/tfMRI_MOTOR/tfMRI_MOTOR_hp200_s2_level2.feat/GrayordinatesStats/cope7.feat/pe1.dtseries.nii","506234","MNINonLinear//Results/tfMRI_MOTOR/tfMRI_MOTOR_hp200_s2_level2.feat/GrayordinatesStats/cope7.feat/pe1.dtseries.nii","OVaPyDERxIuPhsRh0CtvL3Jevk3GLzs1"
"s3://hcp-openaccess/HCP_1200/506234/MNINonLinear/Results/tfMRI_MOTOR/tfMRI_MOTOR_hp200_s2_level2.feat/GrayordinatesStats/cope7.feat/res4d.dtseries.nii","506234","MNINonLinear//Results/tfMRI_MOTOR/tfMRI_MOTOR_hp200_s2_level2.feat/GrayordinatesStats/cope7.feat/res4d.dtseries.nii","o0ehSxJXUyr4ouDfpQshOx04NabMN0qh"
"s3://hcp-openaccess/HCP_1200/506234/MNINonLinear/Results/tfMRI_MOTOR/tfMRI_MOTOR_hp200_s2_level2.feat/GrayordinatesStats/cope7.feat/tdof_t1.dtseries.nii","506234","MNINonLinear//Results/tfMRI_MOTOR/tfMRI_MOTOR_hp200_s2_level2.feat/GrayordinatesStats/cope7.feat/tdof_t1.dtseries.nii","100tp5qJNLdDcSirOhRWa9TtJXKZInf0"
"s3://hcp-openaccess/HCP_1200/506234/MNINonLinear/Results/tfMRI_MOTOR/tfMRI_MOTOR_hp200_s2_level2.feat/GrayordinatesStats/cope7.feat/tstat1.dtseries.nii","506234","MNINonLinear//Results/tfMRI_MOTOR/tfMRI_MOTOR_hp200_s2_level2.feat/GrayordinatesStats/cope7.feat/tstat1.dtseries.nii","HJ1sWLj62AMmZ1n3aLA3z826wHsZUZD4"
"s3://hcp-openaccess/HCP_1200/506234/MNINonLinear/Results/tfMRI_MOTOR/tfMRI_MOTOR_hp200_s2_level2.feat/GrayordinatesStats/cope7.feat/varcope1.dtseries.nii","506234","MNINonLinear//Results/tfMRI_MOTOR/tfMRI_MOTOR_hp200_s2_level2.feat/GrayordinatesStats/cope7.feat/varcope1.dtseries.nii","exVNxdfzMtJNlRmRkOpGRlKJomwzE9D5"
"s3://hcp-openaccess/HCP_1200/506234/MNINonLinear/Results/tfMRI_MOTOR/tfMRI_MOTOR_hp200_s2_level2.feat/GrayordinatesStats/cope7.feat/weights1.dtseries.nii","506234","MNINonLinear//Results/tfMRI_MOTOR/tfMRI_MOTOR_hp200_s2_level2.feat/GrayordinatesStats/cope7.feat/weights1.dtseries.nii","sxR9rfk_fFCk8Ne1pvZ0EWWBIwnX7wNZ"
"s3://hcp-openaccess/HCP_1200/506234/MNINonLinear/Results/tfMRI_MOTOR/tfMRI_MOTOR_hp200_s2_level2.feat/GrayordinatesStats/cope7.feat/zflame1lowertstat1.dtseries.nii","506234","MNINonLinear//Results/tfMRI_MOTOR/tfMRI_MOTOR_hp200_s2_level2.feat/GrayordinatesStats/cope7.feat/zflame1lowertstat1.dtseries.nii","2vuL1J_w45hALXy5USYbQXusErjQQ.sI"
"s3://hcp-openaccess/HCP_1200/506234/MNINonLinear/Results/tfMRI_MOTOR/tfMRI_MOTOR_hp200_s2_level2.feat/GrayordinatesStats/cope7.feat/zflame1uppertstat1.dtseries.nii","506234","MNINonLinear//Results/tfMRI_MOTOR/tfMRI_MOTOR_hp200_s2_level2.feat/GrayordinatesStats/cope7.feat/zflame1uppertstat1.dtseries.nii","FNog_u2sDgklXwUo7EpnMDCNSu3AxCfv"
"s3://hcp-openaccess/HCP_1200/506234/MNINonLinear/Results/tfMRI_MOTOR/tfMRI_MOTOR_hp200_s2_level2.feat/GrayordinatesStats/cope7.feat/zstat1.dtseries.nii","506234","MNINonLinear//Results/tfMRI_MOTOR/tfMRI_MOTOR_hp200_s2_level2.feat/GrayordinatesStats/cope7.feat/zstat1.dtseries.nii","xyUT9YiXsofPDrKghFJ2jHhDOQpg9ZRJ"
"s3://hcp-openaccess/HCP_1200/506234/MNINonLinear/Results/tfMRI_MOTOR/tfMRI_MOTOR_hp200_s2_level2.feat/GrayordinatesStats/cope8.feat/cope1.dtseries.nii","506234","MNINonLinear//Results/tfMRI_MOTOR/tfMRI_MOTOR_hp200_s2_level2.feat/GrayordinatesStats/cope8.feat/cope1.dtseries.nii","VedIuaf6RH7TTmXOpPKxBVBd063Onn3t"
"s3://hcp-openaccess/HCP_1200/506234/MNINonLinear/Results/tfMRI_MOTOR/tfMRI_MOTOR_hp200_s2_level2.feat/GrayordinatesStats/cope8.feat/logfile","506234","MNINonLinear//Results/tfMRI_MOTOR/tfMRI_MOTOR_hp200_s2_level2.feat/GrayordinatesStats/cope8.feat/logfile","K693j6rtiei3QdueTCiCZzACxl1Q9cbY"
"s3://hcp-openaccess/HCP_1200/506234/MNINonLinear/Results/tfMRI_MOTOR/tfMRI_MOTOR_hp200_s2_level2.feat/GrayordinatesStats/cope8.feat/mask.dtseries.nii","506234","MNINonLinear//Results/tfMRI_MOTOR/tfMRI_MOTOR_hp200_s2_level2.feat/GrayordinatesStats/cope8.feat/mask.dtseries.nii","wigId6ucYJt3KA.0wqXznCX1ogONelPQ"
"s3://hcp-openaccess/HCP_1200/506234/MNINonLinear/Results/tfMRI_MOTOR/tfMRI_MOTOR_hp200_s2_level2.feat/GrayordinatesStats/cope8.feat/mean_random_effects_var1.dtseries.nii","506234","MNINonLinear//Results/tfMRI_MOTOR/tfMRI_MOTOR_hp200_s2_level2.feat/GrayordinatesStats/cope8.feat/mean_random_effects_var1.dtseries.nii","77vjbqZWrcA3K.B5LJoXuNJHpEsGDUNY"
"s3://hcp-openaccess/HCP_1200/506234/MNINonLinear/Results/tfMRI_MOTOR/tfMRI_MOTOR_hp200_s2_level2.feat/GrayordinatesStats/cope8.feat/pe1.dtseries.nii","506234","MNINonLinear//Results/tfMRI_MOTOR/tfMRI_MOTOR_hp200_s2_level2.feat/GrayordinatesStats/cope8.feat/pe1.dtseries.nii","ZNDx6dC2bP4fBtvLj0WhkTrdEsD9mxvq"
"s3://hcp-openaccess/HCP_1200/506234/MNINonLinear/Results/tfMRI_MOTOR/tfMRI_MOTOR_hp200_s2_level2.feat/GrayordinatesStats/cope8.feat/res4d.dtseries.nii","506234","MNINonLinear//Results/tfMRI_MOTOR/tfMRI_MOTOR_hp200_s2_level2.feat/GrayordinatesStats/cope8.feat/res4d.dtseries.nii","6fjphomfCF4k6HxEU4NM1c0rnX5RF0d_"
"s3://hcp-openaccess/HCP_1200/506234/MNINonLinear/Results/tfMRI_MOTOR/tfMRI_MOTOR_hp200_s2_level2.feat/GrayordinatesStats/cope8.feat/tdof_t1.dtseries.nii","506234","MNINonLinear//Results/tfMRI_MOTOR/tfMRI_MOTOR_hp200_s2_level2.feat/GrayordinatesStats/cope8.feat/tdof_t1.dtseries.nii","QHkqK3GoDzTWf3c0ehrDXVTsYbqZopK4"
"s3://hcp-openaccess/HCP_1200/506234/MNINonLinear/Results/tfMRI_MOTOR/tfMRI_MOTOR_hp200_s2_level2.feat/GrayordinatesStats/cope8.feat/tstat1.dtseries.nii","506234","MNINonLinear//Results/tfMRI_MOTOR/tfMRI_MOTOR_hp200_s2_level2.feat/GrayordinatesStats/cope8.feat/tstat1.dtseries.nii","kdSb5Gu9WhaQd_Fom5Yzt7LkKQYRWy5s"
"s3://hcp-openaccess/HCP_1200/506234/MNINonLinear/Results/tfMRI_MOTOR/tfMRI_MOTOR_hp200_s2_level2.feat/GrayordinatesStats/cope8.feat/varcope1.dtseries.nii","506234","MNINonLinear//Results/tfMRI_MOTOR/tfMRI_MOTOR_hp200_s2_level2.feat/GrayordinatesStats/cope8.feat/varcope1.dtseries.nii","1nS1ziqplwu5eoaP4oKPq9HtMLiRWB6I"
"s3://hcp-openaccess/HCP_1200/506234/MNINonLinear/Results/tfMRI_MOTOR/tfMRI_MOTOR_hp200_s2_level2.feat/GrayordinatesStats/cope8.feat/weights1.dtseries.nii","506234","MNINonLinear//Results/tfMRI_MOTOR/tfMRI_MOTOR_hp200_s2_level2.feat/GrayordinatesStats/cope8.feat/weights1.dtseries.nii","PwPw2X8zcWWtgVK5HWmN3aTQ7.feem_1"
"s3://hcp-openaccess/HCP_1200/506234/MNINonLinear/Results/tfMRI_MOTOR/tfMRI_MOTOR_hp200_s2_level2.feat/GrayordinatesStats/cope8.feat/zflame1lowertstat1.dtseries.nii","506234","MNINonLinear//Results/tfMRI_MOTOR/tfMRI_MOTOR_hp200_s2_level2.feat/GrayordinatesStats/cope8.feat/zflame1lowertstat1.dtseries.nii","CjhSqNG8YsiO4XsuK76EaU6bIY9fc0n."
"s3://hcp-openaccess/HCP_1200/506234/MNINonLinear/Results/tfMRI_MOTOR/tfMRI_MOTOR_hp200_s2_level2.feat/GrayordinatesStats/cope8.feat/zflame1uppertstat1.dtseries.nii","506234","MNINonLinear//Results/tfMRI_MOTOR/tfMRI_MOTOR_hp200_s2_level2.feat/GrayordinatesStats/cope8.feat/zflame1uppertstat1.dtseries.nii","2.BVa1YOD3n0QOTGuYpgD7zbphlwhv7E"
"s3://hcp-openaccess/HCP_1200/506234/MNINonLinear/Results/tfMRI_MOTOR/tfMRI_MOTOR_hp200_s2_level2.feat/GrayordinatesStats/cope8.feat/zstat1.dtseries.nii","506234","MNINonLinear//Results/tfMRI_MOTOR/tfMRI_MOTOR_hp200_s2_level2.feat/GrayordinatesStats/cope8.feat/zstat1.dtseries.nii","dJyiB_CGRpECLQ1q231HkLFjPTXtrngi"
"s3://hcp-openaccess/HCP_1200/506234/MNINonLinear/Results/tfMRI_MOTOR/tfMRI_MOTOR_hp200_s2_level2.feat/GrayordinatesStats/cope9.feat/cope1.dtseries.nii","506234","MNINonLinear//Results/tfMRI_MOTOR/tfMRI_MOTOR_hp200_s2_level2.feat/GrayordinatesStats/cope9.feat/cope1.dtseries.nii","KGV2dsPyyHQ5Y_zgE0p34U20BilcnT7B"
"s3://hcp-openaccess/HCP_1200/506234/MNINonLinear/Results/tfMRI_MOTOR/tfMRI_MOTOR_hp200_s2_level2.feat/GrayordinatesStats/cope9.feat/logfile","506234","MNINonLinear//Results/tfMRI_MOTOR/tfMRI_MOTOR_hp200_s2_level2.feat/GrayordinatesStats/cope9.feat/logfile","GQwN80QJMeRxbCYVgWwwBbrowDIxN8ot"
"s3://hcp-openaccess/HCP_1200/506234/MNINonLinear/Results/tfMRI_MOTOR/tfMRI_MOTOR_hp200_s2_level2.feat/GrayordinatesStats/cope9.feat/mask.dtseries.nii","506234","MNINonLinear//Results/tfMRI_MOTOR/tfMRI_MOTOR_hp200_s2_level2.feat/GrayordinatesStats/cope9.feat/mask.dtseries.nii","vZR_DLGBBvDu_7_na4G3z0xWVosVvvVF"
"s3://hcp-openaccess/HCP_1200/506234/MNINonLinear/Results/tfMRI_MOTOR/tfMRI_MOTOR_hp200_s2_level2.feat/GrayordinatesStats/cope9.feat/mean_random_effects_var1.dtseries.nii","506234","MNINonLinear//Results/tfMRI_MOTOR/tfMRI_MOTOR_hp200_s2_level2.feat/GrayordinatesStats/cope9.feat/mean_random_effects_var1.dtseries.nii","C9pjbO1u7Zp6HPg28Mri5BDOcJUqYhGh"
"s3://hcp-openaccess/HCP_1200/506234/MNINonLinear/Results/tfMRI_MOTOR/tfMRI_MOTOR_hp200_s2_level2.feat/GrayordinatesStats/cope9.feat/pe1.dtseries.nii","506234","MNINonLinear//Results/tfMRI_MOTOR/tfMRI_MOTOR_hp200_s2_level2.feat/GrayordinatesStats/cope9.feat/pe1.dtseries.nii","1RTHPbJqsXl.deu82QE26El39WGLQ1pW"
"s3://hcp-openaccess/HCP_1200/506234/MNINonLinear/Results/tfMRI_MOTOR/tfMRI_MOTOR_hp200_s2_level2.feat/GrayordinatesStats/cope9.feat/res4d.dtseries.nii","506234","MNINonLinear//Results/tfMRI_MOTOR/tfMRI_MOTOR_hp200_s2_level2.feat/GrayordinatesStats/cope9.feat/res4d.dtseries.nii","w_e1R2vmmFqDuINr48K7f42DMX6bYT5R"
"s3://hcp-openaccess/HCP_1200/506234/MNINonLinear/Results/tfMRI_MOTOR/tfMRI_MOTOR_hp200_s2_level2.feat/GrayordinatesStats/cope9.feat/tdof_t1.dtseries.nii","506234","MNINonLinear//Results/tfMRI_MOTOR/tfMRI_MOTOR_hp200_s2_level2.feat/GrayordinatesStats/cope9.feat/tdof_t1.dtseries.nii","gNv5lfpOKHVJd5at8bGelgJeUizjGzic"
"s3://hcp-openaccess/HCP_1200/506234/MNINonLinear/Results/tfMRI_MOTOR/tfMRI_MOTOR_hp200_s2_level2.feat/GrayordinatesStats/cope9.feat/tstat1.dtseries.nii","506234","MNINonLinear//Results/tfMRI_MOTOR/tfMRI_MOTOR_hp200_s2_level2.feat/GrayordinatesStats/cope9.feat/tstat1.dtseries.nii","3OjSB3g73iDYGfmNl.wBhG9CXRlQHB0n"
"s3://hcp-openaccess/HCP_1200/506234/MNINonLinear/Results/tfMRI_MOTOR/tfMRI_MOTOR_hp200_s2_level2.feat/GrayordinatesStats/cope9.feat/varcope1.dtseries.nii","506234","MNINonLinear//Results/tfMRI_MOTOR/tfMRI_MOTOR_hp200_s2_level2.feat/GrayordinatesStats/cope9.feat/varcope1.dtseries.nii","HUT1w7yOSctBiq9BJSDBk4gt2k2M3qco"
"s3://hcp-openaccess/HCP_1200/506234/MNINonLinear/Results/tfMRI_MOTOR/tfMRI_MOTOR_hp200_s2_level2.feat/GrayordinatesStats/cope9.feat/weights1.dtseries.nii","506234","MNINonLinear//Results/tfMRI_MOTOR/tfMRI_MOTOR_hp200_s2_level2.feat/GrayordinatesStats/cope9.feat/weights1.dtseries.nii","PNoJza2e2MWZEzoEEocEde2ZBjBXvfXh"
"s3://hcp-openaccess/HCP_1200/506234/MNINonLinear/Results/tfMRI_MOTOR/tfMRI_MOTOR_hp200_s2_level2.feat/GrayordinatesStats/cope9.feat/zflame1lowertstat1.dtseries.nii","506234","MNINonLinear//Results/tfMRI_MOTOR/tfMRI_MOTOR_hp200_s2_level2.feat/GrayordinatesStats/cope9.feat/zflame1lowertstat1.dtseries.nii","mLAHMtpjoBo_af5DHNPjPlVH_QBnJAxO"
"s3://hcp-openaccess/HCP_1200/506234/MNINonLinear/Results/tfMRI_MOTOR/tfMRI_MOTOR_hp200_s2_level2.feat/GrayordinatesStats/cope9.feat/zflame1uppertstat1.dtseries.nii","506234","MNINonLinear//Results/tfMRI_MOTOR/tfMRI_MOTOR_hp200_s2_level2.feat/GrayordinatesStats/cope9.feat/zflame1uppertstat1.dtseries.nii","xeadenpNBK_MWjU9JG24DLGgXGkEjSpG"
"s3://hcp-openaccess/HCP_1200/506234/MNINonLinear/Results/tfMRI_MOTOR/tfMRI_MOTOR_hp200_s2_level2.feat/GrayordinatesStats/cope9.feat/zstat1.dtseries.nii","506234","MNINonLinear//Results/tfMRI_MOTOR/tfMRI_MOTOR_hp200_s2_level2.feat/GrayordinatesStats/cope9.feat/zstat1.dtseries.nii","r.HSlXZs4Df9RQqHp3I7Esy5Ccilwu7v"
"s3://hcp-openaccess/HCP_1200/506234/MNINonLinear/Results/tfMRI_MOTOR/tfMRI_MOTOR_hp200_s2_level2.feat/design.con","506234","MNINonLinear//Results/tfMRI_MOTOR/tfMRI_MOTOR_hp200_s2_level2.feat/design.con","SNBXytDwFtSnYgpNL7P_ASbWabr5POQc"
"s3://hcp-openaccess/HCP_1200/506234/MNINonLinear/Results/tfMRI_MOTOR/tfMRI_MOTOR_hp200_s2_level2.feat/design.fsf","506234","MNINonLinear//Results/tfMRI_MOTOR/tfMRI_MOTOR_hp200_s2_level2.feat/design.fsf","cOJixD0rD2MasTbSeZoaSJ34L0s8YjMr"
"s3://hcp-openaccess/HCP_1200/506234/MNINonLinear/Results/tfMRI_MOTOR/tfMRI_MOTOR_hp200_s2_level2.feat/design.grp","506234","MNINonLinear//Results/tfMRI_MOTOR/tfMRI_MOTOR_hp200_s2_level2.feat/design.grp","9oa5mBOaD6kHvMYCinvIOKAjUfbsYN7K"
"s3://hcp-openaccess/HCP_1200/506234/MNINonLinear/Results/tfMRI_MOTOR/tfMRI_MOTOR_hp200_s2_level2.feat/design.mat","506234","MNINonLinear//Results/tfMRI_MOTOR/tfMRI_MOTOR_hp200_s2_level2.feat/design.mat","nIIEbWUaCbe5xVmhbHc828Eu1NDeAAKZ"
"s3://hcp-openaccess/HCP_1200/506234/MNINonLinear/Results/tfMRI_MOTOR/tfMRI_MOTOR_hp200_s2_level2.feat/design.png","506234","MNINonLinear//Results/tfMRI_MOTOR/tfMRI_MOTOR_hp200_s2_level2.feat/design.png","Lg5MuwrE54Jafi1Fa0j_EhjcUxosTv6."
"s3://hcp-openaccess/HCP_1200/506234/MNINonLinear/Results/tfMRI_MOTOR/tfMRI_MOTOR_hp200_s2_level2.feat/design.ppm","506234","MNINonLinear//Results/tfMRI_MOTOR/tfMRI_MOTOR_hp200_s2_level2.feat/design.ppm","Vx9.U3mZ5g0m_JwfxqK04WTqHeyYSxUL"
"s3://hcp-openaccess/HCP_1200/506234/MNINonLinear/Results/tfMRI_MOTOR/tfMRI_MOTOR_hp200_s2_level2.feat/design_cov.png","506234","MNINonLinear//Results/tfMRI_MOTOR/tfMRI_MOTOR_hp200_s2_level2.feat/design_cov.png","RP1LhXlU_.7Bk4g9aI4zUK9SoolCMDvV"
"s3://hcp-openaccess/HCP_1200/506234/MNINonLinear/Results/tfMRI_MOTOR/tfMRI_MOTOR_hp200_s2_level2.feat/design_cov.ppm","506234","MNINonLinear//Results/tfMRI_MOTOR/tfMRI_MOTOR_hp200_s2_level2.feat/design_cov.ppm","bmQCpSLwb.UJT9F1d9VWGYVuQ7mNL50n"
"s3://hcp-openaccess/HCP_1200/506234/MNINonLinear/Results/tfMRI_MOTOR/tfMRI_MOTOR_hp200_s2_level2_MSMAll.feat/506234_tfMRI_MOTOR_level2_hp200_s2_MSMAll.dscalar.nii","506234","MNINonLinear//Results/tfMRI_MOTOR/tfMRI_MOTOR_hp200_s2_level2_MSMAll.feat/506234_tfMRI_MOTOR_level2_hp200_s2_MSMAll.dscalar.nii","ggsR_k2TadKu9CCRkhdotk4Xeoc1Ow4M"
"s3://hcp-openaccess/HCP_1200/506234/MNINonLinear/Results/tfMRI_MOTOR/tfMRI_MOTOR_hp200_s2_level2_MSMAll.feat/Contrasts.txt","506234","MNINonLinear//Results/tfMRI_MOTOR/tfMRI_MOTOR_hp200_s2_level2_MSMAll.feat/Contrasts.txt","wKXEiRDyeBBGykcVhKfufyOenw8hxWOf"
"s3://hcp-openaccess/HCP_1200/506234/MNINonLinear/Results/tfMRI_MOTOR/tfMRI_MOTOR_hp200_s2_level2_MSMAll.feat/GrayordinatesStats/cope1.feat/cope1.dtseries.nii","506234","MNINonLinear//Results/tfMRI_MOTOR/tfMRI_MOTOR_hp200_s2_level2_MSMAll.feat/GrayordinatesStats/cope1.feat/cope1.dtseries.nii","3bnmv2MSUjmihZwoh27wFl3c4ziEPzqP"
"s3://hcp-openaccess/HCP_1200/506234/MNINonLinear/Results/tfMRI_MOTOR/tfMRI_MOTOR_hp200_s2_level2_MSMAll.feat/GrayordinatesStats/cope1.feat/logfile","506234","MNINonLinear//Results/tfMRI_MOTOR/tfMRI_MOTOR_hp200_s2_level2_MSMAll.feat/GrayordinatesStats/cope1.feat/logfile","znly3h5shrZcpvL_tbo.M_PZj9801SaM"
"s3://hcp-openaccess/HCP_1200/506234/MNINonLinear/Results/tfMRI_MOTOR/tfMRI_MOTOR_hp200_s2_level2_MSMAll.feat/GrayordinatesStats/cope1.feat/mask.dtseries.nii","506234","MNINonLinear//Results/tfMRI_MOTOR/tfMRI_MOTOR_hp200_s2_level2_MSMAll.feat/GrayordinatesStats/cope1.feat/mask.dtseries.nii","UypRLkNjIYyuussmarfS37BM_UjpdnC0"
"s3://hcp-openaccess/HCP_1200/506234/MNINonLinear/Results/tfMRI_MOTOR/tfMRI_MOTOR_hp200_s2_level2_MSMAll.feat/GrayordinatesStats/cope1.feat/mean_random_effects_var1.dtseries.nii","506234","MNINonLinear//Results/tfMRI_MOTOR/tfMRI_MOTOR_hp200_s2_level2_MSMAll.feat/GrayordinatesStats/cope1.feat/mean_random_effects_var1.dtseries.nii","8o1x5dGdyDh.mrvZDAu0WxJjXIjYdp8r"
"s3://hcp-openaccess/HCP_1200/506234/MNINonLinear/Results/tfMRI_MOTOR/tfMRI_MOTOR_hp200_s2_level2_MSMAll.feat/GrayordinatesStats/cope1.feat/pe1.dtseries.nii","506234","MNINonLinear//Results/tfMRI_MOTOR/tfMRI_MOTOR_hp200_s2_level2_MSMAll.feat/GrayordinatesStats/cope1.feat/pe1.dtseries.nii","pgWkoKOwFgwlQoDCmSeszSR40ydPCJ1b"
"s3://hcp-openaccess/HCP_1200/506234/MNINonLinear/Results/tfMRI_MOTOR/tfMRI_MOTOR_hp200_s2_level2_MSMAll.feat/GrayordinatesStats/cope1.feat/res4d.dtseries.nii","506234","MNINonLinear//Results/tfMRI_MOTOR/tfMRI_MOTOR_hp200_s2_level2_MSMAll.feat/GrayordinatesStats/cope1.feat/res4d.dtseries.nii","V2tVAIB0USQJdn.rv8YeU78m3bkNSDaB"
"s3://hcp-openaccess/HCP_1200/506234/MNINonLinear/Results/tfMRI_MOTOR/tfMRI_MOTOR_hp200_s2_level2_MSMAll.feat/GrayordinatesStats/cope1.feat/tdof_t1.dtseries.nii","506234","MNINonLinear//Results/tfMRI_MOTOR/tfMRI_MOTOR_hp200_s2_level2_MSMAll.feat/GrayordinatesStats/cope1.feat/tdof_t1.dtseries.nii","vIOfVD6TzaOh7AUKlTdw1Gmj.zhS2zf2"
"s3://hcp-openaccess/HCP_1200/506234/MNINonLinear/Results/tfMRI_MOTOR/tfMRI_MOTOR_hp200_s2_level2_MSMAll.feat/GrayordinatesStats/cope1.feat/tstat1.dtseries.nii","506234","MNINonLinear//Results/tfMRI_MOTOR/tfMRI_MOTOR_hp200_s2_level2_MSMAll.feat/GrayordinatesStats/cope1.feat/tstat1.dtseries.nii","NB2ZsGLxNuON2FW7mAmiEwRBJfiurZYS"
"s3://hcp-openaccess/HCP_1200/506234/MNINonLinear/Results/tfMRI_MOTOR/tfMRI_MOTOR_hp200_s2_level2_MSMAll.feat/GrayordinatesStats/cope1.feat/varcope1.dtseries.nii","506234","MNINonLinear//Results/tfMRI_MOTOR/tfMRI_MOTOR_hp200_s2_level2_MSMAll.feat/GrayordinatesStats/cope1.feat/varcope1.dtseries.nii","K8zLVhXxAbFcguBmaWXt_svTsANdWYOw"
"s3://hcp-openaccess/HCP_1200/506234/MNINonLinear/Results/tfMRI_MOTOR/tfMRI_MOTOR_hp200_s2_level2_MSMAll.feat/GrayordinatesStats/cope1.feat/weights1.dtseries.nii","506234","MNINonLinear//Results/tfMRI_MOTOR/tfMRI_MOTOR_hp200_s2_level2_MSMAll.feat/GrayordinatesStats/cope1.feat/weights1.dtseries.nii","T.rE0Mq6vy74Opa49LEu4gDGDBKqkA.1"
"s3://hcp-openaccess/HCP_1200/506234/MNINonLinear/Results/tfMRI_MOTOR/tfMRI_MOTOR_hp200_s2_level2_MSMAll.feat/GrayordinatesStats/cope1.feat/zflame1lowertstat1.dtseries.nii","506234","MNINonLinear//Results/tfMRI_MOTOR/tfMRI_MOTOR_hp200_s2_level2_MSMAll.feat/GrayordinatesStats/cope1.feat/zflame1lowertstat1.dtseries.nii","kANJGTCXLCruNDP8yKfi2qarY3eOR69M"
"s3://hcp-openaccess/HCP_1200/506234/MNINonLinear/Results/tfMRI_MOTOR/tfMRI_MOTOR_hp200_s2_level2_MSMAll.feat/GrayordinatesStats/cope1.feat/zflame1uppertstat1.dtseries.nii","506234","MNINonLinear//Results/tfMRI_MOTOR/tfMRI_MOTOR_hp200_s2_level2_MSMAll.feat/GrayordinatesStats/cope1.feat/zflame1uppertstat1.dtseries.nii","GHW0khI90295e0uF5aML59uTzNzZTW9Q"
"s3://hcp-openaccess/HCP_1200/506234/MNINonLinear/Results/tfMRI_MOTOR/tfMRI_MOTOR_hp200_s2_level2_MSMAll.feat/GrayordinatesStats/cope1.feat/zstat1.dtseries.nii","506234","MNINonLinear//Results/tfMRI_MOTOR/tfMRI_MOTOR_hp200_s2_level2_MSMAll.feat/GrayordinatesStats/cope1.feat/zstat1.dtseries.nii","JLiyX8c_4X2zN29KjsP7aoh0wjaGmDCd"
"s3://hcp-openaccess/HCP_1200/506234/MNINonLinear/Results/tfMRI_MOTOR/tfMRI_MOTOR_hp200_s2_level2_MSMAll.feat/GrayordinatesStats/cope10.feat/cope1.dtseries.nii","506234","MNINonLinear//Results/tfMRI_MOTOR/tfMRI_MOTOR_hp200_s2_level2_MSMAll.feat/GrayordinatesStats/cope10.feat/cope1.dtseries.nii","iCBCM65t49jMjDXs4uLnwvwZhJSnL9zk"
"s3://hcp-openaccess/HCP_1200/506234/MNINonLinear/Results/tfMRI_MOTOR/tfMRI_MOTOR_hp200_s2_level2_MSMAll.feat/GrayordinatesStats/cope10.feat/logfile","506234","MNINonLinear//Results/tfMRI_MOTOR/tfMRI_MOTOR_hp200_s2_level2_MSMAll.feat/GrayordinatesStats/cope10.feat/logfile","huN6Jk3bnSAhXyPXATqsGvxPDpip5p9X"
"s3://hcp-openaccess/HCP_1200/506234/MNINonLinear/Results/tfMRI_MOTOR/tfMRI_MOTOR_hp200_s2_level2_MSMAll.feat/GrayordinatesStats/cope10.feat/mask.dtseries.nii","506234","MNINonLinear//Results/tfMRI_MOTOR/tfMRI_MOTOR_hp200_s2_level2_MSMAll.feat/GrayordinatesStats/cope10.feat/mask.dtseries.nii","RvynoPCesj.vAUYScr1OYYCNzWRhwYbv"
"s3://hcp-openaccess/HCP_1200/506234/MNINonLinear/Results/tfMRI_MOTOR/tfMRI_MOTOR_hp200_s2_level2_MSMAll.feat/GrayordinatesStats/cope10.feat/mean_random_effects_var1.dtseries.nii","506234","MNINonLinear//Results/tfMRI_MOTOR/tfMRI_MOTOR_hp200_s2_level2_MSMAll.feat/GrayordinatesStats/cope10.feat/mean_random_effects_var1.dtseries.nii","iK7vv2RHR1QtEA2fgpWpFEdt.g79xcF3"
"s3://hcp-openaccess/HCP_1200/506234/MNINonLinear/Results/tfMRI_MOTOR/tfMRI_MOTOR_hp200_s2_level2_MSMAll.feat/GrayordinatesStats/cope10.feat/pe1.dtseries.nii","506234","MNINonLinear//Results/tfMRI_MOTOR/tfMRI_MOTOR_hp200_s2_level2_MSMAll.feat/GrayordinatesStats/cope10.feat/pe1.dtseries.nii","EfZva5tukUgwo6BbG7vOgzLVq92gubrY"
"s3://hcp-openaccess/HCP_1200/506234/MNINonLinear/Results/tfMRI_MOTOR/tfMRI_MOTOR_hp200_s2_level2_MSMAll.feat/GrayordinatesStats/cope10.feat/res4d.dtseries.nii","506234","MNINonLinear//Results/tfMRI_MOTOR/tfMRI_MOTOR_hp200_s2_level2_MSMAll.feat/GrayordinatesStats/cope10.feat/res4d.dtseries.nii","ir_km5iGxoI2yds1DaF2Ij_4cdAEYPIA"
"s3://hcp-openaccess/HCP_1200/506234/MNINonLinear/Results/tfMRI_MOTOR/tfMRI_MOTOR_hp200_s2_level2_MSMAll.feat/GrayordinatesStats/cope10.feat/tdof_t1.dtseries.nii","506234","MNINonLinear//Results/tfMRI_MOTOR/tfMRI_MOTOR_hp200_s2_level2_MSMAll.feat/GrayordinatesStats/cope10.feat/tdof_t1.dtseries.nii","zYDiGxFXF4ub9gr97aLurSqy22edZXUA"
"s3://hcp-openaccess/HCP_1200/506234/MNINonLinear/Results/tfMRI_MOTOR/tfMRI_MOTOR_hp200_s2_level2_MSMAll.feat/GrayordinatesStats/cope10.feat/tstat1.dtseries.nii","506234","MNINonLinear//Results/tfMRI_MOTOR/tfMRI_MOTOR_hp200_s2_level2_MSMAll.feat/GrayordinatesStats/cope10.feat/tstat1.dtseries.nii",".IQQ7lCEMDW_SRcJYQ3hCDnZSwub_AKM"
"s3://hcp-openaccess/HCP_1200/506234/MNINonLinear/Results/tfMRI_MOTOR/tfMRI_MOTOR_hp200_s2_level2_MSMAll.feat/GrayordinatesStats/cope10.feat/varcope1.dtseries.nii","506234","MNINonLinear//Results/tfMRI_MOTOR/tfMRI_MOTOR_hp200_s2_level2_MSMAll.feat/GrayordinatesStats/cope10.feat/varcope1.dtseries.nii","ZGCvr9sWUrwiZ543i3OkF0B7WqGIO3l3"
"s3://hcp-openaccess/HCP_1200/506234/MNINonLinear/Results/tfMRI_MOTOR/tfMRI_MOTOR_hp200_s2_level2_MSMAll.feat/GrayordinatesStats/cope10.feat/weights1.dtseries.nii","506234","MNINonLinear//Results/tfMRI_MOTOR/tfMRI_MOTOR_hp200_s2_level2_MSMAll.feat/GrayordinatesStats/cope10.feat/weights1.dtseries.nii","DI2AtTQse9AMpm4W3OTdxiIPLqKjn65U"
"s3://hcp-openaccess/HCP_1200/506234/MNINonLinear/Results/tfMRI_MOTOR/tfMRI_MOTOR_hp200_s2_level2_MSMAll.feat/GrayordinatesStats/cope10.feat/zflame1lowertstat1.dtseries.nii","506234","MNINonLinear//Results/tfMRI_MOTOR/tfMRI_MOTOR_hp200_s2_level2_MSMAll.feat/GrayordinatesStats/cope10.feat/zflame1lowertstat1.dtseries.nii","ICwxz1Ujpp16XsTVgTB0VDFGCSrWU.eI"
"s3://hcp-openaccess/HCP_1200/506234/MNINonLinear/Results/tfMRI_MOTOR/tfMRI_MOTOR_hp200_s2_level2_MSMAll.feat/GrayordinatesStats/cope10.feat/zflame1uppertstat1.dtseries.nii","506234","MNINonLinear//Results/tfMRI_MOTOR/tfMRI_MOTOR_hp200_s2_level2_MSMAll.feat/GrayordinatesStats/cope10.feat/zflame1uppertstat1.dtseries.nii","ACHZ4MFIEbmeFhczGLy6VtO7gTgLcSh."
"s3://hcp-openaccess/HCP_1200/506234/MNINonLinear/Results/tfMRI_MOTOR/tfMRI_MOTOR_hp200_s2_level2_MSMAll.feat/GrayordinatesStats/cope10.feat/zstat1.dtseries.nii","506234","MNINonLinear//Results/tfMRI_MOTOR/tfMRI_MOTOR_hp200_s2_level2_MSMAll.feat/GrayordinatesStats/cope10.feat/zstat1.dtseries.nii","Z2247CAoAaaswIeYd_V0ESUcEDECI3fc"
"s3://hcp-openaccess/HCP_1200/506234/MNINonLinear/Results/tfMRI_MOTOR/tfMRI_MOTOR_hp200_s2_level2_MSMAll.feat/GrayordinatesStats/cope11.feat/cope1.dtseries.nii","506234","MNINonLinear//Results/tfMRI_MOTOR/tfMRI_MOTOR_hp200_s2_level2_MSMAll.feat/GrayordinatesStats/cope11.feat/cope1.dtseries.nii","Kmf8ZfY8qILRAv3sbIAqB9MO.vv6sZgp"
"s3://hcp-openaccess/HCP_1200/506234/MNINonLinear/Results/tfMRI_MOTOR/tfMRI_MOTOR_hp200_s2_level2_MSMAll.feat/GrayordinatesStats/cope11.feat/logfile","506234","MNINonLinear//Results/tfMRI_MOTOR/tfMRI_MOTOR_hp200_s2_level2_MSMAll.feat/GrayordinatesStats/cope11.feat/logfile","m45LqqOCp0cJo759cr03YrNfvNZ71ORn"
"s3://hcp-openaccess/HCP_1200/506234/MNINonLinear/Results/tfMRI_MOTOR/tfMRI_MOTOR_hp200_s2_level2_MSMAll.feat/GrayordinatesStats/cope11.feat/mask.dtseries.nii","506234","MNINonLinear//Results/tfMRI_MOTOR/tfMRI_MOTOR_hp200_s2_level2_MSMAll.feat/GrayordinatesStats/cope11.feat/mask.dtseries.nii","KGY.jEa3.U4CzC9qAxhbZkda3fR4lEGK"
"s3://hcp-openaccess/HCP_1200/506234/MNINonLinear/Results/tfMRI_MOTOR/tfMRI_MOTOR_hp200_s2_level2_MSMAll.feat/GrayordinatesStats/cope11.feat/mean_random_effects_var1.dtseries.nii","506234","MNINonLinear//Results/tfMRI_MOTOR/tfMRI_MOTOR_hp200_s2_level2_MSMAll.feat/GrayordinatesStats/cope11.feat/mean_random_effects_var1.dtseries.nii","S6znHUMxupvejTw26I0OPgs6lg8YIN7Z"
"s3://hcp-openaccess/HCP_1200/506234/MNINonLinear/Results/tfMRI_MOTOR/tfMRI_MOTOR_hp200_s2_level2_MSMAll.feat/GrayordinatesStats/cope11.feat/pe1.dtseries.nii","506234","MNINonLinear//Results/tfMRI_MOTOR/tfMRI_MOTOR_hp200_s2_level2_MSMAll.feat/GrayordinatesStats/cope11.feat/pe1.dtseries.nii","IMEfwQN_2lEURwN60CkI92ddagt9leYd"
"s3://hcp-openaccess/HCP_1200/506234/MNINonLinear/Results/tfMRI_MOTOR/tfMRI_MOTOR_hp200_s2_level2_MSMAll.feat/GrayordinatesStats/cope11.feat/res4d.dtseries.nii","506234","MNINonLinear//Results/tfMRI_MOTOR/tfMRI_MOTOR_hp200_s2_level2_MSMAll.feat/GrayordinatesStats/cope11.feat/res4d.dtseries.nii","neEzDqDx8LorCenpmwyjwiRAHmIcXxdf"
"s3://hcp-openaccess/HCP_1200/506234/MNINonLinear/Results/tfMRI_MOTOR/tfMRI_MOTOR_hp200_s2_level2_MSMAll.feat/GrayordinatesStats/cope11.feat/tdof_t1.dtseries.nii","506234","MNINonLinear//Results/tfMRI_MOTOR/tfMRI_MOTOR_hp200_s2_level2_MSMAll.feat/GrayordinatesStats/cope11.feat/tdof_t1.dtseries.nii","iTui8otS.C8refWsc2pcIupYU.j2RI.j"
"s3://hcp-openaccess/HCP_1200/506234/MNINonLinear/Results/tfMRI_MOTOR/tfMRI_MOTOR_hp200_s2_level2_MSMAll.feat/GrayordinatesStats/cope11.feat/tstat1.dtseries.nii","506234","MNINonLinear//Results/tfMRI_MOTOR/tfMRI_MOTOR_hp200_s2_level2_MSMAll.feat/GrayordinatesStats/cope11.feat/tstat1.dtseries.nii","ZMGR5ZWau5v7TbTIZTgZMn1.wRD0H6gZ"
"s3://hcp-openaccess/HCP_1200/506234/MNINonLinear/Results/tfMRI_MOTOR/tfMRI_MOTOR_hp200_s2_level2_MSMAll.feat/GrayordinatesStats/cope11.feat/varcope1.dtseries.nii","506234","MNINonLinear//Results/tfMRI_MOTOR/tfMRI_MOTOR_hp200_s2_level2_MSMAll.feat/GrayordinatesStats/cope11.feat/varcope1.dtseries.nii","D08Mu_CZ2E4VU8pEa7clpI3TI87UVxyH"
"s3://hcp-openaccess/HCP_1200/506234/MNINonLinear/Results/tfMRI_MOTOR/tfMRI_MOTOR_hp200_s2_level2_MSMAll.feat/GrayordinatesStats/cope11.feat/weights1.dtseries.nii","506234","MNINonLinear//Results/tfMRI_MOTOR/tfMRI_MOTOR_hp200_s2_level2_MSMAll.feat/GrayordinatesStats/cope11.feat/weights1.dtseries.nii","B9QicbIbiYJ6pX1RE8pyQ._dI96z9ycP"
"s3://hcp-openaccess/HCP_1200/506234/MNINonLinear/Results/tfMRI_MOTOR/tfMRI_MOTOR_hp200_s2_level2_MSMAll.feat/GrayordinatesStats/cope11.feat/zflame1lowertstat1.dtseries.nii","506234","MNINonLinear//Results/tfMRI_MOTOR/tfMRI_MOTOR_hp200_s2_level2_MSMAll.feat/GrayordinatesStats/cope11.feat/zflame1lowertstat1.dtseries.nii","o9kBBNgT.hcJgWgC2MT.L1Fvg8ub4AED"
"s3://hcp-openaccess/HCP_1200/506234/MNINonLinear/Results/tfMRI_MOTOR/tfMRI_MOTOR_hp200_s2_level2_MSMAll.feat/GrayordinatesStats/cope11.feat/zflame1uppertstat1.dtseries.nii","506234","MNINonLinear//Results/tfMRI_MOTOR/tfMRI_MOTOR_hp200_s2_level2_MSMAll.feat/GrayordinatesStats/cope11.feat/zflame1uppertstat1.dtseries.nii","bT2BXSGN0OEccAnMSag5J1U0vJaMRuUQ"
"s3://hcp-openaccess/HCP_1200/506234/MNINonLinear/Results/tfMRI_MOTOR/tfMRI_MOTOR_hp200_s2_level2_MSMAll.feat/GrayordinatesStats/cope11.feat/zstat1.dtseries.nii","506234","MNINonLinear//Results/tfMRI_MOTOR/tfMRI_MOTOR_hp200_s2_level2_MSMAll.feat/GrayordinatesStats/cope11.feat/zstat1.dtseries.nii","8NmceF4bVVu8tGtSSo0In1WPPAfOC.46"
"s3://hcp-openaccess/HCP_1200/506234/MNINonLinear/Results/tfMRI_MOTOR/tfMRI_MOTOR_hp200_s2_level2_MSMAll.feat/GrayordinatesStats/cope12.feat/cope1.dtseries.nii","506234","MNINonLinear//Results/tfMRI_MOTOR/tfMRI_MOTOR_hp200_s2_level2_MSMAll.feat/GrayordinatesStats/cope12.feat/cope1.dtseries.nii","9.Uf4.XJqtj.h5ZtMramIhdQ9tLeTlqW"
"s3://hcp-openaccess/HCP_1200/506234/MNINonLinear/Results/tfMRI_MOTOR/tfMRI_MOTOR_hp200_s2_level2_MSMAll.feat/GrayordinatesStats/cope12.feat/logfile","506234","MNINonLinear//Results/tfMRI_MOTOR/tfMRI_MOTOR_hp200_s2_level2_MSMAll.feat/GrayordinatesStats/cope12.feat/logfile","D8ZaekcSx8ulSftxzkLzE06oH8CQ1aMs"
"s3://hcp-openaccess/HCP_1200/506234/MNINonLinear/Results/tfMRI_MOTOR/tfMRI_MOTOR_hp200_s2_level2_MSMAll.feat/GrayordinatesStats/cope12.feat/mask.dtseries.nii","506234","MNINonLinear//Results/tfMRI_MOTOR/tfMRI_MOTOR_hp200_s2_level2_MSMAll.feat/GrayordinatesStats/cope12.feat/mask.dtseries.nii","UphN5y21QExG8obcBq3ZMF80JkcCk3FM"
"s3://hcp-openaccess/HCP_1200/506234/MNINonLinear/Results/tfMRI_MOTOR/tfMRI_MOTOR_hp200_s2_level2_MSMAll.feat/GrayordinatesStats/cope12.feat/mean_random_effects_var1.dtseries.nii","506234","MNINonLinear//Results/tfMRI_MOTOR/tfMRI_MOTOR_hp200_s2_level2_MSMAll.feat/GrayordinatesStats/cope12.feat/mean_random_effects_var1.dtseries.nii","34SNWQSFPhErAcH.fR94H5uiDqrnbSOb"
"s3://hcp-openaccess/HCP_1200/506234/MNINonLinear/Results/tfMRI_MOTOR/tfMRI_MOTOR_hp200_s2_level2_MSMAll.feat/GrayordinatesStats/cope12.feat/pe1.dtseries.nii","506234","MNINonLinear//Results/tfMRI_MOTOR/tfMRI_MOTOR_hp200_s2_level2_MSMAll.feat/GrayordinatesStats/cope12.feat/pe1.dtseries.nii","Cmz59FJDQ_I6jmMGRAiaWtNEk9CCdfVQ"
"s3://hcp-openaccess/HCP_1200/506234/MNINonLinear/Results/tfMRI_MOTOR/tfMRI_MOTOR_hp200_s2_level2_MSMAll.feat/GrayordinatesStats/cope12.feat/res4d.dtseries.nii","506234","MNINonLinear//Results/tfMRI_MOTOR/tfMRI_MOTOR_hp200_s2_level2_MSMAll.feat/GrayordinatesStats/cope12.feat/res4d.dtseries.nii","QovbgvdwshHdufU1BG5MrNZIAKw7rwnF"
"s3://hcp-openaccess/HCP_1200/506234/MNINonLinear/Results/tfMRI_MOTOR/tfMRI_MOTOR_hp200_s2_level2_MSMAll.feat/GrayordinatesStats/cope12.feat/tdof_t1.dtseries.nii","506234","MNINonLinear//Results/tfMRI_MOTOR/tfMRI_MOTOR_hp200_s2_level2_MSMAll.feat/GrayordinatesStats/cope12.feat/tdof_t1.dtseries.nii","9x8fcdEO2aqwC9Rk_.tCKEaCmC4nC9Yz"
"s3://hcp-openaccess/HCP_1200/506234/MNINonLinear/Results/tfMRI_MOTOR/tfMRI_MOTOR_hp200_s2_level2_MSMAll.feat/GrayordinatesStats/cope12.feat/tstat1.dtseries.nii","506234","MNINonLinear//Results/tfMRI_MOTOR/tfMRI_MOTOR_hp200_s2_level2_MSMAll.feat/GrayordinatesStats/cope12.feat/tstat1.dtseries.nii","AbkB3Ix1N.SIKgC5l.416i8a2rnDtSgr"
"s3://hcp-openaccess/HCP_1200/506234/MNINonLinear/Results/tfMRI_MOTOR/tfMRI_MOTOR_hp200_s2_level2_MSMAll.feat/GrayordinatesStats/cope12.feat/varcope1.dtseries.nii","506234","MNINonLinear//Results/tfMRI_MOTOR/tfMRI_MOTOR_hp200_s2_level2_MSMAll.feat/GrayordinatesStats/cope12.feat/varcope1.dtseries.nii","cInGK7nsuIj7ENUTVqYJNaXFp1k.zCu2"
"s3://hcp-openaccess/HCP_1200/506234/MNINonLinear/Results/tfMRI_MOTOR/tfMRI_MOTOR_hp200_s2_level2_MSMAll.feat/GrayordinatesStats/cope12.feat/weights1.dtseries.nii","506234","MNINonLinear//Results/tfMRI_MOTOR/tfMRI_MOTOR_hp200_s2_level2_MSMAll.feat/GrayordinatesStats/cope12.feat/weights1.dtseries.nii","fHxYR7Z.mYKJXCVma2f8FnAt4v7D7Whp"
"s3://hcp-openaccess/HCP_1200/506234/MNINonLinear/Results/tfMRI_MOTOR/tfMRI_MOTOR_hp200_s2_level2_MSMAll.feat/GrayordinatesStats/cope12.feat/zflame1lowertstat1.dtseries.nii","506234","MNINonLinear//Results/tfMRI_MOTOR/tfMRI_MOTOR_hp200_s2_level2_MSMAll.feat/GrayordinatesStats/cope12.feat/zflame1lowertstat1.dtseries.nii","doRBv8d.xgNN.LG9L15UUKc_mL.DA8mJ"
"s3://hcp-openaccess/HCP_1200/506234/MNINonLinear/Results/tfMRI_MOTOR/tfMRI_MOTOR_hp200_s2_level2_MSMAll.feat/GrayordinatesStats/cope12.feat/zflame1uppertstat1.dtseries.nii","506234","MNINonLinear//Results/tfMRI_MOTOR/tfMRI_MOTOR_hp200_s2_level2_MSMAll.feat/GrayordinatesStats/cope12.feat/zflame1uppertstat1.dtseries.nii","cYfmaybEoZDDhsoQycz6SkjQRibVzI4y"
"s3://hcp-openaccess/HCP_1200/506234/MNINonLinear/Results/tfMRI_MOTOR/tfMRI_MOTOR_hp200_s2_level2_MSMAll.feat/GrayordinatesStats/cope12.feat/zstat1.dtseries.nii","506234","MNINonLinear//Results/tfMRI_MOTOR/tfMRI_MOTOR_hp200_s2_level2_MSMAll.feat/GrayordinatesStats/cope12.feat/zstat1.dtseries.nii","gF184L5F0.PGsBgTZlAgsOfGYWF9LJ4T"
"s3://hcp-openaccess/HCP_1200/506234/MNINonLinear/Results/tfMRI_MOTOR/tfMRI_MOTOR_hp200_s2_level2_MSMAll.feat/GrayordinatesStats/cope13.feat/cope1.dtseries.nii","506234","MNINonLinear//Results/tfMRI_MOTOR/tfMRI_MOTOR_hp200_s2_level2_MSMAll.feat/GrayordinatesStats/cope13.feat/cope1.dtseries.nii","KALQLqHF_yvTSleZPgv3PA2yFCGGQKch"
"s3://hcp-openaccess/HCP_1200/506234/MNINonLinear/Results/tfMRI_MOTOR/tfMRI_MOTOR_hp200_s2_level2_MSMAll.feat/GrayordinatesStats/cope13.feat/logfile","506234","MNINonLinear//Results/tfMRI_MOTOR/tfMRI_MOTOR_hp200_s2_level2_MSMAll.feat/GrayordinatesStats/cope13.feat/logfile","nWC_aZlXIMHEXs58bWgdNnyCaO7Nw_At"
"s3://hcp-openaccess/HCP_1200/506234/MNINonLinear/Results/tfMRI_MOTOR/tfMRI_MOTOR_hp200_s2_level2_MSMAll.feat/GrayordinatesStats/cope13.feat/mask.dtseries.nii","506234","MNINonLinear//Results/tfMRI_MOTOR/tfMRI_MOTOR_hp200_s2_level2_MSMAll.feat/GrayordinatesStats/cope13.feat/mask.dtseries.nii","KCf5TPD1jC9_wHZjE3PMuDshVTMv08Dt"
"s3://hcp-openaccess/HCP_1200/506234/MNINonLinear/Results/tfMRI_MOTOR/tfMRI_MOTOR_hp200_s2_level2_MSMAll.feat/GrayordinatesStats/cope13.feat/mean_random_effects_var1.dtseries.nii","506234","MNINonLinear//Results/tfMRI_MOTOR/tfMRI_MOTOR_hp200_s2_level2_MSMAll.feat/GrayordinatesStats/cope13.feat/mean_random_effects_var1.dtseries.nii","nC_Q85iaQQ7x_pZHIwQLqTRLhH_VDKHs"
"s3://hcp-openaccess/HCP_1200/506234/MNINonLinear/Results/tfMRI_MOTOR/tfMRI_MOTOR_hp200_s2_level2_MSMAll.feat/GrayordinatesStats/cope13.feat/pe1.dtseries.nii","506234","MNINonLinear//Results/tfMRI_MOTOR/tfMRI_MOTOR_hp200_s2_level2_MSMAll.feat/GrayordinatesStats/cope13.feat/pe1.dtseries.nii","QWxQOqDsV4Ixa2UWR.al6nAt4nFphtNI"
"s3://hcp-openaccess/HCP_1200/506234/MNINonLinear/Results/tfMRI_MOTOR/tfMRI_MOTOR_hp200_s2_level2_MSMAll.feat/GrayordinatesStats/cope13.feat/res4d.dtseries.nii","506234","MNINonLinear//Results/tfMRI_MOTOR/tfMRI_MOTOR_hp200_s2_level2_MSMAll.feat/GrayordinatesStats/cope13.feat/res4d.dtseries.nii","mluQyw4IwE7wAUQROy8EN.lSKkd3CuMA"
"s3://hcp-openaccess/HCP_1200/506234/MNINonLinear/Results/tfMRI_MOTOR/tfMRI_MOTOR_hp200_s2_level2_MSMAll.feat/GrayordinatesStats/cope13.feat/tdof_t1.dtseries.nii","506234","MNINonLinear//Results/tfMRI_MOTOR/tfMRI_MOTOR_hp200_s2_level2_MSMAll.feat/GrayordinatesStats/cope13.feat/tdof_t1.dtseries.nii","cE9v1yssg5BMscx_B28LiaK539SEKWqn"
"s3://hcp-openaccess/HCP_1200/506234/MNINonLinear/Results/tfMRI_MOTOR/tfMRI_MOTOR_hp200_s2_level2_MSMAll.feat/GrayordinatesStats/cope13.feat/tstat1.dtseries.nii","506234","MNINonLinear//Results/tfMRI_MOTOR/tfMRI_MOTOR_hp200_s2_level2_MSMAll.feat/GrayordinatesStats/cope13.feat/tstat1.dtseries.nii","fVLhr3I4SXIkoEtDIa_RJZGfhIqQhtAb"
"s3://hcp-openaccess/HCP_1200/506234/MNINonLinear/Results/tfMRI_MOTOR/tfMRI_MOTOR_hp200_s2_level2_MSMAll.feat/GrayordinatesStats/cope13.feat/varcope1.dtseries.nii","506234","MNINonLinear//Results/tfMRI_MOTOR/tfMRI_MOTOR_hp200_s2_level2_MSMAll.feat/GrayordinatesStats/cope13.feat/varcope1.dtseries.nii","iSj4sDufeyVxH0AyiNmTL.jAaH4wAilg"
"s3://hcp-openaccess/HCP_1200/506234/MNINonLinear/Results/tfMRI_MOTOR/tfMRI_MOTOR_hp200_s2_level2_MSMAll.feat/GrayordinatesStats/cope13.feat/weights1.dtseries.nii","506234","MNINonLinear//Results/tfMRI_MOTOR/tfMRI_MOTOR_hp200_s2_level2_MSMAll.feat/GrayordinatesStats/cope13.feat/weights1.dtseries.nii","FiCkkJCbLL6XBJMtBzRQQEwHtY2RrxVB"
"s3://hcp-openaccess/HCP_1200/506234/MNINonLinear/Results/tfMRI_MOTOR/tfMRI_MOTOR_hp200_s2_level2_MSMAll.feat/GrayordinatesStats/cope13.feat/zflame1lowertstat1.dtseries.nii","506234","MNINonLinear//Results/tfMRI_MOTOR/tfMRI_MOTOR_hp200_s2_level2_MSMAll.feat/GrayordinatesStats/cope13.feat/zflame1lowertstat1.dtseries.nii","06Dohv6uq0VyjoDUWA3qiK4BZUjQntwt"
"s3://hcp-openaccess/HCP_1200/506234/MNINonLinear/Results/tfMRI_MOTOR/tfMRI_MOTOR_hp200_s2_level2_MSMAll.feat/GrayordinatesStats/cope13.feat/zflame1uppertstat1.dtseries.nii","506234","MNINonLinear//Results/tfMRI_MOTOR/tfMRI_MOTOR_hp200_s2_level2_MSMAll.feat/GrayordinatesStats/cope13.feat/zflame1uppertstat1.dtseries.nii","XFfOkuloUEWFj8n0bbj3I3kHUWw7GbHN"
"s3://hcp-openaccess/HCP_1200/506234/MNINonLinear/Results/tfMRI_MOTOR/tfMRI_MOTOR_hp200_s2_level2_MSMAll.feat/GrayordinatesStats/cope13.feat/zstat1.dtseries.nii","506234","MNINonLinear//Results/tfMRI_MOTOR/tfMRI_MOTOR_hp200_s2_level2_MSMAll.feat/GrayordinatesStats/cope13.feat/zstat1.dtseries.nii","6d6KIZcLqKBhlVKACu3ABM2iB5AWiofX"
"s3://hcp-openaccess/HCP_1200/506234/MNINonLinear/Results/tfMRI_MOTOR/tfMRI_MOTOR_hp200_s2_level2_MSMAll.feat/GrayordinatesStats/cope14.feat/cope1.dtseries.nii","506234","MNINonLinear//Results/tfMRI_MOTOR/tfMRI_MOTOR_hp200_s2_level2_MSMAll.feat/GrayordinatesStats/cope14.feat/cope1.dtseries.nii","jgYqJi7KVnqpJR5utnmvkR9V7aN0Z5UD"
"s3://hcp-openaccess/HCP_1200/506234/MNINonLinear/Results/tfMRI_MOTOR/tfMRI_MOTOR_hp200_s2_level2_MSMAll.feat/GrayordinatesStats/cope14.feat/logfile","506234","MNINonLinear//Results/tfMRI_MOTOR/tfMRI_MOTOR_hp200_s2_level2_MSMAll.feat/GrayordinatesStats/cope14.feat/logfile","I3mOhsNlrShz8PWArL2GiqZ78QY4NUvv"
"s3://hcp-openaccess/HCP_1200/506234/MNINonLinear/Results/tfMRI_MOTOR/tfMRI_MOTOR_hp200_s2_level2_MSMAll.feat/GrayordinatesStats/cope14.feat/mask.dtseries.nii","506234","MNINonLinear//Results/tfMRI_MOTOR/tfMRI_MOTOR_hp200_s2_level2_MSMAll.feat/GrayordinatesStats/cope14.feat/mask.dtseries.nii","dSjpTfEdrCcX2o_KZ9ryYGiUblVAEaDi"
"s3://hcp-openaccess/HCP_1200/506234/MNINonLinear/Results/tfMRI_MOTOR/tfMRI_MOTOR_hp200_s2_level2_MSMAll.feat/GrayordinatesStats/cope14.feat/mean_random_effects_var1.dtseries.nii","506234","MNINonLinear//Results/tfMRI_MOTOR/tfMRI_MOTOR_hp200_s2_level2_MSMAll.feat/GrayordinatesStats/cope14.feat/mean_random_effects_var1.dtseries.nii","0f34WXrHbNbcGYfH.7H7tLIXENwzEO2y"
"s3://hcp-openaccess/HCP_1200/506234/MNINonLinear/Results/tfMRI_MOTOR/tfMRI_MOTOR_hp200_s2_level2_MSMAll.feat/GrayordinatesStats/cope14.feat/pe1.dtseries.nii","506234","MNINonLinear//Results/tfMRI_MOTOR/tfMRI_MOTOR_hp200_s2_level2_MSMAll.feat/GrayordinatesStats/cope14.feat/pe1.dtseries.nii","trNWzVlVwc5X_w1dIuIcGYknEIUB8PXc"
"s3://hcp-openaccess/HCP_1200/506234/MNINonLinear/Results/tfMRI_MOTOR/tfMRI_MOTOR_hp200_s2_level2_MSMAll.feat/GrayordinatesStats/cope14.feat/res4d.dtseries.nii","506234","MNINonLinear//Results/tfMRI_MOTOR/tfMRI_MOTOR_hp200_s2_level2_MSMAll.feat/GrayordinatesStats/cope14.feat/res4d.dtseries.nii","g0Qd4eCjjI_.AAEFoUTjkavBP5o3z0uw"
"s3://hcp-openaccess/HCP_1200/506234/MNINonLinear/Results/tfMRI_MOTOR/tfMRI_MOTOR_hp200_s2_level2_MSMAll.feat/GrayordinatesStats/cope14.feat/tdof_t1.dtseries.nii","506234","MNINonLinear//Results/tfMRI_MOTOR/tfMRI_MOTOR_hp200_s2_level2_MSMAll.feat/GrayordinatesStats/cope14.feat/tdof_t1.dtseries.nii","qGzzKfOcaAE1f.bPA3_.GFbUuhzXz8t1"
"s3://hcp-openaccess/HCP_1200/506234/MNINonLinear/Results/tfMRI_MOTOR/tfMRI_MOTOR_hp200_s2_level2_MSMAll.feat/GrayordinatesStats/cope14.feat/tstat1.dtseries.nii","506234","MNINonLinear//Results/tfMRI_MOTOR/tfMRI_MOTOR_hp200_s2_level2_MSMAll.feat/GrayordinatesStats/cope14.feat/tstat1.dtseries.nii","vUAn7iqE4vd0bCTAzfGRIE5FrMKJ5pJY"
"s3://hcp-openaccess/HCP_1200/506234/MNINonLinear/Results/tfMRI_MOTOR/tfMRI_MOTOR_hp200_s2_level2_MSMAll.feat/GrayordinatesStats/cope14.feat/varcope1.dtseries.nii","506234","MNINonLinear//Results/tfMRI_MOTOR/tfMRI_MOTOR_hp200_s2_level2_MSMAll.feat/GrayordinatesStats/cope14.feat/varcope1.dtseries.nii","xpqD.0SWkuHQTsgj8pPhgOsIDIcUSFxp"
"s3://hcp-openaccess/HCP_1200/506234/MNINonLinear/Results/tfMRI_MOTOR/tfMRI_MOTOR_hp200_s2_level2_MSMAll.feat/GrayordinatesStats/cope14.feat/weights1.dtseries.nii","506234","MNINonLinear//Results/tfMRI_MOTOR/tfMRI_MOTOR_hp200_s2_level2_MSMAll.feat/GrayordinatesStats/cope14.feat/weights1.dtseries.nii","aGWpx.70LtYT05loOd8KrGtruFySo_IH"
"s3://hcp-openaccess/HCP_1200/506234/MNINonLinear/Results/tfMRI_MOTOR/tfMRI_MOTOR_hp200_s2_level2_MSMAll.feat/GrayordinatesStats/cope14.feat/zflame1lowertstat1.dtseries.nii","506234","MNINonLinear//Results/tfMRI_MOTOR/tfMRI_MOTOR_hp200_s2_level2_MSMAll.feat/GrayordinatesStats/cope14.feat/zflame1lowertstat1.dtseries.nii","L3PcC2WJUznjWzC.rykbGLCFpe_oSqrD"
"s3://hcp-openaccess/HCP_1200/506234/MNINonLinear/Results/tfMRI_MOTOR/tfMRI_MOTOR_hp200_s2_level2_MSMAll.feat/GrayordinatesStats/cope14.feat/zflame1uppertstat1.dtseries.nii","506234","MNINonLinear//Results/tfMRI_MOTOR/tfMRI_MOTOR_hp200_s2_level2_MSMAll.feat/GrayordinatesStats/cope14.feat/zflame1uppertstat1.dtseries.nii","a7kiWkd6jAnEUEWhV2K_p_jsEi31wKSR"
"s3://hcp-openaccess/HCP_1200/506234/MNINonLinear/Results/tfMRI_MOTOR/tfMRI_MOTOR_hp200_s2_level2_MSMAll.feat/GrayordinatesStats/cope14.feat/zstat1.dtseries.nii","506234","MNINonLinear//Results/tfMRI_MOTOR/tfMRI_MOTOR_hp200_s2_level2_MSMAll.feat/GrayordinatesStats/cope14.feat/zstat1.dtseries.nii","bPPXtvfdX5SgsGhIzlY5sCJMomaM1bVO"
"s3://hcp-openaccess/HCP_1200/506234/MNINonLinear/Results/tfMRI_MOTOR/tfMRI_MOTOR_hp200_s2_level2_MSMAll.feat/GrayordinatesStats/cope15.feat/cope1.dtseries.nii","506234","MNINonLinear//Results/tfMRI_MOTOR/tfMRI_MOTOR_hp200_s2_level2_MSMAll.feat/GrayordinatesStats/cope15.feat/cope1.dtseries.nii","AOVxxZFvKSnu5VVRGz6NjFgxOMxVFaQu"
"s3://hcp-openaccess/HCP_1200/506234/MNINonLinear/Results/tfMRI_MOTOR/tfMRI_MOTOR_hp200_s2_level2_MSMAll.feat/GrayordinatesStats/cope15.feat/logfile","506234","MNINonLinear//Results/tfMRI_MOTOR/tfMRI_MOTOR_hp200_s2_level2_MSMAll.feat/GrayordinatesStats/cope15.feat/logfile","sPjZOhzVI78v5KhXDZz6yB90COCxF4CN"
"s3://hcp-openaccess/HCP_1200/506234/MNINonLinear/Results/tfMRI_MOTOR/tfMRI_MOTOR_hp200_s2_level2_MSMAll.feat/GrayordinatesStats/cope15.feat/mask.dtseries.nii","506234","MNINonLinear//Results/tfMRI_MOTOR/tfMRI_MOTOR_hp200_s2_level2_MSMAll.feat/GrayordinatesStats/cope15.feat/mask.dtseries.nii","dKNN2Fc6AlJQwX44hOh91d39gPQLCKIh"
"s3://hcp-openaccess/HCP_1200/506234/MNINonLinear/Results/tfMRI_MOTOR/tfMRI_MOTOR_hp200_s2_level2_MSMAll.feat/GrayordinatesStats/cope15.feat/mean_random_effects_var1.dtseries.nii","506234","MNINonLinear//Results/tfMRI_MOTOR/tfMRI_MOTOR_hp200_s2_level2_MSMAll.feat/GrayordinatesStats/cope15.feat/mean_random_effects_var1.dtseries.nii","dLc9rKIb4uPa7p6fT1V25lP3DZXEhAGZ"
"s3://hcp-openaccess/HCP_1200/506234/MNINonLinear/Results/tfMRI_MOTOR/tfMRI_MOTOR_hp200_s2_level2_MSMAll.feat/GrayordinatesStats/cope15.feat/pe1.dtseries.nii","506234","MNINonLinear//Results/tfMRI_MOTOR/tfMRI_MOTOR_hp200_s2_level2_MSMAll.feat/GrayordinatesStats/cope15.feat/pe1.dtseries.nii","2EeJl7HvxRhxV4CrtPsr0EJ0n9wM6gBm"
"s3://hcp-openaccess/HCP_1200/506234/MNINonLinear/Results/tfMRI_MOTOR/tfMRI_MOTOR_hp200_s2_level2_MSMAll.feat/GrayordinatesStats/cope15.feat/res4d.dtseries.nii","506234","MNINonLinear//Results/tfMRI_MOTOR/tfMRI_MOTOR_hp200_s2_level2_MSMAll.feat/GrayordinatesStats/cope15.feat/res4d.dtseries.nii","C.uXydzMLyuc02KRQem4HvV8uv_SBUkw"
"s3://hcp-openaccess/HCP_1200/506234/MNINonLinear/Results/tfMRI_MOTOR/tfMRI_MOTOR_hp200_s2_level2_MSMAll.feat/GrayordinatesStats/cope15.feat/tdof_t1.dtseries.nii","506234","MNINonLinear//Results/tfMRI_MOTOR/tfMRI_MOTOR_hp200_s2_level2_MSMAll.feat/GrayordinatesStats/cope15.feat/tdof_t1.dtseries.nii","TYSI7m68ENfsaMPL0ApA_ZoZpSoGh5GL"
"s3://hcp-openaccess/HCP_1200/506234/MNINonLinear/Results/tfMRI_MOTOR/tfMRI_MOTOR_hp200_s2_level2_MSMAll.feat/GrayordinatesStats/cope15.feat/tstat1.dtseries.nii","506234","MNINonLinear//Results/tfMRI_MOTOR/tfMRI_MOTOR_hp200_s2_level2_MSMAll.feat/GrayordinatesStats/cope15.feat/tstat1.dtseries.nii","F61SqVl1U.OisxniVFnrl6Oo.Kkbuz1_"
"s3://hcp-openaccess/HCP_1200/506234/MNINonLinear/Results/tfMRI_MOTOR/tfMRI_MOTOR_hp200_s2_level2_MSMAll.feat/GrayordinatesStats/cope15.feat/varcope1.dtseries.nii","506234","MNINonLinear//Results/tfMRI_MOTOR/tfMRI_MOTOR_hp200_s2_level2_MSMAll.feat/GrayordinatesStats/cope15.feat/varcope1.dtseries.nii","Xe_Xur27QtO2iOmw2YDUurN3EpNGXiVq"
"s3://hcp-openaccess/HCP_1200/506234/MNINonLinear/Results/tfMRI_MOTOR/tfMRI_MOTOR_hp200_s2_level2_MSMAll.feat/GrayordinatesStats/cope15.feat/weights1.dtseries.nii","506234","MNINonLinear//Results/tfMRI_MOTOR/tfMRI_MOTOR_hp200_s2_level2_MSMAll.feat/GrayordinatesStats/cope15.feat/weights1.dtseries.nii","2H8IMyAU0d3buulbDw619NlpgERmLP7l"
"s3://hcp-openaccess/HCP_1200/506234/MNINonLinear/Results/tfMRI_MOTOR/tfMRI_MOTOR_hp200_s2_level2_MSMAll.feat/GrayordinatesStats/cope15.feat/zflame1lowertstat1.dtseries.nii","506234","MNINonLinear//Results/tfMRI_MOTOR/tfMRI_MOTOR_hp200_s2_level2_MSMAll.feat/GrayordinatesStats/cope15.feat/zflame1lowertstat1.dtseries.nii","jzT1i_TvvYmmkNPjZxj6fHU73HVVC1yu"
"s3://hcp-openaccess/HCP_1200/506234/MNINonLinear/Results/tfMRI_MOTOR/tfMRI_MOTOR_hp200_s2_level2_MSMAll.feat/GrayordinatesStats/cope15.feat/zflame1uppertstat1.dtseries.nii","506234","MNINonLinear//Results/tfMRI_MOTOR/tfMRI_MOTOR_hp200_s2_level2_MSMAll.feat/GrayordinatesStats/cope15.feat/zflame1uppertstat1.dtseries.nii","_dyzUUUCpuNV9CuS.gdDj.ZREdCWLDhJ"
"s3://hcp-openaccess/HCP_1200/506234/MNINonLinear/Results/tfMRI_MOTOR/tfMRI_MOTOR_hp200_s2_level2_MSMAll.feat/GrayordinatesStats/cope15.feat/zstat1.dtseries.nii","506234","MNINonLinear//Results/tfMRI_MOTOR/tfMRI_MOTOR_hp200_s2_level2_MSMAll.feat/GrayordinatesStats/cope15.feat/zstat1.dtseries.nii","P0jHNlnmjAD_U6GwR7UrrV2uRhej8LO_"
"s3://hcp-openaccess/HCP_1200/506234/MNINonLinear/Results/tfMRI_MOTOR/tfMRI_MOTOR_hp200_s2_level2_MSMAll.feat/GrayordinatesStats/cope16.feat/cope1.dtseries.nii","506234","MNINonLinear//Results/tfMRI_MOTOR/tfMRI_MOTOR_hp200_s2_level2_MSMAll.feat/GrayordinatesStats/cope16.feat/cope1.dtseries.nii","i_nbsMG7DYtL3bRUCUyDvmB8hdysYJiH"
"s3://hcp-openaccess/HCP_1200/506234/MNINonLinear/Results/tfMRI_MOTOR/tfMRI_MOTOR_hp200_s2_level2_MSMAll.feat/GrayordinatesStats/cope16.feat/logfile","506234","MNINonLinear//Results/tfMRI_MOTOR/tfMRI_MOTOR_hp200_s2_level2_MSMAll.feat/GrayordinatesStats/cope16.feat/logfile","q6.MhHPv5vWEKl6JW9Ev7yJN.RUCD7VC"
"s3://hcp-openaccess/HCP_1200/506234/MNINonLinear/Results/tfMRI_MOTOR/tfMRI_MOTOR_hp200_s2_level2_MSMAll.feat/GrayordinatesStats/cope16.feat/mask.dtseries.nii","506234","MNINonLinear//Results/tfMRI_MOTOR/tfMRI_MOTOR_hp200_s2_level2_MSMAll.feat/GrayordinatesStats/cope16.feat/mask.dtseries.nii","rg_6H2F9lSaBJ3Uz3tLY4rn00t_UYnJC"
"s3://hcp-openaccess/HCP_1200/506234/MNINonLinear/Results/tfMRI_MOTOR/tfMRI_MOTOR_hp200_s2_level2_MSMAll.feat/GrayordinatesStats/cope16.feat/mean_random_effects_var1.dtseries.nii","506234","MNINonLinear//Results/tfMRI_MOTOR/tfMRI_MOTOR_hp200_s2_level2_MSMAll.feat/GrayordinatesStats/cope16.feat/mean_random_effects_var1.dtseries.nii","trXfLBC3feIghwIb0Zjtj0Xwk_vSDhh_"
"s3://hcp-openaccess/HCP_1200/506234/MNINonLinear/Results/tfMRI_MOTOR/tfMRI_MOTOR_hp200_s2_level2_MSMAll.feat/GrayordinatesStats/cope16.feat/pe1.dtseries.nii","506234","MNINonLinear//Results/tfMRI_MOTOR/tfMRI_MOTOR_hp200_s2_level2_MSMAll.feat/GrayordinatesStats/cope16.feat/pe1.dtseries.nii","W3h1Uz0X7eLj4rpcsf45wyoW83LsQsay"
"s3://hcp-openaccess/HCP_1200/506234/MNINonLinear/Results/tfMRI_MOTOR/tfMRI_MOTOR_hp200_s2_level2_MSMAll.feat/GrayordinatesStats/cope16.feat/res4d.dtseries.nii","506234","MNINonLinear//Results/tfMRI_MOTOR/tfMRI_MOTOR_hp200_s2_level2_MSMAll.feat/GrayordinatesStats/cope16.feat/res4d.dtseries.nii","Eoz56.74rvJg30Cmai_zoHMInz.MG3Tx"
"s3://hcp-openaccess/HCP_1200/506234/MNINonLinear/Results/tfMRI_MOTOR/tfMRI_MOTOR_hp200_s2_level2_MSMAll.feat/GrayordinatesStats/cope16.feat/tdof_t1.dtseries.nii","506234","MNINonLinear//Results/tfMRI_MOTOR/tfMRI_MOTOR_hp200_s2_level2_MSMAll.feat/GrayordinatesStats/cope16.feat/tdof_t1.dtseries.nii","nvWh52q5FtmkZWN8iHp5V6QQmKgSyDbY"
"s3://hcp-openaccess/HCP_1200/506234/MNINonLinear/Results/tfMRI_MOTOR/tfMRI_MOTOR_hp200_s2_level2_MSMAll.feat/GrayordinatesStats/cope16.feat/tstat1.dtseries.nii","506234","MNINonLinear//Results/tfMRI_MOTOR/tfMRI_MOTOR_hp200_s2_level2_MSMAll.feat/GrayordinatesStats/cope16.feat/tstat1.dtseries.nii","3diAntJTE1_3xAWsP_MtbHVMHlUKxkaU"
"s3://hcp-openaccess/HCP_1200/506234/MNINonLinear/Results/tfMRI_MOTOR/tfMRI_MOTOR_hp200_s2_level2_MSMAll.feat/GrayordinatesStats/cope16.feat/varcope1.dtseries.nii","506234","MNINonLinear//Results/tfMRI_MOTOR/tfMRI_MOTOR_hp200_s2_level2_MSMAll.feat/GrayordinatesStats/cope16.feat/varcope1.dtseries.nii","1j3g0SHLiQfrANt9bIrSoLi6gvjznP0S"
"s3://hcp-openaccess/HCP_1200/506234/MNINonLinear/Results/tfMRI_MOTOR/tfMRI_MOTOR_hp200_s2_level2_MSMAll.feat/GrayordinatesStats/cope16.feat/weights1.dtseries.nii","506234","MNINonLinear//Results/tfMRI_MOTOR/tfMRI_MOTOR_hp200_s2_level2_MSMAll.feat/GrayordinatesStats/cope16.feat/weights1.dtseries.nii","mZr88QmBHkNGs8OTK6LhbfvTO9Y_nFwC"
"s3://hcp-openaccess/HCP_1200/506234/MNINonLinear/Results/tfMRI_MOTOR/tfMRI_MOTOR_hp200_s2_level2_MSMAll.feat/GrayordinatesStats/cope16.feat/zflame1lowertstat1.dtseries.nii","506234","MNINonLinear//Results/tfMRI_MOTOR/tfMRI_MOTOR_hp200_s2_level2_MSMAll.feat/GrayordinatesStats/cope16.feat/zflame1lowertstat1.dtseries.nii","o.r3PKxSR2w3j7jKsGfVxlpHbM49wy4q"
"s3://hcp-openaccess/HCP_1200/506234/MNINonLinear/Results/tfMRI_MOTOR/tfMRI_MOTOR_hp200_s2_level2_MSMAll.feat/GrayordinatesStats/cope16.feat/zflame1uppertstat1.dtseries.nii","506234","MNINonLinear//Results/tfMRI_MOTOR/tfMRI_MOTOR_hp200_s2_level2_MSMAll.feat/GrayordinatesStats/cope16.feat/zflame1uppertstat1.dtseries.nii","Fd40hvArxxQHr2k9aYl8UmHWAl1rJ1le"
"s3://hcp-openaccess/HCP_1200/506234/MNINonLinear/Results/tfMRI_MOTOR/tfMRI_MOTOR_hp200_s2_level2_MSMAll.feat/GrayordinatesStats/cope16.feat/zstat1.dtseries.nii","506234","MNINonLinear//Results/tfMRI_MOTOR/tfMRI_MOTOR_hp200_s2_level2_MSMAll.feat/GrayordinatesStats/cope16.feat/zstat1.dtseries.nii","Xgo1Yhfa5OExND6B.lSrdfwONNqe6Cp2"
"s3://hcp-openaccess/HCP_1200/506234/MNINonLinear/Results/tfMRI_MOTOR/tfMRI_MOTOR_hp200_s2_level2_MSMAll.feat/GrayordinatesStats/cope17.feat/cope1.dtseries.nii","506234","MNINonLinear//Results/tfMRI_MOTOR/tfMRI_MOTOR_hp200_s2_level2_MSMAll.feat/GrayordinatesStats/cope17.feat/cope1.dtseries.nii","R.AteyYtZuI7dxKQtBjMC1YrR2jSFCYH"
"s3://hcp-openaccess/HCP_1200/506234/MNINonLinear/Results/tfMRI_MOTOR/tfMRI_MOTOR_hp200_s2_level2_MSMAll.feat/GrayordinatesStats/cope17.feat/logfile","506234","MNINonLinear//Results/tfMRI_MOTOR/tfMRI_MOTOR_hp200_s2_level2_MSMAll.feat/GrayordinatesStats/cope17.feat/logfile","wzpOf.b.8J4qb8DrObLLl1lRh7cLLzpJ"
"s3://hcp-openaccess/HCP_1200/506234/MNINonLinear/Results/tfMRI_MOTOR/tfMRI_MOTOR_hp200_s2_level2_MSMAll.feat/GrayordinatesStats/cope17.feat/mask.dtseries.nii","506234","MNINonLinear//Results/tfMRI_MOTOR/tfMRI_MOTOR_hp200_s2_level2_MSMAll.feat/GrayordinatesStats/cope17.feat/mask.dtseries.nii","LXy7IcTcj6_W3SzujeIbwcB2q1EsgxtJ"
"s3://hcp-openaccess/HCP_1200/506234/MNINonLinear/Results/tfMRI_MOTOR/tfMRI_MOTOR_hp200_s2_level2_MSMAll.feat/GrayordinatesStats/cope17.feat/mean_random_effects_var1.dtseries.nii","506234","MNINonLinear//Results/tfMRI_MOTOR/tfMRI_MOTOR_hp200_s2_level2_MSMAll.feat/GrayordinatesStats/cope17.feat/mean_random_effects_var1.dtseries.nii","US1ObidKGFTUDjAnYPJ_2qGFxqMbHRlr"
"s3://hcp-openaccess/HCP_1200/506234/MNINonLinear/Results/tfMRI_MOTOR/tfMRI_MOTOR_hp200_s2_level2_MSMAll.feat/GrayordinatesStats/cope17.feat/pe1.dtseries.nii","506234","MNINonLinear//Results/tfMRI_MOTOR/tfMRI_MOTOR_hp200_s2_level2_MSMAll.feat/GrayordinatesStats/cope17.feat/pe1.dtseries.nii","IwVakQJF12BTA76VM66PAPJBvi6.NjSF"
"s3://hcp-openaccess/HCP_1200/506234/MNINonLinear/Results/tfMRI_MOTOR/tfMRI_MOTOR_hp200_s2_level2_MSMAll.feat/GrayordinatesStats/cope17.feat/res4d.dtseries.nii","506234","MNINonLinear//Results/tfMRI_MOTOR/tfMRI_MOTOR_hp200_s2_level2_MSMAll.feat/GrayordinatesStats/cope17.feat/res4d.dtseries.nii","rUdKF94Oba9wC1ZHhFI_QgBirXtBATfs"
"s3://hcp-openaccess/HCP_1200/506234/MNINonLinear/Results/tfMRI_MOTOR/tfMRI_MOTOR_hp200_s2_level2_MSMAll.feat/GrayordinatesStats/cope17.feat/tdof_t1.dtseries.nii","506234","MNINonLinear//Results/tfMRI_MOTOR/tfMRI_MOTOR_hp200_s2_level2_MSMAll.feat/GrayordinatesStats/cope17.feat/tdof_t1.dtseries.nii","OEtLNEJCO2meUWQVzpH_WQ8gwhbuvYkq"
"s3://hcp-openaccess/HCP_1200/506234/MNINonLinear/Results/tfMRI_MOTOR/tfMRI_MOTOR_hp200_s2_level2_MSMAll.feat/GrayordinatesStats/cope17.feat/tstat1.dtseries.nii","506234","MNINonLinear//Results/tfMRI_MOTOR/tfMRI_MOTOR_hp200_s2_level2_MSMAll.feat/GrayordinatesStats/cope17.feat/tstat1.dtseries.nii","7cdH8GutX6aQdfvNjHP.8XwTb9siSUS3"
"s3://hcp-openaccess/HCP_1200/506234/MNINonLinear/Results/tfMRI_MOTOR/tfMRI_MOTOR_hp200_s2_level2_MSMAll.feat/GrayordinatesStats/cope17.feat/varcope1.dtseries.nii","506234","MNINonLinear//Results/tfMRI_MOTOR/tfMRI_MOTOR_hp200_s2_level2_MSMAll.feat/GrayordinatesStats/cope17.feat/varcope1.dtseries.nii","r6Q537DPdhGE0dRLCw7iM_AJLpgEolL1"
"s3://hcp-openaccess/HCP_1200/506234/MNINonLinear/Results/tfMRI_MOTOR/tfMRI_MOTOR_hp200_s2_level2_MSMAll.feat/GrayordinatesStats/cope17.feat/weights1.dtseries.nii","506234","MNINonLinear//Results/tfMRI_MOTOR/tfMRI_MOTOR_hp200_s2_level2_MSMAll.feat/GrayordinatesStats/cope17.feat/weights1.dtseries.nii","zsuN.HSTAppDehnoyyrAchNdN23qOXFf"
"s3://hcp-openaccess/HCP_1200/506234/MNINonLinear/Results/tfMRI_MOTOR/tfMRI_MOTOR_hp200_s2_level2_MSMAll.feat/GrayordinatesStats/cope17.feat/zflame1lowertstat1.dtseries.nii","506234","MNINonLinear//Results/tfMRI_MOTOR/tfMRI_MOTOR_hp200_s2_level2_MSMAll.feat/GrayordinatesStats/cope17.feat/zflame1lowertstat1.dtseries.nii","ELGd.NwF8W7mJm4XvUxQKQz3umhLWtL6"
"s3://hcp-openaccess/HCP_1200/506234/MNINonLinear/Results/tfMRI_MOTOR/tfMRI_MOTOR_hp200_s2_level2_MSMAll.feat/GrayordinatesStats/cope17.feat/zflame1uppertstat1.dtseries.nii","506234","MNINonLinear//Results/tfMRI_MOTOR/tfMRI_MOTOR_hp200_s2_level2_MSMAll.feat/GrayordinatesStats/cope17.feat/zflame1uppertstat1.dtseries.nii","HjbxAqKqc51DaoHP5RwTG98QlKerqSI3"
"s3://hcp-openaccess/HCP_1200/506234/MNINonLinear/Results/tfMRI_MOTOR/tfMRI_MOTOR_hp200_s2_level2_MSMAll.feat/GrayordinatesStats/cope17.feat/zstat1.dtseries.nii","506234","MNINonLinear//Results/tfMRI_MOTOR/tfMRI_MOTOR_hp200_s2_level2_MSMAll.feat/GrayordinatesStats/cope17.feat/zstat1.dtseries.nii","ZfczNJOXIH9AhgCZv4PiYl0xeSS6RXw7"
"s3://hcp-openaccess/HCP_1200/506234/MNINonLinear/Results/tfMRI_MOTOR/tfMRI_MOTOR_hp200_s2_level2_MSMAll.feat/GrayordinatesStats/cope18.feat/cope1.dtseries.nii","506234","MNINonLinear//Results/tfMRI_MOTOR/tfMRI_MOTOR_hp200_s2_level2_MSMAll.feat/GrayordinatesStats/cope18.feat/cope1.dtseries.nii","0NY6ljEZKv3xS45.wjdhhGDH3Xr6JoX4"
"s3://hcp-openaccess/HCP_1200/506234/MNINonLinear/Results/tfMRI_MOTOR/tfMRI_MOTOR_hp200_s2_level2_MSMAll.feat/GrayordinatesStats/cope18.feat/logfile","506234","MNINonLinear//Results/tfMRI_MOTOR/tfMRI_MOTOR_hp200_s2_level2_MSMAll.feat/GrayordinatesStats/cope18.feat/logfile","VkRSSz.vxsRrPAKiX2t0RliwY62h_H6a"
"s3://hcp-openaccess/HCP_1200/506234/MNINonLinear/Results/tfMRI_MOTOR/tfMRI_MOTOR_hp200_s2_level2_MSMAll.feat/GrayordinatesStats/cope18.feat/mask.dtseries.nii","506234","MNINonLinear//Results/tfMRI_MOTOR/tfMRI_MOTOR_hp200_s2_level2_MSMAll.feat/GrayordinatesStats/cope18.feat/mask.dtseries.nii","MTzFmOV3F.uK4tNZPWYlKKo4duc.AWB9"
"s3://hcp-openaccess/HCP_1200/506234/MNINonLinear/Results/tfMRI_MOTOR/tfMRI_MOTOR_hp200_s2_level2_MSMAll.feat/GrayordinatesStats/cope18.feat/mean_random_effects_var1.dtseries.nii","506234","MNINonLinear//Results/tfMRI_MOTOR/tfMRI_MOTOR_hp200_s2_level2_MSMAll.feat/GrayordinatesStats/cope18.feat/mean_random_effects_var1.dtseries.nii","I3eYXeZB.oI2sH.jTxATXpfG1I4Lo55C"
"s3://hcp-openaccess/HCP_1200/506234/MNINonLinear/Results/tfMRI_MOTOR/tfMRI_MOTOR_hp200_s2_level2_MSMAll.feat/GrayordinatesStats/cope18.feat/pe1.dtseries.nii","506234","MNINonLinear//Results/tfMRI_MOTOR/tfMRI_MOTOR_hp200_s2_level2_MSMAll.feat/GrayordinatesStats/cope18.feat/pe1.dtseries.nii","OwUoVUGvi6ZKxrQ9Drw6mZ1gw3AQqTMW"
"s3://hcp-openaccess/HCP_1200/506234/MNINonLinear/Results/tfMRI_MOTOR/tfMRI_MOTOR_hp200_s2_level2_MSMAll.feat/GrayordinatesStats/cope18.feat/res4d.dtseries.nii","506234","MNINonLinear//Results/tfMRI_MOTOR/tfMRI_MOTOR_hp200_s2_level2_MSMAll.feat/GrayordinatesStats/cope18.feat/res4d.dtseries.nii","CW6yF9WJ4Tm7fXhfEhMF4Ds.oPQbwh7b"
"s3://hcp-openaccess/HCP_1200/506234/MNINonLinear/Results/tfMRI_MOTOR/tfMRI_MOTOR_hp200_s2_level2_MSMAll.feat/GrayordinatesStats/cope18.feat/tdof_t1.dtseries.nii","506234","MNINonLinear//Results/tfMRI_MOTOR/tfMRI_MOTOR_hp200_s2_level2_MSMAll.feat/GrayordinatesStats/cope18.feat/tdof_t1.dtseries.nii","slBqGCiIc34B1rwHr0P7Y8L23F_sjnr5"
"s3://hcp-openaccess/HCP_1200/506234/MNINonLinear/Results/tfMRI_MOTOR/tfMRI_MOTOR_hp200_s2_level2_MSMAll.feat/GrayordinatesStats/cope18.feat/tstat1.dtseries.nii","506234","MNINonLinear//Results/tfMRI_MOTOR/tfMRI_MOTOR_hp200_s2_level2_MSMAll.feat/GrayordinatesStats/cope18.feat/tstat1.dtseries.nii","BguN.vICbOtcLUOZhlxGiSZC5x21rlds"
"s3://hcp-openaccess/HCP_1200/506234/MNINonLinear/Results/tfMRI_MOTOR/tfMRI_MOTOR_hp200_s2_level2_MSMAll.feat/GrayordinatesStats/cope18.feat/varcope1.dtseries.nii","506234","MNINonLinear//Results/tfMRI_MOTOR/tfMRI_MOTOR_hp200_s2_level2_MSMAll.feat/GrayordinatesStats/cope18.feat/varcope1.dtseries.nii","RX5b.YtZs4ekNw8y8SOFjtzD1CZUmBkp"
"s3://hcp-openaccess/HCP_1200/506234/MNINonLinear/Results/tfMRI_MOTOR/tfMRI_MOTOR_hp200_s2_level2_MSMAll.feat/GrayordinatesStats/cope18.feat/weights1.dtseries.nii","506234","MNINonLinear//Results/tfMRI_MOTOR/tfMRI_MOTOR_hp200_s2_level2_MSMAll.feat/GrayordinatesStats/cope18.feat/weights1.dtseries.nii","Bi0B.ZrmN1dKRDiLaC7.58lnw4ah.fd3"
"s3://hcp-openaccess/HCP_1200/506234/MNINonLinear/Results/tfMRI_MOTOR/tfMRI_MOTOR_hp200_s2_level2_MSMAll.feat/GrayordinatesStats/cope18.feat/zflame1lowertstat1.dtseries.nii","506234","MNINonLinear//Results/tfMRI_MOTOR/tfMRI_MOTOR_hp200_s2_level2_MSMAll.feat/GrayordinatesStats/cope18.feat/zflame1lowertstat1.dtseries.nii","3B1PyNTxhVH4JL7x6u1WJ2nRnMT0bCnr"
"s3://hcp-openaccess/HCP_1200/506234/MNINonLinear/Results/tfMRI_MOTOR/tfMRI_MOTOR_hp200_s2_level2_MSMAll.feat/GrayordinatesStats/cope18.feat/zflame1uppertstat1.dtseries.nii","506234","MNINonLinear//Results/tfMRI_MOTOR/tfMRI_MOTOR_hp200_s2_level2_MSMAll.feat/GrayordinatesStats/cope18.feat/zflame1uppertstat1.dtseries.nii","jYF5nqYLikRCCJYlUluWHPrKx39b6NoT"
"s3://hcp-openaccess/HCP_1200/506234/MNINonLinear/Results/tfMRI_MOTOR/tfMRI_MOTOR_hp200_s2_level2_MSMAll.feat/GrayordinatesStats/cope18.feat/zstat1.dtseries.nii","506234","MNINonLinear//Results/tfMRI_MOTOR/tfMRI_MOTOR_hp200_s2_level2_MSMAll.feat/GrayordinatesStats/cope18.feat/zstat1.dtseries.nii","2savD_x8KWj5lKDW5zkxoWBd8N0QMGmA"
"s3://hcp-openaccess/HCP_1200/506234/MNINonLinear/Results/tfMRI_MOTOR/tfMRI_MOTOR_hp200_s2_level2_MSMAll.feat/GrayordinatesStats/cope19.feat/cope1.dtseries.nii","506234","MNINonLinear//Results/tfMRI_MOTOR/tfMRI_MOTOR_hp200_s2_level2_MSMAll.feat/GrayordinatesStats/cope19.feat/cope1.dtseries.nii","el7CJN3q_GY_Pa8j0vwssw5nEXCRYI1b"
"s3://hcp-openaccess/HCP_1200/506234/MNINonLinear/Results/tfMRI_MOTOR/tfMRI_MOTOR_hp200_s2_level2_MSMAll.feat/GrayordinatesStats/cope19.feat/logfile","506234","MNINonLinear//Results/tfMRI_MOTOR/tfMRI_MOTOR_hp200_s2_level2_MSMAll.feat/GrayordinatesStats/cope19.feat/logfile","hHjdYxcIIHUilpGyqse0nimGtS9oyKPF"
"s3://hcp-openaccess/HCP_1200/506234/MNINonLinear/Results/tfMRI_MOTOR/tfMRI_MOTOR_hp200_s2_level2_MSMAll.feat/GrayordinatesStats/cope19.feat/mask.dtseries.nii","506234","MNINonLinear//Results/tfMRI_MOTOR/tfMRI_MOTOR_hp200_s2_level2_MSMAll.feat/GrayordinatesStats/cope19.feat/mask.dtseries.nii","IE1pKSmZnkIQYQNcaIfOUjnckGahtr57"
"s3://hcp-openaccess/HCP_1200/506234/MNINonLinear/Results/tfMRI_MOTOR/tfMRI_MOTOR_hp200_s2_level2_MSMAll.feat/GrayordinatesStats/cope19.feat/mean_random_effects_var1.dtseries.nii","506234","MNINonLinear//Results/tfMRI_MOTOR/tfMRI_MOTOR_hp200_s2_level2_MSMAll.feat/GrayordinatesStats/cope19.feat/mean_random_effects_var1.dtseries.nii","o53gaoNoVRDktaLZVh5mMpNqoJsEq0sD"
"s3://hcp-openaccess/HCP_1200/506234/MNINonLinear/Results/tfMRI_MOTOR/tfMRI_MOTOR_hp200_s2_level2_MSMAll.feat/GrayordinatesStats/cope19.feat/pe1.dtseries.nii","506234","MNINonLinear//Results/tfMRI_MOTOR/tfMRI_MOTOR_hp200_s2_level2_MSMAll.feat/GrayordinatesStats/cope19.feat/pe1.dtseries.nii","RiGWw8RlY.p8ziL63iv6bzcxZbarbTsX"
"s3://hcp-openaccess/HCP_1200/506234/MNINonLinear/Results/tfMRI_MOTOR/tfMRI_MOTOR_hp200_s2_level2_MSMAll.feat/GrayordinatesStats/cope19.feat/res4d.dtseries.nii","506234","MNINonLinear//Results/tfMRI_MOTOR/tfMRI_MOTOR_hp200_s2_level2_MSMAll.feat/GrayordinatesStats/cope19.feat/res4d.dtseries.nii","cUsX6XPDzcvBoofJl_xyNSktueM1w6Z6"
"s3://hcp-openaccess/HCP_1200/506234/MNINonLinear/Results/tfMRI_MOTOR/tfMRI_MOTOR_hp200_s2_level2_MSMAll.feat/GrayordinatesStats/cope19.feat/tdof_t1.dtseries.nii","506234","MNINonLinear//Results/tfMRI_MOTOR/tfMRI_MOTOR_hp200_s2_level2_MSMAll.feat/GrayordinatesStats/cope19.feat/tdof_t1.dtseries.nii","sRy6g10LFaJMSaLnhUVDKrgIINu8bGL4"
"s3://hcp-openaccess/HCP_1200/506234/MNINonLinear/Results/tfMRI_MOTOR/tfMRI_MOTOR_hp200_s2_level2_MSMAll.feat/GrayordinatesStats/cope19.feat/tstat1.dtseries.nii","506234","MNINonLinear//Results/tfMRI_MOTOR/tfMRI_MOTOR_hp200_s2_level2_MSMAll.feat/GrayordinatesStats/cope19.feat/tstat1.dtseries.nii","1QMMH6UnTGv4cVCEAi5MAFn9xlvAUcM_"
"s3://hcp-openaccess/HCP_1200/506234/MNINonLinear/Results/tfMRI_MOTOR/tfMRI_MOTOR_hp200_s2_level2_MSMAll.feat/GrayordinatesStats/cope19.feat/varcope1.dtseries.nii","506234","MNINonLinear//Results/tfMRI_MOTOR/tfMRI_MOTOR_hp200_s2_level2_MSMAll.feat/GrayordinatesStats/cope19.feat/varcope1.dtseries.nii","3w10QfgZk4lCcgxfOKH7cE57Qej0ODZy"
"s3://hcp-openaccess/HCP_1200/506234/MNINonLinear/Results/tfMRI_MOTOR/tfMRI_MOTOR_hp200_s2_level2_MSMAll.feat/GrayordinatesStats/cope19.feat/weights1.dtseries.nii","506234","MNINonLinear//Results/tfMRI_MOTOR/tfMRI_MOTOR_hp200_s2_level2_MSMAll.feat/GrayordinatesStats/cope19.feat/weights1.dtseries.nii","uUA6x.z_N7GkgMBU7Vl2OKBoquDrLUY."
"s3://hcp-openaccess/HCP_1200/506234/MNINonLinear/Results/tfMRI_MOTOR/tfMRI_MOTOR_hp200_s2_level2_MSMAll.feat/GrayordinatesStats/cope19.feat/zflame1lowertstat1.dtseries.nii","506234","MNINonLinear//Results/tfMRI_MOTOR/tfMRI_MOTOR_hp200_s2_level2_MSMAll.feat/GrayordinatesStats/cope19.feat/zflame1lowertstat1.dtseries.nii","hHeEBslWEk4pIvDhHJuqJGjPXZl7bAJw"
"s3://hcp-openaccess/HCP_1200/506234/MNINonLinear/Results/tfMRI_MOTOR/tfMRI_MOTOR_hp200_s2_level2_MSMAll.feat/GrayordinatesStats/cope19.feat/zflame1uppertstat1.dtseries.nii","506234","MNINonLinear//Results/tfMRI_MOTOR/tfMRI_MOTOR_hp200_s2_level2_MSMAll.feat/GrayordinatesStats/cope19.feat/zflame1uppertstat1.dtseries.nii","7OmPS_vCgXDGXQef8NXTveVeRzLWfy5q"
"s3://hcp-openaccess/HCP_1200/506234/MNINonLinear/Results/tfMRI_MOTOR/tfMRI_MOTOR_hp200_s2_level2_MSMAll.feat/GrayordinatesStats/cope19.feat/zstat1.dtseries.nii","506234","MNINonLinear//Results/tfMRI_MOTOR/tfMRI_MOTOR_hp200_s2_level2_MSMAll.feat/GrayordinatesStats/cope19.feat/zstat1.dtseries.nii",".82bt4_l8xeKPz_bnNy8EkFrNr6SiVX7"
"s3://hcp-openaccess/HCP_1200/506234/MNINonLinear/Results/tfMRI_MOTOR/tfMRI_MOTOR_hp200_s2_level2_MSMAll.feat/GrayordinatesStats/cope2.feat/cope1.dtseries.nii","506234","MNINonLinear//Results/tfMRI_MOTOR/tfMRI_MOTOR_hp200_s2_level2_MSMAll.feat/GrayordinatesStats/cope2.feat/cope1.dtseries.nii","RqYKqQgjvG_r4ypKF_hx1dwCgD9oU0IH"
"s3://hcp-openaccess/HCP_1200/506234/MNINonLinear/Results/tfMRI_MOTOR/tfMRI_MOTOR_hp200_s2_level2_MSMAll.feat/GrayordinatesStats/cope2.feat/logfile","506234","MNINonLinear//Results/tfMRI_MOTOR/tfMRI_MOTOR_hp200_s2_level2_MSMAll.feat/GrayordinatesStats/cope2.feat/logfile","PKipMnhKONh85OxWuyYPbW1NRYOnTF0I"
"s3://hcp-openaccess/HCP_1200/506234/MNINonLinear/Results/tfMRI_MOTOR/tfMRI_MOTOR_hp200_s2_level2_MSMAll.feat/GrayordinatesStats/cope2.feat/mask.dtseries.nii","506234","MNINonLinear//Results/tfMRI_MOTOR/tfMRI_MOTOR_hp200_s2_level2_MSMAll.feat/GrayordinatesStats/cope2.feat/mask.dtseries.nii","LtMeZfyFoJwOBaoc.MuBR9jRKqtYF1Pv"
"s3://hcp-openaccess/HCP_1200/506234/MNINonLinear/Results/tfMRI_MOTOR/tfMRI_MOTOR_hp200_s2_level2_MSMAll.feat/GrayordinatesStats/cope2.feat/mean_random_effects_var1.dtseries.nii","506234","MNINonLinear//Results/tfMRI_MOTOR/tfMRI_MOTOR_hp200_s2_level2_MSMAll.feat/GrayordinatesStats/cope2.feat/mean_random_effects_var1.dtseries.nii","HXWxweL9mVuREkWcySqt4Q.CzXYoj3nE"
"s3://hcp-openaccess/HCP_1200/506234/MNINonLinear/Results/tfMRI_MOTOR/tfMRI_MOTOR_hp200_s2_level2_MSMAll.feat/GrayordinatesStats/cope2.feat/pe1.dtseries.nii","506234","MNINonLinear//Results/tfMRI_MOTOR/tfMRI_MOTOR_hp200_s2_level2_MSMAll.feat/GrayordinatesStats/cope2.feat/pe1.dtseries.nii","FLc0smlEsqn.oUF0hW1JpPCECkQLv6fj"
"s3://hcp-openaccess/HCP_1200/506234/MNINonLinear/Results/tfMRI_MOTOR/tfMRI_MOTOR_hp200_s2_level2_MSMAll.feat/GrayordinatesStats/cope2.feat/res4d.dtseries.nii","506234","MNINonLinear//Results/tfMRI_MOTOR/tfMRI_MOTOR_hp200_s2_level2_MSMAll.feat/GrayordinatesStats/cope2.feat/res4d.dtseries.nii","mR1lruCJ_oEjd9e.mNwUQId8ydLRc2pA"
"s3://hcp-openaccess/HCP_1200/506234/MNINonLinear/Results/tfMRI_MOTOR/tfMRI_MOTOR_hp200_s2_level2_MSMAll.feat/GrayordinatesStats/cope2.feat/tdof_t1.dtseries.nii","506234","MNINonLinear//Results/tfMRI_MOTOR/tfMRI_MOTOR_hp200_s2_level2_MSMAll.feat/GrayordinatesStats/cope2.feat/tdof_t1.dtseries.nii","fEdk_bUrznlWDKiz67sNnOObhkkBkcIu"
"s3://hcp-openaccess/HCP_1200/506234/MNINonLinear/Results/tfMRI_MOTOR/tfMRI_MOTOR_hp200_s2_level2_MSMAll.feat/GrayordinatesStats/cope2.feat/tstat1.dtseries.nii","506234","MNINonLinear//Results/tfMRI_MOTOR/tfMRI_MOTOR_hp200_s2_level2_MSMAll.feat/GrayordinatesStats/cope2.feat/tstat1.dtseries.nii","HPLjhdz0sRODzPHc714lBiY_LM5sPLuD"
"s3://hcp-openaccess/HCP_1200/506234/MNINonLinear/Results/tfMRI_MOTOR/tfMRI_MOTOR_hp200_s2_level2_MSMAll.feat/GrayordinatesStats/cope2.feat/varcope1.dtseries.nii","506234","MNINonLinear//Results/tfMRI_MOTOR/tfMRI_MOTOR_hp200_s2_level2_MSMAll.feat/GrayordinatesStats/cope2.feat/varcope1.dtseries.nii","7JpnwkQWefc8dfofkHhNpVvnIRZuuoxS"
"s3://hcp-openaccess/HCP_1200/506234/MNINonLinear/Results/tfMRI_MOTOR/tfMRI_MOTOR_hp200_s2_level2_MSMAll.feat/GrayordinatesStats/cope2.feat/weights1.dtseries.nii","506234","MNINonLinear//Results/tfMRI_MOTOR/tfMRI_MOTOR_hp200_s2_level2_MSMAll.feat/GrayordinatesStats/cope2.feat/weights1.dtseries.nii","lvS8InDSe_6n65jO6LgTtlUotSXVOWRi"
"s3://hcp-openaccess/HCP_1200/506234/MNINonLinear/Results/tfMRI_MOTOR/tfMRI_MOTOR_hp200_s2_level2_MSMAll.feat/GrayordinatesStats/cope2.feat/zflame1lowertstat1.dtseries.nii","506234","MNINonLinear//Results/tfMRI_MOTOR/tfMRI_MOTOR_hp200_s2_level2_MSMAll.feat/GrayordinatesStats/cope2.feat/zflame1lowertstat1.dtseries.nii","N0vPX4JZK1h464u_P09b9Y9buWqt4C2I"
"s3://hcp-openaccess/HCP_1200/506234/MNINonLinear/Results/tfMRI_MOTOR/tfMRI_MOTOR_hp200_s2_level2_MSMAll.feat/GrayordinatesStats/cope2.feat/zflame1uppertstat1.dtseries.nii","506234","MNINonLinear//Results/tfMRI_MOTOR/tfMRI_MOTOR_hp200_s2_level2_MSMAll.feat/GrayordinatesStats/cope2.feat/zflame1uppertstat1.dtseries.nii","cyHNJ85WeRMTA6KfIGID_GgnUXCZ.HDr"
"s3://hcp-openaccess/HCP_1200/506234/MNINonLinear/Results/tfMRI_MOTOR/tfMRI_MOTOR_hp200_s2_level2_MSMAll.feat/GrayordinatesStats/cope2.feat/zstat1.dtseries.nii","506234","MNINonLinear//Results/tfMRI_MOTOR/tfMRI_MOTOR_hp200_s2_level2_MSMAll.feat/GrayordinatesStats/cope2.feat/zstat1.dtseries.nii","UugHt1_NHYwEi1DTflMUzM1Bn1t4vCm_"
"s3://hcp-openaccess/HCP_1200/506234/MNINonLinear/Results/tfMRI_MOTOR/tfMRI_MOTOR_hp200_s2_level2_MSMAll.feat/GrayordinatesStats/cope20.feat/cope1.dtseries.nii","506234","MNINonLinear//Results/tfMRI_MOTOR/tfMRI_MOTOR_hp200_s2_level2_MSMAll.feat/GrayordinatesStats/cope20.feat/cope1.dtseries.nii","3JG9vVXTN0oWzUD7x0y0jFYRGlNzVCc7"
"s3://hcp-openaccess/HCP_1200/506234/MNINonLinear/Results/tfMRI_MOTOR/tfMRI_MOTOR_hp200_s2_level2_MSMAll.feat/GrayordinatesStats/cope20.feat/logfile","506234","MNINonLinear//Results/tfMRI_MOTOR/tfMRI_MOTOR_hp200_s2_level2_MSMAll.feat/GrayordinatesStats/cope20.feat/logfile","zJEdZ2_IldIfjKX3.YT2xapspwHKBIX."
"s3://hcp-openaccess/HCP_1200/506234/MNINonLinear/Results/tfMRI_MOTOR/tfMRI_MOTOR_hp200_s2_level2_MSMAll.feat/GrayordinatesStats/cope20.feat/mask.dtseries.nii","506234","MNINonLinear//Results/tfMRI_MOTOR/tfMRI_MOTOR_hp200_s2_level2_MSMAll.feat/GrayordinatesStats/cope20.feat/mask.dtseries.nii","93fDPkjr86LrUjELMASyHMligQwmvDci"
"s3://hcp-openaccess/HCP_1200/506234/MNINonLinear/Results/tfMRI_MOTOR/tfMRI_MOTOR_hp200_s2_level2_MSMAll.feat/GrayordinatesStats/cope20.feat/mean_random_effects_var1.dtseries.nii","506234","MNINonLinear//Results/tfMRI_MOTOR/tfMRI_MOTOR_hp200_s2_level2_MSMAll.feat/GrayordinatesStats/cope20.feat/mean_random_effects_var1.dtseries.nii","T8hHajuytuNpArU8.pQdnWz5GPmW4pNs"
"s3://hcp-openaccess/HCP_1200/506234/MNINonLinear/Results/tfMRI_MOTOR/tfMRI_MOTOR_hp200_s2_level2_MSMAll.feat/GrayordinatesStats/cope20.feat/pe1.dtseries.nii","506234","MNINonLinear//Results/tfMRI_MOTOR/tfMRI_MOTOR_hp200_s2_level2_MSMAll.feat/GrayordinatesStats/cope20.feat/pe1.dtseries.nii","z87chBALvorEU0lTojHgRgvfvcJE8ePJ"
"s3://hcp-openaccess/HCP_1200/506234/MNINonLinear/Results/tfMRI_MOTOR/tfMRI_MOTOR_hp200_s2_level2_MSMAll.feat/GrayordinatesStats/cope20.feat/res4d.dtseries.nii","506234","MNINonLinear//Results/tfMRI_MOTOR/tfMRI_MOTOR_hp200_s2_level2_MSMAll.feat/GrayordinatesStats/cope20.feat/res4d.dtseries.nii","MqdTSH57zDM_h842iFRt2roO6yir65Jm"
"s3://hcp-openaccess/HCP_1200/506234/MNINonLinear/Results/tfMRI_MOTOR/tfMRI_MOTOR_hp200_s2_level2_MSMAll.feat/GrayordinatesStats/cope20.feat/tdof_t1.dtseries.nii","506234","MNINonLinear//Results/tfMRI_MOTOR/tfMRI_MOTOR_hp200_s2_level2_MSMAll.feat/GrayordinatesStats/cope20.feat/tdof_t1.dtseries.nii","VZQECZn9MpCEZDrUqTU1mfRh43u9rMbK"
"s3://hcp-openaccess/HCP_1200/506234/MNINonLinear/Results/tfMRI_MOTOR/tfMRI_MOTOR_hp200_s2_level2_MSMAll.feat/GrayordinatesStats/cope20.feat/tstat1.dtseries.nii","506234","MNINonLinear//Results/tfMRI_MOTOR/tfMRI_MOTOR_hp200_s2_level2_MSMAll.feat/GrayordinatesStats/cope20.feat/tstat1.dtseries.nii","H9YwFBwJ4OGdyYyEk46sxORHUIYNEPvj"
"s3://hcp-openaccess/HCP_1200/506234/MNINonLinear/Results/tfMRI_MOTOR/tfMRI_MOTOR_hp200_s2_level2_MSMAll.feat/GrayordinatesStats/cope20.feat/varcope1.dtseries.nii","506234","MNINonLinear//Results/tfMRI_MOTOR/tfMRI_MOTOR_hp200_s2_level2_MSMAll.feat/GrayordinatesStats/cope20.feat/varcope1.dtseries.nii","EDdqIEdmSz_rcKU6Ifj6DmhgtuUyD3Ic"
"s3://hcp-openaccess/HCP_1200/506234/MNINonLinear/Results/tfMRI_MOTOR/tfMRI_MOTOR_hp200_s2_level2_MSMAll.feat/GrayordinatesStats/cope20.feat/weights1.dtseries.nii","506234","MNINonLinear//Results/tfMRI_MOTOR/tfMRI_MOTOR_hp200_s2_level2_MSMAll.feat/GrayordinatesStats/cope20.feat/weights1.dtseries.nii","TRqGiJvfDOkteTsPNzRjBBXvlctkVKlq"
"s3://hcp-openaccess/HCP_1200/506234/MNINonLinear/Results/tfMRI_MOTOR/tfMRI_MOTOR_hp200_s2_level2_MSMAll.feat/GrayordinatesStats/cope20.feat/zflame1lowertstat1.dtseries.nii","506234","MNINonLinear//Results/tfMRI_MOTOR/tfMRI_MOTOR_hp200_s2_level2_MSMAll.feat/GrayordinatesStats/cope20.feat/zflame1lowertstat1.dtseries.nii","oWDFmW.p8s4Bou5fH_ivR.8wNo3yCWe4"
"s3://hcp-openaccess/HCP_1200/506234/MNINonLinear/Results/tfMRI_MOTOR/tfMRI_MOTOR_hp200_s2_level2_MSMAll.feat/GrayordinatesStats/cope20.feat/zflame1uppertstat1.dtseries.nii","506234","MNINonLinear//Results/tfMRI_MOTOR/tfMRI_MOTOR_hp200_s2_level2_MSMAll.feat/GrayordinatesStats/cope20.feat/zflame1uppertstat1.dtseries.nii","oZy0yfD4CnzzKE5waCd6QHwckDjWkiST"
"s3://hcp-openaccess/HCP_1200/506234/MNINonLinear/Results/tfMRI_MOTOR/tfMRI_MOTOR_hp200_s2_level2_MSMAll.feat/GrayordinatesStats/cope20.feat/zstat1.dtseries.nii","506234","MNINonLinear//Results/tfMRI_MOTOR/tfMRI_MOTOR_hp200_s2_level2_MSMAll.feat/GrayordinatesStats/cope20.feat/zstat1.dtseries.nii","s9sFDFUzn5RTROItAdhQDPpqPZ3.TDmy"
"s3://hcp-openaccess/HCP_1200/506234/MNINonLinear/Results/tfMRI_MOTOR/tfMRI_MOTOR_hp200_s2_level2_MSMAll.feat/GrayordinatesStats/cope21.feat/cope1.dtseries.nii","506234","MNINonLinear//Results/tfMRI_MOTOR/tfMRI_MOTOR_hp200_s2_level2_MSMAll.feat/GrayordinatesStats/cope21.feat/cope1.dtseries.nii","YANdXy2GPsJ29RNipztzSDoP6mVwTco5"
"s3://hcp-openaccess/HCP_1200/506234/MNINonLinear/Results/tfMRI_MOTOR/tfMRI_MOTOR_hp200_s2_level2_MSMAll.feat/GrayordinatesStats/cope21.feat/logfile","506234","MNINonLinear//Results/tfMRI_MOTOR/tfMRI_MOTOR_hp200_s2_level2_MSMAll.feat/GrayordinatesStats/cope21.feat/logfile","MVo5WyA71oh2P2T8kdIXJLOlsfmwWqCx"
"s3://hcp-openaccess/HCP_1200/506234/MNINonLinear/Results/tfMRI_MOTOR/tfMRI_MOTOR_hp200_s2_level2_MSMAll.feat/GrayordinatesStats/cope21.feat/mask.dtseries.nii","506234","MNINonLinear//Results/tfMRI_MOTOR/tfMRI_MOTOR_hp200_s2_level2_MSMAll.feat/GrayordinatesStats/cope21.feat/mask.dtseries.nii","B5Tfo_MerQ55oiS9x5ZE7SvyF8s.Yqsh"
"s3://hcp-openaccess/HCP_1200/506234/MNINonLinear/Results/tfMRI_MOTOR/tfMRI_MOTOR_hp200_s2_level2_MSMAll.feat/GrayordinatesStats/cope21.feat/mean_random_effects_var1.dtseries.nii","506234","MNINonLinear//Results/tfMRI_MOTOR/tfMRI_MOTOR_hp200_s2_level2_MSMAll.feat/GrayordinatesStats/cope21.feat/mean_random_effects_var1.dtseries.nii","iuu7SVIL4oO6qQRYchFQC7o5SRILkhHp"
"s3://hcp-openaccess/HCP_1200/506234/MNINonLinear/Results/tfMRI_MOTOR/tfMRI_MOTOR_hp200_s2_level2_MSMAll.feat/GrayordinatesStats/cope21.feat/pe1.dtseries.nii","506234","MNINonLinear//Results/tfMRI_MOTOR/tfMRI_MOTOR_hp200_s2_level2_MSMAll.feat/GrayordinatesStats/cope21.feat/pe1.dtseries.nii","48BiGKkHe.C_.YrleZktaUetY.FfI02C"
"s3://hcp-openaccess/HCP_1200/506234/MNINonLinear/Results/tfMRI_MOTOR/tfMRI_MOTOR_hp200_s2_level2_MSMAll.feat/GrayordinatesStats/cope21.feat/res4d.dtseries.nii","506234","MNINonLinear//Results/tfMRI_MOTOR/tfMRI_MOTOR_hp200_s2_level2_MSMAll.feat/GrayordinatesStats/cope21.feat/res4d.dtseries.nii","vQlvmmbec7pP78g7HvzHV70PA4Fkz_.N"
"s3://hcp-openaccess/HCP_1200/506234/MNINonLinear/Results/tfMRI_MOTOR/tfMRI_MOTOR_hp200_s2_level2_MSMAll.feat/GrayordinatesStats/cope21.feat/tdof_t1.dtseries.nii","506234","MNINonLinear//Results/tfMRI_MOTOR/tfMRI_MOTOR_hp200_s2_level2_MSMAll.feat/GrayordinatesStats/cope21.feat/tdof_t1.dtseries.nii","0gh29i1wbMVc3tZTecaADUlactnYdzKG"
"s3://hcp-openaccess/HCP_1200/506234/MNINonLinear/Results/tfMRI_MOTOR/tfMRI_MOTOR_hp200_s2_level2_MSMAll.feat/GrayordinatesStats/cope21.feat/tstat1.dtseries.nii","506234","MNINonLinear//Results/tfMRI_MOTOR/tfMRI_MOTOR_hp200_s2_level2_MSMAll.feat/GrayordinatesStats/cope21.feat/tstat1.dtseries.nii","FAFfBrNxlrjXGVx9DCtSrCE6lLzeyle8"
"s3://hcp-openaccess/HCP_1200/506234/MNINonLinear/Results/tfMRI_MOTOR/tfMRI_MOTOR_hp200_s2_level2_MSMAll.feat/GrayordinatesStats/cope21.feat/varcope1.dtseries.nii","506234","MNINonLinear//Results/tfMRI_MOTOR/tfMRI_MOTOR_hp200_s2_level2_MSMAll.feat/GrayordinatesStats/cope21.feat/varcope1.dtseries.nii","KyEM9_xs1ILQppPBvKxm04DqBfsjmYZk"
"s3://hcp-openaccess/HCP_1200/506234/MNINonLinear/Results/tfMRI_MOTOR/tfMRI_MOTOR_hp200_s2_level2_MSMAll.feat/GrayordinatesStats/cope21.feat/weights1.dtseries.nii","506234","MNINonLinear//Results/tfMRI_MOTOR/tfMRI_MOTOR_hp200_s2_level2_MSMAll.feat/GrayordinatesStats/cope21.feat/weights1.dtseries.nii","_RWMouTefggf.w7N3uWiQi_2P8Mzhu_h"
"s3://hcp-openaccess/HCP_1200/506234/MNINonLinear/Results/tfMRI_MOTOR/tfMRI_MOTOR_hp200_s2_level2_MSMAll.feat/GrayordinatesStats/cope21.feat/zflame1lowertstat1.dtseries.nii","506234","MNINonLinear//Results/tfMRI_MOTOR/tfMRI_MOTOR_hp200_s2_level2_MSMAll.feat/GrayordinatesStats/cope21.feat/zflame1lowertstat1.dtseries.nii","1SI36y7xKk6HeKXE7gMJpKNfjW9RfYJg"
"s3://hcp-openaccess/HCP_1200/506234/MNINonLinear/Results/tfMRI_MOTOR/tfMRI_MOTOR_hp200_s2_level2_MSMAll.feat/GrayordinatesStats/cope21.feat/zflame1uppertstat1.dtseries.nii","506234","MNINonLinear//Results/tfMRI_MOTOR/tfMRI_MOTOR_hp200_s2_level2_MSMAll.feat/GrayordinatesStats/cope21.feat/zflame1uppertstat1.dtseries.nii","SVkBEaUyBDJ8B_1zcm6.8j_7FIzWRzuO"
"s3://hcp-openaccess/HCP_1200/506234/MNINonLinear/Results/tfMRI_MOTOR/tfMRI_MOTOR_hp200_s2_level2_MSMAll.feat/GrayordinatesStats/cope21.feat/zstat1.dtseries.nii","506234","MNINonLinear//Results/tfMRI_MOTOR/tfMRI_MOTOR_hp200_s2_level2_MSMAll.feat/GrayordinatesStats/cope21.feat/zstat1.dtseries.nii","8yeMKGnhCDehHNDXIUufOFHnhuuRMELf"
"s3://hcp-openaccess/HCP_1200/506234/MNINonLinear/Results/tfMRI_MOTOR/tfMRI_MOTOR_hp200_s2_level2_MSMAll.feat/GrayordinatesStats/cope22.feat/cope1.dtseries.nii","506234","MNINonLinear//Results/tfMRI_MOTOR/tfMRI_MOTOR_hp200_s2_level2_MSMAll.feat/GrayordinatesStats/cope22.feat/cope1.dtseries.nii","xgxIrjBnPgPdeF19hJi41jfqucOhveVc"
"s3://hcp-openaccess/HCP_1200/506234/MNINonLinear/Results/tfMRI_MOTOR/tfMRI_MOTOR_hp200_s2_level2_MSMAll.feat/GrayordinatesStats/cope22.feat/logfile","506234","MNINonLinear//Results/tfMRI_MOTOR/tfMRI_MOTOR_hp200_s2_level2_MSMAll.feat/GrayordinatesStats/cope22.feat/logfile","XcghSujQPrp6SNWRO5Yg99YyNSvkcs2O"
"s3://hcp-openaccess/HCP_1200/506234/MNINonLinear/Results/tfMRI_MOTOR/tfMRI_MOTOR_hp200_s2_level2_MSMAll.feat/GrayordinatesStats/cope22.feat/mask.dtseries.nii","506234","MNINonLinear//Results/tfMRI_MOTOR/tfMRI_MOTOR_hp200_s2_level2_MSMAll.feat/GrayordinatesStats/cope22.feat/mask.dtseries.nii","m2iU9KfTJSy5BomJkCss7cec1EofXy68"
"s3://hcp-openaccess/HCP_1200/506234/MNINonLinear/Results/tfMRI_MOTOR/tfMRI_MOTOR_hp200_s2_level2_MSMAll.feat/GrayordinatesStats/cope22.feat/mean_random_effects_var1.dtseries.nii","506234","MNINonLinear//Results/tfMRI_MOTOR/tfMRI_MOTOR_hp200_s2_level2_MSMAll.feat/GrayordinatesStats/cope22.feat/mean_random_effects_var1.dtseries.nii","g8DRYiZyyRFmptyHIvevsgNIrJioyOP4"
"s3://hcp-openaccess/HCP_1200/506234/MNINonLinear/Results/tfMRI_MOTOR/tfMRI_MOTOR_hp200_s2_level2_MSMAll.feat/GrayordinatesStats/cope22.feat/pe1.dtseries.nii","506234","MNINonLinear//Results/tfMRI_MOTOR/tfMRI_MOTOR_hp200_s2_level2_MSMAll.feat/GrayordinatesStats/cope22.feat/pe1.dtseries.nii","aDxySxBK2TIfv3nEVd.rX0vK.O.sxhw8"
"s3://hcp-openaccess/HCP_1200/506234/MNINonLinear/Results/tfMRI_MOTOR/tfMRI_MOTOR_hp200_s2_level2_MSMAll.feat/GrayordinatesStats/cope22.feat/res4d.dtseries.nii","506234","MNINonLinear//Results/tfMRI_MOTOR/tfMRI_MOTOR_hp200_s2_level2_MSMAll.feat/GrayordinatesStats/cope22.feat/res4d.dtseries.nii","p6QNv_GFCSdGGmqjXebqoPmLgR31u3SJ"
"s3://hcp-openaccess/HCP_1200/506234/MNINonLinear/Results/tfMRI_MOTOR/tfMRI_MOTOR_hp200_s2_level2_MSMAll.feat/GrayordinatesStats/cope22.feat/tdof_t1.dtseries.nii","506234","MNINonLinear//Results/tfMRI_MOTOR/tfMRI_MOTOR_hp200_s2_level2_MSMAll.feat/GrayordinatesStats/cope22.feat/tdof_t1.dtseries.nii","Jol.CtsNiVfRtTY5Y1LGawNd2XZoGWAy"
"s3://hcp-openaccess/HCP_1200/506234/MNINonLinear/Results/tfMRI_MOTOR/tfMRI_MOTOR_hp200_s2_level2_MSMAll.feat/GrayordinatesStats/cope22.feat/tstat1.dtseries.nii","506234","MNINonLinear//Results/tfMRI_MOTOR/tfMRI_MOTOR_hp200_s2_level2_MSMAll.feat/GrayordinatesStats/cope22.feat/tstat1.dtseries.nii","Tln8DAyv47oZHgDN9UJ1NdmjhLZpDyIn"
"s3://hcp-openaccess/HCP_1200/506234/MNINonLinear/Results/tfMRI_MOTOR/tfMRI_MOTOR_hp200_s2_level2_MSMAll.feat/GrayordinatesStats/cope22.feat/varcope1.dtseries.nii","506234","MNINonLinear//Results/tfMRI_MOTOR/tfMRI_MOTOR_hp200_s2_level2_MSMAll.feat/GrayordinatesStats/cope22.feat/varcope1.dtseries.nii","9zT8rZ3MqbZ5ellX6HRQp4WRrjk7Lpq_"
"s3://hcp-openaccess/HCP_1200/506234/MNINonLinear/Results/tfMRI_MOTOR/tfMRI_MOTOR_hp200_s2_level2_MSMAll.feat/GrayordinatesStats/cope22.feat/weights1.dtseries.nii","506234","MNINonLinear//Results/tfMRI_MOTOR/tfMRI_MOTOR_hp200_s2_level2_MSMAll.feat/GrayordinatesStats/cope22.feat/weights1.dtseries.nii","ZA4b2Cfs8nExqPGZ.kxUCjbrJiszy7s4"
"s3://hcp-openaccess/HCP_1200/506234/MNINonLinear/Results/tfMRI_MOTOR/tfMRI_MOTOR_hp200_s2_level2_MSMAll.feat/GrayordinatesStats/cope22.feat/zflame1lowertstat1.dtseries.nii","506234","MNINonLinear//Results/tfMRI_MOTOR/tfMRI_MOTOR_hp200_s2_level2_MSMAll.feat/GrayordinatesStats/cope22.feat/zflame1lowertstat1.dtseries.nii","uYV9SCiaKCxa1g9j.IdVelx7b0De41LG"
"s3://hcp-openaccess/HCP_1200/506234/MNINonLinear/Results/tfMRI_MOTOR/tfMRI_MOTOR_hp200_s2_level2_MSMAll.feat/GrayordinatesStats/cope22.feat/zflame1uppertstat1.dtseries.nii","506234","MNINonLinear//Results/tfMRI_MOTOR/tfMRI_MOTOR_hp200_s2_level2_MSMAll.feat/GrayordinatesStats/cope22.feat/zflame1uppertstat1.dtseries.nii",".yrJ4yg2eu_kuKv.rcVfQLv_I30dvexN"
"s3://hcp-openaccess/HCP_1200/506234/MNINonLinear/Results/tfMRI_MOTOR/tfMRI_MOTOR_hp200_s2_level2_MSMAll.feat/GrayordinatesStats/cope22.feat/zstat1.dtseries.nii","506234","MNINonLinear//Results/tfMRI_MOTOR/tfMRI_MOTOR_hp200_s2_level2_MSMAll.feat/GrayordinatesStats/cope22.feat/zstat1.dtseries.nii","ri3uIUyz_tlkbkcZkGsmpE8gZsUJjVuV"
"s3://hcp-openaccess/HCP_1200/506234/MNINonLinear/Results/tfMRI_MOTOR/tfMRI_MOTOR_hp200_s2_level2_MSMAll.feat/GrayordinatesStats/cope23.feat/cope1.dtseries.nii","506234","MNINonLinear//Results/tfMRI_MOTOR/tfMRI_MOTOR_hp200_s2_level2_MSMAll.feat/GrayordinatesStats/cope23.feat/cope1.dtseries.nii","b6pudGYTaeqCPQrgQxxFDt7VPg19_ReQ"
"s3://hcp-openaccess/HCP_1200/506234/MNINonLinear/Results/tfMRI_MOTOR/tfMRI_MOTOR_hp200_s2_level2_MSMAll.feat/GrayordinatesStats/cope23.feat/logfile","506234","MNINonLinear//Results/tfMRI_MOTOR/tfMRI_MOTOR_hp200_s2_level2_MSMAll.feat/GrayordinatesStats/cope23.feat/logfile","jkttKG51tS8IyYTpl81wSDrracf.rruy"
"s3://hcp-openaccess/HCP_1200/506234/MNINonLinear/Results/tfMRI_MOTOR/tfMRI_MOTOR_hp200_s2_level2_MSMAll.feat/GrayordinatesStats/cope23.feat/mask.dtseries.nii","506234","MNINonLinear//Results/tfMRI_MOTOR/tfMRI_MOTOR_hp200_s2_level2_MSMAll.feat/GrayordinatesStats/cope23.feat/mask.dtseries.nii","DRiZ6LOgCKUu32THLT2KdvPFnARnPru_"
"s3://hcp-openaccess/HCP_1200/506234/MNINonLinear/Results/tfMRI_MOTOR/tfMRI_MOTOR_hp200_s2_level2_MSMAll.feat/GrayordinatesStats/cope23.feat/mean_random_effects_var1.dtseries.nii","506234","MNINonLinear//Results/tfMRI_MOTOR/tfMRI_MOTOR_hp200_s2_level2_MSMAll.feat/GrayordinatesStats/cope23.feat/mean_random_effects_var1.dtseries.nii","tv_2int.VFM8KzGZlnSbr3AfsFiU2.uy"
"s3://hcp-openaccess/HCP_1200/506234/MNINonLinear/Results/tfMRI_MOTOR/tfMRI_MOTOR_hp200_s2_level2_MSMAll.feat/GrayordinatesStats/cope23.feat/pe1.dtseries.nii","506234","MNINonLinear//Results/tfMRI_MOTOR/tfMRI_MOTOR_hp200_s2_level2_MSMAll.feat/GrayordinatesStats/cope23.feat/pe1.dtseries.nii","upDCgVmJLBK0Ubma9g85utI2LlTjD16E"
"s3://hcp-openaccess/HCP_1200/506234/MNINonLinear/Results/tfMRI_MOTOR/tfMRI_MOTOR_hp200_s2_level2_MSMAll.feat/GrayordinatesStats/cope23.feat/res4d.dtseries.nii","506234","MNINonLinear//Results/tfMRI_MOTOR/tfMRI_MOTOR_hp200_s2_level2_MSMAll.feat/GrayordinatesStats/cope23.feat/res4d.dtseries.nii","OKyCxmXDfP31XczCoTVM.MyHF8OYb8WZ"
"s3://hcp-openaccess/HCP_1200/506234/MNINonLinear/Results/tfMRI_MOTOR/tfMRI_MOTOR_hp200_s2_level2_MSMAll.feat/GrayordinatesStats/cope23.feat/tdof_t1.dtseries.nii","506234","MNINonLinear//Results/tfMRI_MOTOR/tfMRI_MOTOR_hp200_s2_level2_MSMAll.feat/GrayordinatesStats/cope23.feat/tdof_t1.dtseries.nii","h._8RzMxdehHNICNC.y23bfYki8Lev3x"
"s3://hcp-openaccess/HCP_1200/506234/MNINonLinear/Results/tfMRI_MOTOR/tfMRI_MOTOR_hp200_s2_level2_MSMAll.feat/GrayordinatesStats/cope23.feat/tstat1.dtseries.nii","506234","MNINonLinear//Results/tfMRI_MOTOR/tfMRI_MOTOR_hp200_s2_level2_MSMAll.feat/GrayordinatesStats/cope23.feat/tstat1.dtseries.nii","vLuKM626p6BQrhpnupYrLXKK4ipAHzuZ"
"s3://hcp-openaccess/HCP_1200/506234/MNINonLinear/Results/tfMRI_MOTOR/tfMRI_MOTOR_hp200_s2_level2_MSMAll.feat/GrayordinatesStats/cope23.feat/varcope1.dtseries.nii","506234","MNINonLinear//Results/tfMRI_MOTOR/tfMRI_MOTOR_hp200_s2_level2_MSMAll.feat/GrayordinatesStats/cope23.feat/varcope1.dtseries.nii","oJJTkGMkb54yNtdRaSvr0O5Omy7lYUxG"
"s3://hcp-openaccess/HCP_1200/506234/MNINonLinear/Results/tfMRI_MOTOR/tfMRI_MOTOR_hp200_s2_level2_MSMAll.feat/GrayordinatesStats/cope23.feat/weights1.dtseries.nii","506234","MNINonLinear//Results/tfMRI_MOTOR/tfMRI_MOTOR_hp200_s2_level2_MSMAll.feat/GrayordinatesStats/cope23.feat/weights1.dtseries.nii","3cc8oYmwwaKLd5ep132eJdVHfi4V_NG2"
"s3://hcp-openaccess/HCP_1200/506234/MNINonLinear/Results/tfMRI_MOTOR/tfMRI_MOTOR_hp200_s2_level2_MSMAll.feat/GrayordinatesStats/cope23.feat/zflame1lowertstat1.dtseries.nii","506234","MNINonLinear//Results/tfMRI_MOTOR/tfMRI_MOTOR_hp200_s2_level2_MSMAll.feat/GrayordinatesStats/cope23.feat/zflame1lowertstat1.dtseries.nii","a5Ub7kaoz5rZOyl3m_d6nqt9jonBkTcC"
"s3://hcp-openaccess/HCP_1200/506234/MNINonLinear/Results/tfMRI_MOTOR/tfMRI_MOTOR_hp200_s2_level2_MSMAll.feat/GrayordinatesStats/cope23.feat/zflame1uppertstat1.dtseries.nii","506234","MNINonLinear//Results/tfMRI_MOTOR/tfMRI_MOTOR_hp200_s2_level2_MSMAll.feat/GrayordinatesStats/cope23.feat/zflame1uppertstat1.dtseries.nii","cg2_4_dqBxFmSyPVlobNp9d1A1PJJoX6"
"s3://hcp-openaccess/HCP_1200/506234/MNINonLinear/Results/tfMRI_MOTOR/tfMRI_MOTOR_hp200_s2_level2_MSMAll.feat/GrayordinatesStats/cope23.feat/zstat1.dtseries.nii","506234","MNINonLinear//Results/tfMRI_MOTOR/tfMRI_MOTOR_hp200_s2_level2_MSMAll.feat/GrayordinatesStats/cope23.feat/zstat1.dtseries.nii","P3jrt2PRS0FfMjwJ7gj4BHP3n8jw3ad4"
"s3://hcp-openaccess/HCP_1200/506234/MNINonLinear/Results/tfMRI_MOTOR/tfMRI_MOTOR_hp200_s2_level2_MSMAll.feat/GrayordinatesStats/cope24.feat/cope1.dtseries.nii","506234","MNINonLinear//Results/tfMRI_MOTOR/tfMRI_MOTOR_hp200_s2_level2_MSMAll.feat/GrayordinatesStats/cope24.feat/cope1.dtseries.nii",".9jzSmAZNIniSY8LTvU0PoA2HD8_kInc"
"s3://hcp-openaccess/HCP_1200/506234/MNINonLinear/Results/tfMRI_MOTOR/tfMRI_MOTOR_hp200_s2_level2_MSMAll.feat/GrayordinatesStats/cope24.feat/logfile","506234","MNINonLinear//Results/tfMRI_MOTOR/tfMRI_MOTOR_hp200_s2_level2_MSMAll.feat/GrayordinatesStats/cope24.feat/logfile","BYtjbhiSUemjY5d9Lw7HOghd2jU3G2cc"
"s3://hcp-openaccess/HCP_1200/506234/MNINonLinear/Results/tfMRI_MOTOR/tfMRI_MOTOR_hp200_s2_level2_MSMAll.feat/GrayordinatesStats/cope24.feat/mask.dtseries.nii","506234","MNINonLinear//Results/tfMRI_MOTOR/tfMRI_MOTOR_hp200_s2_level2_MSMAll.feat/GrayordinatesStats/cope24.feat/mask.dtseries.nii","WWKz1Chwo8BOMMIz7T6LLxl1BhsByLXf"
"s3://hcp-openaccess/HCP_1200/506234/MNINonLinear/Results/tfMRI_MOTOR/tfMRI_MOTOR_hp200_s2_level2_MSMAll.feat/GrayordinatesStats/cope24.feat/mean_random_effects_var1.dtseries.nii","506234","MNINonLinear//Results/tfMRI_MOTOR/tfMRI_MOTOR_hp200_s2_level2_MSMAll.feat/GrayordinatesStats/cope24.feat/mean_random_effects_var1.dtseries.nii","eqvNX43gmG89hrCDcelpOGZpzMXG4EAS"
"s3://hcp-openaccess/HCP_1200/506234/MNINonLinear/Results/tfMRI_MOTOR/tfMRI_MOTOR_hp200_s2_level2_MSMAll.feat/GrayordinatesStats/cope24.feat/pe1.dtseries.nii","506234","MNINonLinear//Results/tfMRI_MOTOR/tfMRI_MOTOR_hp200_s2_level2_MSMAll.feat/GrayordinatesStats/cope24.feat/pe1.dtseries.nii","FnYaeP5Acow2DTavegcihd0JC5YQUTeO"
"s3://hcp-openaccess/HCP_1200/506234/MNINonLinear/Results/tfMRI_MOTOR/tfMRI_MOTOR_hp200_s2_level2_MSMAll.feat/GrayordinatesStats/cope24.feat/res4d.dtseries.nii","506234","MNINonLinear//Results/tfMRI_MOTOR/tfMRI_MOTOR_hp200_s2_level2_MSMAll.feat/GrayordinatesStats/cope24.feat/res4d.dtseries.nii","K3sIcEyjsFdB2PQzPsk.IhmmO50tmTV0"
"s3://hcp-openaccess/HCP_1200/506234/MNINonLinear/Results/tfMRI_MOTOR/tfMRI_MOTOR_hp200_s2_level2_MSMAll.feat/GrayordinatesStats/cope24.feat/tdof_t1.dtseries.nii","506234","MNINonLinear//Results/tfMRI_MOTOR/tfMRI_MOTOR_hp200_s2_level2_MSMAll.feat/GrayordinatesStats/cope24.feat/tdof_t1.dtseries.nii","sONP5ud4CWopzn6Ggm4pwruPjXYdCL3L"
"s3://hcp-openaccess/HCP_1200/506234/MNINonLinear/Results/tfMRI_MOTOR/tfMRI_MOTOR_hp200_s2_level2_MSMAll.feat/GrayordinatesStats/cope24.feat/tstat1.dtseries.nii","506234","MNINonLinear//Results/tfMRI_MOTOR/tfMRI_MOTOR_hp200_s2_level2_MSMAll.feat/GrayordinatesStats/cope24.feat/tstat1.dtseries.nii","cxs7juS3YZ8WSKBJF3BKSykgVSrW3Vgq"
"s3://hcp-openaccess/HCP_1200/506234/MNINonLinear/Results/tfMRI_MOTOR/tfMRI_MOTOR_hp200_s2_level2_MSMAll.feat/GrayordinatesStats/cope24.feat/varcope1.dtseries.nii","506234","MNINonLinear//Results/tfMRI_MOTOR/tfMRI_MOTOR_hp200_s2_level2_MSMAll.feat/GrayordinatesStats/cope24.feat/varcope1.dtseries.nii","P5.yPADBTRxi01dQfxcqjrcme4x_50us"
"s3://hcp-openaccess/HCP_1200/506234/MNINonLinear/Results/tfMRI_MOTOR/tfMRI_MOTOR_hp200_s2_level2_MSMAll.feat/GrayordinatesStats/cope24.feat/weights1.dtseries.nii","506234","MNINonLinear//Results/tfMRI_MOTOR/tfMRI_MOTOR_hp200_s2_level2_MSMAll.feat/GrayordinatesStats/cope24.feat/weights1.dtseries.nii","9HCuyrAGZBv5DMMdZbTO96APunNrbCoi"
"s3://hcp-openaccess/HCP_1200/506234/MNINonLinear/Results/tfMRI_MOTOR/tfMRI_MOTOR_hp200_s2_level2_MSMAll.feat/GrayordinatesStats/cope24.feat/zflame1lowertstat1.dtseries.nii","506234","MNINonLinear//Results/tfMRI_MOTOR/tfMRI_MOTOR_hp200_s2_level2_MSMAll.feat/GrayordinatesStats/cope24.feat/zflame1lowertstat1.dtseries.nii","NC03ZkDb_5DhdtIR0ABqFV6.0Anh9bNF"
"s3://hcp-openaccess/HCP_1200/506234/MNINonLinear/Results/tfMRI_MOTOR/tfMRI_MOTOR_hp200_s2_level2_MSMAll.feat/GrayordinatesStats/cope24.feat/zflame1uppertstat1.dtseries.nii","506234","MNINonLinear//Results/tfMRI_MOTOR/tfMRI_MOTOR_hp200_s2_level2_MSMAll.feat/GrayordinatesStats/cope24.feat/zflame1uppertstat1.dtseries.nii","NbSlNsSOCsFoAEl0CWKtmdDX2NxoG8Fe"
"s3://hcp-openaccess/HCP_1200/506234/MNINonLinear/Results/tfMRI_MOTOR/tfMRI_MOTOR_hp200_s2_level2_MSMAll.feat/GrayordinatesStats/cope24.feat/zstat1.dtseries.nii","506234","MNINonLinear//Results/tfMRI_MOTOR/tfMRI_MOTOR_hp200_s2_level2_MSMAll.feat/GrayordinatesStats/cope24.feat/zstat1.dtseries.nii","MDwIz8z8B0iGFOB.U1l.CY5CJHMu6Bue"
"s3://hcp-openaccess/HCP_1200/506234/MNINonLinear/Results/tfMRI_MOTOR/tfMRI_MOTOR_hp200_s2_level2_MSMAll.feat/GrayordinatesStats/cope25.feat/cope1.dtseries.nii","506234","MNINonLinear//Results/tfMRI_MOTOR/tfMRI_MOTOR_hp200_s2_level2_MSMAll.feat/GrayordinatesStats/cope25.feat/cope1.dtseries.nii","hK99E16YCpCfZ..GT1gmXfpMQoNr8jFf"
"s3://hcp-openaccess/HCP_1200/506234/MNINonLinear/Results/tfMRI_MOTOR/tfMRI_MOTOR_hp200_s2_level2_MSMAll.feat/GrayordinatesStats/cope25.feat/logfile","506234","MNINonLinear//Results/tfMRI_MOTOR/tfMRI_MOTOR_hp200_s2_level2_MSMAll.feat/GrayordinatesStats/cope25.feat/logfile","4i3GFoXfb_Cow2RyzKArBzjx7QssGlO5"
"s3://hcp-openaccess/HCP_1200/506234/MNINonLinear/Results/tfMRI_MOTOR/tfMRI_MOTOR_hp200_s2_level2_MSMAll.feat/GrayordinatesStats/cope25.feat/mask.dtseries.nii","506234","MNINonLinear//Results/tfMRI_MOTOR/tfMRI_MOTOR_hp200_s2_level2_MSMAll.feat/GrayordinatesStats/cope25.feat/mask.dtseries.nii","4fD4C93gn1sf.ZgyFYSmHqSorie5._7Y"
"s3://hcp-openaccess/HCP_1200/506234/MNINonLinear/Results/tfMRI_MOTOR/tfMRI_MOTOR_hp200_s2_level2_MSMAll.feat/GrayordinatesStats/cope25.feat/mean_random_effects_var1.dtseries.nii","506234","MNINonLinear//Results/tfMRI_MOTOR/tfMRI_MOTOR_hp200_s2_level2_MSMAll.feat/GrayordinatesStats/cope25.feat/mean_random_effects_var1.dtseries.nii","K7vXNwVGd6xIFgITmZtCANb_.BZV3NM3"
"s3://hcp-openaccess/HCP_1200/506234/MNINonLinear/Results/tfMRI_MOTOR/tfMRI_MOTOR_hp200_s2_level2_MSMAll.feat/GrayordinatesStats/cope25.feat/pe1.dtseries.nii","506234","MNINonLinear//Results/tfMRI_MOTOR/tfMRI_MOTOR_hp200_s2_level2_MSMAll.feat/GrayordinatesStats/cope25.feat/pe1.dtseries.nii","1yY5xdRXdtICVLvjWS43YMB0P4WLKNRo"
"s3://hcp-openaccess/HCP_1200/506234/MNINonLinear/Results/tfMRI_MOTOR/tfMRI_MOTOR_hp200_s2_level2_MSMAll.feat/GrayordinatesStats/cope25.feat/res4d.dtseries.nii","506234","MNINonLinear//Results/tfMRI_MOTOR/tfMRI_MOTOR_hp200_s2_level2_MSMAll.feat/GrayordinatesStats/cope25.feat/res4d.dtseries.nii","f4.mCmz18OilmIqlIu7mYswKrQP9VNbQ"
"s3://hcp-openaccess/HCP_1200/506234/MNINonLinear/Results/tfMRI_MOTOR/tfMRI_MOTOR_hp200_s2_level2_MSMAll.feat/GrayordinatesStats/cope25.feat/tdof_t1.dtseries.nii","506234","MNINonLinear//Results/tfMRI_MOTOR/tfMRI_MOTOR_hp200_s2_level2_MSMAll.feat/GrayordinatesStats/cope25.feat/tdof_t1.dtseries.nii","1rS6qocZ.CGOfSql6kMneYJ7o4rpAnBa"
"s3://hcp-openaccess/HCP_1200/506234/MNINonLinear/Results/tfMRI_MOTOR/tfMRI_MOTOR_hp200_s2_level2_MSMAll.feat/GrayordinatesStats/cope25.feat/tstat1.dtseries.nii","506234","MNINonLinear//Results/tfMRI_MOTOR/tfMRI_MOTOR_hp200_s2_level2_MSMAll.feat/GrayordinatesStats/cope25.feat/tstat1.dtseries.nii","PYEbPm1rLcQtF1LERdMc.bjxCLPsJrOp"
"s3://hcp-openaccess/HCP_1200/506234/MNINonLinear/Results/tfMRI_MOTOR/tfMRI_MOTOR_hp200_s2_level2_MSMAll.feat/GrayordinatesStats/cope25.feat/varcope1.dtseries.nii","506234","MNINonLinear//Results/tfMRI_MOTOR/tfMRI_MOTOR_hp200_s2_level2_MSMAll.feat/GrayordinatesStats/cope25.feat/varcope1.dtseries.nii","y2VjE90ZSGTMPTbn_njpacj9wSHkAcd7"
"s3://hcp-openaccess/HCP_1200/506234/MNINonLinear/Results/tfMRI_MOTOR/tfMRI_MOTOR_hp200_s2_level2_MSMAll.feat/GrayordinatesStats/cope25.feat/weights1.dtseries.nii","506234","MNINonLinear//Results/tfMRI_MOTOR/tfMRI_MOTOR_hp200_s2_level2_MSMAll.feat/GrayordinatesStats/cope25.feat/weights1.dtseries.nii","N3Ix3VScMbLvZJ2CYhs.5EAOFKekDxnm"
"s3://hcp-openaccess/HCP_1200/506234/MNINonLinear/Results/tfMRI_MOTOR/tfMRI_MOTOR_hp200_s2_level2_MSMAll.feat/GrayordinatesStats/cope25.feat/zflame1lowertstat1.dtseries.nii","506234","MNINonLinear//Results/tfMRI_MOTOR/tfMRI_MOTOR_hp200_s2_level2_MSMAll.feat/GrayordinatesStats/cope25.feat/zflame1lowertstat1.dtseries.nii","NZPxZOBTPJFrQy9p2qJhZKPhJWu2A7Ye"
"s3://hcp-openaccess/HCP_1200/506234/MNINonLinear/Results/tfMRI_MOTOR/tfMRI_MOTOR_hp200_s2_level2_MSMAll.feat/GrayordinatesStats/cope25.feat/zflame1uppertstat1.dtseries.nii","506234","MNINonLinear//Results/tfMRI_MOTOR/tfMRI_MOTOR_hp200_s2_level2_MSMAll.feat/GrayordinatesStats/cope25.feat/zflame1uppertstat1.dtseries.nii","8lhUp_iID1.FK5DENHRhFYcxaupCjYC2"
"s3://hcp-openaccess/HCP_1200/506234/MNINonLinear/Results/tfMRI_MOTOR/tfMRI_MOTOR_hp200_s2_level2_MSMAll.feat/GrayordinatesStats/cope25.feat/zstat1.dtseries.nii","506234","MNINonLinear//Results/tfMRI_MOTOR/tfMRI_MOTOR_hp200_s2_level2_MSMAll.feat/GrayordinatesStats/cope25.feat/zstat1.dtseries.nii","Tlex0tuqJPNczZY6SjVF1OkcZGHCaqr5"
"s3://hcp-openaccess/HCP_1200/506234/MNINonLinear/Results/tfMRI_MOTOR/tfMRI_MOTOR_hp200_s2_level2_MSMAll.feat/GrayordinatesStats/cope26.feat/cope1.dtseries.nii","506234","MNINonLinear//Results/tfMRI_MOTOR/tfMRI_MOTOR_hp200_s2_level2_MSMAll.feat/GrayordinatesStats/cope26.feat/cope1.dtseries.nii","m69bYZyhS8dNFiSFyRhpmOEJ9YLrHlYA"
"s3://hcp-openaccess/HCP_1200/506234/MNINonLinear/Results/tfMRI_MOTOR/tfMRI_MOTOR_hp200_s2_level2_MSMAll.feat/GrayordinatesStats/cope26.feat/logfile","506234","MNINonLinear//Results/tfMRI_MOTOR/tfMRI_MOTOR_hp200_s2_level2_MSMAll.feat/GrayordinatesStats/cope26.feat/logfile","pDjCuoq_XSQnH1PE2WupRkmQus7HSGHE"
"s3://hcp-openaccess/HCP_1200/506234/MNINonLinear/Results/tfMRI_MOTOR/tfMRI_MOTOR_hp200_s2_level2_MSMAll.feat/GrayordinatesStats/cope26.feat/mask.dtseries.nii","506234","MNINonLinear//Results/tfMRI_MOTOR/tfMRI_MOTOR_hp200_s2_level2_MSMAll.feat/GrayordinatesStats/cope26.feat/mask.dtseries.nii","VcbB6zzaa7s_m0_ZtoBFeneIbbwnB78I"
"s3://hcp-openaccess/HCP_1200/506234/MNINonLinear/Results/tfMRI_MOTOR/tfMRI_MOTOR_hp200_s2_level2_MSMAll.feat/GrayordinatesStats/cope26.feat/mean_random_effects_var1.dtseries.nii","506234","MNINonLinear//Results/tfMRI_MOTOR/tfMRI_MOTOR_hp200_s2_level2_MSMAll.feat/GrayordinatesStats/cope26.feat/mean_random_effects_var1.dtseries.nii","M0VStm.bE03wuMh11PMnbNwwHcjJWyIw"
"s3://hcp-openaccess/HCP_1200/506234/MNINonLinear/Results/tfMRI_MOTOR/tfMRI_MOTOR_hp200_s2_level2_MSMAll.feat/GrayordinatesStats/cope26.feat/pe1.dtseries.nii","506234","MNINonLinear//Results/tfMRI_MOTOR/tfMRI_MOTOR_hp200_s2_level2_MSMAll.feat/GrayordinatesStats/cope26.feat/pe1.dtseries.nii",".xUOKj.qX9_cMUgX.U4wa3Pt5oQUYYcT"
"s3://hcp-openaccess/HCP_1200/506234/MNINonLinear/Results/tfMRI_MOTOR/tfMRI_MOTOR_hp200_s2_level2_MSMAll.feat/GrayordinatesStats/cope26.feat/res4d.dtseries.nii","506234","MNINonLinear//Results/tfMRI_MOTOR/tfMRI_MOTOR_hp200_s2_level2_MSMAll.feat/GrayordinatesStats/cope26.feat/res4d.dtseries.nii","hR7Zpafr.kGCNyfJBdNBpFVK6IO5vjVV"
"s3://hcp-openaccess/HCP_1200/506234/MNINonLinear/Results/tfMRI_MOTOR/tfMRI_MOTOR_hp200_s2_level2_MSMAll.feat/GrayordinatesStats/cope26.feat/tdof_t1.dtseries.nii","506234","MNINonLinear//Results/tfMRI_MOTOR/tfMRI_MOTOR_hp200_s2_level2_MSMAll.feat/GrayordinatesStats/cope26.feat/tdof_t1.dtseries.nii","0OcQB95UH1KNjM7l5Jrl8e8iAOsBPh62"
"s3://hcp-openaccess/HCP_1200/506234/MNINonLinear/Results/tfMRI_MOTOR/tfMRI_MOTOR_hp200_s2_level2_MSMAll.feat/GrayordinatesStats/cope26.feat/tstat1.dtseries.nii","506234","MNINonLinear//Results/tfMRI_MOTOR/tfMRI_MOTOR_hp200_s2_level2_MSMAll.feat/GrayordinatesStats/cope26.feat/tstat1.dtseries.nii","NL5aOrv5jfOVluK1HxrZL_dvYmbsXJJt"
"s3://hcp-openaccess/HCP_1200/506234/MNINonLinear/Results/tfMRI_MOTOR/tfMRI_MOTOR_hp200_s2_level2_MSMAll.feat/GrayordinatesStats/cope26.feat/varcope1.dtseries.nii","506234","MNINonLinear//Results/tfMRI_MOTOR/tfMRI_MOTOR_hp200_s2_level2_MSMAll.feat/GrayordinatesStats/cope26.feat/varcope1.dtseries.nii","YAvyf5POAHeMKxuKteo6fl3TOvki6toN"
"s3://hcp-openaccess/HCP_1200/506234/MNINonLinear/Results/tfMRI_MOTOR/tfMRI_MOTOR_hp200_s2_level2_MSMAll.feat/GrayordinatesStats/cope26.feat/weights1.dtseries.nii","506234","MNINonLinear//Results/tfMRI_MOTOR/tfMRI_MOTOR_hp200_s2_level2_MSMAll.feat/GrayordinatesStats/cope26.feat/weights1.dtseries.nii","LjFRWX.05pIuQ1YpJyJPGuzdTNMxKd7w"
"s3://hcp-openaccess/HCP_1200/506234/MNINonLinear/Results/tfMRI_MOTOR/tfMRI_MOTOR_hp200_s2_level2_MSMAll.feat/GrayordinatesStats/cope26.feat/zflame1lowertstat1.dtseries.nii","506234","MNINonLinear//Results/tfMRI_MOTOR/tfMRI_MOTOR_hp200_s2_level2_MSMAll.feat/GrayordinatesStats/cope26.feat/zflame1lowertstat1.dtseries.nii","7v077p1DIbZ.qXC3ftT97DVEKJWNmx0O"
"s3://hcp-openaccess/HCP_1200/506234/MNINonLinear/Results/tfMRI_MOTOR/tfMRI_MOTOR_hp200_s2_level2_MSMAll.feat/GrayordinatesStats/cope26.feat/zflame1uppertstat1.dtseries.nii","506234","MNINonLinear//Results/tfMRI_MOTOR/tfMRI_MOTOR_hp200_s2_level2_MSMAll.feat/GrayordinatesStats/cope26.feat/zflame1uppertstat1.dtseries.nii","hoo1rdyqaCJYKH7D1ZOOdrlOIxl4DX2o"
"s3://hcp-openaccess/HCP_1200/506234/MNINonLinear/Results/tfMRI_MOTOR/tfMRI_MOTOR_hp200_s2_level2_MSMAll.feat/GrayordinatesStats/cope26.feat/zstat1.dtseries.nii","506234","MNINonLinear//Results/tfMRI_MOTOR/tfMRI_MOTOR_hp200_s2_level2_MSMAll.feat/GrayordinatesStats/cope26.feat/zstat1.dtseries.nii","AlCfe1qok7zRCWgOpp8Z2tCZCzCCL4JE"
"s3://hcp-openaccess/HCP_1200/506234/MNINonLinear/Results/tfMRI_MOTOR/tfMRI_MOTOR_hp200_s2_level2_MSMAll.feat/GrayordinatesStats/cope3.feat/cope1.dtseries.nii","506234","MNINonLinear//Results/tfMRI_MOTOR/tfMRI_MOTOR_hp200_s2_level2_MSMAll.feat/GrayordinatesStats/cope3.feat/cope1.dtseries.nii","3LxC_OmtKTqwTc3ITrKVaevf4AgPyYLC"
"s3://hcp-openaccess/HCP_1200/506234/MNINonLinear/Results/tfMRI_MOTOR/tfMRI_MOTOR_hp200_s2_level2_MSMAll.feat/GrayordinatesStats/cope3.feat/logfile","506234","MNINonLinear//Results/tfMRI_MOTOR/tfMRI_MOTOR_hp200_s2_level2_MSMAll.feat/GrayordinatesStats/cope3.feat/logfile","eyxUz_yPePupWfl0kuL2IU6ro9Uhja57"
"s3://hcp-openaccess/HCP_1200/506234/MNINonLinear/Results/tfMRI_MOTOR/tfMRI_MOTOR_hp200_s2_level2_MSMAll.feat/GrayordinatesStats/cope3.feat/mask.dtseries.nii","506234","MNINonLinear//Results/tfMRI_MOTOR/tfMRI_MOTOR_hp200_s2_level2_MSMAll.feat/GrayordinatesStats/cope3.feat/mask.dtseries.nii","sBBn5j0OB96apZZyEGLxkkpa6F6pBWRJ"
"s3://hcp-openaccess/HCP_1200/506234/MNINonLinear/Results/tfMRI_MOTOR/tfMRI_MOTOR_hp200_s2_level2_MSMAll.feat/GrayordinatesStats/cope3.feat/mean_random_effects_var1.dtseries.nii","506234","MNINonLinear//Results/tfMRI_MOTOR/tfMRI_MOTOR_hp200_s2_level2_MSMAll.feat/GrayordinatesStats/cope3.feat/mean_random_effects_var1.dtseries.nii","XkjNhIapRvNNU6K51cd1L24.Psegj0Wp"
"s3://hcp-openaccess/HCP_1200/506234/MNINonLinear/Results/tfMRI_MOTOR/tfMRI_MOTOR_hp200_s2_level2_MSMAll.feat/GrayordinatesStats/cope3.feat/pe1.dtseries.nii","506234","MNINonLinear//Results/tfMRI_MOTOR/tfMRI_MOTOR_hp200_s2_level2_MSMAll.feat/GrayordinatesStats/cope3.feat/pe1.dtseries.nii","VsOtngrpDDuG1FrtVqZXIw1wUDDNOxUX"
"s3://hcp-openaccess/HCP_1200/506234/MNINonLinear/Results/tfMRI_MOTOR/tfMRI_MOTOR_hp200_s2_level2_MSMAll.feat/GrayordinatesStats/cope3.feat/res4d.dtseries.nii","506234","MNINonLinear//Results/tfMRI_MOTOR/tfMRI_MOTOR_hp200_s2_level2_MSMAll.feat/GrayordinatesStats/cope3.feat/res4d.dtseries.nii","FHOMQtVuJ6qHgU19nrCPeGcusGWHttam"
"s3://hcp-openaccess/HCP_1200/506234/MNINonLinear/Results/tfMRI_MOTOR/tfMRI_MOTOR_hp200_s2_level2_MSMAll.feat/GrayordinatesStats/cope3.feat/tdof_t1.dtseries.nii","506234","MNINonLinear//Results/tfMRI_MOTOR/tfMRI_MOTOR_hp200_s2_level2_MSMAll.feat/GrayordinatesStats/cope3.feat/tdof_t1.dtseries.nii","3.Hs8mlh6IBPo.ob1fwObEm31je0Q6zq"
"s3://hcp-openaccess/HCP_1200/506234/MNINonLinear/Results/tfMRI_MOTOR/tfMRI_MOTOR_hp200_s2_level2_MSMAll.feat/GrayordinatesStats/cope3.feat/tstat1.dtseries.nii","506234","MNINonLinear//Results/tfMRI_MOTOR/tfMRI_MOTOR_hp200_s2_level2_MSMAll.feat/GrayordinatesStats/cope3.feat/tstat1.dtseries.nii","wSGVBPiTzC3TvcvZ31U_zLCNAxmMrZs9"
"s3://hcp-openaccess/HCP_1200/506234/MNINonLinear/Results/tfMRI_MOTOR/tfMRI_MOTOR_hp200_s2_level2_MSMAll.feat/GrayordinatesStats/cope3.feat/varcope1.dtseries.nii","506234","MNINonLinear//Results/tfMRI_MOTOR/tfMRI_MOTOR_hp200_s2_level2_MSMAll.feat/GrayordinatesStats/cope3.feat/varcope1.dtseries.nii","dcX5sLAgn6OjCQLN_NRTiM8cUYWN3h9J"
"s3://hcp-openaccess/HCP_1200/506234/MNINonLinear/Results/tfMRI_MOTOR/tfMRI_MOTOR_hp200_s2_level2_MSMAll.feat/GrayordinatesStats/cope3.feat/weights1.dtseries.nii","506234","MNINonLinear//Results/tfMRI_MOTOR/tfMRI_MOTOR_hp200_s2_level2_MSMAll.feat/GrayordinatesStats/cope3.feat/weights1.dtseries.nii","cWRIFgzIA7NWqK7XWzdWEMY44HnsqMV3"
"s3://hcp-openaccess/HCP_1200/506234/MNINonLinear/Results/tfMRI_MOTOR/tfMRI_MOTOR_hp200_s2_level2_MSMAll.feat/GrayordinatesStats/cope3.feat/zflame1lowertstat1.dtseries.nii","506234","MNINonLinear//Results/tfMRI_MOTOR/tfMRI_MOTOR_hp200_s2_level2_MSMAll.feat/GrayordinatesStats/cope3.feat/zflame1lowertstat1.dtseries.nii","lgW2UNvVmA01ZXZdx_slA2Y0yPEjGE6k"
"s3://hcp-openaccess/HCP_1200/506234/MNINonLinear/Results/tfMRI_MOTOR/tfMRI_MOTOR_hp200_s2_level2_MSMAll.feat/GrayordinatesStats/cope3.feat/zflame1uppertstat1.dtseries.nii","506234","MNINonLinear//Results/tfMRI_MOTOR/tfMRI_MOTOR_hp200_s2_level2_MSMAll.feat/GrayordinatesStats/cope3.feat/zflame1uppertstat1.dtseries.nii","8VJu24vt4wfQzEdgHY9K_Uii85D1pkWw"
"s3://hcp-openaccess/HCP_1200/506234/MNINonLinear/Results/tfMRI_MOTOR/tfMRI_MOTOR_hp200_s2_level2_MSMAll.feat/GrayordinatesStats/cope3.feat/zstat1.dtseries.nii","506234","MNINonLinear//Results/tfMRI_MOTOR/tfMRI_MOTOR_hp200_s2_level2_MSMAll.feat/GrayordinatesStats/cope3.feat/zstat1.dtseries.nii","XzXvLGKRhDcmErxblDRzTSMsi34qaPNS"
"s3://hcp-openaccess/HCP_1200/506234/MNINonLinear/Results/tfMRI_MOTOR/tfMRI_MOTOR_hp200_s2_level2_MSMAll.feat/GrayordinatesStats/cope4.feat/cope1.dtseries.nii","506234","MNINonLinear//Results/tfMRI_MOTOR/tfMRI_MOTOR_hp200_s2_level2_MSMAll.feat/GrayordinatesStats/cope4.feat/cope1.dtseries.nii","3oXKfoX1nSFvxhdS8k5szzhsrrCbjeNb"
"s3://hcp-openaccess/HCP_1200/506234/MNINonLinear/Results/tfMRI_MOTOR/tfMRI_MOTOR_hp200_s2_level2_MSMAll.feat/GrayordinatesStats/cope4.feat/logfile","506234","MNINonLinear//Results/tfMRI_MOTOR/tfMRI_MOTOR_hp200_s2_level2_MSMAll.feat/GrayordinatesStats/cope4.feat/logfile","aqdtp02VVumVAs39vD9nGd3UDuo67_Xw"
"s3://hcp-openaccess/HCP_1200/506234/MNINonLinear/Results/tfMRI_MOTOR/tfMRI_MOTOR_hp200_s2_level2_MSMAll.feat/GrayordinatesStats/cope4.feat/mask.dtseries.nii","506234","MNINonLinear//Results/tfMRI_MOTOR/tfMRI_MOTOR_hp200_s2_level2_MSMAll.feat/GrayordinatesStats/cope4.feat/mask.dtseries.nii","kqsBCIHuFLBcZNMcoMEyDFalJJZ8e_gi"
"s3://hcp-openaccess/HCP_1200/506234/MNINonLinear/Results/tfMRI_MOTOR/tfMRI_MOTOR_hp200_s2_level2_MSMAll.feat/GrayordinatesStats/cope4.feat/mean_random_effects_var1.dtseries.nii","506234","MNINonLinear//Results/tfMRI_MOTOR/tfMRI_MOTOR_hp200_s2_level2_MSMAll.feat/GrayordinatesStats/cope4.feat/mean_random_effects_var1.dtseries.nii","BwWEu15T0PSRwXStREyUewQE5OW.rkV_"
"s3://hcp-openaccess/HCP_1200/506234/MNINonLinear/Results/tfMRI_MOTOR/tfMRI_MOTOR_hp200_s2_level2_MSMAll.feat/GrayordinatesStats/cope4.feat/pe1.dtseries.nii","506234","MNINonLinear//Results/tfMRI_MOTOR/tfMRI_MOTOR_hp200_s2_level2_MSMAll.feat/GrayordinatesStats/cope4.feat/pe1.dtseries.nii","Jt37dzIGYKMBKz8w6deLWwRyJhmhLooV"
"s3://hcp-openaccess/HCP_1200/506234/MNINonLinear/Results/tfMRI_MOTOR/tfMRI_MOTOR_hp200_s2_level2_MSMAll.feat/GrayordinatesStats/cope4.feat/res4d.dtseries.nii","506234","MNINonLinear//Results/tfMRI_MOTOR/tfMRI_MOTOR_hp200_s2_level2_MSMAll.feat/GrayordinatesStats/cope4.feat/res4d.dtseries.nii","1qcSMTWTkBcH.LXzHChUQr9.G18648uu"
"s3://hcp-openaccess/HCP_1200/506234/MNINonLinear/Results/tfMRI_MOTOR/tfMRI_MOTOR_hp200_s2_level2_MSMAll.feat/GrayordinatesStats/cope4.feat/tdof_t1.dtseries.nii","506234","MNINonLinear//Results/tfMRI_MOTOR/tfMRI_MOTOR_hp200_s2_level2_MSMAll.feat/GrayordinatesStats/cope4.feat/tdof_t1.dtseries.nii","ycfJqV3I4JD2.m61_r9xLleLlDrYup0N"
"s3://hcp-openaccess/HCP_1200/506234/MNINonLinear/Results/tfMRI_MOTOR/tfMRI_MOTOR_hp200_s2_level2_MSMAll.feat/GrayordinatesStats/cope4.feat/tstat1.dtseries.nii","506234","MNINonLinear//Results/tfMRI_MOTOR/tfMRI_MOTOR_hp200_s2_level2_MSMAll.feat/GrayordinatesStats/cope4.feat/tstat1.dtseries.nii","brTqW38I5T.NaVPToYtWnvwSnmNOsTts"
"s3://hcp-openaccess/HCP_1200/506234/MNINonLinear/Results/tfMRI_MOTOR/tfMRI_MOTOR_hp200_s2_level2_MSMAll.feat/GrayordinatesStats/cope4.feat/varcope1.dtseries.nii","506234","MNINonLinear//Results/tfMRI_MOTOR/tfMRI_MOTOR_hp200_s2_level2_MSMAll.feat/GrayordinatesStats/cope4.feat/varcope1.dtseries.nii","8eapYgAWwIELdifet7vu9fg.Z6NeuNKW"
"s3://hcp-openaccess/HCP_1200/506234/MNINonLinear/Results/tfMRI_MOTOR/tfMRI_MOTOR_hp200_s2_level2_MSMAll.feat/GrayordinatesStats/cope4.feat/weights1.dtseries.nii","506234","MNINonLinear//Results/tfMRI_MOTOR/tfMRI_MOTOR_hp200_s2_level2_MSMAll.feat/GrayordinatesStats/cope4.feat/weights1.dtseries.nii","tshIeRNHtxj.jOO.n9.PWbzZmk_HFoSX"
"s3://hcp-openaccess/HCP_1200/506234/MNINonLinear/Results/tfMRI_MOTOR/tfMRI_MOTOR_hp200_s2_level2_MSMAll.feat/GrayordinatesStats/cope4.feat/zflame1lowertstat1.dtseries.nii","506234","MNINonLinear//Results/tfMRI_MOTOR/tfMRI_MOTOR_hp200_s2_level2_MSMAll.feat/GrayordinatesStats/cope4.feat/zflame1lowertstat1.dtseries.nii","4dVHi2H9HO9CLcCb5JbbmqrsJEHbVvw1"
"s3://hcp-openaccess/HCP_1200/506234/MNINonLinear/Results/tfMRI_MOTOR/tfMRI_MOTOR_hp200_s2_level2_MSMAll.feat/GrayordinatesStats/cope4.feat/zflame1uppertstat1.dtseries.nii","506234","MNINonLinear//Results/tfMRI_MOTOR/tfMRI_MOTOR_hp200_s2_level2_MSMAll.feat/GrayordinatesStats/cope4.feat/zflame1uppertstat1.dtseries.nii","lS2kPSDX0ZzacZDga62pc2XB99C3vw0b"
"s3://hcp-openaccess/HCP_1200/506234/MNINonLinear/Results/tfMRI_MOTOR/tfMRI_MOTOR_hp200_s2_level2_MSMAll.feat/GrayordinatesStats/cope4.feat/zstat1.dtseries.nii","506234","MNINonLinear//Results/tfMRI_MOTOR/tfMRI_MOTOR_hp200_s2_level2_MSMAll.feat/GrayordinatesStats/cope4.feat/zstat1.dtseries.nii","ExJhfNtdlfzbtakxRGxKfMX9OfvrdrXf"
"s3://hcp-openaccess/HCP_1200/506234/MNINonLinear/Results/tfMRI_MOTOR/tfMRI_MOTOR_hp200_s2_level2_MSMAll.feat/GrayordinatesStats/cope5.feat/cope1.dtseries.nii","506234","MNINonLinear//Results/tfMRI_MOTOR/tfMRI_MOTOR_hp200_s2_level2_MSMAll.feat/GrayordinatesStats/cope5.feat/cope1.dtseries.nii","RYOvKVxsIyB5aCGNb6Zkajxvh2UB6wUL"
"s3://hcp-openaccess/HCP_1200/506234/MNINonLinear/Results/tfMRI_MOTOR/tfMRI_MOTOR_hp200_s2_level2_MSMAll.feat/GrayordinatesStats/cope5.feat/logfile","506234","MNINonLinear//Results/tfMRI_MOTOR/tfMRI_MOTOR_hp200_s2_level2_MSMAll.feat/GrayordinatesStats/cope5.feat/logfile","odcA8tGe.hO6ll3QVm02kU.Gz3yiHH6W"
"s3://hcp-openaccess/HCP_1200/506234/MNINonLinear/Results/tfMRI_MOTOR/tfMRI_MOTOR_hp200_s2_level2_MSMAll.feat/GrayordinatesStats/cope5.feat/mask.dtseries.nii","506234","MNINonLinear//Results/tfMRI_MOTOR/tfMRI_MOTOR_hp200_s2_level2_MSMAll.feat/GrayordinatesStats/cope5.feat/mask.dtseries.nii","gFIlfZZQtZGRTdnf.6xEJIqgmfdGitrE"
"s3://hcp-openaccess/HCP_1200/506234/MNINonLinear/Results/tfMRI_MOTOR/tfMRI_MOTOR_hp200_s2_level2_MSMAll.feat/GrayordinatesStats/cope5.feat/mean_random_effects_var1.dtseries.nii","506234","MNINonLinear//Results/tfMRI_MOTOR/tfMRI_MOTOR_hp200_s2_level2_MSMAll.feat/GrayordinatesStats/cope5.feat/mean_random_effects_var1.dtseries.nii","0hD8R02Pfw0tRPHftMTEXSQVOBM9G3re"
"s3://hcp-openaccess/HCP_1200/506234/MNINonLinear/Results/tfMRI_MOTOR/tfMRI_MOTOR_hp200_s2_level2_MSMAll.feat/GrayordinatesStats/cope5.feat/pe1.dtseries.nii","506234","MNINonLinear//Results/tfMRI_MOTOR/tfMRI_MOTOR_hp200_s2_level2_MSMAll.feat/GrayordinatesStats/cope5.feat/pe1.dtseries.nii","7zL4LO9HMK87XN7zUmU5XRG2u66_u0ou"
"s3://hcp-openaccess/HCP_1200/506234/MNINonLinear/Results/tfMRI_MOTOR/tfMRI_MOTOR_hp200_s2_level2_MSMAll.feat/GrayordinatesStats/cope5.feat/res4d.dtseries.nii","506234","MNINonLinear//Results/tfMRI_MOTOR/tfMRI_MOTOR_hp200_s2_level2_MSMAll.feat/GrayordinatesStats/cope5.feat/res4d.dtseries.nii","Ma01DG_wNts6FzwhIiZ9htZkqzuJZFW6"
"s3://hcp-openaccess/HCP_1200/506234/MNINonLinear/Results/tfMRI_MOTOR/tfMRI_MOTOR_hp200_s2_level2_MSMAll.feat/GrayordinatesStats/cope5.feat/tdof_t1.dtseries.nii","506234","MNINonLinear//Results/tfMRI_MOTOR/tfMRI_MOTOR_hp200_s2_level2_MSMAll.feat/GrayordinatesStats/cope5.feat/tdof_t1.dtseries.nii","c2N1S9spcz8H4lqrb72FDKl_4MFCQ6Yd"
"s3://hcp-openaccess/HCP_1200/506234/MNINonLinear/Results/tfMRI_MOTOR/tfMRI_MOTOR_hp200_s2_level2_MSMAll.feat/GrayordinatesStats/cope5.feat/tstat1.dtseries.nii","506234","MNINonLinear//Results/tfMRI_MOTOR/tfMRI_MOTOR_hp200_s2_level2_MSMAll.feat/GrayordinatesStats/cope5.feat/tstat1.dtseries.nii","QhILlAUEA55AuSkb0KnGxxN_FQLD40Lt"
"s3://hcp-openaccess/HCP_1200/506234/MNINonLinear/Results/tfMRI_MOTOR/tfMRI_MOTOR_hp200_s2_level2_MSMAll.feat/GrayordinatesStats/cope5.feat/varcope1.dtseries.nii","506234","MNINonLinear//Results/tfMRI_MOTOR/tfMRI_MOTOR_hp200_s2_level2_MSMAll.feat/GrayordinatesStats/cope5.feat/varcope1.dtseries.nii","Io_goxZA2X7w9H3NZ_IQg6SagXiJle7B"
"s3://hcp-openaccess/HCP_1200/506234/MNINonLinear/Results/tfMRI_MOTOR/tfMRI_MOTOR_hp200_s2_level2_MSMAll.feat/GrayordinatesStats/cope5.feat/weights1.dtseries.nii","506234","MNINonLinear//Results/tfMRI_MOTOR/tfMRI_MOTOR_hp200_s2_level2_MSMAll.feat/GrayordinatesStats/cope5.feat/weights1.dtseries.nii","raNJOtO.0HL2m5ePzffoGfumJlW6KK8H"
"s3://hcp-openaccess/HCP_1200/506234/MNINonLinear/Results/tfMRI_MOTOR/tfMRI_MOTOR_hp200_s2_level2_MSMAll.feat/GrayordinatesStats/cope5.feat/zflame1lowertstat1.dtseries.nii","506234","MNINonLinear//Results/tfMRI_MOTOR/tfMRI_MOTOR_hp200_s2_level2_MSMAll.feat/GrayordinatesStats/cope5.feat/zflame1lowertstat1.dtseries.nii","PLBeXt.5VbDNfvpVh.KSmkBxwdZ10KXE"
"s3://hcp-openaccess/HCP_1200/506234/MNINonLinear/Results/tfMRI_MOTOR/tfMRI_MOTOR_hp200_s2_level2_MSMAll.feat/GrayordinatesStats/cope5.feat/zflame1uppertstat1.dtseries.nii","506234","MNINonLinear//Results/tfMRI_MOTOR/tfMRI_MOTOR_hp200_s2_level2_MSMAll.feat/GrayordinatesStats/cope5.feat/zflame1uppertstat1.dtseries.nii",".Nj5VWd10u1PgQB_e_M_9g8lxudnz8HO"
"s3://hcp-openaccess/HCP_1200/506234/MNINonLinear/Results/tfMRI_MOTOR/tfMRI_MOTOR_hp200_s2_level2_MSMAll.feat/GrayordinatesStats/cope5.feat/zstat1.dtseries.nii","506234","MNINonLinear//Results/tfMRI_MOTOR/tfMRI_MOTOR_hp200_s2_level2_MSMAll.feat/GrayordinatesStats/cope5.feat/zstat1.dtseries.nii","uSh0eeb1g7U3IU1LFf93lN1IUyMpySlu"
"s3://hcp-openaccess/HCP_1200/506234/MNINonLinear/Results/tfMRI_MOTOR/tfMRI_MOTOR_hp200_s2_level2_MSMAll.feat/GrayordinatesStats/cope6.feat/cope1.dtseries.nii","506234","MNINonLinear//Results/tfMRI_MOTOR/tfMRI_MOTOR_hp200_s2_level2_MSMAll.feat/GrayordinatesStats/cope6.feat/cope1.dtseries.nii","7EtlzTxOLFqNEoki91MMBFbbhipKgNos"
"s3://hcp-openaccess/HCP_1200/506234/MNINonLinear/Results/tfMRI_MOTOR/tfMRI_MOTOR_hp200_s2_level2_MSMAll.feat/GrayordinatesStats/cope6.feat/logfile","506234","MNINonLinear//Results/tfMRI_MOTOR/tfMRI_MOTOR_hp200_s2_level2_MSMAll.feat/GrayordinatesStats/cope6.feat/logfile","rC.gVlixIusmhw4.gAOTuNgyuMAJTEzj"
"s3://hcp-openaccess/HCP_1200/506234/MNINonLinear/Results/tfMRI_MOTOR/tfMRI_MOTOR_hp200_s2_level2_MSMAll.feat/GrayordinatesStats/cope6.feat/mask.dtseries.nii","506234","MNINonLinear//Results/tfMRI_MOTOR/tfMRI_MOTOR_hp200_s2_level2_MSMAll.feat/GrayordinatesStats/cope6.feat/mask.dtseries.nii","242c82RT1xZ3QgHKdlBP_.cXSMS4UOCn"
"s3://hcp-openaccess/HCP_1200/506234/MNINonLinear/Results/tfMRI_MOTOR/tfMRI_MOTOR_hp200_s2_level2_MSMAll.feat/GrayordinatesStats/cope6.feat/mean_random_effects_var1.dtseries.nii","506234","MNINonLinear//Results/tfMRI_MOTOR/tfMRI_MOTOR_hp200_s2_level2_MSMAll.feat/GrayordinatesStats/cope6.feat/mean_random_effects_var1.dtseries.nii","3D6DKzmbzyz_9BlSeU3plrOohe5PyQmQ"
"s3://hcp-openaccess/HCP_1200/506234/MNINonLinear/Results/tfMRI_MOTOR/tfMRI_MOTOR_hp200_s2_level2_MSMAll.feat/GrayordinatesStats/cope6.feat/pe1.dtseries.nii","506234","MNINonLinear//Results/tfMRI_MOTOR/tfMRI_MOTOR_hp200_s2_level2_MSMAll.feat/GrayordinatesStats/cope6.feat/pe1.dtseries.nii","1Bu._lh2pvEHr0K1bxbHw7sLU6DGfSsx"
"s3://hcp-openaccess/HCP_1200/506234/MNINonLinear/Results/tfMRI_MOTOR/tfMRI_MOTOR_hp200_s2_level2_MSMAll.feat/GrayordinatesStats/cope6.feat/res4d.dtseries.nii","506234","MNINonLinear//Results/tfMRI_MOTOR/tfMRI_MOTOR_hp200_s2_level2_MSMAll.feat/GrayordinatesStats/cope6.feat/res4d.dtseries.nii","cAlvRSYxFWqcTsLywxn6RmpMTC9ud_c."
"s3://hcp-openaccess/HCP_1200/506234/MNINonLinear/Results/tfMRI_MOTOR/tfMRI_MOTOR_hp200_s2_level2_MSMAll.feat/GrayordinatesStats/cope6.feat/tdof_t1.dtseries.nii","506234","MNINonLinear//Results/tfMRI_MOTOR/tfMRI_MOTOR_hp200_s2_level2_MSMAll.feat/GrayordinatesStats/cope6.feat/tdof_t1.dtseries.nii","qzva2r8OzuB29nQCTna4rcKqZ_cfIWgT"
"s3://hcp-openaccess/HCP_1200/506234/MNINonLinear/Results/tfMRI_MOTOR/tfMRI_MOTOR_hp200_s2_level2_MSMAll.feat/GrayordinatesStats/cope6.feat/tstat1.dtseries.nii","506234","MNINonLinear//Results/tfMRI_MOTOR/tfMRI_MOTOR_hp200_s2_level2_MSMAll.feat/GrayordinatesStats/cope6.feat/tstat1.dtseries.nii","gKWEYrJKNF1oUIja7h3INXIVvHkhaJCm"
"s3://hcp-openaccess/HCP_1200/506234/MNINonLinear/Results/tfMRI_MOTOR/tfMRI_MOTOR_hp200_s2_level2_MSMAll.feat/GrayordinatesStats/cope6.feat/varcope1.dtseries.nii","506234","MNINonLinear//Results/tfMRI_MOTOR/tfMRI_MOTOR_hp200_s2_level2_MSMAll.feat/GrayordinatesStats/cope6.feat/varcope1.dtseries.nii","tABxUWV23W324J4.hQJjcTRZ_IlA78D3"
"s3://hcp-openaccess/HCP_1200/506234/MNINonLinear/Results/tfMRI_MOTOR/tfMRI_MOTOR_hp200_s2_level2_MSMAll.feat/GrayordinatesStats/cope6.feat/weights1.dtseries.nii","506234","MNINonLinear//Results/tfMRI_MOTOR/tfMRI_MOTOR_hp200_s2_level2_MSMAll.feat/GrayordinatesStats/cope6.feat/weights1.dtseries.nii","gzljzN9JqrAD5Pt1szT0_l7DBJ2.KecH"
"s3://hcp-openaccess/HCP_1200/506234/MNINonLinear/Results/tfMRI_MOTOR/tfMRI_MOTOR_hp200_s2_level2_MSMAll.feat/GrayordinatesStats/cope6.feat/zflame1lowertstat1.dtseries.nii","506234","MNINonLinear//Results/tfMRI_MOTOR/tfMRI_MOTOR_hp200_s2_level2_MSMAll.feat/GrayordinatesStats/cope6.feat/zflame1lowertstat1.dtseries.nii","ZZDqEGwfieoztSJys9NOS92_EhgzfG1Y"
"s3://hcp-openaccess/HCP_1200/506234/MNINonLinear/Results/tfMRI_MOTOR/tfMRI_MOTOR_hp200_s2_level2_MSMAll.feat/GrayordinatesStats/cope6.feat/zflame1uppertstat1.dtseries.nii","506234","MNINonLinear//Results/tfMRI_MOTOR/tfMRI_MOTOR_hp200_s2_level2_MSMAll.feat/GrayordinatesStats/cope6.feat/zflame1uppertstat1.dtseries.nii","6uYyPOeIk8pZUjwfOmlwrtzsmavqis5i"
"s3://hcp-openaccess/HCP_1200/506234/MNINonLinear/Results/tfMRI_MOTOR/tfMRI_MOTOR_hp200_s2_level2_MSMAll.feat/GrayordinatesStats/cope6.feat/zstat1.dtseries.nii","506234","MNINonLinear//Results/tfMRI_MOTOR/tfMRI_MOTOR_hp200_s2_level2_MSMAll.feat/GrayordinatesStats/cope6.feat/zstat1.dtseries.nii","uOa_F6VUgzsGNWZTAgmi8.t1fzHyMQT."
"s3://hcp-openaccess/HCP_1200/506234/MNINonLinear/Results/tfMRI_MOTOR/tfMRI_MOTOR_hp200_s2_level2_MSMAll.feat/GrayordinatesStats/cope7.feat/cope1.dtseries.nii","506234","MNINonLinear//Results/tfMRI_MOTOR/tfMRI_MOTOR_hp200_s2_level2_MSMAll.feat/GrayordinatesStats/cope7.feat/cope1.dtseries.nii","OX9_noKznwWzsC1K5m3we4o4YaKM8bRR"
"s3://hcp-openaccess/HCP_1200/506234/MNINonLinear/Results/tfMRI_MOTOR/tfMRI_MOTOR_hp200_s2_level2_MSMAll.feat/GrayordinatesStats/cope7.feat/logfile","506234","MNINonLinear//Results/tfMRI_MOTOR/tfMRI_MOTOR_hp200_s2_level2_MSMAll.feat/GrayordinatesStats/cope7.feat/logfile","WB8hwpkqbGgaYDzxQqwkG7rO.uTaesQh"
"s3://hcp-openaccess/HCP_1200/506234/MNINonLinear/Results/tfMRI_MOTOR/tfMRI_MOTOR_hp200_s2_level2_MSMAll.feat/GrayordinatesStats/cope7.feat/mask.dtseries.nii","506234","MNINonLinear//Results/tfMRI_MOTOR/tfMRI_MOTOR_hp200_s2_level2_MSMAll.feat/GrayordinatesStats/cope7.feat/mask.dtseries.nii","7Jy8x.8h5ZgG5AFDuao0TuDaS07lnOEx"
"s3://hcp-openaccess/HCP_1200/506234/MNINonLinear/Results/tfMRI_MOTOR/tfMRI_MOTOR_hp200_s2_level2_MSMAll.feat/GrayordinatesStats/cope7.feat/mean_random_effects_var1.dtseries.nii","506234","MNINonLinear//Results/tfMRI_MOTOR/tfMRI_MOTOR_hp200_s2_level2_MSMAll.feat/GrayordinatesStats/cope7.feat/mean_random_effects_var1.dtseries.nii","CJk45yDsCzuKSpVD6pYG4m0rwlsUMe4N"
"s3://hcp-openaccess/HCP_1200/506234/MNINonLinear/Results/tfMRI_MOTOR/tfMRI_MOTOR_hp200_s2_level2_MSMAll.feat/GrayordinatesStats/cope7.feat/pe1.dtseries.nii","506234","MNINonLinear//Results/tfMRI_MOTOR/tfMRI_MOTOR_hp200_s2_level2_MSMAll.feat/GrayordinatesStats/cope7.feat/pe1.dtseries.nii","LzhOa_OyQ3xwhp1mUM0APcZyc1SZp3K3"
"s3://hcp-openaccess/HCP_1200/506234/MNINonLinear/Results/tfMRI_MOTOR/tfMRI_MOTOR_hp200_s2_level2_MSMAll.feat/GrayordinatesStats/cope7.feat/res4d.dtseries.nii","506234","MNINonLinear//Results/tfMRI_MOTOR/tfMRI_MOTOR_hp200_s2_level2_MSMAll.feat/GrayordinatesStats/cope7.feat/res4d.dtseries.nii","MS8d7piYKfAe.xL0kgizCjaFf9_qTGO_"
"s3://hcp-openaccess/HCP_1200/506234/MNINonLinear/Results/tfMRI_MOTOR/tfMRI_MOTOR_hp200_s2_level2_MSMAll.feat/GrayordinatesStats/cope7.feat/tdof_t1.dtseries.nii","506234","MNINonLinear//Results/tfMRI_MOTOR/tfMRI_MOTOR_hp200_s2_level2_MSMAll.feat/GrayordinatesStats/cope7.feat/tdof_t1.dtseries.nii","wuekQ6C0XF3ESWGv.5Zht9Fi7Kjo2iuD"
"s3://hcp-openaccess/HCP_1200/506234/MNINonLinear/Results/tfMRI_MOTOR/tfMRI_MOTOR_hp200_s2_level2_MSMAll.feat/GrayordinatesStats/cope7.feat/tstat1.dtseries.nii","506234","MNINonLinear//Results/tfMRI_MOTOR/tfMRI_MOTOR_hp200_s2_level2_MSMAll.feat/GrayordinatesStats/cope7.feat/tstat1.dtseries.nii","kc2YOTG9DbXCKENzqoEMI7rfY1fm3nXN"
"s3://hcp-openaccess/HCP_1200/506234/MNINonLinear/Results/tfMRI_MOTOR/tfMRI_MOTOR_hp200_s2_level2_MSMAll.feat/GrayordinatesStats/cope7.feat/varcope1.dtseries.nii","506234","MNINonLinear//Results/tfMRI_MOTOR/tfMRI_MOTOR_hp200_s2_level2_MSMAll.feat/GrayordinatesStats/cope7.feat/varcope1.dtseries.nii","CYTjjz2beMpTlrSDS6SQRHn_NQxRLDsX"
"s3://hcp-openaccess/HCP_1200/506234/MNINonLinear/Results/tfMRI_MOTOR/tfMRI_MOTOR_hp200_s2_level2_MSMAll.feat/GrayordinatesStats/cope7.feat/weights1.dtseries.nii","506234","MNINonLinear//Results/tfMRI_MOTOR/tfMRI_MOTOR_hp200_s2_level2_MSMAll.feat/GrayordinatesStats/cope7.feat/weights1.dtseries.nii","tdVDa9E_ziaoY._Mt_S.5WzEfsqwOMXX"
"s3://hcp-openaccess/HCP_1200/506234/MNINonLinear/Results/tfMRI_MOTOR/tfMRI_MOTOR_hp200_s2_level2_MSMAll.feat/GrayordinatesStats/cope7.feat/zflame1lowertstat1.dtseries.nii","506234","MNINonLinear//Results/tfMRI_MOTOR/tfMRI_MOTOR_hp200_s2_level2_MSMAll.feat/GrayordinatesStats/cope7.feat/zflame1lowertstat1.dtseries.nii","hf.wzLXYSVaA9DUJ6yXH2Prn4LjbdSLU"
"s3://hcp-openaccess/HCP_1200/506234/MNINonLinear/Results/tfMRI_MOTOR/tfMRI_MOTOR_hp200_s2_level2_MSMAll.feat/GrayordinatesStats/cope7.feat/zflame1uppertstat1.dtseries.nii","506234","MNINonLinear//Results/tfMRI_MOTOR/tfMRI_MOTOR_hp200_s2_level2_MSMAll.feat/GrayordinatesStats/cope7.feat/zflame1uppertstat1.dtseries.nii","ydSDRjrs._QXa46CxDfHMVbZQ0yi0_oI"
"s3://hcp-openaccess/HCP_1200/506234/MNINonLinear/Results/tfMRI_MOTOR/tfMRI_MOTOR_hp200_s2_level2_MSMAll.feat/GrayordinatesStats/cope7.feat/zstat1.dtseries.nii","506234","MNINonLinear//Results/tfMRI_MOTOR/tfMRI_MOTOR_hp200_s2_level2_MSMAll.feat/GrayordinatesStats/cope7.feat/zstat1.dtseries.nii","PBmmXDlv.sIwmexEI6imZXRp8oUf4cE2"
"s3://hcp-openaccess/HCP_1200/506234/MNINonLinear/Results/tfMRI_MOTOR/tfMRI_MOTOR_hp200_s2_level2_MSMAll.feat/GrayordinatesStats/cope8.feat/cope1.dtseries.nii","506234","MNINonLinear//Results/tfMRI_MOTOR/tfMRI_MOTOR_hp200_s2_level2_MSMAll.feat/GrayordinatesStats/cope8.feat/cope1.dtseries.nii","8CtSvBjszh073_DtsD16MJgTVHvPMqd2"
"s3://hcp-openaccess/HCP_1200/506234/MNINonLinear/Results/tfMRI_MOTOR/tfMRI_MOTOR_hp200_s2_level2_MSMAll.feat/GrayordinatesStats/cope8.feat/logfile","506234","MNINonLinear//Results/tfMRI_MOTOR/tfMRI_MOTOR_hp200_s2_level2_MSMAll.feat/GrayordinatesStats/cope8.feat/logfile","WMFWeaK_4wZDfoR0tMZvCpVwxJVNoGHg"
"s3://hcp-openaccess/HCP_1200/506234/MNINonLinear/Results/tfMRI_MOTOR/tfMRI_MOTOR_hp200_s2_level2_MSMAll.feat/GrayordinatesStats/cope8.feat/mask.dtseries.nii","506234","MNINonLinear//Results/tfMRI_MOTOR/tfMRI_MOTOR_hp200_s2_level2_MSMAll.feat/GrayordinatesStats/cope8.feat/mask.dtseries.nii","bRSJCpAYwvcpNcwb.Go2cE.gcmCJZeNR"
"s3://hcp-openaccess/HCP_1200/506234/MNINonLinear/Results/tfMRI_MOTOR/tfMRI_MOTOR_hp200_s2_level2_MSMAll.feat/GrayordinatesStats/cope8.feat/mean_random_effects_var1.dtseries.nii","506234","MNINonLinear//Results/tfMRI_MOTOR/tfMRI_MOTOR_hp200_s2_level2_MSMAll.feat/GrayordinatesStats/cope8.feat/mean_random_effects_var1.dtseries.nii","_5incZITJuwW5HAwevoQWWhILPxSXR8L"
"s3://hcp-openaccess/HCP_1200/506234/MNINonLinear/Results/tfMRI_MOTOR/tfMRI_MOTOR_hp200_s2_level2_MSMAll.feat/GrayordinatesStats/cope8.feat/pe1.dtseries.nii","506234","MNINonLinear//Results/tfMRI_MOTOR/tfMRI_MOTOR_hp200_s2_level2_MSMAll.feat/GrayordinatesStats/cope8.feat/pe1.dtseries.nii","trTXQmpHifHBd0Y8ZsboQNNgEpLRNVox"
"s3://hcp-openaccess/HCP_1200/506234/MNINonLinear/Results/tfMRI_MOTOR/tfMRI_MOTOR_hp200_s2_level2_MSMAll.feat/GrayordinatesStats/cope8.feat/res4d.dtseries.nii","506234","MNINonLinear//Results/tfMRI_MOTOR/tfMRI_MOTOR_hp200_s2_level2_MSMAll.feat/GrayordinatesStats/cope8.feat/res4d.dtseries.nii","2QrE4ItckJwh0XVn4iQKzyB6HKpbL1PQ"
"s3://hcp-openaccess/HCP_1200/506234/MNINonLinear/Results/tfMRI_MOTOR/tfMRI_MOTOR_hp200_s2_level2_MSMAll.feat/GrayordinatesStats/cope8.feat/tdof_t1.dtseries.nii","506234","MNINonLinear//Results/tfMRI_MOTOR/tfMRI_MOTOR_hp200_s2_level2_MSMAll.feat/GrayordinatesStats/cope8.feat/tdof_t1.dtseries.nii","CpgsImX93drRu0d7uOMOMEna5SgSyLkH"
"s3://hcp-openaccess/HCP_1200/506234/MNINonLinear/Results/tfMRI_MOTOR/tfMRI_MOTOR_hp200_s2_level2_MSMAll.feat/GrayordinatesStats/cope8.feat/tstat1.dtseries.nii","506234","MNINonLinear//Results/tfMRI_MOTOR/tfMRI_MOTOR_hp200_s2_level2_MSMAll.feat/GrayordinatesStats/cope8.feat/tstat1.dtseries.nii","xW8vsQR7SFK19RS0y3MuXevFEJb6xFWm"
"s3://hcp-openaccess/HCP_1200/506234/MNINonLinear/Results/tfMRI_MOTOR/tfMRI_MOTOR_hp200_s2_level2_MSMAll.feat/GrayordinatesStats/cope8.feat/varcope1.dtseries.nii","506234","MNINonLinear//Results/tfMRI_MOTOR/tfMRI_MOTOR_hp200_s2_level2_MSMAll.feat/GrayordinatesStats/cope8.feat/varcope1.dtseries.nii","oDMJes1WkHvEurFqVkUVVibGZGS1gc2e"
"s3://hcp-openaccess/HCP_1200/506234/MNINonLinear/Results/tfMRI_MOTOR/tfMRI_MOTOR_hp200_s2_level2_MSMAll.feat/GrayordinatesStats/cope8.feat/weights1.dtseries.nii","506234","MNINonLinear//Results/tfMRI_MOTOR/tfMRI_MOTOR_hp200_s2_level2_MSMAll.feat/GrayordinatesStats/cope8.feat/weights1.dtseries.nii","0ihdH2e8JwMWmmWgL8sSgoPvJZBLZgE1"
"s3://hcp-openaccess/HCP_1200/506234/MNINonLinear/Results/tfMRI_MOTOR/tfMRI_MOTOR_hp200_s2_level2_MSMAll.feat/GrayordinatesStats/cope8.feat/zflame1lowertstat1.dtseries.nii","506234","MNINonLinear//Results/tfMRI_MOTOR/tfMRI_MOTOR_hp200_s2_level2_MSMAll.feat/GrayordinatesStats/cope8.feat/zflame1lowertstat1.dtseries.nii","2dzlelotwMAvhNNELcrbPoky1hYXHv57"
"s3://hcp-openaccess/HCP_1200/506234/MNINonLinear/Results/tfMRI_MOTOR/tfMRI_MOTOR_hp200_s2_level2_MSMAll.feat/GrayordinatesStats/cope8.feat/zflame1uppertstat1.dtseries.nii","506234","MNINonLinear//Results/tfMRI_MOTOR/tfMRI_MOTOR_hp200_s2_level2_MSMAll.feat/GrayordinatesStats/cope8.feat/zflame1uppertstat1.dtseries.nii","SVE1eSRFSKiZT6hQKt_v8HRTmEdWKTAG"
"s3://hcp-openaccess/HCP_1200/506234/MNINonLinear/Results/tfMRI_MOTOR/tfMRI_MOTOR_hp200_s2_level2_MSMAll.feat/GrayordinatesStats/cope8.feat/zstat1.dtseries.nii","506234","MNINonLinear//Results/tfMRI_MOTOR/tfMRI_MOTOR_hp200_s2_level2_MSMAll.feat/GrayordinatesStats/cope8.feat/zstat1.dtseries.nii","xPEdd2djUxRUnUKOpNvFmuQxCjrYnnzB"
"s3://hcp-openaccess/HCP_1200/506234/MNINonLinear/Results/tfMRI_MOTOR/tfMRI_MOTOR_hp200_s2_level2_MSMAll.feat/GrayordinatesStats/cope9.feat/cope1.dtseries.nii","506234","MNINonLinear//Results/tfMRI_MOTOR/tfMRI_MOTOR_hp200_s2_level2_MSMAll.feat/GrayordinatesStats/cope9.feat/cope1.dtseries.nii","_HvrLmsvq7.1LKZu.Xm2IYDjOfn9MEcO"
"s3://hcp-openaccess/HCP_1200/506234/MNINonLinear/Results/tfMRI_MOTOR/tfMRI_MOTOR_hp200_s2_level2_MSMAll.feat/GrayordinatesStats/cope9.feat/logfile","506234","MNINonLinear//Results/tfMRI_MOTOR/tfMRI_MOTOR_hp200_s2_level2_MSMAll.feat/GrayordinatesStats/cope9.feat/logfile","XZ2KOzpcl_8lbTVoWPRjnpdUREo60JCY"
"s3://hcp-openaccess/HCP_1200/506234/MNINonLinear/Results/tfMRI_MOTOR/tfMRI_MOTOR_hp200_s2_level2_MSMAll.feat/GrayordinatesStats/cope9.feat/mask.dtseries.nii","506234","MNINonLinear//Results/tfMRI_MOTOR/tfMRI_MOTOR_hp200_s2_level2_MSMAll.feat/GrayordinatesStats/cope9.feat/mask.dtseries.nii","rzHCPCVBn3_t9UcC60EbYw7xunF28x7V"
"s3://hcp-openaccess/HCP_1200/506234/MNINonLinear/Results/tfMRI_MOTOR/tfMRI_MOTOR_hp200_s2_level2_MSMAll.feat/GrayordinatesStats/cope9.feat/mean_random_effects_var1.dtseries.nii","506234","MNINonLinear//Results/tfMRI_MOTOR/tfMRI_MOTOR_hp200_s2_level2_MSMAll.feat/GrayordinatesStats/cope9.feat/mean_random_effects_var1.dtseries.nii","htz9hVXCMRHGa04sdXr7AYKYQto2vDFO"
"s3://hcp-openaccess/HCP_1200/506234/MNINonLinear/Results/tfMRI_MOTOR/tfMRI_MOTOR_hp200_s2_level2_MSMAll.feat/GrayordinatesStats/cope9.feat/pe1.dtseries.nii","506234","MNINonLinear//Results/tfMRI_MOTOR/tfMRI_MOTOR_hp200_s2_level2_MSMAll.feat/GrayordinatesStats/cope9.feat/pe1.dtseries.nii","5g9g1YXvk1iD.klVaM9fvUERv.RTqDj4"
"s3://hcp-openaccess/HCP_1200/506234/MNINonLinear/Results/tfMRI_MOTOR/tfMRI_MOTOR_hp200_s2_level2_MSMAll.feat/GrayordinatesStats/cope9.feat/res4d.dtseries.nii","506234","MNINonLinear//Results/tfMRI_MOTOR/tfMRI_MOTOR_hp200_s2_level2_MSMAll.feat/GrayordinatesStats/cope9.feat/res4d.dtseries.nii","Gx8zZW5Ph1dHRC6tuHsMZPxNBIZlpJeJ"
"s3://hcp-openaccess/HCP_1200/506234/MNINonLinear/Results/tfMRI_MOTOR/tfMRI_MOTOR_hp200_s2_level2_MSMAll.feat/GrayordinatesStats/cope9.feat/tdof_t1.dtseries.nii","506234","MNINonLinear//Results/tfMRI_MOTOR/tfMRI_MOTOR_hp200_s2_level2_MSMAll.feat/GrayordinatesStats/cope9.feat/tdof_t1.dtseries.nii","sa8fVNH72sVMBehAbw1u23ZrruuuGnaZ"
"s3://hcp-openaccess/HCP_1200/506234/MNINonLinear/Results/tfMRI_MOTOR/tfMRI_MOTOR_hp200_s2_level2_MSMAll.feat/GrayordinatesStats/cope9.feat/tstat1.dtseries.nii","506234","MNINonLinear//Results/tfMRI_MOTOR/tfMRI_MOTOR_hp200_s2_level2_MSMAll.feat/GrayordinatesStats/cope9.feat/tstat1.dtseries.nii","uZqglg.SW.kYwPnxE__6x8NcpVHiip53"
"s3://hcp-openaccess/HCP_1200/506234/MNINonLinear/Results/tfMRI_MOTOR/tfMRI_MOTOR_hp200_s2_level2_MSMAll.feat/GrayordinatesStats/cope9.feat/varcope1.dtseries.nii","506234","MNINonLinear//Results/tfMRI_MOTOR/tfMRI_MOTOR_hp200_s2_level2_MSMAll.feat/GrayordinatesStats/cope9.feat/varcope1.dtseries.nii","Ituo_A4d4kkdNxKFbfNPDyxnLqRXdO97"
"s3://hcp-openaccess/HCP_1200/506234/MNINonLinear/Results/tfMRI_MOTOR/tfMRI_MOTOR_hp200_s2_level2_MSMAll.feat/GrayordinatesStats/cope9.feat/weights1.dtseries.nii","506234","MNINonLinear//Results/tfMRI_MOTOR/tfMRI_MOTOR_hp200_s2_level2_MSMAll.feat/GrayordinatesStats/cope9.feat/weights1.dtseries.nii","YRD8jjquOkFBX2udhQ0KIPvhWfLI0s0p"
"s3://hcp-openaccess/HCP_1200/506234/MNINonLinear/Results/tfMRI_MOTOR/tfMRI_MOTOR_hp200_s2_level2_MSMAll.feat/GrayordinatesStats/cope9.feat/zflame1lowertstat1.dtseries.nii","506234","MNINonLinear//Results/tfMRI_MOTOR/tfMRI_MOTOR_hp200_s2_level2_MSMAll.feat/GrayordinatesStats/cope9.feat/zflame1lowertstat1.dtseries.nii","9aJRyi61aaSzK3g1M7Sh5wfbAR7cWj3."
"s3://hcp-openaccess/HCP_1200/506234/MNINonLinear/Results/tfMRI_MOTOR/tfMRI_MOTOR_hp200_s2_level2_MSMAll.feat/GrayordinatesStats/cope9.feat/zflame1uppertstat1.dtseries.nii","506234","MNINonLinear//Results/tfMRI_MOTOR/tfMRI_MOTOR_hp200_s2_level2_MSMAll.feat/GrayordinatesStats/cope9.feat/zflame1uppertstat1.dtseries.nii","2Tn7G.24YOORGDCRfWcPbFKaMRkyuz1p"
"s3://hcp-openaccess/HCP_1200/506234/MNINonLinear/Results/tfMRI_MOTOR/tfMRI_MOTOR_hp200_s2_level2_MSMAll.feat/GrayordinatesStats/cope9.feat/zstat1.dtseries.nii","506234","MNINonLinear//Results/tfMRI_MOTOR/tfMRI_MOTOR_hp200_s2_level2_MSMAll.feat/GrayordinatesStats/cope9.feat/zstat1.dtseries.nii","pS_FVMymhCpdpkAPN.cg1wSEDcHHosX3"
"s3://hcp-openaccess/HCP_1200/506234/MNINonLinear/Results/tfMRI_MOTOR/tfMRI_MOTOR_hp200_s2_level2_MSMAll.feat/design.con","506234","MNINonLinear//Results/tfMRI_MOTOR/tfMRI_MOTOR_hp200_s2_level2_MSMAll.feat/design.con","8EgscMWxzmthUhYn2KpQODpD5uKrxQSB"
"s3://hcp-openaccess/HCP_1200/506234/MNINonLinear/Results/tfMRI_MOTOR/tfMRI_MOTOR_hp200_s2_level2_MSMAll.feat/design.fsf","506234","MNINonLinear//Results/tfMRI_MOTOR/tfMRI_MOTOR_hp200_s2_level2_MSMAll.feat/design.fsf","9cFPaBCAAulJ0JFN7gjrRxQF2TluhLNO"
"s3://hcp-openaccess/HCP_1200/506234/MNINonLinear/Results/tfMRI_MOTOR/tfMRI_MOTOR_hp200_s2_level2_MSMAll.feat/design.grp","506234","MNINonLinear//Results/tfMRI_MOTOR/tfMRI_MOTOR_hp200_s2_level2_MSMAll.feat/design.grp","pjIc5oYT_DzlGcmRCTJi6y0W_HFaylFw"
"s3://hcp-openaccess/HCP_1200/506234/MNINonLinear/Results/tfMRI_MOTOR/tfMRI_MOTOR_hp200_s2_level2_MSMAll.feat/design.mat","506234","MNINonLinear//Results/tfMRI_MOTOR/tfMRI_MOTOR_hp200_s2_level2_MSMAll.feat/design.mat","KxY5roCo0hWoeDaTkG9aaiK6usB8xtWO"
"s3://hcp-openaccess/HCP_1200/506234/MNINonLinear/Results/tfMRI_MOTOR/tfMRI_MOTOR_hp200_s2_level2_MSMAll.feat/design.png","506234","MNINonLinear//Results/tfMRI_MOTOR/tfMRI_MOTOR_hp200_s2_level2_MSMAll.feat/design.png","qfmymZDRITWIJ26cz0cnopuWf0OGvqFZ"
"s3://hcp-openaccess/HCP_1200/506234/MNINonLinear/Results/tfMRI_MOTOR/tfMRI_MOTOR_hp200_s2_level2_MSMAll.feat/design.ppm","506234","MNINonLinear//Results/tfMRI_MOTOR/tfMRI_MOTOR_hp200_s2_level2_MSMAll.feat/design.ppm","3rdrWdIwCXDXn92GqHEf82sYN5FV0Q4a"
"s3://hcp-openaccess/HCP_1200/506234/MNINonLinear/Results/tfMRI_MOTOR/tfMRI_MOTOR_hp200_s2_level2_MSMAll.feat/design_cov.png","506234","MNINonLinear//Results/tfMRI_MOTOR/tfMRI_MOTOR_hp200_s2_level2_MSMAll.feat/design_cov.png","hLa4EkCSCgS9DluVSFp9E293IAxMTKpn"
"s3://hcp-openaccess/HCP_1200/506234/MNINonLinear/Results/tfMRI_MOTOR/tfMRI_MOTOR_hp200_s2_level2_MSMAll.feat/design_cov.ppm","506234","MNINonLinear//Results/tfMRI_MOTOR/tfMRI_MOTOR_hp200_s2_level2_MSMAll.feat/design_cov.ppm","q5sNZqZluQg4HWOvtv20yXqlwq_SzFSA"
"s3://hcp-openaccess/HCP_1200/506234/MNINonLinear/Results/tfMRI_MOTOR/tfMRI_MOTOR_hp200_s4_level2.feat/506234_tfMRI_MOTOR_level2_hp200_s4.dscalar.nii","506234","MNINonLinear//Results/tfMRI_MOTOR/tfMRI_MOTOR_hp200_s4_level2.feat/506234_tfMRI_MOTOR_level2_hp200_s4.dscalar.nii","shRDoq68odWM6d8yf9b_NDm9pqMP9Rwu"
"s3://hcp-openaccess/HCP_1200/506234/MNINonLinear/Results/tfMRI_MOTOR/tfMRI_MOTOR_hp200_s4_level2.feat/Contrasts.txt","506234","MNINonLinear//Results/tfMRI_MOTOR/tfMRI_MOTOR_hp200_s4_level2.feat/Contrasts.txt","mnZcu_fQyIlYPGmDOFhG9g1xDRMMj.KP"
"s3://hcp-openaccess/HCP_1200/506234/MNINonLinear/Results/tfMRI_MOTOR/tfMRI_MOTOR_hp200_s4_level2.feat/GrayordinatesStats/cope1.feat/cope1.dtseries.nii","506234","MNINonLinear//Results/tfMRI_MOTOR/tfMRI_MOTOR_hp200_s4_level2.feat/GrayordinatesStats/cope1.feat/cope1.dtseries.nii","zxT02THC.ISL32Y69_pluQQE5u81UpF_"
"s3://hcp-openaccess/HCP_1200/506234/MNINonLinear/Results/tfMRI_MOTOR/tfMRI_MOTOR_hp200_s4_level2.feat/GrayordinatesStats/cope1.feat/logfile","506234","MNINonLinear//Results/tfMRI_MOTOR/tfMRI_MOTOR_hp200_s4_level2.feat/GrayordinatesStats/cope1.feat/logfile","0qcwKzDfV7KngxvJqyAdPISH7encpJ_Q"
"s3://hcp-openaccess/HCP_1200/506234/MNINonLinear/Results/tfMRI_MOTOR/tfMRI_MOTOR_hp200_s4_level2.feat/GrayordinatesStats/cope1.feat/mask.dtseries.nii","506234","MNINonLinear//Results/tfMRI_MOTOR/tfMRI_MOTOR_hp200_s4_level2.feat/GrayordinatesStats/cope1.feat/mask.dtseries.nii","WO9PHKtZ3FTrg_WyQ6W3VUEAb5srl1Xt"
"s3://hcp-openaccess/HCP_1200/506234/MNINonLinear/Results/tfMRI_MOTOR/tfMRI_MOTOR_hp200_s4_level2.feat/GrayordinatesStats/cope1.feat/mean_random_effects_var1.dtseries.nii","506234","MNINonLinear//Results/tfMRI_MOTOR/tfMRI_MOTOR_hp200_s4_level2.feat/GrayordinatesStats/cope1.feat/mean_random_effects_var1.dtseries.nii","eYbQghdrNf1CWcW0n1X9FuccxUw0p71N"
"s3://hcp-openaccess/HCP_1200/506234/MNINonLinear/Results/tfMRI_MOTOR/tfMRI_MOTOR_hp200_s4_level2.feat/GrayordinatesStats/cope1.feat/pe1.dtseries.nii","506234","MNINonLinear//Results/tfMRI_MOTOR/tfMRI_MOTOR_hp200_s4_level2.feat/GrayordinatesStats/cope1.feat/pe1.dtseries.nii","wh6hwQd85C1v84aUo9MBia4U6pdV2xpR"
"s3://hcp-openaccess/HCP_1200/506234/MNINonLinear/Results/tfMRI_MOTOR/tfMRI_MOTOR_hp200_s4_level2.feat/GrayordinatesStats/cope1.feat/res4d.dtseries.nii","506234","MNINonLinear//Results/tfMRI_MOTOR/tfMRI_MOTOR_hp200_s4_level2.feat/GrayordinatesStats/cope1.feat/res4d.dtseries.nii","0uQQZi7dPog2co40hs_I45drDnS2lmkt"
"s3://hcp-openaccess/HCP_1200/506234/MNINonLinear/Results/tfMRI_MOTOR/tfMRI_MOTOR_hp200_s4_level2.feat/GrayordinatesStats/cope1.feat/tdof_t1.dtseries.nii","506234","MNINonLinear//Results/tfMRI_MOTOR/tfMRI_MOTOR_hp200_s4_level2.feat/GrayordinatesStats/cope1.feat/tdof_t1.dtseries.nii","GlnyZ8ypRis5RlK3OyKUvmTbl3DMW0.W"
"s3://hcp-openaccess/HCP_1200/506234/MNINonLinear/Results/tfMRI_MOTOR/tfMRI_MOTOR_hp200_s4_level2.feat/GrayordinatesStats/cope1.feat/tstat1.dtseries.nii","506234","MNINonLinear//Results/tfMRI_MOTOR/tfMRI_MOTOR_hp200_s4_level2.feat/GrayordinatesStats/cope1.feat/tstat1.dtseries.nii","v.B6WSs9de.ssX6WqnCVrjAiQEv3Rb9d"
"s3://hcp-openaccess/HCP_1200/506234/MNINonLinear/Results/tfMRI_MOTOR/tfMRI_MOTOR_hp200_s4_level2.feat/GrayordinatesStats/cope1.feat/varcope1.dtseries.nii","506234","MNINonLinear//Results/tfMRI_MOTOR/tfMRI_MOTOR_hp200_s4_level2.feat/GrayordinatesStats/cope1.feat/varcope1.dtseries.nii","coZkRp0PHl4LGuimlOR20Ky1w3RSDwty"
"s3://hcp-openaccess/HCP_1200/506234/MNINonLinear/Results/tfMRI_MOTOR/tfMRI_MOTOR_hp200_s4_level2.feat/GrayordinatesStats/cope1.feat/weights1.dtseries.nii","506234","MNINonLinear//Results/tfMRI_MOTOR/tfMRI_MOTOR_hp200_s4_level2.feat/GrayordinatesStats/cope1.feat/weights1.dtseries.nii","38wJmhPktpmCW18KqVfFghscjF.tu8KU"
"s3://hcp-openaccess/HCP_1200/506234/MNINonLinear/Results/tfMRI_MOTOR/tfMRI_MOTOR_hp200_s4_level2.feat/GrayordinatesStats/cope1.feat/zflame1lowertstat1.dtseries.nii","506234","MNINonLinear//Results/tfMRI_MOTOR/tfMRI_MOTOR_hp200_s4_level2.feat/GrayordinatesStats/cope1.feat/zflame1lowertstat1.dtseries.nii","gJlUvpHbo4ZgGAzHrk1e4dBv3jojnGep"
"s3://hcp-openaccess/HCP_1200/506234/MNINonLinear/Results/tfMRI_MOTOR/tfMRI_MOTOR_hp200_s4_level2.feat/GrayordinatesStats/cope1.feat/zflame1uppertstat1.dtseries.nii","506234","MNINonLinear//Results/tfMRI_MOTOR/tfMRI_MOTOR_hp200_s4_level2.feat/GrayordinatesStats/cope1.feat/zflame1uppertstat1.dtseries.nii","o7sfGb1x8aCmp.ghRAjVzGDOvjoBeHW."
"s3://hcp-openaccess/HCP_1200/506234/MNINonLinear/Results/tfMRI_MOTOR/tfMRI_MOTOR_hp200_s4_level2.feat/GrayordinatesStats/cope1.feat/zstat1.dtseries.nii","506234","MNINonLinear//Results/tfMRI_MOTOR/tfMRI_MOTOR_hp200_s4_level2.feat/GrayordinatesStats/cope1.feat/zstat1.dtseries.nii","oEqKsakCY2pTd5fKpkuEIM3.D55LFDxq"
"s3://hcp-openaccess/HCP_1200/506234/MNINonLinear/Results/tfMRI_MOTOR/tfMRI_MOTOR_hp200_s4_level2.feat/GrayordinatesStats/cope10.feat/cope1.dtseries.nii","506234","MNINonLinear//Results/tfMRI_MOTOR/tfMRI_MOTOR_hp200_s4_level2.feat/GrayordinatesStats/cope10.feat/cope1.dtseries.nii","DMAshH3FAk8K3Z_b04TZIon1Xl0hjFHn"
"s3://hcp-openaccess/HCP_1200/506234/MNINonLinear/Results/tfMRI_MOTOR/tfMRI_MOTOR_hp200_s4_level2.feat/GrayordinatesStats/cope10.feat/logfile","506234","MNINonLinear//Results/tfMRI_MOTOR/tfMRI_MOTOR_hp200_s4_level2.feat/GrayordinatesStats/cope10.feat/logfile","et_AjbZ7_JRKiitYxAPT_Xq37TkMHNeq"
"s3://hcp-openaccess/HCP_1200/506234/MNINonLinear/Results/tfMRI_MOTOR/tfMRI_MOTOR_hp200_s4_level2.feat/GrayordinatesStats/cope10.feat/mask.dtseries.nii","506234","MNINonLinear//Results/tfMRI_MOTOR/tfMRI_MOTOR_hp200_s4_level2.feat/GrayordinatesStats/cope10.feat/mask.dtseries.nii","8hsciaDWimnDSaUtuEoum_RQN2XDoczD"
"s3://hcp-openaccess/HCP_1200/506234/MNINonLinear/Results/tfMRI_MOTOR/tfMRI_MOTOR_hp200_s4_level2.feat/GrayordinatesStats/cope10.feat/mean_random_effects_var1.dtseries.nii","506234","MNINonLinear//Results/tfMRI_MOTOR/tfMRI_MOTOR_hp200_s4_level2.feat/GrayordinatesStats/cope10.feat/mean_random_effects_var1.dtseries.nii","4mN.InAxLd8_0xNCrCN.2Nbcc2pWwp7z"
"s3://hcp-openaccess/HCP_1200/506234/MNINonLinear/Results/tfMRI_MOTOR/tfMRI_MOTOR_hp200_s4_level2.feat/GrayordinatesStats/cope10.feat/pe1.dtseries.nii","506234","MNINonLinear//Results/tfMRI_MOTOR/tfMRI_MOTOR_hp200_s4_level2.feat/GrayordinatesStats/cope10.feat/pe1.dtseries.nii","kM5gttk5e1IkV8YfuPEoDy6T9qxhaJ.6"
"s3://hcp-openaccess/HCP_1200/506234/MNINonLinear/Results/tfMRI_MOTOR/tfMRI_MOTOR_hp200_s4_level2.feat/GrayordinatesStats/cope10.feat/res4d.dtseries.nii","506234","MNINonLinear//Results/tfMRI_MOTOR/tfMRI_MOTOR_hp200_s4_level2.feat/GrayordinatesStats/cope10.feat/res4d.dtseries.nii","Lvrv2Dsvbwz_aMj6WGzl9gf8ZbjifcuP"
"s3://hcp-openaccess/HCP_1200/506234/MNINonLinear/Results/tfMRI_MOTOR/tfMRI_MOTOR_hp200_s4_level2.feat/GrayordinatesStats/cope10.feat/tdof_t1.dtseries.nii","506234","MNINonLinear//Results/tfMRI_MOTOR/tfMRI_MOTOR_hp200_s4_level2.feat/GrayordinatesStats/cope10.feat/tdof_t1.dtseries.nii","jKP5gxQcuiug_irnKtUjN_cvHzWeKYbK"
"s3://hcp-openaccess/HCP_1200/506234/MNINonLinear/Results/tfMRI_MOTOR/tfMRI_MOTOR_hp200_s4_level2.feat/GrayordinatesStats/cope10.feat/tstat1.dtseries.nii","506234","MNINonLinear//Results/tfMRI_MOTOR/tfMRI_MOTOR_hp200_s4_level2.feat/GrayordinatesStats/cope10.feat/tstat1.dtseries.nii","VjpQ.9sjETpTgmQmxC806vmRD7fWXOMO"
"s3://hcp-openaccess/HCP_1200/506234/MNINonLinear/Results/tfMRI_MOTOR/tfMRI_MOTOR_hp200_s4_level2.feat/GrayordinatesStats/cope10.feat/varcope1.dtseries.nii","506234","MNINonLinear//Results/tfMRI_MOTOR/tfMRI_MOTOR_hp200_s4_level2.feat/GrayordinatesStats/cope10.feat/varcope1.dtseries.nii","eJ5hO.Av_0_15ujOKd8UP6gA6m2TElQH"
"s3://hcp-openaccess/HCP_1200/506234/MNINonLinear/Results/tfMRI_MOTOR/tfMRI_MOTOR_hp200_s4_level2.feat/GrayordinatesStats/cope10.feat/weights1.dtseries.nii","506234","MNINonLinear//Results/tfMRI_MOTOR/tfMRI_MOTOR_hp200_s4_level2.feat/GrayordinatesStats/cope10.feat/weights1.dtseries.nii","I1.glJn6h3gqZZu.YSL6i11qir8d9S.S"
"s3://hcp-openaccess/HCP_1200/506234/MNINonLinear/Results/tfMRI_MOTOR/tfMRI_MOTOR_hp200_s4_level2.feat/GrayordinatesStats/cope10.feat/zflame1lowertstat1.dtseries.nii","506234","MNINonLinear//Results/tfMRI_MOTOR/tfMRI_MOTOR_hp200_s4_level2.feat/GrayordinatesStats/cope10.feat/zflame1lowertstat1.dtseries.nii","px2WMCghjdocjyaheRWYDj1g2heY6eSQ"
"s3://hcp-openaccess/HCP_1200/506234/MNINonLinear/Results/tfMRI_MOTOR/tfMRI_MOTOR_hp200_s4_level2.feat/GrayordinatesStats/cope10.feat/zflame1uppertstat1.dtseries.nii","506234","MNINonLinear//Results/tfMRI_MOTOR/tfMRI_MOTOR_hp200_s4_level2.feat/GrayordinatesStats/cope10.feat/zflame1uppertstat1.dtseries.nii","fUuHLIbOeGZsPXINN1_i6d.Gcg4qKBrZ"
"s3://hcp-openaccess/HCP_1200/506234/MNINonLinear/Results/tfMRI_MOTOR/tfMRI_MOTOR_hp200_s4_level2.feat/GrayordinatesStats/cope10.feat/zstat1.dtseries.nii","506234","MNINonLinear//Results/tfMRI_MOTOR/tfMRI_MOTOR_hp200_s4_level2.feat/GrayordinatesStats/cope10.feat/zstat1.dtseries.nii","HhP4ojlI5Dez8Om_EBc89i86ATj8gMUb"
"s3://hcp-openaccess/HCP_1200/506234/MNINonLinear/Results/tfMRI_MOTOR/tfMRI_MOTOR_hp200_s4_level2.feat/GrayordinatesStats/cope11.feat/cope1.dtseries.nii","506234","MNINonLinear//Results/tfMRI_MOTOR/tfMRI_MOTOR_hp200_s4_level2.feat/GrayordinatesStats/cope11.feat/cope1.dtseries.nii","5aFT3V68PmbltoFUJBUV._PbF8Kfivy2"
"s3://hcp-openaccess/HCP_1200/506234/MNINonLinear/Results/tfMRI_MOTOR/tfMRI_MOTOR_hp200_s4_level2.feat/GrayordinatesStats/cope11.feat/logfile","506234","MNINonLinear//Results/tfMRI_MOTOR/tfMRI_MOTOR_hp200_s4_level2.feat/GrayordinatesStats/cope11.feat/logfile","fH7gExU1p6xUZzLw60lrwXKAIMOCf0mq"
"s3://hcp-openaccess/HCP_1200/506234/MNINonLinear/Results/tfMRI_MOTOR/tfMRI_MOTOR_hp200_s4_level2.feat/GrayordinatesStats/cope11.feat/mask.dtseries.nii","506234","MNINonLinear//Results/tfMRI_MOTOR/tfMRI_MOTOR_hp200_s4_level2.feat/GrayordinatesStats/cope11.feat/mask.dtseries.nii","f4Zfek7DfY7UeYTJ6v6PT09ZpUzxXjIH"
"s3://hcp-openaccess/HCP_1200/506234/MNINonLinear/Results/tfMRI_MOTOR/tfMRI_MOTOR_hp200_s4_level2.feat/GrayordinatesStats/cope11.feat/mean_random_effects_var1.dtseries.nii","506234","MNINonLinear//Results/tfMRI_MOTOR/tfMRI_MOTOR_hp200_s4_level2.feat/GrayordinatesStats/cope11.feat/mean_random_effects_var1.dtseries.nii","XMjdb5TZpiT78e6.FX.Wm7kwvRqwuwk_"
"s3://hcp-openaccess/HCP_1200/506234/MNINonLinear/Results/tfMRI_MOTOR/tfMRI_MOTOR_hp200_s4_level2.feat/GrayordinatesStats/cope11.feat/pe1.dtseries.nii","506234","MNINonLinear//Results/tfMRI_MOTOR/tfMRI_MOTOR_hp200_s4_level2.feat/GrayordinatesStats/cope11.feat/pe1.dtseries.nii","0DYrnkaXBLwTLEA6PTTET8UNJgot.6Ga"
"s3://hcp-openaccess/HCP_1200/506234/MNINonLinear/Results/tfMRI_MOTOR/tfMRI_MOTOR_hp200_s4_level2.feat/GrayordinatesStats/cope11.feat/res4d.dtseries.nii","506234","MNINonLinear//Results/tfMRI_MOTOR/tfMRI_MOTOR_hp200_s4_level2.feat/GrayordinatesStats/cope11.feat/res4d.dtseries.nii","AQdXlZGArJw.EGjD4DDrQBXsUKf4W5Ix"
"s3://hcp-openaccess/HCP_1200/506234/MNINonLinear/Results/tfMRI_MOTOR/tfMRI_MOTOR_hp200_s4_level2.feat/GrayordinatesStats/cope11.feat/tdof_t1.dtseries.nii","506234","MNINonLinear//Results/tfMRI_MOTOR/tfMRI_MOTOR_hp200_s4_level2.feat/GrayordinatesStats/cope11.feat/tdof_t1.dtseries.nii","aR3nIzkmFS85oTt91QxWy8Wol4HcGaqA"
"s3://hcp-openaccess/HCP_1200/506234/MNINonLinear/Results/tfMRI_MOTOR/tfMRI_MOTOR_hp200_s4_level2.feat/GrayordinatesStats/cope11.feat/tstat1.dtseries.nii","506234","MNINonLinear//Results/tfMRI_MOTOR/tfMRI_MOTOR_hp200_s4_level2.feat/GrayordinatesStats/cope11.feat/tstat1.dtseries.nii","82pdsLwAvUnokZEugU8MdftGr6KcFLJf"
"s3://hcp-openaccess/HCP_1200/506234/MNINonLinear/Results/tfMRI_MOTOR/tfMRI_MOTOR_hp200_s4_level2.feat/GrayordinatesStats/cope11.feat/varcope1.dtseries.nii","506234","MNINonLinear//Results/tfMRI_MOTOR/tfMRI_MOTOR_hp200_s4_level2.feat/GrayordinatesStats/cope11.feat/varcope1.dtseries.nii","EOeMpgXxca52GfgjbuVz74cCcNRxB_8Q"
"s3://hcp-openaccess/HCP_1200/506234/MNINonLinear/Results/tfMRI_MOTOR/tfMRI_MOTOR_hp200_s4_level2.feat/GrayordinatesStats/cope11.feat/weights1.dtseries.nii","506234","MNINonLinear//Results/tfMRI_MOTOR/tfMRI_MOTOR_hp200_s4_level2.feat/GrayordinatesStats/cope11.feat/weights1.dtseries.nii","9JgLtF1pHMyuSVzs.lGIoM.wfrN4eMlT"
"s3://hcp-openaccess/HCP_1200/506234/MNINonLinear/Results/tfMRI_MOTOR/tfMRI_MOTOR_hp200_s4_level2.feat/GrayordinatesStats/cope11.feat/zflame1lowertstat1.dtseries.nii","506234","MNINonLinear//Results/tfMRI_MOTOR/tfMRI_MOTOR_hp200_s4_level2.feat/GrayordinatesStats/cope11.feat/zflame1lowertstat1.dtseries.nii","uozzQxcudg53VF393wkX8YwDOOpZcSdx"
"s3://hcp-openaccess/HCP_1200/506234/MNINonLinear/Results/tfMRI_MOTOR/tfMRI_MOTOR_hp200_s4_level2.feat/GrayordinatesStats/cope11.feat/zflame1uppertstat1.dtseries.nii","506234","MNINonLinear//Results/tfMRI_MOTOR/tfMRI_MOTOR_hp200_s4_level2.feat/GrayordinatesStats/cope11.feat/zflame1uppertstat1.dtseries.nii","1vY7mXxVLZia1eQG5zliL_axgc.prNWD"
"s3://hcp-openaccess/HCP_1200/506234/MNINonLinear/Results/tfMRI_MOTOR/tfMRI_MOTOR_hp200_s4_level2.feat/GrayordinatesStats/cope11.feat/zstat1.dtseries.nii","506234","MNINonLinear//Results/tfMRI_MOTOR/tfMRI_MOTOR_hp200_s4_level2.feat/GrayordinatesStats/cope11.feat/zstat1.dtseries.nii","u9dibqg.wLFnWLeLRQuPU5sP0jvPYJii"
"s3://hcp-openaccess/HCP_1200/506234/MNINonLinear/Results/tfMRI_MOTOR/tfMRI_MOTOR_hp200_s4_level2.feat/GrayordinatesStats/cope12.feat/cope1.dtseries.nii","506234","MNINonLinear//Results/tfMRI_MOTOR/tfMRI_MOTOR_hp200_s4_level2.feat/GrayordinatesStats/cope12.feat/cope1.dtseries.nii","_vejSd6awOclKUZQOLrhLYC6F7.4kY4n"
"s3://hcp-openaccess/HCP_1200/506234/MNINonLinear/Results/tfMRI_MOTOR/tfMRI_MOTOR_hp200_s4_level2.feat/GrayordinatesStats/cope12.feat/logfile","506234","MNINonLinear//Results/tfMRI_MOTOR/tfMRI_MOTOR_hp200_s4_level2.feat/GrayordinatesStats/cope12.feat/logfile","eADsyvqYrAmbMDtdVFCFm_iIV8vzigzm"
"s3://hcp-openaccess/HCP_1200/506234/MNINonLinear/Results/tfMRI_MOTOR/tfMRI_MOTOR_hp200_s4_level2.feat/GrayordinatesStats/cope12.feat/mask.dtseries.nii","506234","MNINonLinear//Results/tfMRI_MOTOR/tfMRI_MOTOR_hp200_s4_level2.feat/GrayordinatesStats/cope12.feat/mask.dtseries.nii","c5.EEV1CvzWLF6AUu6gjvUOrk13gaVOH"
"s3://hcp-openaccess/HCP_1200/506234/MNINonLinear/Results/tfMRI_MOTOR/tfMRI_MOTOR_hp200_s4_level2.feat/GrayordinatesStats/cope12.feat/mean_random_effects_var1.dtseries.nii","506234","MNINonLinear//Results/tfMRI_MOTOR/tfMRI_MOTOR_hp200_s4_level2.feat/GrayordinatesStats/cope12.feat/mean_random_effects_var1.dtseries.nii","1fn5085HsPTDwMD5ynXh.jTQI87n8GMk"
"s3://hcp-openaccess/HCP_1200/506234/MNINonLinear/Results/tfMRI_MOTOR/tfMRI_MOTOR_hp200_s4_level2.feat/GrayordinatesStats/cope12.feat/pe1.dtseries.nii","506234","MNINonLinear//Results/tfMRI_MOTOR/tfMRI_MOTOR_hp200_s4_level2.feat/GrayordinatesStats/cope12.feat/pe1.dtseries.nii","jPE17_pDKv4nLpfhWdZ.Tng0WALtN49_"
"s3://hcp-openaccess/HCP_1200/506234/MNINonLinear/Results/tfMRI_MOTOR/tfMRI_MOTOR_hp200_s4_level2.feat/GrayordinatesStats/cope12.feat/res4d.dtseries.nii","506234","MNINonLinear//Results/tfMRI_MOTOR/tfMRI_MOTOR_hp200_s4_level2.feat/GrayordinatesStats/cope12.feat/res4d.dtseries.nii","jS58kJ6PjIL2SBtUc6UiYbbjZqLXgHp6"
"s3://hcp-openaccess/HCP_1200/506234/MNINonLinear/Results/tfMRI_MOTOR/tfMRI_MOTOR_hp200_s4_level2.feat/GrayordinatesStats/cope12.feat/tdof_t1.dtseries.nii","506234","MNINonLinear//Results/tfMRI_MOTOR/tfMRI_MOTOR_hp200_s4_level2.feat/GrayordinatesStats/cope12.feat/tdof_t1.dtseries.nii","SA0uGQ0ae0LONW6d9jQZ.9SM0Y84PmLQ"
"s3://hcp-openaccess/HCP_1200/506234/MNINonLinear/Results/tfMRI_MOTOR/tfMRI_MOTOR_hp200_s4_level2.feat/GrayordinatesStats/cope12.feat/tstat1.dtseries.nii","506234","MNINonLinear//Results/tfMRI_MOTOR/tfMRI_MOTOR_hp200_s4_level2.feat/GrayordinatesStats/cope12.feat/tstat1.dtseries.nii","g8au1U1yt4mJzcwnmOW6GsJHl52pGb_i"
"s3://hcp-openaccess/HCP_1200/506234/MNINonLinear/Results/tfMRI_MOTOR/tfMRI_MOTOR_hp200_s4_level2.feat/GrayordinatesStats/cope12.feat/varcope1.dtseries.nii","506234","MNINonLinear//Results/tfMRI_MOTOR/tfMRI_MOTOR_hp200_s4_level2.feat/GrayordinatesStats/cope12.feat/varcope1.dtseries.nii","TLbEmuiyfLTA6fSmL8GfkRfn5inZ9PvF"
"s3://hcp-openaccess/HCP_1200/506234/MNINonLinear/Results/tfMRI_MOTOR/tfMRI_MOTOR_hp200_s4_level2.feat/GrayordinatesStats/cope12.feat/weights1.dtseries.nii","506234","MNINonLinear//Results/tfMRI_MOTOR/tfMRI_MOTOR_hp200_s4_level2.feat/GrayordinatesStats/cope12.feat/weights1.dtseries.nii","urVeCzDzbphUpFDto3Q9WfqDb7lZLFr2"
"s3://hcp-openaccess/HCP_1200/506234/MNINonLinear/Results/tfMRI_MOTOR/tfMRI_MOTOR_hp200_s4_level2.feat/GrayordinatesStats/cope12.feat/zflame1lowertstat1.dtseries.nii","506234","MNINonLinear//Results/tfMRI_MOTOR/tfMRI_MOTOR_hp200_s4_level2.feat/GrayordinatesStats/cope12.feat/zflame1lowertstat1.dtseries.nii","sSJ3aneWuaKFzzrVnRHGPQdKyPDNSbbC"
"s3://hcp-openaccess/HCP_1200/506234/MNINonLinear/Results/tfMRI_MOTOR/tfMRI_MOTOR_hp200_s4_level2.feat/GrayordinatesStats/cope12.feat/zflame1uppertstat1.dtseries.nii","506234","MNINonLinear//Results/tfMRI_MOTOR/tfMRI_MOTOR_hp200_s4_level2.feat/GrayordinatesStats/cope12.feat/zflame1uppertstat1.dtseries.nii","4KTeXybrAXFfZF_WBuFGCYKtDV7QqZ1E"
"s3://hcp-openaccess/HCP_1200/506234/MNINonLinear/Results/tfMRI_MOTOR/tfMRI_MOTOR_hp200_s4_level2.feat/GrayordinatesStats/cope12.feat/zstat1.dtseries.nii","506234","MNINonLinear//Results/tfMRI_MOTOR/tfMRI_MOTOR_hp200_s4_level2.feat/GrayordinatesStats/cope12.feat/zstat1.dtseries.nii","ABBPPBUdDW0OjtYFed0PQvqo3LzHLLbC"
"s3://hcp-openaccess/HCP_1200/506234/MNINonLinear/Results/tfMRI_MOTOR/tfMRI_MOTOR_hp200_s4_level2.feat/GrayordinatesStats/cope13.feat/cope1.dtseries.nii","506234","MNINonLinear//Results/tfMRI_MOTOR/tfMRI_MOTOR_hp200_s4_level2.feat/GrayordinatesStats/cope13.feat/cope1.dtseries.nii","CnD2QpRljeOghRUNCxhUqRMA.PLLFocw"
"s3://hcp-openaccess/HCP_1200/506234/MNINonLinear/Results/tfMRI_MOTOR/tfMRI_MOTOR_hp200_s4_level2.feat/GrayordinatesStats/cope13.feat/logfile","506234","MNINonLinear//Results/tfMRI_MOTOR/tfMRI_MOTOR_hp200_s4_level2.feat/GrayordinatesStats/cope13.feat/logfile","Cu.IgT3BRYS1_EOb3yf_79IZvGRJItTa"
"s3://hcp-openaccess/HCP_1200/506234/MNINonLinear/Results/tfMRI_MOTOR/tfMRI_MOTOR_hp200_s4_level2.feat/GrayordinatesStats/cope13.feat/mask.dtseries.nii","506234","MNINonLinear//Results/tfMRI_MOTOR/tfMRI_MOTOR_hp200_s4_level2.feat/GrayordinatesStats/cope13.feat/mask.dtseries.nii","yYNZ7jb0WA7MOwx8UiPPoJ5OasZik0gz"
"s3://hcp-openaccess/HCP_1200/506234/MNINonLinear/Results/tfMRI_MOTOR/tfMRI_MOTOR_hp200_s4_level2.feat/GrayordinatesStats/cope13.feat/mean_random_effects_var1.dtseries.nii","506234","MNINonLinear//Results/tfMRI_MOTOR/tfMRI_MOTOR_hp200_s4_level2.feat/GrayordinatesStats/cope13.feat/mean_random_effects_var1.dtseries.nii","cf1EAlV8wnScSeNGf_w0rI87.2tq0csC"
"s3://hcp-openaccess/HCP_1200/506234/MNINonLinear/Results/tfMRI_MOTOR/tfMRI_MOTOR_hp200_s4_level2.feat/GrayordinatesStats/cope13.feat/pe1.dtseries.nii","506234","MNINonLinear//Results/tfMRI_MOTOR/tfMRI_MOTOR_hp200_s4_level2.feat/GrayordinatesStats/cope13.feat/pe1.dtseries.nii","whH8_RFoS_lBmmxWTrsjR3zpy_vFr1BK"
"s3://hcp-openaccess/HCP_1200/506234/MNINonLinear/Results/tfMRI_MOTOR/tfMRI_MOTOR_hp200_s4_level2.feat/GrayordinatesStats/cope13.feat/res4d.dtseries.nii","506234","MNINonLinear//Results/tfMRI_MOTOR/tfMRI_MOTOR_hp200_s4_level2.feat/GrayordinatesStats/cope13.feat/res4d.dtseries.nii","LaHw5_frjLBSRSpVDjYTh1YzB89V2snG"
"s3://hcp-openaccess/HCP_1200/506234/MNINonLinear/Results/tfMRI_MOTOR/tfMRI_MOTOR_hp200_s4_level2.feat/GrayordinatesStats/cope13.feat/tdof_t1.dtseries.nii","506234","MNINonLinear//Results/tfMRI_MOTOR/tfMRI_MOTOR_hp200_s4_level2.feat/GrayordinatesStats/cope13.feat/tdof_t1.dtseries.nii","diKtvRGZMpZIMmJqVP6lO_iHhkZ2ZJIK"
"s3://hcp-openaccess/HCP_1200/506234/MNINonLinear/Results/tfMRI_MOTOR/tfMRI_MOTOR_hp200_s4_level2.feat/GrayordinatesStats/cope13.feat/tstat1.dtseries.nii","506234","MNINonLinear//Results/tfMRI_MOTOR/tfMRI_MOTOR_hp200_s4_level2.feat/GrayordinatesStats/cope13.feat/tstat1.dtseries.nii","4T_VzMhePmLqf8Pp6qj4tkEr7m2BaRs4"
"s3://hcp-openaccess/HCP_1200/506234/MNINonLinear/Results/tfMRI_MOTOR/tfMRI_MOTOR_hp200_s4_level2.feat/GrayordinatesStats/cope13.feat/varcope1.dtseries.nii","506234","MNINonLinear//Results/tfMRI_MOTOR/tfMRI_MOTOR_hp200_s4_level2.feat/GrayordinatesStats/cope13.feat/varcope1.dtseries.nii","zTCj6uyfnu.9WPGIwTueLRuIjSaOGm0n"
"s3://hcp-openaccess/HCP_1200/506234/MNINonLinear/Results/tfMRI_MOTOR/tfMRI_MOTOR_hp200_s4_level2.feat/GrayordinatesStats/cope13.feat/weights1.dtseries.nii","506234","MNINonLinear//Results/tfMRI_MOTOR/tfMRI_MOTOR_hp200_s4_level2.feat/GrayordinatesStats/cope13.feat/weights1.dtseries.nii","B2KhhmMMeg0CpL2qOx8FenSCROt10e2g"
"s3://hcp-openaccess/HCP_1200/506234/MNINonLinear/Results/tfMRI_MOTOR/tfMRI_MOTOR_hp200_s4_level2.feat/GrayordinatesStats/cope13.feat/zflame1lowertstat1.dtseries.nii","506234","MNINonLinear//Results/tfMRI_MOTOR/tfMRI_MOTOR_hp200_s4_level2.feat/GrayordinatesStats/cope13.feat/zflame1lowertstat1.dtseries.nii","JMhWW1bvO9NOryiap2BOFRTOCk9l2BwG"
"s3://hcp-openaccess/HCP_1200/506234/MNINonLinear/Results/tfMRI_MOTOR/tfMRI_MOTOR_hp200_s4_level2.feat/GrayordinatesStats/cope13.feat/zflame1uppertstat1.dtseries.nii","506234","MNINonLinear//Results/tfMRI_MOTOR/tfMRI_MOTOR_hp200_s4_level2.feat/GrayordinatesStats/cope13.feat/zflame1uppertstat1.dtseries.nii","T6FZ5eNrnLEBL4_6LfGprzJ.HaJ6R5YZ"
"s3://hcp-openaccess/HCP_1200/506234/MNINonLinear/Results/tfMRI_MOTOR/tfMRI_MOTOR_hp200_s4_level2.feat/GrayordinatesStats/cope13.feat/zstat1.dtseries.nii","506234","MNINonLinear//Results/tfMRI_MOTOR/tfMRI_MOTOR_hp200_s4_level2.feat/GrayordinatesStats/cope13.feat/zstat1.dtseries.nii","VKntBGqkVGwh1O35YiJczB0ULhiXV1AX"
"s3://hcp-openaccess/HCP_1200/506234/MNINonLinear/Results/tfMRI_MOTOR/tfMRI_MOTOR_hp200_s4_level2.feat/GrayordinatesStats/cope14.feat/cope1.dtseries.nii","506234","MNINonLinear//Results/tfMRI_MOTOR/tfMRI_MOTOR_hp200_s4_level2.feat/GrayordinatesStats/cope14.feat/cope1.dtseries.nii","7Nf1f9Di7xqXGu8xcPhZli8yi9fkZYYA"
"s3://hcp-openaccess/HCP_1200/506234/MNINonLinear/Results/tfMRI_MOTOR/tfMRI_MOTOR_hp200_s4_level2.feat/GrayordinatesStats/cope14.feat/logfile","506234","MNINonLinear//Results/tfMRI_MOTOR/tfMRI_MOTOR_hp200_s4_level2.feat/GrayordinatesStats/cope14.feat/logfile","5YdGszPG8a5gmziyA9KWc8WzCW6NpE6c"
"s3://hcp-openaccess/HCP_1200/506234/MNINonLinear/Results/tfMRI_MOTOR/tfMRI_MOTOR_hp200_s4_level2.feat/GrayordinatesStats/cope14.feat/mask.dtseries.nii","506234","MNINonLinear//Results/tfMRI_MOTOR/tfMRI_MOTOR_hp200_s4_level2.feat/GrayordinatesStats/cope14.feat/mask.dtseries.nii","z7k8YB_59A78kpKVzZ0n5rr1zEf0jwQs"
"s3://hcp-openaccess/HCP_1200/506234/MNINonLinear/Results/tfMRI_MOTOR/tfMRI_MOTOR_hp200_s4_level2.feat/GrayordinatesStats/cope14.feat/mean_random_effects_var1.dtseries.nii","506234","MNINonLinear//Results/tfMRI_MOTOR/tfMRI_MOTOR_hp200_s4_level2.feat/GrayordinatesStats/cope14.feat/mean_random_effects_var1.dtseries.nii","d3acLrpWa9R4XlnWGWjO0Mjo4joUt25p"
"s3://hcp-openaccess/HCP_1200/506234/MNINonLinear/Results/tfMRI_MOTOR/tfMRI_MOTOR_hp200_s4_level2.feat/GrayordinatesStats/cope14.feat/pe1.dtseries.nii","506234","MNINonLinear//Results/tfMRI_MOTOR/tfMRI_MOTOR_hp200_s4_level2.feat/GrayordinatesStats/cope14.feat/pe1.dtseries.nii","YLP0LcNqREgk6BEvVZqUkLncNEVXDjTK"
"s3://hcp-openaccess/HCP_1200/506234/MNINonLinear/Results/tfMRI_MOTOR/tfMRI_MOTOR_hp200_s4_level2.feat/GrayordinatesStats/cope14.feat/res4d.dtseries.nii","506234","MNINonLinear//Results/tfMRI_MOTOR/tfMRI_MOTOR_hp200_s4_level2.feat/GrayordinatesStats/cope14.feat/res4d.dtseries.nii","VipHC4qnBAQr.E8eD_WDRRxL5yhJwXg1"
"s3://hcp-openaccess/HCP_1200/506234/MNINonLinear/Results/tfMRI_MOTOR/tfMRI_MOTOR_hp200_s4_level2.feat/GrayordinatesStats/cope14.feat/tdof_t1.dtseries.nii","506234","MNINonLinear//Results/tfMRI_MOTOR/tfMRI_MOTOR_hp200_s4_level2.feat/GrayordinatesStats/cope14.feat/tdof_t1.dtseries.nii","VGwWOMX5TrozTkR9ICf5loLmKzSZHV2q"
"s3://hcp-openaccess/HCP_1200/506234/MNINonLinear/Results/tfMRI_MOTOR/tfMRI_MOTOR_hp200_s4_level2.feat/GrayordinatesStats/cope14.feat/tstat1.dtseries.nii","506234","MNINonLinear//Results/tfMRI_MOTOR/tfMRI_MOTOR_hp200_s4_level2.feat/GrayordinatesStats/cope14.feat/tstat1.dtseries.nii","mWkVYhqJdd.li_LYmvKKnoQF.bibWWJR"
"s3://hcp-openaccess/HCP_1200/506234/MNINonLinear/Results/tfMRI_MOTOR/tfMRI_MOTOR_hp200_s4_level2.feat/GrayordinatesStats/cope14.feat/varcope1.dtseries.nii","506234","MNINonLinear//Results/tfMRI_MOTOR/tfMRI_MOTOR_hp200_s4_level2.feat/GrayordinatesStats/cope14.feat/varcope1.dtseries.nii","TzZU87clxvHcj8XQSFSamEFgigEr2PiA"
"s3://hcp-openaccess/HCP_1200/506234/MNINonLinear/Results/tfMRI_MOTOR/tfMRI_MOTOR_hp200_s4_level2.feat/GrayordinatesStats/cope14.feat/weights1.dtseries.nii","506234","MNINonLinear//Results/tfMRI_MOTOR/tfMRI_MOTOR_hp200_s4_level2.feat/GrayordinatesStats/cope14.feat/weights1.dtseries.nii","2Uu9mlAsYIa5RvTKmutdkGPEiwhbuKU_"
"s3://hcp-openaccess/HCP_1200/506234/MNINonLinear/Results/tfMRI_MOTOR/tfMRI_MOTOR_hp200_s4_level2.feat/GrayordinatesStats/cope14.feat/zflame1lowertstat1.dtseries.nii","506234","MNINonLinear//Results/tfMRI_MOTOR/tfMRI_MOTOR_hp200_s4_level2.feat/GrayordinatesStats/cope14.feat/zflame1lowertstat1.dtseries.nii","jke8pBTWAtgxqSuc72fqCerj8ZWQFVQS"
"s3://hcp-openaccess/HCP_1200/506234/MNINonLinear/Results/tfMRI_MOTOR/tfMRI_MOTOR_hp200_s4_level2.feat/GrayordinatesStats/cope14.feat/zflame1uppertstat1.dtseries.nii","506234","MNINonLinear//Results/tfMRI_MOTOR/tfMRI_MOTOR_hp200_s4_level2.feat/GrayordinatesStats/cope14.feat/zflame1uppertstat1.dtseries.nii","g4dWkrmhkI68pdedtKuHBWhtgDFRp.tB"
"s3://hcp-openaccess/HCP_1200/506234/MNINonLinear/Results/tfMRI_MOTOR/tfMRI_MOTOR_hp200_s4_level2.feat/GrayordinatesStats/cope14.feat/zstat1.dtseries.nii","506234","MNINonLinear//Results/tfMRI_MOTOR/tfMRI_MOTOR_hp200_s4_level2.feat/GrayordinatesStats/cope14.feat/zstat1.dtseries.nii","z2XjYtpAt4rG02EpSGg_wO6SiT5OOFxm"
"s3://hcp-openaccess/HCP_1200/506234/MNINonLinear/Results/tfMRI_MOTOR/tfMRI_MOTOR_hp200_s4_level2.feat/GrayordinatesStats/cope15.feat/cope1.dtseries.nii","506234","MNINonLinear//Results/tfMRI_MOTOR/tfMRI_MOTOR_hp200_s4_level2.feat/GrayordinatesStats/cope15.feat/cope1.dtseries.nii","QUGy66r7J.smzviK3pUzx9YRtGMblNGx"
"s3://hcp-openaccess/HCP_1200/506234/MNINonLinear/Results/tfMRI_MOTOR/tfMRI_MOTOR_hp200_s4_level2.feat/GrayordinatesStats/cope15.feat/logfile","506234","MNINonLinear//Results/tfMRI_MOTOR/tfMRI_MOTOR_hp200_s4_level2.feat/GrayordinatesStats/cope15.feat/logfile","ASnMWv4mBM59Tgn6A_ft3Gg3ZaF2p3aS"
"s3://hcp-openaccess/HCP_1200/506234/MNINonLinear/Results/tfMRI_MOTOR/tfMRI_MOTOR_hp200_s4_level2.feat/GrayordinatesStats/cope15.feat/mask.dtseries.nii","506234","MNINonLinear//Results/tfMRI_MOTOR/tfMRI_MOTOR_hp200_s4_level2.feat/GrayordinatesStats/cope15.feat/mask.dtseries.nii","h65Z0raxjdH5KvYZOQoyITB8P_3bfzfF"
"s3://hcp-openaccess/HCP_1200/506234/MNINonLinear/Results/tfMRI_MOTOR/tfMRI_MOTOR_hp200_s4_level2.feat/GrayordinatesStats/cope15.feat/mean_random_effects_var1.dtseries.nii","506234","MNINonLinear//Results/tfMRI_MOTOR/tfMRI_MOTOR_hp200_s4_level2.feat/GrayordinatesStats/cope15.feat/mean_random_effects_var1.dtseries.nii","S1foI2fTx1tAbYcPpH4r4KkL5clNadjA"
"s3://hcp-openaccess/HCP_1200/506234/MNINonLinear/Results/tfMRI_MOTOR/tfMRI_MOTOR_hp200_s4_level2.feat/GrayordinatesStats/cope15.feat/pe1.dtseries.nii","506234","MNINonLinear//Results/tfMRI_MOTOR/tfMRI_MOTOR_hp200_s4_level2.feat/GrayordinatesStats/cope15.feat/pe1.dtseries.nii","2lAKKze49gFJ9kiFYReSP4RDk0MHKWDi"
"s3://hcp-openaccess/HCP_1200/506234/MNINonLinear/Results/tfMRI_MOTOR/tfMRI_MOTOR_hp200_s4_level2.feat/GrayordinatesStats/cope15.feat/res4d.dtseries.nii","506234","MNINonLinear//Results/tfMRI_MOTOR/tfMRI_MOTOR_hp200_s4_level2.feat/GrayordinatesStats/cope15.feat/res4d.dtseries.nii","YsG1iq5tiFeHkAHAX3mv_15O2gd6QYcs"
"s3://hcp-openaccess/HCP_1200/506234/MNINonLinear/Results/tfMRI_MOTOR/tfMRI_MOTOR_hp200_s4_level2.feat/GrayordinatesStats/cope15.feat/tdof_t1.dtseries.nii","506234","MNINonLinear//Results/tfMRI_MOTOR/tfMRI_MOTOR_hp200_s4_level2.feat/GrayordinatesStats/cope15.feat/tdof_t1.dtseries.nii","lFiZCpE3FcW5rBUSEAaDH5SSyluwr_p0"
"s3://hcp-openaccess/HCP_1200/506234/MNINonLinear/Results/tfMRI_MOTOR/tfMRI_MOTOR_hp200_s4_level2.feat/GrayordinatesStats/cope15.feat/tstat1.dtseries.nii","506234","MNINonLinear//Results/tfMRI_MOTOR/tfMRI_MOTOR_hp200_s4_level2.feat/GrayordinatesStats/cope15.feat/tstat1.dtseries.nii","GDhVgGR2bVCd6OMlux9VRdT2n8U6JnmB"
"s3://hcp-openaccess/HCP_1200/506234/MNINonLinear/Results/tfMRI_MOTOR/tfMRI_MOTOR_hp200_s4_level2.feat/GrayordinatesStats/cope15.feat/varcope1.dtseries.nii","506234","MNINonLinear//Results/tfMRI_MOTOR/tfMRI_MOTOR_hp200_s4_level2.feat/GrayordinatesStats/cope15.feat/varcope1.dtseries.nii","JrNk8dLzvhpKMIcUTSRb1Z51vdM5ivVq"
"s3://hcp-openaccess/HCP_1200/506234/MNINonLinear/Results/tfMRI_MOTOR/tfMRI_MOTOR_hp200_s4_level2.feat/GrayordinatesStats/cope15.feat/weights1.dtseries.nii","506234","MNINonLinear//Results/tfMRI_MOTOR/tfMRI_MOTOR_hp200_s4_level2.feat/GrayordinatesStats/cope15.feat/weights1.dtseries.nii","WzTSMMsiY57BPJNimPsmYAuZzGgIghGT"
"s3://hcp-openaccess/HCP_1200/506234/MNINonLinear/Results/tfMRI_MOTOR/tfMRI_MOTOR_hp200_s4_level2.feat/GrayordinatesStats/cope15.feat/zflame1lowertstat1.dtseries.nii","506234","MNINonLinear//Results/tfMRI_MOTOR/tfMRI_MOTOR_hp200_s4_level2.feat/GrayordinatesStats/cope15.feat/zflame1lowertstat1.dtseries.nii","IeZa_osgcY.W_NpnbScPiI0IMcBUXtDC"
"s3://hcp-openaccess/HCP_1200/506234/MNINonLinear/Results/tfMRI_MOTOR/tfMRI_MOTOR_hp200_s4_level2.feat/GrayordinatesStats/cope15.feat/zflame1uppertstat1.dtseries.nii","506234","MNINonLinear//Results/tfMRI_MOTOR/tfMRI_MOTOR_hp200_s4_level2.feat/GrayordinatesStats/cope15.feat/zflame1uppertstat1.dtseries.nii","zeMmAzyQ85BpmA8FhGy5x17M_FZ7t.1k"
"s3://hcp-openaccess/HCP_1200/506234/MNINonLinear/Results/tfMRI_MOTOR/tfMRI_MOTOR_hp200_s4_level2.feat/GrayordinatesStats/cope15.feat/zstat1.dtseries.nii","506234","MNINonLinear//Results/tfMRI_MOTOR/tfMRI_MOTOR_hp200_s4_level2.feat/GrayordinatesStats/cope15.feat/zstat1.dtseries.nii","xKipbVZYvp1FKWzjsCJm6aq1F_jBJm9w"
"s3://hcp-openaccess/HCP_1200/506234/MNINonLinear/Results/tfMRI_MOTOR/tfMRI_MOTOR_hp200_s4_level2.feat/GrayordinatesStats/cope16.feat/cope1.dtseries.nii","506234","MNINonLinear//Results/tfMRI_MOTOR/tfMRI_MOTOR_hp200_s4_level2.feat/GrayordinatesStats/cope16.feat/cope1.dtseries.nii","OowDa9wqgYXOdDCqXwcoMyjVqDgILIVP"
"s3://hcp-openaccess/HCP_1200/506234/MNINonLinear/Results/tfMRI_MOTOR/tfMRI_MOTOR_hp200_s4_level2.feat/GrayordinatesStats/cope16.feat/logfile","506234","MNINonLinear//Results/tfMRI_MOTOR/tfMRI_MOTOR_hp200_s4_level2.feat/GrayordinatesStats/cope16.feat/logfile","OKoF3HTkEcqcOBsFbINOf02soUP_kJnC"
"s3://hcp-openaccess/HCP_1200/506234/MNINonLinear/Results/tfMRI_MOTOR/tfMRI_MOTOR_hp200_s4_level2.feat/GrayordinatesStats/cope16.feat/mask.dtseries.nii","506234","MNINonLinear//Results/tfMRI_MOTOR/tfMRI_MOTOR_hp200_s4_level2.feat/GrayordinatesStats/cope16.feat/mask.dtseries.nii","bhPs7ieRuTsn1.mYaztdai2oY8cB.zuC"
"s3://hcp-openaccess/HCP_1200/506234/MNINonLinear/Results/tfMRI_MOTOR/tfMRI_MOTOR_hp200_s4_level2.feat/GrayordinatesStats/cope16.feat/mean_random_effects_var1.dtseries.nii","506234","MNINonLinear//Results/tfMRI_MOTOR/tfMRI_MOTOR_hp200_s4_level2.feat/GrayordinatesStats/cope16.feat/mean_random_effects_var1.dtseries.nii","AOdOrgydSvjN3LQCxbc0WJvMDx.99j9s"
"s3://hcp-openaccess/HCP_1200/506234/MNINonLinear/Results/tfMRI_MOTOR/tfMRI_MOTOR_hp200_s4_level2.feat/GrayordinatesStats/cope16.feat/pe1.dtseries.nii","506234","MNINonLinear//Results/tfMRI_MOTOR/tfMRI_MOTOR_hp200_s4_level2.feat/GrayordinatesStats/cope16.feat/pe1.dtseries.nii","lk7KKszTlK_QiPL67XmlUfQQ9JLNTStE"
"s3://hcp-openaccess/HCP_1200/506234/MNINonLinear/Results/tfMRI_MOTOR/tfMRI_MOTOR_hp200_s4_level2.feat/GrayordinatesStats/cope16.feat/res4d.dtseries.nii","506234","MNINonLinear//Results/tfMRI_MOTOR/tfMRI_MOTOR_hp200_s4_level2.feat/GrayordinatesStats/cope16.feat/res4d.dtseries.nii","t8sQ9voNSS4.Uix7POqB4.p6.f1U36Xc"
"s3://hcp-openaccess/HCP_1200/506234/MNINonLinear/Results/tfMRI_MOTOR/tfMRI_MOTOR_hp200_s4_level2.feat/GrayordinatesStats/cope16.feat/tdof_t1.dtseries.nii","506234","MNINonLinear//Results/tfMRI_MOTOR/tfMRI_MOTOR_hp200_s4_level2.feat/GrayordinatesStats/cope16.feat/tdof_t1.dtseries.nii","Em0W9jUwlmuROylMz1nD3HAgrdhKVzip"
"s3://hcp-openaccess/HCP_1200/506234/MNINonLinear/Results/tfMRI_MOTOR/tfMRI_MOTOR_hp200_s4_level2.feat/GrayordinatesStats/cope16.feat/tstat1.dtseries.nii","506234","MNINonLinear//Results/tfMRI_MOTOR/tfMRI_MOTOR_hp200_s4_level2.feat/GrayordinatesStats/cope16.feat/tstat1.dtseries.nii","CeABvCizuizNyPRtRldnPqdiLtOVBE17"
"s3://hcp-openaccess/HCP_1200/506234/MNINonLinear/Results/tfMRI_MOTOR/tfMRI_MOTOR_hp200_s4_level2.feat/GrayordinatesStats/cope16.feat/varcope1.dtseries.nii","506234","MNINonLinear//Results/tfMRI_MOTOR/tfMRI_MOTOR_hp200_s4_level2.feat/GrayordinatesStats/cope16.feat/varcope1.dtseries.nii","_xaL90_QwbLW5NqXiTP.wMQRfnUbJB3n"
"s3://hcp-openaccess/HCP_1200/506234/MNINonLinear/Results/tfMRI_MOTOR/tfMRI_MOTOR_hp200_s4_level2.feat/GrayordinatesStats/cope16.feat/weights1.dtseries.nii","506234","MNINonLinear//Results/tfMRI_MOTOR/tfMRI_MOTOR_hp200_s4_level2.feat/GrayordinatesStats/cope16.feat/weights1.dtseries.nii","iJ86zaLchFunKO0H8g04ZlbQYG_LkIAE"
"s3://hcp-openaccess/HCP_1200/506234/MNINonLinear/Results/tfMRI_MOTOR/tfMRI_MOTOR_hp200_s4_level2.feat/GrayordinatesStats/cope16.feat/zflame1lowertstat1.dtseries.nii","506234","MNINonLinear//Results/tfMRI_MOTOR/tfMRI_MOTOR_hp200_s4_level2.feat/GrayordinatesStats/cope16.feat/zflame1lowertstat1.dtseries.nii","_vYX021.uzhjYf1nrRUl80Z1wUBIdjFt"
"s3://hcp-openaccess/HCP_1200/506234/MNINonLinear/Results/tfMRI_MOTOR/tfMRI_MOTOR_hp200_s4_level2.feat/GrayordinatesStats/cope16.feat/zflame1uppertstat1.dtseries.nii","506234","MNINonLinear//Results/tfMRI_MOTOR/tfMRI_MOTOR_hp200_s4_level2.feat/GrayordinatesStats/cope16.feat/zflame1uppertstat1.dtseries.nii","wTKLvgwC0oEdmriIspge5YtV5ymyMHBa"
"s3://hcp-openaccess/HCP_1200/506234/MNINonLinear/Results/tfMRI_MOTOR/tfMRI_MOTOR_hp200_s4_level2.feat/GrayordinatesStats/cope16.feat/zstat1.dtseries.nii","506234","MNINonLinear//Results/tfMRI_MOTOR/tfMRI_MOTOR_hp200_s4_level2.feat/GrayordinatesStats/cope16.feat/zstat1.dtseries.nii","57DFHQCs5YHxRbyMp6UAgZLVGq2K1taG"
"s3://hcp-openaccess/HCP_1200/506234/MNINonLinear/Results/tfMRI_MOTOR/tfMRI_MOTOR_hp200_s4_level2.feat/GrayordinatesStats/cope17.feat/cope1.dtseries.nii","506234","MNINonLinear//Results/tfMRI_MOTOR/tfMRI_MOTOR_hp200_s4_level2.feat/GrayordinatesStats/cope17.feat/cope1.dtseries.nii","37h50ACkG_E4YWK9L0ImN1BbV9HUZAK_"
"s3://hcp-openaccess/HCP_1200/506234/MNINonLinear/Results/tfMRI_MOTOR/tfMRI_MOTOR_hp200_s4_level2.feat/GrayordinatesStats/cope17.feat/logfile","506234","MNINonLinear//Results/tfMRI_MOTOR/tfMRI_MOTOR_hp200_s4_level2.feat/GrayordinatesStats/cope17.feat/logfile","9g4p6RraIMidbJqfqO0zHiHWy0KcxuEg"
"s3://hcp-openaccess/HCP_1200/506234/MNINonLinear/Results/tfMRI_MOTOR/tfMRI_MOTOR_hp200_s4_level2.feat/GrayordinatesStats/cope17.feat/mask.dtseries.nii","506234","MNINonLinear//Results/tfMRI_MOTOR/tfMRI_MOTOR_hp200_s4_level2.feat/GrayordinatesStats/cope17.feat/mask.dtseries.nii","s45aIF1EZR5T0Bu1BjSKTGJXkYptx_mP"
"s3://hcp-openaccess/HCP_1200/506234/MNINonLinear/Results/tfMRI_MOTOR/tfMRI_MOTOR_hp200_s4_level2.feat/GrayordinatesStats/cope17.feat/mean_random_effects_var1.dtseries.nii","506234","MNINonLinear//Results/tfMRI_MOTOR/tfMRI_MOTOR_hp200_s4_level2.feat/GrayordinatesStats/cope17.feat/mean_random_effects_var1.dtseries.nii","VeDSTk8UkmNSauGEVf6NoZuQb0eQcuNX"
"s3://hcp-openaccess/HCP_1200/506234/MNINonLinear/Results/tfMRI_MOTOR/tfMRI_MOTOR_hp200_s4_level2.feat/GrayordinatesStats/cope17.feat/pe1.dtseries.nii","506234","MNINonLinear//Results/tfMRI_MOTOR/tfMRI_MOTOR_hp200_s4_level2.feat/GrayordinatesStats/cope17.feat/pe1.dtseries.nii","RKuuQRnuOcZZtI1Wz1Kd0mIYMiot3Hrh"
"s3://hcp-openaccess/HCP_1200/506234/MNINonLinear/Results/tfMRI_MOTOR/tfMRI_MOTOR_hp200_s4_level2.feat/GrayordinatesStats/cope17.feat/res4d.dtseries.nii","506234","MNINonLinear//Results/tfMRI_MOTOR/tfMRI_MOTOR_hp200_s4_level2.feat/GrayordinatesStats/cope17.feat/res4d.dtseries.nii","_5wt04c.itv6utvvvACoopvik5Dw6B28"
"s3://hcp-openaccess/HCP_1200/506234/MNINonLinear/Results/tfMRI_MOTOR/tfMRI_MOTOR_hp200_s4_level2.feat/GrayordinatesStats/cope17.feat/tdof_t1.dtseries.nii","506234","MNINonLinear//Results/tfMRI_MOTOR/tfMRI_MOTOR_hp200_s4_level2.feat/GrayordinatesStats/cope17.feat/tdof_t1.dtseries.nii","g7fJViwgiocHRHi1JgomNgupkrnaT6Nv"
"s3://hcp-openaccess/HCP_1200/506234/MNINonLinear/Results/tfMRI_MOTOR/tfMRI_MOTOR_hp200_s4_level2.feat/GrayordinatesStats/cope17.feat/tstat1.dtseries.nii","506234","MNINonLinear//Results/tfMRI_MOTOR/tfMRI_MOTOR_hp200_s4_level2.feat/GrayordinatesStats/cope17.feat/tstat1.dtseries.nii","wXZ7NWxvEjGpDke9Zzx_GSrWncINrh4D"
"s3://hcp-openaccess/HCP_1200/506234/MNINonLinear/Results/tfMRI_MOTOR/tfMRI_MOTOR_hp200_s4_level2.feat/GrayordinatesStats/cope17.feat/varcope1.dtseries.nii","506234","MNINonLinear//Results/tfMRI_MOTOR/tfMRI_MOTOR_hp200_s4_level2.feat/GrayordinatesStats/cope17.feat/varcope1.dtseries.nii","zdhOYJ2Vq2xgWuT6lLlEoIypUH56y03T"
"s3://hcp-openaccess/HCP_1200/506234/MNINonLinear/Results/tfMRI_MOTOR/tfMRI_MOTOR_hp200_s4_level2.feat/GrayordinatesStats/cope17.feat/weights1.dtseries.nii","506234","MNINonLinear//Results/tfMRI_MOTOR/tfMRI_MOTOR_hp200_s4_level2.feat/GrayordinatesStats/cope17.feat/weights1.dtseries.nii","4Nbg.3j2smSbfdWErD6uuvA0qD3nMQOE"
"s3://hcp-openaccess/HCP_1200/506234/MNINonLinear/Results/tfMRI_MOTOR/tfMRI_MOTOR_hp200_s4_level2.feat/GrayordinatesStats/cope17.feat/zflame1lowertstat1.dtseries.nii","506234","MNINonLinear//Results/tfMRI_MOTOR/tfMRI_MOTOR_hp200_s4_level2.feat/GrayordinatesStats/cope17.feat/zflame1lowertstat1.dtseries.nii","DfRKeU4CIV7iAfMivzXgjGa70xP5zKaj"
"s3://hcp-openaccess/HCP_1200/506234/MNINonLinear/Results/tfMRI_MOTOR/tfMRI_MOTOR_hp200_s4_level2.feat/GrayordinatesStats/cope17.feat/zflame1uppertstat1.dtseries.nii","506234","MNINonLinear//Results/tfMRI_MOTOR/tfMRI_MOTOR_hp200_s4_level2.feat/GrayordinatesStats/cope17.feat/zflame1uppertstat1.dtseries.nii","6DhTsxaJtd94u7InIVNlXvyspJsPGU8r"
"s3://hcp-openaccess/HCP_1200/506234/MNINonLinear/Results/tfMRI_MOTOR/tfMRI_MOTOR_hp200_s4_level2.feat/GrayordinatesStats/cope17.feat/zstat1.dtseries.nii","506234","MNINonLinear//Results/tfMRI_MOTOR/tfMRI_MOTOR_hp200_s4_level2.feat/GrayordinatesStats/cope17.feat/zstat1.dtseries.nii","LvX5Le0kobwNzcspez15MTS8tTwYujko"
"s3://hcp-openaccess/HCP_1200/506234/MNINonLinear/Results/tfMRI_MOTOR/tfMRI_MOTOR_hp200_s4_level2.feat/GrayordinatesStats/cope18.feat/cope1.dtseries.nii","506234","MNINonLinear//Results/tfMRI_MOTOR/tfMRI_MOTOR_hp200_s4_level2.feat/GrayordinatesStats/cope18.feat/cope1.dtseries.nii","P_wuij3rcO0CHbfze4BlN9uHnHMkkHb2"
"s3://hcp-openaccess/HCP_1200/506234/MNINonLinear/Results/tfMRI_MOTOR/tfMRI_MOTOR_hp200_s4_level2.feat/GrayordinatesStats/cope18.feat/logfile","506234","MNINonLinear//Results/tfMRI_MOTOR/tfMRI_MOTOR_hp200_s4_level2.feat/GrayordinatesStats/cope18.feat/logfile","iOWDK4Hf.e6Fkywx9FZjsFecqlWv_uRk"
"s3://hcp-openaccess/HCP_1200/506234/MNINonLinear/Results/tfMRI_MOTOR/tfMRI_MOTOR_hp200_s4_level2.feat/GrayordinatesStats/cope18.feat/mask.dtseries.nii","506234","MNINonLinear//Results/tfMRI_MOTOR/tfMRI_MOTOR_hp200_s4_level2.feat/GrayordinatesStats/cope18.feat/mask.dtseries.nii","94ZIdCyStdsUzcxX5xr8729HNgxt8sW_"
"s3://hcp-openaccess/HCP_1200/506234/MNINonLinear/Results/tfMRI_MOTOR/tfMRI_MOTOR_hp200_s4_level2.feat/GrayordinatesStats/cope18.feat/mean_random_effects_var1.dtseries.nii","506234","MNINonLinear//Results/tfMRI_MOTOR/tfMRI_MOTOR_hp200_s4_level2.feat/GrayordinatesStats/cope18.feat/mean_random_effects_var1.dtseries.nii","Biimn858CgPY33Q.WEtQzP.OC1IwRui3"
"s3://hcp-openaccess/HCP_1200/506234/MNINonLinear/Results/tfMRI_MOTOR/tfMRI_MOTOR_hp200_s4_level2.feat/GrayordinatesStats/cope18.feat/pe1.dtseries.nii","506234","MNINonLinear//Results/tfMRI_MOTOR/tfMRI_MOTOR_hp200_s4_level2.feat/GrayordinatesStats/cope18.feat/pe1.dtseries.nii","LivDIUmPHPVriiAbIJobOlmB4XYU3z2X"
"s3://hcp-openaccess/HCP_1200/506234/MNINonLinear/Results/tfMRI_MOTOR/tfMRI_MOTOR_hp200_s4_level2.feat/GrayordinatesStats/cope18.feat/res4d.dtseries.nii","506234","MNINonLinear//Results/tfMRI_MOTOR/tfMRI_MOTOR_hp200_s4_level2.feat/GrayordinatesStats/cope18.feat/res4d.dtseries.nii","dc0z71fLVLaQQ8WLNMj2Yw3wusUTxTw."
"s3://hcp-openaccess/HCP_1200/506234/MNINonLinear/Results/tfMRI_MOTOR/tfMRI_MOTOR_hp200_s4_level2.feat/GrayordinatesStats/cope18.feat/tdof_t1.dtseries.nii","506234","MNINonLinear//Results/tfMRI_MOTOR/tfMRI_MOTOR_hp200_s4_level2.feat/GrayordinatesStats/cope18.feat/tdof_t1.dtseries.nii","VxgNPvteTBei9hiIDzFUHPuIjzfYCqoz"
"s3://hcp-openaccess/HCP_1200/506234/MNINonLinear/Results/tfMRI_MOTOR/tfMRI_MOTOR_hp200_s4_level2.feat/GrayordinatesStats/cope18.feat/tstat1.dtseries.nii","506234","MNINonLinear//Results/tfMRI_MOTOR/tfMRI_MOTOR_hp200_s4_level2.feat/GrayordinatesStats/cope18.feat/tstat1.dtseries.nii","xla_mFSO2PvOMDL5Fmga0ql_7y0aw4UM"
"s3://hcp-openaccess/HCP_1200/506234/MNINonLinear/Results/tfMRI_MOTOR/tfMRI_MOTOR_hp200_s4_level2.feat/GrayordinatesStats/cope18.feat/varcope1.dtseries.nii","506234","MNINonLinear//Results/tfMRI_MOTOR/tfMRI_MOTOR_hp200_s4_level2.feat/GrayordinatesStats/cope18.feat/varcope1.dtseries.nii","FKPxauG9gBasN9t8zlHA7IimfLtmOnUe"
"s3://hcp-openaccess/HCP_1200/506234/MNINonLinear/Results/tfMRI_MOTOR/tfMRI_MOTOR_hp200_s4_level2.feat/GrayordinatesStats/cope18.feat/weights1.dtseries.nii","506234","MNINonLinear//Results/tfMRI_MOTOR/tfMRI_MOTOR_hp200_s4_level2.feat/GrayordinatesStats/cope18.feat/weights1.dtseries.nii","pzNlOBtORbxcsWFLBywBdfDEU_EPJcmk"
"s3://hcp-openaccess/HCP_1200/506234/MNINonLinear/Results/tfMRI_MOTOR/tfMRI_MOTOR_hp200_s4_level2.feat/GrayordinatesStats/cope18.feat/zflame1lowertstat1.dtseries.nii","506234","MNINonLinear//Results/tfMRI_MOTOR/tfMRI_MOTOR_hp200_s4_level2.feat/GrayordinatesStats/cope18.feat/zflame1lowertstat1.dtseries.nii","mona9jH3XPBeCwbWmJDvuq6zpIvYQKYC"
"s3://hcp-openaccess/HCP_1200/506234/MNINonLinear/Results/tfMRI_MOTOR/tfMRI_MOTOR_hp200_s4_level2.feat/GrayordinatesStats/cope18.feat/zflame1uppertstat1.dtseries.nii","506234","MNINonLinear//Results/tfMRI_MOTOR/tfMRI_MOTOR_hp200_s4_level2.feat/GrayordinatesStats/cope18.feat/zflame1uppertstat1.dtseries.nii","2AL8whXmyT5PXq2bZSz_gAlvMgVGBTtr"
"s3://hcp-openaccess/HCP_1200/506234/MNINonLinear/Results/tfMRI_MOTOR/tfMRI_MOTOR_hp200_s4_level2.feat/GrayordinatesStats/cope18.feat/zstat1.dtseries.nii","506234","MNINonLinear//Results/tfMRI_MOTOR/tfMRI_MOTOR_hp200_s4_level2.feat/GrayordinatesStats/cope18.feat/zstat1.dtseries.nii","lsznBoIOvmhbdwUPjDBKajJwlu8ZTlzk"
"s3://hcp-openaccess/HCP_1200/506234/MNINonLinear/Results/tfMRI_MOTOR/tfMRI_MOTOR_hp200_s4_level2.feat/GrayordinatesStats/cope19.feat/cope1.dtseries.nii","506234","MNINonLinear//Results/tfMRI_MOTOR/tfMRI_MOTOR_hp200_s4_level2.feat/GrayordinatesStats/cope19.feat/cope1.dtseries.nii","B04PkAy9qAIFlb4QRpdQCzZ0iyaDn7KX"
"s3://hcp-openaccess/HCP_1200/506234/MNINonLinear/Results/tfMRI_MOTOR/tfMRI_MOTOR_hp200_s4_level2.feat/GrayordinatesStats/cope19.feat/logfile","506234","MNINonLinear//Results/tfMRI_MOTOR/tfMRI_MOTOR_hp200_s4_level2.feat/GrayordinatesStats/cope19.feat/logfile","R8W8vBsGMF0a3V.xik0dtGzmU9IkfLTc"
"s3://hcp-openaccess/HCP_1200/506234/MNINonLinear/Results/tfMRI_MOTOR/tfMRI_MOTOR_hp200_s4_level2.feat/GrayordinatesStats/cope19.feat/mask.dtseries.nii","506234","MNINonLinear//Results/tfMRI_MOTOR/tfMRI_MOTOR_hp200_s4_level2.feat/GrayordinatesStats/cope19.feat/mask.dtseries.nii","XWDcKhxFKEtlIRm3S5tgfmYFSb.4EtDU"
"s3://hcp-openaccess/HCP_1200/506234/MNINonLinear/Results/tfMRI_MOTOR/tfMRI_MOTOR_hp200_s4_level2.feat/GrayordinatesStats/cope19.feat/mean_random_effects_var1.dtseries.nii","506234","MNINonLinear//Results/tfMRI_MOTOR/tfMRI_MOTOR_hp200_s4_level2.feat/GrayordinatesStats/cope19.feat/mean_random_effects_var1.dtseries.nii","kVKrf9dQz9QxOLg_83cvXTpVbwTbWF0v"
"s3://hcp-openaccess/HCP_1200/506234/MNINonLinear/Results/tfMRI_MOTOR/tfMRI_MOTOR_hp200_s4_level2.feat/GrayordinatesStats/cope19.feat/pe1.dtseries.nii","506234","MNINonLinear//Results/tfMRI_MOTOR/tfMRI_MOTOR_hp200_s4_level2.feat/GrayordinatesStats/cope19.feat/pe1.dtseries.nii","DmeTCjfDRAXdbbSWBeKgMgG2oCYR.nfr"
"s3://hcp-openaccess/HCP_1200/506234/MNINonLinear/Results/tfMRI_MOTOR/tfMRI_MOTOR_hp200_s4_level2.feat/GrayordinatesStats/cope19.feat/res4d.dtseries.nii","506234","MNINonLinear//Results/tfMRI_MOTOR/tfMRI_MOTOR_hp200_s4_level2.feat/GrayordinatesStats/cope19.feat/res4d.dtseries.nii","LIcAqlmiZMGL11RIBGDVLs6HCllcPzy7"
"s3://hcp-openaccess/HCP_1200/506234/MNINonLinear/Results/tfMRI_MOTOR/tfMRI_MOTOR_hp200_s4_level2.feat/GrayordinatesStats/cope19.feat/tdof_t1.dtseries.nii","506234","MNINonLinear//Results/tfMRI_MOTOR/tfMRI_MOTOR_hp200_s4_level2.feat/GrayordinatesStats/cope19.feat/tdof_t1.dtseries.nii","L7Ixq6vAqaGjP.iDyjyqsw6lDixPXYN7"
"s3://hcp-openaccess/HCP_1200/506234/MNINonLinear/Results/tfMRI_MOTOR/tfMRI_MOTOR_hp200_s4_level2.feat/GrayordinatesStats/cope19.feat/tstat1.dtseries.nii","506234","MNINonLinear//Results/tfMRI_MOTOR/tfMRI_MOTOR_hp200_s4_level2.feat/GrayordinatesStats/cope19.feat/tstat1.dtseries.nii","Ibcpg8Lt0fC1MCcwKQLbtT8Um3ECnHlY"
"s3://hcp-openaccess/HCP_1200/506234/MNINonLinear/Results/tfMRI_MOTOR/tfMRI_MOTOR_hp200_s4_level2.feat/GrayordinatesStats/cope19.feat/varcope1.dtseries.nii","506234","MNINonLinear//Results/tfMRI_MOTOR/tfMRI_MOTOR_hp200_s4_level2.feat/GrayordinatesStats/cope19.feat/varcope1.dtseries.nii","k3VtCA9RIzyrD1H4hdQev8DHay2mkOSv"
"s3://hcp-openaccess/HCP_1200/506234/MNINonLinear/Results/tfMRI_MOTOR/tfMRI_MOTOR_hp200_s4_level2.feat/GrayordinatesStats/cope19.feat/weights1.dtseries.nii","506234","MNINonLinear//Results/tfMRI_MOTOR/tfMRI_MOTOR_hp200_s4_level2.feat/GrayordinatesStats/cope19.feat/weights1.dtseries.nii","nri7lznE8BnMqh3_jdDjgYGmDLrZ0ci_"
"s3://hcp-openaccess/HCP_1200/506234/MNINonLinear/Results/tfMRI_MOTOR/tfMRI_MOTOR_hp200_s4_level2.feat/GrayordinatesStats/cope19.feat/zflame1lowertstat1.dtseries.nii","506234","MNINonLinear//Results/tfMRI_MOTOR/tfMRI_MOTOR_hp200_s4_level2.feat/GrayordinatesStats/cope19.feat/zflame1lowertstat1.dtseries.nii","ITuyivYeuAhWN1SR5IdHCkdwxVyXJkk3"
"s3://hcp-openaccess/HCP_1200/506234/MNINonLinear/Results/tfMRI_MOTOR/tfMRI_MOTOR_hp200_s4_level2.feat/GrayordinatesStats/cope19.feat/zflame1uppertstat1.dtseries.nii","506234","MNINonLinear//Results/tfMRI_MOTOR/tfMRI_MOTOR_hp200_s4_level2.feat/GrayordinatesStats/cope19.feat/zflame1uppertstat1.dtseries.nii","aAdaejxIygxZo30R5ueSHvZhPH2xmyqL"
"s3://hcp-openaccess/HCP_1200/506234/MNINonLinear/Results/tfMRI_MOTOR/tfMRI_MOTOR_hp200_s4_level2.feat/GrayordinatesStats/cope19.feat/zstat1.dtseries.nii","506234","MNINonLinear//Results/tfMRI_MOTOR/tfMRI_MOTOR_hp200_s4_level2.feat/GrayordinatesStats/cope19.feat/zstat1.dtseries.nii",".VYMUtoRCgx_OoMdBlsWsu4XEILuE9mN"
"s3://hcp-openaccess/HCP_1200/506234/MNINonLinear/Results/tfMRI_MOTOR/tfMRI_MOTOR_hp200_s4_level2.feat/GrayordinatesStats/cope2.feat/cope1.dtseries.nii","506234","MNINonLinear//Results/tfMRI_MOTOR/tfMRI_MOTOR_hp200_s4_level2.feat/GrayordinatesStats/cope2.feat/cope1.dtseries.nii","3RAxHIGLr78xU0f2S.k44FmdBmhsScTA"
"s3://hcp-openaccess/HCP_1200/506234/MNINonLinear/Results/tfMRI_MOTOR/tfMRI_MOTOR_hp200_s4_level2.feat/GrayordinatesStats/cope2.feat/logfile","506234","MNINonLinear//Results/tfMRI_MOTOR/tfMRI_MOTOR_hp200_s4_level2.feat/GrayordinatesStats/cope2.feat/logfile","1fCVQ2wKGopjERDv6pemyNDRRp2psfzi"
"s3://hcp-openaccess/HCP_1200/506234/MNINonLinear/Results/tfMRI_MOTOR/tfMRI_MOTOR_hp200_s4_level2.feat/GrayordinatesStats/cope2.feat/mask.dtseries.nii","506234","MNINonLinear//Results/tfMRI_MOTOR/tfMRI_MOTOR_hp200_s4_level2.feat/GrayordinatesStats/cope2.feat/mask.dtseries.nii","Yge_d5__lQOeOJr6VAiRyLEqPpAmBoYT"
"s3://hcp-openaccess/HCP_1200/506234/MNINonLinear/Results/tfMRI_MOTOR/tfMRI_MOTOR_hp200_s4_level2.feat/GrayordinatesStats/cope2.feat/mean_random_effects_var1.dtseries.nii","506234","MNINonLinear//Results/tfMRI_MOTOR/tfMRI_MOTOR_hp200_s4_level2.feat/GrayordinatesStats/cope2.feat/mean_random_effects_var1.dtseries.nii","gyfvws1COxvasvIzPz7iSnjw2KCEGE.k"
"s3://hcp-openaccess/HCP_1200/506234/MNINonLinear/Results/tfMRI_MOTOR/tfMRI_MOTOR_hp200_s4_level2.feat/GrayordinatesStats/cope2.feat/pe1.dtseries.nii","506234","MNINonLinear//Results/tfMRI_MOTOR/tfMRI_MOTOR_hp200_s4_level2.feat/GrayordinatesStats/cope2.feat/pe1.dtseries.nii","Uno6F.bSsia6uWAFnpUi.x4426VC766W"
"s3://hcp-openaccess/HCP_1200/506234/MNINonLinear/Results/tfMRI_MOTOR/tfMRI_MOTOR_hp200_s4_level2.feat/GrayordinatesStats/cope2.feat/res4d.dtseries.nii","506234","MNINonLinear//Results/tfMRI_MOTOR/tfMRI_MOTOR_hp200_s4_level2.feat/GrayordinatesStats/cope2.feat/res4d.dtseries.nii","98oq4WB7zub7SWCXnF2hHO2vXDRdCrdh"
"s3://hcp-openaccess/HCP_1200/506234/MNINonLinear/Results/tfMRI_MOTOR/tfMRI_MOTOR_hp200_s4_level2.feat/GrayordinatesStats/cope2.feat/tdof_t1.dtseries.nii","506234","MNINonLinear//Results/tfMRI_MOTOR/tfMRI_MOTOR_hp200_s4_level2.feat/GrayordinatesStats/cope2.feat/tdof_t1.dtseries.nii","TsIgrzoeLKgdE_2B8jCVQV8Oe2erDJDj"
"s3://hcp-openaccess/HCP_1200/506234/MNINonLinear/Results/tfMRI_MOTOR/tfMRI_MOTOR_hp200_s4_level2.feat/GrayordinatesStats/cope2.feat/tstat1.dtseries.nii","506234","MNINonLinear//Results/tfMRI_MOTOR/tfMRI_MOTOR_hp200_s4_level2.feat/GrayordinatesStats/cope2.feat/tstat1.dtseries.nii","cairfGWIiD7g.DfNw.XQupeTYeU_UZNf"
"s3://hcp-openaccess/HCP_1200/506234/MNINonLinear/Results/tfMRI_MOTOR/tfMRI_MOTOR_hp200_s4_level2.feat/GrayordinatesStats/cope2.feat/varcope1.dtseries.nii","506234","MNINonLinear//Results/tfMRI_MOTOR/tfMRI_MOTOR_hp200_s4_level2.feat/GrayordinatesStats/cope2.feat/varcope1.dtseries.nii","6qRFVxbOenugVqsKOBEDsVeIV5zqRFey"
"s3://hcp-openaccess/HCP_1200/506234/MNINonLinear/Results/tfMRI_MOTOR/tfMRI_MOTOR_hp200_s4_level2.feat/GrayordinatesStats/cope2.feat/weights1.dtseries.nii","506234","MNINonLinear//Results/tfMRI_MOTOR/tfMRI_MOTOR_hp200_s4_level2.feat/GrayordinatesStats/cope2.feat/weights1.dtseries.nii","pCqgQi3djZzN2aKPswQX90jph1.5SmZd"
"s3://hcp-openaccess/HCP_1200/506234/MNINonLinear/Results/tfMRI_MOTOR/tfMRI_MOTOR_hp200_s4_level2.feat/GrayordinatesStats/cope2.feat/zflame1lowertstat1.dtseries.nii","506234","MNINonLinear//Results/tfMRI_MOTOR/tfMRI_MOTOR_hp200_s4_level2.feat/GrayordinatesStats/cope2.feat/zflame1lowertstat1.dtseries.nii","awtn3wk5q2u39VXtr7nt35KFWQFxO4FP"
"s3://hcp-openaccess/HCP_1200/506234/MNINonLinear/Results/tfMRI_MOTOR/tfMRI_MOTOR_hp200_s4_level2.feat/GrayordinatesStats/cope2.feat/zflame1uppertstat1.dtseries.nii","506234","MNINonLinear//Results/tfMRI_MOTOR/tfMRI_MOTOR_hp200_s4_level2.feat/GrayordinatesStats/cope2.feat/zflame1uppertstat1.dtseries.nii","Ms5MGzl49ZZgDDm3UdMEXO.y.L3g0rjn"
"s3://hcp-openaccess/HCP_1200/506234/MNINonLinear/Results/tfMRI_MOTOR/tfMRI_MOTOR_hp200_s4_level2.feat/GrayordinatesStats/cope2.feat/zstat1.dtseries.nii","506234","MNINonLinear//Results/tfMRI_MOTOR/tfMRI_MOTOR_hp200_s4_level2.feat/GrayordinatesStats/cope2.feat/zstat1.dtseries.nii","R6JoHOMRwP2Mo8RiAJw73a4UQJxWI_eY"
"s3://hcp-openaccess/HCP_1200/506234/MNINonLinear/Results/tfMRI_MOTOR/tfMRI_MOTOR_hp200_s4_level2.feat/GrayordinatesStats/cope20.feat/cope1.dtseries.nii","506234","MNINonLinear//Results/tfMRI_MOTOR/tfMRI_MOTOR_hp200_s4_level2.feat/GrayordinatesStats/cope20.feat/cope1.dtseries.nii","AygzDWUKswvW7rWg2TWVbX.HO12MFBix"
"s3://hcp-openaccess/HCP_1200/506234/MNINonLinear/Results/tfMRI_MOTOR/tfMRI_MOTOR_hp200_s4_level2.feat/GrayordinatesStats/cope20.feat/logfile","506234","MNINonLinear//Results/tfMRI_MOTOR/tfMRI_MOTOR_hp200_s4_level2.feat/GrayordinatesStats/cope20.feat/logfile","lOp.TXAiT7SOctsjMePf9j1EIdDaNWS5"
"s3://hcp-openaccess/HCP_1200/506234/MNINonLinear/Results/tfMRI_MOTOR/tfMRI_MOTOR_hp200_s4_level2.feat/GrayordinatesStats/cope20.feat/mask.dtseries.nii","506234","MNINonLinear//Results/tfMRI_MOTOR/tfMRI_MOTOR_hp200_s4_level2.feat/GrayordinatesStats/cope20.feat/mask.dtseries.nii","4AIHjAVr4GqcnvVfB.EHwk63u5Abkuzd"
"s3://hcp-openaccess/HCP_1200/506234/MNINonLinear/Results/tfMRI_MOTOR/tfMRI_MOTOR_hp200_s4_level2.feat/GrayordinatesStats/cope20.feat/mean_random_effects_var1.dtseries.nii","506234","MNINonLinear//Results/tfMRI_MOTOR/tfMRI_MOTOR_hp200_s4_level2.feat/GrayordinatesStats/cope20.feat/mean_random_effects_var1.dtseries.nii","7kmI7L6YC9B4_clKRjCpygNZggJnV.pA"
"s3://hcp-openaccess/HCP_1200/506234/MNINonLinear/Results/tfMRI_MOTOR/tfMRI_MOTOR_hp200_s4_level2.feat/GrayordinatesStats/cope20.feat/pe1.dtseries.nii","506234","MNINonLinear//Results/tfMRI_MOTOR/tfMRI_MOTOR_hp200_s4_level2.feat/GrayordinatesStats/cope20.feat/pe1.dtseries.nii","_.mJAoB3knT927yhoqpct6227LUuX.w1"
"s3://hcp-openaccess/HCP_1200/506234/MNINonLinear/Results/tfMRI_MOTOR/tfMRI_MOTOR_hp200_s4_level2.feat/GrayordinatesStats/cope20.feat/res4d.dtseries.nii","506234","MNINonLinear//Results/tfMRI_MOTOR/tfMRI_MOTOR_hp200_s4_level2.feat/GrayordinatesStats/cope20.feat/res4d.dtseries.nii","T_IYOkSXZbrnC6KgDulHIAqMLm8DAJqd"
"s3://hcp-openaccess/HCP_1200/506234/MNINonLinear/Results/tfMRI_MOTOR/tfMRI_MOTOR_hp200_s4_level2.feat/GrayordinatesStats/cope20.feat/tdof_t1.dtseries.nii","506234","MNINonLinear//Results/tfMRI_MOTOR/tfMRI_MOTOR_hp200_s4_level2.feat/GrayordinatesStats/cope20.feat/tdof_t1.dtseries.nii","SgcSBdV6a8S.fRS5VkY60iFQbUTBzFRo"
"s3://hcp-openaccess/HCP_1200/506234/MNINonLinear/Results/tfMRI_MOTOR/tfMRI_MOTOR_hp200_s4_level2.feat/GrayordinatesStats/cope20.feat/tstat1.dtseries.nii","506234","MNINonLinear//Results/tfMRI_MOTOR/tfMRI_MOTOR_hp200_s4_level2.feat/GrayordinatesStats/cope20.feat/tstat1.dtseries.nii","TEgL3qCd4OeiPmB.n03wY2SowoJYwwFf"
"s3://hcp-openaccess/HCP_1200/506234/MNINonLinear/Results/tfMRI_MOTOR/tfMRI_MOTOR_hp200_s4_level2.feat/GrayordinatesStats/cope20.feat/varcope1.dtseries.nii","506234","MNINonLinear//Results/tfMRI_MOTOR/tfMRI_MOTOR_hp200_s4_level2.feat/GrayordinatesStats/cope20.feat/varcope1.dtseries.nii","jdFyx9AwfTfA1WJ9Wc0mqnAzrq5yeSJB"
"s3://hcp-openaccess/HCP_1200/506234/MNINonLinear/Results/tfMRI_MOTOR/tfMRI_MOTOR_hp200_s4_level2.feat/GrayordinatesStats/cope20.feat/weights1.dtseries.nii","506234","MNINonLinear//Results/tfMRI_MOTOR/tfMRI_MOTOR_hp200_s4_level2.feat/GrayordinatesStats/cope20.feat/weights1.dtseries.nii","TnypyjVMto4wpGGnrT6FmwpemwX_dKSH"
"s3://hcp-openaccess/HCP_1200/506234/MNINonLinear/Results/tfMRI_MOTOR/tfMRI_MOTOR_hp200_s4_level2.feat/GrayordinatesStats/cope20.feat/zflame1lowertstat1.dtseries.nii","506234","MNINonLinear//Results/tfMRI_MOTOR/tfMRI_MOTOR_hp200_s4_level2.feat/GrayordinatesStats/cope20.feat/zflame1lowertstat1.dtseries.nii","pD_heHPR1PODs0s3C7gbRWaIJfvtpgUi"
"s3://hcp-openaccess/HCP_1200/506234/MNINonLinear/Results/tfMRI_MOTOR/tfMRI_MOTOR_hp200_s4_level2.feat/GrayordinatesStats/cope20.feat/zflame1uppertstat1.dtseries.nii","506234","MNINonLinear//Results/tfMRI_MOTOR/tfMRI_MOTOR_hp200_s4_level2.feat/GrayordinatesStats/cope20.feat/zflame1uppertstat1.dtseries.nii","2oVGVGcIMA.xhs2FGzyCFR7Msd2.X7BK"
"s3://hcp-openaccess/HCP_1200/506234/MNINonLinear/Results/tfMRI_MOTOR/tfMRI_MOTOR_hp200_s4_level2.feat/GrayordinatesStats/cope20.feat/zstat1.dtseries.nii","506234","MNINonLinear//Results/tfMRI_MOTOR/tfMRI_MOTOR_hp200_s4_level2.feat/GrayordinatesStats/cope20.feat/zstat1.dtseries.nii","VNzAjgrHNCdYioZosYVlvnRMVu5Xxabe"
"s3://hcp-openaccess/HCP_1200/506234/MNINonLinear/Results/tfMRI_MOTOR/tfMRI_MOTOR_hp200_s4_level2.feat/GrayordinatesStats/cope21.feat/cope1.dtseries.nii","506234","MNINonLinear//Results/tfMRI_MOTOR/tfMRI_MOTOR_hp200_s4_level2.feat/GrayordinatesStats/cope21.feat/cope1.dtseries.nii","bWg.8xg4DdN_fr5DmPoiVSI81bKEQ6uW"
"s3://hcp-openaccess/HCP_1200/506234/MNINonLinear/Results/tfMRI_MOTOR/tfMRI_MOTOR_hp200_s4_level2.feat/GrayordinatesStats/cope21.feat/logfile","506234","MNINonLinear//Results/tfMRI_MOTOR/tfMRI_MOTOR_hp200_s4_level2.feat/GrayordinatesStats/cope21.feat/logfile","tj2Ix.WS.3jYBhEUK3hzxxsdnONZEOvi"
"s3://hcp-openaccess/HCP_1200/506234/MNINonLinear/Results/tfMRI_MOTOR/tfMRI_MOTOR_hp200_s4_level2.feat/GrayordinatesStats/cope21.feat/mask.dtseries.nii","506234","MNINonLinear//Results/tfMRI_MOTOR/tfMRI_MOTOR_hp200_s4_level2.feat/GrayordinatesStats/cope21.feat/mask.dtseries.nii","NHeDuT9KZzDjpoRfxPod11ApVJrTgVSY"
"s3://hcp-openaccess/HCP_1200/506234/MNINonLinear/Results/tfMRI_MOTOR/tfMRI_MOTOR_hp200_s4_level2.feat/GrayordinatesStats/cope21.feat/mean_random_effects_var1.dtseries.nii","506234","MNINonLinear//Results/tfMRI_MOTOR/tfMRI_MOTOR_hp200_s4_level2.feat/GrayordinatesStats/cope21.feat/mean_random_effects_var1.dtseries.nii","lQ.QELPIMfssa7FmSkrzp7fZ_AusJPtt"
"s3://hcp-openaccess/HCP_1200/506234/MNINonLinear/Results/tfMRI_MOTOR/tfMRI_MOTOR_hp200_s4_level2.feat/GrayordinatesStats/cope21.feat/pe1.dtseries.nii","506234","MNINonLinear//Results/tfMRI_MOTOR/tfMRI_MOTOR_hp200_s4_level2.feat/GrayordinatesStats/cope21.feat/pe1.dtseries.nii","9UpigRmyaRBxoERRY8FHnPf6RzsT94ie"
"s3://hcp-openaccess/HCP_1200/506234/MNINonLinear/Results/tfMRI_MOTOR/tfMRI_MOTOR_hp200_s4_level2.feat/GrayordinatesStats/cope21.feat/res4d.dtseries.nii","506234","MNINonLinear//Results/tfMRI_MOTOR/tfMRI_MOTOR_hp200_s4_level2.feat/GrayordinatesStats/cope21.feat/res4d.dtseries.nii","o2V6E4ZVHpJONZJkDwwqWAnTSNIYvXI_"
"s3://hcp-openaccess/HCP_1200/506234/MNINonLinear/Results/tfMRI_MOTOR/tfMRI_MOTOR_hp200_s4_level2.feat/GrayordinatesStats/cope21.feat/tdof_t1.dtseries.nii","506234","MNINonLinear//Results/tfMRI_MOTOR/tfMRI_MOTOR_hp200_s4_level2.feat/GrayordinatesStats/cope21.feat/tdof_t1.dtseries.nii","bMO62OvQGhU_6oCJD6OMEMmfXv4CbbKE"
"s3://hcp-openaccess/HCP_1200/506234/MNINonLinear/Results/tfMRI_MOTOR/tfMRI_MOTOR_hp200_s4_level2.feat/GrayordinatesStats/cope21.feat/tstat1.dtseries.nii","506234","MNINonLinear//Results/tfMRI_MOTOR/tfMRI_MOTOR_hp200_s4_level2.feat/GrayordinatesStats/cope21.feat/tstat1.dtseries.nii","34v8B3Dn9ConDkIQii2MD5VNr6Ri1jll"
"s3://hcp-openaccess/HCP_1200/506234/MNINonLinear/Results/tfMRI_MOTOR/tfMRI_MOTOR_hp200_s4_level2.feat/GrayordinatesStats/cope21.feat/varcope1.dtseries.nii","506234","MNINonLinear//Results/tfMRI_MOTOR/tfMRI_MOTOR_hp200_s4_level2.feat/GrayordinatesStats/cope21.feat/varcope1.dtseries.nii","_SGwUCBJb3FqEbpeucIO8ZCcvqEnsxHC"
"s3://hcp-openaccess/HCP_1200/506234/MNINonLinear/Results/tfMRI_MOTOR/tfMRI_MOTOR_hp200_s4_level2.feat/GrayordinatesStats/cope21.feat/weights1.dtseries.nii","506234","MNINonLinear//Results/tfMRI_MOTOR/tfMRI_MOTOR_hp200_s4_level2.feat/GrayordinatesStats/cope21.feat/weights1.dtseries.nii","M3kLO39GazWhJ9Unz_D62Lk4OcJwbouc"
"s3://hcp-openaccess/HCP_1200/506234/MNINonLinear/Results/tfMRI_MOTOR/tfMRI_MOTOR_hp200_s4_level2.feat/GrayordinatesStats/cope21.feat/zflame1lowertstat1.dtseries.nii","506234","MNINonLinear//Results/tfMRI_MOTOR/tfMRI_MOTOR_hp200_s4_level2.feat/GrayordinatesStats/cope21.feat/zflame1lowertstat1.dtseries.nii","EB0F3h3trL.vAX4KEkWgvGKj7UPm3Fj0"
"s3://hcp-openaccess/HCP_1200/506234/MNINonLinear/Results/tfMRI_MOTOR/tfMRI_MOTOR_hp200_s4_level2.feat/GrayordinatesStats/cope21.feat/zflame1uppertstat1.dtseries.nii","506234","MNINonLinear//Results/tfMRI_MOTOR/tfMRI_MOTOR_hp200_s4_level2.feat/GrayordinatesStats/cope21.feat/zflame1uppertstat1.dtseries.nii","Zg0.ZgrFOenzAcX1UtvtlAKzyzWyrJ.B"
"s3://hcp-openaccess/HCP_1200/506234/MNINonLinear/Results/tfMRI_MOTOR/tfMRI_MOTOR_hp200_s4_level2.feat/GrayordinatesStats/cope21.feat/zstat1.dtseries.nii","506234","MNINonLinear//Results/tfMRI_MOTOR/tfMRI_MOTOR_hp200_s4_level2.feat/GrayordinatesStats/cope21.feat/zstat1.dtseries.nii","YM_WjvofcJmM9QLcoQhoBdOz5DzFyfTP"
"s3://hcp-openaccess/HCP_1200/506234/MNINonLinear/Results/tfMRI_MOTOR/tfMRI_MOTOR_hp200_s4_level2.feat/GrayordinatesStats/cope22.feat/cope1.dtseries.nii","506234","MNINonLinear//Results/tfMRI_MOTOR/tfMRI_MOTOR_hp200_s4_level2.feat/GrayordinatesStats/cope22.feat/cope1.dtseries.nii","7Ut5FHpAgqCz_jj5D2qOY.NF7fhdiPrc"
"s3://hcp-openaccess/HCP_1200/506234/MNINonLinear/Results/tfMRI_MOTOR/tfMRI_MOTOR_hp200_s4_level2.feat/GrayordinatesStats/cope22.feat/logfile","506234","MNINonLinear//Results/tfMRI_MOTOR/tfMRI_MOTOR_hp200_s4_level2.feat/GrayordinatesStats/cope22.feat/logfile","3OBzzM4plgZRkOqWVOKw_O3wClTWyw2v"
"s3://hcp-openaccess/HCP_1200/506234/MNINonLinear/Results/tfMRI_MOTOR/tfMRI_MOTOR_hp200_s4_level2.feat/GrayordinatesStats/cope22.feat/mask.dtseries.nii","506234","MNINonLinear//Results/tfMRI_MOTOR/tfMRI_MOTOR_hp200_s4_level2.feat/GrayordinatesStats/cope22.feat/mask.dtseries.nii","_zFQ8QILNymGuxnxqw6dQQBbHjYNNOiN"
"s3://hcp-openaccess/HCP_1200/506234/MNINonLinear/Results/tfMRI_MOTOR/tfMRI_MOTOR_hp200_s4_level2.feat/GrayordinatesStats/cope22.feat/mean_random_effects_var1.dtseries.nii","506234","MNINonLinear//Results/tfMRI_MOTOR/tfMRI_MOTOR_hp200_s4_level2.feat/GrayordinatesStats/cope22.feat/mean_random_effects_var1.dtseries.nii","f1KfCB4aVZqeZfhJ3HXNOMD9jhpV4iQA"
"s3://hcp-openaccess/HCP_1200/506234/MNINonLinear/Results/tfMRI_MOTOR/tfMRI_MOTOR_hp200_s4_level2.feat/GrayordinatesStats/cope22.feat/pe1.dtseries.nii","506234","MNINonLinear//Results/tfMRI_MOTOR/tfMRI_MOTOR_hp200_s4_level2.feat/GrayordinatesStats/cope22.feat/pe1.dtseries.nii","CmL2OiO_y4RbqEbukVcrMmvwvVUc4nZX"
"s3://hcp-openaccess/HCP_1200/506234/MNINonLinear/Results/tfMRI_MOTOR/tfMRI_MOTOR_hp200_s4_level2.feat/GrayordinatesStats/cope22.feat/res4d.dtseries.nii","506234","MNINonLinear//Results/tfMRI_MOTOR/tfMRI_MOTOR_hp200_s4_level2.feat/GrayordinatesStats/cope22.feat/res4d.dtseries.nii","kfNIyLlLuQy7JzHLVycSUoklcsIM7H57"
"s3://hcp-openaccess/HCP_1200/506234/MNINonLinear/Results/tfMRI_MOTOR/tfMRI_MOTOR_hp200_s4_level2.feat/GrayordinatesStats/cope22.feat/tdof_t1.dtseries.nii","506234","MNINonLinear//Results/tfMRI_MOTOR/tfMRI_MOTOR_hp200_s4_level2.feat/GrayordinatesStats/cope22.feat/tdof_t1.dtseries.nii","LPP0Cznh9mziQa__dhGCZShqF2Cvxt_T"
"s3://hcp-openaccess/HCP_1200/506234/MNINonLinear/Results/tfMRI_MOTOR/tfMRI_MOTOR_hp200_s4_level2.feat/GrayordinatesStats/cope22.feat/tstat1.dtseries.nii","506234","MNINonLinear//Results/tfMRI_MOTOR/tfMRI_MOTOR_hp200_s4_level2.feat/GrayordinatesStats/cope22.feat/tstat1.dtseries.nii","LlM5UUR0pUt_N_TLPXRGZqWPTNInP3Dx"
"s3://hcp-openaccess/HCP_1200/506234/MNINonLinear/Results/tfMRI_MOTOR/tfMRI_MOTOR_hp200_s4_level2.feat/GrayordinatesStats/cope22.feat/varcope1.dtseries.nii","506234","MNINonLinear//Results/tfMRI_MOTOR/tfMRI_MOTOR_hp200_s4_level2.feat/GrayordinatesStats/cope22.feat/varcope1.dtseries.nii","oqa5.nj2GSJ2zkwJM.36uFBuKLW2RgTR"
"s3://hcp-openaccess/HCP_1200/506234/MNINonLinear/Results/tfMRI_MOTOR/tfMRI_MOTOR_hp200_s4_level2.feat/GrayordinatesStats/cope22.feat/weights1.dtseries.nii","506234","MNINonLinear//Results/tfMRI_MOTOR/tfMRI_MOTOR_hp200_s4_level2.feat/GrayordinatesStats/cope22.feat/weights1.dtseries.nii","B4IEm4.BUjIxIjs7lCiMvNv_bDzS0AoF"
"s3://hcp-openaccess/HCP_1200/506234/MNINonLinear/Results/tfMRI_MOTOR/tfMRI_MOTOR_hp200_s4_level2.feat/GrayordinatesStats/cope22.feat/zflame1lowertstat1.dtseries.nii","506234","MNINonLinear//Results/tfMRI_MOTOR/tfMRI_MOTOR_hp200_s4_level2.feat/GrayordinatesStats/cope22.feat/zflame1lowertstat1.dtseries.nii","3PnKQsFGF8WWLrU_lOroYm3QPPhjUbYt"
"s3://hcp-openaccess/HCP_1200/506234/MNINonLinear/Results/tfMRI_MOTOR/tfMRI_MOTOR_hp200_s4_level2.feat/GrayordinatesStats/cope22.feat/zflame1uppertstat1.dtseries.nii","506234","MNINonLinear//Results/tfMRI_MOTOR/tfMRI_MOTOR_hp200_s4_level2.feat/GrayordinatesStats/cope22.feat/zflame1uppertstat1.dtseries.nii","AKxH2VMR7.r1G7q1K2n9ixUgzntiCBi1"
"s3://hcp-openaccess/HCP_1200/506234/MNINonLinear/Results/tfMRI_MOTOR/tfMRI_MOTOR_hp200_s4_level2.feat/GrayordinatesStats/cope22.feat/zstat1.dtseries.nii","506234","MNINonLinear//Results/tfMRI_MOTOR/tfMRI_MOTOR_hp200_s4_level2.feat/GrayordinatesStats/cope22.feat/zstat1.dtseries.nii","kBWS_6q7NcNDE2Lt6.YFf05mb.NkYUbg"
"s3://hcp-openaccess/HCP_1200/506234/MNINonLinear/Results/tfMRI_MOTOR/tfMRI_MOTOR_hp200_s4_level2.feat/GrayordinatesStats/cope23.feat/cope1.dtseries.nii","506234","MNINonLinear//Results/tfMRI_MOTOR/tfMRI_MOTOR_hp200_s4_level2.feat/GrayordinatesStats/cope23.feat/cope1.dtseries.nii","gfd29bsJRzK0F8pX8.9shUHevdfP6Un6"
"s3://hcp-openaccess/HCP_1200/506234/MNINonLinear/Results/tfMRI_MOTOR/tfMRI_MOTOR_hp200_s4_level2.feat/GrayordinatesStats/cope23.feat/logfile","506234","MNINonLinear//Results/tfMRI_MOTOR/tfMRI_MOTOR_hp200_s4_level2.feat/GrayordinatesStats/cope23.feat/logfile","5bkVI032bNpVyMQjiBKmwvBGJfDsHHCU"
"s3://hcp-openaccess/HCP_1200/506234/MNINonLinear/Results/tfMRI_MOTOR/tfMRI_MOTOR_hp200_s4_level2.feat/GrayordinatesStats/cope23.feat/mask.dtseries.nii","506234","MNINonLinear//Results/tfMRI_MOTOR/tfMRI_MOTOR_hp200_s4_level2.feat/GrayordinatesStats/cope23.feat/mask.dtseries.nii","W_Zz7SHuKgsWNK5rVSE2ZN5kf9HuACJm"
"s3://hcp-openaccess/HCP_1200/506234/MNINonLinear/Results/tfMRI_MOTOR/tfMRI_MOTOR_hp200_s4_level2.feat/GrayordinatesStats/cope23.feat/mean_random_effects_var1.dtseries.nii","506234","MNINonLinear//Results/tfMRI_MOTOR/tfMRI_MOTOR_hp200_s4_level2.feat/GrayordinatesStats/cope23.feat/mean_random_effects_var1.dtseries.nii","fKWHZfH6xbPSYjHGt6Abndyn0VFB9K2."
"s3://hcp-openaccess/HCP_1200/506234/MNINonLinear/Results/tfMRI_MOTOR/tfMRI_MOTOR_hp200_s4_level2.feat/GrayordinatesStats/cope23.feat/pe1.dtseries.nii","506234","MNINonLinear//Results/tfMRI_MOTOR/tfMRI_MOTOR_hp200_s4_level2.feat/GrayordinatesStats/cope23.feat/pe1.dtseries.nii","I6UMIQ.x4EFUoJsyT8v2De9W4DRLZhMk"
"s3://hcp-openaccess/HCP_1200/506234/MNINonLinear/Results/tfMRI_MOTOR/tfMRI_MOTOR_hp200_s4_level2.feat/GrayordinatesStats/cope23.feat/res4d.dtseries.nii","506234","MNINonLinear//Results/tfMRI_MOTOR/tfMRI_MOTOR_hp200_s4_level2.feat/GrayordinatesStats/cope23.feat/res4d.dtseries.nii","Y2CStI9eazUp4xqa3wDuFRcYsEhsfZzD"
"s3://hcp-openaccess/HCP_1200/506234/MNINonLinear/Results/tfMRI_MOTOR/tfMRI_MOTOR_hp200_s4_level2.feat/GrayordinatesStats/cope23.feat/tdof_t1.dtseries.nii","506234","MNINonLinear//Results/tfMRI_MOTOR/tfMRI_MOTOR_hp200_s4_level2.feat/GrayordinatesStats/cope23.feat/tdof_t1.dtseries.nii","RxKzXQagocsm5bRPC_30OBvITuBFnPyC"
"s3://hcp-openaccess/HCP_1200/506234/MNINonLinear/Results/tfMRI_MOTOR/tfMRI_MOTOR_hp200_s4_level2.feat/GrayordinatesStats/cope23.feat/tstat1.dtseries.nii","506234","MNINonLinear//Results/tfMRI_MOTOR/tfMRI_MOTOR_hp200_s4_level2.feat/GrayordinatesStats/cope23.feat/tstat1.dtseries.nii","Cm_xyJBtne3sXJJb8.nxP9DNQJVpfGOQ"
"s3://hcp-openaccess/HCP_1200/506234/MNINonLinear/Results/tfMRI_MOTOR/tfMRI_MOTOR_hp200_s4_level2.feat/GrayordinatesStats/cope23.feat/varcope1.dtseries.nii","506234","MNINonLinear//Results/tfMRI_MOTOR/tfMRI_MOTOR_hp200_s4_level2.feat/GrayordinatesStats/cope23.feat/varcope1.dtseries.nii","MDBUVfix9f2HdJztRC3SSSxBN3IxK8CA"
"s3://hcp-openaccess/HCP_1200/506234/MNINonLinear/Results/tfMRI_MOTOR/tfMRI_MOTOR_hp200_s4_level2.feat/GrayordinatesStats/cope23.feat/weights1.dtseries.nii","506234","MNINonLinear//Results/tfMRI_MOTOR/tfMRI_MOTOR_hp200_s4_level2.feat/GrayordinatesStats/cope23.feat/weights1.dtseries.nii","vSai2HGQ.V7ufQ5bqYkEWZ6X0gQQZZZk"
"s3://hcp-openaccess/HCP_1200/506234/MNINonLinear/Results/tfMRI_MOTOR/tfMRI_MOTOR_hp200_s4_level2.feat/GrayordinatesStats/cope23.feat/zflame1lowertstat1.dtseries.nii","506234","MNINonLinear//Results/tfMRI_MOTOR/tfMRI_MOTOR_hp200_s4_level2.feat/GrayordinatesStats/cope23.feat/zflame1lowertstat1.dtseries.nii","Y8f22f9u1yxOvZB1dmwJj6YJYt3QVquH"
"s3://hcp-openaccess/HCP_1200/506234/MNINonLinear/Results/tfMRI_MOTOR/tfMRI_MOTOR_hp200_s4_level2.feat/GrayordinatesStats/cope23.feat/zflame1uppertstat1.dtseries.nii","506234","MNINonLinear//Results/tfMRI_MOTOR/tfMRI_MOTOR_hp200_s4_level2.feat/GrayordinatesStats/cope23.feat/zflame1uppertstat1.dtseries.nii","A8o4jHbdZwqpHY9UTsd3xAEVyZmQAF7o"
"s3://hcp-openaccess/HCP_1200/506234/MNINonLinear/Results/tfMRI_MOTOR/tfMRI_MOTOR_hp200_s4_level2.feat/GrayordinatesStats/cope23.feat/zstat1.dtseries.nii","506234","MNINonLinear//Results/tfMRI_MOTOR/tfMRI_MOTOR_hp200_s4_level2.feat/GrayordinatesStats/cope23.feat/zstat1.dtseries.nii","_vFHBImJ7le5.7fhPlsx1GDkIrXm2.U."
"s3://hcp-openaccess/HCP_1200/506234/MNINonLinear/Results/tfMRI_MOTOR/tfMRI_MOTOR_hp200_s4_level2.feat/GrayordinatesStats/cope24.feat/cope1.dtseries.nii","506234","MNINonLinear//Results/tfMRI_MOTOR/tfMRI_MOTOR_hp200_s4_level2.feat/GrayordinatesStats/cope24.feat/cope1.dtseries.nii","EiEO1KJkpeVbu30Em6FY7qXzp7.qs5QV"
"s3://hcp-openaccess/HCP_1200/506234/MNINonLinear/Results/tfMRI_MOTOR/tfMRI_MOTOR_hp200_s4_level2.feat/GrayordinatesStats/cope24.feat/logfile","506234","MNINonLinear//Results/tfMRI_MOTOR/tfMRI_MOTOR_hp200_s4_level2.feat/GrayordinatesStats/cope24.feat/logfile","mCSRasZef0iDW_3On2ROEEeV4SI4FOEs"
"s3://hcp-openaccess/HCP_1200/506234/MNINonLinear/Results/tfMRI_MOTOR/tfMRI_MOTOR_hp200_s4_level2.feat/GrayordinatesStats/cope24.feat/mask.dtseries.nii","506234","MNINonLinear//Results/tfMRI_MOTOR/tfMRI_MOTOR_hp200_s4_level2.feat/GrayordinatesStats/cope24.feat/mask.dtseries.nii","tw68BWwKTL7t_MDmIhf8EzbP8wPGiTB5"
"s3://hcp-openaccess/HCP_1200/506234/MNINonLinear/Results/tfMRI_MOTOR/tfMRI_MOTOR_hp200_s4_level2.feat/GrayordinatesStats/cope24.feat/mean_random_effects_var1.dtseries.nii","506234","MNINonLinear//Results/tfMRI_MOTOR/tfMRI_MOTOR_hp200_s4_level2.feat/GrayordinatesStats/cope24.feat/mean_random_effects_var1.dtseries.nii","3TOsYQ1mAkrJzn_VA9Rr1n06.dimc4eG"
"s3://hcp-openaccess/HCP_1200/506234/MNINonLinear/Results/tfMRI_MOTOR/tfMRI_MOTOR_hp200_s4_level2.feat/GrayordinatesStats/cope24.feat/pe1.dtseries.nii","506234","MNINonLinear//Results/tfMRI_MOTOR/tfMRI_MOTOR_hp200_s4_level2.feat/GrayordinatesStats/cope24.feat/pe1.dtseries.nii","hcFoS6ccE5uMmQBuXHJZ0LEOlbQLt0Ox"
"s3://hcp-openaccess/HCP_1200/506234/MNINonLinear/Results/tfMRI_MOTOR/tfMRI_MOTOR_hp200_s4_level2.feat/GrayordinatesStats/cope24.feat/res4d.dtseries.nii","506234","MNINonLinear//Results/tfMRI_MOTOR/tfMRI_MOTOR_hp200_s4_level2.feat/GrayordinatesStats/cope24.feat/res4d.dtseries.nii","tii2OoouAJFBSCD2GqSUbnHtelkUr5XF"
"s3://hcp-openaccess/HCP_1200/506234/MNINonLinear/Results/tfMRI_MOTOR/tfMRI_MOTOR_hp200_s4_level2.feat/GrayordinatesStats/cope24.feat/tdof_t1.dtseries.nii","506234","MNINonLinear//Results/tfMRI_MOTOR/tfMRI_MOTOR_hp200_s4_level2.feat/GrayordinatesStats/cope24.feat/tdof_t1.dtseries.nii","TVsIc7_oVaMBDhl2XF0.GwjYGvGxzu5u"
"s3://hcp-openaccess/HCP_1200/506234/MNINonLinear/Results/tfMRI_MOTOR/tfMRI_MOTOR_hp200_s4_level2.feat/GrayordinatesStats/cope24.feat/tstat1.dtseries.nii","506234","MNINonLinear//Results/tfMRI_MOTOR/tfMRI_MOTOR_hp200_s4_level2.feat/GrayordinatesStats/cope24.feat/tstat1.dtseries.nii","Ix7cgUbT0lE8JKhutrbwNKvE3jwNUzIZ"
"s3://hcp-openaccess/HCP_1200/506234/MNINonLinear/Results/tfMRI_MOTOR/tfMRI_MOTOR_hp200_s4_level2.feat/GrayordinatesStats/cope24.feat/varcope1.dtseries.nii","506234","MNINonLinear//Results/tfMRI_MOTOR/tfMRI_MOTOR_hp200_s4_level2.feat/GrayordinatesStats/cope24.feat/varcope1.dtseries.nii","7zGeB7fg80xuhf9aXAriGomy0WYlFaaT"
"s3://hcp-openaccess/HCP_1200/506234/MNINonLinear/Results/tfMRI_MOTOR/tfMRI_MOTOR_hp200_s4_level2.feat/GrayordinatesStats/cope24.feat/weights1.dtseries.nii","506234","MNINonLinear//Results/tfMRI_MOTOR/tfMRI_MOTOR_hp200_s4_level2.feat/GrayordinatesStats/cope24.feat/weights1.dtseries.nii","sU759gciQbFBLMKADAnNbmYsWy4AlCh8"
"s3://hcp-openaccess/HCP_1200/506234/MNINonLinear/Results/tfMRI_MOTOR/tfMRI_MOTOR_hp200_s4_level2.feat/GrayordinatesStats/cope24.feat/zflame1lowertstat1.dtseries.nii","506234","MNINonLinear//Results/tfMRI_MOTOR/tfMRI_MOTOR_hp200_s4_level2.feat/GrayordinatesStats/cope24.feat/zflame1lowertstat1.dtseries.nii","f0yUePJCiIng9cQhy5bL7GOWL8Ysd4WS"
"s3://hcp-openaccess/HCP_1200/506234/MNINonLinear/Results/tfMRI_MOTOR/tfMRI_MOTOR_hp200_s4_level2.feat/GrayordinatesStats/cope24.feat/zflame1uppertstat1.dtseries.nii","506234","MNINonLinear//Results/tfMRI_MOTOR/tfMRI_MOTOR_hp200_s4_level2.feat/GrayordinatesStats/cope24.feat/zflame1uppertstat1.dtseries.nii","1G8_C.cdrZbB2beN4OoKlXtzuX8YrDwZ"
"s3://hcp-openaccess/HCP_1200/506234/MNINonLinear/Results/tfMRI_MOTOR/tfMRI_MOTOR_hp200_s4_level2.feat/GrayordinatesStats/cope24.feat/zstat1.dtseries.nii","506234","MNINonLinear//Results/tfMRI_MOTOR/tfMRI_MOTOR_hp200_s4_level2.feat/GrayordinatesStats/cope24.feat/zstat1.dtseries.nii","WJewbKMqApZ2SjG5pPMg4HzbgFL7diwB"
"s3://hcp-openaccess/HCP_1200/506234/MNINonLinear/Results/tfMRI_MOTOR/tfMRI_MOTOR_hp200_s4_level2.feat/GrayordinatesStats/cope25.feat/cope1.dtseries.nii","506234","MNINonLinear//Results/tfMRI_MOTOR/tfMRI_MOTOR_hp200_s4_level2.feat/GrayordinatesStats/cope25.feat/cope1.dtseries.nii","AYYc09CQxIdQRnhvYLJb3Uye3ugTudK4"
"s3://hcp-openaccess/HCP_1200/506234/MNINonLinear/Results/tfMRI_MOTOR/tfMRI_MOTOR_hp200_s4_level2.feat/GrayordinatesStats/cope25.feat/logfile","506234","MNINonLinear//Results/tfMRI_MOTOR/tfMRI_MOTOR_hp200_s4_level2.feat/GrayordinatesStats/cope25.feat/logfile","x9zzJv4Mvq.wJ4EvVccWfj8RAmacVSBS"
"s3://hcp-openaccess/HCP_1200/506234/MNINonLinear/Results/tfMRI_MOTOR/tfMRI_MOTOR_hp200_s4_level2.feat/GrayordinatesStats/cope25.feat/mask.dtseries.nii","506234","MNINonLinear//Results/tfMRI_MOTOR/tfMRI_MOTOR_hp200_s4_level2.feat/GrayordinatesStats/cope25.feat/mask.dtseries.nii","oFB_gBn.oQG5Gs75BKLH0XOez3qk6Yfa"
"s3://hcp-openaccess/HCP_1200/506234/MNINonLinear/Results/tfMRI_MOTOR/tfMRI_MOTOR_hp200_s4_level2.feat/GrayordinatesStats/cope25.feat/mean_random_effects_var1.dtseries.nii","506234","MNINonLinear//Results/tfMRI_MOTOR/tfMRI_MOTOR_hp200_s4_level2.feat/GrayordinatesStats/cope25.feat/mean_random_effects_var1.dtseries.nii","h1VzTovc6WN8brO.YexeoaW2BQxAwvMI"
"s3://hcp-openaccess/HCP_1200/506234/MNINonLinear/Results/tfMRI_MOTOR/tfMRI_MOTOR_hp200_s4_level2.feat/GrayordinatesStats/cope25.feat/pe1.dtseries.nii","506234","MNINonLinear//Results/tfMRI_MOTOR/tfMRI_MOTOR_hp200_s4_level2.feat/GrayordinatesStats/cope25.feat/pe1.dtseries.nii","FLTVdoodSgQaQFvLk7o5Tku3p7cWRkVt"
"s3://hcp-openaccess/HCP_1200/506234/MNINonLinear/Results/tfMRI_MOTOR/tfMRI_MOTOR_hp200_s4_level2.feat/GrayordinatesStats/cope25.feat/res4d.dtseries.nii","506234","MNINonLinear//Results/tfMRI_MOTOR/tfMRI_MOTOR_hp200_s4_level2.feat/GrayordinatesStats/cope25.feat/res4d.dtseries.nii","j_DAXJBvDCCPSXXR9LaV7jCpWp1ht9dx"
"s3://hcp-openaccess/HCP_1200/506234/MNINonLinear/Results/tfMRI_MOTOR/tfMRI_MOTOR_hp200_s4_level2.feat/GrayordinatesStats/cope25.feat/tdof_t1.dtseries.nii","506234","MNINonLinear//Results/tfMRI_MOTOR/tfMRI_MOTOR_hp200_s4_level2.feat/GrayordinatesStats/cope25.feat/tdof_t1.dtseries.nii","ynTTnmnm_bkrSFBhE1wXhvI9VuM510zH"
"s3://hcp-openaccess/HCP_1200/506234/MNINonLinear/Results/tfMRI_MOTOR/tfMRI_MOTOR_hp200_s4_level2.feat/GrayordinatesStats/cope25.feat/tstat1.dtseries.nii","506234","MNINonLinear//Results/tfMRI_MOTOR/tfMRI_MOTOR_hp200_s4_level2.feat/GrayordinatesStats/cope25.feat/tstat1.dtseries.nii","LS3P4034VnEx_RLOzEsCBFhJpE6.cPlu"
"s3://hcp-openaccess/HCP_1200/506234/MNINonLinear/Results/tfMRI_MOTOR/tfMRI_MOTOR_hp200_s4_level2.feat/GrayordinatesStats/cope25.feat/varcope1.dtseries.nii","506234","MNINonLinear//Results/tfMRI_MOTOR/tfMRI_MOTOR_hp200_s4_level2.feat/GrayordinatesStats/cope25.feat/varcope1.dtseries.nii","Ri8Gz0uk8hxN_PIzdFfU6dHrG3JSfbt0"
"s3://hcp-openaccess/HCP_1200/506234/MNINonLinear/Results/tfMRI_MOTOR/tfMRI_MOTOR_hp200_s4_level2.feat/GrayordinatesStats/cope25.feat/weights1.dtseries.nii","506234","MNINonLinear//Results/tfMRI_MOTOR/tfMRI_MOTOR_hp200_s4_level2.feat/GrayordinatesStats/cope25.feat/weights1.dtseries.nii","zdiWBNBLAEkuwz54ykt9hM2DHk9Ku_nT"
"s3://hcp-openaccess/HCP_1200/506234/MNINonLinear/Results/tfMRI_MOTOR/tfMRI_MOTOR_hp200_s4_level2.feat/GrayordinatesStats/cope25.feat/zflame1lowertstat1.dtseries.nii","506234","MNINonLinear//Results/tfMRI_MOTOR/tfMRI_MOTOR_hp200_s4_level2.feat/GrayordinatesStats/cope25.feat/zflame1lowertstat1.dtseries.nii","DrphMtHZkhSeDVBAAbnXD48Jr5wnqzon"
"s3://hcp-openaccess/HCP_1200/506234/MNINonLinear/Results/tfMRI_MOTOR/tfMRI_MOTOR_hp200_s4_level2.feat/GrayordinatesStats/cope25.feat/zflame1uppertstat1.dtseries.nii","506234","MNINonLinear//Results/tfMRI_MOTOR/tfMRI_MOTOR_hp200_s4_level2.feat/GrayordinatesStats/cope25.feat/zflame1uppertstat1.dtseries.nii","iws1IbT074dtXoINzg01LRfP6mtiibf0"
"s3://hcp-openaccess/HCP_1200/506234/MNINonLinear/Results/tfMRI_MOTOR/tfMRI_MOTOR_hp200_s4_level2.feat/GrayordinatesStats/cope25.feat/zstat1.dtseries.nii","506234","MNINonLinear//Results/tfMRI_MOTOR/tfMRI_MOTOR_hp200_s4_level2.feat/GrayordinatesStats/cope25.feat/zstat1.dtseries.nii","tYs0gKWGX01H11FAlTktMNqTuqDFlPJo"
"s3://hcp-openaccess/HCP_1200/506234/MNINonLinear/Results/tfMRI_MOTOR/tfMRI_MOTOR_hp200_s4_level2.feat/GrayordinatesStats/cope26.feat/cope1.dtseries.nii","506234","MNINonLinear//Results/tfMRI_MOTOR/tfMRI_MOTOR_hp200_s4_level2.feat/GrayordinatesStats/cope26.feat/cope1.dtseries.nii","YygNW3nWwoN4tsKL6hWjpfV96iZozXG1"
"s3://hcp-openaccess/HCP_1200/506234/MNINonLinear/Results/tfMRI_MOTOR/tfMRI_MOTOR_hp200_s4_level2.feat/GrayordinatesStats/cope26.feat/logfile","506234","MNINonLinear//Results/tfMRI_MOTOR/tfMRI_MOTOR_hp200_s4_level2.feat/GrayordinatesStats/cope26.feat/logfile","SyPDYnbzEduk0b6J0scCQhauAenTUwvj"
"s3://hcp-openaccess/HCP_1200/506234/MNINonLinear/Results/tfMRI_MOTOR/tfMRI_MOTOR_hp200_s4_level2.feat/GrayordinatesStats/cope26.feat/mask.dtseries.nii","506234","MNINonLinear//Results/tfMRI_MOTOR/tfMRI_MOTOR_hp200_s4_level2.feat/GrayordinatesStats/cope26.feat/mask.dtseries.nii","w9ery28.b8hCUbqiXjkVcoiW4JXTUUEI"
"s3://hcp-openaccess/HCP_1200/506234/MNINonLinear/Results/tfMRI_MOTOR/tfMRI_MOTOR_hp200_s4_level2.feat/GrayordinatesStats/cope26.feat/mean_random_effects_var1.dtseries.nii","506234","MNINonLinear//Results/tfMRI_MOTOR/tfMRI_MOTOR_hp200_s4_level2.feat/GrayordinatesStats/cope26.feat/mean_random_effects_var1.dtseries.nii","DyV2gaME3uAKzLDtA6ZbU_Ak.URo1owV"
"s3://hcp-openaccess/HCP_1200/506234/MNINonLinear/Results/tfMRI_MOTOR/tfMRI_MOTOR_hp200_s4_level2.feat/GrayordinatesStats/cope26.feat/pe1.dtseries.nii","506234","MNINonLinear//Results/tfMRI_MOTOR/tfMRI_MOTOR_hp200_s4_level2.feat/GrayordinatesStats/cope26.feat/pe1.dtseries.nii","aL9JUOJpndGJ0MPgNtQwh7aIiMN0rsU6"
"s3://hcp-openaccess/HCP_1200/506234/MNINonLinear/Results/tfMRI_MOTOR/tfMRI_MOTOR_hp200_s4_level2.feat/GrayordinatesStats/cope26.feat/res4d.dtseries.nii","506234","MNINonLinear//Results/tfMRI_MOTOR/tfMRI_MOTOR_hp200_s4_level2.feat/GrayordinatesStats/cope26.feat/res4d.dtseries.nii","0e0H4vL7vuvVyBbxb6Nj2D8ZhXkt0oVD"
"s3://hcp-openaccess/HCP_1200/506234/MNINonLinear/Results/tfMRI_MOTOR/tfMRI_MOTOR_hp200_s4_level2.feat/GrayordinatesStats/cope26.feat/tdof_t1.dtseries.nii","506234","MNINonLinear//Results/tfMRI_MOTOR/tfMRI_MOTOR_hp200_s4_level2.feat/GrayordinatesStats/cope26.feat/tdof_t1.dtseries.nii","9HN1z0xWsI.4KKfjoyA8NyfkMHZ0YYRU"
"s3://hcp-openaccess/HCP_1200/506234/MNINonLinear/Results/tfMRI_MOTOR/tfMRI_MOTOR_hp200_s4_level2.feat/GrayordinatesStats/cope26.feat/tstat1.dtseries.nii","506234","MNINonLinear//Results/tfMRI_MOTOR/tfMRI_MOTOR_hp200_s4_level2.feat/GrayordinatesStats/cope26.feat/tstat1.dtseries.nii","7zYAlZORUdNPfL9EgD6c2Ldz4t5kVdxc"
"s3://hcp-openaccess/HCP_1200/506234/MNINonLinear/Results/tfMRI_MOTOR/tfMRI_MOTOR_hp200_s4_level2.feat/GrayordinatesStats/cope26.feat/varcope1.dtseries.nii","506234","MNINonLinear//Results/tfMRI_MOTOR/tfMRI_MOTOR_hp200_s4_level2.feat/GrayordinatesStats/cope26.feat/varcope1.dtseries.nii",".zGnZOsZOki6LLLtKg7aAojCY60t5WFj"
"s3://hcp-openaccess/HCP_1200/506234/MNINonLinear/Results/tfMRI_MOTOR/tfMRI_MOTOR_hp200_s4_level2.feat/GrayordinatesStats/cope26.feat/weights1.dtseries.nii","506234","MNINonLinear//Results/tfMRI_MOTOR/tfMRI_MOTOR_hp200_s4_level2.feat/GrayordinatesStats/cope26.feat/weights1.dtseries.nii","Shk_.2.71EeaiKsdN.3dkaClohOAZBa3"
"s3://hcp-openaccess/HCP_1200/506234/MNINonLinear/Results/tfMRI_MOTOR/tfMRI_MOTOR_hp200_s4_level2.feat/GrayordinatesStats/cope26.feat/zflame1lowertstat1.dtseries.nii","506234","MNINonLinear//Results/tfMRI_MOTOR/tfMRI_MOTOR_hp200_s4_level2.feat/GrayordinatesStats/cope26.feat/zflame1lowertstat1.dtseries.nii","a1l0KTCcsJSZuuJ0hTwajobDRE2kShDS"
"s3://hcp-openaccess/HCP_1200/506234/MNINonLinear/Results/tfMRI_MOTOR/tfMRI_MOTOR_hp200_s4_level2.feat/GrayordinatesStats/cope26.feat/zflame1uppertstat1.dtseries.nii","506234","MNINonLinear//Results/tfMRI_MOTOR/tfMRI_MOTOR_hp200_s4_level2.feat/GrayordinatesStats/cope26.feat/zflame1uppertstat1.dtseries.nii","EuA54qWC5Bf3zyVRXNybmEkTruG_gxL5"
"s3://hcp-openaccess/HCP_1200/506234/MNINonLinear/Results/tfMRI_MOTOR/tfMRI_MOTOR_hp200_s4_level2.feat/GrayordinatesStats/cope26.feat/zstat1.dtseries.nii","506234","MNINonLinear//Results/tfMRI_MOTOR/tfMRI_MOTOR_hp200_s4_level2.feat/GrayordinatesStats/cope26.feat/zstat1.dtseries.nii","8qdj4S7CFSe6u0lOAmxTwoL09S21MOub"
"s3://hcp-openaccess/HCP_1200/506234/MNINonLinear/Results/tfMRI_MOTOR/tfMRI_MOTOR_hp200_s4_level2.feat/GrayordinatesStats/cope3.feat/cope1.dtseries.nii","506234","MNINonLinear//Results/tfMRI_MOTOR/tfMRI_MOTOR_hp200_s4_level2.feat/GrayordinatesStats/cope3.feat/cope1.dtseries.nii","sTN0t_lVBE.K2KmCcYUn6PVIwEtOnRwm"
"s3://hcp-openaccess/HCP_1200/506234/MNINonLinear/Results/tfMRI_MOTOR/tfMRI_MOTOR_hp200_s4_level2.feat/GrayordinatesStats/cope3.feat/logfile","506234","MNINonLinear//Results/tfMRI_MOTOR/tfMRI_MOTOR_hp200_s4_level2.feat/GrayordinatesStats/cope3.feat/logfile","HrkEWGYm0CKXJSChkD9IrcMYS3qtXHCQ"
"s3://hcp-openaccess/HCP_1200/506234/MNINonLinear/Results/tfMRI_MOTOR/tfMRI_MOTOR_hp200_s4_level2.feat/GrayordinatesStats/cope3.feat/mask.dtseries.nii","506234","MNINonLinear//Results/tfMRI_MOTOR/tfMRI_MOTOR_hp200_s4_level2.feat/GrayordinatesStats/cope3.feat/mask.dtseries.nii","but6hvpC3jssEAUA83DmVB.BiOH5xAb_"
"s3://hcp-openaccess/HCP_1200/506234/MNINonLinear/Results/tfMRI_MOTOR/tfMRI_MOTOR_hp200_s4_level2.feat/GrayordinatesStats/cope3.feat/mean_random_effects_var1.dtseries.nii","506234","MNINonLinear//Results/tfMRI_MOTOR/tfMRI_MOTOR_hp200_s4_level2.feat/GrayordinatesStats/cope3.feat/mean_random_effects_var1.dtseries.nii","m9xrr.SBqv_IrQbxGeYW9AvDGTESFBZB"
"s3://hcp-openaccess/HCP_1200/506234/MNINonLinear/Results/tfMRI_MOTOR/tfMRI_MOTOR_hp200_s4_level2.feat/GrayordinatesStats/cope3.feat/pe1.dtseries.nii","506234","MNINonLinear//Results/tfMRI_MOTOR/tfMRI_MOTOR_hp200_s4_level2.feat/GrayordinatesStats/cope3.feat/pe1.dtseries.nii","HihXl5VNO0Q3KIf0WDOKNcJjOsER082Y"
"s3://hcp-openaccess/HCP_1200/506234/MNINonLinear/Results/tfMRI_MOTOR/tfMRI_MOTOR_hp200_s4_level2.feat/GrayordinatesStats/cope3.feat/res4d.dtseries.nii","506234","MNINonLinear//Results/tfMRI_MOTOR/tfMRI_MOTOR_hp200_s4_level2.feat/GrayordinatesStats/cope3.feat/res4d.dtseries.nii","CsN47PAA8wAiucXhGprrN9rTbM1CBE9i"
"s3://hcp-openaccess/HCP_1200/506234/MNINonLinear/Results/tfMRI_MOTOR/tfMRI_MOTOR_hp200_s4_level2.feat/GrayordinatesStats/cope3.feat/tdof_t1.dtseries.nii","506234","MNINonLinear//Results/tfMRI_MOTOR/tfMRI_MOTOR_hp200_s4_level2.feat/GrayordinatesStats/cope3.feat/tdof_t1.dtseries.nii","9sMwVRnWklooRpvvEVppKMN51ATsp2Cw"
"s3://hcp-openaccess/HCP_1200/506234/MNINonLinear/Results/tfMRI_MOTOR/tfMRI_MOTOR_hp200_s4_level2.feat/GrayordinatesStats/cope3.feat/tstat1.dtseries.nii","506234","MNINonLinear//Results/tfMRI_MOTOR/tfMRI_MOTOR_hp200_s4_level2.feat/GrayordinatesStats/cope3.feat/tstat1.dtseries.nii","54zyhoJJ5cctE0Fe9OGE1YmUoUJ8dq07"
"s3://hcp-openaccess/HCP_1200/506234/MNINonLinear/Results/tfMRI_MOTOR/tfMRI_MOTOR_hp200_s4_level2.feat/GrayordinatesStats/cope3.feat/varcope1.dtseries.nii","506234","MNINonLinear//Results/tfMRI_MOTOR/tfMRI_MOTOR_hp200_s4_level2.feat/GrayordinatesStats/cope3.feat/varcope1.dtseries.nii","k9sHQFrOqExLjTKQ_QrsJsNJh_EC7UIR"
"s3://hcp-openaccess/HCP_1200/506234/MNINonLinear/Results/tfMRI_MOTOR/tfMRI_MOTOR_hp200_s4_level2.feat/GrayordinatesStats/cope3.feat/weights1.dtseries.nii","506234","MNINonLinear//Results/tfMRI_MOTOR/tfMRI_MOTOR_hp200_s4_level2.feat/GrayordinatesStats/cope3.feat/weights1.dtseries.nii","9zj9M25M0sjVF3SxCrMd9d7jYIBbLAUM"
"s3://hcp-openaccess/HCP_1200/506234/MNINonLinear/Results/tfMRI_MOTOR/tfMRI_MOTOR_hp200_s4_level2.feat/GrayordinatesStats/cope3.feat/zflame1lowertstat1.dtseries.nii","506234","MNINonLinear//Results/tfMRI_MOTOR/tfMRI_MOTOR_hp200_s4_level2.feat/GrayordinatesStats/cope3.feat/zflame1lowertstat1.dtseries.nii","lGJWnRdVd.VyNj6Am5_iA4sWuYOtqLUZ"
"s3://hcp-openaccess/HCP_1200/506234/MNINonLinear/Results/tfMRI_MOTOR/tfMRI_MOTOR_hp200_s4_level2.feat/GrayordinatesStats/cope3.feat/zflame1uppertstat1.dtseries.nii","506234","MNINonLinear//Results/tfMRI_MOTOR/tfMRI_MOTOR_hp200_s4_level2.feat/GrayordinatesStats/cope3.feat/zflame1uppertstat1.dtseries.nii","vY6CZhQmvk5hS2bh3Wnfdk_X1ZsyTpcy"
"s3://hcp-openaccess/HCP_1200/506234/MNINonLinear/Results/tfMRI_MOTOR/tfMRI_MOTOR_hp200_s4_level2.feat/GrayordinatesStats/cope3.feat/zstat1.dtseries.nii","506234","MNINonLinear//Results/tfMRI_MOTOR/tfMRI_MOTOR_hp200_s4_level2.feat/GrayordinatesStats/cope3.feat/zstat1.dtseries.nii","VDFy0q92ck1eL4DIN3WGhYTRAsRQjU7m"
"s3://hcp-openaccess/HCP_1200/506234/MNINonLinear/Results/tfMRI_MOTOR/tfMRI_MOTOR_hp200_s4_level2.feat/GrayordinatesStats/cope4.feat/cope1.dtseries.nii","506234","MNINonLinear//Results/tfMRI_MOTOR/tfMRI_MOTOR_hp200_s4_level2.feat/GrayordinatesStats/cope4.feat/cope1.dtseries.nii","FR1mjpkQek43dss0fO5iuseaczDjqB8J"
"s3://hcp-openaccess/HCP_1200/506234/MNINonLinear/Results/tfMRI_MOTOR/tfMRI_MOTOR_hp200_s4_level2.feat/GrayordinatesStats/cope4.feat/logfile","506234","MNINonLinear//Results/tfMRI_MOTOR/tfMRI_MOTOR_hp200_s4_level2.feat/GrayordinatesStats/cope4.feat/logfile","1GIvn_EObm7r_OQB6Grduey3UXsFQRIX"
"s3://hcp-openaccess/HCP_1200/506234/MNINonLinear/Results/tfMRI_MOTOR/tfMRI_MOTOR_hp200_s4_level2.feat/GrayordinatesStats/cope4.feat/mask.dtseries.nii","506234","MNINonLinear//Results/tfMRI_MOTOR/tfMRI_MOTOR_hp200_s4_level2.feat/GrayordinatesStats/cope4.feat/mask.dtseries.nii","NAyJCowiy8.VBbPIFaGKXlm9a4vT37_h"
"s3://hcp-openaccess/HCP_1200/506234/MNINonLinear/Results/tfMRI_MOTOR/tfMRI_MOTOR_hp200_s4_level2.feat/GrayordinatesStats/cope4.feat/mean_random_effects_var1.dtseries.nii","506234","MNINonLinear//Results/tfMRI_MOTOR/tfMRI_MOTOR_hp200_s4_level2.feat/GrayordinatesStats/cope4.feat/mean_random_effects_var1.dtseries.nii","i42N2gF8Nn50WLZhLAbx13HKCinV3Fej"
"s3://hcp-openaccess/HCP_1200/506234/MNINonLinear/Results/tfMRI_MOTOR/tfMRI_MOTOR_hp200_s4_level2.feat/GrayordinatesStats/cope4.feat/pe1.dtseries.nii","506234","MNINonLinear//Results/tfMRI_MOTOR/tfMRI_MOTOR_hp200_s4_level2.feat/GrayordinatesStats/cope4.feat/pe1.dtseries.nii","4zSVQaaBl8kG5VushSYn8XKcpodA0bk5"
"s3://hcp-openaccess/HCP_1200/506234/MNINonLinear/Results/tfMRI_MOTOR/tfMRI_MOTOR_hp200_s4_level2.feat/GrayordinatesStats/cope4.feat/res4d.dtseries.nii","506234","MNINonLinear//Results/tfMRI_MOTOR/tfMRI_MOTOR_hp200_s4_level2.feat/GrayordinatesStats/cope4.feat/res4d.dtseries.nii","F3QuZzYT5nngh1W6Nl5ge.t4E0YDgiGS"
"s3://hcp-openaccess/HCP_1200/506234/MNINonLinear/Results/tfMRI_MOTOR/tfMRI_MOTOR_hp200_s4_level2.feat/GrayordinatesStats/cope4.feat/tdof_t1.dtseries.nii","506234","MNINonLinear//Results/tfMRI_MOTOR/tfMRI_MOTOR_hp200_s4_level2.feat/GrayordinatesStats/cope4.feat/tdof_t1.dtseries.nii","2lLxLxl8EzUoGNXy.3sXjZTZb3ct3Orf"
"s3://hcp-openaccess/HCP_1200/506234/MNINonLinear/Results/tfMRI_MOTOR/tfMRI_MOTOR_hp200_s4_level2.feat/GrayordinatesStats/cope4.feat/tstat1.dtseries.nii","506234","MNINonLinear//Results/tfMRI_MOTOR/tfMRI_MOTOR_hp200_s4_level2.feat/GrayordinatesStats/cope4.feat/tstat1.dtseries.nii","hbv8FthG19VJUUbPTg0s1_lO46hCMlso"
"s3://hcp-openaccess/HCP_1200/506234/MNINonLinear/Results/tfMRI_MOTOR/tfMRI_MOTOR_hp200_s4_level2.feat/GrayordinatesStats/cope4.feat/varcope1.dtseries.nii","506234","MNINonLinear//Results/tfMRI_MOTOR/tfMRI_MOTOR_hp200_s4_level2.feat/GrayordinatesStats/cope4.feat/varcope1.dtseries.nii","53LcIjL0fv7nLgSL0xCEoPtJh3Z3_m6B"
"s3://hcp-openaccess/HCP_1200/506234/MNINonLinear/Results/tfMRI_MOTOR/tfMRI_MOTOR_hp200_s4_level2.feat/GrayordinatesStats/cope4.feat/weights1.dtseries.nii","506234","MNINonLinear//Results/tfMRI_MOTOR/tfMRI_MOTOR_hp200_s4_level2.feat/GrayordinatesStats/cope4.feat/weights1.dtseries.nii","sJcut41nbXQmhUV8sx5ZM57Oq8y0uN2t"
"s3://hcp-openaccess/HCP_1200/506234/MNINonLinear/Results/tfMRI_MOTOR/tfMRI_MOTOR_hp200_s4_level2.feat/GrayordinatesStats/cope4.feat/zflame1lowertstat1.dtseries.nii","506234","MNINonLinear//Results/tfMRI_MOTOR/tfMRI_MOTOR_hp200_s4_level2.feat/GrayordinatesStats/cope4.feat/zflame1lowertstat1.dtseries.nii","xDCTD69jqZJZ5pzwMJbIs4emNpaTBSrr"
"s3://hcp-openaccess/HCP_1200/506234/MNINonLinear/Results/tfMRI_MOTOR/tfMRI_MOTOR_hp200_s4_level2.feat/GrayordinatesStats/cope4.feat/zflame1uppertstat1.dtseries.nii","506234","MNINonLinear//Results/tfMRI_MOTOR/tfMRI_MOTOR_hp200_s4_level2.feat/GrayordinatesStats/cope4.feat/zflame1uppertstat1.dtseries.nii","PktS6YGuDuv_vU3DNxbpAvrLKYgewQqB"
"s3://hcp-openaccess/HCP_1200/506234/MNINonLinear/Results/tfMRI_MOTOR/tfMRI_MOTOR_hp200_s4_level2.feat/GrayordinatesStats/cope4.feat/zstat1.dtseries.nii","506234","MNINonLinear//Results/tfMRI_MOTOR/tfMRI_MOTOR_hp200_s4_level2.feat/GrayordinatesStats/cope4.feat/zstat1.dtseries.nii","xXPEo9DHXDxtsACwQsnsCJxggLy44Tjn"
"s3://hcp-openaccess/HCP_1200/506234/MNINonLinear/Results/tfMRI_MOTOR/tfMRI_MOTOR_hp200_s4_level2.feat/GrayordinatesStats/cope5.feat/cope1.dtseries.nii","506234","MNINonLinear//Results/tfMRI_MOTOR/tfMRI_MOTOR_hp200_s4_level2.feat/GrayordinatesStats/cope5.feat/cope1.dtseries.nii","XPPQYR.CGMR5E8wJzk0Aqb4J1MjscRdU"
"s3://hcp-openaccess/HCP_1200/506234/MNINonLinear/Results/tfMRI_MOTOR/tfMRI_MOTOR_hp200_s4_level2.feat/GrayordinatesStats/cope5.feat/logfile","506234","MNINonLinear//Results/tfMRI_MOTOR/tfMRI_MOTOR_hp200_s4_level2.feat/GrayordinatesStats/cope5.feat/logfile","lqwxbUBpAXe_MH4CZBCh6eB6pqPIUe9C"
"s3://hcp-openaccess/HCP_1200/506234/MNINonLinear/Results/tfMRI_MOTOR/tfMRI_MOTOR_hp200_s4_level2.feat/GrayordinatesStats/cope5.feat/mask.dtseries.nii","506234","MNINonLinear//Results/tfMRI_MOTOR/tfMRI_MOTOR_hp200_s4_level2.feat/GrayordinatesStats/cope5.feat/mask.dtseries.nii","K9SnVoDQRKPBuhi.y0YwIR.e54mRR8kr"
"s3://hcp-openaccess/HCP_1200/506234/MNINonLinear/Results/tfMRI_MOTOR/tfMRI_MOTOR_hp200_s4_level2.feat/GrayordinatesStats/cope5.feat/mean_random_effects_var1.dtseries.nii","506234","MNINonLinear//Results/tfMRI_MOTOR/tfMRI_MOTOR_hp200_s4_level2.feat/GrayordinatesStats/cope5.feat/mean_random_effects_var1.dtseries.nii","UUGJSmtQmBfw9n.olw5VWPylBVhFu5hl"
"s3://hcp-openaccess/HCP_1200/506234/MNINonLinear/Results/tfMRI_MOTOR/tfMRI_MOTOR_hp200_s4_level2.feat/GrayordinatesStats/cope5.feat/pe1.dtseries.nii","506234","MNINonLinear//Results/tfMRI_MOTOR/tfMRI_MOTOR_hp200_s4_level2.feat/GrayordinatesStats/cope5.feat/pe1.dtseries.nii","m9z8WNM620wgP3TFJSbITvTUS.JJnvv_"
"s3://hcp-openaccess/HCP_1200/506234/MNINonLinear/Results/tfMRI_MOTOR/tfMRI_MOTOR_hp200_s4_level2.feat/GrayordinatesStats/cope5.feat/res4d.dtseries.nii","506234","MNINonLinear//Results/tfMRI_MOTOR/tfMRI_MOTOR_hp200_s4_level2.feat/GrayordinatesStats/cope5.feat/res4d.dtseries.nii","OR6Rm_pRI5EniBQeYTURViUa.bUpSJpu"
"s3://hcp-openaccess/HCP_1200/506234/MNINonLinear/Results/tfMRI_MOTOR/tfMRI_MOTOR_hp200_s4_level2.feat/GrayordinatesStats/cope5.feat/tdof_t1.dtseries.nii","506234","MNINonLinear//Results/tfMRI_MOTOR/tfMRI_MOTOR_hp200_s4_level2.feat/GrayordinatesStats/cope5.feat/tdof_t1.dtseries.nii","N..0oeVSwr9dh.NV_XO0mU13HOHDot1c"
"s3://hcp-openaccess/HCP_1200/506234/MNINonLinear/Results/tfMRI_MOTOR/tfMRI_MOTOR_hp200_s4_level2.feat/GrayordinatesStats/cope5.feat/tstat1.dtseries.nii","506234","MNINonLinear//Results/tfMRI_MOTOR/tfMRI_MOTOR_hp200_s4_level2.feat/GrayordinatesStats/cope5.feat/tstat1.dtseries.nii","QRBPKTGwPHNUXqGcwotV.g6xej7fE8ue"
"s3://hcp-openaccess/HCP_1200/506234/MNINonLinear/Results/tfMRI_MOTOR/tfMRI_MOTOR_hp200_s4_level2.feat/GrayordinatesStats/cope5.feat/varcope1.dtseries.nii","506234","MNINonLinear//Results/tfMRI_MOTOR/tfMRI_MOTOR_hp200_s4_level2.feat/GrayordinatesStats/cope5.feat/varcope1.dtseries.nii","bbymeDHMSabv35oNMLtYjJC7Rdm8AAQZ"
"s3://hcp-openaccess/HCP_1200/506234/MNINonLinear/Results/tfMRI_MOTOR/tfMRI_MOTOR_hp200_s4_level2.feat/GrayordinatesStats/cope5.feat/weights1.dtseries.nii","506234","MNINonLinear//Results/tfMRI_MOTOR/tfMRI_MOTOR_hp200_s4_level2.feat/GrayordinatesStats/cope5.feat/weights1.dtseries.nii","99NePSbG7DuOI8mhi2I0VDX2D3bF.KTJ"
"s3://hcp-openaccess/HCP_1200/506234/MNINonLinear/Results/tfMRI_MOTOR/tfMRI_MOTOR_hp200_s4_level2.feat/GrayordinatesStats/cope5.feat/zflame1lowertstat1.dtseries.nii","506234","MNINonLinear//Results/tfMRI_MOTOR/tfMRI_MOTOR_hp200_s4_level2.feat/GrayordinatesStats/cope5.feat/zflame1lowertstat1.dtseries.nii","rCzSMRFxifFydZF3FXO967cZmCWs5L8X"
"s3://hcp-openaccess/HCP_1200/506234/MNINonLinear/Results/tfMRI_MOTOR/tfMRI_MOTOR_hp200_s4_level2.feat/GrayordinatesStats/cope5.feat/zflame1uppertstat1.dtseries.nii","506234","MNINonLinear//Results/tfMRI_MOTOR/tfMRI_MOTOR_hp200_s4_level2.feat/GrayordinatesStats/cope5.feat/zflame1uppertstat1.dtseries.nii","6o8dg5ufXjiLt.1YvW5NcVeePk5oULjd"
"s3://hcp-openaccess/HCP_1200/506234/MNINonLinear/Results/tfMRI_MOTOR/tfMRI_MOTOR_hp200_s4_level2.feat/GrayordinatesStats/cope5.feat/zstat1.dtseries.nii","506234","MNINonLinear//Results/tfMRI_MOTOR/tfMRI_MOTOR_hp200_s4_level2.feat/GrayordinatesStats/cope5.feat/zstat1.dtseries.nii","haMdH085r1DAvUw1lqjYn_xoE9BPRjHj"
"s3://hcp-openaccess/HCP_1200/506234/MNINonLinear/Results/tfMRI_MOTOR/tfMRI_MOTOR_hp200_s4_level2.feat/GrayordinatesStats/cope6.feat/cope1.dtseries.nii","506234","MNINonLinear//Results/tfMRI_MOTOR/tfMRI_MOTOR_hp200_s4_level2.feat/GrayordinatesStats/cope6.feat/cope1.dtseries.nii","p2XE2.bbqq32Kc8OSDmCXa8eXBlu48vR"
"s3://hcp-openaccess/HCP_1200/506234/MNINonLinear/Results/tfMRI_MOTOR/tfMRI_MOTOR_hp200_s4_level2.feat/GrayordinatesStats/cope6.feat/logfile","506234","MNINonLinear//Results/tfMRI_MOTOR/tfMRI_MOTOR_hp200_s4_level2.feat/GrayordinatesStats/cope6.feat/logfile",".iU1q.a1VjS2vQalpceSqqncA86RIfP2"
"s3://hcp-openaccess/HCP_1200/506234/MNINonLinear/Results/tfMRI_MOTOR/tfMRI_MOTOR_hp200_s4_level2.feat/GrayordinatesStats/cope6.feat/mask.dtseries.nii","506234","MNINonLinear//Results/tfMRI_MOTOR/tfMRI_MOTOR_hp200_s4_level2.feat/GrayordinatesStats/cope6.feat/mask.dtseries.nii","WHHFyKPie0IkOck1GTqKm3FloFZoYPYY"
"s3://hcp-openaccess/HCP_1200/506234/MNINonLinear/Results/tfMRI_MOTOR/tfMRI_MOTOR_hp200_s4_level2.feat/GrayordinatesStats/cope6.feat/mean_random_effects_var1.dtseries.nii","506234","MNINonLinear//Results/tfMRI_MOTOR/tfMRI_MOTOR_hp200_s4_level2.feat/GrayordinatesStats/cope6.feat/mean_random_effects_var1.dtseries.nii","e3Ec3VEnZcXlkHsgZ4e4ipzuC.1JOsbq"
"s3://hcp-openaccess/HCP_1200/506234/MNINonLinear/Results/tfMRI_MOTOR/tfMRI_MOTOR_hp200_s4_level2.feat/GrayordinatesStats/cope6.feat/pe1.dtseries.nii","506234","MNINonLinear//Results/tfMRI_MOTOR/tfMRI_MOTOR_hp200_s4_level2.feat/GrayordinatesStats/cope6.feat/pe1.dtseries.nii","CWZJlY50zpF0zXgV0buWC_iqCpZesP_c"
"s3://hcp-openaccess/HCP_1200/506234/MNINonLinear/Results/tfMRI_MOTOR/tfMRI_MOTOR_hp200_s4_level2.feat/GrayordinatesStats/cope6.feat/res4d.dtseries.nii","506234","MNINonLinear//Results/tfMRI_MOTOR/tfMRI_MOTOR_hp200_s4_level2.feat/GrayordinatesStats/cope6.feat/res4d.dtseries.nii","0iMte8D9VRxqo84jhRbRSs0lAyLlodX6"
"s3://hcp-openaccess/HCP_1200/506234/MNINonLinear/Results/tfMRI_MOTOR/tfMRI_MOTOR_hp200_s4_level2.feat/GrayordinatesStats/cope6.feat/tdof_t1.dtseries.nii","506234","MNINonLinear//Results/tfMRI_MOTOR/tfMRI_MOTOR_hp200_s4_level2.feat/GrayordinatesStats/cope6.feat/tdof_t1.dtseries.nii","3xRt2it7XRiqXql4llSxUJecyKvsll7x"
"s3://hcp-openaccess/HCP_1200/506234/MNINonLinear/Results/tfMRI_MOTOR/tfMRI_MOTOR_hp200_s4_level2.feat/GrayordinatesStats/cope6.feat/tstat1.dtseries.nii","506234","MNINonLinear//Results/tfMRI_MOTOR/tfMRI_MOTOR_hp200_s4_level2.feat/GrayordinatesStats/cope6.feat/tstat1.dtseries.nii","l1.zzQ1J9hs4W9zHrpoJeljiUPpG1H2V"
"s3://hcp-openaccess/HCP_1200/506234/MNINonLinear/Results/tfMRI_MOTOR/tfMRI_MOTOR_hp200_s4_level2.feat/GrayordinatesStats/cope6.feat/varcope1.dtseries.nii","506234","MNINonLinear//Results/tfMRI_MOTOR/tfMRI_MOTOR_hp200_s4_level2.feat/GrayordinatesStats/cope6.feat/varcope1.dtseries.nii","Oyf7NsYmreXn1MqapU7ASa3JiICOFc1q"
"s3://hcp-openaccess/HCP_1200/506234/MNINonLinear/Results/tfMRI_MOTOR/tfMRI_MOTOR_hp200_s4_level2.feat/GrayordinatesStats/cope6.feat/weights1.dtseries.nii","506234","MNINonLinear//Results/tfMRI_MOTOR/tfMRI_MOTOR_hp200_s4_level2.feat/GrayordinatesStats/cope6.feat/weights1.dtseries.nii","Z6bc0b9zPYBl4lbb32yclqGsi0txzhL."
"s3://hcp-openaccess/HCP_1200/506234/MNINonLinear/Results/tfMRI_MOTOR/tfMRI_MOTOR_hp200_s4_level2.feat/GrayordinatesStats/cope6.feat/zflame1lowertstat1.dtseries.nii","506234","MNINonLinear//Results/tfMRI_MOTOR/tfMRI_MOTOR_hp200_s4_level2.feat/GrayordinatesStats/cope6.feat/zflame1lowertstat1.dtseries.nii","wJ04y75O98SpmIhot5dge1zI0nlGAFCv"
"s3://hcp-openaccess/HCP_1200/506234/MNINonLinear/Results/tfMRI_MOTOR/tfMRI_MOTOR_hp200_s4_level2.feat/GrayordinatesStats/cope6.feat/zflame1uppertstat1.dtseries.nii","506234","MNINonLinear//Results/tfMRI_MOTOR/tfMRI_MOTOR_hp200_s4_level2.feat/GrayordinatesStats/cope6.feat/zflame1uppertstat1.dtseries.nii","l2DvRJCLOK8_lt7OFl98hrOVB6iDR0xE"
"s3://hcp-openaccess/HCP_1200/506234/MNINonLinear/Results/tfMRI_MOTOR/tfMRI_MOTOR_hp200_s4_level2.feat/GrayordinatesStats/cope6.feat/zstat1.dtseries.nii","506234","MNINonLinear//Results/tfMRI_MOTOR/tfMRI_MOTOR_hp200_s4_level2.feat/GrayordinatesStats/cope6.feat/zstat1.dtseries.nii","wr4Z1u2MiFlDiBZhVeGY5PBZyGpr44SD"
"s3://hcp-openaccess/HCP_1200/506234/MNINonLinear/Results/tfMRI_MOTOR/tfMRI_MOTOR_hp200_s4_level2.feat/GrayordinatesStats/cope7.feat/cope1.dtseries.nii","506234","MNINonLinear//Results/tfMRI_MOTOR/tfMRI_MOTOR_hp200_s4_level2.feat/GrayordinatesStats/cope7.feat/cope1.dtseries.nii","iYR3mxSanRWr3aLTNQ3wl4OwQJpK9u_d"
"s3://hcp-openaccess/HCP_1200/506234/MNINonLinear/Results/tfMRI_MOTOR/tfMRI_MOTOR_hp200_s4_level2.feat/GrayordinatesStats/cope7.feat/logfile","506234","MNINonLinear//Results/tfMRI_MOTOR/tfMRI_MOTOR_hp200_s4_level2.feat/GrayordinatesStats/cope7.feat/logfile","NafEsgOIFA8F43xPQ0328L1Bw3IDBaRu"
"s3://hcp-openaccess/HCP_1200/506234/MNINonLinear/Results/tfMRI_MOTOR/tfMRI_MOTOR_hp200_s4_level2.feat/GrayordinatesStats/cope7.feat/mask.dtseries.nii","506234","MNINonLinear//Results/tfMRI_MOTOR/tfMRI_MOTOR_hp200_s4_level2.feat/GrayordinatesStats/cope7.feat/mask.dtseries.nii","TMFv30x88SZpmyDhV_bQi34ySQi1nU3B"
"s3://hcp-openaccess/HCP_1200/506234/MNINonLinear/Results/tfMRI_MOTOR/tfMRI_MOTOR_hp200_s4_level2.feat/GrayordinatesStats/cope7.feat/mean_random_effects_var1.dtseries.nii","506234","MNINonLinear//Results/tfMRI_MOTOR/tfMRI_MOTOR_hp200_s4_level2.feat/GrayordinatesStats/cope7.feat/mean_random_effects_var1.dtseries.nii","idt42JpLwHubBWcsOO3WAFDVP1diyRcN"
"s3://hcp-openaccess/HCP_1200/506234/MNINonLinear/Results/tfMRI_MOTOR/tfMRI_MOTOR_hp200_s4_level2.feat/GrayordinatesStats/cope7.feat/pe1.dtseries.nii","506234","MNINonLinear//Results/tfMRI_MOTOR/tfMRI_MOTOR_hp200_s4_level2.feat/GrayordinatesStats/cope7.feat/pe1.dtseries.nii","fInVmo3pWp3GbT4jBZi_40LS8pKL9qCx"
"s3://hcp-openaccess/HCP_1200/506234/MNINonLinear/Results/tfMRI_MOTOR/tfMRI_MOTOR_hp200_s4_level2.feat/GrayordinatesStats/cope7.feat/res4d.dtseries.nii","506234","MNINonLinear//Results/tfMRI_MOTOR/tfMRI_MOTOR_hp200_s4_level2.feat/GrayordinatesStats/cope7.feat/res4d.dtseries.nii","NepvDRbhGX6mhlVHOHsTxyocIPU89vRs"
"s3://hcp-openaccess/HCP_1200/506234/MNINonLinear/Results/tfMRI_MOTOR/tfMRI_MOTOR_hp200_s4_level2.feat/GrayordinatesStats/cope7.feat/tdof_t1.dtseries.nii","506234","MNINonLinear//Results/tfMRI_MOTOR/tfMRI_MOTOR_hp200_s4_level2.feat/GrayordinatesStats/cope7.feat/tdof_t1.dtseries.nii","UIFCnEi6otOujl1G1p0bXEmxzd.7aElE"
"s3://hcp-openaccess/HCP_1200/506234/MNINonLinear/Results/tfMRI_MOTOR/tfMRI_MOTOR_hp200_s4_level2.feat/GrayordinatesStats/cope7.feat/tstat1.dtseries.nii","506234","MNINonLinear//Results/tfMRI_MOTOR/tfMRI_MOTOR_hp200_s4_level2.feat/GrayordinatesStats/cope7.feat/tstat1.dtseries.nii","zj9BDVyrKvxu5Km1RMTaueTokykWKII5"
"s3://hcp-openaccess/HCP_1200/506234/MNINonLinear/Results/tfMRI_MOTOR/tfMRI_MOTOR_hp200_s4_level2.feat/GrayordinatesStats/cope7.feat/varcope1.dtseries.nii","506234","MNINonLinear//Results/tfMRI_MOTOR/tfMRI_MOTOR_hp200_s4_level2.feat/GrayordinatesStats/cope7.feat/varcope1.dtseries.nii","9ipmmKIN1IxPs_bj4Cqu58axWKCzZB.5"
"s3://hcp-openaccess/HCP_1200/506234/MNINonLinear/Results/tfMRI_MOTOR/tfMRI_MOTOR_hp200_s4_level2.feat/GrayordinatesStats/cope7.feat/weights1.dtseries.nii","506234","MNINonLinear//Results/tfMRI_MOTOR/tfMRI_MOTOR_hp200_s4_level2.feat/GrayordinatesStats/cope7.feat/weights1.dtseries.nii","JnwKuBPMVC9t5iNtgZDUv803zI4LdzgT"
"s3://hcp-openaccess/HCP_1200/506234/MNINonLinear/Results/tfMRI_MOTOR/tfMRI_MOTOR_hp200_s4_level2.feat/GrayordinatesStats/cope7.feat/zflame1lowertstat1.dtseries.nii","506234","MNINonLinear//Results/tfMRI_MOTOR/tfMRI_MOTOR_hp200_s4_level2.feat/GrayordinatesStats/cope7.feat/zflame1lowertstat1.dtseries.nii","GtIg2GkuEY8kIsLu1Dxpm5YiM0EvrL2v"
"s3://hcp-openaccess/HCP_1200/506234/MNINonLinear/Results/tfMRI_MOTOR/tfMRI_MOTOR_hp200_s4_level2.feat/GrayordinatesStats/cope7.feat/zflame1uppertstat1.dtseries.nii","506234","MNINonLinear//Results/tfMRI_MOTOR/tfMRI_MOTOR_hp200_s4_level2.feat/GrayordinatesStats/cope7.feat/zflame1uppertstat1.dtseries.nii","UdHLbMUCu01JowrsAMsfrO6WA72ZPSXv"
"s3://hcp-openaccess/HCP_1200/506234/MNINonLinear/Results/tfMRI_MOTOR/tfMRI_MOTOR_hp200_s4_level2.feat/GrayordinatesStats/cope7.feat/zstat1.dtseries.nii","506234","MNINonLinear//Results/tfMRI_MOTOR/tfMRI_MOTOR_hp200_s4_level2.feat/GrayordinatesStats/cope7.feat/zstat1.dtseries.nii","mgBdNHCWs34PdzeT22MEcrfxWO5s.F4H"
"s3://hcp-openaccess/HCP_1200/506234/MNINonLinear/Results/tfMRI_MOTOR/tfMRI_MOTOR_hp200_s4_level2.feat/GrayordinatesStats/cope8.feat/cope1.dtseries.nii","506234","MNINonLinear//Results/tfMRI_MOTOR/tfMRI_MOTOR_hp200_s4_level2.feat/GrayordinatesStats/cope8.feat/cope1.dtseries.nii","qygbo9mBbKIktutVkI0mKk089YsDijhX"
"s3://hcp-openaccess/HCP_1200/506234/MNINonLinear/Results/tfMRI_MOTOR/tfMRI_MOTOR_hp200_s4_level2.feat/GrayordinatesStats/cope8.feat/logfile","506234","MNINonLinear//Results/tfMRI_MOTOR/tfMRI_MOTOR_hp200_s4_level2.feat/GrayordinatesStats/cope8.feat/logfile","pJdduBuYBaXeESjMvenuQJAY2hOv8hfY"
"s3://hcp-openaccess/HCP_1200/506234/MNINonLinear/Results/tfMRI_MOTOR/tfMRI_MOTOR_hp200_s4_level2.feat/GrayordinatesStats/cope8.feat/mask.dtseries.nii","506234","MNINonLinear//Results/tfMRI_MOTOR/tfMRI_MOTOR_hp200_s4_level2.feat/GrayordinatesStats/cope8.feat/mask.dtseries.nii","BVOwKSQec_q3wxGeF1VpnCh_ZSrMTPjL"
"s3://hcp-openaccess/HCP_1200/506234/MNINonLinear/Results/tfMRI_MOTOR/tfMRI_MOTOR_hp200_s4_level2.feat/GrayordinatesStats/cope8.feat/mean_random_effects_var1.dtseries.nii","506234","MNINonLinear//Results/tfMRI_MOTOR/tfMRI_MOTOR_hp200_s4_level2.feat/GrayordinatesStats/cope8.feat/mean_random_effects_var1.dtseries.nii","E07_q3FsPOZcSftag6ur7NMPrIYF6IDk"
"s3://hcp-openaccess/HCP_1200/506234/MNINonLinear/Results/tfMRI_MOTOR/tfMRI_MOTOR_hp200_s4_level2.feat/GrayordinatesStats/cope8.feat/pe1.dtseries.nii","506234","MNINonLinear//Results/tfMRI_MOTOR/tfMRI_MOTOR_hp200_s4_level2.feat/GrayordinatesStats/cope8.feat/pe1.dtseries.nii","rzpJYcWbvb2jHMcm5rAjMrhgydVm0RXG"
"s3://hcp-openaccess/HCP_1200/506234/MNINonLinear/Results/tfMRI_MOTOR/tfMRI_MOTOR_hp200_s4_level2.feat/GrayordinatesStats/cope8.feat/res4d.dtseries.nii","506234","MNINonLinear//Results/tfMRI_MOTOR/tfMRI_MOTOR_hp200_s4_level2.feat/GrayordinatesStats/cope8.feat/res4d.dtseries.nii","325iavNTD4RQ6ATZmdUvB6Z9usBWVrbe"
"s3://hcp-openaccess/HCP_1200/506234/MNINonLinear/Results/tfMRI_MOTOR/tfMRI_MOTOR_hp200_s4_level2.feat/GrayordinatesStats/cope8.feat/tdof_t1.dtseries.nii","506234","MNINonLinear//Results/tfMRI_MOTOR/tfMRI_MOTOR_hp200_s4_level2.feat/GrayordinatesStats/cope8.feat/tdof_t1.dtseries.nii","sLThjGejwiUy_Oc3tMHediIFihJ4zkIt"
"s3://hcp-openaccess/HCP_1200/506234/MNINonLinear/Results/tfMRI_MOTOR/tfMRI_MOTOR_hp200_s4_level2.feat/GrayordinatesStats/cope8.feat/tstat1.dtseries.nii","506234","MNINonLinear//Results/tfMRI_MOTOR/tfMRI_MOTOR_hp200_s4_level2.feat/GrayordinatesStats/cope8.feat/tstat1.dtseries.nii","1QOCs1K2atGfiMjDK8FdM.Q93SoY33At"
"s3://hcp-openaccess/HCP_1200/506234/MNINonLinear/Results/tfMRI_MOTOR/tfMRI_MOTOR_hp200_s4_level2.feat/GrayordinatesStats/cope8.feat/varcope1.dtseries.nii","506234","MNINonLinear//Results/tfMRI_MOTOR/tfMRI_MOTOR_hp200_s4_level2.feat/GrayordinatesStats/cope8.feat/varcope1.dtseries.nii","rgNjj0FX_Z56bnidjGywgbTC7OneFHT0"
"s3://hcp-openaccess/HCP_1200/506234/MNINonLinear/Results/tfMRI_MOTOR/tfMRI_MOTOR_hp200_s4_level2.feat/GrayordinatesStats/cope8.feat/weights1.dtseries.nii","506234","MNINonLinear//Results/tfMRI_MOTOR/tfMRI_MOTOR_hp200_s4_level2.feat/GrayordinatesStats/cope8.feat/weights1.dtseries.nii","9KF6_PwxZORxsc9Ehsjc4YBgQSx0E17J"
"s3://hcp-openaccess/HCP_1200/506234/MNINonLinear/Results/tfMRI_MOTOR/tfMRI_MOTOR_hp200_s4_level2.feat/GrayordinatesStats/cope8.feat/zflame1lowertstat1.dtseries.nii","506234","MNINonLinear//Results/tfMRI_MOTOR/tfMRI_MOTOR_hp200_s4_level2.feat/GrayordinatesStats/cope8.feat/zflame1lowertstat1.dtseries.nii","Dh.7FspQiTLEJEyP1sGXa7xk7M0LmxWg"
"s3://hcp-openaccess/HCP_1200/506234/MNINonLinear/Results/tfMRI_MOTOR/tfMRI_MOTOR_hp200_s4_level2.feat/GrayordinatesStats/cope8.feat/zflame1uppertstat1.dtseries.nii","506234","MNINonLinear//Results/tfMRI_MOTOR/tfMRI_MOTOR_hp200_s4_level2.feat/GrayordinatesStats/cope8.feat/zflame1uppertstat1.dtseries.nii","GbLF6z7LcyLowNvZ4VPgFGUqGCxxFRH."
"s3://hcp-openaccess/HCP_1200/506234/MNINonLinear/Results/tfMRI_MOTOR/tfMRI_MOTOR_hp200_s4_level2.feat/GrayordinatesStats/cope8.feat/zstat1.dtseries.nii","506234","MNINonLinear//Results/tfMRI_MOTOR/tfMRI_MOTOR_hp200_s4_level2.feat/GrayordinatesStats/cope8.feat/zstat1.dtseries.nii","dDTLu8oy7uPTAv.SHQi728NEnRls7yX3"
"s3://hcp-openaccess/HCP_1200/506234/MNINonLinear/Results/tfMRI_MOTOR/tfMRI_MOTOR_hp200_s4_level2.feat/GrayordinatesStats/cope9.feat/cope1.dtseries.nii","506234","MNINonLinear//Results/tfMRI_MOTOR/tfMRI_MOTOR_hp200_s4_level2.feat/GrayordinatesStats/cope9.feat/cope1.dtseries.nii","1GXYXJI1cx_M1OtOxo_kwL5GaIIDePho"
"s3://hcp-openaccess/HCP_1200/506234/MNINonLinear/Results/tfMRI_MOTOR/tfMRI_MOTOR_hp200_s4_level2.feat/GrayordinatesStats/cope9.feat/logfile","506234","MNINonLinear//Results/tfMRI_MOTOR/tfMRI_MOTOR_hp200_s4_level2.feat/GrayordinatesStats/cope9.feat/logfile","jXdmDDGHtfscbkwMKuz7yxJ1hzac9qdk"
"s3://hcp-openaccess/HCP_1200/506234/MNINonLinear/Results/tfMRI_MOTOR/tfMRI_MOTOR_hp200_s4_level2.feat/GrayordinatesStats/cope9.feat/mask.dtseries.nii","506234","MNINonLinear//Results/tfMRI_MOTOR/tfMRI_MOTOR_hp200_s4_level2.feat/GrayordinatesStats/cope9.feat/mask.dtseries.nii","qo6rE6jduqKET.WLHFd4lge88huZ66U8"
"s3://hcp-openaccess/HCP_1200/506234/MNINonLinear/Results/tfMRI_MOTOR/tfMRI_MOTOR_hp200_s4_level2.feat/GrayordinatesStats/cope9.feat/mean_random_effects_var1.dtseries.nii","506234","MNINonLinear//Results/tfMRI_MOTOR/tfMRI_MOTOR_hp200_s4_level2.feat/GrayordinatesStats/cope9.feat/mean_random_effects_var1.dtseries.nii","9JNLPL8RiKc2lpEmRDaEo5DqnDWk_okP"
"s3://hcp-openaccess/HCP_1200/506234/MNINonLinear/Results/tfMRI_MOTOR/tfMRI_MOTOR_hp200_s4_level2.feat/GrayordinatesStats/cope9.feat/pe1.dtseries.nii","506234","MNINonLinear//Results/tfMRI_MOTOR/tfMRI_MOTOR_hp200_s4_level2.feat/GrayordinatesStats/cope9.feat/pe1.dtseries.nii","O.YL61lmAy._YIFfoZb.yLicpmB3SJBB"
"s3://hcp-openaccess/HCP_1200/506234/MNINonLinear/Results/tfMRI_MOTOR/tfMRI_MOTOR_hp200_s4_level2.feat/GrayordinatesStats/cope9.feat/res4d.dtseries.nii","506234","MNINonLinear//Results/tfMRI_MOTOR/tfMRI_MOTOR_hp200_s4_level2.feat/GrayordinatesStats/cope9.feat/res4d.dtseries.nii","BER3kClNdUMgOTMovE4OhWLyNI7Xmxi9"
"s3://hcp-openaccess/HCP_1200/506234/MNINonLinear/Results/tfMRI_MOTOR/tfMRI_MOTOR_hp200_s4_level2.feat/GrayordinatesStats/cope9.feat/tdof_t1.dtseries.nii","506234","MNINonLinear//Results/tfMRI_MOTOR/tfMRI_MOTOR_hp200_s4_level2.feat/GrayordinatesStats/cope9.feat/tdof_t1.dtseries.nii","Z.DBu8eMs75RFtfvf8yj0QW00DoHD1Hm"
"s3://hcp-openaccess/HCP_1200/506234/MNINonLinear/Results/tfMRI_MOTOR/tfMRI_MOTOR_hp200_s4_level2.feat/GrayordinatesStats/cope9.feat/tstat1.dtseries.nii","506234","MNINonLinear//Results/tfMRI_MOTOR/tfMRI_MOTOR_hp200_s4_level2.feat/GrayordinatesStats/cope9.feat/tstat1.dtseries.nii","dZYRk2iCisGKYxx4wInaFIsi3eiy6i.S"
"s3://hcp-openaccess/HCP_1200/506234/MNINonLinear/Results/tfMRI_MOTOR/tfMRI_MOTOR_hp200_s4_level2.feat/GrayordinatesStats/cope9.feat/varcope1.dtseries.nii","506234","MNINonLinear//Results/tfMRI_MOTOR/tfMRI_MOTOR_hp200_s4_level2.feat/GrayordinatesStats/cope9.feat/varcope1.dtseries.nii","D6_2FhDOmKgZZWPtmbLBAoobicjsaKTM"
"s3://hcp-openaccess/HCP_1200/506234/MNINonLinear/Results/tfMRI_MOTOR/tfMRI_MOTOR_hp200_s4_level2.feat/GrayordinatesStats/cope9.feat/weights1.dtseries.nii","506234","MNINonLinear//Results/tfMRI_MOTOR/tfMRI_MOTOR_hp200_s4_level2.feat/GrayordinatesStats/cope9.feat/weights1.dtseries.nii","WalDHd0NgKqBA0tKLUrE2cnfQDyvsuWb"
"s3://hcp-openaccess/HCP_1200/506234/MNINonLinear/Results/tfMRI_MOTOR/tfMRI_MOTOR_hp200_s4_level2.feat/GrayordinatesStats/cope9.feat/zflame1lowertstat1.dtseries.nii","506234","MNINonLinear//Results/tfMRI_MOTOR/tfMRI_MOTOR_hp200_s4_level2.feat/GrayordinatesStats/cope9.feat/zflame1lowertstat1.dtseries.nii","eJcfKCRKdbp53OIrpVa7og84DRR9v3nr"
"s3://hcp-openaccess/HCP_1200/506234/MNINonLinear/Results/tfMRI_MOTOR/tfMRI_MOTOR_hp200_s4_level2.feat/GrayordinatesStats/cope9.feat/zflame1uppertstat1.dtseries.nii","506234","MNINonLinear//Results/tfMRI_MOTOR/tfMRI_MOTOR_hp200_s4_level2.feat/GrayordinatesStats/cope9.feat/zflame1uppertstat1.dtseries.nii","ai6fauKoOzhamDc4dqo_SwJVFSXTsvPz"
"s3://hcp-openaccess/HCP_1200/506234/MNINonLinear/Results/tfMRI_MOTOR/tfMRI_MOTOR_hp200_s4_level2.feat/GrayordinatesStats/cope9.feat/zstat1.dtseries.nii","506234","MNINonLinear//Results/tfMRI_MOTOR/tfMRI_MOTOR_hp200_s4_level2.feat/GrayordinatesStats/cope9.feat/zstat1.dtseries.nii","_u6COZdCBCI_TxNKTlodu2I7ZXGRb3ot"
"s3://hcp-openaccess/HCP_1200/506234/MNINonLinear/Results/tfMRI_MOTOR/tfMRI_MOTOR_hp200_s4_level2.feat/design.con","506234","MNINonLinear//Results/tfMRI_MOTOR/tfMRI_MOTOR_hp200_s4_level2.feat/design.con","HkJXPIApIKmhPrk78AXkqXYWNj0Rc1nH"
"s3://hcp-openaccess/HCP_1200/506234/MNINonLinear/Results/tfMRI_MOTOR/tfMRI_MOTOR_hp200_s4_level2.feat/design.fsf","506234","MNINonLinear//Results/tfMRI_MOTOR/tfMRI_MOTOR_hp200_s4_level2.feat/design.fsf","BZeJrUiQY7iJ0fR60GcFP.Qlm3YOfz71"
"s3://hcp-openaccess/HCP_1200/506234/MNINonLinear/Results/tfMRI_MOTOR/tfMRI_MOTOR_hp200_s4_level2.feat/design.grp","506234","MNINonLinear//Results/tfMRI_MOTOR/tfMRI_MOTOR_hp200_s4_level2.feat/design.grp","7M2eErMCPN.OlZm7t7OdgKSbzWitlRR1"
"s3://hcp-openaccess/HCP_1200/506234/MNINonLinear/Results/tfMRI_MOTOR/tfMRI_MOTOR_hp200_s4_level2.feat/design.mat","506234","MNINonLinear//Results/tfMRI_MOTOR/tfMRI_MOTOR_hp200_s4_level2.feat/design.mat","nrLSNX3MByj2.xcQPTYpv0HfLBWYRAyF"
"s3://hcp-openaccess/HCP_1200/506234/MNINonLinear/Results/tfMRI_MOTOR/tfMRI_MOTOR_hp200_s4_level2.feat/design.png","506234","MNINonLinear//Results/tfMRI_MOTOR/tfMRI_MOTOR_hp200_s4_level2.feat/design.png","1NBv9P.yjeAg8GMrKKTML_7UUr9nrb2P"
"s3://hcp-openaccess/HCP_1200/506234/MNINonLinear/Results/tfMRI_MOTOR/tfMRI_MOTOR_hp200_s4_level2.feat/design.ppm","506234","MNINonLinear//Results/tfMRI_MOTOR/tfMRI_MOTOR_hp200_s4_level2.feat/design.ppm","UAdxcDnrmE9aYXlexiZjgnyWQ5q7baPH"
"s3://hcp-openaccess/HCP_1200/506234/MNINonLinear/Results/tfMRI_MOTOR/tfMRI_MOTOR_hp200_s4_level2.feat/design_cov.png","506234","MNINonLinear//Results/tfMRI_MOTOR/tfMRI_MOTOR_hp200_s4_level2.feat/design_cov.png","fGwA65mR492oSo08qX71jqDgFLxsoRFu"
"s3://hcp-openaccess/HCP_1200/506234/MNINonLinear/Results/tfMRI_MOTOR/tfMRI_MOTOR_hp200_s4_level2.feat/design_cov.ppm","506234","MNINonLinear//Results/tfMRI_MOTOR/tfMRI_MOTOR_hp200_s4_level2.feat/design_cov.ppm","BD4lUPEjsNBR8eazdD0SVUC4hQNO1VQp"
"s3://hcp-openaccess/HCP_1200/506234/MNINonLinear/Results/tfMRI_MOTOR/tfMRI_MOTOR_hp200_s4_level2.fsf","506234","MNINonLinear//Results/tfMRI_MOTOR/tfMRI_MOTOR_hp200_s4_level2.fsf","HQPehNjirvyekjxB.uwABvbHjV5_uAI2"
"s3://hcp-openaccess/HCP_1200/506234/MNINonLinear/Results/tfMRI_MOTOR/tfMRI_MOTOR_hp200_s4_level2_MSMAll.feat/506234_tfMRI_MOTOR_level2_hp200_s4_MSMAll.dscalar.nii","506234","MNINonLinear//Results/tfMRI_MOTOR/tfMRI_MOTOR_hp200_s4_level2_MSMAll.feat/506234_tfMRI_MOTOR_level2_hp200_s4_MSMAll.dscalar.nii","4os41jFDkyVI5GUi8u1uBemmcD8i6ZSQ"
"s3://hcp-openaccess/HCP_1200/506234/MNINonLinear/Results/tfMRI_MOTOR/tfMRI_MOTOR_hp200_s4_level2_MSMAll.feat/Contrasts.txt","506234","MNINonLinear//Results/tfMRI_MOTOR/tfMRI_MOTOR_hp200_s4_level2_MSMAll.feat/Contrasts.txt","WGiCEXF2FYD1IyiJ_S6crbFVXcbgUEKJ"
"s3://hcp-openaccess/HCP_1200/506234/MNINonLinear/Results/tfMRI_MOTOR/tfMRI_MOTOR_hp200_s4_level2_MSMAll.feat/GrayordinatesStats/cope1.feat/cope1.dtseries.nii","506234","MNINonLinear//Results/tfMRI_MOTOR/tfMRI_MOTOR_hp200_s4_level2_MSMAll.feat/GrayordinatesStats/cope1.feat/cope1.dtseries.nii","K9PXKvMnCrJqS7R2WE3L22eLMzlkOkKL"
"s3://hcp-openaccess/HCP_1200/506234/MNINonLinear/Results/tfMRI_MOTOR/tfMRI_MOTOR_hp200_s4_level2_MSMAll.feat/GrayordinatesStats/cope1.feat/logfile","506234","MNINonLinear//Results/tfMRI_MOTOR/tfMRI_MOTOR_hp200_s4_level2_MSMAll.feat/GrayordinatesStats/cope1.feat/logfile","nwHMdTCFgkYINWuq0.rHeWvYBPhE1HmS"
"s3://hcp-openaccess/HCP_1200/506234/MNINonLinear/Results/tfMRI_MOTOR/tfMRI_MOTOR_hp200_s4_level2_MSMAll.feat/GrayordinatesStats/cope1.feat/mask.dtseries.nii","506234","MNINonLinear//Results/tfMRI_MOTOR/tfMRI_MOTOR_hp200_s4_level2_MSMAll.feat/GrayordinatesStats/cope1.feat/mask.dtseries.nii","4Zsckdj8efL65yB2eaGnKpDXzyB5wENx"
"s3://hcp-openaccess/HCP_1200/506234/MNINonLinear/Results/tfMRI_MOTOR/tfMRI_MOTOR_hp200_s4_level2_MSMAll.feat/GrayordinatesStats/cope1.feat/mean_random_effects_var1.dtseries.nii","506234","MNINonLinear//Results/tfMRI_MOTOR/tfMRI_MOTOR_hp200_s4_level2_MSMAll.feat/GrayordinatesStats/cope1.feat/mean_random_effects_var1.dtseries.nii","G.8vQDGeVkh4yv9EhBgVGk6d1Y9g25r_"
"s3://hcp-openaccess/HCP_1200/506234/MNINonLinear/Results/tfMRI_MOTOR/tfMRI_MOTOR_hp200_s4_level2_MSMAll.feat/GrayordinatesStats/cope1.feat/pe1.dtseries.nii","506234","MNINonLinear//Results/tfMRI_MOTOR/tfMRI_MOTOR_hp200_s4_level2_MSMAll.feat/GrayordinatesStats/cope1.feat/pe1.dtseries.nii","e.6KEuAayt5DkoII3XSRDvkYc3ZAsJYd"
"s3://hcp-openaccess/HCP_1200/506234/MNINonLinear/Results/tfMRI_MOTOR/tfMRI_MOTOR_hp200_s4_level2_MSMAll.feat/GrayordinatesStats/cope1.feat/res4d.dtseries.nii","506234","MNINonLinear//Results/tfMRI_MOTOR/tfMRI_MOTOR_hp200_s4_level2_MSMAll.feat/GrayordinatesStats/cope1.feat/res4d.dtseries.nii","6Ll8qxDqRjkgMbjkTUy2OJliw.2aYu_p"
"s3://hcp-openaccess/HCP_1200/506234/MNINonLinear/Results/tfMRI_MOTOR/tfMRI_MOTOR_hp200_s4_level2_MSMAll.feat/GrayordinatesStats/cope1.feat/tdof_t1.dtseries.nii","506234","MNINonLinear//Results/tfMRI_MOTOR/tfMRI_MOTOR_hp200_s4_level2_MSMAll.feat/GrayordinatesStats/cope1.feat/tdof_t1.dtseries.nii","Foff2OgKCzXQFTXzp_RoEhl_.HUS6m4Z"
"s3://hcp-openaccess/HCP_1200/506234/MNINonLinear/Results/tfMRI_MOTOR/tfMRI_MOTOR_hp200_s4_level2_MSMAll.feat/GrayordinatesStats/cope1.feat/tstat1.dtseries.nii","506234","MNINonLinear//Results/tfMRI_MOTOR/tfMRI_MOTOR_hp200_s4_level2_MSMAll.feat/GrayordinatesStats/cope1.feat/tstat1.dtseries.nii","nFqr10PSMDNo_Z3Tma8qxFa8.uGIt4r4"
"s3://hcp-openaccess/HCP_1200/506234/MNINonLinear/Results/tfMRI_MOTOR/tfMRI_MOTOR_hp200_s4_level2_MSMAll.feat/GrayordinatesStats/cope1.feat/varcope1.dtseries.nii","506234","MNINonLinear//Results/tfMRI_MOTOR/tfMRI_MOTOR_hp200_s4_level2_MSMAll.feat/GrayordinatesStats/cope1.feat/varcope1.dtseries.nii","VTK4n0FPjU0F01gWsgMSGSYTIW9MqlrB"
"s3://hcp-openaccess/HCP_1200/506234/MNINonLinear/Results/tfMRI_MOTOR/tfMRI_MOTOR_hp200_s4_level2_MSMAll.feat/GrayordinatesStats/cope1.feat/weights1.dtseries.nii","506234","MNINonLinear//Results/tfMRI_MOTOR/tfMRI_MOTOR_hp200_s4_level2_MSMAll.feat/GrayordinatesStats/cope1.feat/weights1.dtseries.nii","bGu6GpZpQ.Mk3kx32zYJgrVqckBE0w5Z"
"s3://hcp-openaccess/HCP_1200/506234/MNINonLinear/Results/tfMRI_MOTOR/tfMRI_MOTOR_hp200_s4_level2_MSMAll.feat/GrayordinatesStats/cope1.feat/zflame1lowertstat1.dtseries.nii","506234","MNINonLinear//Results/tfMRI_MOTOR/tfMRI_MOTOR_hp200_s4_level2_MSMAll.feat/GrayordinatesStats/cope1.feat/zflame1lowertstat1.dtseries.nii","s_HQ71R.JZ.yrBwxKoRB9u4O.BtGU4KM"
"s3://hcp-openaccess/HCP_1200/506234/MNINonLinear/Results/tfMRI_MOTOR/tfMRI_MOTOR_hp200_s4_level2_MSMAll.feat/GrayordinatesStats/cope1.feat/zflame1uppertstat1.dtseries.nii","506234","MNINonLinear//Results/tfMRI_MOTOR/tfMRI_MOTOR_hp200_s4_level2_MSMAll.feat/GrayordinatesStats/cope1.feat/zflame1uppertstat1.dtseries.nii","izNIUgBWHXgM2o9ckfxB9kXixHIWpVYQ"
"s3://hcp-openaccess/HCP_1200/506234/MNINonLinear/Results/tfMRI_MOTOR/tfMRI_MOTOR_hp200_s4_level2_MSMAll.feat/GrayordinatesStats/cope1.feat/zstat1.dtseries.nii","506234","MNINonLinear//Results/tfMRI_MOTOR/tfMRI_MOTOR_hp200_s4_level2_MSMAll.feat/GrayordinatesStats/cope1.feat/zstat1.dtseries.nii","Z_rzZFmUZLLEwyswmmrQ3F0BvVFIthpE"
"s3://hcp-openaccess/HCP_1200/506234/MNINonLinear/Results/tfMRI_MOTOR/tfMRI_MOTOR_hp200_s4_level2_MSMAll.feat/GrayordinatesStats/cope10.feat/cope1.dtseries.nii","506234","MNINonLinear//Results/tfMRI_MOTOR/tfMRI_MOTOR_hp200_s4_level2_MSMAll.feat/GrayordinatesStats/cope10.feat/cope1.dtseries.nii","W33vvKpZu1rkM2mXCpMtlwvyjI0PoybS"
"s3://hcp-openaccess/HCP_1200/506234/MNINonLinear/Results/tfMRI_MOTOR/tfMRI_MOTOR_hp200_s4_level2_MSMAll.feat/GrayordinatesStats/cope10.feat/logfile","506234","MNINonLinear//Results/tfMRI_MOTOR/tfMRI_MOTOR_hp200_s4_level2_MSMAll.feat/GrayordinatesStats/cope10.feat/logfile","003ZCeNpEeAtZlEyzevAWhoys9zjuivl"
"s3://hcp-openaccess/HCP_1200/506234/MNINonLinear/Results/tfMRI_MOTOR/tfMRI_MOTOR_hp200_s4_level2_MSMAll.feat/GrayordinatesStats/cope10.feat/mask.dtseries.nii","506234","MNINonLinear//Results/tfMRI_MOTOR/tfMRI_MOTOR_hp200_s4_level2_MSMAll.feat/GrayordinatesStats/cope10.feat/mask.dtseries.nii","UkFcKL3gAy7h74RAHVMMbWQqnK5T91G5"
"s3://hcp-openaccess/HCP_1200/506234/MNINonLinear/Results/tfMRI_MOTOR/tfMRI_MOTOR_hp200_s4_level2_MSMAll.feat/GrayordinatesStats/cope10.feat/mean_random_effects_var1.dtseries.nii","506234","MNINonLinear//Results/tfMRI_MOTOR/tfMRI_MOTOR_hp200_s4_level2_MSMAll.feat/GrayordinatesStats/cope10.feat/mean_random_effects_var1.dtseries.nii","KxBv.KDPuf_O0j9Ay_dz1rGZI9pUojyt"
"s3://hcp-openaccess/HCP_1200/506234/MNINonLinear/Results/tfMRI_MOTOR/tfMRI_MOTOR_hp200_s4_level2_MSMAll.feat/GrayordinatesStats/cope10.feat/pe1.dtseries.nii","506234","MNINonLinear//Results/tfMRI_MOTOR/tfMRI_MOTOR_hp200_s4_level2_MSMAll.feat/GrayordinatesStats/cope10.feat/pe1.dtseries.nii","Srp_ZK4bsINEvGfy_21vnqFnrDsipH1z"
"s3://hcp-openaccess/HCP_1200/506234/MNINonLinear/Results/tfMRI_MOTOR/tfMRI_MOTOR_hp200_s4_level2_MSMAll.feat/GrayordinatesStats/cope10.feat/res4d.dtseries.nii","506234","MNINonLinear//Results/tfMRI_MOTOR/tfMRI_MOTOR_hp200_s4_level2_MSMAll.feat/GrayordinatesStats/cope10.feat/res4d.dtseries.nii","_aMFZHqjqSyVF9avysBnJK8K1k_wOI.g"
"s3://hcp-openaccess/HCP_1200/506234/MNINonLinear/Results/tfMRI_MOTOR/tfMRI_MOTOR_hp200_s4_level2_MSMAll.feat/GrayordinatesStats/cope10.feat/tdof_t1.dtseries.nii","506234","MNINonLinear//Results/tfMRI_MOTOR/tfMRI_MOTOR_hp200_s4_level2_MSMAll.feat/GrayordinatesStats/cope10.feat/tdof_t1.dtseries.nii","mtBx_1hLl.mHSI42WKt4Ei59tl1U2a7c"
"s3://hcp-openaccess/HCP_1200/506234/MNINonLinear/Results/tfMRI_MOTOR/tfMRI_MOTOR_hp200_s4_level2_MSMAll.feat/GrayordinatesStats/cope10.feat/tstat1.dtseries.nii","506234","MNINonLinear//Results/tfMRI_MOTOR/tfMRI_MOTOR_hp200_s4_level2_MSMAll.feat/GrayordinatesStats/cope10.feat/tstat1.dtseries.nii","i1OWYwJqDHOOPV2ESHsdE25WEFdSqCVr"
"s3://hcp-openaccess/HCP_1200/506234/MNINonLinear/Results/tfMRI_MOTOR/tfMRI_MOTOR_hp200_s4_level2_MSMAll.feat/GrayordinatesStats/cope10.feat/varcope1.dtseries.nii","506234","MNINonLinear//Results/tfMRI_MOTOR/tfMRI_MOTOR_hp200_s4_level2_MSMAll.feat/GrayordinatesStats/cope10.feat/varcope1.dtseries.nii","3U2lQL1EffklXhZ7fbgJYJ2jCF8MtPfA"
"s3://hcp-openaccess/HCP_1200/506234/MNINonLinear/Results/tfMRI_MOTOR/tfMRI_MOTOR_hp200_s4_level2_MSMAll.feat/GrayordinatesStats/cope10.feat/weights1.dtseries.nii","506234","MNINonLinear//Results/tfMRI_MOTOR/tfMRI_MOTOR_hp200_s4_level2_MSMAll.feat/GrayordinatesStats/cope10.feat/weights1.dtseries.nii","SsakTPn.kNfQiI2nMbqj9vmdsOgj03_d"
"s3://hcp-openaccess/HCP_1200/506234/MNINonLinear/Results/tfMRI_MOTOR/tfMRI_MOTOR_hp200_s4_level2_MSMAll.feat/GrayordinatesStats/cope10.feat/zflame1lowertstat1.dtseries.nii","506234","MNINonLinear//Results/tfMRI_MOTOR/tfMRI_MOTOR_hp200_s4_level2_MSMAll.feat/GrayordinatesStats/cope10.feat/zflame1lowertstat1.dtseries.nii","BoLKohTnRR2yZd.8sBnH4cYQyP_e7Pe3"
"s3://hcp-openaccess/HCP_1200/506234/MNINonLinear/Results/tfMRI_MOTOR/tfMRI_MOTOR_hp200_s4_level2_MSMAll.feat/GrayordinatesStats/cope10.feat/zflame1uppertstat1.dtseries.nii","506234","MNINonLinear//Results/tfMRI_MOTOR/tfMRI_MOTOR_hp200_s4_level2_MSMAll.feat/GrayordinatesStats/cope10.feat/zflame1uppertstat1.dtseries.nii","a0Hgr9lDgaoGUenQjD_mwKIJj9BXUCNo"
"s3://hcp-openaccess/HCP_1200/506234/MNINonLinear/Results/tfMRI_MOTOR/tfMRI_MOTOR_hp200_s4_level2_MSMAll.feat/GrayordinatesStats/cope10.feat/zstat1.dtseries.nii","506234","MNINonLinear//Results/tfMRI_MOTOR/tfMRI_MOTOR_hp200_s4_level2_MSMAll.feat/GrayordinatesStats/cope10.feat/zstat1.dtseries.nii","0LK3CRTycTLPUMFUYMv9qFzVnU6wUj14"
"s3://hcp-openaccess/HCP_1200/506234/MNINonLinear/Results/tfMRI_MOTOR/tfMRI_MOTOR_hp200_s4_level2_MSMAll.feat/GrayordinatesStats/cope11.feat/cope1.dtseries.nii","506234","MNINonLinear//Results/tfMRI_MOTOR/tfMRI_MOTOR_hp200_s4_level2_MSMAll.feat/GrayordinatesStats/cope11.feat/cope1.dtseries.nii","_flfJxSbszS6Eo_.dHlED2RKIWIRUsjr"
"s3://hcp-openaccess/HCP_1200/506234/MNINonLinear/Results/tfMRI_MOTOR/tfMRI_MOTOR_hp200_s4_level2_MSMAll.feat/GrayordinatesStats/cope11.feat/logfile","506234","MNINonLinear//Results/tfMRI_MOTOR/tfMRI_MOTOR_hp200_s4_level2_MSMAll.feat/GrayordinatesStats/cope11.feat/logfile","DGNXhDdDbAfVm8_B_1xvvI00.WwGpVFU"
"s3://hcp-openaccess/HCP_1200/506234/MNINonLinear/Results/tfMRI_MOTOR/tfMRI_MOTOR_hp200_s4_level2_MSMAll.feat/GrayordinatesStats/cope11.feat/mask.dtseries.nii","506234","MNINonLinear//Results/tfMRI_MOTOR/tfMRI_MOTOR_hp200_s4_level2_MSMAll.feat/GrayordinatesStats/cope11.feat/mask.dtseries.nii","onv5hcBSjXGC2pYB1bv44rshxWyHY9Al"
"s3://hcp-openaccess/HCP_1200/506234/MNINonLinear/Results/tfMRI_MOTOR/tfMRI_MOTOR_hp200_s4_level2_MSMAll.feat/GrayordinatesStats/cope11.feat/mean_random_effects_var1.dtseries.nii","506234","MNINonLinear//Results/tfMRI_MOTOR/tfMRI_MOTOR_hp200_s4_level2_MSMAll.feat/GrayordinatesStats/cope11.feat/mean_random_effects_var1.dtseries.nii","3sqRDiVafKuQH230MVUhEP50_vYbPbEB"
"s3://hcp-openaccess/HCP_1200/506234/MNINonLinear/Results/tfMRI_MOTOR/tfMRI_MOTOR_hp200_s4_level2_MSMAll.feat/GrayordinatesStats/cope11.feat/pe1.dtseries.nii","506234","MNINonLinear//Results/tfMRI_MOTOR/tfMRI_MOTOR_hp200_s4_level2_MSMAll.feat/GrayordinatesStats/cope11.feat/pe1.dtseries.nii","HrBvYwWQxLMrspIhg2mascmgiveNYamX"
"s3://hcp-openaccess/HCP_1200/506234/MNINonLinear/Results/tfMRI_MOTOR/tfMRI_MOTOR_hp200_s4_level2_MSMAll.feat/GrayordinatesStats/cope11.feat/res4d.dtseries.nii","506234","MNINonLinear//Results/tfMRI_MOTOR/tfMRI_MOTOR_hp200_s4_level2_MSMAll.feat/GrayordinatesStats/cope11.feat/res4d.dtseries.nii","ikw9tsoa5kL5bXFnJieJZD6jkMIEf0L2"
"s3://hcp-openaccess/HCP_1200/506234/MNINonLinear/Results/tfMRI_MOTOR/tfMRI_MOTOR_hp200_s4_level2_MSMAll.feat/GrayordinatesStats/cope11.feat/tdof_t1.dtseries.nii","506234","MNINonLinear//Results/tfMRI_MOTOR/tfMRI_MOTOR_hp200_s4_level2_MSMAll.feat/GrayordinatesStats/cope11.feat/tdof_t1.dtseries.nii","rFUFEf4acbHR.VJpdIhNNVNbMiduprp8"
"s3://hcp-openaccess/HCP_1200/506234/MNINonLinear/Results/tfMRI_MOTOR/tfMRI_MOTOR_hp200_s4_level2_MSMAll.feat/GrayordinatesStats/cope11.feat/tstat1.dtseries.nii","506234","MNINonLinear//Results/tfMRI_MOTOR/tfMRI_MOTOR_hp200_s4_level2_MSMAll.feat/GrayordinatesStats/cope11.feat/tstat1.dtseries.nii","CCA5ggY_Sa0g680rRK9ZIKgHLCUfSvUe"
"s3://hcp-openaccess/HCP_1200/506234/MNINonLinear/Results/tfMRI_MOTOR/tfMRI_MOTOR_hp200_s4_level2_MSMAll.feat/GrayordinatesStats/cope11.feat/varcope1.dtseries.nii","506234","MNINonLinear//Results/tfMRI_MOTOR/tfMRI_MOTOR_hp200_s4_level2_MSMAll.feat/GrayordinatesStats/cope11.feat/varcope1.dtseries.nii","OSD6QmHaUx1no1yiN9UQEGf5SBjNJi16"
"s3://hcp-openaccess/HCP_1200/506234/MNINonLinear/Results/tfMRI_MOTOR/tfMRI_MOTOR_hp200_s4_level2_MSMAll.feat/GrayordinatesStats/cope11.feat/weights1.dtseries.nii","506234","MNINonLinear//Results/tfMRI_MOTOR/tfMRI_MOTOR_hp200_s4_level2_MSMAll.feat/GrayordinatesStats/cope11.feat/weights1.dtseries.nii","feSun7lg2OwfdPn49sLSzLMarLzPOKZj"
"s3://hcp-openaccess/HCP_1200/506234/MNINonLinear/Results/tfMRI_MOTOR/tfMRI_MOTOR_hp200_s4_level2_MSMAll.feat/GrayordinatesStats/cope11.feat/zflame1lowertstat1.dtseries.nii","506234","MNINonLinear//Results/tfMRI_MOTOR/tfMRI_MOTOR_hp200_s4_level2_MSMAll.feat/GrayordinatesStats/cope11.feat/zflame1lowertstat1.dtseries.nii","T3SbOU4WKI4bkj.yWwiUoc_N2siXCxrL"
"s3://hcp-openaccess/HCP_1200/506234/MNINonLinear/Results/tfMRI_MOTOR/tfMRI_MOTOR_hp200_s4_level2_MSMAll.feat/GrayordinatesStats/cope11.feat/zflame1uppertstat1.dtseries.nii","506234","MNINonLinear//Results/tfMRI_MOTOR/tfMRI_MOTOR_hp200_s4_level2_MSMAll.feat/GrayordinatesStats/cope11.feat/zflame1uppertstat1.dtseries.nii","GxaRxemOs0yuIuz1zR76e_fmrfLQX0VS"
"s3://hcp-openaccess/HCP_1200/506234/MNINonLinear/Results/tfMRI_MOTOR/tfMRI_MOTOR_hp200_s4_level2_MSMAll.feat/GrayordinatesStats/cope11.feat/zstat1.dtseries.nii","506234","MNINonLinear//Results/tfMRI_MOTOR/tfMRI_MOTOR_hp200_s4_level2_MSMAll.feat/GrayordinatesStats/cope11.feat/zstat1.dtseries.nii","ppzNGDIqXpFXZ2fxpTdM_UKdI41BLlW6"
"s3://hcp-openaccess/HCP_1200/506234/MNINonLinear/Results/tfMRI_MOTOR/tfMRI_MOTOR_hp200_s4_level2_MSMAll.feat/GrayordinatesStats/cope12.feat/cope1.dtseries.nii","506234","MNINonLinear//Results/tfMRI_MOTOR/tfMRI_MOTOR_hp200_s4_level2_MSMAll.feat/GrayordinatesStats/cope12.feat/cope1.dtseries.nii","i6_2znBL2G.UcxLlsNg_Q3aduBQznNY6"
"s3://hcp-openaccess/HCP_1200/506234/MNINonLinear/Results/tfMRI_MOTOR/tfMRI_MOTOR_hp200_s4_level2_MSMAll.feat/GrayordinatesStats/cope12.feat/logfile","506234","MNINonLinear//Results/tfMRI_MOTOR/tfMRI_MOTOR_hp200_s4_level2_MSMAll.feat/GrayordinatesStats/cope12.feat/logfile","hccz4lov6vD2xLqzsAJ9iH1u_aVZc8lP"
"s3://hcp-openaccess/HCP_1200/506234/MNINonLinear/Results/tfMRI_MOTOR/tfMRI_MOTOR_hp200_s4_level2_MSMAll.feat/GrayordinatesStats/cope12.feat/mask.dtseries.nii","506234","MNINonLinear//Results/tfMRI_MOTOR/tfMRI_MOTOR_hp200_s4_level2_MSMAll.feat/GrayordinatesStats/cope12.feat/mask.dtseries.nii","uABpTIWpWwuntm3CdK75BcrFkQK0gVgq"
"s3://hcp-openaccess/HCP_1200/506234/MNINonLinear/Results/tfMRI_MOTOR/tfMRI_MOTOR_hp200_s4_level2_MSMAll.feat/GrayordinatesStats/cope12.feat/mean_random_effects_var1.dtseries.nii","506234","MNINonLinear//Results/tfMRI_MOTOR/tfMRI_MOTOR_hp200_s4_level2_MSMAll.feat/GrayordinatesStats/cope12.feat/mean_random_effects_var1.dtseries.nii","KOPx8l3TzJz_if01PWltWADazw.6MJVV"
"s3://hcp-openaccess/HCP_1200/506234/MNINonLinear/Results/tfMRI_MOTOR/tfMRI_MOTOR_hp200_s4_level2_MSMAll.feat/GrayordinatesStats/cope12.feat/pe1.dtseries.nii","506234","MNINonLinear//Results/tfMRI_MOTOR/tfMRI_MOTOR_hp200_s4_level2_MSMAll.feat/GrayordinatesStats/cope12.feat/pe1.dtseries.nii","5AbbeqZBDUck4fx0SwoXKyM3VK8QCEy4"
"s3://hcp-openaccess/HCP_1200/506234/MNINonLinear/Results/tfMRI_MOTOR/tfMRI_MOTOR_hp200_s4_level2_MSMAll.feat/GrayordinatesStats/cope12.feat/res4d.dtseries.nii","506234","MNINonLinear//Results/tfMRI_MOTOR/tfMRI_MOTOR_hp200_s4_level2_MSMAll.feat/GrayordinatesStats/cope12.feat/res4d.dtseries.nii","q16La_wbfCH0KOm2.fb8KvE4PuKLHoi0"
"s3://hcp-openaccess/HCP_1200/506234/MNINonLinear/Results/tfMRI_MOTOR/tfMRI_MOTOR_hp200_s4_level2_MSMAll.feat/GrayordinatesStats/cope12.feat/tdof_t1.dtseries.nii","506234","MNINonLinear//Results/tfMRI_MOTOR/tfMRI_MOTOR_hp200_s4_level2_MSMAll.feat/GrayordinatesStats/cope12.feat/tdof_t1.dtseries.nii","Qh1AqsU.Dn07Zabkw5405vXADBUFNBFH"
"s3://hcp-openaccess/HCP_1200/506234/MNINonLinear/Results/tfMRI_MOTOR/tfMRI_MOTOR_hp200_s4_level2_MSMAll.feat/GrayordinatesStats/cope12.feat/tstat1.dtseries.nii","506234","MNINonLinear//Results/tfMRI_MOTOR/tfMRI_MOTOR_hp200_s4_level2_MSMAll.feat/GrayordinatesStats/cope12.feat/tstat1.dtseries.nii","8CqeQlHktoGgYcAWuCOWFucy_TKZOp0W"
"s3://hcp-openaccess/HCP_1200/506234/MNINonLinear/Results/tfMRI_MOTOR/tfMRI_MOTOR_hp200_s4_level2_MSMAll.feat/GrayordinatesStats/cope12.feat/varcope1.dtseries.nii","506234","MNINonLinear//Results/tfMRI_MOTOR/tfMRI_MOTOR_hp200_s4_level2_MSMAll.feat/GrayordinatesStats/cope12.feat/varcope1.dtseries.nii","e71AI.GFTpfuENs.2cz8ZVQRlCunQpTR"
"s3://hcp-openaccess/HCP_1200/506234/MNINonLinear/Results/tfMRI_MOTOR/tfMRI_MOTOR_hp200_s4_level2_MSMAll.feat/GrayordinatesStats/cope12.feat/weights1.dtseries.nii","506234","MNINonLinear//Results/tfMRI_MOTOR/tfMRI_MOTOR_hp200_s4_level2_MSMAll.feat/GrayordinatesStats/cope12.feat/weights1.dtseries.nii","5PJZSTIrSkLcC1Dth.phDtkC9pURpLIi"
"s3://hcp-openaccess/HCP_1200/506234/MNINonLinear/Results/tfMRI_MOTOR/tfMRI_MOTOR_hp200_s4_level2_MSMAll.feat/GrayordinatesStats/cope12.feat/zflame1lowertstat1.dtseries.nii","506234","MNINonLinear//Results/tfMRI_MOTOR/tfMRI_MOTOR_hp200_s4_level2_MSMAll.feat/GrayordinatesStats/cope12.feat/zflame1lowertstat1.dtseries.nii","av5VRiBqL1lrLAUt_GUZxEMXXgCszt8X"
"s3://hcp-openaccess/HCP_1200/506234/MNINonLinear/Results/tfMRI_MOTOR/tfMRI_MOTOR_hp200_s4_level2_MSMAll.feat/GrayordinatesStats/cope12.feat/zflame1uppertstat1.dtseries.nii","506234","MNINonLinear//Results/tfMRI_MOTOR/tfMRI_MOTOR_hp200_s4_level2_MSMAll.feat/GrayordinatesStats/cope12.feat/zflame1uppertstat1.dtseries.nii","tWQSptkSxlJjdt6pk57iF7HrHv.3_2Ri"
"s3://hcp-openaccess/HCP_1200/506234/MNINonLinear/Results/tfMRI_MOTOR/tfMRI_MOTOR_hp200_s4_level2_MSMAll.feat/GrayordinatesStats/cope12.feat/zstat1.dtseries.nii","506234","MNINonLinear//Results/tfMRI_MOTOR/tfMRI_MOTOR_hp200_s4_level2_MSMAll.feat/GrayordinatesStats/cope12.feat/zstat1.dtseries.nii","ISQIU8UYDCah208vruIVW6H3MnKYYIqK"
"s3://hcp-openaccess/HCP_1200/506234/MNINonLinear/Results/tfMRI_MOTOR/tfMRI_MOTOR_hp200_s4_level2_MSMAll.feat/GrayordinatesStats/cope13.feat/cope1.dtseries.nii","506234","MNINonLinear//Results/tfMRI_MOTOR/tfMRI_MOTOR_hp200_s4_level2_MSMAll.feat/GrayordinatesStats/cope13.feat/cope1.dtseries.nii","5pXD.t6RgisGmd09W7PHkt_U5dQ_M12C"
"s3://hcp-openaccess/HCP_1200/506234/MNINonLinear/Results/tfMRI_MOTOR/tfMRI_MOTOR_hp200_s4_level2_MSMAll.feat/GrayordinatesStats/cope13.feat/logfile","506234","MNINonLinear//Results/tfMRI_MOTOR/tfMRI_MOTOR_hp200_s4_level2_MSMAll.feat/GrayordinatesStats/cope13.feat/logfile","dzVIzJ6m866KkVO8UZcZIIGzV9Ir3j8z"
"s3://hcp-openaccess/HCP_1200/506234/MNINonLinear/Results/tfMRI_MOTOR/tfMRI_MOTOR_hp200_s4_level2_MSMAll.feat/GrayordinatesStats/cope13.feat/mask.dtseries.nii","506234","MNINonLinear//Results/tfMRI_MOTOR/tfMRI_MOTOR_hp200_s4_level2_MSMAll.feat/GrayordinatesStats/cope13.feat/mask.dtseries.nii","uS6Lps4NoGmcR8fO016ozpg_pLLD3Lec"
"s3://hcp-openaccess/HCP_1200/506234/MNINonLinear/Results/tfMRI_MOTOR/tfMRI_MOTOR_hp200_s4_level2_MSMAll.feat/GrayordinatesStats/cope13.feat/mean_random_effects_var1.dtseries.nii","506234","MNINonLinear//Results/tfMRI_MOTOR/tfMRI_MOTOR_hp200_s4_level2_MSMAll.feat/GrayordinatesStats/cope13.feat/mean_random_effects_var1.dtseries.nii","CVHRgoSadUvCGzo2rm69I5LhshzrQp2j"
"s3://hcp-openaccess/HCP_1200/506234/MNINonLinear/Results/tfMRI_MOTOR/tfMRI_MOTOR_hp200_s4_level2_MSMAll.feat/GrayordinatesStats/cope13.feat/pe1.dtseries.nii","506234","MNINonLinear//Results/tfMRI_MOTOR/tfMRI_MOTOR_hp200_s4_level2_MSMAll.feat/GrayordinatesStats/cope13.feat/pe1.dtseries.nii","KW6eShBiOGAzWV9_74Bh8ZOIxt8qGGg0"
"s3://hcp-openaccess/HCP_1200/506234/MNINonLinear/Results/tfMRI_MOTOR/tfMRI_MOTOR_hp200_s4_level2_MSMAll.feat/GrayordinatesStats/cope13.feat/res4d.dtseries.nii","506234","MNINonLinear//Results/tfMRI_MOTOR/tfMRI_MOTOR_hp200_s4_level2_MSMAll.feat/GrayordinatesStats/cope13.feat/res4d.dtseries.nii","CktXy2N5cHUcw0W2aPLGsubDHgMT4jER"
"s3://hcp-openaccess/HCP_1200/506234/MNINonLinear/Results/tfMRI_MOTOR/tfMRI_MOTOR_hp200_s4_level2_MSMAll.feat/GrayordinatesStats/cope13.feat/tdof_t1.dtseries.nii","506234","MNINonLinear//Results/tfMRI_MOTOR/tfMRI_MOTOR_hp200_s4_level2_MSMAll.feat/GrayordinatesStats/cope13.feat/tdof_t1.dtseries.nii","WgORxUZkdC9kMUgP2fysU02VZX9pVLcF"
"s3://hcp-openaccess/HCP_1200/506234/MNINonLinear/Results/tfMRI_MOTOR/tfMRI_MOTOR_hp200_s4_level2_MSMAll.feat/GrayordinatesStats/cope13.feat/tstat1.dtseries.nii","506234","MNINonLinear//Results/tfMRI_MOTOR/tfMRI_MOTOR_hp200_s4_level2_MSMAll.feat/GrayordinatesStats/cope13.feat/tstat1.dtseries.nii","T8oWUkrRv9Ny0WQXedb53xhVWa75f92D"
"s3://hcp-openaccess/HCP_1200/506234/MNINonLinear/Results/tfMRI_MOTOR/tfMRI_MOTOR_hp200_s4_level2_MSMAll.feat/GrayordinatesStats/cope13.feat/varcope1.dtseries.nii","506234","MNINonLinear//Results/tfMRI_MOTOR/tfMRI_MOTOR_hp200_s4_level2_MSMAll.feat/GrayordinatesStats/cope13.feat/varcope1.dtseries.nii","5wqqeLK4b65DspX.dUx.klbGqKqepGWs"
"s3://hcp-openaccess/HCP_1200/506234/MNINonLinear/Results/tfMRI_MOTOR/tfMRI_MOTOR_hp200_s4_level2_MSMAll.feat/GrayordinatesStats/cope13.feat/weights1.dtseries.nii","506234","MNINonLinear//Results/tfMRI_MOTOR/tfMRI_MOTOR_hp200_s4_level2_MSMAll.feat/GrayordinatesStats/cope13.feat/weights1.dtseries.nii","whhzXrA5rtpub6FhfvhR8ohFCO_pPxZf"
"s3://hcp-openaccess/HCP_1200/506234/MNINonLinear/Results/tfMRI_MOTOR/tfMRI_MOTOR_hp200_s4_level2_MSMAll.feat/GrayordinatesStats/cope13.feat/zflame1lowertstat1.dtseries.nii","506234","MNINonLinear//Results/tfMRI_MOTOR/tfMRI_MOTOR_hp200_s4_level2_MSMAll.feat/GrayordinatesStats/cope13.feat/zflame1lowertstat1.dtseries.nii","RO6gnpyB3Lg_pKpt01ySrf6uKd11bszM"
"s3://hcp-openaccess/HCP_1200/506234/MNINonLinear/Results/tfMRI_MOTOR/tfMRI_MOTOR_hp200_s4_level2_MSMAll.feat/GrayordinatesStats/cope13.feat/zflame1uppertstat1.dtseries.nii","506234","MNINonLinear//Results/tfMRI_MOTOR/tfMRI_MOTOR_hp200_s4_level2_MSMAll.feat/GrayordinatesStats/cope13.feat/zflame1uppertstat1.dtseries.nii","0hLmMlHzlkIBSFKpCZVbm7.KTGp.QZXx"
"s3://hcp-openaccess/HCP_1200/506234/MNINonLinear/Results/tfMRI_MOTOR/tfMRI_MOTOR_hp200_s4_level2_MSMAll.feat/GrayordinatesStats/cope13.feat/zstat1.dtseries.nii","506234","MNINonLinear//Results/tfMRI_MOTOR/tfMRI_MOTOR_hp200_s4_level2_MSMAll.feat/GrayordinatesStats/cope13.feat/zstat1.dtseries.nii","BiKo3uZORLKK8F_4s95nFs1rglplVkeb"
"s3://hcp-openaccess/HCP_1200/506234/MNINonLinear/Results/tfMRI_MOTOR/tfMRI_MOTOR_hp200_s4_level2_MSMAll.feat/GrayordinatesStats/cope14.feat/cope1.dtseries.nii","506234","MNINonLinear//Results/tfMRI_MOTOR/tfMRI_MOTOR_hp200_s4_level2_MSMAll.feat/GrayordinatesStats/cope14.feat/cope1.dtseries.nii","VJu4ImsuOI6fvA02d90OAtQefWfBs0Dk"
"s3://hcp-openaccess/HCP_1200/506234/MNINonLinear/Results/tfMRI_MOTOR/tfMRI_MOTOR_hp200_s4_level2_MSMAll.feat/GrayordinatesStats/cope14.feat/logfile","506234","MNINonLinear//Results/tfMRI_MOTOR/tfMRI_MOTOR_hp200_s4_level2_MSMAll.feat/GrayordinatesStats/cope14.feat/logfile","oXvCq2GcHlFy16UP5fmZwZYcgy64uHuq"
"s3://hcp-openaccess/HCP_1200/506234/MNINonLinear/Results/tfMRI_MOTOR/tfMRI_MOTOR_hp200_s4_level2_MSMAll.feat/GrayordinatesStats/cope14.feat/mask.dtseries.nii","506234","MNINonLinear//Results/tfMRI_MOTOR/tfMRI_MOTOR_hp200_s4_level2_MSMAll.feat/GrayordinatesStats/cope14.feat/mask.dtseries.nii","oxMFBaAfWWwtJAgyp39ev7Okdai8g_ER"
"s3://hcp-openaccess/HCP_1200/506234/MNINonLinear/Results/tfMRI_MOTOR/tfMRI_MOTOR_hp200_s4_level2_MSMAll.feat/GrayordinatesStats/cope14.feat/mean_random_effects_var1.dtseries.nii","506234","MNINonLinear//Results/tfMRI_MOTOR/tfMRI_MOTOR_hp200_s4_level2_MSMAll.feat/GrayordinatesStats/cope14.feat/mean_random_effects_var1.dtseries.nii","t7H7aRtsMvi6AurW4ZODiOR3zCP.2YC1"
"s3://hcp-openaccess/HCP_1200/506234/MNINonLinear/Results/tfMRI_MOTOR/tfMRI_MOTOR_hp200_s4_level2_MSMAll.feat/GrayordinatesStats/cope14.feat/pe1.dtseries.nii","506234","MNINonLinear//Results/tfMRI_MOTOR/tfMRI_MOTOR_hp200_s4_level2_MSMAll.feat/GrayordinatesStats/cope14.feat/pe1.dtseries.nii","ICsorOVJPrjTllxbQL7FPrTXtTqjQBke"
"s3://hcp-openaccess/HCP_1200/506234/MNINonLinear/Results/tfMRI_MOTOR/tfMRI_MOTOR_hp200_s4_level2_MSMAll.feat/GrayordinatesStats/cope14.feat/res4d.dtseries.nii","506234","MNINonLinear//Results/tfMRI_MOTOR/tfMRI_MOTOR_hp200_s4_level2_MSMAll.feat/GrayordinatesStats/cope14.feat/res4d.dtseries.nii","zzIC4yfdWxQVR2OW0hJ06Bs8bDiR9ipi"
"s3://hcp-openaccess/HCP_1200/506234/MNINonLinear/Results/tfMRI_MOTOR/tfMRI_MOTOR_hp200_s4_level2_MSMAll.feat/GrayordinatesStats/cope14.feat/tdof_t1.dtseries.nii","506234","MNINonLinear//Results/tfMRI_MOTOR/tfMRI_MOTOR_hp200_s4_level2_MSMAll.feat/GrayordinatesStats/cope14.feat/tdof_t1.dtseries.nii","CjnRdtCT0lDZdbf3LqU6o2wVFpk0IOsq"
"s3://hcp-openaccess/HCP_1200/506234/MNINonLinear/Results/tfMRI_MOTOR/tfMRI_MOTOR_hp200_s4_level2_MSMAll.feat/GrayordinatesStats/cope14.feat/tstat1.dtseries.nii","506234","MNINonLinear//Results/tfMRI_MOTOR/tfMRI_MOTOR_hp200_s4_level2_MSMAll.feat/GrayordinatesStats/cope14.feat/tstat1.dtseries.nii","cDHH.t2a0tZJCL9RyEH6oJ6oNDOSglAe"
"s3://hcp-openaccess/HCP_1200/506234/MNINonLinear/Results/tfMRI_MOTOR/tfMRI_MOTOR_hp200_s4_level2_MSMAll.feat/GrayordinatesStats/cope14.feat/varcope1.dtseries.nii","506234","MNINonLinear//Results/tfMRI_MOTOR/tfMRI_MOTOR_hp200_s4_level2_MSMAll.feat/GrayordinatesStats/cope14.feat/varcope1.dtseries.nii","rMtFLL8Jcf.njTqdEFSYZsMbbD5PkLTs"
"s3://hcp-openaccess/HCP_1200/506234/MNINonLinear/Results/tfMRI_MOTOR/tfMRI_MOTOR_hp200_s4_level2_MSMAll.feat/GrayordinatesStats/cope14.feat/weights1.dtseries.nii","506234","MNINonLinear//Results/tfMRI_MOTOR/tfMRI_MOTOR_hp200_s4_level2_MSMAll.feat/GrayordinatesStats/cope14.feat/weights1.dtseries.nii","VVPHxinvWomvvgqJb54FIeBiMXvSZDNi"
"s3://hcp-openaccess/HCP_1200/506234/MNINonLinear/Results/tfMRI_MOTOR/tfMRI_MOTOR_hp200_s4_level2_MSMAll.feat/GrayordinatesStats/cope14.feat/zflame1lowertstat1.dtseries.nii","506234","MNINonLinear//Results/tfMRI_MOTOR/tfMRI_MOTOR_hp200_s4_level2_MSMAll.feat/GrayordinatesStats/cope14.feat/zflame1lowertstat1.dtseries.nii","VTPLFSgv5KrfrwUPsvk1ZqOOiz1Q2vHW"
"s3://hcp-openaccess/HCP_1200/506234/MNINonLinear/Results/tfMRI_MOTOR/tfMRI_MOTOR_hp200_s4_level2_MSMAll.feat/GrayordinatesStats/cope14.feat/zflame1uppertstat1.dtseries.nii","506234","MNINonLinear//Results/tfMRI_MOTOR/tfMRI_MOTOR_hp200_s4_level2_MSMAll.feat/GrayordinatesStats/cope14.feat/zflame1uppertstat1.dtseries.nii","H4PpjSWrVc9yOhjyjInh3qPU7Zvkr7RP"
"s3://hcp-openaccess/HCP_1200/506234/MNINonLinear/Results/tfMRI_MOTOR/tfMRI_MOTOR_hp200_s4_level2_MSMAll.feat/GrayordinatesStats/cope14.feat/zstat1.dtseries.nii","506234","MNINonLinear//Results/tfMRI_MOTOR/tfMRI_MOTOR_hp200_s4_level2_MSMAll.feat/GrayordinatesStats/cope14.feat/zstat1.dtseries.nii","SYJ80SAMFkTwODVR1G.WWkGmAwbYbpey"
"s3://hcp-openaccess/HCP_1200/506234/MNINonLinear/Results/tfMRI_MOTOR/tfMRI_MOTOR_hp200_s4_level2_MSMAll.feat/GrayordinatesStats/cope15.feat/cope1.dtseries.nii","506234","MNINonLinear//Results/tfMRI_MOTOR/tfMRI_MOTOR_hp200_s4_level2_MSMAll.feat/GrayordinatesStats/cope15.feat/cope1.dtseries.nii","3nHx6zF0X0ADXiuQ0rVII4l4j7BfsQCp"
"s3://hcp-openaccess/HCP_1200/506234/MNINonLinear/Results/tfMRI_MOTOR/tfMRI_MOTOR_hp200_s4_level2_MSMAll.feat/GrayordinatesStats/cope15.feat/logfile","506234","MNINonLinear//Results/tfMRI_MOTOR/tfMRI_MOTOR_hp200_s4_level2_MSMAll.feat/GrayordinatesStats/cope15.feat/logfile","dsm_i9_LBQFeV9hpyD9AX2gRzE6pIWnr"
"s3://hcp-openaccess/HCP_1200/506234/MNINonLinear/Results/tfMRI_MOTOR/tfMRI_MOTOR_hp200_s4_level2_MSMAll.feat/GrayordinatesStats/cope15.feat/mask.dtseries.nii","506234","MNINonLinear//Results/tfMRI_MOTOR/tfMRI_MOTOR_hp200_s4_level2_MSMAll.feat/GrayordinatesStats/cope15.feat/mask.dtseries.nii","QorDXWZ16jKzOYDZuvyKZ3ACdFMJPk1k"
"s3://hcp-openaccess/HCP_1200/506234/MNINonLinear/Results/tfMRI_MOTOR/tfMRI_MOTOR_hp200_s4_level2_MSMAll.feat/GrayordinatesStats/cope15.feat/mean_random_effects_var1.dtseries.nii","506234","MNINonLinear//Results/tfMRI_MOTOR/tfMRI_MOTOR_hp200_s4_level2_MSMAll.feat/GrayordinatesStats/cope15.feat/mean_random_effects_var1.dtseries.nii","AQrPYBx9IkX5o1skNj3nBCnlWh.okSWD"
"s3://hcp-openaccess/HCP_1200/506234/MNINonLinear/Results/tfMRI_MOTOR/tfMRI_MOTOR_hp200_s4_level2_MSMAll.feat/GrayordinatesStats/cope15.feat/pe1.dtseries.nii","506234","MNINonLinear//Results/tfMRI_MOTOR/tfMRI_MOTOR_hp200_s4_level2_MSMAll.feat/GrayordinatesStats/cope15.feat/pe1.dtseries.nii","QtkU3Y4PR8cnijNYEzyjJNFpUR_B.oR7"
"s3://hcp-openaccess/HCP_1200/506234/MNINonLinear/Results/tfMRI_MOTOR/tfMRI_MOTOR_hp200_s4_level2_MSMAll.feat/GrayordinatesStats/cope15.feat/res4d.dtseries.nii","506234","MNINonLinear//Results/tfMRI_MOTOR/tfMRI_MOTOR_hp200_s4_level2_MSMAll.feat/GrayordinatesStats/cope15.feat/res4d.dtseries.nii","xUI9bvpW8oI9ZdCG8UDUeFlY0fYFFxcP"
"s3://hcp-openaccess/HCP_1200/506234/MNINonLinear/Results/tfMRI_MOTOR/tfMRI_MOTOR_hp200_s4_level2_MSMAll.feat/GrayordinatesStats/cope15.feat/tdof_t1.dtseries.nii","506234","MNINonLinear//Results/tfMRI_MOTOR/tfMRI_MOTOR_hp200_s4_level2_MSMAll.feat/GrayordinatesStats/cope15.feat/tdof_t1.dtseries.nii","GX2xuLxKfT5i6fjgKB2LhJmB_49xQIha"
"s3://hcp-openaccess/HCP_1200/506234/MNINonLinear/Results/tfMRI_MOTOR/tfMRI_MOTOR_hp200_s4_level2_MSMAll.feat/GrayordinatesStats/cope15.feat/tstat1.dtseries.nii","506234","MNINonLinear//Results/tfMRI_MOTOR/tfMRI_MOTOR_hp200_s4_level2_MSMAll.feat/GrayordinatesStats/cope15.feat/tstat1.dtseries.nii","gjEFrRrbjl6NlOQ1az1ERkj1loE3xOaw"
"s3://hcp-openaccess/HCP_1200/506234/MNINonLinear/Results/tfMRI_MOTOR/tfMRI_MOTOR_hp200_s4_level2_MSMAll.feat/GrayordinatesStats/cope15.feat/varcope1.dtseries.nii","506234","MNINonLinear//Results/tfMRI_MOTOR/tfMRI_MOTOR_hp200_s4_level2_MSMAll.feat/GrayordinatesStats/cope15.feat/varcope1.dtseries.nii","UyDrTr4q20jQDDJMDZMw1X18COp43Evr"
"s3://hcp-openaccess/HCP_1200/506234/MNINonLinear/Results/tfMRI_MOTOR/tfMRI_MOTOR_hp200_s4_level2_MSMAll.feat/GrayordinatesStats/cope15.feat/weights1.dtseries.nii","506234","MNINonLinear//Results/tfMRI_MOTOR/tfMRI_MOTOR_hp200_s4_level2_MSMAll.feat/GrayordinatesStats/cope15.feat/weights1.dtseries.nii","saCRr_EQCExSy9J6is2h9eSO6r9WG8kW"
"s3://hcp-openaccess/HCP_1200/506234/MNINonLinear/Results/tfMRI_MOTOR/tfMRI_MOTOR_hp200_s4_level2_MSMAll.feat/GrayordinatesStats/cope15.feat/zflame1lowertstat1.dtseries.nii","506234","MNINonLinear//Results/tfMRI_MOTOR/tfMRI_MOTOR_hp200_s4_level2_MSMAll.feat/GrayordinatesStats/cope15.feat/zflame1lowertstat1.dtseries.nii","LtsJgbjkwuzXCxChEAGWknnxNSjhnQSQ"
"s3://hcp-openaccess/HCP_1200/506234/MNINonLinear/Results/tfMRI_MOTOR/tfMRI_MOTOR_hp200_s4_level2_MSMAll.feat/GrayordinatesStats/cope15.feat/zflame1uppertstat1.dtseries.nii","506234","MNINonLinear//Results/tfMRI_MOTOR/tfMRI_MOTOR_hp200_s4_level2_MSMAll.feat/GrayordinatesStats/cope15.feat/zflame1uppertstat1.dtseries.nii","aPLgHYCYh.8veGM0VPDKDmALirkBAlYA"
"s3://hcp-openaccess/HCP_1200/506234/MNINonLinear/Results/tfMRI_MOTOR/tfMRI_MOTOR_hp200_s4_level2_MSMAll.feat/GrayordinatesStats/cope15.feat/zstat1.dtseries.nii","506234","MNINonLinear//Results/tfMRI_MOTOR/tfMRI_MOTOR_hp200_s4_level2_MSMAll.feat/GrayordinatesStats/cope15.feat/zstat1.dtseries.nii","q3wR9YMSd28rnTpFnlAWIGkfyayldjzd"
"s3://hcp-openaccess/HCP_1200/506234/MNINonLinear/Results/tfMRI_MOTOR/tfMRI_MOTOR_hp200_s4_level2_MSMAll.feat/GrayordinatesStats/cope16.feat/cope1.dtseries.nii","506234","MNINonLinear//Results/tfMRI_MOTOR/tfMRI_MOTOR_hp200_s4_level2_MSMAll.feat/GrayordinatesStats/cope16.feat/cope1.dtseries.nii","bLwXepHWj6ybCwdy8y_TXYwfEUU9NL5p"
"s3://hcp-openaccess/HCP_1200/506234/MNINonLinear/Results/tfMRI_MOTOR/tfMRI_MOTOR_hp200_s4_level2_MSMAll.feat/GrayordinatesStats/cope16.feat/logfile","506234","MNINonLinear//Results/tfMRI_MOTOR/tfMRI_MOTOR_hp200_s4_level2_MSMAll.feat/GrayordinatesStats/cope16.feat/logfile","QtWZZV7hwXjs5owL7BC3h22hPbkTRe1D"
"s3://hcp-openaccess/HCP_1200/506234/MNINonLinear/Results/tfMRI_MOTOR/tfMRI_MOTOR_hp200_s4_level2_MSMAll.feat/GrayordinatesStats/cope16.feat/mask.dtseries.nii","506234","MNINonLinear//Results/tfMRI_MOTOR/tfMRI_MOTOR_hp200_s4_level2_MSMAll.feat/GrayordinatesStats/cope16.feat/mask.dtseries.nii","sAM7ZPpSSKVxvBn2tZkRAWf5W.ihlBux"
"s3://hcp-openaccess/HCP_1200/506234/MNINonLinear/Results/tfMRI_MOTOR/tfMRI_MOTOR_hp200_s4_level2_MSMAll.feat/GrayordinatesStats/cope16.feat/mean_random_effects_var1.dtseries.nii","506234","MNINonLinear//Results/tfMRI_MOTOR/tfMRI_MOTOR_hp200_s4_level2_MSMAll.feat/GrayordinatesStats/cope16.feat/mean_random_effects_var1.dtseries.nii","1I7kihAtQEFc_Xa6O_oRbX4C7.iIpjhQ"
"s3://hcp-openaccess/HCP_1200/506234/MNINonLinear/Results/tfMRI_MOTOR/tfMRI_MOTOR_hp200_s4_level2_MSMAll.feat/GrayordinatesStats/cope16.feat/pe1.dtseries.nii","506234","MNINonLinear//Results/tfMRI_MOTOR/tfMRI_MOTOR_hp200_s4_level2_MSMAll.feat/GrayordinatesStats/cope16.feat/pe1.dtseries.nii","Yj28cWTPx8v.JSxhYZH8cedFDWf2qm8s"
"s3://hcp-openaccess/HCP_1200/506234/MNINonLinear/Results/tfMRI_MOTOR/tfMRI_MOTOR_hp200_s4_level2_MSMAll.feat/GrayordinatesStats/cope16.feat/res4d.dtseries.nii","506234","MNINonLinear//Results/tfMRI_MOTOR/tfMRI_MOTOR_hp200_s4_level2_MSMAll.feat/GrayordinatesStats/cope16.feat/res4d.dtseries.nii","e7R5umpYHspWVgrtsRU9BmHOmRpFQugx"
"s3://hcp-openaccess/HCP_1200/506234/MNINonLinear/Results/tfMRI_MOTOR/tfMRI_MOTOR_hp200_s4_level2_MSMAll.feat/GrayordinatesStats/cope16.feat/tdof_t1.dtseries.nii","506234","MNINonLinear//Results/tfMRI_MOTOR/tfMRI_MOTOR_hp200_s4_level2_MSMAll.feat/GrayordinatesStats/cope16.feat/tdof_t1.dtseries.nii","6xLwVk_0UdrVKGVd1kkKj1yI6d9i8qbV"
"s3://hcp-openaccess/HCP_1200/506234/MNINonLinear/Results/tfMRI_MOTOR/tfMRI_MOTOR_hp200_s4_level2_MSMAll.feat/GrayordinatesStats/cope16.feat/tstat1.dtseries.nii","506234","MNINonLinear//Results/tfMRI_MOTOR/tfMRI_MOTOR_hp200_s4_level2_MSMAll.feat/GrayordinatesStats/cope16.feat/tstat1.dtseries.nii","Yded9eVv7jOoWrJXeE_oidEZrMpQVfsQ"
"s3://hcp-openaccess/HCP_1200/506234/MNINonLinear/Results/tfMRI_MOTOR/tfMRI_MOTOR_hp200_s4_level2_MSMAll.feat/GrayordinatesStats/cope16.feat/varcope1.dtseries.nii","506234","MNINonLinear//Results/tfMRI_MOTOR/tfMRI_MOTOR_hp200_s4_level2_MSMAll.feat/GrayordinatesStats/cope16.feat/varcope1.dtseries.nii","QkT1mZ01aA2.C_tNJocv9DE4HZV7Dzpy"
"s3://hcp-openaccess/HCP_1200/506234/MNINonLinear/Results/tfMRI_MOTOR/tfMRI_MOTOR_hp200_s4_level2_MSMAll.feat/GrayordinatesStats/cope16.feat/weights1.dtseries.nii","506234","MNINonLinear//Results/tfMRI_MOTOR/tfMRI_MOTOR_hp200_s4_level2_MSMAll.feat/GrayordinatesStats/cope16.feat/weights1.dtseries.nii","cW8gBgUC_MHp_ibPhaUVbmZAi5wFOhIG"
"s3://hcp-openaccess/HCP_1200/506234/MNINonLinear/Results/tfMRI_MOTOR/tfMRI_MOTOR_hp200_s4_level2_MSMAll.feat/GrayordinatesStats/cope16.feat/zflame1lowertstat1.dtseries.nii","506234","MNINonLinear//Results/tfMRI_MOTOR/tfMRI_MOTOR_hp200_s4_level2_MSMAll.feat/GrayordinatesStats/cope16.feat/zflame1lowertstat1.dtseries.nii","Xz9rZfTF5b3L5F7Kr0jhmMEQvyZX9p_y"
"s3://hcp-openaccess/HCP_1200/506234/MNINonLinear/Results/tfMRI_MOTOR/tfMRI_MOTOR_hp200_s4_level2_MSMAll.feat/GrayordinatesStats/cope16.feat/zflame1uppertstat1.dtseries.nii","506234","MNINonLinear//Results/tfMRI_MOTOR/tfMRI_MOTOR_hp200_s4_level2_MSMAll.feat/GrayordinatesStats/cope16.feat/zflame1uppertstat1.dtseries.nii","Zw9lP6LgDl395xXJDUH8W3PIHz95lwqB"
"s3://hcp-openaccess/HCP_1200/506234/MNINonLinear/Results/tfMRI_MOTOR/tfMRI_MOTOR_hp200_s4_level2_MSMAll.feat/GrayordinatesStats/cope16.feat/zstat1.dtseries.nii","506234","MNINonLinear//Results/tfMRI_MOTOR/tfMRI_MOTOR_hp200_s4_level2_MSMAll.feat/GrayordinatesStats/cope16.feat/zstat1.dtseries.nii","5fDrl.SAmGbw6Z3G_5JINXDIdhoHsquV"
"s3://hcp-openaccess/HCP_1200/506234/MNINonLinear/Results/tfMRI_MOTOR/tfMRI_MOTOR_hp200_s4_level2_MSMAll.feat/GrayordinatesStats/cope17.feat/cope1.dtseries.nii","506234","MNINonLinear//Results/tfMRI_MOTOR/tfMRI_MOTOR_hp200_s4_level2_MSMAll.feat/GrayordinatesStats/cope17.feat/cope1.dtseries.nii","MjKkov0PUy49zAar6kN4xPzWBqlLZ_ou"
"s3://hcp-openaccess/HCP_1200/506234/MNINonLinear/Results/tfMRI_MOTOR/tfMRI_MOTOR_hp200_s4_level2_MSMAll.feat/GrayordinatesStats/cope17.feat/logfile","506234","MNINonLinear//Results/tfMRI_MOTOR/tfMRI_MOTOR_hp200_s4_level2_MSMAll.feat/GrayordinatesStats/cope17.feat/logfile","Uc9Ky30MohZyGdwbQ2EXH3sMy57GsLvy"
"s3://hcp-openaccess/HCP_1200/506234/MNINonLinear/Results/tfMRI_MOTOR/tfMRI_MOTOR_hp200_s4_level2_MSMAll.feat/GrayordinatesStats/cope17.feat/mask.dtseries.nii","506234","MNINonLinear//Results/tfMRI_MOTOR/tfMRI_MOTOR_hp200_s4_level2_MSMAll.feat/GrayordinatesStats/cope17.feat/mask.dtseries.nii","10BnQaKsC4u_PQLOA4iNBZ7gkDLg7ivf"
"s3://hcp-openaccess/HCP_1200/506234/MNINonLinear/Results/tfMRI_MOTOR/tfMRI_MOTOR_hp200_s4_level2_MSMAll.feat/GrayordinatesStats/cope17.feat/mean_random_effects_var1.dtseries.nii","506234","MNINonLinear//Results/tfMRI_MOTOR/tfMRI_MOTOR_hp200_s4_level2_MSMAll.feat/GrayordinatesStats/cope17.feat/mean_random_effects_var1.dtseries.nii","mGxJXM4q7nYymiYU1MUNUfsTjBSQmdR2"
"s3://hcp-openaccess/HCP_1200/506234/MNINonLinear/Results/tfMRI_MOTOR/tfMRI_MOTOR_hp200_s4_level2_MSMAll.feat/GrayordinatesStats/cope17.feat/pe1.dtseries.nii","506234","MNINonLinear//Results/tfMRI_MOTOR/tfMRI_MOTOR_hp200_s4_level2_MSMAll.feat/GrayordinatesStats/cope17.feat/pe1.dtseries.nii","7T37f332M2xlt18GXM3IH_NqTawfb..5"
"s3://hcp-openaccess/HCP_1200/506234/MNINonLinear/Results/tfMRI_MOTOR/tfMRI_MOTOR_hp200_s4_level2_MSMAll.feat/GrayordinatesStats/cope17.feat/res4d.dtseries.nii","506234","MNINonLinear//Results/tfMRI_MOTOR/tfMRI_MOTOR_hp200_s4_level2_MSMAll.feat/GrayordinatesStats/cope17.feat/res4d.dtseries.nii","CnAlcMHHymSbeCbj5NMZRzECIEajPxXg"
"s3://hcp-openaccess/HCP_1200/506234/MNINonLinear/Results/tfMRI_MOTOR/tfMRI_MOTOR_hp200_s4_level2_MSMAll.feat/GrayordinatesStats/cope17.feat/tdof_t1.dtseries.nii","506234","MNINonLinear//Results/tfMRI_MOTOR/tfMRI_MOTOR_hp200_s4_level2_MSMAll.feat/GrayordinatesStats/cope17.feat/tdof_t1.dtseries.nii","aYn21U9nlU8oP4m4yB26iP2AeACHtm2Q"
"s3://hcp-openaccess/HCP_1200/506234/MNINonLinear/Results/tfMRI_MOTOR/tfMRI_MOTOR_hp200_s4_level2_MSMAll.feat/GrayordinatesStats/cope17.feat/tstat1.dtseries.nii","506234","MNINonLinear//Results/tfMRI_MOTOR/tfMRI_MOTOR_hp200_s4_level2_MSMAll.feat/GrayordinatesStats/cope17.feat/tstat1.dtseries.nii","i30XTKaHVqAZKD3v6EjStzMUS.II8yGQ"
"s3://hcp-openaccess/HCP_1200/506234/MNINonLinear/Results/tfMRI_MOTOR/tfMRI_MOTOR_hp200_s4_level2_MSMAll.feat/GrayordinatesStats/cope17.feat/varcope1.dtseries.nii","506234","MNINonLinear//Results/tfMRI_MOTOR/tfMRI_MOTOR_hp200_s4_level2_MSMAll.feat/GrayordinatesStats/cope17.feat/varcope1.dtseries.nii","XjBGU9AeRRyAvKnz8K95UYRf0LQ7h6IF"
"s3://hcp-openaccess/HCP_1200/506234/MNINonLinear/Results/tfMRI_MOTOR/tfMRI_MOTOR_hp200_s4_level2_MSMAll.feat/GrayordinatesStats/cope17.feat/weights1.dtseries.nii","506234","MNINonLinear//Results/tfMRI_MOTOR/tfMRI_MOTOR_hp200_s4_level2_MSMAll.feat/GrayordinatesStats/cope17.feat/weights1.dtseries.nii","VTyv8wawtLCekGfF_6xGDxNmnMJBX77G"
"s3://hcp-openaccess/HCP_1200/506234/MNINonLinear/Results/tfMRI_MOTOR/tfMRI_MOTOR_hp200_s4_level2_MSMAll.feat/GrayordinatesStats/cope17.feat/zflame1lowertstat1.dtseries.nii","506234","MNINonLinear//Results/tfMRI_MOTOR/tfMRI_MOTOR_hp200_s4_level2_MSMAll.feat/GrayordinatesStats/cope17.feat/zflame1lowertstat1.dtseries.nii","GV0KgboDzfY6E0jccxH3jAJj.DaX.CdZ"
"s3://hcp-openaccess/HCP_1200/506234/MNINonLinear/Results/tfMRI_MOTOR/tfMRI_MOTOR_hp200_s4_level2_MSMAll.feat/GrayordinatesStats/cope17.feat/zflame1uppertstat1.dtseries.nii","506234","MNINonLinear//Results/tfMRI_MOTOR/tfMRI_MOTOR_hp200_s4_level2_MSMAll.feat/GrayordinatesStats/cope17.feat/zflame1uppertstat1.dtseries.nii","kZJT7P5u68xuHEfy0c_Yj9ETpBVvIVn3"
"s3://hcp-openaccess/HCP_1200/506234/MNINonLinear/Results/tfMRI_MOTOR/tfMRI_MOTOR_hp200_s4_level2_MSMAll.feat/GrayordinatesStats/cope17.feat/zstat1.dtseries.nii","506234","MNINonLinear//Results/tfMRI_MOTOR/tfMRI_MOTOR_hp200_s4_level2_MSMAll.feat/GrayordinatesStats/cope17.feat/zstat1.dtseries.nii","1Uq4Y3Q6JTJBHqCyh3x5i86wqnQem.v1"
"s3://hcp-openaccess/HCP_1200/506234/MNINonLinear/Results/tfMRI_MOTOR/tfMRI_MOTOR_hp200_s4_level2_MSMAll.feat/GrayordinatesStats/cope18.feat/cope1.dtseries.nii","506234","MNINonLinear//Results/tfMRI_MOTOR/tfMRI_MOTOR_hp200_s4_level2_MSMAll.feat/GrayordinatesStats/cope18.feat/cope1.dtseries.nii","f6rVXAnDQNn1v5HpdVtyRr2rG2cunneb"
"s3://hcp-openaccess/HCP_1200/506234/MNINonLinear/Results/tfMRI_MOTOR/tfMRI_MOTOR_hp200_s4_level2_MSMAll.feat/GrayordinatesStats/cope18.feat/logfile","506234","MNINonLinear//Results/tfMRI_MOTOR/tfMRI_MOTOR_hp200_s4_level2_MSMAll.feat/GrayordinatesStats/cope18.feat/logfile","OYq2M.O5SdKpepfVmygIqIClBZWPXNfj"
"s3://hcp-openaccess/HCP_1200/506234/MNINonLinear/Results/tfMRI_MOTOR/tfMRI_MOTOR_hp200_s4_level2_MSMAll.feat/GrayordinatesStats/cope18.feat/mask.dtseries.nii","506234","MNINonLinear//Results/tfMRI_MOTOR/tfMRI_MOTOR_hp200_s4_level2_MSMAll.feat/GrayordinatesStats/cope18.feat/mask.dtseries.nii","wWByYyRrs_pvnyTUqj_.vjWby7Ls9AMh"
"s3://hcp-openaccess/HCP_1200/506234/MNINonLinear/Results/tfMRI_MOTOR/tfMRI_MOTOR_hp200_s4_level2_MSMAll.feat/GrayordinatesStats/cope18.feat/mean_random_effects_var1.dtseries.nii","506234","MNINonLinear//Results/tfMRI_MOTOR/tfMRI_MOTOR_hp200_s4_level2_MSMAll.feat/GrayordinatesStats/cope18.feat/mean_random_effects_var1.dtseries.nii","0d9yYm9Ue0eBo1WVDUq429r0PTuTZrWj"
"s3://hcp-openaccess/HCP_1200/506234/MNINonLinear/Results/tfMRI_MOTOR/tfMRI_MOTOR_hp200_s4_level2_MSMAll.feat/GrayordinatesStats/cope18.feat/pe1.dtseries.nii","506234","MNINonLinear//Results/tfMRI_MOTOR/tfMRI_MOTOR_hp200_s4_level2_MSMAll.feat/GrayordinatesStats/cope18.feat/pe1.dtseries.nii","KQdCoRecXbN6xVH4BPbewnNpTs0Ifpdk"
"s3://hcp-openaccess/HCP_1200/506234/MNINonLinear/Results/tfMRI_MOTOR/tfMRI_MOTOR_hp200_s4_level2_MSMAll.feat/GrayordinatesStats/cope18.feat/res4d.dtseries.nii","506234","MNINonLinear//Results/tfMRI_MOTOR/tfMRI_MOTOR_hp200_s4_level2_MSMAll.feat/GrayordinatesStats/cope18.feat/res4d.dtseries.nii","VXhITwgEZae6PifCLhxAqG.BT9g6fCXH"
"s3://hcp-openaccess/HCP_1200/506234/MNINonLinear/Results/tfMRI_MOTOR/tfMRI_MOTOR_hp200_s4_level2_MSMAll.feat/GrayordinatesStats/cope18.feat/tdof_t1.dtseries.nii","506234","MNINonLinear//Results/tfMRI_MOTOR/tfMRI_MOTOR_hp200_s4_level2_MSMAll.feat/GrayordinatesStats/cope18.feat/tdof_t1.dtseries.nii","Te3RRZJ5nvhkicXaJpWBGkbAV0zFFqwX"
"s3://hcp-openaccess/HCP_1200/506234/MNINonLinear/Results/tfMRI_MOTOR/tfMRI_MOTOR_hp200_s4_level2_MSMAll.feat/GrayordinatesStats/cope18.feat/tstat1.dtseries.nii","506234","MNINonLinear//Results/tfMRI_MOTOR/tfMRI_MOTOR_hp200_s4_level2_MSMAll.feat/GrayordinatesStats/cope18.feat/tstat1.dtseries.nii","d.CoRy95wfzsej2eLKFy8foeqYeCAhix"
"s3://hcp-openaccess/HCP_1200/506234/MNINonLinear/Results/tfMRI_MOTOR/tfMRI_MOTOR_hp200_s4_level2_MSMAll.feat/GrayordinatesStats/cope18.feat/varcope1.dtseries.nii","506234","MNINonLinear//Results/tfMRI_MOTOR/tfMRI_MOTOR_hp200_s4_level2_MSMAll.feat/GrayordinatesStats/cope18.feat/varcope1.dtseries.nii","tU76AvS6jOYQpqN4TH.rkhB5mR91QVhs"
"s3://hcp-openaccess/HCP_1200/506234/MNINonLinear/Results/tfMRI_MOTOR/tfMRI_MOTOR_hp200_s4_level2_MSMAll.feat/GrayordinatesStats/cope18.feat/weights1.dtseries.nii","506234","MNINonLinear//Results/tfMRI_MOTOR/tfMRI_MOTOR_hp200_s4_level2_MSMAll.feat/GrayordinatesStats/cope18.feat/weights1.dtseries.nii","WjR.p86Yxax7HPhxdn_0mFHhMoKHOTAe"
"s3://hcp-openaccess/HCP_1200/506234/MNINonLinear/Results/tfMRI_MOTOR/tfMRI_MOTOR_hp200_s4_level2_MSMAll.feat/GrayordinatesStats/cope18.feat/zflame1lowertstat1.dtseries.nii","506234","MNINonLinear//Results/tfMRI_MOTOR/tfMRI_MOTOR_hp200_s4_level2_MSMAll.feat/GrayordinatesStats/cope18.feat/zflame1lowertstat1.dtseries.nii","VfTwGDhgkbhx7weQw5iL33VC0EdCfQ1k"
"s3://hcp-openaccess/HCP_1200/506234/MNINonLinear/Results/tfMRI_MOTOR/tfMRI_MOTOR_hp200_s4_level2_MSMAll.feat/GrayordinatesStats/cope18.feat/zflame1uppertstat1.dtseries.nii","506234","MNINonLinear//Results/tfMRI_MOTOR/tfMRI_MOTOR_hp200_s4_level2_MSMAll.feat/GrayordinatesStats/cope18.feat/zflame1uppertstat1.dtseries.nii","DnFiPGqLKGEtfYic2ipky5wdns55jMaS"
"s3://hcp-openaccess/HCP_1200/506234/MNINonLinear/Results/tfMRI_MOTOR/tfMRI_MOTOR_hp200_s4_level2_MSMAll.feat/GrayordinatesStats/cope18.feat/zstat1.dtseries.nii","506234","MNINonLinear//Results/tfMRI_MOTOR/tfMRI_MOTOR_hp200_s4_level2_MSMAll.feat/GrayordinatesStats/cope18.feat/zstat1.dtseries.nii","2ep2PhP56UH83QjytLltvjUV8n0ggc.W"
"s3://hcp-openaccess/HCP_1200/506234/MNINonLinear/Results/tfMRI_MOTOR/tfMRI_MOTOR_hp200_s4_level2_MSMAll.feat/GrayordinatesStats/cope19.feat/cope1.dtseries.nii","506234","MNINonLinear//Results/tfMRI_MOTOR/tfMRI_MOTOR_hp200_s4_level2_MSMAll.feat/GrayordinatesStats/cope19.feat/cope1.dtseries.nii","z.ehsPfDSW29dT.p96FeM5JJMeWaN_R1"
"s3://hcp-openaccess/HCP_1200/506234/MNINonLinear/Results/tfMRI_MOTOR/tfMRI_MOTOR_hp200_s4_level2_MSMAll.feat/GrayordinatesStats/cope19.feat/logfile","506234","MNINonLinear//Results/tfMRI_MOTOR/tfMRI_MOTOR_hp200_s4_level2_MSMAll.feat/GrayordinatesStats/cope19.feat/logfile","I7tlK4n7IiUTVEYNdJ7NqN724Wo6w8lC"
"s3://hcp-openaccess/HCP_1200/506234/MNINonLinear/Results/tfMRI_MOTOR/tfMRI_MOTOR_hp200_s4_level2_MSMAll.feat/GrayordinatesStats/cope19.feat/mask.dtseries.nii","506234","MNINonLinear//Results/tfMRI_MOTOR/tfMRI_MOTOR_hp200_s4_level2_MSMAll.feat/GrayordinatesStats/cope19.feat/mask.dtseries.nii","fXkVnzkBaPqeW8A6FnRaSBENMQ57fYNk"
"s3://hcp-openaccess/HCP_1200/506234/MNINonLinear/Results/tfMRI_MOTOR/tfMRI_MOTOR_hp200_s4_level2_MSMAll.feat/GrayordinatesStats/cope19.feat/mean_random_effects_var1.dtseries.nii","506234","MNINonLinear//Results/tfMRI_MOTOR/tfMRI_MOTOR_hp200_s4_level2_MSMAll.feat/GrayordinatesStats/cope19.feat/mean_random_effects_var1.dtseries.nii","MjZTq40cfkCMPiXLcw_5IGtFt0Rb9zSj"
"s3://hcp-openaccess/HCP_1200/506234/MNINonLinear/Results/tfMRI_MOTOR/tfMRI_MOTOR_hp200_s4_level2_MSMAll.feat/GrayordinatesStats/cope19.feat/pe1.dtseries.nii","506234","MNINonLinear//Results/tfMRI_MOTOR/tfMRI_MOTOR_hp200_s4_level2_MSMAll.feat/GrayordinatesStats/cope19.feat/pe1.dtseries.nii","0ksKnoWuBfmlmS_7tSvu8XQYYVukP2O3"
"s3://hcp-openaccess/HCP_1200/506234/MNINonLinear/Results/tfMRI_MOTOR/tfMRI_MOTOR_hp200_s4_level2_MSMAll.feat/GrayordinatesStats/cope19.feat/res4d.dtseries.nii","506234","MNINonLinear//Results/tfMRI_MOTOR/tfMRI_MOTOR_hp200_s4_level2_MSMAll.feat/GrayordinatesStats/cope19.feat/res4d.dtseries.nii","3.XgN8VKqPQTI9hjbLmCkuqZGtQLPGO5"
"s3://hcp-openaccess/HCP_1200/506234/MNINonLinear/Results/tfMRI_MOTOR/tfMRI_MOTOR_hp200_s4_level2_MSMAll.feat/GrayordinatesStats/cope19.feat/tdof_t1.dtseries.nii","506234","MNINonLinear//Results/tfMRI_MOTOR/tfMRI_MOTOR_hp200_s4_level2_MSMAll.feat/GrayordinatesStats/cope19.feat/tdof_t1.dtseries.nii","erH3nukuqERt.2OTq5cQ.nv5jAhiw0Iy"
"s3://hcp-openaccess/HCP_1200/506234/MNINonLinear/Results/tfMRI_MOTOR/tfMRI_MOTOR_hp200_s4_level2_MSMAll.feat/GrayordinatesStats/cope19.feat/tstat1.dtseries.nii","506234","MNINonLinear//Results/tfMRI_MOTOR/tfMRI_MOTOR_hp200_s4_level2_MSMAll.feat/GrayordinatesStats/cope19.feat/tstat1.dtseries.nii","xeAJbEje8kHfIua3ljeao1izzE_SF1Fy"
"s3://hcp-openaccess/HCP_1200/506234/MNINonLinear/Results/tfMRI_MOTOR/tfMRI_MOTOR_hp200_s4_level2_MSMAll.feat/GrayordinatesStats/cope19.feat/varcope1.dtseries.nii","506234","MNINonLinear//Results/tfMRI_MOTOR/tfMRI_MOTOR_hp200_s4_level2_MSMAll.feat/GrayordinatesStats/cope19.feat/varcope1.dtseries.nii","H0ICwUf0.uIMyzLaFUazcbRuJR7INOJx"
"s3://hcp-openaccess/HCP_1200/506234/MNINonLinear/Results/tfMRI_MOTOR/tfMRI_MOTOR_hp200_s4_level2_MSMAll.feat/GrayordinatesStats/cope19.feat/weights1.dtseries.nii","506234","MNINonLinear//Results/tfMRI_MOTOR/tfMRI_MOTOR_hp200_s4_level2_MSMAll.feat/GrayordinatesStats/cope19.feat/weights1.dtseries.nii","5yJAzhIK6V1SDPix8pH91KcExp_25NyQ"
"s3://hcp-openaccess/HCP_1200/506234/MNINonLinear/Results/tfMRI_MOTOR/tfMRI_MOTOR_hp200_s4_level2_MSMAll.feat/GrayordinatesStats/cope19.feat/zflame1lowertstat1.dtseries.nii","506234","MNINonLinear//Results/tfMRI_MOTOR/tfMRI_MOTOR_hp200_s4_level2_MSMAll.feat/GrayordinatesStats/cope19.feat/zflame1lowertstat1.dtseries.nii","sP1r6KiPSnu7OoU87NLlUrHJd_NY7NJZ"
"s3://hcp-openaccess/HCP_1200/506234/MNINonLinear/Results/tfMRI_MOTOR/tfMRI_MOTOR_hp200_s4_level2_MSMAll.feat/GrayordinatesStats/cope19.feat/zflame1uppertstat1.dtseries.nii","506234","MNINonLinear//Results/tfMRI_MOTOR/tfMRI_MOTOR_hp200_s4_level2_MSMAll.feat/GrayordinatesStats/cope19.feat/zflame1uppertstat1.dtseries.nii","WvU8aj8qhh_zZHWmGnfKy0Zgk8fyZnLu"
"s3://hcp-openaccess/HCP_1200/506234/MNINonLinear/Results/tfMRI_MOTOR/tfMRI_MOTOR_hp200_s4_level2_MSMAll.feat/GrayordinatesStats/cope19.feat/zstat1.dtseries.nii","506234","MNINonLinear//Results/tfMRI_MOTOR/tfMRI_MOTOR_hp200_s4_level2_MSMAll.feat/GrayordinatesStats/cope19.feat/zstat1.dtseries.nii","MeL.0juHKnulE6x0.ORPxm7vM.BKT.dG"
"s3://hcp-openaccess/HCP_1200/506234/MNINonLinear/Results/tfMRI_MOTOR/tfMRI_MOTOR_hp200_s4_level2_MSMAll.feat/GrayordinatesStats/cope2.feat/cope1.dtseries.nii","506234","MNINonLinear//Results/tfMRI_MOTOR/tfMRI_MOTOR_hp200_s4_level2_MSMAll.feat/GrayordinatesStats/cope2.feat/cope1.dtseries.nii","K3QZ_shGgnYkj_.91DAtFow1RfLqPI1n"
"s3://hcp-openaccess/HCP_1200/506234/MNINonLinear/Results/tfMRI_MOTOR/tfMRI_MOTOR_hp200_s4_level2_MSMAll.feat/GrayordinatesStats/cope2.feat/logfile","506234","MNINonLinear//Results/tfMRI_MOTOR/tfMRI_MOTOR_hp200_s4_level2_MSMAll.feat/GrayordinatesStats/cope2.feat/logfile","IavpuRAxTK_hbQ7jDoprkvadjJ3ekr1j"
"s3://hcp-openaccess/HCP_1200/506234/MNINonLinear/Results/tfMRI_MOTOR/tfMRI_MOTOR_hp200_s4_level2_MSMAll.feat/GrayordinatesStats/cope2.feat/mask.dtseries.nii","506234","MNINonLinear//Results/tfMRI_MOTOR/tfMRI_MOTOR_hp200_s4_level2_MSMAll.feat/GrayordinatesStats/cope2.feat/mask.dtseries.nii","TxjPZxXEJwI7Si1c1g_Lw1FlYBv7I_aO"
"s3://hcp-openaccess/HCP_1200/506234/MNINonLinear/Results/tfMRI_MOTOR/tfMRI_MOTOR_hp200_s4_level2_MSMAll.feat/GrayordinatesStats/cope2.feat/mean_random_effects_var1.dtseries.nii","506234","MNINonLinear//Results/tfMRI_MOTOR/tfMRI_MOTOR_hp200_s4_level2_MSMAll.feat/GrayordinatesStats/cope2.feat/mean_random_effects_var1.dtseries.nii","GEe9OYKj2IImYpHrC_te2U0b8FHnEwZX"
"s3://hcp-openaccess/HCP_1200/506234/MNINonLinear/Results/tfMRI_MOTOR/tfMRI_MOTOR_hp200_s4_level2_MSMAll.feat/GrayordinatesStats/cope2.feat/pe1.dtseries.nii","506234","MNINonLinear//Results/tfMRI_MOTOR/tfMRI_MOTOR_hp200_s4_level2_MSMAll.feat/GrayordinatesStats/cope2.feat/pe1.dtseries.nii","9mKHa.tAKBHDu6KNrgw4HmAd36sIrR_J"
"s3://hcp-openaccess/HCP_1200/506234/MNINonLinear/Results/tfMRI_MOTOR/tfMRI_MOTOR_hp200_s4_level2_MSMAll.feat/GrayordinatesStats/cope2.feat/res4d.dtseries.nii","506234","MNINonLinear//Results/tfMRI_MOTOR/tfMRI_MOTOR_hp200_s4_level2_MSMAll.feat/GrayordinatesStats/cope2.feat/res4d.dtseries.nii","I11R0IH6KzyhOtD7DiHoYl_O0oepfXbF"
"s3://hcp-openaccess/HCP_1200/506234/MNINonLinear/Results/tfMRI_MOTOR/tfMRI_MOTOR_hp200_s4_level2_MSMAll.feat/GrayordinatesStats/cope2.feat/tdof_t1.dtseries.nii","506234","MNINonLinear//Results/tfMRI_MOTOR/tfMRI_MOTOR_hp200_s4_level2_MSMAll.feat/GrayordinatesStats/cope2.feat/tdof_t1.dtseries.nii","wYocJyp9IhXMEDp0m8EwAmNNgIlGapaG"
"s3://hcp-openaccess/HCP_1200/506234/MNINonLinear/Results/tfMRI_MOTOR/tfMRI_MOTOR_hp200_s4_level2_MSMAll.feat/GrayordinatesStats/cope2.feat/tstat1.dtseries.nii","506234","MNINonLinear//Results/tfMRI_MOTOR/tfMRI_MOTOR_hp200_s4_level2_MSMAll.feat/GrayordinatesStats/cope2.feat/tstat1.dtseries.nii","fUG9nmpdxr1U0UXIGHffAfXQvd6HOino"
"s3://hcp-openaccess/HCP_1200/506234/MNINonLinear/Results/tfMRI_MOTOR/tfMRI_MOTOR_hp200_s4_level2_MSMAll.feat/GrayordinatesStats/cope2.feat/varcope1.dtseries.nii","506234","MNINonLinear//Results/tfMRI_MOTOR/tfMRI_MOTOR_hp200_s4_level2_MSMAll.feat/GrayordinatesStats/cope2.feat/varcope1.dtseries.nii","vdSZ_OM3FihHB3yqimZXybW27s22u6xl"
"s3://hcp-openaccess/HCP_1200/506234/MNINonLinear/Results/tfMRI_MOTOR/tfMRI_MOTOR_hp200_s4_level2_MSMAll.feat/GrayordinatesStats/cope2.feat/weights1.dtseries.nii","506234","MNINonLinear//Results/tfMRI_MOTOR/tfMRI_MOTOR_hp200_s4_level2_MSMAll.feat/GrayordinatesStats/cope2.feat/weights1.dtseries.nii","41smgtFiwwiH7q4r960EtYXig9yBMqOh"
"s3://hcp-openaccess/HCP_1200/506234/MNINonLinear/Results/tfMRI_MOTOR/tfMRI_MOTOR_hp200_s4_level2_MSMAll.feat/GrayordinatesStats/cope2.feat/zflame1lowertstat1.dtseries.nii","506234","MNINonLinear//Results/tfMRI_MOTOR/tfMRI_MOTOR_hp200_s4_level2_MSMAll.feat/GrayordinatesStats/cope2.feat/zflame1lowertstat1.dtseries.nii","CZ3Fi9RCot28qL2FpQz9MzYlLENByyza"
"s3://hcp-openaccess/HCP_1200/506234/MNINonLinear/Results/tfMRI_MOTOR/tfMRI_MOTOR_hp200_s4_level2_MSMAll.feat/GrayordinatesStats/cope2.feat/zflame1uppertstat1.dtseries.nii","506234","MNINonLinear//Results/tfMRI_MOTOR/tfMRI_MOTOR_hp200_s4_level2_MSMAll.feat/GrayordinatesStats/cope2.feat/zflame1uppertstat1.dtseries.nii","dac.873pOwucWw7rQ0Y5dnNmGmQtI4tr"
"s3://hcp-openaccess/HCP_1200/506234/MNINonLinear/Results/tfMRI_MOTOR/tfMRI_MOTOR_hp200_s4_level2_MSMAll.feat/GrayordinatesStats/cope2.feat/zstat1.dtseries.nii","506234","MNINonLinear//Results/tfMRI_MOTOR/tfMRI_MOTOR_hp200_s4_level2_MSMAll.feat/GrayordinatesStats/cope2.feat/zstat1.dtseries.nii","xWnKawloiQaXEWq8SdxzH4Yq7PgGnvRy"
"s3://hcp-openaccess/HCP_1200/506234/MNINonLinear/Results/tfMRI_MOTOR/tfMRI_MOTOR_hp200_s4_level2_MSMAll.feat/GrayordinatesStats/cope20.feat/cope1.dtseries.nii","506234","MNINonLinear//Results/tfMRI_MOTOR/tfMRI_MOTOR_hp200_s4_level2_MSMAll.feat/GrayordinatesStats/cope20.feat/cope1.dtseries.nii","8mZJV9Zz8AxKv01LusP9ZmCbwjf4DoVv"
"s3://hcp-openaccess/HCP_1200/506234/MNINonLinear/Results/tfMRI_MOTOR/tfMRI_MOTOR_hp200_s4_level2_MSMAll.feat/GrayordinatesStats/cope20.feat/logfile","506234","MNINonLinear//Results/tfMRI_MOTOR/tfMRI_MOTOR_hp200_s4_level2_MSMAll.feat/GrayordinatesStats/cope20.feat/logfile",".ysz1LfeOkpVIR1Tn.RNU7BOAyDNL5GU"
"s3://hcp-openaccess/HCP_1200/506234/MNINonLinear/Results/tfMRI_MOTOR/tfMRI_MOTOR_hp200_s4_level2_MSMAll.feat/GrayordinatesStats/cope20.feat/mask.dtseries.nii","506234","MNINonLinear//Results/tfMRI_MOTOR/tfMRI_MOTOR_hp200_s4_level2_MSMAll.feat/GrayordinatesStats/cope20.feat/mask.dtseries.nii","dd6ykOtGlDA79WuNGlDdSmh8rHahA96s"
"s3://hcp-openaccess/HCP_1200/506234/MNINonLinear/Results/tfMRI_MOTOR/tfMRI_MOTOR_hp200_s4_level2_MSMAll.feat/GrayordinatesStats/cope20.feat/mean_random_effects_var1.dtseries.nii","506234","MNINonLinear//Results/tfMRI_MOTOR/tfMRI_MOTOR_hp200_s4_level2_MSMAll.feat/GrayordinatesStats/cope20.feat/mean_random_effects_var1.dtseries.nii","GjaYnw6Et3FK.vsOI09iQ6h3m9VFTvtr"
"s3://hcp-openaccess/HCP_1200/506234/MNINonLinear/Results/tfMRI_MOTOR/tfMRI_MOTOR_hp200_s4_level2_MSMAll.feat/GrayordinatesStats/cope20.feat/pe1.dtseries.nii","506234","MNINonLinear//Results/tfMRI_MOTOR/tfMRI_MOTOR_hp200_s4_level2_MSMAll.feat/GrayordinatesStats/cope20.feat/pe1.dtseries.nii","tVR0273kpqPxd_qXZqeT4l0VDGM4FztF"
"s3://hcp-openaccess/HCP_1200/506234/MNINonLinear/Results/tfMRI_MOTOR/tfMRI_MOTOR_hp200_s4_level2_MSMAll.feat/GrayordinatesStats/cope20.feat/res4d.dtseries.nii","506234","MNINonLinear//Results/tfMRI_MOTOR/tfMRI_MOTOR_hp200_s4_level2_MSMAll.feat/GrayordinatesStats/cope20.feat/res4d.dtseries.nii","wqq60OQiUP7q_5qNz3bSUfR0MIf5274u"
"s3://hcp-openaccess/HCP_1200/506234/MNINonLinear/Results/tfMRI_MOTOR/tfMRI_MOTOR_hp200_s4_level2_MSMAll.feat/GrayordinatesStats/cope20.feat/tdof_t1.dtseries.nii","506234","MNINonLinear//Results/tfMRI_MOTOR/tfMRI_MOTOR_hp200_s4_level2_MSMAll.feat/GrayordinatesStats/cope20.feat/tdof_t1.dtseries.nii","1r0qI7MWIdyLT.dbEzNSt0n91lL_SMSf"
"s3://hcp-openaccess/HCP_1200/506234/MNINonLinear/Results/tfMRI_MOTOR/tfMRI_MOTOR_hp200_s4_level2_MSMAll.feat/GrayordinatesStats/cope20.feat/tstat1.dtseries.nii","506234","MNINonLinear//Results/tfMRI_MOTOR/tfMRI_MOTOR_hp200_s4_level2_MSMAll.feat/GrayordinatesStats/cope20.feat/tstat1.dtseries.nii","OFnpB8XD5iSY0I6oFDO8kbFlgHxk6PCg"
"s3://hcp-openaccess/HCP_1200/506234/MNINonLinear/Results/tfMRI_MOTOR/tfMRI_MOTOR_hp200_s4_level2_MSMAll.feat/GrayordinatesStats/cope20.feat/varcope1.dtseries.nii","506234","MNINonLinear//Results/tfMRI_MOTOR/tfMRI_MOTOR_hp200_s4_level2_MSMAll.feat/GrayordinatesStats/cope20.feat/varcope1.dtseries.nii","VuMzHI76GERErz1HiFNesBypF8vfq6_6"
"s3://hcp-openaccess/HCP_1200/506234/MNINonLinear/Results/tfMRI_MOTOR/tfMRI_MOTOR_hp200_s4_level2_MSMAll.feat/GrayordinatesStats/cope20.feat/weights1.dtseries.nii","506234","MNINonLinear//Results/tfMRI_MOTOR/tfMRI_MOTOR_hp200_s4_level2_MSMAll.feat/GrayordinatesStats/cope20.feat/weights1.dtseries.nii","joOeH.tz3ccVOriHZRW3ZrIoWFnuF_9v"
"s3://hcp-openaccess/HCP_1200/506234/MNINonLinear/Results/tfMRI_MOTOR/tfMRI_MOTOR_hp200_s4_level2_MSMAll.feat/GrayordinatesStats/cope20.feat/zflame1lowertstat1.dtseries.nii","506234","MNINonLinear//Results/tfMRI_MOTOR/tfMRI_MOTOR_hp200_s4_level2_MSMAll.feat/GrayordinatesStats/cope20.feat/zflame1lowertstat1.dtseries.nii","pHLwhMYKlggAB5.Wt.NOg0WIt.a1CNYj"
"s3://hcp-openaccess/HCP_1200/506234/MNINonLinear/Results/tfMRI_MOTOR/tfMRI_MOTOR_hp200_s4_level2_MSMAll.feat/GrayordinatesStats/cope20.feat/zflame1uppertstat1.dtseries.nii","506234","MNINonLinear//Results/tfMRI_MOTOR/tfMRI_MOTOR_hp200_s4_level2_MSMAll.feat/GrayordinatesStats/cope20.feat/zflame1uppertstat1.dtseries.nii","R0DKiRKqCmncH6urRNDhOnDwCY0RoSKR"
"s3://hcp-openaccess/HCP_1200/506234/MNINonLinear/Results/tfMRI_MOTOR/tfMRI_MOTOR_hp200_s4_level2_MSMAll.feat/GrayordinatesStats/cope20.feat/zstat1.dtseries.nii","506234","MNINonLinear//Results/tfMRI_MOTOR/tfMRI_MOTOR_hp200_s4_level2_MSMAll.feat/GrayordinatesStats/cope20.feat/zstat1.dtseries.nii","UHaaKMJLLo3SPkEwQUYODkUV3P0impsL"
"s3://hcp-openaccess/HCP_1200/506234/MNINonLinear/Results/tfMRI_MOTOR/tfMRI_MOTOR_hp200_s4_level2_MSMAll.feat/GrayordinatesStats/cope21.feat/cope1.dtseries.nii","506234","MNINonLinear//Results/tfMRI_MOTOR/tfMRI_MOTOR_hp200_s4_level2_MSMAll.feat/GrayordinatesStats/cope21.feat/cope1.dtseries.nii",".2z073MhHDBopTvHLdLR3KZBp9VO_Ii2"
"s3://hcp-openaccess/HCP_1200/506234/MNINonLinear/Results/tfMRI_MOTOR/tfMRI_MOTOR_hp200_s4_level2_MSMAll.feat/GrayordinatesStats/cope21.feat/logfile","506234","MNINonLinear//Results/tfMRI_MOTOR/tfMRI_MOTOR_hp200_s4_level2_MSMAll.feat/GrayordinatesStats/cope21.feat/logfile","u_KgroHaxHFyjNea0dYUkk.mmqv1jGg7"
"s3://hcp-openaccess/HCP_1200/506234/MNINonLinear/Results/tfMRI_MOTOR/tfMRI_MOTOR_hp200_s4_level2_MSMAll.feat/GrayordinatesStats/cope21.feat/mask.dtseries.nii","506234","MNINonLinear//Results/tfMRI_MOTOR/tfMRI_MOTOR_hp200_s4_level2_MSMAll.feat/GrayordinatesStats/cope21.feat/mask.dtseries.nii","5qlygoSHgelp5RC3x3mzC2Qbmd3ZT58Q"
"s3://hcp-openaccess/HCP_1200/506234/MNINonLinear/Results/tfMRI_MOTOR/tfMRI_MOTOR_hp200_s4_level2_MSMAll.feat/GrayordinatesStats/cope21.feat/mean_random_effects_var1.dtseries.nii","506234","MNINonLinear//Results/tfMRI_MOTOR/tfMRI_MOTOR_hp200_s4_level2_MSMAll.feat/GrayordinatesStats/cope21.feat/mean_random_effects_var1.dtseries.nii","7GSkjYeYATLSJY8t_wY24Fgw9c.15_C1"
"s3://hcp-openaccess/HCP_1200/506234/MNINonLinear/Results/tfMRI_MOTOR/tfMRI_MOTOR_hp200_s4_level2_MSMAll.feat/GrayordinatesStats/cope21.feat/pe1.dtseries.nii","506234","MNINonLinear//Results/tfMRI_MOTOR/tfMRI_MOTOR_hp200_s4_level2_MSMAll.feat/GrayordinatesStats/cope21.feat/pe1.dtseries.nii","34wIRK92aDHa5pFu0tP4HrCGzmSOJC7t"
"s3://hcp-openaccess/HCP_1200/506234/MNINonLinear/Results/tfMRI_MOTOR/tfMRI_MOTOR_hp200_s4_level2_MSMAll.feat/GrayordinatesStats/cope21.feat/res4d.dtseries.nii","506234","MNINonLinear//Results/tfMRI_MOTOR/tfMRI_MOTOR_hp200_s4_level2_MSMAll.feat/GrayordinatesStats/cope21.feat/res4d.dtseries.nii","19UimloIJjQ0cQ0ilv5DJ3GirHWDJOiJ"
"s3://hcp-openaccess/HCP_1200/506234/MNINonLinear/Results/tfMRI_MOTOR/tfMRI_MOTOR_hp200_s4_level2_MSMAll.feat/GrayordinatesStats/cope21.feat/tdof_t1.dtseries.nii","506234","MNINonLinear//Results/tfMRI_MOTOR/tfMRI_MOTOR_hp200_s4_level2_MSMAll.feat/GrayordinatesStats/cope21.feat/tdof_t1.dtseries.nii","gbUYWElQ_obpCzN24oZ3JwDnR3O_W7e3"
"s3://hcp-openaccess/HCP_1200/506234/MNINonLinear/Results/tfMRI_MOTOR/tfMRI_MOTOR_hp200_s4_level2_MSMAll.feat/GrayordinatesStats/cope21.feat/tstat1.dtseries.nii","506234","MNINonLinear//Results/tfMRI_MOTOR/tfMRI_MOTOR_hp200_s4_level2_MSMAll.feat/GrayordinatesStats/cope21.feat/tstat1.dtseries.nii","AGzpFYzxG9XneUsIa2yZMoafIO5AFYub"
"s3://hcp-openaccess/HCP_1200/506234/MNINonLinear/Results/tfMRI_MOTOR/tfMRI_MOTOR_hp200_s4_level2_MSMAll.feat/GrayordinatesStats/cope21.feat/varcope1.dtseries.nii","506234","MNINonLinear//Results/tfMRI_MOTOR/tfMRI_MOTOR_hp200_s4_level2_MSMAll.feat/GrayordinatesStats/cope21.feat/varcope1.dtseries.nii","FjbI113bNFzLE34R6gwMSJtZ7YeIkJGO"
"s3://hcp-openaccess/HCP_1200/506234/MNINonLinear/Results/tfMRI_MOTOR/tfMRI_MOTOR_hp200_s4_level2_MSMAll.feat/GrayordinatesStats/cope21.feat/weights1.dtseries.nii","506234","MNINonLinear//Results/tfMRI_MOTOR/tfMRI_MOTOR_hp200_s4_level2_MSMAll.feat/GrayordinatesStats/cope21.feat/weights1.dtseries.nii","Ql3V3Y.ANJ5rtan.Er2N1iDJZ8f2UMSm"
"s3://hcp-openaccess/HCP_1200/506234/MNINonLinear/Results/tfMRI_MOTOR/tfMRI_MOTOR_hp200_s4_level2_MSMAll.feat/GrayordinatesStats/cope21.feat/zflame1lowertstat1.dtseries.nii","506234","MNINonLinear//Results/tfMRI_MOTOR/tfMRI_MOTOR_hp200_s4_level2_MSMAll.feat/GrayordinatesStats/cope21.feat/zflame1lowertstat1.dtseries.nii","t6U0TiERUE_X5KzcyfrGGQ_2q6B6IwZY"
"s3://hcp-openaccess/HCP_1200/506234/MNINonLinear/Results/tfMRI_MOTOR/tfMRI_MOTOR_hp200_s4_level2_MSMAll.feat/GrayordinatesStats/cope21.feat/zflame1uppertstat1.dtseries.nii","506234","MNINonLinear//Results/tfMRI_MOTOR/tfMRI_MOTOR_hp200_s4_level2_MSMAll.feat/GrayordinatesStats/cope21.feat/zflame1uppertstat1.dtseries.nii","9x20_4AyuN1tTx2l6V9D6DJgjgco7p2c"
"s3://hcp-openaccess/HCP_1200/506234/MNINonLinear/Results/tfMRI_MOTOR/tfMRI_MOTOR_hp200_s4_level2_MSMAll.feat/GrayordinatesStats/cope21.feat/zstat1.dtseries.nii","506234","MNINonLinear//Results/tfMRI_MOTOR/tfMRI_MOTOR_hp200_s4_level2_MSMAll.feat/GrayordinatesStats/cope21.feat/zstat1.dtseries.nii","jC7TX8Bz04Lmb_nhXuM3OndHXdvqkJyE"
"s3://hcp-openaccess/HCP_1200/506234/MNINonLinear/Results/tfMRI_MOTOR/tfMRI_MOTOR_hp200_s4_level2_MSMAll.feat/GrayordinatesStats/cope22.feat/cope1.dtseries.nii","506234","MNINonLinear//Results/tfMRI_MOTOR/tfMRI_MOTOR_hp200_s4_level2_MSMAll.feat/GrayordinatesStats/cope22.feat/cope1.dtseries.nii","KagSEser7eHVljDOSld9inFq2Z3vVeRO"
"s3://hcp-openaccess/HCP_1200/506234/MNINonLinear/Results/tfMRI_MOTOR/tfMRI_MOTOR_hp200_s4_level2_MSMAll.feat/GrayordinatesStats/cope22.feat/logfile","506234","MNINonLinear//Results/tfMRI_MOTOR/tfMRI_MOTOR_hp200_s4_level2_MSMAll.feat/GrayordinatesStats/cope22.feat/logfile","ABe7michwx3MwDXlG.fsdQkTaQlFeYCM"
"s3://hcp-openaccess/HCP_1200/506234/MNINonLinear/Results/tfMRI_MOTOR/tfMRI_MOTOR_hp200_s4_level2_MSMAll.feat/GrayordinatesStats/cope22.feat/mask.dtseries.nii","506234","MNINonLinear//Results/tfMRI_MOTOR/tfMRI_MOTOR_hp200_s4_level2_MSMAll.feat/GrayordinatesStats/cope22.feat/mask.dtseries.nii","s2VdQCdCdYf68L57Hd_EJ8PrayPy4m_R"
"s3://hcp-openaccess/HCP_1200/506234/MNINonLinear/Results/tfMRI_MOTOR/tfMRI_MOTOR_hp200_s4_level2_MSMAll.feat/GrayordinatesStats/cope22.feat/mean_random_effects_var1.dtseries.nii","506234","MNINonLinear//Results/tfMRI_MOTOR/tfMRI_MOTOR_hp200_s4_level2_MSMAll.feat/GrayordinatesStats/cope22.feat/mean_random_effects_var1.dtseries.nii","vCClAsdWbGJSJmXddNitZOR63lpWmFhe"
"s3://hcp-openaccess/HCP_1200/506234/MNINonLinear/Results/tfMRI_MOTOR/tfMRI_MOTOR_hp200_s4_level2_MSMAll.feat/GrayordinatesStats/cope22.feat/pe1.dtseries.nii","506234","MNINonLinear//Results/tfMRI_MOTOR/tfMRI_MOTOR_hp200_s4_level2_MSMAll.feat/GrayordinatesStats/cope22.feat/pe1.dtseries.nii","KG97Ea9mBOsXDed1F.B0USijcn7NJ8rm"
"s3://hcp-openaccess/HCP_1200/506234/MNINonLinear/Results/tfMRI_MOTOR/tfMRI_MOTOR_hp200_s4_level2_MSMAll.feat/GrayordinatesStats/cope22.feat/res4d.dtseries.nii","506234","MNINonLinear//Results/tfMRI_MOTOR/tfMRI_MOTOR_hp200_s4_level2_MSMAll.feat/GrayordinatesStats/cope22.feat/res4d.dtseries.nii","HO6Ii6z5dDHLfxW1ew6zmbsVRmLMXrdD"
"s3://hcp-openaccess/HCP_1200/506234/MNINonLinear/Results/tfMRI_MOTOR/tfMRI_MOTOR_hp200_s4_level2_MSMAll.feat/GrayordinatesStats/cope22.feat/tdof_t1.dtseries.nii","506234","MNINonLinear//Results/tfMRI_MOTOR/tfMRI_MOTOR_hp200_s4_level2_MSMAll.feat/GrayordinatesStats/cope22.feat/tdof_t1.dtseries.nii","hvsyBqwoTnckFREkN6hzReEyovYdMPGq"
"s3://hcp-openaccess/HCP_1200/506234/MNINonLinear/Results/tfMRI_MOTOR/tfMRI_MOTOR_hp200_s4_level2_MSMAll.feat/GrayordinatesStats/cope22.feat/tstat1.dtseries.nii","506234","MNINonLinear//Results/tfMRI_MOTOR/tfMRI_MOTOR_hp200_s4_level2_MSMAll.feat/GrayordinatesStats/cope22.feat/tstat1.dtseries.nii","wVCkBeHIImjH_EhycOU_WQHhDkgwXyH5"
"s3://hcp-openaccess/HCP_1200/506234/MNINonLinear/Results/tfMRI_MOTOR/tfMRI_MOTOR_hp200_s4_level2_MSMAll.feat/GrayordinatesStats/cope22.feat/varcope1.dtseries.nii","506234","MNINonLinear//Results/tfMRI_MOTOR/tfMRI_MOTOR_hp200_s4_level2_MSMAll.feat/GrayordinatesStats/cope22.feat/varcope1.dtseries.nii","1RvD1VpVJiLrNuhS9DtQRN0RPzqJPD1o"
"s3://hcp-openaccess/HCP_1200/506234/MNINonLinear/Results/tfMRI_MOTOR/tfMRI_MOTOR_hp200_s4_level2_MSMAll.feat/GrayordinatesStats/cope22.feat/weights1.dtseries.nii","506234","MNINonLinear//Results/tfMRI_MOTOR/tfMRI_MOTOR_hp200_s4_level2_MSMAll.feat/GrayordinatesStats/cope22.feat/weights1.dtseries.nii","IcuDaKZfWUtblvybOoAYWBN4tx0cuVyv"
"s3://hcp-openaccess/HCP_1200/506234/MNINonLinear/Results/tfMRI_MOTOR/tfMRI_MOTOR_hp200_s4_level2_MSMAll.feat/GrayordinatesStats/cope22.feat/zflame1lowertstat1.dtseries.nii","506234","MNINonLinear//Results/tfMRI_MOTOR/tfMRI_MOTOR_hp200_s4_level2_MSMAll.feat/GrayordinatesStats/cope22.feat/zflame1lowertstat1.dtseries.nii","QLhkw4yLafHpjqNdGrdiYBBRfS.ZVPKr"
"s3://hcp-openaccess/HCP_1200/506234/MNINonLinear/Results/tfMRI_MOTOR/tfMRI_MOTOR_hp200_s4_level2_MSMAll.feat/GrayordinatesStats/cope22.feat/zflame1uppertstat1.dtseries.nii","506234","MNINonLinear//Results/tfMRI_MOTOR/tfMRI_MOTOR_hp200_s4_level2_MSMAll.feat/GrayordinatesStats/cope22.feat/zflame1uppertstat1.dtseries.nii","dFRGNAi4KmmNwHm.7sKOUoc7fRzQdVrs"
"s3://hcp-openaccess/HCP_1200/506234/MNINonLinear/Results/tfMRI_MOTOR/tfMRI_MOTOR_hp200_s4_level2_MSMAll.feat/GrayordinatesStats/cope22.feat/zstat1.dtseries.nii","506234","MNINonLinear//Results/tfMRI_MOTOR/tfMRI_MOTOR_hp200_s4_level2_MSMAll.feat/GrayordinatesStats/cope22.feat/zstat1.dtseries.nii","YeSNjhsBiSUZTXsvP85mI.9yJAiRBolI"
"s3://hcp-openaccess/HCP_1200/506234/MNINonLinear/Results/tfMRI_MOTOR/tfMRI_MOTOR_hp200_s4_level2_MSMAll.feat/GrayordinatesStats/cope23.feat/cope1.dtseries.nii","506234","MNINonLinear//Results/tfMRI_MOTOR/tfMRI_MOTOR_hp200_s4_level2_MSMAll.feat/GrayordinatesStats/cope23.feat/cope1.dtseries.nii","5TvGQwkh.azvd8UB9sqcL9uaQ23hXUBi"
"s3://hcp-openaccess/HCP_1200/506234/MNINonLinear/Results/tfMRI_MOTOR/tfMRI_MOTOR_hp200_s4_level2_MSMAll.feat/GrayordinatesStats/cope23.feat/logfile","506234","MNINonLinear//Results/tfMRI_MOTOR/tfMRI_MOTOR_hp200_s4_level2_MSMAll.feat/GrayordinatesStats/cope23.feat/logfile","dEYMpu8rRUcgdsNJz0CBlg91QK5642gX"
"s3://hcp-openaccess/HCP_1200/506234/MNINonLinear/Results/tfMRI_MOTOR/tfMRI_MOTOR_hp200_s4_level2_MSMAll.feat/GrayordinatesStats/cope23.feat/mask.dtseries.nii","506234","MNINonLinear//Results/tfMRI_MOTOR/tfMRI_MOTOR_hp200_s4_level2_MSMAll.feat/GrayordinatesStats/cope23.feat/mask.dtseries.nii","N2IUNO3aw_2H.wB2YIRvjFqeTES8kV5s"
"s3://hcp-openaccess/HCP_1200/506234/MNINonLinear/Results/tfMRI_MOTOR/tfMRI_MOTOR_hp200_s4_level2_MSMAll.feat/GrayordinatesStats/cope23.feat/mean_random_effects_var1.dtseries.nii","506234","MNINonLinear//Results/tfMRI_MOTOR/tfMRI_MOTOR_hp200_s4_level2_MSMAll.feat/GrayordinatesStats/cope23.feat/mean_random_effects_var1.dtseries.nii","40DqeohPZuMClTlBNXA3xYUO8bSaF81k"
"s3://hcp-openaccess/HCP_1200/506234/MNINonLinear/Results/tfMRI_MOTOR/tfMRI_MOTOR_hp200_s4_level2_MSMAll.feat/GrayordinatesStats/cope23.feat/pe1.dtseries.nii","506234","MNINonLinear//Results/tfMRI_MOTOR/tfMRI_MOTOR_hp200_s4_level2_MSMAll.feat/GrayordinatesStats/cope23.feat/pe1.dtseries.nii","_RhaQ6D2zWW4MYBzcNJJQ_Psg1Sy7w17"
"s3://hcp-openaccess/HCP_1200/506234/MNINonLinear/Results/tfMRI_MOTOR/tfMRI_MOTOR_hp200_s4_level2_MSMAll.feat/GrayordinatesStats/cope23.feat/res4d.dtseries.nii","506234","MNINonLinear//Results/tfMRI_MOTOR/tfMRI_MOTOR_hp200_s4_level2_MSMAll.feat/GrayordinatesStats/cope23.feat/res4d.dtseries.nii","etleJdLDkOp8LbI6cupDwkhmr0HV2mLs"
"s3://hcp-openaccess/HCP_1200/506234/MNINonLinear/Results/tfMRI_MOTOR/tfMRI_MOTOR_hp200_s4_level2_MSMAll.feat/GrayordinatesStats/cope23.feat/tdof_t1.dtseries.nii","506234","MNINonLinear//Results/tfMRI_MOTOR/tfMRI_MOTOR_hp200_s4_level2_MSMAll.feat/GrayordinatesStats/cope23.feat/tdof_t1.dtseries.nii","LDmAINy7Fqxjfw_yp3sZxKzqINtaa62g"
"s3://hcp-openaccess/HCP_1200/506234/MNINonLinear/Results/tfMRI_MOTOR/tfMRI_MOTOR_hp200_s4_level2_MSMAll.feat/GrayordinatesStats/cope23.feat/tstat1.dtseries.nii","506234","MNINonLinear//Results/tfMRI_MOTOR/tfMRI_MOTOR_hp200_s4_level2_MSMAll.feat/GrayordinatesStats/cope23.feat/tstat1.dtseries.nii","n6l3F21YrpSY_4lvQZ2.a6hramugMob9"
"s3://hcp-openaccess/HCP_1200/506234/MNINonLinear/Results/tfMRI_MOTOR/tfMRI_MOTOR_hp200_s4_level2_MSMAll.feat/GrayordinatesStats/cope23.feat/varcope1.dtseries.nii","506234","MNINonLinear//Results/tfMRI_MOTOR/tfMRI_MOTOR_hp200_s4_level2_MSMAll.feat/GrayordinatesStats/cope23.feat/varcope1.dtseries.nii","odyhb1o7o3BH01PZ8.9yhgU0CMccXArG"
"s3://hcp-openaccess/HCP_1200/506234/MNINonLinear/Results/tfMRI_MOTOR/tfMRI_MOTOR_hp200_s4_level2_MSMAll.feat/GrayordinatesStats/cope23.feat/weights1.dtseries.nii","506234","MNINonLinear//Results/tfMRI_MOTOR/tfMRI_MOTOR_hp200_s4_level2_MSMAll.feat/GrayordinatesStats/cope23.feat/weights1.dtseries.nii","yvrH1CG0dfTGzNtA.bBzgQp10CC2aP2f"
"s3://hcp-openaccess/HCP_1200/506234/MNINonLinear/Results/tfMRI_MOTOR/tfMRI_MOTOR_hp200_s4_level2_MSMAll.feat/GrayordinatesStats/cope23.feat/zflame1lowertstat1.dtseries.nii","506234","MNINonLinear//Results/tfMRI_MOTOR/tfMRI_MOTOR_hp200_s4_level2_MSMAll.feat/GrayordinatesStats/cope23.feat/zflame1lowertstat1.dtseries.nii","fxGSzj.kGe3_UBABn3bmCPTOUZgo6jvT"
"s3://hcp-openaccess/HCP_1200/506234/MNINonLinear/Results/tfMRI_MOTOR/tfMRI_MOTOR_hp200_s4_level2_MSMAll.feat/GrayordinatesStats/cope23.feat/zflame1uppertstat1.dtseries.nii","506234","MNINonLinear//Results/tfMRI_MOTOR/tfMRI_MOTOR_hp200_s4_level2_MSMAll.feat/GrayordinatesStats/cope23.feat/zflame1uppertstat1.dtseries.nii","9GwytiYfhqo3VfQG2cRO6YI7srk0vH8g"
"s3://hcp-openaccess/HCP_1200/506234/MNINonLinear/Results/tfMRI_MOTOR/tfMRI_MOTOR_hp200_s4_level2_MSMAll.feat/GrayordinatesStats/cope23.feat/zstat1.dtseries.nii","506234","MNINonLinear//Results/tfMRI_MOTOR/tfMRI_MOTOR_hp200_s4_level2_MSMAll.feat/GrayordinatesStats/cope23.feat/zstat1.dtseries.nii","q4E7wtXU6Ll6g0xZ1dKmpxJKs3OUVKFv"
"s3://hcp-openaccess/HCP_1200/506234/MNINonLinear/Results/tfMRI_MOTOR/tfMRI_MOTOR_hp200_s4_level2_MSMAll.feat/GrayordinatesStats/cope24.feat/cope1.dtseries.nii","506234","MNINonLinear//Results/tfMRI_MOTOR/tfMRI_MOTOR_hp200_s4_level2_MSMAll.feat/GrayordinatesStats/cope24.feat/cope1.dtseries.nii","rp4dukKJFUTX6qivcQnuGC.ABtI964_d"
"s3://hcp-openaccess/HCP_1200/506234/MNINonLinear/Results/tfMRI_MOTOR/tfMRI_MOTOR_hp200_s4_level2_MSMAll.feat/GrayordinatesStats/cope24.feat/logfile","506234","MNINonLinear//Results/tfMRI_MOTOR/tfMRI_MOTOR_hp200_s4_level2_MSMAll.feat/GrayordinatesStats/cope24.feat/logfile","Z26iZMMEHovc6T2.HbK.jdIx7KhOm5Hz"
"s3://hcp-openaccess/HCP_1200/506234/MNINonLinear/Results/tfMRI_MOTOR/tfMRI_MOTOR_hp200_s4_level2_MSMAll.feat/GrayordinatesStats/cope24.feat/mask.dtseries.nii","506234","MNINonLinear//Results/tfMRI_MOTOR/tfMRI_MOTOR_hp200_s4_level2_MSMAll.feat/GrayordinatesStats/cope24.feat/mask.dtseries.nii","IF9d7oomHgWEvwoWKeIfyQAu6n7Ia.Vl"
"s3://hcp-openaccess/HCP_1200/506234/MNINonLinear/Results/tfMRI_MOTOR/tfMRI_MOTOR_hp200_s4_level2_MSMAll.feat/GrayordinatesStats/cope24.feat/mean_random_effects_var1.dtseries.nii","506234","MNINonLinear//Results/tfMRI_MOTOR/tfMRI_MOTOR_hp200_s4_level2_MSMAll.feat/GrayordinatesStats/cope24.feat/mean_random_effects_var1.dtseries.nii","YH_omIvPcbIk59HoKZlIUxZvAv1QOr9T"
"s3://hcp-openaccess/HCP_1200/506234/MNINonLinear/Results/tfMRI_MOTOR/tfMRI_MOTOR_hp200_s4_level2_MSMAll.feat/GrayordinatesStats/cope24.feat/pe1.dtseries.nii","506234","MNINonLinear//Results/tfMRI_MOTOR/tfMRI_MOTOR_hp200_s4_level2_MSMAll.feat/GrayordinatesStats/cope24.feat/pe1.dtseries.nii","7PIb0B6iwmJji0Tgk3DVxtK0gxKJftqY"
"s3://hcp-openaccess/HCP_1200/506234/MNINonLinear/Results/tfMRI_MOTOR/tfMRI_MOTOR_hp200_s4_level2_MSMAll.feat/GrayordinatesStats/cope24.feat/res4d.dtseries.nii","506234","MNINonLinear//Results/tfMRI_MOTOR/tfMRI_MOTOR_hp200_s4_level2_MSMAll.feat/GrayordinatesStats/cope24.feat/res4d.dtseries.nii","APO_N8VE9Z0.3yDDBYEzCqzbkTAAXOpX"
"s3://hcp-openaccess/HCP_1200/506234/MNINonLinear/Results/tfMRI_MOTOR/tfMRI_MOTOR_hp200_s4_level2_MSMAll.feat/GrayordinatesStats/cope24.feat/tdof_t1.dtseries.nii","506234","MNINonLinear//Results/tfMRI_MOTOR/tfMRI_MOTOR_hp200_s4_level2_MSMAll.feat/GrayordinatesStats/cope24.feat/tdof_t1.dtseries.nii","wqh8vUfapydAHqaZyYaPd4Lrmb4i2WsF"
"s3://hcp-openaccess/HCP_1200/506234/MNINonLinear/Results/tfMRI_MOTOR/tfMRI_MOTOR_hp200_s4_level2_MSMAll.feat/GrayordinatesStats/cope24.feat/tstat1.dtseries.nii","506234","MNINonLinear//Results/tfMRI_MOTOR/tfMRI_MOTOR_hp200_s4_level2_MSMAll.feat/GrayordinatesStats/cope24.feat/tstat1.dtseries.nii","H9Ma.P31OuWz0Ea8SrifJmkI.7E1kD9O"
"s3://hcp-openaccess/HCP_1200/506234/MNINonLinear/Results/tfMRI_MOTOR/tfMRI_MOTOR_hp200_s4_level2_MSMAll.feat/GrayordinatesStats/cope24.feat/varcope1.dtseries.nii","506234","MNINonLinear//Results/tfMRI_MOTOR/tfMRI_MOTOR_hp200_s4_level2_MSMAll.feat/GrayordinatesStats/cope24.feat/varcope1.dtseries.nii","lFDoRuJKxqmWqd2yt5LduVG99uwzVRLq"
"s3://hcp-openaccess/HCP_1200/506234/MNINonLinear/Results/tfMRI_MOTOR/tfMRI_MOTOR_hp200_s4_level2_MSMAll.feat/GrayordinatesStats/cope24.feat/weights1.dtseries.nii","506234","MNINonLinear//Results/tfMRI_MOTOR/tfMRI_MOTOR_hp200_s4_level2_MSMAll.feat/GrayordinatesStats/cope24.feat/weights1.dtseries.nii","f39i9yRzKL7MVk_ReZ3ub.aa88iAN7g3"
"s3://hcp-openaccess/HCP_1200/506234/MNINonLinear/Results/tfMRI_MOTOR/tfMRI_MOTOR_hp200_s4_level2_MSMAll.feat/GrayordinatesStats/cope24.feat/zflame1lowertstat1.dtseries.nii","506234","MNINonLinear//Results/tfMRI_MOTOR/tfMRI_MOTOR_hp200_s4_level2_MSMAll.feat/GrayordinatesStats/cope24.feat/zflame1lowertstat1.dtseries.nii","Y9yO9CF0GDNxCtC0BzSG0iuxuBxlhXtC"
"s3://hcp-openaccess/HCP_1200/506234/MNINonLinear/Results/tfMRI_MOTOR/tfMRI_MOTOR_hp200_s4_level2_MSMAll.feat/GrayordinatesStats/cope24.feat/zflame1uppertstat1.dtseries.nii","506234","MNINonLinear//Results/tfMRI_MOTOR/tfMRI_MOTOR_hp200_s4_level2_MSMAll.feat/GrayordinatesStats/cope24.feat/zflame1uppertstat1.dtseries.nii","ig8lXpRGElklifowHIKr90ZJ7gyGuA2g"
"s3://hcp-openaccess/HCP_1200/506234/MNINonLinear/Results/tfMRI_MOTOR/tfMRI_MOTOR_hp200_s4_level2_MSMAll.feat/GrayordinatesStats/cope24.feat/zstat1.dtseries.nii","506234","MNINonLinear//Results/tfMRI_MOTOR/tfMRI_MOTOR_hp200_s4_level2_MSMAll.feat/GrayordinatesStats/cope24.feat/zstat1.dtseries.nii","vbdVl0CHLlAC34dq2mrjc46_9i0lICoL"
"s3://hcp-openaccess/HCP_1200/506234/MNINonLinear/Results/tfMRI_MOTOR/tfMRI_MOTOR_hp200_s4_level2_MSMAll.feat/GrayordinatesStats/cope25.feat/cope1.dtseries.nii","506234","MNINonLinear//Results/tfMRI_MOTOR/tfMRI_MOTOR_hp200_s4_level2_MSMAll.feat/GrayordinatesStats/cope25.feat/cope1.dtseries.nii","mjEy4v6W1MwQnF7kX.f62kHsD55aZFgs"
"s3://hcp-openaccess/HCP_1200/506234/MNINonLinear/Results/tfMRI_MOTOR/tfMRI_MOTOR_hp200_s4_level2_MSMAll.feat/GrayordinatesStats/cope25.feat/logfile","506234","MNINonLinear//Results/tfMRI_MOTOR/tfMRI_MOTOR_hp200_s4_level2_MSMAll.feat/GrayordinatesStats/cope25.feat/logfile","K.ft3XKLtbJroyxJWPCuKUOzlTuFuHRv"
"s3://hcp-openaccess/HCP_1200/506234/MNINonLinear/Results/tfMRI_MOTOR/tfMRI_MOTOR_hp200_s4_level2_MSMAll.feat/GrayordinatesStats/cope25.feat/mask.dtseries.nii","506234","MNINonLinear//Results/tfMRI_MOTOR/tfMRI_MOTOR_hp200_s4_level2_MSMAll.feat/GrayordinatesStats/cope25.feat/mask.dtseries.nii","ghwHj7kYOGFV0mAA957H7D8hlPK9fO9q"
"s3://hcp-openaccess/HCP_1200/506234/MNINonLinear/Results/tfMRI_MOTOR/tfMRI_MOTOR_hp200_s4_level2_MSMAll.feat/GrayordinatesStats/cope25.feat/mean_random_effects_var1.dtseries.nii","506234","MNINonLinear//Results/tfMRI_MOTOR/tfMRI_MOTOR_hp200_s4_level2_MSMAll.feat/GrayordinatesStats/cope25.feat/mean_random_effects_var1.dtseries.nii","Uz20XUnuhVFLKcNERW9.sTSUc66M6IbJ"
"s3://hcp-openaccess/HCP_1200/506234/MNINonLinear/Results/tfMRI_MOTOR/tfMRI_MOTOR_hp200_s4_level2_MSMAll.feat/GrayordinatesStats/cope25.feat/pe1.dtseries.nii","506234","MNINonLinear//Results/tfMRI_MOTOR/tfMRI_MOTOR_hp200_s4_level2_MSMAll.feat/GrayordinatesStats/cope25.feat/pe1.dtseries.nii","NfzLDYYP1vzOe2kgb94hp66tiShwk__."
"s3://hcp-openaccess/HCP_1200/506234/MNINonLinear/Results/tfMRI_MOTOR/tfMRI_MOTOR_hp200_s4_level2_MSMAll.feat/GrayordinatesStats/cope25.feat/res4d.dtseries.nii","506234","MNINonLinear//Results/tfMRI_MOTOR/tfMRI_MOTOR_hp200_s4_level2_MSMAll.feat/GrayordinatesStats/cope25.feat/res4d.dtseries.nii","ZRPlnwRpwiQpe19RHjg9UKfJw3..BGcc"
"s3://hcp-openaccess/HCP_1200/506234/MNINonLinear/Results/tfMRI_MOTOR/tfMRI_MOTOR_hp200_s4_level2_MSMAll.feat/GrayordinatesStats/cope25.feat/tdof_t1.dtseries.nii","506234","MNINonLinear//Results/tfMRI_MOTOR/tfMRI_MOTOR_hp200_s4_level2_MSMAll.feat/GrayordinatesStats/cope25.feat/tdof_t1.dtseries.nii","zVtOXLWM_fPPXfEcmH0JuEFpwfTG3In_"
"s3://hcp-openaccess/HCP_1200/506234/MNINonLinear/Results/tfMRI_MOTOR/tfMRI_MOTOR_hp200_s4_level2_MSMAll.feat/GrayordinatesStats/cope25.feat/tstat1.dtseries.nii","506234","MNINonLinear//Results/tfMRI_MOTOR/tfMRI_MOTOR_hp200_s4_level2_MSMAll.feat/GrayordinatesStats/cope25.feat/tstat1.dtseries.nii","l2LH_qzriJhYydd3P7s7VyP1ZF1HPMbs"
"s3://hcp-openaccess/HCP_1200/506234/MNINonLinear/Results/tfMRI_MOTOR/tfMRI_MOTOR_hp200_s4_level2_MSMAll.feat/GrayordinatesStats/cope25.feat/varcope1.dtseries.nii","506234","MNINonLinear//Results/tfMRI_MOTOR/tfMRI_MOTOR_hp200_s4_level2_MSMAll.feat/GrayordinatesStats/cope25.feat/varcope1.dtseries.nii","BoNIY1LyzmzaQ..FKtd5dCxfuU6eo_Yu"
"s3://hcp-openaccess/HCP_1200/506234/MNINonLinear/Results/tfMRI_MOTOR/tfMRI_MOTOR_hp200_s4_level2_MSMAll.feat/GrayordinatesStats/cope25.feat/weights1.dtseries.nii","506234","MNINonLinear//Results/tfMRI_MOTOR/tfMRI_MOTOR_hp200_s4_level2_MSMAll.feat/GrayordinatesStats/cope25.feat/weights1.dtseries.nii","mONWRkfxQ_VDfDWf8H2eJ3BhZjFTgLJz"
"s3://hcp-openaccess/HCP_1200/506234/MNINonLinear/Results/tfMRI_MOTOR/tfMRI_MOTOR_hp200_s4_level2_MSMAll.feat/GrayordinatesStats/cope25.feat/zflame1lowertstat1.dtseries.nii","506234","MNINonLinear//Results/tfMRI_MOTOR/tfMRI_MOTOR_hp200_s4_level2_MSMAll.feat/GrayordinatesStats/cope25.feat/zflame1lowertstat1.dtseries.nii","DRoa42wdmY6f32jSdSaAakNcAX6QEwNz"
"s3://hcp-openaccess/HCP_1200/506234/MNINonLinear/Results/tfMRI_MOTOR/tfMRI_MOTOR_hp200_s4_level2_MSMAll.feat/GrayordinatesStats/cope25.feat/zflame1uppertstat1.dtseries.nii","506234","MNINonLinear//Results/tfMRI_MOTOR/tfMRI_MOTOR_hp200_s4_level2_MSMAll.feat/GrayordinatesStats/cope25.feat/zflame1uppertstat1.dtseries.nii","tjM1pA4cR9KKrleE70WGKHwIuYpIqq1U"
"s3://hcp-openaccess/HCP_1200/506234/MNINonLinear/Results/tfMRI_MOTOR/tfMRI_MOTOR_hp200_s4_level2_MSMAll.feat/GrayordinatesStats/cope25.feat/zstat1.dtseries.nii","506234","MNINonLinear//Results/tfMRI_MOTOR/tfMRI_MOTOR_hp200_s4_level2_MSMAll.feat/GrayordinatesStats/cope25.feat/zstat1.dtseries.nii","tsmr4qOlPt6XqL2bPmFa6E9RAAuwQbW3"
"s3://hcp-openaccess/HCP_1200/506234/MNINonLinear/Results/tfMRI_MOTOR/tfMRI_MOTOR_hp200_s4_level2_MSMAll.feat/GrayordinatesStats/cope26.feat/cope1.dtseries.nii","506234","MNINonLinear//Results/tfMRI_MOTOR/tfMRI_MOTOR_hp200_s4_level2_MSMAll.feat/GrayordinatesStats/cope26.feat/cope1.dtseries.nii","opw5_y.ilOlzp9xPiEkFPG6Lli9nV4PH"
"s3://hcp-openaccess/HCP_1200/506234/MNINonLinear/Results/tfMRI_MOTOR/tfMRI_MOTOR_hp200_s4_level2_MSMAll.feat/GrayordinatesStats/cope26.feat/logfile","506234","MNINonLinear//Results/tfMRI_MOTOR/tfMRI_MOTOR_hp200_s4_level2_MSMAll.feat/GrayordinatesStats/cope26.feat/logfile","EsU2HW.k0dCQR.zhFiPNQMVkgSfr8p9H"
"s3://hcp-openaccess/HCP_1200/506234/MNINonLinear/Results/tfMRI_MOTOR/tfMRI_MOTOR_hp200_s4_level2_MSMAll.feat/GrayordinatesStats/cope26.feat/mask.dtseries.nii","506234","MNINonLinear//Results/tfMRI_MOTOR/tfMRI_MOTOR_hp200_s4_level2_MSMAll.feat/GrayordinatesStats/cope26.feat/mask.dtseries.nii","8uTVpmMhXlQxPm2IHY.G4J9owHWxVMUo"
"s3://hcp-openaccess/HCP_1200/506234/MNINonLinear/Results/tfMRI_MOTOR/tfMRI_MOTOR_hp200_s4_level2_MSMAll.feat/GrayordinatesStats/cope26.feat/mean_random_effects_var1.dtseries.nii","506234","MNINonLinear//Results/tfMRI_MOTOR/tfMRI_MOTOR_hp200_s4_level2_MSMAll.feat/GrayordinatesStats/cope26.feat/mean_random_effects_var1.dtseries.nii","cbjMIuUZYCnMPySn14lkJ_j8wb7y_CIV"
"s3://hcp-openaccess/HCP_1200/506234/MNINonLinear/Results/tfMRI_MOTOR/tfMRI_MOTOR_hp200_s4_level2_MSMAll.feat/GrayordinatesStats/cope26.feat/pe1.dtseries.nii","506234","MNINonLinear//Results/tfMRI_MOTOR/tfMRI_MOTOR_hp200_s4_level2_MSMAll.feat/GrayordinatesStats/cope26.feat/pe1.dtseries.nii","GiGDXxlc13mN3860vFGX7Qk1ZtHoBDBc"
"s3://hcp-openaccess/HCP_1200/506234/MNINonLinear/Results/tfMRI_MOTOR/tfMRI_MOTOR_hp200_s4_level2_MSMAll.feat/GrayordinatesStats/cope26.feat/res4d.dtseries.nii","506234","MNINonLinear//Results/tfMRI_MOTOR/tfMRI_MOTOR_hp200_s4_level2_MSMAll.feat/GrayordinatesStats/cope26.feat/res4d.dtseries.nii","agOnVPSyiD4jPW8n72AdyfzEiG9ovnrx"
"s3://hcp-openaccess/HCP_1200/506234/MNINonLinear/Results/tfMRI_MOTOR/tfMRI_MOTOR_hp200_s4_level2_MSMAll.feat/GrayordinatesStats/cope26.feat/tdof_t1.dtseries.nii","506234","MNINonLinear//Results/tfMRI_MOTOR/tfMRI_MOTOR_hp200_s4_level2_MSMAll.feat/GrayordinatesStats/cope26.feat/tdof_t1.dtseries.nii","e6ES.OJO5sajfy.NsuHSzJqysQN9FTRU"
"s3://hcp-openaccess/HCP_1200/506234/MNINonLinear/Results/tfMRI_MOTOR/tfMRI_MOTOR_hp200_s4_level2_MSMAll.feat/GrayordinatesStats/cope26.feat/tstat1.dtseries.nii","506234","MNINonLinear//Results/tfMRI_MOTOR/tfMRI_MOTOR_hp200_s4_level2_MSMAll.feat/GrayordinatesStats/cope26.feat/tstat1.dtseries.nii","d3.wmb_F0uBZ.f5FgecF5DbLVbWrKORi"
"s3://hcp-openaccess/HCP_1200/506234/MNINonLinear/Results/tfMRI_MOTOR/tfMRI_MOTOR_hp200_s4_level2_MSMAll.feat/GrayordinatesStats/cope26.feat/varcope1.dtseries.nii","506234","MNINonLinear//Results/tfMRI_MOTOR/tfMRI_MOTOR_hp200_s4_level2_MSMAll.feat/GrayordinatesStats/cope26.feat/varcope1.dtseries.nii","wDeJ2LA.7nj44Nsjt1_oOP7jMvTmCrSb"
"s3://hcp-openaccess/HCP_1200/506234/MNINonLinear/Results/tfMRI_MOTOR/tfMRI_MOTOR_hp200_s4_level2_MSMAll.feat/GrayordinatesStats/cope26.feat/weights1.dtseries.nii","506234","MNINonLinear//Results/tfMRI_MOTOR/tfMRI_MOTOR_hp200_s4_level2_MSMAll.feat/GrayordinatesStats/cope26.feat/weights1.dtseries.nii","g5HQxitgwYXzaVoAThrDGwWf16Twjo86"
"s3://hcp-openaccess/HCP_1200/506234/MNINonLinear/Results/tfMRI_MOTOR/tfMRI_MOTOR_hp200_s4_level2_MSMAll.feat/GrayordinatesStats/cope26.feat/zflame1lowertstat1.dtseries.nii","506234","MNINonLinear//Results/tfMRI_MOTOR/tfMRI_MOTOR_hp200_s4_level2_MSMAll.feat/GrayordinatesStats/cope26.feat/zflame1lowertstat1.dtseries.nii","_dW_s43k8ixxtEcSvhVF1G4IY7w5y5Ny"
"s3://hcp-openaccess/HCP_1200/506234/MNINonLinear/Results/tfMRI_MOTOR/tfMRI_MOTOR_hp200_s4_level2_MSMAll.feat/GrayordinatesStats/cope26.feat/zflame1uppertstat1.dtseries.nii","506234","MNINonLinear//Results/tfMRI_MOTOR/tfMRI_MOTOR_hp200_s4_level2_MSMAll.feat/GrayordinatesStats/cope26.feat/zflame1uppertstat1.dtseries.nii","oVeYXmHvcIvk5ZEKMFsvNLmO4FkZ4GRb"
"s3://hcp-openaccess/HCP_1200/506234/MNINonLinear/Results/tfMRI_MOTOR/tfMRI_MOTOR_hp200_s4_level2_MSMAll.feat/GrayordinatesStats/cope26.feat/zstat1.dtseries.nii","506234","MNINonLinear//Results/tfMRI_MOTOR/tfMRI_MOTOR_hp200_s4_level2_MSMAll.feat/GrayordinatesStats/cope26.feat/zstat1.dtseries.nii","6yGXB.j6qZ1VNxXz_b8oR.lUV7ibDmMz"
"s3://hcp-openaccess/HCP_1200/506234/MNINonLinear/Results/tfMRI_MOTOR/tfMRI_MOTOR_hp200_s4_level2_MSMAll.feat/GrayordinatesStats/cope3.feat/cope1.dtseries.nii","506234","MNINonLinear//Results/tfMRI_MOTOR/tfMRI_MOTOR_hp200_s4_level2_MSMAll.feat/GrayordinatesStats/cope3.feat/cope1.dtseries.nii","Tt6OE0L0JRVGg6n2T.u0nlJJIm2h7_5c"
"s3://hcp-openaccess/HCP_1200/506234/MNINonLinear/Results/tfMRI_MOTOR/tfMRI_MOTOR_hp200_s4_level2_MSMAll.feat/GrayordinatesStats/cope3.feat/logfile","506234","MNINonLinear//Results/tfMRI_MOTOR/tfMRI_MOTOR_hp200_s4_level2_MSMAll.feat/GrayordinatesStats/cope3.feat/logfile","dZxEYr4Ej1VAH9XV2BRNiEPOY61uRQ1Z"
"s3://hcp-openaccess/HCP_1200/506234/MNINonLinear/Results/tfMRI_MOTOR/tfMRI_MOTOR_hp200_s4_level2_MSMAll.feat/GrayordinatesStats/cope3.feat/mask.dtseries.nii","506234","MNINonLinear//Results/tfMRI_MOTOR/tfMRI_MOTOR_hp200_s4_level2_MSMAll.feat/GrayordinatesStats/cope3.feat/mask.dtseries.nii","9OMPDyiya3TWAEBAFxGlaFHtTxXnh9Ps"
"s3://hcp-openaccess/HCP_1200/506234/MNINonLinear/Results/tfMRI_MOTOR/tfMRI_MOTOR_hp200_s4_level2_MSMAll.feat/GrayordinatesStats/cope3.feat/mean_random_effects_var1.dtseries.nii","506234","MNINonLinear//Results/tfMRI_MOTOR/tfMRI_MOTOR_hp200_s4_level2_MSMAll.feat/GrayordinatesStats/cope3.feat/mean_random_effects_var1.dtseries.nii","0gdWOOcFH9lJrZ1Ht9GE_xI_aMVElDzN"
"s3://hcp-openaccess/HCP_1200/506234/MNINonLinear/Results/tfMRI_MOTOR/tfMRI_MOTOR_hp200_s4_level2_MSMAll.feat/GrayordinatesStats/cope3.feat/pe1.dtseries.nii","506234","MNINonLinear//Results/tfMRI_MOTOR/tfMRI_MOTOR_hp200_s4_level2_MSMAll.feat/GrayordinatesStats/cope3.feat/pe1.dtseries.nii","Iy.DCnvWRNEp41RpI2z8ovGFdjWU29Yk"
"s3://hcp-openaccess/HCP_1200/506234/MNINonLinear/Results/tfMRI_MOTOR/tfMRI_MOTOR_hp200_s4_level2_MSMAll.feat/GrayordinatesStats/cope3.feat/res4d.dtseries.nii","506234","MNINonLinear//Results/tfMRI_MOTOR/tfMRI_MOTOR_hp200_s4_level2_MSMAll.feat/GrayordinatesStats/cope3.feat/res4d.dtseries.nii","Amf8WgLhuOpDsi0cEk5.o94m6xh.VhIE"
"s3://hcp-openaccess/HCP_1200/506234/MNINonLinear/Results/tfMRI_MOTOR/tfMRI_MOTOR_hp200_s4_level2_MSMAll.feat/GrayordinatesStats/cope3.feat/tdof_t1.dtseries.nii","506234","MNINonLinear//Results/tfMRI_MOTOR/tfMRI_MOTOR_hp200_s4_level2_MSMAll.feat/GrayordinatesStats/cope3.feat/tdof_t1.dtseries.nii","Q_OmWNPeSbdMACDNUnEod69w2OQcENC_"
"s3://hcp-openaccess/HCP_1200/506234/MNINonLinear/Results/tfMRI_MOTOR/tfMRI_MOTOR_hp200_s4_level2_MSMAll.feat/GrayordinatesStats/cope3.feat/tstat1.dtseries.nii","506234","MNINonLinear//Results/tfMRI_MOTOR/tfMRI_MOTOR_hp200_s4_level2_MSMAll.feat/GrayordinatesStats/cope3.feat/tstat1.dtseries.nii","4JHDjKFEeNyOmxO2RfpR0b6xmZBidf.i"
"s3://hcp-openaccess/HCP_1200/506234/MNINonLinear/Results/tfMRI_MOTOR/tfMRI_MOTOR_hp200_s4_level2_MSMAll.feat/GrayordinatesStats/cope3.feat/varcope1.dtseries.nii","506234","MNINonLinear//Results/tfMRI_MOTOR/tfMRI_MOTOR_hp200_s4_level2_MSMAll.feat/GrayordinatesStats/cope3.feat/varcope1.dtseries.nii","eNojZzJUEq5Jljalm7Z2n37TpB5Rzr0E"
"s3://hcp-openaccess/HCP_1200/506234/MNINonLinear/Results/tfMRI_MOTOR/tfMRI_MOTOR_hp200_s4_level2_MSMAll.feat/GrayordinatesStats/cope3.feat/weights1.dtseries.nii","506234","MNINonLinear//Results/tfMRI_MOTOR/tfMRI_MOTOR_hp200_s4_level2_MSMAll.feat/GrayordinatesStats/cope3.feat/weights1.dtseries.nii","xFf9K4HaoZ96s9Lra8e7s8HXKWoH6bMF"
"s3://hcp-openaccess/HCP_1200/506234/MNINonLinear/Results/tfMRI_MOTOR/tfMRI_MOTOR_hp200_s4_level2_MSMAll.feat/GrayordinatesStats/cope3.feat/zflame1lowertstat1.dtseries.nii","506234","MNINonLinear//Results/tfMRI_MOTOR/tfMRI_MOTOR_hp200_s4_level2_MSMAll.feat/GrayordinatesStats/cope3.feat/zflame1lowertstat1.dtseries.nii","tWDsxZ2Xy.xyyoSSS5OwseZ3HS4caFTw"
"s3://hcp-openaccess/HCP_1200/506234/MNINonLinear/Results/tfMRI_MOTOR/tfMRI_MOTOR_hp200_s4_level2_MSMAll.feat/GrayordinatesStats/cope3.feat/zflame1uppertstat1.dtseries.nii","506234","MNINonLinear//Results/tfMRI_MOTOR/tfMRI_MOTOR_hp200_s4_level2_MSMAll.feat/GrayordinatesStats/cope3.feat/zflame1uppertstat1.dtseries.nii","5xvlAPcuQqkgudLzigx1XTV.vyL2cB.A"
"s3://hcp-openaccess/HCP_1200/506234/MNINonLinear/Results/tfMRI_MOTOR/tfMRI_MOTOR_hp200_s4_level2_MSMAll.feat/GrayordinatesStats/cope3.feat/zstat1.dtseries.nii","506234","MNINonLinear//Results/tfMRI_MOTOR/tfMRI_MOTOR_hp200_s4_level2_MSMAll.feat/GrayordinatesStats/cope3.feat/zstat1.dtseries.nii","xv5RDogEIcnUgNQ52qkK0BjfJ9MxteMr"
"s3://hcp-openaccess/HCP_1200/506234/MNINonLinear/Results/tfMRI_MOTOR/tfMRI_MOTOR_hp200_s4_level2_MSMAll.feat/GrayordinatesStats/cope4.feat/cope1.dtseries.nii","506234","MNINonLinear//Results/tfMRI_MOTOR/tfMRI_MOTOR_hp200_s4_level2_MSMAll.feat/GrayordinatesStats/cope4.feat/cope1.dtseries.nii","i.AB8RoqWnNCIDL_RVQ1RMJQIMZhJUOJ"
"s3://hcp-openaccess/HCP_1200/506234/MNINonLinear/Results/tfMRI_MOTOR/tfMRI_MOTOR_hp200_s4_level2_MSMAll.feat/GrayordinatesStats/cope4.feat/logfile","506234","MNINonLinear//Results/tfMRI_MOTOR/tfMRI_MOTOR_hp200_s4_level2_MSMAll.feat/GrayordinatesStats/cope4.feat/logfile","ZidMwt8Sh.3KW.5OvHDK_GwqjdiZST2E"
"s3://hcp-openaccess/HCP_1200/506234/MNINonLinear/Results/tfMRI_MOTOR/tfMRI_MOTOR_hp200_s4_level2_MSMAll.feat/GrayordinatesStats/cope4.feat/mask.dtseries.nii","506234","MNINonLinear//Results/tfMRI_MOTOR/tfMRI_MOTOR_hp200_s4_level2_MSMAll.feat/GrayordinatesStats/cope4.feat/mask.dtseries.nii","r0BjZPXS5ARaB0fplT_gHbIVC.jockCa"
"s3://hcp-openaccess/HCP_1200/506234/MNINonLinear/Results/tfMRI_MOTOR/tfMRI_MOTOR_hp200_s4_level2_MSMAll.feat/GrayordinatesStats/cope4.feat/mean_random_effects_var1.dtseries.nii","506234","MNINonLinear//Results/tfMRI_MOTOR/tfMRI_MOTOR_hp200_s4_level2_MSMAll.feat/GrayordinatesStats/cope4.feat/mean_random_effects_var1.dtseries.nii","FuJDpvAZa1pB6F4KgWFFo8qcIxw0rqV3"
"s3://hcp-openaccess/HCP_1200/506234/MNINonLinear/Results/tfMRI_MOTOR/tfMRI_MOTOR_hp200_s4_level2_MSMAll.feat/GrayordinatesStats/cope4.feat/pe1.dtseries.nii","506234","MNINonLinear//Results/tfMRI_MOTOR/tfMRI_MOTOR_hp200_s4_level2_MSMAll.feat/GrayordinatesStats/cope4.feat/pe1.dtseries.nii","GrqB20EOT46z7eqlLODbKRa8f4SiDIXI"
"s3://hcp-openaccess/HCP_1200/506234/MNINonLinear/Results/tfMRI_MOTOR/tfMRI_MOTOR_hp200_s4_level2_MSMAll.feat/GrayordinatesStats/cope4.feat/res4d.dtseries.nii","506234","MNINonLinear//Results/tfMRI_MOTOR/tfMRI_MOTOR_hp200_s4_level2_MSMAll.feat/GrayordinatesStats/cope4.feat/res4d.dtseries.nii","RF0pzraCa5nRoMxKnpPcDxXDTN4RWuDj"
"s3://hcp-openaccess/HCP_1200/506234/MNINonLinear/Results/tfMRI_MOTOR/tfMRI_MOTOR_hp200_s4_level2_MSMAll.feat/GrayordinatesStats/cope4.feat/tdof_t1.dtseries.nii","506234","MNINonLinear//Results/tfMRI_MOTOR/tfMRI_MOTOR_hp200_s4_level2_MSMAll.feat/GrayordinatesStats/cope4.feat/tdof_t1.dtseries.nii","P_R6KNPgqy2a9obzRAM2cwarHtQHhJrY"
"s3://hcp-openaccess/HCP_1200/506234/MNINonLinear/Results/tfMRI_MOTOR/tfMRI_MOTOR_hp200_s4_level2_MSMAll.feat/GrayordinatesStats/cope4.feat/tstat1.dtseries.nii","506234","MNINonLinear//Results/tfMRI_MOTOR/tfMRI_MOTOR_hp200_s4_level2_MSMAll.feat/GrayordinatesStats/cope4.feat/tstat1.dtseries.nii","Qw9q9wwxbJO5S.L3.qsW00lx_vFLKDyX"
"s3://hcp-openaccess/HCP_1200/506234/MNINonLinear/Results/tfMRI_MOTOR/tfMRI_MOTOR_hp200_s4_level2_MSMAll.feat/GrayordinatesStats/cope4.feat/varcope1.dtseries.nii","506234","MNINonLinear//Results/tfMRI_MOTOR/tfMRI_MOTOR_hp200_s4_level2_MSMAll.feat/GrayordinatesStats/cope4.feat/varcope1.dtseries.nii","_b7ohFXorm.izCSCiKz3xFp6iZFQkN6e"
"s3://hcp-openaccess/HCP_1200/506234/MNINonLinear/Results/tfMRI_MOTOR/tfMRI_MOTOR_hp200_s4_level2_MSMAll.feat/GrayordinatesStats/cope4.feat/weights1.dtseries.nii","506234","MNINonLinear//Results/tfMRI_MOTOR/tfMRI_MOTOR_hp200_s4_level2_MSMAll.feat/GrayordinatesStats/cope4.feat/weights1.dtseries.nii","7IeH4YIB9OjjI49RzRjXWEPTZH1NzWGA"
"s3://hcp-openaccess/HCP_1200/506234/MNINonLinear/Results/tfMRI_MOTOR/tfMRI_MOTOR_hp200_s4_level2_MSMAll.feat/GrayordinatesStats/cope4.feat/zflame1lowertstat1.dtseries.nii","506234","MNINonLinear//Results/tfMRI_MOTOR/tfMRI_MOTOR_hp200_s4_level2_MSMAll.feat/GrayordinatesStats/cope4.feat/zflame1lowertstat1.dtseries.nii","TH6uf_PgPNJV9OWsuLSJU5j6xVu2fQFi"
"s3://hcp-openaccess/HCP_1200/506234/MNINonLinear/Results/tfMRI_MOTOR/tfMRI_MOTOR_hp200_s4_level2_MSMAll.feat/GrayordinatesStats/cope4.feat/zflame1uppertstat1.dtseries.nii","506234","MNINonLinear//Results/tfMRI_MOTOR/tfMRI_MOTOR_hp200_s4_level2_MSMAll.feat/GrayordinatesStats/cope4.feat/zflame1uppertstat1.dtseries.nii","qfua2okTkHr1iERcKzxi5D5JgDJaheF6"
"s3://hcp-openaccess/HCP_1200/506234/MNINonLinear/Results/tfMRI_MOTOR/tfMRI_MOTOR_hp200_s4_level2_MSMAll.feat/GrayordinatesStats/cope4.feat/zstat1.dtseries.nii","506234","MNINonLinear//Results/tfMRI_MOTOR/tfMRI_MOTOR_hp200_s4_level2_MSMAll.feat/GrayordinatesStats/cope4.feat/zstat1.dtseries.nii","oEoAhL_rq_Sg4tcMyJ3SeKkBK8DcC6_x"
"s3://hcp-openaccess/HCP_1200/506234/MNINonLinear/Results/tfMRI_MOTOR/tfMRI_MOTOR_hp200_s4_level2_MSMAll.feat/GrayordinatesStats/cope5.feat/cope1.dtseries.nii","506234","MNINonLinear//Results/tfMRI_MOTOR/tfMRI_MOTOR_hp200_s4_level2_MSMAll.feat/GrayordinatesStats/cope5.feat/cope1.dtseries.nii","y255TelAcqTX.uqaQd4S0YCdqwmitZIt"
"s3://hcp-openaccess/HCP_1200/506234/MNINonLinear/Results/tfMRI_MOTOR/tfMRI_MOTOR_hp200_s4_level2_MSMAll.feat/GrayordinatesStats/cope5.feat/logfile","506234","MNINonLinear//Results/tfMRI_MOTOR/tfMRI_MOTOR_hp200_s4_level2_MSMAll.feat/GrayordinatesStats/cope5.feat/logfile","PSPMuVxyi5NYU0y.RGNFdnrP_fZbz9U."
"s3://hcp-openaccess/HCP_1200/506234/MNINonLinear/Results/tfMRI_MOTOR/tfMRI_MOTOR_hp200_s4_level2_MSMAll.feat/GrayordinatesStats/cope5.feat/mask.dtseries.nii","506234","MNINonLinear//Results/tfMRI_MOTOR/tfMRI_MOTOR_hp200_s4_level2_MSMAll.feat/GrayordinatesStats/cope5.feat/mask.dtseries.nii","l.zdk2VU2lT8ovWv0iUGVv1.B88G2qWO"
"s3://hcp-openaccess/HCP_1200/506234/MNINonLinear/Results/tfMRI_MOTOR/tfMRI_MOTOR_hp200_s4_level2_MSMAll.feat/GrayordinatesStats/cope5.feat/mean_random_effects_var1.dtseries.nii","506234","MNINonLinear//Results/tfMRI_MOTOR/tfMRI_MOTOR_hp200_s4_level2_MSMAll.feat/GrayordinatesStats/cope5.feat/mean_random_effects_var1.dtseries.nii","lGGHaMMPXowvZ4TB7I82sOcZNx9lsOU5"
"s3://hcp-openaccess/HCP_1200/506234/MNINonLinear/Results/tfMRI_MOTOR/tfMRI_MOTOR_hp200_s4_level2_MSMAll.feat/GrayordinatesStats/cope5.feat/pe1.dtseries.nii","506234","MNINonLinear//Results/tfMRI_MOTOR/tfMRI_MOTOR_hp200_s4_level2_MSMAll.feat/GrayordinatesStats/cope5.feat/pe1.dtseries.nii","NlJjmxnVaYykJWMgZrwyYusrEdyymGcm"
"s3://hcp-openaccess/HCP_1200/506234/MNINonLinear/Results/tfMRI_MOTOR/tfMRI_MOTOR_hp200_s4_level2_MSMAll.feat/GrayordinatesStats/cope5.feat/res4d.dtseries.nii","506234","MNINonLinear//Results/tfMRI_MOTOR/tfMRI_MOTOR_hp200_s4_level2_MSMAll.feat/GrayordinatesStats/cope5.feat/res4d.dtseries.nii","vWE1gYbGdt255I5CHDHOmUpAsXYrNzRx"
"s3://hcp-openaccess/HCP_1200/506234/MNINonLinear/Results/tfMRI_MOTOR/tfMRI_MOTOR_hp200_s4_level2_MSMAll.feat/GrayordinatesStats/cope5.feat/tdof_t1.dtseries.nii","506234","MNINonLinear//Results/tfMRI_MOTOR/tfMRI_MOTOR_hp200_s4_level2_MSMAll.feat/GrayordinatesStats/cope5.feat/tdof_t1.dtseries.nii","neyC1JmvNB.vqfqKaNSdce3Q2UFnj0PV"
"s3://hcp-openaccess/HCP_1200/506234/MNINonLinear/Results/tfMRI_MOTOR/tfMRI_MOTOR_hp200_s4_level2_MSMAll.feat/GrayordinatesStats/cope5.feat/tstat1.dtseries.nii","506234","MNINonLinear//Results/tfMRI_MOTOR/tfMRI_MOTOR_hp200_s4_level2_MSMAll.feat/GrayordinatesStats/cope5.feat/tstat1.dtseries.nii","7SqQE0ztIg9tnQ8Q3vKbme_WfPszWwbZ"
"s3://hcp-openaccess/HCP_1200/506234/MNINonLinear/Results/tfMRI_MOTOR/tfMRI_MOTOR_hp200_s4_level2_MSMAll.feat/GrayordinatesStats/cope5.feat/varcope1.dtseries.nii","506234","MNINonLinear//Results/tfMRI_MOTOR/tfMRI_MOTOR_hp200_s4_level2_MSMAll.feat/GrayordinatesStats/cope5.feat/varcope1.dtseries.nii","SUrbA239A7tuvCyQbYW3Kz6KN_eBnf1d"
"s3://hcp-openaccess/HCP_1200/506234/MNINonLinear/Results/tfMRI_MOTOR/tfMRI_MOTOR_hp200_s4_level2_MSMAll.feat/GrayordinatesStats/cope5.feat/weights1.dtseries.nii","506234","MNINonLinear//Results/tfMRI_MOTOR/tfMRI_MOTOR_hp200_s4_level2_MSMAll.feat/GrayordinatesStats/cope5.feat/weights1.dtseries.nii","6GiZfPgopW7fDoi30j6_1dMrSPJg3r9D"
"s3://hcp-openaccess/HCP_1200/506234/MNINonLinear/Results/tfMRI_MOTOR/tfMRI_MOTOR_hp200_s4_level2_MSMAll.feat/GrayordinatesStats/cope5.feat/zflame1lowertstat1.dtseries.nii","506234","MNINonLinear//Results/tfMRI_MOTOR/tfMRI_MOTOR_hp200_s4_level2_MSMAll.feat/GrayordinatesStats/cope5.feat/zflame1lowertstat1.dtseries.nii","z6qVZGdhjWLpEu2cZj6NZPxdS8EoRLUL"
"s3://hcp-openaccess/HCP_1200/506234/MNINonLinear/Results/tfMRI_MOTOR/tfMRI_MOTOR_hp200_s4_level2_MSMAll.feat/GrayordinatesStats/cope5.feat/zflame1uppertstat1.dtseries.nii","506234","MNINonLinear//Results/tfMRI_MOTOR/tfMRI_MOTOR_hp200_s4_level2_MSMAll.feat/GrayordinatesStats/cope5.feat/zflame1uppertstat1.dtseries.nii","UnqeBr8s0gcYtkv7mSsUgmEzNfVJMiQC"
"s3://hcp-openaccess/HCP_1200/506234/MNINonLinear/Results/tfMRI_MOTOR/tfMRI_MOTOR_hp200_s4_level2_MSMAll.feat/GrayordinatesStats/cope5.feat/zstat1.dtseries.nii","506234","MNINonLinear//Results/tfMRI_MOTOR/tfMRI_MOTOR_hp200_s4_level2_MSMAll.feat/GrayordinatesStats/cope5.feat/zstat1.dtseries.nii","pC2xMuQO59J3V57H9qi.egWRAvWg4XwE"
"s3://hcp-openaccess/HCP_1200/506234/MNINonLinear/Results/tfMRI_MOTOR/tfMRI_MOTOR_hp200_s4_level2_MSMAll.feat/GrayordinatesStats/cope6.feat/cope1.dtseries.nii","506234","MNINonLinear//Results/tfMRI_MOTOR/tfMRI_MOTOR_hp200_s4_level2_MSMAll.feat/GrayordinatesStats/cope6.feat/cope1.dtseries.nii","T171QQhrq10A1o1Itwcj1xyRMpSJ5K18"
"s3://hcp-openaccess/HCP_1200/506234/MNINonLinear/Results/tfMRI_MOTOR/tfMRI_MOTOR_hp200_s4_level2_MSMAll.feat/GrayordinatesStats/cope6.feat/logfile","506234","MNINonLinear//Results/tfMRI_MOTOR/tfMRI_MOTOR_hp200_s4_level2_MSMAll.feat/GrayordinatesStats/cope6.feat/logfile","UMd8T33UjHn8ys..xd.udaVNXHjP5UAO"
"s3://hcp-openaccess/HCP_1200/506234/MNINonLinear/Results/tfMRI_MOTOR/tfMRI_MOTOR_hp200_s4_level2_MSMAll.feat/GrayordinatesStats/cope6.feat/mask.dtseries.nii","506234","MNINonLinear//Results/tfMRI_MOTOR/tfMRI_MOTOR_hp200_s4_level2_MSMAll.feat/GrayordinatesStats/cope6.feat/mask.dtseries.nii","KvzpXzbc5psev_QpkHT.7A0oWPF1dLE6"
"s3://hcp-openaccess/HCP_1200/506234/MNINonLinear/Results/tfMRI_MOTOR/tfMRI_MOTOR_hp200_s4_level2_MSMAll.feat/GrayordinatesStats/cope6.feat/mean_random_effects_var1.dtseries.nii","506234","MNINonLinear//Results/tfMRI_MOTOR/tfMRI_MOTOR_hp200_s4_level2_MSMAll.feat/GrayordinatesStats/cope6.feat/mean_random_effects_var1.dtseries.nii","k2bmo8L2qNcMeVXI.saOV02Zscj0Sxar"
"s3://hcp-openaccess/HCP_1200/506234/MNINonLinear/Results/tfMRI_MOTOR/tfMRI_MOTOR_hp200_s4_level2_MSMAll.feat/GrayordinatesStats/cope6.feat/pe1.dtseries.nii","506234","MNINonLinear//Results/tfMRI_MOTOR/tfMRI_MOTOR_hp200_s4_level2_MSMAll.feat/GrayordinatesStats/cope6.feat/pe1.dtseries.nii","rHjn9ZqzHP0j5.Py0yy1L.xlXn3VsM2t"
"s3://hcp-openaccess/HCP_1200/506234/MNINonLinear/Results/tfMRI_MOTOR/tfMRI_MOTOR_hp200_s4_level2_MSMAll.feat/GrayordinatesStats/cope6.feat/res4d.dtseries.nii","506234","MNINonLinear//Results/tfMRI_MOTOR/tfMRI_MOTOR_hp200_s4_level2_MSMAll.feat/GrayordinatesStats/cope6.feat/res4d.dtseries.nii","OWEMfCgIbP6.dD1HEGg4W7E9U95wOeTG"
"s3://hcp-openaccess/HCP_1200/506234/MNINonLinear/Results/tfMRI_MOTOR/tfMRI_MOTOR_hp200_s4_level2_MSMAll.feat/GrayordinatesStats/cope6.feat/tdof_t1.dtseries.nii","506234","MNINonLinear//Results/tfMRI_MOTOR/tfMRI_MOTOR_hp200_s4_level2_MSMAll.feat/GrayordinatesStats/cope6.feat/tdof_t1.dtseries.nii","SmP__sTRo5vDeRPxwqaTCzlL7J4s7IWg"
"s3://hcp-openaccess/HCP_1200/506234/MNINonLinear/Results/tfMRI_MOTOR/tfMRI_MOTOR_hp200_s4_level2_MSMAll.feat/GrayordinatesStats/cope6.feat/tstat1.dtseries.nii","506234","MNINonLinear//Results/tfMRI_MOTOR/tfMRI_MOTOR_hp200_s4_level2_MSMAll.feat/GrayordinatesStats/cope6.feat/tstat1.dtseries.nii","bNYevLAF3tcqwbtfGLObxNk_43CHvWhu"
"s3://hcp-openaccess/HCP_1200/506234/MNINonLinear/Results/tfMRI_MOTOR/tfMRI_MOTOR_hp200_s4_level2_MSMAll.feat/GrayordinatesStats/cope6.feat/varcope1.dtseries.nii","506234","MNINonLinear//Results/tfMRI_MOTOR/tfMRI_MOTOR_hp200_s4_level2_MSMAll.feat/GrayordinatesStats/cope6.feat/varcope1.dtseries.nii",".C2tffFuc0cNtFkW_Vkz_Gj2dqTMpkRf"
"s3://hcp-openaccess/HCP_1200/506234/MNINonLinear/Results/tfMRI_MOTOR/tfMRI_MOTOR_hp200_s4_level2_MSMAll.feat/GrayordinatesStats/cope6.feat/weights1.dtseries.nii","506234","MNINonLinear//Results/tfMRI_MOTOR/tfMRI_MOTOR_hp200_s4_level2_MSMAll.feat/GrayordinatesStats/cope6.feat/weights1.dtseries.nii","YLWDqv09_BjISzoC2dm_IyT6i_JCXDIo"
"s3://hcp-openaccess/HCP_1200/506234/MNINonLinear/Results/tfMRI_MOTOR/tfMRI_MOTOR_hp200_s4_level2_MSMAll.feat/GrayordinatesStats/cope6.feat/zflame1lowertstat1.dtseries.nii","506234","MNINonLinear//Results/tfMRI_MOTOR/tfMRI_MOTOR_hp200_s4_level2_MSMAll.feat/GrayordinatesStats/cope6.feat/zflame1lowertstat1.dtseries.nii","8O5OdW8cWAudol2sQRRIhOp.U2DMvMt0"
"s3://hcp-openaccess/HCP_1200/506234/MNINonLinear/Results/tfMRI_MOTOR/tfMRI_MOTOR_hp200_s4_level2_MSMAll.feat/GrayordinatesStats/cope6.feat/zflame1uppertstat1.dtseries.nii","506234","MNINonLinear//Results/tfMRI_MOTOR/tfMRI_MOTOR_hp200_s4_level2_MSMAll.feat/GrayordinatesStats/cope6.feat/zflame1uppertstat1.dtseries.nii","ogdwmomU8DFu4o.aIQM21P8Rg8SYdytT"
"s3://hcp-openaccess/HCP_1200/506234/MNINonLinear/Results/tfMRI_MOTOR/tfMRI_MOTOR_hp200_s4_level2_MSMAll.feat/GrayordinatesStats/cope6.feat/zstat1.dtseries.nii","506234","MNINonLinear//Results/tfMRI_MOTOR/tfMRI_MOTOR_hp200_s4_level2_MSMAll.feat/GrayordinatesStats/cope6.feat/zstat1.dtseries.nii","O6W4bzE7ymPQWB8ejKrbgrs5q.47jzF_"
"s3://hcp-openaccess/HCP_1200/506234/MNINonLinear/Results/tfMRI_MOTOR/tfMRI_MOTOR_hp200_s4_level2_MSMAll.feat/GrayordinatesStats/cope7.feat/cope1.dtseries.nii","506234","MNINonLinear//Results/tfMRI_MOTOR/tfMRI_MOTOR_hp200_s4_level2_MSMAll.feat/GrayordinatesStats/cope7.feat/cope1.dtseries.nii","AAOI3mPe7YGt7JOD97_pusljL_iT104f"
"s3://hcp-openaccess/HCP_1200/506234/MNINonLinear/Results/tfMRI_MOTOR/tfMRI_MOTOR_hp200_s4_level2_MSMAll.feat/GrayordinatesStats/cope7.feat/logfile","506234","MNINonLinear//Results/tfMRI_MOTOR/tfMRI_MOTOR_hp200_s4_level2_MSMAll.feat/GrayordinatesStats/cope7.feat/logfile","MoQth298rh3i1uPSvxsa0mnLSNY2tq8c"
"s3://hcp-openaccess/HCP_1200/506234/MNINonLinear/Results/tfMRI_MOTOR/tfMRI_MOTOR_hp200_s4_level2_MSMAll.feat/GrayordinatesStats/cope7.feat/mask.dtseries.nii","506234","MNINonLinear//Results/tfMRI_MOTOR/tfMRI_MOTOR_hp200_s4_level2_MSMAll.feat/GrayordinatesStats/cope7.feat/mask.dtseries.nii","K0hz0_iww2zpj5.FjhC_KGvXQsJmxZcS"
"s3://hcp-openaccess/HCP_1200/506234/MNINonLinear/Results/tfMRI_MOTOR/tfMRI_MOTOR_hp200_s4_level2_MSMAll.feat/GrayordinatesStats/cope7.feat/mean_random_effects_var1.dtseries.nii","506234","MNINonLinear//Results/tfMRI_MOTOR/tfMRI_MOTOR_hp200_s4_level2_MSMAll.feat/GrayordinatesStats/cope7.feat/mean_random_effects_var1.dtseries.nii","XBMihx9Wn7PTRI0fbmbQWVr9Fce6xnNi"
"s3://hcp-openaccess/HCP_1200/506234/MNINonLinear/Results/tfMRI_MOTOR/tfMRI_MOTOR_hp200_s4_level2_MSMAll.feat/GrayordinatesStats/cope7.feat/pe1.dtseries.nii","506234","MNINonLinear//Results/tfMRI_MOTOR/tfMRI_MOTOR_hp200_s4_level2_MSMAll.feat/GrayordinatesStats/cope7.feat/pe1.dtseries.nii","WbPvdfWFCLw1jLVPg2SU5_m4wCMGvQKa"
"s3://hcp-openaccess/HCP_1200/506234/MNINonLinear/Results/tfMRI_MOTOR/tfMRI_MOTOR_hp200_s4_level2_MSMAll.feat/GrayordinatesStats/cope7.feat/res4d.dtseries.nii","506234","MNINonLinear//Results/tfMRI_MOTOR/tfMRI_MOTOR_hp200_s4_level2_MSMAll.feat/GrayordinatesStats/cope7.feat/res4d.dtseries.nii","nijDOqEjDnIf3LFbC_fNknoFj7XtG4_W"
"s3://hcp-openaccess/HCP_1200/506234/MNINonLinear/Results/tfMRI_MOTOR/tfMRI_MOTOR_hp200_s4_level2_MSMAll.feat/GrayordinatesStats/cope7.feat/tdof_t1.dtseries.nii","506234","MNINonLinear//Results/tfMRI_MOTOR/tfMRI_MOTOR_hp200_s4_level2_MSMAll.feat/GrayordinatesStats/cope7.feat/tdof_t1.dtseries.nii","hEyCdiXz7Vx0w6zREgvr4xY1PN7gvWfy"
"s3://hcp-openaccess/HCP_1200/506234/MNINonLinear/Results/tfMRI_MOTOR/tfMRI_MOTOR_hp200_s4_level2_MSMAll.feat/GrayordinatesStats/cope7.feat/tstat1.dtseries.nii","506234","MNINonLinear//Results/tfMRI_MOTOR/tfMRI_MOTOR_hp200_s4_level2_MSMAll.feat/GrayordinatesStats/cope7.feat/tstat1.dtseries.nii","cHg11tY2mXR5Tmk6mTu9gQZ6l5LWWVib"
"s3://hcp-openaccess/HCP_1200/506234/MNINonLinear/Results/tfMRI_MOTOR/tfMRI_MOTOR_hp200_s4_level2_MSMAll.feat/GrayordinatesStats/cope7.feat/varcope1.dtseries.nii","506234","MNINonLinear//Results/tfMRI_MOTOR/tfMRI_MOTOR_hp200_s4_level2_MSMAll.feat/GrayordinatesStats/cope7.feat/varcope1.dtseries.nii","VAQdw0jlh4wSyW0oPLJIFqoqWB.NkVic"
"s3://hcp-openaccess/HCP_1200/506234/MNINonLinear/Results/tfMRI_MOTOR/tfMRI_MOTOR_hp200_s4_level2_MSMAll.feat/GrayordinatesStats/cope7.feat/weights1.dtseries.nii","506234","MNINonLinear//Results/tfMRI_MOTOR/tfMRI_MOTOR_hp200_s4_level2_MSMAll.feat/GrayordinatesStats/cope7.feat/weights1.dtseries.nii","BNKFDAsiGurYP6BjUO_mo_TzAgwDay_x"
"s3://hcp-openaccess/HCP_1200/506234/MNINonLinear/Results/tfMRI_MOTOR/tfMRI_MOTOR_hp200_s4_level2_MSMAll.feat/GrayordinatesStats/cope7.feat/zflame1lowertstat1.dtseries.nii","506234","MNINonLinear//Results/tfMRI_MOTOR/tfMRI_MOTOR_hp200_s4_level2_MSMAll.feat/GrayordinatesStats/cope7.feat/zflame1lowertstat1.dtseries.nii","yB13ut4AIy7sNOVTpfQaBwnNx8saZ9sR"
"s3://hcp-openaccess/HCP_1200/506234/MNINonLinear/Results/tfMRI_MOTOR/tfMRI_MOTOR_hp200_s4_level2_MSMAll.feat/GrayordinatesStats/cope7.feat/zflame1uppertstat1.dtseries.nii","506234","MNINonLinear//Results/tfMRI_MOTOR/tfMRI_MOTOR_hp200_s4_level2_MSMAll.feat/GrayordinatesStats/cope7.feat/zflame1uppertstat1.dtseries.nii","X..5WiNczHtr4cX46l_3rRqpfb84asXI"
"s3://hcp-openaccess/HCP_1200/506234/MNINonLinear/Results/tfMRI_MOTOR/tfMRI_MOTOR_hp200_s4_level2_MSMAll.feat/GrayordinatesStats/cope7.feat/zstat1.dtseries.nii","506234","MNINonLinear//Results/tfMRI_MOTOR/tfMRI_MOTOR_hp200_s4_level2_MSMAll.feat/GrayordinatesStats/cope7.feat/zstat1.dtseries.nii","9Pty5WJC75o4kO5u8yiczKa4vLhIWeyw"
"s3://hcp-openaccess/HCP_1200/506234/MNINonLinear/Results/tfMRI_MOTOR/tfMRI_MOTOR_hp200_s4_level2_MSMAll.feat/GrayordinatesStats/cope8.feat/cope1.dtseries.nii","506234","MNINonLinear//Results/tfMRI_MOTOR/tfMRI_MOTOR_hp200_s4_level2_MSMAll.feat/GrayordinatesStats/cope8.feat/cope1.dtseries.nii","IbPRvX_iWxKxStEzUSry_n8M0ZAe11EI"
"s3://hcp-openaccess/HCP_1200/506234/MNINonLinear/Results/tfMRI_MOTOR/tfMRI_MOTOR_hp200_s4_level2_MSMAll.feat/GrayordinatesStats/cope8.feat/logfile","506234","MNINonLinear//Results/tfMRI_MOTOR/tfMRI_MOTOR_hp200_s4_level2_MSMAll.feat/GrayordinatesStats/cope8.feat/logfile","3AhM8XyRpTRCQ3senEaA6Tl_7JuvIRlj"
"s3://hcp-openaccess/HCP_1200/506234/MNINonLinear/Results/tfMRI_MOTOR/tfMRI_MOTOR_hp200_s4_level2_MSMAll.feat/GrayordinatesStats/cope8.feat/mask.dtseries.nii","506234","MNINonLinear//Results/tfMRI_MOTOR/tfMRI_MOTOR_hp200_s4_level2_MSMAll.feat/GrayordinatesStats/cope8.feat/mask.dtseries.nii","16JcFrx0v98zSk_jQhjMSsqhfEVsehCi"
"s3://hcp-openaccess/HCP_1200/506234/MNINonLinear/Results/tfMRI_MOTOR/tfMRI_MOTOR_hp200_s4_level2_MSMAll.feat/GrayordinatesStats/cope8.feat/mean_random_effects_var1.dtseries.nii","506234","MNINonLinear//Results/tfMRI_MOTOR/tfMRI_MOTOR_hp200_s4_level2_MSMAll.feat/GrayordinatesStats/cope8.feat/mean_random_effects_var1.dtseries.nii",".fdZ0GJostu5GUn7tY6eVSBB65bZleYL"
"s3://hcp-openaccess/HCP_1200/506234/MNINonLinear/Results/tfMRI_MOTOR/tfMRI_MOTOR_hp200_s4_level2_MSMAll.feat/GrayordinatesStats/cope8.feat/pe1.dtseries.nii","506234","MNINonLinear//Results/tfMRI_MOTOR/tfMRI_MOTOR_hp200_s4_level2_MSMAll.feat/GrayordinatesStats/cope8.feat/pe1.dtseries.nii","fbDSP7Nw22A2oU4UhS4Kr7g01dTMvXkr"
"s3://hcp-openaccess/HCP_1200/506234/MNINonLinear/Results/tfMRI_MOTOR/tfMRI_MOTOR_hp200_s4_level2_MSMAll.feat/GrayordinatesStats/cope8.feat/res4d.dtseries.nii","506234","MNINonLinear//Results/tfMRI_MOTOR/tfMRI_MOTOR_hp200_s4_level2_MSMAll.feat/GrayordinatesStats/cope8.feat/res4d.dtseries.nii","jSM4NHrk.4uU5tmczUTcxPDfxB8o0dye"
"s3://hcp-openaccess/HCP_1200/506234/MNINonLinear/Results/tfMRI_MOTOR/tfMRI_MOTOR_hp200_s4_level2_MSMAll.feat/GrayordinatesStats/cope8.feat/tdof_t1.dtseries.nii","506234","MNINonLinear//Results/tfMRI_MOTOR/tfMRI_MOTOR_hp200_s4_level2_MSMAll.feat/GrayordinatesStats/cope8.feat/tdof_t1.dtseries.nii","Qbx1OHWS_PpCmUENMs24GlsA.qQaLdyu"
"s3://hcp-openaccess/HCP_1200/506234/MNINonLinear/Results/tfMRI_MOTOR/tfMRI_MOTOR_hp200_s4_level2_MSMAll.feat/GrayordinatesStats/cope8.feat/tstat1.dtseries.nii","506234","MNINonLinear//Results/tfMRI_MOTOR/tfMRI_MOTOR_hp200_s4_level2_MSMAll.feat/GrayordinatesStats/cope8.feat/tstat1.dtseries.nii","1oUSwCSUAIL0fKRWXfmKGNV.3.x5Mv01"
"s3://hcp-openaccess/HCP_1200/506234/MNINonLinear/Results/tfMRI_MOTOR/tfMRI_MOTOR_hp200_s4_level2_MSMAll.feat/GrayordinatesStats/cope8.feat/varcope1.dtseries.nii","506234","MNINonLinear//Results/tfMRI_MOTOR/tfMRI_MOTOR_hp200_s4_level2_MSMAll.feat/GrayordinatesStats/cope8.feat/varcope1.dtseries.nii","FbP6iUNTSnrzhUJWAX9zQ1ysQl63KZ7B"
"s3://hcp-openaccess/HCP_1200/506234/MNINonLinear/Results/tfMRI_MOTOR/tfMRI_MOTOR_hp200_s4_level2_MSMAll.feat/GrayordinatesStats/cope8.feat/weights1.dtseries.nii","506234","MNINonLinear//Results/tfMRI_MOTOR/tfMRI_MOTOR_hp200_s4_level2_MSMAll.feat/GrayordinatesStats/cope8.feat/weights1.dtseries.nii","1DvkH8FzmsUXFkEMBeOsYQuyT51bq13Q"
"s3://hcp-openaccess/HCP_1200/506234/MNINonLinear/Results/tfMRI_MOTOR/tfMRI_MOTOR_hp200_s4_level2_MSMAll.feat/GrayordinatesStats/cope8.feat/zflame1lowertstat1.dtseries.nii","506234","MNINonLinear//Results/tfMRI_MOTOR/tfMRI_MOTOR_hp200_s4_level2_MSMAll.feat/GrayordinatesStats/cope8.feat/zflame1lowertstat1.dtseries.nii","UegZ7SfS3S2IgfLNrI7ccZ.HUz.h0qfS"
"s3://hcp-openaccess/HCP_1200/506234/MNINonLinear/Results/tfMRI_MOTOR/tfMRI_MOTOR_hp200_s4_level2_MSMAll.feat/GrayordinatesStats/cope8.feat/zflame1uppertstat1.dtseries.nii","506234","MNINonLinear//Results/tfMRI_MOTOR/tfMRI_MOTOR_hp200_s4_level2_MSMAll.feat/GrayordinatesStats/cope8.feat/zflame1uppertstat1.dtseries.nii","ELdakXl0rkgbpkwE1y6_XEL3UmyeukeZ"
"s3://hcp-openaccess/HCP_1200/506234/MNINonLinear/Results/tfMRI_MOTOR/tfMRI_MOTOR_hp200_s4_level2_MSMAll.feat/GrayordinatesStats/cope8.feat/zstat1.dtseries.nii","506234","MNINonLinear//Results/tfMRI_MOTOR/tfMRI_MOTOR_hp200_s4_level2_MSMAll.feat/GrayordinatesStats/cope8.feat/zstat1.dtseries.nii","DLCWzVx8VG4k8zbURttVjVV9QX_84IQR"
"s3://hcp-openaccess/HCP_1200/506234/MNINonLinear/Results/tfMRI_MOTOR/tfMRI_MOTOR_hp200_s4_level2_MSMAll.feat/GrayordinatesStats/cope9.feat/cope1.dtseries.nii","506234","MNINonLinear//Results/tfMRI_MOTOR/tfMRI_MOTOR_hp200_s4_level2_MSMAll.feat/GrayordinatesStats/cope9.feat/cope1.dtseries.nii","Yf2NGYXgPBkOFl1gOubvWAtl61tY.vmh"
"s3://hcp-openaccess/HCP_1200/506234/MNINonLinear/Results/tfMRI_MOTOR/tfMRI_MOTOR_hp200_s4_level2_MSMAll.feat/GrayordinatesStats/cope9.feat/logfile","506234","MNINonLinear//Results/tfMRI_MOTOR/tfMRI_MOTOR_hp200_s4_level2_MSMAll.feat/GrayordinatesStats/cope9.feat/logfile","3NWsGLcXB3fZges29QMD2DRqUEZTrBR7"
"s3://hcp-openaccess/HCP_1200/506234/MNINonLinear/Results/tfMRI_MOTOR/tfMRI_MOTOR_hp200_s4_level2_MSMAll.feat/GrayordinatesStats/cope9.feat/mask.dtseries.nii","506234","MNINonLinear//Results/tfMRI_MOTOR/tfMRI_MOTOR_hp200_s4_level2_MSMAll.feat/GrayordinatesStats/cope9.feat/mask.dtseries.nii","FusG74A6cYVbT.nXSCLyNAx3FGe0lun3"
"s3://hcp-openaccess/HCP_1200/506234/MNINonLinear/Results/tfMRI_MOTOR/tfMRI_MOTOR_hp200_s4_level2_MSMAll.feat/GrayordinatesStats/cope9.feat/mean_random_effects_var1.dtseries.nii","506234","MNINonLinear//Results/tfMRI_MOTOR/tfMRI_MOTOR_hp200_s4_level2_MSMAll.feat/GrayordinatesStats/cope9.feat/mean_random_effects_var1.dtseries.nii","KDzsdUpbbUZCFNNgIKGJBlGpbEmnLEkW"
"s3://hcp-openaccess/HCP_1200/506234/MNINonLinear/Results/tfMRI_MOTOR/tfMRI_MOTOR_hp200_s4_level2_MSMAll.feat/GrayordinatesStats/cope9.feat/pe1.dtseries.nii","506234","MNINonLinear//Results/tfMRI_MOTOR/tfMRI_MOTOR_hp200_s4_level2_MSMAll.feat/GrayordinatesStats/cope9.feat/pe1.dtseries.nii","VPqJrCquHI6ptbo3lwRwfp..cy_XH1zg"
"s3://hcp-openaccess/HCP_1200/506234/MNINonLinear/Results/tfMRI_MOTOR/tfMRI_MOTOR_hp200_s4_level2_MSMAll.feat/GrayordinatesStats/cope9.feat/res4d.dtseries.nii","506234","MNINonLinear//Results/tfMRI_MOTOR/tfMRI_MOTOR_hp200_s4_level2_MSMAll.feat/GrayordinatesStats/cope9.feat/res4d.dtseries.nii","GbKTqtpgflPNq5uw7YIr8QgSBptiWYXf"
"s3://hcp-openaccess/HCP_1200/506234/MNINonLinear/Results/tfMRI_MOTOR/tfMRI_MOTOR_hp200_s4_level2_MSMAll.feat/GrayordinatesStats/cope9.feat/tdof_t1.dtseries.nii","506234","MNINonLinear//Results/tfMRI_MOTOR/tfMRI_MOTOR_hp200_s4_level2_MSMAll.feat/GrayordinatesStats/cope9.feat/tdof_t1.dtseries.nii","jkd1VZWxHwjnEk_Dk23577rlf10C48Zq"
"s3://hcp-openaccess/HCP_1200/506234/MNINonLinear/Results/tfMRI_MOTOR/tfMRI_MOTOR_hp200_s4_level2_MSMAll.feat/GrayordinatesStats/cope9.feat/tstat1.dtseries.nii","506234","MNINonLinear//Results/tfMRI_MOTOR/tfMRI_MOTOR_hp200_s4_level2_MSMAll.feat/GrayordinatesStats/cope9.feat/tstat1.dtseries.nii","3WEVAUD5gUOoRLKQPAb_I31YPg2FjvK1"
"s3://hcp-openaccess/HCP_1200/506234/MNINonLinear/Results/tfMRI_MOTOR/tfMRI_MOTOR_hp200_s4_level2_MSMAll.feat/GrayordinatesStats/cope9.feat/varcope1.dtseries.nii","506234","MNINonLinear//Results/tfMRI_MOTOR/tfMRI_MOTOR_hp200_s4_level2_MSMAll.feat/GrayordinatesStats/cope9.feat/varcope1.dtseries.nii","7tAB5PShkAzd7S_plKtUDu25GoshX3sL"
"s3://hcp-openaccess/HCP_1200/506234/MNINonLinear/Results/tfMRI_MOTOR/tfMRI_MOTOR_hp200_s4_level2_MSMAll.feat/GrayordinatesStats/cope9.feat/weights1.dtseries.nii","506234","MNINonLinear//Results/tfMRI_MOTOR/tfMRI_MOTOR_hp200_s4_level2_MSMAll.feat/GrayordinatesStats/cope9.feat/weights1.dtseries.nii","ozWh3Nlu4HYFHjuD57_9RiUmWf.wL2iN"
"s3://hcp-openaccess/HCP_1200/506234/MNINonLinear/Results/tfMRI_MOTOR/tfMRI_MOTOR_hp200_s4_level2_MSMAll.feat/GrayordinatesStats/cope9.feat/zflame1lowertstat1.dtseries.nii","506234","MNINonLinear//Results/tfMRI_MOTOR/tfMRI_MOTOR_hp200_s4_level2_MSMAll.feat/GrayordinatesStats/cope9.feat/zflame1lowertstat1.dtseries.nii","WMItPSHC6bKWgHoqdHwSWmFCb4cm.d1V"
"s3://hcp-openaccess/HCP_1200/506234/MNINonLinear/Results/tfMRI_MOTOR/tfMRI_MOTOR_hp200_s4_level2_MSMAll.feat/GrayordinatesStats/cope9.feat/zflame1uppertstat1.dtseries.nii","506234","MNINonLinear//Results/tfMRI_MOTOR/tfMRI_MOTOR_hp200_s4_level2_MSMAll.feat/GrayordinatesStats/cope9.feat/zflame1uppertstat1.dtseries.nii","r7LSNzaDQT9F9dI64UUPtjFZzOvind7b"
"s3://hcp-openaccess/HCP_1200/506234/MNINonLinear/Results/tfMRI_MOTOR/tfMRI_MOTOR_hp200_s4_level2_MSMAll.feat/GrayordinatesStats/cope9.feat/zstat1.dtseries.nii","506234","MNINonLinear//Results/tfMRI_MOTOR/tfMRI_MOTOR_hp200_s4_level2_MSMAll.feat/GrayordinatesStats/cope9.feat/zstat1.dtseries.nii","3PIVnkXNvAng6mRstaOMvQwm4txOWSHI"
"s3://hcp-openaccess/HCP_1200/506234/MNINonLinear/Results/tfMRI_MOTOR/tfMRI_MOTOR_hp200_s4_level2_MSMAll.feat/design.con","506234","MNINonLinear//Results/tfMRI_MOTOR/tfMRI_MOTOR_hp200_s4_level2_MSMAll.feat/design.con","hjEyEWXfg_hbPcftaqFeoZ.hXOG8G.Xl"
"s3://hcp-openaccess/HCP_1200/506234/MNINonLinear/Results/tfMRI_MOTOR/tfMRI_MOTOR_hp200_s4_level2_MSMAll.feat/design.fsf","506234","MNINonLinear//Results/tfMRI_MOTOR/tfMRI_MOTOR_hp200_s4_level2_MSMAll.feat/design.fsf","MPBsB1kr0cEKJpgSXvBoV3rYk7C_uDtz"
"s3://hcp-openaccess/HCP_1200/506234/MNINonLinear/Results/tfMRI_MOTOR/tfMRI_MOTOR_hp200_s4_level2_MSMAll.feat/design.grp","506234","MNINonLinear//Results/tfMRI_MOTOR/tfMRI_MOTOR_hp200_s4_level2_MSMAll.feat/design.grp","0z0NCJWxvmCDyCoZkmitcZr6dtbpE_9z"
"s3://hcp-openaccess/HCP_1200/506234/MNINonLinear/Results/tfMRI_MOTOR/tfMRI_MOTOR_hp200_s4_level2_MSMAll.feat/design.mat","506234","MNINonLinear//Results/tfMRI_MOTOR/tfMRI_MOTOR_hp200_s4_level2_MSMAll.feat/design.mat","rDwHlCRPeYWfm08Ak0fvsNRURnZH20Q_"
"s3://hcp-openaccess/HCP_1200/506234/MNINonLinear/Results/tfMRI_MOTOR/tfMRI_MOTOR_hp200_s4_level2_MSMAll.feat/design.png","506234","MNINonLinear//Results/tfMRI_MOTOR/tfMRI_MOTOR_hp200_s4_level2_MSMAll.feat/design.png","LKA0prwZ233Tgbmdo8v4xG_xuVVSPNTr"
"s3://hcp-openaccess/HCP_1200/506234/MNINonLinear/Results/tfMRI_MOTOR/tfMRI_MOTOR_hp200_s4_level2_MSMAll.feat/design.ppm","506234","MNINonLinear//Results/tfMRI_MOTOR/tfMRI_MOTOR_hp200_s4_level2_MSMAll.feat/design.ppm","562dw4APMIxNd67op7Z7IobLV3311bwg"
"s3://hcp-openaccess/HCP_1200/506234/MNINonLinear/Results/tfMRI_MOTOR/tfMRI_MOTOR_hp200_s4_level2_MSMAll.feat/design_cov.png","506234","MNINonLinear//Results/tfMRI_MOTOR/tfMRI_MOTOR_hp200_s4_level2_MSMAll.feat/design_cov.png","m.QHqIY89eb5LnP1XYGWhkuw0.6owrcV"
"s3://hcp-openaccess/HCP_1200/506234/MNINonLinear/Results/tfMRI_MOTOR/tfMRI_MOTOR_hp200_s4_level2_MSMAll.feat/design_cov.ppm","506234","MNINonLinear//Results/tfMRI_MOTOR/tfMRI_MOTOR_hp200_s4_level2_MSMAll.feat/design_cov.ppm","p4gyZbEJyUA6bnxm3dMoF9gLV5KOMmYl"
"s3://hcp-openaccess/HCP_1200/506234/MNINonLinear/Results/tfMRI_MOTOR/tfMRI_MOTOR_hp200_s8_level2.feat/506234_tfMRI_MOTOR_level2_hp200_s8.dscalar.nii","506234","MNINonLinear//Results/tfMRI_MOTOR/tfMRI_MOTOR_hp200_s8_level2.feat/506234_tfMRI_MOTOR_level2_hp200_s8.dscalar.nii","zkjqIOaZOQX4.zi6QGPlOjk_afzoXJyk"
"s3://hcp-openaccess/HCP_1200/506234/MNINonLinear/Results/tfMRI_MOTOR/tfMRI_MOTOR_hp200_s8_level2.feat/Contrasts.txt","506234","MNINonLinear//Results/tfMRI_MOTOR/tfMRI_MOTOR_hp200_s8_level2.feat/Contrasts.txt","pVzGiO1oS9fjeaJQQ4QJS20ydmbtj8lM"
"s3://hcp-openaccess/HCP_1200/506234/MNINonLinear/Results/tfMRI_MOTOR/tfMRI_MOTOR_hp200_s8_level2.feat/GrayordinatesStats/cope1.feat/cope1.dtseries.nii","506234","MNINonLinear//Results/tfMRI_MOTOR/tfMRI_MOTOR_hp200_s8_level2.feat/GrayordinatesStats/cope1.feat/cope1.dtseries.nii","Yh2Un2jXliI55BdpP1V.g.Weevha2B4m"
"s3://hcp-openaccess/HCP_1200/506234/MNINonLinear/Results/tfMRI_MOTOR/tfMRI_MOTOR_hp200_s8_level2.feat/GrayordinatesStats/cope1.feat/logfile","506234","MNINonLinear//Results/tfMRI_MOTOR/tfMRI_MOTOR_hp200_s8_level2.feat/GrayordinatesStats/cope1.feat/logfile","DtWp9nR83ug5ZqRxIkyszsUnqBJ0GPdG"
"s3://hcp-openaccess/HCP_1200/506234/MNINonLinear/Results/tfMRI_MOTOR/tfMRI_MOTOR_hp200_s8_level2.feat/GrayordinatesStats/cope1.feat/mask.dtseries.nii","506234","MNINonLinear//Results/tfMRI_MOTOR/tfMRI_MOTOR_hp200_s8_level2.feat/GrayordinatesStats/cope1.feat/mask.dtseries.nii","eTjejvVTITSHu_9zuJ08pt1pG_J168Ds"
"s3://hcp-openaccess/HCP_1200/506234/MNINonLinear/Results/tfMRI_MOTOR/tfMRI_MOTOR_hp200_s8_level2.feat/GrayordinatesStats/cope1.feat/mean_random_effects_var1.dtseries.nii","506234","MNINonLinear//Results/tfMRI_MOTOR/tfMRI_MOTOR_hp200_s8_level2.feat/GrayordinatesStats/cope1.feat/mean_random_effects_var1.dtseries.nii","eoRe2J5_rxrTSEKzMc9Ahl8PjOwddLyM"
"s3://hcp-openaccess/HCP_1200/506234/MNINonLinear/Results/tfMRI_MOTOR/tfMRI_MOTOR_hp200_s8_level2.feat/GrayordinatesStats/cope1.feat/pe1.dtseries.nii","506234","MNINonLinear//Results/tfMRI_MOTOR/tfMRI_MOTOR_hp200_s8_level2.feat/GrayordinatesStats/cope1.feat/pe1.dtseries.nii","hQDGiicbf_S45MVsRnNHIVdDMoGch9a0"
"s3://hcp-openaccess/HCP_1200/506234/MNINonLinear/Results/tfMRI_MOTOR/tfMRI_MOTOR_hp200_s8_level2.feat/GrayordinatesStats/cope1.feat/res4d.dtseries.nii","506234","MNINonLinear//Results/tfMRI_MOTOR/tfMRI_MOTOR_hp200_s8_level2.feat/GrayordinatesStats/cope1.feat/res4d.dtseries.nii","5Tru3k20YiO8txPKKKBOGnrtWW6pmhyk"
"s3://hcp-openaccess/HCP_1200/506234/MNINonLinear/Results/tfMRI_MOTOR/tfMRI_MOTOR_hp200_s8_level2.feat/GrayordinatesStats/cope1.feat/tdof_t1.dtseries.nii","506234","MNINonLinear//Results/tfMRI_MOTOR/tfMRI_MOTOR_hp200_s8_level2.feat/GrayordinatesStats/cope1.feat/tdof_t1.dtseries.nii","bF3mHKvNL3CzioYZeurNZNECKiye2wmI"
"s3://hcp-openaccess/HCP_1200/506234/MNINonLinear/Results/tfMRI_MOTOR/tfMRI_MOTOR_hp200_s8_level2.feat/GrayordinatesStats/cope1.feat/tstat1.dtseries.nii","506234","MNINonLinear//Results/tfMRI_MOTOR/tfMRI_MOTOR_hp200_s8_level2.feat/GrayordinatesStats/cope1.feat/tstat1.dtseries.nii","AR8QT02KYo_.dJ1.qi09r7rnPS27Ucev"
"s3://hcp-openaccess/HCP_1200/506234/MNINonLinear/Results/tfMRI_MOTOR/tfMRI_MOTOR_hp200_s8_level2.feat/GrayordinatesStats/cope1.feat/varcope1.dtseries.nii","506234","MNINonLinear//Results/tfMRI_MOTOR/tfMRI_MOTOR_hp200_s8_level2.feat/GrayordinatesStats/cope1.feat/varcope1.dtseries.nii","0S9wr40w_DGELwoVE.j6P7CRfoXq8Wtx"
"s3://hcp-openaccess/HCP_1200/506234/MNINonLinear/Results/tfMRI_MOTOR/tfMRI_MOTOR_hp200_s8_level2.feat/GrayordinatesStats/cope1.feat/weights1.dtseries.nii","506234","MNINonLinear//Results/tfMRI_MOTOR/tfMRI_MOTOR_hp200_s8_level2.feat/GrayordinatesStats/cope1.feat/weights1.dtseries.nii","ggx926TEpWuSAswUdYBhBV5rSAuKZT54"
"s3://hcp-openaccess/HCP_1200/506234/MNINonLinear/Results/tfMRI_MOTOR/tfMRI_MOTOR_hp200_s8_level2.feat/GrayordinatesStats/cope1.feat/zflame1lowertstat1.dtseries.nii","506234","MNINonLinear//Results/tfMRI_MOTOR/tfMRI_MOTOR_hp200_s8_level2.feat/GrayordinatesStats/cope1.feat/zflame1lowertstat1.dtseries.nii","WjvWbzJ3rRad3Nyey8xvUWQ1zQ5S9Kac"
"s3://hcp-openaccess/HCP_1200/506234/MNINonLinear/Results/tfMRI_MOTOR/tfMRI_MOTOR_hp200_s8_level2.feat/GrayordinatesStats/cope1.feat/zflame1uppertstat1.dtseries.nii","506234","MNINonLinear//Results/tfMRI_MOTOR/tfMRI_MOTOR_hp200_s8_level2.feat/GrayordinatesStats/cope1.feat/zflame1uppertstat1.dtseries.nii","_Lmpf9_Ohb5TX4vIkijhWiQdlNTn9qDG"
"s3://hcp-openaccess/HCP_1200/506234/MNINonLinear/Results/tfMRI_MOTOR/tfMRI_MOTOR_hp200_s8_level2.feat/GrayordinatesStats/cope1.feat/zstat1.dtseries.nii","506234","MNINonLinear//Results/tfMRI_MOTOR/tfMRI_MOTOR_hp200_s8_level2.feat/GrayordinatesStats/cope1.feat/zstat1.dtseries.nii","DUW3SPyuB_JvzZGVBeTjwCn5slpbCQpw"
"s3://hcp-openaccess/HCP_1200/506234/MNINonLinear/Results/tfMRI_MOTOR/tfMRI_MOTOR_hp200_s8_level2.feat/GrayordinatesStats/cope10.feat/cope1.dtseries.nii","506234","MNINonLinear//Results/tfMRI_MOTOR/tfMRI_MOTOR_hp200_s8_level2.feat/GrayordinatesStats/cope10.feat/cope1.dtseries.nii","nEcvwWnOSehJqWtBkFR7CrRFVY59OES2"
"s3://hcp-openaccess/HCP_1200/506234/MNINonLinear/Results/tfMRI_MOTOR/tfMRI_MOTOR_hp200_s8_level2.feat/GrayordinatesStats/cope10.feat/logfile","506234","MNINonLinear//Results/tfMRI_MOTOR/tfMRI_MOTOR_hp200_s8_level2.feat/GrayordinatesStats/cope10.feat/logfile","C0Axgs0Z2B1.3C8IFOwljswNKPbu9Fvk"
"s3://hcp-openaccess/HCP_1200/506234/MNINonLinear/Results/tfMRI_MOTOR/tfMRI_MOTOR_hp200_s8_level2.feat/GrayordinatesStats/cope10.feat/mask.dtseries.nii","506234","MNINonLinear//Results/tfMRI_MOTOR/tfMRI_MOTOR_hp200_s8_level2.feat/GrayordinatesStats/cope10.feat/mask.dtseries.nii","dxNpKIcb6pJrMesyeygtuD3Au2Dor42x"
"s3://hcp-openaccess/HCP_1200/506234/MNINonLinear/Results/tfMRI_MOTOR/tfMRI_MOTOR_hp200_s8_level2.feat/GrayordinatesStats/cope10.feat/mean_random_effects_var1.dtseries.nii","506234","MNINonLinear//Results/tfMRI_MOTOR/tfMRI_MOTOR_hp200_s8_level2.feat/GrayordinatesStats/cope10.feat/mean_random_effects_var1.dtseries.nii","Uj34gess8IOwiTr8cnrPnQeHGL6kV75J"
"s3://hcp-openaccess/HCP_1200/506234/MNINonLinear/Results/tfMRI_MOTOR/tfMRI_MOTOR_hp200_s8_level2.feat/GrayordinatesStats/cope10.feat/pe1.dtseries.nii","506234","MNINonLinear//Results/tfMRI_MOTOR/tfMRI_MOTOR_hp200_s8_level2.feat/GrayordinatesStats/cope10.feat/pe1.dtseries.nii","OsGjNZuLo4_9ZNtUpBZtuwZxpDciQPeR"
"s3://hcp-openaccess/HCP_1200/506234/MNINonLinear/Results/tfMRI_MOTOR/tfMRI_MOTOR_hp200_s8_level2.feat/GrayordinatesStats/cope10.feat/res4d.dtseries.nii","506234","MNINonLinear//Results/tfMRI_MOTOR/tfMRI_MOTOR_hp200_s8_level2.feat/GrayordinatesStats/cope10.feat/res4d.dtseries.nii","WAuR4f61M8kLQqXJUblq_vB0gv03fFSL"
"s3://hcp-openaccess/HCP_1200/506234/MNINonLinear/Results/tfMRI_MOTOR/tfMRI_MOTOR_hp200_s8_level2.feat/GrayordinatesStats/cope10.feat/tdof_t1.dtseries.nii","506234","MNINonLinear//Results/tfMRI_MOTOR/tfMRI_MOTOR_hp200_s8_level2.feat/GrayordinatesStats/cope10.feat/tdof_t1.dtseries.nii","Bc7UQCIXuh_FcTBCHC3dKARVoC72M6cI"
"s3://hcp-openaccess/HCP_1200/506234/MNINonLinear/Results/tfMRI_MOTOR/tfMRI_MOTOR_hp200_s8_level2.feat/GrayordinatesStats/cope10.feat/tstat1.dtseries.nii","506234","MNINonLinear//Results/tfMRI_MOTOR/tfMRI_MOTOR_hp200_s8_level2.feat/GrayordinatesStats/cope10.feat/tstat1.dtseries.nii","I.QRKSZRJygqdhGzS4blUqDa.75SkLdy"
"s3://hcp-openaccess/HCP_1200/506234/MNINonLinear/Results/tfMRI_MOTOR/tfMRI_MOTOR_hp200_s8_level2.feat/GrayordinatesStats/cope10.feat/varcope1.dtseries.nii","506234","MNINonLinear//Results/tfMRI_MOTOR/tfMRI_MOTOR_hp200_s8_level2.feat/GrayordinatesStats/cope10.feat/varcope1.dtseries.nii","kr5P5b1VT2d1HuqWMle0O6pZvpt6pe_H"
"s3://hcp-openaccess/HCP_1200/506234/MNINonLinear/Results/tfMRI_MOTOR/tfMRI_MOTOR_hp200_s8_level2.feat/GrayordinatesStats/cope10.feat/weights1.dtseries.nii","506234","MNINonLinear//Results/tfMRI_MOTOR/tfMRI_MOTOR_hp200_s8_level2.feat/GrayordinatesStats/cope10.feat/weights1.dtseries.nii","QMBvx1pseJvMmxq64kX7NIQzR6fJY3Cj"
"s3://hcp-openaccess/HCP_1200/506234/MNINonLinear/Results/tfMRI_MOTOR/tfMRI_MOTOR_hp200_s8_level2.feat/GrayordinatesStats/cope10.feat/zflame1lowertstat1.dtseries.nii","506234","MNINonLinear//Results/tfMRI_MOTOR/tfMRI_MOTOR_hp200_s8_level2.feat/GrayordinatesStats/cope10.feat/zflame1lowertstat1.dtseries.nii","C3DDymaPEJtmml16D9Bfd3k.pa0OhLTu"
"s3://hcp-openaccess/HCP_1200/506234/MNINonLinear/Results/tfMRI_MOTOR/tfMRI_MOTOR_hp200_s8_level2.feat/GrayordinatesStats/cope10.feat/zflame1uppertstat1.dtseries.nii","506234","MNINonLinear//Results/tfMRI_MOTOR/tfMRI_MOTOR_hp200_s8_level2.feat/GrayordinatesStats/cope10.feat/zflame1uppertstat1.dtseries.nii","fpv5ZMASAemsKmL5KrQMBaiQ4ta0RoWJ"
"s3://hcp-openaccess/HCP_1200/506234/MNINonLinear/Results/tfMRI_MOTOR/tfMRI_MOTOR_hp200_s8_level2.feat/GrayordinatesStats/cope10.feat/zstat1.dtseries.nii","506234","MNINonLinear//Results/tfMRI_MOTOR/tfMRI_MOTOR_hp200_s8_level2.feat/GrayordinatesStats/cope10.feat/zstat1.dtseries.nii","7ZMhY8YK7uLqZyCieJ5iV2K1oDcRQWQS"
"s3://hcp-openaccess/HCP_1200/506234/MNINonLinear/Results/tfMRI_MOTOR/tfMRI_MOTOR_hp200_s8_level2.feat/GrayordinatesStats/cope11.feat/cope1.dtseries.nii","506234","MNINonLinear//Results/tfMRI_MOTOR/tfMRI_MOTOR_hp200_s8_level2.feat/GrayordinatesStats/cope11.feat/cope1.dtseries.nii","I7NBOnHx0MXbQPjqDLpxs297UXs0e45v"
"s3://hcp-openaccess/HCP_1200/506234/MNINonLinear/Results/tfMRI_MOTOR/tfMRI_MOTOR_hp200_s8_level2.feat/GrayordinatesStats/cope11.feat/logfile","506234","MNINonLinear//Results/tfMRI_MOTOR/tfMRI_MOTOR_hp200_s8_level2.feat/GrayordinatesStats/cope11.feat/logfile","eIHPBL7o_sEwbTH4TWYEGBm6OsoprmFx"
"s3://hcp-openaccess/HCP_1200/506234/MNINonLinear/Results/tfMRI_MOTOR/tfMRI_MOTOR_hp200_s8_level2.feat/GrayordinatesStats/cope11.feat/mask.dtseries.nii","506234","MNINonLinear//Results/tfMRI_MOTOR/tfMRI_MOTOR_hp200_s8_level2.feat/GrayordinatesStats/cope11.feat/mask.dtseries.nii","3fnPb4HYehXxvDpurawwzDvGMwCvb_Rn"
"s3://hcp-openaccess/HCP_1200/506234/MNINonLinear/Results/tfMRI_MOTOR/tfMRI_MOTOR_hp200_s8_level2.feat/GrayordinatesStats/cope11.feat/mean_random_effects_var1.dtseries.nii","506234","MNINonLinear//Results/tfMRI_MOTOR/tfMRI_MOTOR_hp200_s8_level2.feat/GrayordinatesStats/cope11.feat/mean_random_effects_var1.dtseries.nii","4IrDkb1aP3zSS4EeBTs6BAbLCpU3i5Lh"
"s3://hcp-openaccess/HCP_1200/506234/MNINonLinear/Results/tfMRI_MOTOR/tfMRI_MOTOR_hp200_s8_level2.feat/GrayordinatesStats/cope11.feat/pe1.dtseries.nii","506234","MNINonLinear//Results/tfMRI_MOTOR/tfMRI_MOTOR_hp200_s8_level2.feat/GrayordinatesStats/cope11.feat/pe1.dtseries.nii","aKZhpyqDMEUYrhktq90LfqUooM3Rhq9U"
"s3://hcp-openaccess/HCP_1200/506234/MNINonLinear/Results/tfMRI_MOTOR/tfMRI_MOTOR_hp200_s8_level2.feat/GrayordinatesStats/cope11.feat/res4d.dtseries.nii","506234","MNINonLinear//Results/tfMRI_MOTOR/tfMRI_MOTOR_hp200_s8_level2.feat/GrayordinatesStats/cope11.feat/res4d.dtseries.nii","80UM.yjavjseQ6P8p5_m_rY_Qiyn8cqA"
"s3://hcp-openaccess/HCP_1200/506234/MNINonLinear/Results/tfMRI_MOTOR/tfMRI_MOTOR_hp200_s8_level2.feat/GrayordinatesStats/cope11.feat/tdof_t1.dtseries.nii","506234","MNINonLinear//Results/tfMRI_MOTOR/tfMRI_MOTOR_hp200_s8_level2.feat/GrayordinatesStats/cope11.feat/tdof_t1.dtseries.nii","FC1ShWqcl6J6qjFjMZCDfXnu_3na6ysi"
"s3://hcp-openaccess/HCP_1200/506234/MNINonLinear/Results/tfMRI_MOTOR/tfMRI_MOTOR_hp200_s8_level2.feat/GrayordinatesStats/cope11.feat/tstat1.dtseries.nii","506234","MNINonLinear//Results/tfMRI_MOTOR/tfMRI_MOTOR_hp200_s8_level2.feat/GrayordinatesStats/cope11.feat/tstat1.dtseries.nii","y_kr2htwbv3ktMNc_uAvFiOiJaOeq0ge"
"s3://hcp-openaccess/HCP_1200/506234/MNINonLinear/Results/tfMRI_MOTOR/tfMRI_MOTOR_hp200_s8_level2.feat/GrayordinatesStats/cope11.feat/varcope1.dtseries.nii","506234","MNINonLinear//Results/tfMRI_MOTOR/tfMRI_MOTOR_hp200_s8_level2.feat/GrayordinatesStats/cope11.feat/varcope1.dtseries.nii","KTCDKJFVLlXXcS2wytV23yVcIoRPqhH3"
"s3://hcp-openaccess/HCP_1200/506234/MNINonLinear/Results/tfMRI_MOTOR/tfMRI_MOTOR_hp200_s8_level2.feat/GrayordinatesStats/cope11.feat/weights1.dtseries.nii","506234","MNINonLinear//Results/tfMRI_MOTOR/tfMRI_MOTOR_hp200_s8_level2.feat/GrayordinatesStats/cope11.feat/weights1.dtseries.nii","mYe3EvcfDEtKzzP6s7nkIoXUmEw7hebx"
"s3://hcp-openaccess/HCP_1200/506234/MNINonLinear/Results/tfMRI_MOTOR/tfMRI_MOTOR_hp200_s8_level2.feat/GrayordinatesStats/cope11.feat/zflame1lowertstat1.dtseries.nii","506234","MNINonLinear//Results/tfMRI_MOTOR/tfMRI_MOTOR_hp200_s8_level2.feat/GrayordinatesStats/cope11.feat/zflame1lowertstat1.dtseries.nii","skwtBxF7vpLQ6zJPuXmqSh2hsHjdFSdi"
"s3://hcp-openaccess/HCP_1200/506234/MNINonLinear/Results/tfMRI_MOTOR/tfMRI_MOTOR_hp200_s8_level2.feat/GrayordinatesStats/cope11.feat/zflame1uppertstat1.dtseries.nii","506234","MNINonLinear//Results/tfMRI_MOTOR/tfMRI_MOTOR_hp200_s8_level2.feat/GrayordinatesStats/cope11.feat/zflame1uppertstat1.dtseries.nii","6VccEc9M87Jokt3RbVxtMu5rIWpWHinN"
"s3://hcp-openaccess/HCP_1200/506234/MNINonLinear/Results/tfMRI_MOTOR/tfMRI_MOTOR_hp200_s8_level2.feat/GrayordinatesStats/cope11.feat/zstat1.dtseries.nii","506234","MNINonLinear//Results/tfMRI_MOTOR/tfMRI_MOTOR_hp200_s8_level2.feat/GrayordinatesStats/cope11.feat/zstat1.dtseries.nii","TFzEQTh5_nzvXqgQH_SWuT7BjNuEtuWZ"
"s3://hcp-openaccess/HCP_1200/506234/MNINonLinear/Results/tfMRI_MOTOR/tfMRI_MOTOR_hp200_s8_level2.feat/GrayordinatesStats/cope12.feat/cope1.dtseries.nii","506234","MNINonLinear//Results/tfMRI_MOTOR/tfMRI_MOTOR_hp200_s8_level2.feat/GrayordinatesStats/cope12.feat/cope1.dtseries.nii","P3VZqq7C1GzhaUiPYDcXj7iCfx_zyAFa"
"s3://hcp-openaccess/HCP_1200/506234/MNINonLinear/Results/tfMRI_MOTOR/tfMRI_MOTOR_hp200_s8_level2.feat/GrayordinatesStats/cope12.feat/logfile","506234","MNINonLinear//Results/tfMRI_MOTOR/tfMRI_MOTOR_hp200_s8_level2.feat/GrayordinatesStats/cope12.feat/logfile","kA3ELF63v6tSMSvpCHZ4jvBhiM70LwdZ"
"s3://hcp-openaccess/HCP_1200/506234/MNINonLinear/Results/tfMRI_MOTOR/tfMRI_MOTOR_hp200_s8_level2.feat/GrayordinatesStats/cope12.feat/mask.dtseries.nii","506234","MNINonLinear//Results/tfMRI_MOTOR/tfMRI_MOTOR_hp200_s8_level2.feat/GrayordinatesStats/cope12.feat/mask.dtseries.nii","._diFFwLMLqvTXRHd5zfBUVT9WMzvYgn"
"s3://hcp-openaccess/HCP_1200/506234/MNINonLinear/Results/tfMRI_MOTOR/tfMRI_MOTOR_hp200_s8_level2.feat/GrayordinatesStats/cope12.feat/mean_random_effects_var1.dtseries.nii","506234","MNINonLinear//Results/tfMRI_MOTOR/tfMRI_MOTOR_hp200_s8_level2.feat/GrayordinatesStats/cope12.feat/mean_random_effects_var1.dtseries.nii","wdkiO15MmdXWRrCNw_fdvM_rB8_iiv9S"
"s3://hcp-openaccess/HCP_1200/506234/MNINonLinear/Results/tfMRI_MOTOR/tfMRI_MOTOR_hp200_s8_level2.feat/GrayordinatesStats/cope12.feat/pe1.dtseries.nii","506234","MNINonLinear//Results/tfMRI_MOTOR/tfMRI_MOTOR_hp200_s8_level2.feat/GrayordinatesStats/cope12.feat/pe1.dtseries.nii","jPubHcbfc.6R8nH9zjNrhKn9zYiPNrrG"
"s3://hcp-openaccess/HCP_1200/506234/MNINonLinear/Results/tfMRI_MOTOR/tfMRI_MOTOR_hp200_s8_level2.feat/GrayordinatesStats/cope12.feat/res4d.dtseries.nii","506234","MNINonLinear//Results/tfMRI_MOTOR/tfMRI_MOTOR_hp200_s8_level2.feat/GrayordinatesStats/cope12.feat/res4d.dtseries.nii","pPzEZvSqWwVRyLEBOSnqG5AynqcBTdUK"
"s3://hcp-openaccess/HCP_1200/506234/MNINonLinear/Results/tfMRI_MOTOR/tfMRI_MOTOR_hp200_s8_level2.feat/GrayordinatesStats/cope12.feat/tdof_t1.dtseries.nii","506234","MNINonLinear//Results/tfMRI_MOTOR/tfMRI_MOTOR_hp200_s8_level2.feat/GrayordinatesStats/cope12.feat/tdof_t1.dtseries.nii","j56Fq7g..XtyHVhkzIvpJcVidTJ66p26"
"s3://hcp-openaccess/HCP_1200/506234/MNINonLinear/Results/tfMRI_MOTOR/tfMRI_MOTOR_hp200_s8_level2.feat/GrayordinatesStats/cope12.feat/tstat1.dtseries.nii","506234","MNINonLinear//Results/tfMRI_MOTOR/tfMRI_MOTOR_hp200_s8_level2.feat/GrayordinatesStats/cope12.feat/tstat1.dtseries.nii","mhk4Qn4oNFnZDUuTkoTN3V96reKIwcZI"
"s3://hcp-openaccess/HCP_1200/506234/MNINonLinear/Results/tfMRI_MOTOR/tfMRI_MOTOR_hp200_s8_level2.feat/GrayordinatesStats/cope12.feat/varcope1.dtseries.nii","506234","MNINonLinear//Results/tfMRI_MOTOR/tfMRI_MOTOR_hp200_s8_level2.feat/GrayordinatesStats/cope12.feat/varcope1.dtseries.nii","qZYyl7IHMukMa.7eV8PjTAVQbhYztsE."
"s3://hcp-openaccess/HCP_1200/506234/MNINonLinear/Results/tfMRI_MOTOR/tfMRI_MOTOR_hp200_s8_level2.feat/GrayordinatesStats/cope12.feat/weights1.dtseries.nii","506234","MNINonLinear//Results/tfMRI_MOTOR/tfMRI_MOTOR_hp200_s8_level2.feat/GrayordinatesStats/cope12.feat/weights1.dtseries.nii","eS6cjs4xhGYi99BGibjudEsfVV4Rp42f"
"s3://hcp-openaccess/HCP_1200/506234/MNINonLinear/Results/tfMRI_MOTOR/tfMRI_MOTOR_hp200_s8_level2.feat/GrayordinatesStats/cope12.feat/zflame1lowertstat1.dtseries.nii","506234","MNINonLinear//Results/tfMRI_MOTOR/tfMRI_MOTOR_hp200_s8_level2.feat/GrayordinatesStats/cope12.feat/zflame1lowertstat1.dtseries.nii","ZCn_f7GjstVJyf70W7v0WyZ70xpSk.b2"
"s3://hcp-openaccess/HCP_1200/506234/MNINonLinear/Results/tfMRI_MOTOR/tfMRI_MOTOR_hp200_s8_level2.feat/GrayordinatesStats/cope12.feat/zflame1uppertstat1.dtseries.nii","506234","MNINonLinear//Results/tfMRI_MOTOR/tfMRI_MOTOR_hp200_s8_level2.feat/GrayordinatesStats/cope12.feat/zflame1uppertstat1.dtseries.nii","mgzB1l4tHXQb51YrBRG4P6OZ2zGpJbpu"
"s3://hcp-openaccess/HCP_1200/506234/MNINonLinear/Results/tfMRI_MOTOR/tfMRI_MOTOR_hp200_s8_level2.feat/GrayordinatesStats/cope12.feat/zstat1.dtseries.nii","506234","MNINonLinear//Results/tfMRI_MOTOR/tfMRI_MOTOR_hp200_s8_level2.feat/GrayordinatesStats/cope12.feat/zstat1.dtseries.nii","XwmzKV0u3l25AwIXIPZQcgQY1ZhN92F8"
"s3://hcp-openaccess/HCP_1200/506234/MNINonLinear/Results/tfMRI_MOTOR/tfMRI_MOTOR_hp200_s8_level2.feat/GrayordinatesStats/cope13.feat/cope1.dtseries.nii","506234","MNINonLinear//Results/tfMRI_MOTOR/tfMRI_MOTOR_hp200_s8_level2.feat/GrayordinatesStats/cope13.feat/cope1.dtseries.nii","NoFOed.dS4frzjo_u41myDNMIwbW35gL"
"s3://hcp-openaccess/HCP_1200/506234/MNINonLinear/Results/tfMRI_MOTOR/tfMRI_MOTOR_hp200_s8_level2.feat/GrayordinatesStats/cope13.feat/logfile","506234","MNINonLinear//Results/tfMRI_MOTOR/tfMRI_MOTOR_hp200_s8_level2.feat/GrayordinatesStats/cope13.feat/logfile","mUxEf5mXnYeMKPZnc65N0x1UVSSk_4rX"
"s3://hcp-openaccess/HCP_1200/506234/MNINonLinear/Results/tfMRI_MOTOR/tfMRI_MOTOR_hp200_s8_level2.feat/GrayordinatesStats/cope13.feat/mask.dtseries.nii","506234","MNINonLinear//Results/tfMRI_MOTOR/tfMRI_MOTOR_hp200_s8_level2.feat/GrayordinatesStats/cope13.feat/mask.dtseries.nii","EfvsuOR5lmmXhD3mFCUgRtU5U_GJRN8a"
"s3://hcp-openaccess/HCP_1200/506234/MNINonLinear/Results/tfMRI_MOTOR/tfMRI_MOTOR_hp200_s8_level2.feat/GrayordinatesStats/cope13.feat/mean_random_effects_var1.dtseries.nii","506234","MNINonLinear//Results/tfMRI_MOTOR/tfMRI_MOTOR_hp200_s8_level2.feat/GrayordinatesStats/cope13.feat/mean_random_effects_var1.dtseries.nii","4VKdl2GwEK5erK2FkTCbw6mtaj05Prgo"
"s3://hcp-openaccess/HCP_1200/506234/MNINonLinear/Results/tfMRI_MOTOR/tfMRI_MOTOR_hp200_s8_level2.feat/GrayordinatesStats/cope13.feat/pe1.dtseries.nii","506234","MNINonLinear//Results/tfMRI_MOTOR/tfMRI_MOTOR_hp200_s8_level2.feat/GrayordinatesStats/cope13.feat/pe1.dtseries.nii","RJgRAjB3BPL7ZR0884VQMHeG0A6IwGYX"
"s3://hcp-openaccess/HCP_1200/506234/MNINonLinear/Results/tfMRI_MOTOR/tfMRI_MOTOR_hp200_s8_level2.feat/GrayordinatesStats/cope13.feat/res4d.dtseries.nii","506234","MNINonLinear//Results/tfMRI_MOTOR/tfMRI_MOTOR_hp200_s8_level2.feat/GrayordinatesStats/cope13.feat/res4d.dtseries.nii","3V8jR2tXhUYYCNVjSVs9v3AvTZh.Ruqu"
"s3://hcp-openaccess/HCP_1200/506234/MNINonLinear/Results/tfMRI_MOTOR/tfMRI_MOTOR_hp200_s8_level2.feat/GrayordinatesStats/cope13.feat/tdof_t1.dtseries.nii","506234","MNINonLinear//Results/tfMRI_MOTOR/tfMRI_MOTOR_hp200_s8_level2.feat/GrayordinatesStats/cope13.feat/tdof_t1.dtseries.nii","5.f8HI98rEjQJSGMeBasF3yLm38rHUpf"
"s3://hcp-openaccess/HCP_1200/506234/MNINonLinear/Results/tfMRI_MOTOR/tfMRI_MOTOR_hp200_s8_level2.feat/GrayordinatesStats/cope13.feat/tstat1.dtseries.nii","506234","MNINonLinear//Results/tfMRI_MOTOR/tfMRI_MOTOR_hp200_s8_level2.feat/GrayordinatesStats/cope13.feat/tstat1.dtseries.nii","uke1j3EGhMQh0WZSKMNVbZNWxqIpESyL"
"s3://hcp-openaccess/HCP_1200/506234/MNINonLinear/Results/tfMRI_MOTOR/tfMRI_MOTOR_hp200_s8_level2.feat/GrayordinatesStats/cope13.feat/varcope1.dtseries.nii","506234","MNINonLinear//Results/tfMRI_MOTOR/tfMRI_MOTOR_hp200_s8_level2.feat/GrayordinatesStats/cope13.feat/varcope1.dtseries.nii","csMdZehefcixlSJcTwZpKzsgc5GBNSGN"
"s3://hcp-openaccess/HCP_1200/506234/MNINonLinear/Results/tfMRI_MOTOR/tfMRI_MOTOR_hp200_s8_level2.feat/GrayordinatesStats/cope13.feat/weights1.dtseries.nii","506234","MNINonLinear//Results/tfMRI_MOTOR/tfMRI_MOTOR_hp200_s8_level2.feat/GrayordinatesStats/cope13.feat/weights1.dtseries.nii","WxSgbVISfWDHa3oLBXIvUZJtzsAEsRcF"
"s3://hcp-openaccess/HCP_1200/506234/MNINonLinear/Results/tfMRI_MOTOR/tfMRI_MOTOR_hp200_s8_level2.feat/GrayordinatesStats/cope13.feat/zflame1lowertstat1.dtseries.nii","506234","MNINonLinear//Results/tfMRI_MOTOR/tfMRI_MOTOR_hp200_s8_level2.feat/GrayordinatesStats/cope13.feat/zflame1lowertstat1.dtseries.nii","VTauLNeDltnEHtZPArqas7zdGYjMg7tj"
"s3://hcp-openaccess/HCP_1200/506234/MNINonLinear/Results/tfMRI_MOTOR/tfMRI_MOTOR_hp200_s8_level2.feat/GrayordinatesStats/cope13.feat/zflame1uppertstat1.dtseries.nii","506234","MNINonLinear//Results/tfMRI_MOTOR/tfMRI_MOTOR_hp200_s8_level2.feat/GrayordinatesStats/cope13.feat/zflame1uppertstat1.dtseries.nii","vHhb0I7UsLxFk1zz4S0tm3hAibfQO0fe"
"s3://hcp-openaccess/HCP_1200/506234/MNINonLinear/Results/tfMRI_MOTOR/tfMRI_MOTOR_hp200_s8_level2.feat/GrayordinatesStats/cope13.feat/zstat1.dtseries.nii","506234","MNINonLinear//Results/tfMRI_MOTOR/tfMRI_MOTOR_hp200_s8_level2.feat/GrayordinatesStats/cope13.feat/zstat1.dtseries.nii","_hL1WUERk.5J1DArskpro7Eh6OjEJuNY"
"s3://hcp-openaccess/HCP_1200/506234/MNINonLinear/Results/tfMRI_MOTOR/tfMRI_MOTOR_hp200_s8_level2.feat/GrayordinatesStats/cope14.feat/cope1.dtseries.nii","506234","MNINonLinear//Results/tfMRI_MOTOR/tfMRI_MOTOR_hp200_s8_level2.feat/GrayordinatesStats/cope14.feat/cope1.dtseries.nii","d29.vT3Pz2wQbISbmH0uvbKkZl7yGRSX"
"s3://hcp-openaccess/HCP_1200/506234/MNINonLinear/Results/tfMRI_MOTOR/tfMRI_MOTOR_hp200_s8_level2.feat/GrayordinatesStats/cope14.feat/logfile","506234","MNINonLinear//Results/tfMRI_MOTOR/tfMRI_MOTOR_hp200_s8_level2.feat/GrayordinatesStats/cope14.feat/logfile","tCo.tcF.SlfdQYdlzbW_eql2KobVrzjN"
"s3://hcp-openaccess/HCP_1200/506234/MNINonLinear/Results/tfMRI_MOTOR/tfMRI_MOTOR_hp200_s8_level2.feat/GrayordinatesStats/cope14.feat/mask.dtseries.nii","506234","MNINonLinear//Results/tfMRI_MOTOR/tfMRI_MOTOR_hp200_s8_level2.feat/GrayordinatesStats/cope14.feat/mask.dtseries.nii","OJZ83RpvimvjGCwmbFEIEkq2qRe1NXSP"
"s3://hcp-openaccess/HCP_1200/506234/MNINonLinear/Results/tfMRI_MOTOR/tfMRI_MOTOR_hp200_s8_level2.feat/GrayordinatesStats/cope14.feat/mean_random_effects_var1.dtseries.nii","506234","MNINonLinear//Results/tfMRI_MOTOR/tfMRI_MOTOR_hp200_s8_level2.feat/GrayordinatesStats/cope14.feat/mean_random_effects_var1.dtseries.nii","cwXfj62x.9vzNebq9Au626_LfTiBAqR3"
"s3://hcp-openaccess/HCP_1200/506234/MNINonLinear/Results/tfMRI_MOTOR/tfMRI_MOTOR_hp200_s8_level2.feat/GrayordinatesStats/cope14.feat/pe1.dtseries.nii","506234","MNINonLinear//Results/tfMRI_MOTOR/tfMRI_MOTOR_hp200_s8_level2.feat/GrayordinatesStats/cope14.feat/pe1.dtseries.nii","B.C1HmJ5UAaqVS2Tao3nPJ3_Pe5SFoyb"
"s3://hcp-openaccess/HCP_1200/506234/MNINonLinear/Results/tfMRI_MOTOR/tfMRI_MOTOR_hp200_s8_level2.feat/GrayordinatesStats/cope14.feat/res4d.dtseries.nii","506234","MNINonLinear//Results/tfMRI_MOTOR/tfMRI_MOTOR_hp200_s8_level2.feat/GrayordinatesStats/cope14.feat/res4d.dtseries.nii","ScVQPMHEKENqtgogaUKjEjZY1YCYx4b6"
"s3://hcp-openaccess/HCP_1200/506234/MNINonLinear/Results/tfMRI_MOTOR/tfMRI_MOTOR_hp200_s8_level2.feat/GrayordinatesStats/cope14.feat/tdof_t1.dtseries.nii","506234","MNINonLinear//Results/tfMRI_MOTOR/tfMRI_MOTOR_hp200_s8_level2.feat/GrayordinatesStats/cope14.feat/tdof_t1.dtseries.nii","ZkT6405TmjGf0pyyEY1mmiOQHydtFRoS"
"s3://hcp-openaccess/HCP_1200/506234/MNINonLinear/Results/tfMRI_MOTOR/tfMRI_MOTOR_hp200_s8_level2.feat/GrayordinatesStats/cope14.feat/tstat1.dtseries.nii","506234","MNINonLinear//Results/tfMRI_MOTOR/tfMRI_MOTOR_hp200_s8_level2.feat/GrayordinatesStats/cope14.feat/tstat1.dtseries.nii","Ij4SKNPzOSRcj07YsyPIpuz8ziNB4xst"
"s3://hcp-openaccess/HCP_1200/506234/MNINonLinear/Results/tfMRI_MOTOR/tfMRI_MOTOR_hp200_s8_level2.feat/GrayordinatesStats/cope14.feat/varcope1.dtseries.nii","506234","MNINonLinear//Results/tfMRI_MOTOR/tfMRI_MOTOR_hp200_s8_level2.feat/GrayordinatesStats/cope14.feat/varcope1.dtseries.nii","R94tAsKaA3r1AcYeh9QEPwKRuswV3aNe"
"s3://hcp-openaccess/HCP_1200/506234/MNINonLinear/Results/tfMRI_MOTOR/tfMRI_MOTOR_hp200_s8_level2.feat/GrayordinatesStats/cope14.feat/weights1.dtseries.nii","506234","MNINonLinear//Results/tfMRI_MOTOR/tfMRI_MOTOR_hp200_s8_level2.feat/GrayordinatesStats/cope14.feat/weights1.dtseries.nii","nGK0lIR4KGMEJDLQWfjiGh9mBeSYdCBB"
"s3://hcp-openaccess/HCP_1200/506234/MNINonLinear/Results/tfMRI_MOTOR/tfMRI_MOTOR_hp200_s8_level2.feat/GrayordinatesStats/cope14.feat/zflame1lowertstat1.dtseries.nii","506234","MNINonLinear//Results/tfMRI_MOTOR/tfMRI_MOTOR_hp200_s8_level2.feat/GrayordinatesStats/cope14.feat/zflame1lowertstat1.dtseries.nii","9E8n_M62rLZQwsfiNfNQwPqarO2WqJVc"
"s3://hcp-openaccess/HCP_1200/506234/MNINonLinear/Results/tfMRI_MOTOR/tfMRI_MOTOR_hp200_s8_level2.feat/GrayordinatesStats/cope14.feat/zflame1uppertstat1.dtseries.nii","506234","MNINonLinear//Results/tfMRI_MOTOR/tfMRI_MOTOR_hp200_s8_level2.feat/GrayordinatesStats/cope14.feat/zflame1uppertstat1.dtseries.nii","EyQn.a.dL4K4.jga_NDCtlAh.1scb0E5"
"s3://hcp-openaccess/HCP_1200/506234/MNINonLinear/Results/tfMRI_MOTOR/tfMRI_MOTOR_hp200_s8_level2.feat/GrayordinatesStats/cope14.feat/zstat1.dtseries.nii","506234","MNINonLinear//Results/tfMRI_MOTOR/tfMRI_MOTOR_hp200_s8_level2.feat/GrayordinatesStats/cope14.feat/zstat1.dtseries.nii","_zoij_mVyK5nCJ9qaaRhIaxqk38IZH28"
"s3://hcp-openaccess/HCP_1200/506234/MNINonLinear/Results/tfMRI_MOTOR/tfMRI_MOTOR_hp200_s8_level2.feat/GrayordinatesStats/cope15.feat/cope1.dtseries.nii","506234","MNINonLinear//Results/tfMRI_MOTOR/tfMRI_MOTOR_hp200_s8_level2.feat/GrayordinatesStats/cope15.feat/cope1.dtseries.nii","hEqhG8ypWym4aWM.ftfiPInbkaI7118i"
"s3://hcp-openaccess/HCP_1200/506234/MNINonLinear/Results/tfMRI_MOTOR/tfMRI_MOTOR_hp200_s8_level2.feat/GrayordinatesStats/cope15.feat/logfile","506234","MNINonLinear//Results/tfMRI_MOTOR/tfMRI_MOTOR_hp200_s8_level2.feat/GrayordinatesStats/cope15.feat/logfile","38RJkYJHG8xKUjstwR8NqE.zCbIY7U41"
"s3://hcp-openaccess/HCP_1200/506234/MNINonLinear/Results/tfMRI_MOTOR/tfMRI_MOTOR_hp200_s8_level2.feat/GrayordinatesStats/cope15.feat/mask.dtseries.nii","506234","MNINonLinear//Results/tfMRI_MOTOR/tfMRI_MOTOR_hp200_s8_level2.feat/GrayordinatesStats/cope15.feat/mask.dtseries.nii","r3BPaajiTJ6rf_tTY4FioxFD21yreZFC"
"s3://hcp-openaccess/HCP_1200/506234/MNINonLinear/Results/tfMRI_MOTOR/tfMRI_MOTOR_hp200_s8_level2.feat/GrayordinatesStats/cope15.feat/mean_random_effects_var1.dtseries.nii","506234","MNINonLinear//Results/tfMRI_MOTOR/tfMRI_MOTOR_hp200_s8_level2.feat/GrayordinatesStats/cope15.feat/mean_random_effects_var1.dtseries.nii","MCIGTUUhFjVi5aK8Yx1SLepNosUslC4n"
"s3://hcp-openaccess/HCP_1200/506234/MNINonLinear/Results/tfMRI_MOTOR/tfMRI_MOTOR_hp200_s8_level2.feat/GrayordinatesStats/cope15.feat/pe1.dtseries.nii","506234","MNINonLinear//Results/tfMRI_MOTOR/tfMRI_MOTOR_hp200_s8_level2.feat/GrayordinatesStats/cope15.feat/pe1.dtseries.nii","uNyBLdIImvhxIiJ8cs.cgWbCE_8mmaz3"
"s3://hcp-openaccess/HCP_1200/506234/MNINonLinear/Results/tfMRI_MOTOR/tfMRI_MOTOR_hp200_s8_level2.feat/GrayordinatesStats/cope15.feat/res4d.dtseries.nii","506234","MNINonLinear//Results/tfMRI_MOTOR/tfMRI_MOTOR_hp200_s8_level2.feat/GrayordinatesStats/cope15.feat/res4d.dtseries.nii","wk5_4MAkyCCAy5IpzO22LL60sm._GR0."
"s3://hcp-openaccess/HCP_1200/506234/MNINonLinear/Results/tfMRI_MOTOR/tfMRI_MOTOR_hp200_s8_level2.feat/GrayordinatesStats/cope15.feat/tdof_t1.dtseries.nii","506234","MNINonLinear//Results/tfMRI_MOTOR/tfMRI_MOTOR_hp200_s8_level2.feat/GrayordinatesStats/cope15.feat/tdof_t1.dtseries.nii","sWoLooMF5SR8AopjiT3i5x0PgYXm4L2R"
"s3://hcp-openaccess/HCP_1200/506234/MNINonLinear/Results/tfMRI_MOTOR/tfMRI_MOTOR_hp200_s8_level2.feat/GrayordinatesStats/cope15.feat/tstat1.dtseries.nii","506234","MNINonLinear//Results/tfMRI_MOTOR/tfMRI_MOTOR_hp200_s8_level2.feat/GrayordinatesStats/cope15.feat/tstat1.dtseries.nii","XxTnAA1R909D73YHScjtzx1TEBO9Xesr"
"s3://hcp-openaccess/HCP_1200/506234/MNINonLinear/Results/tfMRI_MOTOR/tfMRI_MOTOR_hp200_s8_level2.feat/GrayordinatesStats/cope15.feat/varcope1.dtseries.nii","506234","MNINonLinear//Results/tfMRI_MOTOR/tfMRI_MOTOR_hp200_s8_level2.feat/GrayordinatesStats/cope15.feat/varcope1.dtseries.nii","IXaj16nB_ZzAIVUpdDIvBP4tXsNDs_Xq"
"s3://hcp-openaccess/HCP_1200/506234/MNINonLinear/Results/tfMRI_MOTOR/tfMRI_MOTOR_hp200_s8_level2.feat/GrayordinatesStats/cope15.feat/weights1.dtseries.nii","506234","MNINonLinear//Results/tfMRI_MOTOR/tfMRI_MOTOR_hp200_s8_level2.feat/GrayordinatesStats/cope15.feat/weights1.dtseries.nii","qIjd4t85Px1eWHfLjO5fDphOSmHANrVO"
"s3://hcp-openaccess/HCP_1200/506234/MNINonLinear/Results/tfMRI_MOTOR/tfMRI_MOTOR_hp200_s8_level2.feat/GrayordinatesStats/cope15.feat/zflame1lowertstat1.dtseries.nii","506234","MNINonLinear//Results/tfMRI_MOTOR/tfMRI_MOTOR_hp200_s8_level2.feat/GrayordinatesStats/cope15.feat/zflame1lowertstat1.dtseries.nii","7We3huyE0ywrKtfe1bYHCN_Bgyjw7s6w"
"s3://hcp-openaccess/HCP_1200/506234/MNINonLinear/Results/tfMRI_MOTOR/tfMRI_MOTOR_hp200_s8_level2.feat/GrayordinatesStats/cope15.feat/zflame1uppertstat1.dtseries.nii","506234","MNINonLinear//Results/tfMRI_MOTOR/tfMRI_MOTOR_hp200_s8_level2.feat/GrayordinatesStats/cope15.feat/zflame1uppertstat1.dtseries.nii","ja8S95QKKZfvbS2Ft0EBVfkzT0mQgw13"
"s3://hcp-openaccess/HCP_1200/506234/MNINonLinear/Results/tfMRI_MOTOR/tfMRI_MOTOR_hp200_s8_level2.feat/GrayordinatesStats/cope15.feat/zstat1.dtseries.nii","506234","MNINonLinear//Results/tfMRI_MOTOR/tfMRI_MOTOR_hp200_s8_level2.feat/GrayordinatesStats/cope15.feat/zstat1.dtseries.nii","6y.QZafbySOfK1Pzp7XiHBhuGQeNTuWa"
"s3://hcp-openaccess/HCP_1200/506234/MNINonLinear/Results/tfMRI_MOTOR/tfMRI_MOTOR_hp200_s8_level2.feat/GrayordinatesStats/cope16.feat/cope1.dtseries.nii","506234","MNINonLinear//Results/tfMRI_MOTOR/tfMRI_MOTOR_hp200_s8_level2.feat/GrayordinatesStats/cope16.feat/cope1.dtseries.nii","SP6LE0G9gsXRjVQv0Zg8Vb_PaC4uE9M."
"s3://hcp-openaccess/HCP_1200/506234/MNINonLinear/Results/tfMRI_MOTOR/tfMRI_MOTOR_hp200_s8_level2.feat/GrayordinatesStats/cope16.feat/logfile","506234","MNINonLinear//Results/tfMRI_MOTOR/tfMRI_MOTOR_hp200_s8_level2.feat/GrayordinatesStats/cope16.feat/logfile","m18aBGqfi4lk89Pg4ZMyLbhZDuBP3c_o"
"s3://hcp-openaccess/HCP_1200/506234/MNINonLinear/Results/tfMRI_MOTOR/tfMRI_MOTOR_hp200_s8_level2.feat/GrayordinatesStats/cope16.feat/mask.dtseries.nii","506234","MNINonLinear//Results/tfMRI_MOTOR/tfMRI_MOTOR_hp200_s8_level2.feat/GrayordinatesStats/cope16.feat/mask.dtseries.nii","x5yQxB.liQUyOxW9JyIDeU.K_DVKRQf_"
"s3://hcp-openaccess/HCP_1200/506234/MNINonLinear/Results/tfMRI_MOTOR/tfMRI_MOTOR_hp200_s8_level2.feat/GrayordinatesStats/cope16.feat/mean_random_effects_var1.dtseries.nii","506234","MNINonLinear//Results/tfMRI_MOTOR/tfMRI_MOTOR_hp200_s8_level2.feat/GrayordinatesStats/cope16.feat/mean_random_effects_var1.dtseries.nii","4L6vbWmNev.JI5xVx3gbdeCbkeRASF5G"
"s3://hcp-openaccess/HCP_1200/506234/MNINonLinear/Results/tfMRI_MOTOR/tfMRI_MOTOR_hp200_s8_level2.feat/GrayordinatesStats/cope16.feat/pe1.dtseries.nii","506234","MNINonLinear//Results/tfMRI_MOTOR/tfMRI_MOTOR_hp200_s8_level2.feat/GrayordinatesStats/cope16.feat/pe1.dtseries.nii","zeTKtEx54NXxiSUwv2X_zgWIwx8ECyG2"
"s3://hcp-openaccess/HCP_1200/506234/MNINonLinear/Results/tfMRI_MOTOR/tfMRI_MOTOR_hp200_s8_level2.feat/GrayordinatesStats/cope16.feat/res4d.dtseries.nii","506234","MNINonLinear//Results/tfMRI_MOTOR/tfMRI_MOTOR_hp200_s8_level2.feat/GrayordinatesStats/cope16.feat/res4d.dtseries.nii","hZ_a0L.T4NCAGI3fMQv21GKMi3sfJOCP"
"s3://hcp-openaccess/HCP_1200/506234/MNINonLinear/Results/tfMRI_MOTOR/tfMRI_MOTOR_hp200_s8_level2.feat/GrayordinatesStats/cope16.feat/tdof_t1.dtseries.nii","506234","MNINonLinear//Results/tfMRI_MOTOR/tfMRI_MOTOR_hp200_s8_level2.feat/GrayordinatesStats/cope16.feat/tdof_t1.dtseries.nii","b1exvsKkrKsC7OooFnASs0brN6FUsdkx"
"s3://hcp-openaccess/HCP_1200/506234/MNINonLinear/Results/tfMRI_MOTOR/tfMRI_MOTOR_hp200_s8_level2.feat/GrayordinatesStats/cope16.feat/tstat1.dtseries.nii","506234","MNINonLinear//Results/tfMRI_MOTOR/tfMRI_MOTOR_hp200_s8_level2.feat/GrayordinatesStats/cope16.feat/tstat1.dtseries.nii","85ANu4bPorzpaID651fMgtJ1pxoLPdhx"
"s3://hcp-openaccess/HCP_1200/506234/MNINonLinear/Results/tfMRI_MOTOR/tfMRI_MOTOR_hp200_s8_level2.feat/GrayordinatesStats/cope16.feat/varcope1.dtseries.nii","506234","MNINonLinear//Results/tfMRI_MOTOR/tfMRI_MOTOR_hp200_s8_level2.feat/GrayordinatesStats/cope16.feat/varcope1.dtseries.nii","KdmcBojMt6iXQmF31wQESiIQOYRVk7cB"
"s3://hcp-openaccess/HCP_1200/506234/MNINonLinear/Results/tfMRI_MOTOR/tfMRI_MOTOR_hp200_s8_level2.feat/GrayordinatesStats/cope16.feat/weights1.dtseries.nii","506234","MNINonLinear//Results/tfMRI_MOTOR/tfMRI_MOTOR_hp200_s8_level2.feat/GrayordinatesStats/cope16.feat/weights1.dtseries.nii","0wSYxlhbSdlWUU9zvy0duJPpdWkHswJe"
"s3://hcp-openaccess/HCP_1200/506234/MNINonLinear/Results/tfMRI_MOTOR/tfMRI_MOTOR_hp200_s8_level2.feat/GrayordinatesStats/cope16.feat/zflame1lowertstat1.dtseries.nii","506234","MNINonLinear//Results/tfMRI_MOTOR/tfMRI_MOTOR_hp200_s8_level2.feat/GrayordinatesStats/cope16.feat/zflame1lowertstat1.dtseries.nii","zFkw9dsw7XEohIalshwHA3UdUF4kPYM2"
"s3://hcp-openaccess/HCP_1200/506234/MNINonLinear/Results/tfMRI_MOTOR/tfMRI_MOTOR_hp200_s8_level2.feat/GrayordinatesStats/cope16.feat/zflame1uppertstat1.dtseries.nii","506234","MNINonLinear//Results/tfMRI_MOTOR/tfMRI_MOTOR_hp200_s8_level2.feat/GrayordinatesStats/cope16.feat/zflame1uppertstat1.dtseries.nii","35v17GxdXeELOsZ5i8k.DwOgG2XikEDI"
"s3://hcp-openaccess/HCP_1200/506234/MNINonLinear/Results/tfMRI_MOTOR/tfMRI_MOTOR_hp200_s8_level2.feat/GrayordinatesStats/cope16.feat/zstat1.dtseries.nii","506234","MNINonLinear//Results/tfMRI_MOTOR/tfMRI_MOTOR_hp200_s8_level2.feat/GrayordinatesStats/cope16.feat/zstat1.dtseries.nii","aLn8WEYStCPdiDkVjBMXhtd4cO8ym0Vk"
"s3://hcp-openaccess/HCP_1200/506234/MNINonLinear/Results/tfMRI_MOTOR/tfMRI_MOTOR_hp200_s8_level2.feat/GrayordinatesStats/cope17.feat/cope1.dtseries.nii","506234","MNINonLinear//Results/tfMRI_MOTOR/tfMRI_MOTOR_hp200_s8_level2.feat/GrayordinatesStats/cope17.feat/cope1.dtseries.nii","fNewNWoZ1e44MXkVX1neV3wn4xx7cruf"
"s3://hcp-openaccess/HCP_1200/506234/MNINonLinear/Results/tfMRI_MOTOR/tfMRI_MOTOR_hp200_s8_level2.feat/GrayordinatesStats/cope17.feat/logfile","506234","MNINonLinear//Results/tfMRI_MOTOR/tfMRI_MOTOR_hp200_s8_level2.feat/GrayordinatesStats/cope17.feat/logfile","tcO5OmrjQ5zWVNe1eaXXS2wN9v0KsIVe"
"s3://hcp-openaccess/HCP_1200/506234/MNINonLinear/Results/tfMRI_MOTOR/tfMRI_MOTOR_hp200_s8_level2.feat/GrayordinatesStats/cope17.feat/mask.dtseries.nii","506234","MNINonLinear//Results/tfMRI_MOTOR/tfMRI_MOTOR_hp200_s8_level2.feat/GrayordinatesStats/cope17.feat/mask.dtseries.nii","RAWQQscSHaLrKxraAe6I5yUCeru9F7Da"
"s3://hcp-openaccess/HCP_1200/506234/MNINonLinear/Results/tfMRI_MOTOR/tfMRI_MOTOR_hp200_s8_level2.feat/GrayordinatesStats/cope17.feat/mean_random_effects_var1.dtseries.nii","506234","MNINonLinear//Results/tfMRI_MOTOR/tfMRI_MOTOR_hp200_s8_level2.feat/GrayordinatesStats/cope17.feat/mean_random_effects_var1.dtseries.nii","qt5nw3GD6BuwJkIp3Dj1O1mwnSo_JfUV"
"s3://hcp-openaccess/HCP_1200/506234/MNINonLinear/Results/tfMRI_MOTOR/tfMRI_MOTOR_hp200_s8_level2.feat/GrayordinatesStats/cope17.feat/pe1.dtseries.nii","506234","MNINonLinear//Results/tfMRI_MOTOR/tfMRI_MOTOR_hp200_s8_level2.feat/GrayordinatesStats/cope17.feat/pe1.dtseries.nii","fV9M9hyjIAjugiWF3mwMUmzuxKLvqXyw"
"s3://hcp-openaccess/HCP_1200/506234/MNINonLinear/Results/tfMRI_MOTOR/tfMRI_MOTOR_hp200_s8_level2.feat/GrayordinatesStats/cope17.feat/res4d.dtseries.nii","506234","MNINonLinear//Results/tfMRI_MOTOR/tfMRI_MOTOR_hp200_s8_level2.feat/GrayordinatesStats/cope17.feat/res4d.dtseries.nii","SpqyVlk4QF5wsKkOls.SzN0xPf9HhLwc"
"s3://hcp-openaccess/HCP_1200/506234/MNINonLinear/Results/tfMRI_MOTOR/tfMRI_MOTOR_hp200_s8_level2.feat/GrayordinatesStats/cope17.feat/tdof_t1.dtseries.nii","506234","MNINonLinear//Results/tfMRI_MOTOR/tfMRI_MOTOR_hp200_s8_level2.feat/GrayordinatesStats/cope17.feat/tdof_t1.dtseries.nii","BFIecUMJ.9hKT6cBw33UOqEUyDvcO_Ss"
"s3://hcp-openaccess/HCP_1200/506234/MNINonLinear/Results/tfMRI_MOTOR/tfMRI_MOTOR_hp200_s8_level2.feat/GrayordinatesStats/cope17.feat/tstat1.dtseries.nii","506234","MNINonLinear//Results/tfMRI_MOTOR/tfMRI_MOTOR_hp200_s8_level2.feat/GrayordinatesStats/cope17.feat/tstat1.dtseries.nii","8KENkeIfcLeJSYgUsNZGXi5p3.H1iKRI"
"s3://hcp-openaccess/HCP_1200/506234/MNINonLinear/Results/tfMRI_MOTOR/tfMRI_MOTOR_hp200_s8_level2.feat/GrayordinatesStats/cope17.feat/varcope1.dtseries.nii","506234","MNINonLinear//Results/tfMRI_MOTOR/tfMRI_MOTOR_hp200_s8_level2.feat/GrayordinatesStats/cope17.feat/varcope1.dtseries.nii","7yIhIu2FIohnmnwM5laOlQNqPsA3fHIi"
"s3://hcp-openaccess/HCP_1200/506234/MNINonLinear/Results/tfMRI_MOTOR/tfMRI_MOTOR_hp200_s8_level2.feat/GrayordinatesStats/cope17.feat/weights1.dtseries.nii","506234","MNINonLinear//Results/tfMRI_MOTOR/tfMRI_MOTOR_hp200_s8_level2.feat/GrayordinatesStats/cope17.feat/weights1.dtseries.nii","U9jdXETKnRkv7TDNqFUQo2SqRoa_CJL8"
"s3://hcp-openaccess/HCP_1200/506234/MNINonLinear/Results/tfMRI_MOTOR/tfMRI_MOTOR_hp200_s8_level2.feat/GrayordinatesStats/cope17.feat/zflame1lowertstat1.dtseries.nii","506234","MNINonLinear//Results/tfMRI_MOTOR/tfMRI_MOTOR_hp200_s8_level2.feat/GrayordinatesStats/cope17.feat/zflame1lowertstat1.dtseries.nii","q4LDdnsY7QLPhbDVBKzsyw.geMcb39JT"
"s3://hcp-openaccess/HCP_1200/506234/MNINonLinear/Results/tfMRI_MOTOR/tfMRI_MOTOR_hp200_s8_level2.feat/GrayordinatesStats/cope17.feat/zflame1uppertstat1.dtseries.nii","506234","MNINonLinear//Results/tfMRI_MOTOR/tfMRI_MOTOR_hp200_s8_level2.feat/GrayordinatesStats/cope17.feat/zflame1uppertstat1.dtseries.nii","3AOz6zQu4ijpZBZz9ZVWkL2iNCcBx4_n"
"s3://hcp-openaccess/HCP_1200/506234/MNINonLinear/Results/tfMRI_MOTOR/tfMRI_MOTOR_hp200_s8_level2.feat/GrayordinatesStats/cope17.feat/zstat1.dtseries.nii","506234","MNINonLinear//Results/tfMRI_MOTOR/tfMRI_MOTOR_hp200_s8_level2.feat/GrayordinatesStats/cope17.feat/zstat1.dtseries.nii","PPmRfDl4Ng6Sz7lMSnHY1G34EGGSJ1Bf"
"s3://hcp-openaccess/HCP_1200/506234/MNINonLinear/Results/tfMRI_MOTOR/tfMRI_MOTOR_hp200_s8_level2.feat/GrayordinatesStats/cope18.feat/cope1.dtseries.nii","506234","MNINonLinear//Results/tfMRI_MOTOR/tfMRI_MOTOR_hp200_s8_level2.feat/GrayordinatesStats/cope18.feat/cope1.dtseries.nii","HsCA4aCYGeoRUlcBiLc2obnrsc.aTNBU"
"s3://hcp-openaccess/HCP_1200/506234/MNINonLinear/Results/tfMRI_MOTOR/tfMRI_MOTOR_hp200_s8_level2.feat/GrayordinatesStats/cope18.feat/logfile","506234","MNINonLinear//Results/tfMRI_MOTOR/tfMRI_MOTOR_hp200_s8_level2.feat/GrayordinatesStats/cope18.feat/logfile","q6dIhmqi_I1agWloil6MfKKUWpJ4FYEB"
"s3://hcp-openaccess/HCP_1200/506234/MNINonLinear/Results/tfMRI_MOTOR/tfMRI_MOTOR_hp200_s8_level2.feat/GrayordinatesStats/cope18.feat/mask.dtseries.nii","506234","MNINonLinear//Results/tfMRI_MOTOR/tfMRI_MOTOR_hp200_s8_level2.feat/GrayordinatesStats/cope18.feat/mask.dtseries.nii","Xf7aKxVCzUPe7DZNHFOfebBo.8NLtGjZ"
"s3://hcp-openaccess/HCP_1200/506234/MNINonLinear/Results/tfMRI_MOTOR/tfMRI_MOTOR_hp200_s8_level2.feat/GrayordinatesStats/cope18.feat/mean_random_effects_var1.dtseries.nii","506234","MNINonLinear//Results/tfMRI_MOTOR/tfMRI_MOTOR_hp200_s8_level2.feat/GrayordinatesStats/cope18.feat/mean_random_effects_var1.dtseries.nii","VtjN.40j.3yNxLAlr14YViyM.YCr0IVi"
"s3://hcp-openaccess/HCP_1200/506234/MNINonLinear/Results/tfMRI_MOTOR/tfMRI_MOTOR_hp200_s8_level2.feat/GrayordinatesStats/cope18.feat/pe1.dtseries.nii","506234","MNINonLinear//Results/tfMRI_MOTOR/tfMRI_MOTOR_hp200_s8_level2.feat/GrayordinatesStats/cope18.feat/pe1.dtseries.nii","TKYbsAP81uK77xuAgC4gQ8SIAYFbXJ05"
"s3://hcp-openaccess/HCP_1200/506234/MNINonLinear/Results/tfMRI_MOTOR/tfMRI_MOTOR_hp200_s8_level2.feat/GrayordinatesStats/cope18.feat/res4d.dtseries.nii","506234","MNINonLinear//Results/tfMRI_MOTOR/tfMRI_MOTOR_hp200_s8_level2.feat/GrayordinatesStats/cope18.feat/res4d.dtseries.nii","zhtViwuu1w4hVPP6NNalRGxFL80P5HcU"
"s3://hcp-openaccess/HCP_1200/506234/MNINonLinear/Results/tfMRI_MOTOR/tfMRI_MOTOR_hp200_s8_level2.feat/GrayordinatesStats/cope18.feat/tdof_t1.dtseries.nii","506234","MNINonLinear//Results/tfMRI_MOTOR/tfMRI_MOTOR_hp200_s8_level2.feat/GrayordinatesStats/cope18.feat/tdof_t1.dtseries.nii","85QDz3BKbNe1.KOUJ7RnSlX__Iq4DcrI"
"s3://hcp-openaccess/HCP_1200/506234/MNINonLinear/Results/tfMRI_MOTOR/tfMRI_MOTOR_hp200_s8_level2.feat/GrayordinatesStats/cope18.feat/tstat1.dtseries.nii","506234","MNINonLinear//Results/tfMRI_MOTOR/tfMRI_MOTOR_hp200_s8_level2.feat/GrayordinatesStats/cope18.feat/tstat1.dtseries.nii","NgtyeBiYyz1n5wkxB7U2qSo5IjOlKhxp"
"s3://hcp-openaccess/HCP_1200/506234/MNINonLinear/Results/tfMRI_MOTOR/tfMRI_MOTOR_hp200_s8_level2.feat/GrayordinatesStats/cope18.feat/varcope1.dtseries.nii","506234","MNINonLinear//Results/tfMRI_MOTOR/tfMRI_MOTOR_hp200_s8_level2.feat/GrayordinatesStats/cope18.feat/varcope1.dtseries.nii","0vd4FxPggnhdLRt7qtBCLG6iw3ELKI4h"
"s3://hcp-openaccess/HCP_1200/506234/MNINonLinear/Results/tfMRI_MOTOR/tfMRI_MOTOR_hp200_s8_level2.feat/GrayordinatesStats/cope18.feat/weights1.dtseries.nii","506234","MNINonLinear//Results/tfMRI_MOTOR/tfMRI_MOTOR_hp200_s8_level2.feat/GrayordinatesStats/cope18.feat/weights1.dtseries.nii","EB600wShHzdpHuIpIF_v5k2Mp.UxEVXB"
"s3://hcp-openaccess/HCP_1200/506234/MNINonLinear/Results/tfMRI_MOTOR/tfMRI_MOTOR_hp200_s8_level2.feat/GrayordinatesStats/cope18.feat/zflame1lowertstat1.dtseries.nii","506234","MNINonLinear//Results/tfMRI_MOTOR/tfMRI_MOTOR_hp200_s8_level2.feat/GrayordinatesStats/cope18.feat/zflame1lowertstat1.dtseries.nii","ufUDia5rHJKbXmUNDcoOy6yiqj8hWI7Q"
"s3://hcp-openaccess/HCP_1200/506234/MNINonLinear/Results/tfMRI_MOTOR/tfMRI_MOTOR_hp200_s8_level2.feat/GrayordinatesStats/cope18.feat/zflame1uppertstat1.dtseries.nii","506234","MNINonLinear//Results/tfMRI_MOTOR/tfMRI_MOTOR_hp200_s8_level2.feat/GrayordinatesStats/cope18.feat/zflame1uppertstat1.dtseries.nii","zEbWhCe5TrqlnU5baljLx68pXBZteGz1"
"s3://hcp-openaccess/HCP_1200/506234/MNINonLinear/Results/tfMRI_MOTOR/tfMRI_MOTOR_hp200_s8_level2.feat/GrayordinatesStats/cope18.feat/zstat1.dtseries.nii","506234","MNINonLinear//Results/tfMRI_MOTOR/tfMRI_MOTOR_hp200_s8_level2.feat/GrayordinatesStats/cope18.feat/zstat1.dtseries.nii","pJmXKeIh0O4hXAz_IiEod5xNw7hZlUNO"
"s3://hcp-openaccess/HCP_1200/506234/MNINonLinear/Results/tfMRI_MOTOR/tfMRI_MOTOR_hp200_s8_level2.feat/GrayordinatesStats/cope19.feat/cope1.dtseries.nii","506234","MNINonLinear//Results/tfMRI_MOTOR/tfMRI_MOTOR_hp200_s8_level2.feat/GrayordinatesStats/cope19.feat/cope1.dtseries.nii","Bt2Aoq2f8i0wD2ykMHY7mc6fkSKip70H"
"s3://hcp-openaccess/HCP_1200/506234/MNINonLinear/Results/tfMRI_MOTOR/tfMRI_MOTOR_hp200_s8_level2.feat/GrayordinatesStats/cope19.feat/logfile","506234","MNINonLinear//Results/tfMRI_MOTOR/tfMRI_MOTOR_hp200_s8_level2.feat/GrayordinatesStats/cope19.feat/logfile","QIhvWBWZcSUqSXYTUOnLjmTSIEf0S0TP"
"s3://hcp-openaccess/HCP_1200/506234/MNINonLinear/Results/tfMRI_MOTOR/tfMRI_MOTOR_hp200_s8_level2.feat/GrayordinatesStats/cope19.feat/mask.dtseries.nii","506234","MNINonLinear//Results/tfMRI_MOTOR/tfMRI_MOTOR_hp200_s8_level2.feat/GrayordinatesStats/cope19.feat/mask.dtseries.nii","c9AXs26UkXUfaltiu5ldepLU3y821wGQ"
"s3://hcp-openaccess/HCP_1200/506234/MNINonLinear/Results/tfMRI_MOTOR/tfMRI_MOTOR_hp200_s8_level2.feat/GrayordinatesStats/cope19.feat/mean_random_effects_var1.dtseries.nii","506234","MNINonLinear//Results/tfMRI_MOTOR/tfMRI_MOTOR_hp200_s8_level2.feat/GrayordinatesStats/cope19.feat/mean_random_effects_var1.dtseries.nii","ETLt9qi3aQp8dc6IIiQx2xmj0G02Q2hF"
"s3://hcp-openaccess/HCP_1200/506234/MNINonLinear/Results/tfMRI_MOTOR/tfMRI_MOTOR_hp200_s8_level2.feat/GrayordinatesStats/cope19.feat/pe1.dtseries.nii","506234","MNINonLinear//Results/tfMRI_MOTOR/tfMRI_MOTOR_hp200_s8_level2.feat/GrayordinatesStats/cope19.feat/pe1.dtseries.nii","ooesuSi6O4hSsYs9ldzxDzXIsQzUV4qJ"
"s3://hcp-openaccess/HCP_1200/506234/MNINonLinear/Results/tfMRI_MOTOR/tfMRI_MOTOR_hp200_s8_level2.feat/GrayordinatesStats/cope19.feat/res4d.dtseries.nii","506234","MNINonLinear//Results/tfMRI_MOTOR/tfMRI_MOTOR_hp200_s8_level2.feat/GrayordinatesStats/cope19.feat/res4d.dtseries.nii","ZtZcf1LQ38c7ckIHK4FGD17DZLxMka_2"
"s3://hcp-openaccess/HCP_1200/506234/MNINonLinear/Results/tfMRI_MOTOR/tfMRI_MOTOR_hp200_s8_level2.feat/GrayordinatesStats/cope19.feat/tdof_t1.dtseries.nii","506234","MNINonLinear//Results/tfMRI_MOTOR/tfMRI_MOTOR_hp200_s8_level2.feat/GrayordinatesStats/cope19.feat/tdof_t1.dtseries.nii","lwu1VS1iJxl3yFhlPf.ir05_Pkmizsvg"
"s3://hcp-openaccess/HCP_1200/506234/MNINonLinear/Results/tfMRI_MOTOR/tfMRI_MOTOR_hp200_s8_level2.feat/GrayordinatesStats/cope19.feat/tstat1.dtseries.nii","506234","MNINonLinear//Results/tfMRI_MOTOR/tfMRI_MOTOR_hp200_s8_level2.feat/GrayordinatesStats/cope19.feat/tstat1.dtseries.nii","CbJIJ4U_UZyounsyci082kKKF2pGryr5"
"s3://hcp-openaccess/HCP_1200/506234/MNINonLinear/Results/tfMRI_MOTOR/tfMRI_MOTOR_hp200_s8_level2.feat/GrayordinatesStats/cope19.feat/varcope1.dtseries.nii","506234","MNINonLinear//Results/tfMRI_MOTOR/tfMRI_MOTOR_hp200_s8_level2.feat/GrayordinatesStats/cope19.feat/varcope1.dtseries.nii","q_b.EB0YPuX_YR4EI2tgYvk.pC4drSQn"
"s3://hcp-openaccess/HCP_1200/506234/MNINonLinear/Results/tfMRI_MOTOR/tfMRI_MOTOR_hp200_s8_level2.feat/GrayordinatesStats/cope19.feat/weights1.dtseries.nii","506234","MNINonLinear//Results/tfMRI_MOTOR/tfMRI_MOTOR_hp200_s8_level2.feat/GrayordinatesStats/cope19.feat/weights1.dtseries.nii","SDa2_cLHdmtNcy_GWIZBF4ZMCv1cidSA"
"s3://hcp-openaccess/HCP_1200/506234/MNINonLinear/Results/tfMRI_MOTOR/tfMRI_MOTOR_hp200_s8_level2.feat/GrayordinatesStats/cope19.feat/zflame1lowertstat1.dtseries.nii","506234","MNINonLinear//Results/tfMRI_MOTOR/tfMRI_MOTOR_hp200_s8_level2.feat/GrayordinatesStats/cope19.feat/zflame1lowertstat1.dtseries.nii","PklBDoW1osbSKWnT5_hxWzN0Nhf.kIWW"
"s3://hcp-openaccess/HCP_1200/506234/MNINonLinear/Results/tfMRI_MOTOR/tfMRI_MOTOR_hp200_s8_level2.feat/GrayordinatesStats/cope19.feat/zflame1uppertstat1.dtseries.nii","506234","MNINonLinear//Results/tfMRI_MOTOR/tfMRI_MOTOR_hp200_s8_level2.feat/GrayordinatesStats/cope19.feat/zflame1uppertstat1.dtseries.nii","7PE4b_P6DCZkUUnZ6icWCeyisBqoBDny"
"s3://hcp-openaccess/HCP_1200/506234/MNINonLinear/Results/tfMRI_MOTOR/tfMRI_MOTOR_hp200_s8_level2.feat/GrayordinatesStats/cope19.feat/zstat1.dtseries.nii","506234","MNINonLinear//Results/tfMRI_MOTOR/tfMRI_MOTOR_hp200_s8_level2.feat/GrayordinatesStats/cope19.feat/zstat1.dtseries.nii","XYUSqb5HTeiqA7lNUqSShFR0vusx_bBX"
"s3://hcp-openaccess/HCP_1200/506234/MNINonLinear/Results/tfMRI_MOTOR/tfMRI_MOTOR_hp200_s8_level2.feat/GrayordinatesStats/cope2.feat/cope1.dtseries.nii","506234","MNINonLinear//Results/tfMRI_MOTOR/tfMRI_MOTOR_hp200_s8_level2.feat/GrayordinatesStats/cope2.feat/cope1.dtseries.nii","sDxRO44Kux_54Q4sesmnx4i4ffhiAHvg"
"s3://hcp-openaccess/HCP_1200/506234/MNINonLinear/Results/tfMRI_MOTOR/tfMRI_MOTOR_hp200_s8_level2.feat/GrayordinatesStats/cope2.feat/logfile","506234","MNINonLinear//Results/tfMRI_MOTOR/tfMRI_MOTOR_hp200_s8_level2.feat/GrayordinatesStats/cope2.feat/logfile","1CAmtanDr36cJBMb.w4xTjOK0QUlfqwu"
"s3://hcp-openaccess/HCP_1200/506234/MNINonLinear/Results/tfMRI_MOTOR/tfMRI_MOTOR_hp200_s8_level2.feat/GrayordinatesStats/cope2.feat/mask.dtseries.nii","506234","MNINonLinear//Results/tfMRI_MOTOR/tfMRI_MOTOR_hp200_s8_level2.feat/GrayordinatesStats/cope2.feat/mask.dtseries.nii","M5Zg0UGPMpgC5s.279zX3bjwL954HD00"
"s3://hcp-openaccess/HCP_1200/506234/MNINonLinear/Results/tfMRI_MOTOR/tfMRI_MOTOR_hp200_s8_level2.feat/GrayordinatesStats/cope2.feat/mean_random_effects_var1.dtseries.nii","506234","MNINonLinear//Results/tfMRI_MOTOR/tfMRI_MOTOR_hp200_s8_level2.feat/GrayordinatesStats/cope2.feat/mean_random_effects_var1.dtseries.nii","lnuKUJnK5aNtrvkwthlQyHWS6AEaxiMy"
"s3://hcp-openaccess/HCP_1200/506234/MNINonLinear/Results/tfMRI_MOTOR/tfMRI_MOTOR_hp200_s8_level2.feat/GrayordinatesStats/cope2.feat/pe1.dtseries.nii","506234","MNINonLinear//Results/tfMRI_MOTOR/tfMRI_MOTOR_hp200_s8_level2.feat/GrayordinatesStats/cope2.feat/pe1.dtseries.nii","M_9wqNHH_uyHONqmpMfSD1hSKwynWmds"
"s3://hcp-openaccess/HCP_1200/506234/MNINonLinear/Results/tfMRI_MOTOR/tfMRI_MOTOR_hp200_s8_level2.feat/GrayordinatesStats/cope2.feat/res4d.dtseries.nii","506234","MNINonLinear//Results/tfMRI_MOTOR/tfMRI_MOTOR_hp200_s8_level2.feat/GrayordinatesStats/cope2.feat/res4d.dtseries.nii","xpsRORA91fKs4yLC3z5YCx7mkWHoRVM1"
"s3://hcp-openaccess/HCP_1200/506234/MNINonLinear/Results/tfMRI_MOTOR/tfMRI_MOTOR_hp200_s8_level2.feat/GrayordinatesStats/cope2.feat/tdof_t1.dtseries.nii","506234","MNINonLinear//Results/tfMRI_MOTOR/tfMRI_MOTOR_hp200_s8_level2.feat/GrayordinatesStats/cope2.feat/tdof_t1.dtseries.nii","IPwC7HyJWYK_wDmuTx3QoCZyBdlGlmg1"
"s3://hcp-openaccess/HCP_1200/506234/MNINonLinear/Results/tfMRI_MOTOR/tfMRI_MOTOR_hp200_s8_level2.feat/GrayordinatesStats/cope2.feat/tstat1.dtseries.nii","506234","MNINonLinear//Results/tfMRI_MOTOR/tfMRI_MOTOR_hp200_s8_level2.feat/GrayordinatesStats/cope2.feat/tstat1.dtseries.nii","1Jemab3G2NyMyJL07gNWrmkgulYQ2QDw"
"s3://hcp-openaccess/HCP_1200/506234/MNINonLinear/Results/tfMRI_MOTOR/tfMRI_MOTOR_hp200_s8_level2.feat/GrayordinatesStats/cope2.feat/varcope1.dtseries.nii","506234","MNINonLinear//Results/tfMRI_MOTOR/tfMRI_MOTOR_hp200_s8_level2.feat/GrayordinatesStats/cope2.feat/varcope1.dtseries.nii","kcgRZtSU3dx7gtrL3GyspBG1pzuSRdib"
"s3://hcp-openaccess/HCP_1200/506234/MNINonLinear/Results/tfMRI_MOTOR/tfMRI_MOTOR_hp200_s8_level2.feat/GrayordinatesStats/cope2.feat/weights1.dtseries.nii","506234","MNINonLinear//Results/tfMRI_MOTOR/tfMRI_MOTOR_hp200_s8_level2.feat/GrayordinatesStats/cope2.feat/weights1.dtseries.nii","kDmyuxHLUg2gCw9tHfUSKbVNjGsUofzY"
"s3://hcp-openaccess/HCP_1200/506234/MNINonLinear/Results/tfMRI_MOTOR/tfMRI_MOTOR_hp200_s8_level2.feat/GrayordinatesStats/cope2.feat/zflame1lowertstat1.dtseries.nii","506234","MNINonLinear//Results/tfMRI_MOTOR/tfMRI_MOTOR_hp200_s8_level2.feat/GrayordinatesStats/cope2.feat/zflame1lowertstat1.dtseries.nii","hDacqNM.JsqSBfY76XcTzo.mVf.o1h5z"
"s3://hcp-openaccess/HCP_1200/506234/MNINonLinear/Results/tfMRI_MOTOR/tfMRI_MOTOR_hp200_s8_level2.feat/GrayordinatesStats/cope2.feat/zflame1uppertstat1.dtseries.nii","506234","MNINonLinear//Results/tfMRI_MOTOR/tfMRI_MOTOR_hp200_s8_level2.feat/GrayordinatesStats/cope2.feat/zflame1uppertstat1.dtseries.nii","Y57BEkMVk50wnNdMrLThfoHKI76YE2Q3"
"s3://hcp-openaccess/HCP_1200/506234/MNINonLinear/Results/tfMRI_MOTOR/tfMRI_MOTOR_hp200_s8_level2.feat/GrayordinatesStats/cope2.feat/zstat1.dtseries.nii","506234","MNINonLinear//Results/tfMRI_MOTOR/tfMRI_MOTOR_hp200_s8_level2.feat/GrayordinatesStats/cope2.feat/zstat1.dtseries.nii","rtL.tK8V9NE6HnxNdFY.L2_JNuHXOXAP"
"s3://hcp-openaccess/HCP_1200/506234/MNINonLinear/Results/tfMRI_MOTOR/tfMRI_MOTOR_hp200_s8_level2.feat/GrayordinatesStats/cope20.feat/cope1.dtseries.nii","506234","MNINonLinear//Results/tfMRI_MOTOR/tfMRI_MOTOR_hp200_s8_level2.feat/GrayordinatesStats/cope20.feat/cope1.dtseries.nii","e.COpfm3bQXph.BJVNCLV.6ZndjlYCpZ"
"s3://hcp-openaccess/HCP_1200/506234/MNINonLinear/Results/tfMRI_MOTOR/tfMRI_MOTOR_hp200_s8_level2.feat/GrayordinatesStats/cope20.feat/logfile","506234","MNINonLinear//Results/tfMRI_MOTOR/tfMRI_MOTOR_hp200_s8_level2.feat/GrayordinatesStats/cope20.feat/logfile","kxfK4VgmFVgAiVZSIT8us49aO0lqxywE"
"s3://hcp-openaccess/HCP_1200/506234/MNINonLinear/Results/tfMRI_MOTOR/tfMRI_MOTOR_hp200_s8_level2.feat/GrayordinatesStats/cope20.feat/mask.dtseries.nii","506234","MNINonLinear//Results/tfMRI_MOTOR/tfMRI_MOTOR_hp200_s8_level2.feat/GrayordinatesStats/cope20.feat/mask.dtseries.nii","qcPJA6pFrx.OzEDOcnjvHWK5lQbLTgvz"
"s3://hcp-openaccess/HCP_1200/506234/MNINonLinear/Results/tfMRI_MOTOR/tfMRI_MOTOR_hp200_s8_level2.feat/GrayordinatesStats/cope20.feat/mean_random_effects_var1.dtseries.nii","506234","MNINonLinear//Results/tfMRI_MOTOR/tfMRI_MOTOR_hp200_s8_level2.feat/GrayordinatesStats/cope20.feat/mean_random_effects_var1.dtseries.nii","KQcjnTcgOzvs_GSYHZjCZdZpYLFs.yj."
"s3://hcp-openaccess/HCP_1200/506234/MNINonLinear/Results/tfMRI_MOTOR/tfMRI_MOTOR_hp200_s8_level2.feat/GrayordinatesStats/cope20.feat/pe1.dtseries.nii","506234","MNINonLinear//Results/tfMRI_MOTOR/tfMRI_MOTOR_hp200_s8_level2.feat/GrayordinatesStats/cope20.feat/pe1.dtseries.nii","k26SpYG.0Ouuzs_LkI3SJd8p9nwQAlQ1"
"s3://hcp-openaccess/HCP_1200/506234/MNINonLinear/Results/tfMRI_MOTOR/tfMRI_MOTOR_hp200_s8_level2.feat/GrayordinatesStats/cope20.feat/res4d.dtseries.nii","506234","MNINonLinear//Results/tfMRI_MOTOR/tfMRI_MOTOR_hp200_s8_level2.feat/GrayordinatesStats/cope20.feat/res4d.dtseries.nii","s5ypY1rEw9S3UbPTzCXpqxNGSye_VSQz"
"s3://hcp-openaccess/HCP_1200/506234/MNINonLinear/Results/tfMRI_MOTOR/tfMRI_MOTOR_hp200_s8_level2.feat/GrayordinatesStats/cope20.feat/tdof_t1.dtseries.nii","506234","MNINonLinear//Results/tfMRI_MOTOR/tfMRI_MOTOR_hp200_s8_level2.feat/GrayordinatesStats/cope20.feat/tdof_t1.dtseries.nii","uoNE9zkdaOhJeC6cMZFeqqCSwxGG2pjJ"
"s3://hcp-openaccess/HCP_1200/506234/MNINonLinear/Results/tfMRI_MOTOR/tfMRI_MOTOR_hp200_s8_level2.feat/GrayordinatesStats/cope20.feat/tstat1.dtseries.nii","506234","MNINonLinear//Results/tfMRI_MOTOR/tfMRI_MOTOR_hp200_s8_level2.feat/GrayordinatesStats/cope20.feat/tstat1.dtseries.nii","PYzWOgYA416if1XMzX9K9fNYHWWDVCj1"
"s3://hcp-openaccess/HCP_1200/506234/MNINonLinear/Results/tfMRI_MOTOR/tfMRI_MOTOR_hp200_s8_level2.feat/GrayordinatesStats/cope20.feat/varcope1.dtseries.nii","506234","MNINonLinear//Results/tfMRI_MOTOR/tfMRI_MOTOR_hp200_s8_level2.feat/GrayordinatesStats/cope20.feat/varcope1.dtseries.nii","WSRC1Y64bzsBqYJfNYcw2.EENnCulBy4"
"s3://hcp-openaccess/HCP_1200/506234/MNINonLinear/Results/tfMRI_MOTOR/tfMRI_MOTOR_hp200_s8_level2.feat/GrayordinatesStats/cope20.feat/weights1.dtseries.nii","506234","MNINonLinear//Results/tfMRI_MOTOR/tfMRI_MOTOR_hp200_s8_level2.feat/GrayordinatesStats/cope20.feat/weights1.dtseries.nii","0ThmXm2KNz7JvcptIht7oL2Sr2SruKM9"
"s3://hcp-openaccess/HCP_1200/506234/MNINonLinear/Results/tfMRI_MOTOR/tfMRI_MOTOR_hp200_s8_level2.feat/GrayordinatesStats/cope20.feat/zflame1lowertstat1.dtseries.nii","506234","MNINonLinear//Results/tfMRI_MOTOR/tfMRI_MOTOR_hp200_s8_level2.feat/GrayordinatesStats/cope20.feat/zflame1lowertstat1.dtseries.nii","F8o6ImFfqmheZgvFHNUinvO4SN2XvPW5"
"s3://hcp-openaccess/HCP_1200/506234/MNINonLinear/Results/tfMRI_MOTOR/tfMRI_MOTOR_hp200_s8_level2.feat/GrayordinatesStats/cope20.feat/zflame1uppertstat1.dtseries.nii","506234","MNINonLinear//Results/tfMRI_MOTOR/tfMRI_MOTOR_hp200_s8_level2.feat/GrayordinatesStats/cope20.feat/zflame1uppertstat1.dtseries.nii","lWV9v3ZDBnS2c4R5QmIYZdyv1AqK0DwL"
"s3://hcp-openaccess/HCP_1200/506234/MNINonLinear/Results/tfMRI_MOTOR/tfMRI_MOTOR_hp200_s8_level2.feat/GrayordinatesStats/cope20.feat/zstat1.dtseries.nii","506234","MNINonLinear//Results/tfMRI_MOTOR/tfMRI_MOTOR_hp200_s8_level2.feat/GrayordinatesStats/cope20.feat/zstat1.dtseries.nii","xcLf9tfzZSf1bTnVgYaQShVHhxk3zsBe"
"s3://hcp-openaccess/HCP_1200/506234/MNINonLinear/Results/tfMRI_MOTOR/tfMRI_MOTOR_hp200_s8_level2.feat/GrayordinatesStats/cope21.feat/cope1.dtseries.nii","506234","MNINonLinear//Results/tfMRI_MOTOR/tfMRI_MOTOR_hp200_s8_level2.feat/GrayordinatesStats/cope21.feat/cope1.dtseries.nii","Ny7JLA9KBumYRT8byJOfUJU3E45PbKKY"
"s3://hcp-openaccess/HCP_1200/506234/MNINonLinear/Results/tfMRI_MOTOR/tfMRI_MOTOR_hp200_s8_level2.feat/GrayordinatesStats/cope21.feat/logfile","506234","MNINonLinear//Results/tfMRI_MOTOR/tfMRI_MOTOR_hp200_s8_level2.feat/GrayordinatesStats/cope21.feat/logfile","azIAaXckm_vupSNgd7OzOPw6AH8bGw1P"
"s3://hcp-openaccess/HCP_1200/506234/MNINonLinear/Results/tfMRI_MOTOR/tfMRI_MOTOR_hp200_s8_level2.feat/GrayordinatesStats/cope21.feat/mask.dtseries.nii","506234","MNINonLinear//Results/tfMRI_MOTOR/tfMRI_MOTOR_hp200_s8_level2.feat/GrayordinatesStats/cope21.feat/mask.dtseries.nii","QOknDCJRMpeeQOdcWnvF4NNBCLptF7O6"
"s3://hcp-openaccess/HCP_1200/506234/MNINonLinear/Results/tfMRI_MOTOR/tfMRI_MOTOR_hp200_s8_level2.feat/GrayordinatesStats/cope21.feat/mean_random_effects_var1.dtseries.nii","506234","MNINonLinear//Results/tfMRI_MOTOR/tfMRI_MOTOR_hp200_s8_level2.feat/GrayordinatesStats/cope21.feat/mean_random_effects_var1.dtseries.nii","g5S.FU4mhwExhH2iAYJlM.riHpS1nEeE"
"s3://hcp-openaccess/HCP_1200/506234/MNINonLinear/Results/tfMRI_MOTOR/tfMRI_MOTOR_hp200_s8_level2.feat/GrayordinatesStats/cope21.feat/pe1.dtseries.nii","506234","MNINonLinear//Results/tfMRI_MOTOR/tfMRI_MOTOR_hp200_s8_level2.feat/GrayordinatesStats/cope21.feat/pe1.dtseries.nii","gJL4Vbc8K7nM2K2AnP8RT4uugGglCz9v"
"s3://hcp-openaccess/HCP_1200/506234/MNINonLinear/Results/tfMRI_MOTOR/tfMRI_MOTOR_hp200_s8_level2.feat/GrayordinatesStats/cope21.feat/res4d.dtseries.nii","506234","MNINonLinear//Results/tfMRI_MOTOR/tfMRI_MOTOR_hp200_s8_level2.feat/GrayordinatesStats/cope21.feat/res4d.dtseries.nii","qsOxQa6Nd_4e7yJ8obwT5MHNvSK_lTJF"
"s3://hcp-openaccess/HCP_1200/506234/MNINonLinear/Results/tfMRI_MOTOR/tfMRI_MOTOR_hp200_s8_level2.feat/GrayordinatesStats/cope21.feat/tdof_t1.dtseries.nii","506234","MNINonLinear//Results/tfMRI_MOTOR/tfMRI_MOTOR_hp200_s8_level2.feat/GrayordinatesStats/cope21.feat/tdof_t1.dtseries.nii","aaww7UoD1.LSLIyakLzonMalgYZraK4G"
"s3://hcp-openaccess/HCP_1200/506234/MNINonLinear/Results/tfMRI_MOTOR/tfMRI_MOTOR_hp200_s8_level2.feat/GrayordinatesStats/cope21.feat/tstat1.dtseries.nii","506234","MNINonLinear//Results/tfMRI_MOTOR/tfMRI_MOTOR_hp200_s8_level2.feat/GrayordinatesStats/cope21.feat/tstat1.dtseries.nii","9riSN2JXM3g0fMy94Lm31as9wDoE.JLm"
"s3://hcp-openaccess/HCP_1200/506234/MNINonLinear/Results/tfMRI_MOTOR/tfMRI_MOTOR_hp200_s8_level2.feat/GrayordinatesStats/cope21.feat/varcope1.dtseries.nii","506234","MNINonLinear//Results/tfMRI_MOTOR/tfMRI_MOTOR_hp200_s8_level2.feat/GrayordinatesStats/cope21.feat/varcope1.dtseries.nii","mmUue2Dl3YExIF8nfnvzgrTlsUmDgQFY"
"s3://hcp-openaccess/HCP_1200/506234/MNINonLinear/Results/tfMRI_MOTOR/tfMRI_MOTOR_hp200_s8_level2.feat/GrayordinatesStats/cope21.feat/weights1.dtseries.nii","506234","MNINonLinear//Results/tfMRI_MOTOR/tfMRI_MOTOR_hp200_s8_level2.feat/GrayordinatesStats/cope21.feat/weights1.dtseries.nii","JthyFWTaohwWmSAAr0yB3Z8_T8FBcC4U"
"s3://hcp-openaccess/HCP_1200/506234/MNINonLinear/Results/tfMRI_MOTOR/tfMRI_MOTOR_hp200_s8_level2.feat/GrayordinatesStats/cope21.feat/zflame1lowertstat1.dtseries.nii","506234","MNINonLinear//Results/tfMRI_MOTOR/tfMRI_MOTOR_hp200_s8_level2.feat/GrayordinatesStats/cope21.feat/zflame1lowertstat1.dtseries.nii","TW_kFRR_7Nww26n_NydQHz3H_ZHGFq6H"
"s3://hcp-openaccess/HCP_1200/506234/MNINonLinear/Results/tfMRI_MOTOR/tfMRI_MOTOR_hp200_s8_level2.feat/GrayordinatesStats/cope21.feat/zflame1uppertstat1.dtseries.nii","506234","MNINonLinear//Results/tfMRI_MOTOR/tfMRI_MOTOR_hp200_s8_level2.feat/GrayordinatesStats/cope21.feat/zflame1uppertstat1.dtseries.nii","OSEDACF_59PV2IVKvFZQamuWqkCL.L.R"
"s3://hcp-openaccess/HCP_1200/506234/MNINonLinear/Results/tfMRI_MOTOR/tfMRI_MOTOR_hp200_s8_level2.feat/GrayordinatesStats/cope21.feat/zstat1.dtseries.nii","506234","MNINonLinear//Results/tfMRI_MOTOR/tfMRI_MOTOR_hp200_s8_level2.feat/GrayordinatesStats/cope21.feat/zstat1.dtseries.nii","oNsd2eRjdugixNjdZ_gY9pMvat6UEoxJ"
"s3://hcp-openaccess/HCP_1200/506234/MNINonLinear/Results/tfMRI_MOTOR/tfMRI_MOTOR_hp200_s8_level2.feat/GrayordinatesStats/cope22.feat/cope1.dtseries.nii","506234","MNINonLinear//Results/tfMRI_MOTOR/tfMRI_MOTOR_hp200_s8_level2.feat/GrayordinatesStats/cope22.feat/cope1.dtseries.nii","p6DqAi4KRV_La16.lecfX3lVIo9BDgmP"
"s3://hcp-openaccess/HCP_1200/506234/MNINonLinear/Results/tfMRI_MOTOR/tfMRI_MOTOR_hp200_s8_level2.feat/GrayordinatesStats/cope22.feat/logfile","506234","MNINonLinear//Results/tfMRI_MOTOR/tfMRI_MOTOR_hp200_s8_level2.feat/GrayordinatesStats/cope22.feat/logfile","PFbiIVi8nRf.Ik1MWeLAtqIDg7CFHDRN"
"s3://hcp-openaccess/HCP_1200/506234/MNINonLinear/Results/tfMRI_MOTOR/tfMRI_MOTOR_hp200_s8_level2.feat/GrayordinatesStats/cope22.feat/mask.dtseries.nii","506234","MNINonLinear//Results/tfMRI_MOTOR/tfMRI_MOTOR_hp200_s8_level2.feat/GrayordinatesStats/cope22.feat/mask.dtseries.nii","eAmwGLF7Znjg8k98WWZIlxsaPRmX4CLG"
"s3://hcp-openaccess/HCP_1200/506234/MNINonLinear/Results/tfMRI_MOTOR/tfMRI_MOTOR_hp200_s8_level2.feat/GrayordinatesStats/cope22.feat/mean_random_effects_var1.dtseries.nii","506234","MNINonLinear//Results/tfMRI_MOTOR/tfMRI_MOTOR_hp200_s8_level2.feat/GrayordinatesStats/cope22.feat/mean_random_effects_var1.dtseries.nii","dKCvHwMut2BSRQtAlmsne4cWKl5ojVht"
"s3://hcp-openaccess/HCP_1200/506234/MNINonLinear/Results/tfMRI_MOTOR/tfMRI_MOTOR_hp200_s8_level2.feat/GrayordinatesStats/cope22.feat/pe1.dtseries.nii","506234","MNINonLinear//Results/tfMRI_MOTOR/tfMRI_MOTOR_hp200_s8_level2.feat/GrayordinatesStats/cope22.feat/pe1.dtseries.nii","sV4NEWD5Wg6lWf12M1IxRxVC19ew0jX_"
"s3://hcp-openaccess/HCP_1200/506234/MNINonLinear/Results/tfMRI_MOTOR/tfMRI_MOTOR_hp200_s8_level2.feat/GrayordinatesStats/cope22.feat/res4d.dtseries.nii","506234","MNINonLinear//Results/tfMRI_MOTOR/tfMRI_MOTOR_hp200_s8_level2.feat/GrayordinatesStats/cope22.feat/res4d.dtseries.nii","DQMiC_ZNNS5fX6_AIc33MLELWUWACh1o"
"s3://hcp-openaccess/HCP_1200/506234/MNINonLinear/Results/tfMRI_MOTOR/tfMRI_MOTOR_hp200_s8_level2.feat/GrayordinatesStats/cope22.feat/tdof_t1.dtseries.nii","506234","MNINonLinear//Results/tfMRI_MOTOR/tfMRI_MOTOR_hp200_s8_level2.feat/GrayordinatesStats/cope22.feat/tdof_t1.dtseries.nii","I4CX20LVOKavcN5d8lICpvNw22CQMip."
"s3://hcp-openaccess/HCP_1200/506234/MNINonLinear/Results/tfMRI_MOTOR/tfMRI_MOTOR_hp200_s8_level2.feat/GrayordinatesStats/cope22.feat/tstat1.dtseries.nii","506234","MNINonLinear//Results/tfMRI_MOTOR/tfMRI_MOTOR_hp200_s8_level2.feat/GrayordinatesStats/cope22.feat/tstat1.dtseries.nii","VxLMYSH0mDMaNdUkVAIYxqO2hreFt5Hb"
"s3://hcp-openaccess/HCP_1200/506234/MNINonLinear/Results/tfMRI_MOTOR/tfMRI_MOTOR_hp200_s8_level2.feat/GrayordinatesStats/cope22.feat/varcope1.dtseries.nii","506234","MNINonLinear//Results/tfMRI_MOTOR/tfMRI_MOTOR_hp200_s8_level2.feat/GrayordinatesStats/cope22.feat/varcope1.dtseries.nii","LbRwesvHEHGSC83w.YzWRrJs3JKrAJkk"
"s3://hcp-openaccess/HCP_1200/506234/MNINonLinear/Results/tfMRI_MOTOR/tfMRI_MOTOR_hp200_s8_level2.feat/GrayordinatesStats/cope22.feat/weights1.dtseries.nii","506234","MNINonLinear//Results/tfMRI_MOTOR/tfMRI_MOTOR_hp200_s8_level2.feat/GrayordinatesStats/cope22.feat/weights1.dtseries.nii","Pgm5g.IsRWrljAVN7OYzaO84EYgsqjVN"
"s3://hcp-openaccess/HCP_1200/506234/MNINonLinear/Results/tfMRI_MOTOR/tfMRI_MOTOR_hp200_s8_level2.feat/GrayordinatesStats/cope22.feat/zflame1lowertstat1.dtseries.nii","506234","MNINonLinear//Results/tfMRI_MOTOR/tfMRI_MOTOR_hp200_s8_level2.feat/GrayordinatesStats/cope22.feat/zflame1lowertstat1.dtseries.nii","8q14xOEolxnjU.YZi03G7knxzJKr6.n4"
"s3://hcp-openaccess/HCP_1200/506234/MNINonLinear/Results/tfMRI_MOTOR/tfMRI_MOTOR_hp200_s8_level2.feat/GrayordinatesStats/cope22.feat/zflame1uppertstat1.dtseries.nii","506234","MNINonLinear//Results/tfMRI_MOTOR/tfMRI_MOTOR_hp200_s8_level2.feat/GrayordinatesStats/cope22.feat/zflame1uppertstat1.dtseries.nii","LqWeJVdncVnnT8F0qA19Tu0RItchBS_3"
"s3://hcp-openaccess/HCP_1200/506234/MNINonLinear/Results/tfMRI_MOTOR/tfMRI_MOTOR_hp200_s8_level2.feat/GrayordinatesStats/cope22.feat/zstat1.dtseries.nii","506234","MNINonLinear//Results/tfMRI_MOTOR/tfMRI_MOTOR_hp200_s8_level2.feat/GrayordinatesStats/cope22.feat/zstat1.dtseries.nii","SfV4fzUB2TEUHdI07rKWXTmnDSu5wkjm"
"s3://hcp-openaccess/HCP_1200/506234/MNINonLinear/Results/tfMRI_MOTOR/tfMRI_MOTOR_hp200_s8_level2.feat/GrayordinatesStats/cope23.feat/cope1.dtseries.nii","506234","MNINonLinear//Results/tfMRI_MOTOR/tfMRI_MOTOR_hp200_s8_level2.feat/GrayordinatesStats/cope23.feat/cope1.dtseries.nii","D8vc4kmI9yZlmi2wEc4TPmi2VGV8rH36"
"s3://hcp-openaccess/HCP_1200/506234/MNINonLinear/Results/tfMRI_MOTOR/tfMRI_MOTOR_hp200_s8_level2.feat/GrayordinatesStats/cope23.feat/logfile","506234","MNINonLinear//Results/tfMRI_MOTOR/tfMRI_MOTOR_hp200_s8_level2.feat/GrayordinatesStats/cope23.feat/logfile","LBbLLSEahH4j5oPt.2rTAPRWoul7SRpE"
"s3://hcp-openaccess/HCP_1200/506234/MNINonLinear/Results/tfMRI_MOTOR/tfMRI_MOTOR_hp200_s8_level2.feat/GrayordinatesStats/cope23.feat/mask.dtseries.nii","506234","MNINonLinear//Results/tfMRI_MOTOR/tfMRI_MOTOR_hp200_s8_level2.feat/GrayordinatesStats/cope23.feat/mask.dtseries.nii","ldT79vaBDjHvxBQ260PkUZegXlDzfyWg"
"s3://hcp-openaccess/HCP_1200/506234/MNINonLinear/Results/tfMRI_MOTOR/tfMRI_MOTOR_hp200_s8_level2.feat/GrayordinatesStats/cope23.feat/mean_random_effects_var1.dtseries.nii","506234","MNINonLinear//Results/tfMRI_MOTOR/tfMRI_MOTOR_hp200_s8_level2.feat/GrayordinatesStats/cope23.feat/mean_random_effects_var1.dtseries.nii","wkLRBXLL3G_JY.PPHgLl1bqwNA.YDvQR"
"s3://hcp-openaccess/HCP_1200/506234/MNINonLinear/Results/tfMRI_MOTOR/tfMRI_MOTOR_hp200_s8_level2.feat/GrayordinatesStats/cope23.feat/pe1.dtseries.nii","506234","MNINonLinear//Results/tfMRI_MOTOR/tfMRI_MOTOR_hp200_s8_level2.feat/GrayordinatesStats/cope23.feat/pe1.dtseries.nii",".X.YdY4N1LtJUbFn7pEmlWdXljmi3Yp8"
"s3://hcp-openaccess/HCP_1200/506234/MNINonLinear/Results/tfMRI_MOTOR/tfMRI_MOTOR_hp200_s8_level2.feat/GrayordinatesStats/cope23.feat/res4d.dtseries.nii","506234","MNINonLinear//Results/tfMRI_MOTOR/tfMRI_MOTOR_hp200_s8_level2.feat/GrayordinatesStats/cope23.feat/res4d.dtseries.nii","ZcCdltadvKrqTgzsoHAlLH0aWCQyE4NN"
"s3://hcp-openaccess/HCP_1200/506234/MNINonLinear/Results/tfMRI_MOTOR/tfMRI_MOTOR_hp200_s8_level2.feat/GrayordinatesStats/cope23.feat/tdof_t1.dtseries.nii","506234","MNINonLinear//Results/tfMRI_MOTOR/tfMRI_MOTOR_hp200_s8_level2.feat/GrayordinatesStats/cope23.feat/tdof_t1.dtseries.nii","W7Av0vPOICrv3amMoN.FMLJFp77xKkYp"
"s3://hcp-openaccess/HCP_1200/506234/MNINonLinear/Results/tfMRI_MOTOR/tfMRI_MOTOR_hp200_s8_level2.feat/GrayordinatesStats/cope23.feat/tstat1.dtseries.nii","506234","MNINonLinear//Results/tfMRI_MOTOR/tfMRI_MOTOR_hp200_s8_level2.feat/GrayordinatesStats/cope23.feat/tstat1.dtseries.nii","34cAkjzyt7qklopJw3FTrGk.n1B8A4ws"
"s3://hcp-openaccess/HCP_1200/506234/MNINonLinear/Results/tfMRI_MOTOR/tfMRI_MOTOR_hp200_s8_level2.feat/GrayordinatesStats/cope23.feat/varcope1.dtseries.nii","506234","MNINonLinear//Results/tfMRI_MOTOR/tfMRI_MOTOR_hp200_s8_level2.feat/GrayordinatesStats/cope23.feat/varcope1.dtseries.nii","oy0UDdcWc7jZ.GiM7ddr.X3ZMMwCIAxI"
"s3://hcp-openaccess/HCP_1200/506234/MNINonLinear/Results/tfMRI_MOTOR/tfMRI_MOTOR_hp200_s8_level2.feat/GrayordinatesStats/cope23.feat/weights1.dtseries.nii","506234","MNINonLinear//Results/tfMRI_MOTOR/tfMRI_MOTOR_hp200_s8_level2.feat/GrayordinatesStats/cope23.feat/weights1.dtseries.nii","x0o5j0IKdHDUDSZ1v6JI9mWaM1gZFn4C"
"s3://hcp-openaccess/HCP_1200/506234/MNINonLinear/Results/tfMRI_MOTOR/tfMRI_MOTOR_hp200_s8_level2.feat/GrayordinatesStats/cope23.feat/zflame1lowertstat1.dtseries.nii","506234","MNINonLinear//Results/tfMRI_MOTOR/tfMRI_MOTOR_hp200_s8_level2.feat/GrayordinatesStats/cope23.feat/zflame1lowertstat1.dtseries.nii","3C.TlVY58upvcLjVGME4a6W_jg5capi4"
"s3://hcp-openaccess/HCP_1200/506234/MNINonLinear/Results/tfMRI_MOTOR/tfMRI_MOTOR_hp200_s8_level2.feat/GrayordinatesStats/cope23.feat/zflame1uppertstat1.dtseries.nii","506234","MNINonLinear//Results/tfMRI_MOTOR/tfMRI_MOTOR_hp200_s8_level2.feat/GrayordinatesStats/cope23.feat/zflame1uppertstat1.dtseries.nii","dJYtsCi1jFApwkJ8Rbw_WuHbhXtLIsvC"
"s3://hcp-openaccess/HCP_1200/506234/MNINonLinear/Results/tfMRI_MOTOR/tfMRI_MOTOR_hp200_s8_level2.feat/GrayordinatesStats/cope23.feat/zstat1.dtseries.nii","506234","MNINonLinear//Results/tfMRI_MOTOR/tfMRI_MOTOR_hp200_s8_level2.feat/GrayordinatesStats/cope23.feat/zstat1.dtseries.nii","aCmJMo4aj8XSvI6d4yslYO09tEWZspXj"
"s3://hcp-openaccess/HCP_1200/506234/MNINonLinear/Results/tfMRI_MOTOR/tfMRI_MOTOR_hp200_s8_level2.feat/GrayordinatesStats/cope24.feat/cope1.dtseries.nii","506234","MNINonLinear//Results/tfMRI_MOTOR/tfMRI_MOTOR_hp200_s8_level2.feat/GrayordinatesStats/cope24.feat/cope1.dtseries.nii","G4ILYboE7mVFwpiogcEOMxYtCofVANBo"
"s3://hcp-openaccess/HCP_1200/506234/MNINonLinear/Results/tfMRI_MOTOR/tfMRI_MOTOR_hp200_s8_level2.feat/GrayordinatesStats/cope24.feat/logfile","506234","MNINonLinear//Results/tfMRI_MOTOR/tfMRI_MOTOR_hp200_s8_level2.feat/GrayordinatesStats/cope24.feat/logfile","Rze07n7r2f7uncRwEpPZFxT2GzjyU.pO"
"s3://hcp-openaccess/HCP_1200/506234/MNINonLinear/Results/tfMRI_MOTOR/tfMRI_MOTOR_hp200_s8_level2.feat/GrayordinatesStats/cope24.feat/mask.dtseries.nii","506234","MNINonLinear//Results/tfMRI_MOTOR/tfMRI_MOTOR_hp200_s8_level2.feat/GrayordinatesStats/cope24.feat/mask.dtseries.nii","ieyrpp7Rj3kwxTw5JjncvvpFcKoRzk3E"
"s3://hcp-openaccess/HCP_1200/506234/MNINonLinear/Results/tfMRI_MOTOR/tfMRI_MOTOR_hp200_s8_level2.feat/GrayordinatesStats/cope24.feat/mean_random_effects_var1.dtseries.nii","506234","MNINonLinear//Results/tfMRI_MOTOR/tfMRI_MOTOR_hp200_s8_level2.feat/GrayordinatesStats/cope24.feat/mean_random_effects_var1.dtseries.nii","1ZTOftnHMCsjIUdYyqOVYSKRFxMzHixD"
"s3://hcp-openaccess/HCP_1200/506234/MNINonLinear/Results/tfMRI_MOTOR/tfMRI_MOTOR_hp200_s8_level2.feat/GrayordinatesStats/cope24.feat/pe1.dtseries.nii","506234","MNINonLinear//Results/tfMRI_MOTOR/tfMRI_MOTOR_hp200_s8_level2.feat/GrayordinatesStats/cope24.feat/pe1.dtseries.nii","89vx8miOsLekVeh.JmcQfDgX6fKx2XSz"
"s3://hcp-openaccess/HCP_1200/506234/MNINonLinear/Results/tfMRI_MOTOR/tfMRI_MOTOR_hp200_s8_level2.feat/GrayordinatesStats/cope24.feat/res4d.dtseries.nii","506234","MNINonLinear//Results/tfMRI_MOTOR/tfMRI_MOTOR_hp200_s8_level2.feat/GrayordinatesStats/cope24.feat/res4d.dtseries.nii","9FrOh1tJxgNsB0Kpg9hwhgeOCPsM3PKA"
"s3://hcp-openaccess/HCP_1200/506234/MNINonLinear/Results/tfMRI_MOTOR/tfMRI_MOTOR_hp200_s8_level2.feat/GrayordinatesStats/cope24.feat/tdof_t1.dtseries.nii","506234","MNINonLinear//Results/tfMRI_MOTOR/tfMRI_MOTOR_hp200_s8_level2.feat/GrayordinatesStats/cope24.feat/tdof_t1.dtseries.nii",".JICtfO.5x_SZa4QnoBuIYC0s0b_9deZ"
"s3://hcp-openaccess/HCP_1200/506234/MNINonLinear/Results/tfMRI_MOTOR/tfMRI_MOTOR_hp200_s8_level2.feat/GrayordinatesStats/cope24.feat/tstat1.dtseries.nii","506234","MNINonLinear//Results/tfMRI_MOTOR/tfMRI_MOTOR_hp200_s8_level2.feat/GrayordinatesStats/cope24.feat/tstat1.dtseries.nii","QSFNOwbDtbnCRdJ84mt..aQP2LC_6sAc"
"s3://hcp-openaccess/HCP_1200/506234/MNINonLinear/Results/tfMRI_MOTOR/tfMRI_MOTOR_hp200_s8_level2.feat/GrayordinatesStats/cope24.feat/varcope1.dtseries.nii","506234","MNINonLinear//Results/tfMRI_MOTOR/tfMRI_MOTOR_hp200_s8_level2.feat/GrayordinatesStats/cope24.feat/varcope1.dtseries.nii","m3WJHOJ3twvAB41yqYjsm_rMSz3CJ35A"
"s3://hcp-openaccess/HCP_1200/506234/MNINonLinear/Results/tfMRI_MOTOR/tfMRI_MOTOR_hp200_s8_level2.feat/GrayordinatesStats/cope24.feat/weights1.dtseries.nii","506234","MNINonLinear//Results/tfMRI_MOTOR/tfMRI_MOTOR_hp200_s8_level2.feat/GrayordinatesStats/cope24.feat/weights1.dtseries.nii","SAY1F.QpMzswmbJUL5HI9idErWKIJj2M"
"s3://hcp-openaccess/HCP_1200/506234/MNINonLinear/Results/tfMRI_MOTOR/tfMRI_MOTOR_hp200_s8_level2.feat/GrayordinatesStats/cope24.feat/zflame1lowertstat1.dtseries.nii","506234","MNINonLinear//Results/tfMRI_MOTOR/tfMRI_MOTOR_hp200_s8_level2.feat/GrayordinatesStats/cope24.feat/zflame1lowertstat1.dtseries.nii","uoaJm3bBfbqOtgghOm.bfm_PeEP6yZgB"
"s3://hcp-openaccess/HCP_1200/506234/MNINonLinear/Results/tfMRI_MOTOR/tfMRI_MOTOR_hp200_s8_level2.feat/GrayordinatesStats/cope24.feat/zflame1uppertstat1.dtseries.nii","506234","MNINonLinear//Results/tfMRI_MOTOR/tfMRI_MOTOR_hp200_s8_level2.feat/GrayordinatesStats/cope24.feat/zflame1uppertstat1.dtseries.nii","0WUJ.GoTEw.2RX2y_fMpLvp4UVo2ZfTY"
"s3://hcp-openaccess/HCP_1200/506234/MNINonLinear/Results/tfMRI_MOTOR/tfMRI_MOTOR_hp200_s8_level2.feat/GrayordinatesStats/cope24.feat/zstat1.dtseries.nii","506234","MNINonLinear//Results/tfMRI_MOTOR/tfMRI_MOTOR_hp200_s8_level2.feat/GrayordinatesStats/cope24.feat/zstat1.dtseries.nii","kC40FVY9MT3KSgkG3gDO4qikM5.lVtFb"
"s3://hcp-openaccess/HCP_1200/506234/MNINonLinear/Results/tfMRI_MOTOR/tfMRI_MOTOR_hp200_s8_level2.feat/GrayordinatesStats/cope25.feat/cope1.dtseries.nii","506234","MNINonLinear//Results/tfMRI_MOTOR/tfMRI_MOTOR_hp200_s8_level2.feat/GrayordinatesStats/cope25.feat/cope1.dtseries.nii","f7VG0Of.0wuRSFc.raY71MQUJTXtNEpO"
"s3://hcp-openaccess/HCP_1200/506234/MNINonLinear/Results/tfMRI_MOTOR/tfMRI_MOTOR_hp200_s8_level2.feat/GrayordinatesStats/cope25.feat/logfile","506234","MNINonLinear//Results/tfMRI_MOTOR/tfMRI_MOTOR_hp200_s8_level2.feat/GrayordinatesStats/cope25.feat/logfile","NoNZca0Qh9Zr3UAsgsbS3GCZArCPhQ07"
"s3://hcp-openaccess/HCP_1200/506234/MNINonLinear/Results/tfMRI_MOTOR/tfMRI_MOTOR_hp200_s8_level2.feat/GrayordinatesStats/cope25.feat/mask.dtseries.nii","506234","MNINonLinear//Results/tfMRI_MOTOR/tfMRI_MOTOR_hp200_s8_level2.feat/GrayordinatesStats/cope25.feat/mask.dtseries.nii","VpWw_RAX5sjuWDW39TooeJExcb2PZTsQ"
"s3://hcp-openaccess/HCP_1200/506234/MNINonLinear/Results/tfMRI_MOTOR/tfMRI_MOTOR_hp200_s8_level2.feat/GrayordinatesStats/cope25.feat/mean_random_effects_var1.dtseries.nii","506234","MNINonLinear//Results/tfMRI_MOTOR/tfMRI_MOTOR_hp200_s8_level2.feat/GrayordinatesStats/cope25.feat/mean_random_effects_var1.dtseries.nii","67ZrPd2T2gpyK1F4J5uryfBl9YjNceal"
"s3://hcp-openaccess/HCP_1200/506234/MNINonLinear/Results/tfMRI_MOTOR/tfMRI_MOTOR_hp200_s8_level2.feat/GrayordinatesStats/cope25.feat/pe1.dtseries.nii","506234","MNINonLinear//Results/tfMRI_MOTOR/tfMRI_MOTOR_hp200_s8_level2.feat/GrayordinatesStats/cope25.feat/pe1.dtseries.nii","h_8KE0hCCHoHzdSqNy3U8qYyfENul3.I"
"s3://hcp-openaccess/HCP_1200/506234/MNINonLinear/Results/tfMRI_MOTOR/tfMRI_MOTOR_hp200_s8_level2.feat/GrayordinatesStats/cope25.feat/res4d.dtseries.nii","506234","MNINonLinear//Results/tfMRI_MOTOR/tfMRI_MOTOR_hp200_s8_level2.feat/GrayordinatesStats/cope25.feat/res4d.dtseries.nii","aCw26WTbTb07HhOFTd7c0Lt7qKUagbvO"
"s3://hcp-openaccess/HCP_1200/506234/MNINonLinear/Results/tfMRI_MOTOR/tfMRI_MOTOR_hp200_s8_level2.feat/GrayordinatesStats/cope25.feat/tdof_t1.dtseries.nii","506234","MNINonLinear//Results/tfMRI_MOTOR/tfMRI_MOTOR_hp200_s8_level2.feat/GrayordinatesStats/cope25.feat/tdof_t1.dtseries.nii","r2rmtGy.EcH9mz.8fPcK5pzkbxiMSloo"
"s3://hcp-openaccess/HCP_1200/506234/MNINonLinear/Results/tfMRI_MOTOR/tfMRI_MOTOR_hp200_s8_level2.feat/GrayordinatesStats/cope25.feat/tstat1.dtseries.nii","506234","MNINonLinear//Results/tfMRI_MOTOR/tfMRI_MOTOR_hp200_s8_level2.feat/GrayordinatesStats/cope25.feat/tstat1.dtseries.nii","OnZZ4RVJPZJgOLUChqYsWaXNTLheTPyV"
"s3://hcp-openaccess/HCP_1200/506234/MNINonLinear/Results/tfMRI_MOTOR/tfMRI_MOTOR_hp200_s8_level2.feat/GrayordinatesStats/cope25.feat/varcope1.dtseries.nii","506234","MNINonLinear//Results/tfMRI_MOTOR/tfMRI_MOTOR_hp200_s8_level2.feat/GrayordinatesStats/cope25.feat/varcope1.dtseries.nii","dXJgIW0pXWCFiLxZhlcOyIi7.2r2BtaN"
"s3://hcp-openaccess/HCP_1200/506234/MNINonLinear/Results/tfMRI_MOTOR/tfMRI_MOTOR_hp200_s8_level2.feat/GrayordinatesStats/cope25.feat/weights1.dtseries.nii","506234","MNINonLinear//Results/tfMRI_MOTOR/tfMRI_MOTOR_hp200_s8_level2.feat/GrayordinatesStats/cope25.feat/weights1.dtseries.nii","zA8nxeRfK8OC9ou_G.7vgpemIZ9itZrB"
"s3://hcp-openaccess/HCP_1200/506234/MNINonLinear/Results/tfMRI_MOTOR/tfMRI_MOTOR_hp200_s8_level2.feat/GrayordinatesStats/cope25.feat/zflame1lowertstat1.dtseries.nii","506234","MNINonLinear//Results/tfMRI_MOTOR/tfMRI_MOTOR_hp200_s8_level2.feat/GrayordinatesStats/cope25.feat/zflame1lowertstat1.dtseries.nii","NuucR7X_0CBaGCcLMHVpfux2hv5pDlsS"
"s3://hcp-openaccess/HCP_1200/506234/MNINonLinear/Results/tfMRI_MOTOR/tfMRI_MOTOR_hp200_s8_level2.feat/GrayordinatesStats/cope25.feat/zflame1uppertstat1.dtseries.nii","506234","MNINonLinear//Results/tfMRI_MOTOR/tfMRI_MOTOR_hp200_s8_level2.feat/GrayordinatesStats/cope25.feat/zflame1uppertstat1.dtseries.nii","n8o_3DSB._nDt..HoyH_MZIWGmENpXXk"
"s3://hcp-openaccess/HCP_1200/506234/MNINonLinear/Results/tfMRI_MOTOR/tfMRI_MOTOR_hp200_s8_level2.feat/GrayordinatesStats/cope25.feat/zstat1.dtseries.nii","506234","MNINonLinear//Results/tfMRI_MOTOR/tfMRI_MOTOR_hp200_s8_level2.feat/GrayordinatesStats/cope25.feat/zstat1.dtseries.nii","eDgekMZPqLD.KOnRoinK84QJ72nsSEa5"
"s3://hcp-openaccess/HCP_1200/506234/MNINonLinear/Results/tfMRI_MOTOR/tfMRI_MOTOR_hp200_s8_level2.feat/GrayordinatesStats/cope26.feat/cope1.dtseries.nii","506234","MNINonLinear//Results/tfMRI_MOTOR/tfMRI_MOTOR_hp200_s8_level2.feat/GrayordinatesStats/cope26.feat/cope1.dtseries.nii","Yl8.giE4kRLk7t0HTNdgJgonfyno_y_g"
"s3://hcp-openaccess/HCP_1200/506234/MNINonLinear/Results/tfMRI_MOTOR/tfMRI_MOTOR_hp200_s8_level2.feat/GrayordinatesStats/cope26.feat/logfile","506234","MNINonLinear//Results/tfMRI_MOTOR/tfMRI_MOTOR_hp200_s8_level2.feat/GrayordinatesStats/cope26.feat/logfile","JQu4L8I0_ABpqeLb3q3kdafWpYxZerhg"
"s3://hcp-openaccess/HCP_1200/506234/MNINonLinear/Results/tfMRI_MOTOR/tfMRI_MOTOR_hp200_s8_level2.feat/GrayordinatesStats/cope26.feat/mask.dtseries.nii","506234","MNINonLinear//Results/tfMRI_MOTOR/tfMRI_MOTOR_hp200_s8_level2.feat/GrayordinatesStats/cope26.feat/mask.dtseries.nii","dh8bxV4TiAUNPMMBVKtrTHYFVL7TQrxw"
"s3://hcp-openaccess/HCP_1200/506234/MNINonLinear/Results/tfMRI_MOTOR/tfMRI_MOTOR_hp200_s8_level2.feat/GrayordinatesStats/cope26.feat/mean_random_effects_var1.dtseries.nii","506234","MNINonLinear//Results/tfMRI_MOTOR/tfMRI_MOTOR_hp200_s8_level2.feat/GrayordinatesStats/cope26.feat/mean_random_effects_var1.dtseries.nii","cbs.56mE6ChdUj7cAKuwHJnMoCsWFq4H"
"s3://hcp-openaccess/HCP_1200/506234/MNINonLinear/Results/tfMRI_MOTOR/tfMRI_MOTOR_hp200_s8_level2.feat/GrayordinatesStats/cope26.feat/pe1.dtseries.nii","506234","MNINonLinear//Results/tfMRI_MOTOR/tfMRI_MOTOR_hp200_s8_level2.feat/GrayordinatesStats/cope26.feat/pe1.dtseries.nii","VAm5YBMOJw0ZkSjSLdBMmGZ1zBM0t6Pz"
"s3://hcp-openaccess/HCP_1200/506234/MNINonLinear/Results/tfMRI_MOTOR/tfMRI_MOTOR_hp200_s8_level2.feat/GrayordinatesStats/cope26.feat/res4d.dtseries.nii","506234","MNINonLinear//Results/tfMRI_MOTOR/tfMRI_MOTOR_hp200_s8_level2.feat/GrayordinatesStats/cope26.feat/res4d.dtseries.nii","t6iJOJUiSggt71WQ5MeC5xACDP0bHE4X"
"s3://hcp-openaccess/HCP_1200/506234/MNINonLinear/Results/tfMRI_MOTOR/tfMRI_MOTOR_hp200_s8_level2.feat/GrayordinatesStats/cope26.feat/tdof_t1.dtseries.nii","506234","MNINonLinear//Results/tfMRI_MOTOR/tfMRI_MOTOR_hp200_s8_level2.feat/GrayordinatesStats/cope26.feat/tdof_t1.dtseries.nii","93yRMFQfstc.mtNXkDIHG31mNw8NHATh"
"s3://hcp-openaccess/HCP_1200/506234/MNINonLinear/Results/tfMRI_MOTOR/tfMRI_MOTOR_hp200_s8_level2.feat/GrayordinatesStats/cope26.feat/tstat1.dtseries.nii","506234","MNINonLinear//Results/tfMRI_MOTOR/tfMRI_MOTOR_hp200_s8_level2.feat/GrayordinatesStats/cope26.feat/tstat1.dtseries.nii","5Zsw5fU7HJEpZ38tmHU_jT5j6qKizc1V"
"s3://hcp-openaccess/HCP_1200/506234/MNINonLinear/Results/tfMRI_MOTOR/tfMRI_MOTOR_hp200_s8_level2.feat/GrayordinatesStats/cope26.feat/varcope1.dtseries.nii","506234","MNINonLinear//Results/tfMRI_MOTOR/tfMRI_MOTOR_hp200_s8_level2.feat/GrayordinatesStats/cope26.feat/varcope1.dtseries.nii","GH5A.7a5Md9BgiuytIyY_JpNN85YTMwC"
"s3://hcp-openaccess/HCP_1200/506234/MNINonLinear/Results/tfMRI_MOTOR/tfMRI_MOTOR_hp200_s8_level2.feat/GrayordinatesStats/cope26.feat/weights1.dtseries.nii","506234","MNINonLinear//Results/tfMRI_MOTOR/tfMRI_MOTOR_hp200_s8_level2.feat/GrayordinatesStats/cope26.feat/weights1.dtseries.nii","BZA.6QKfIBzmU4Pcxv2FFg6JAtTpsw1G"
"s3://hcp-openaccess/HCP_1200/506234/MNINonLinear/Results/tfMRI_MOTOR/tfMRI_MOTOR_hp200_s8_level2.feat/GrayordinatesStats/cope26.feat/zflame1lowertstat1.dtseries.nii","506234","MNINonLinear//Results/tfMRI_MOTOR/tfMRI_MOTOR_hp200_s8_level2.feat/GrayordinatesStats/cope26.feat/zflame1lowertstat1.dtseries.nii","ahV5a8pv5XWDzZZb5oIL4.9UM49PKIqZ"
"s3://hcp-openaccess/HCP_1200/506234/MNINonLinear/Results/tfMRI_MOTOR/tfMRI_MOTOR_hp200_s8_level2.feat/GrayordinatesStats/cope26.feat/zflame1uppertstat1.dtseries.nii","506234","MNINonLinear//Results/tfMRI_MOTOR/tfMRI_MOTOR_hp200_s8_level2.feat/GrayordinatesStats/cope26.feat/zflame1uppertstat1.dtseries.nii","3LycSkCac0.8Om.EudR2dUbch1eUWW8W"
"s3://hcp-openaccess/HCP_1200/506234/MNINonLinear/Results/tfMRI_MOTOR/tfMRI_MOTOR_hp200_s8_level2.feat/GrayordinatesStats/cope26.feat/zstat1.dtseries.nii","506234","MNINonLinear//Results/tfMRI_MOTOR/tfMRI_MOTOR_hp200_s8_level2.feat/GrayordinatesStats/cope26.feat/zstat1.dtseries.nii","Hmm_1QLC9rVTNp.d.UQMA7AL3.UwR0xd"
"s3://hcp-openaccess/HCP_1200/506234/MNINonLinear/Results/tfMRI_MOTOR/tfMRI_MOTOR_hp200_s8_level2.feat/GrayordinatesStats/cope3.feat/cope1.dtseries.nii","506234","MNINonLinear//Results/tfMRI_MOTOR/tfMRI_MOTOR_hp200_s8_level2.feat/GrayordinatesStats/cope3.feat/cope1.dtseries.nii","9URIYOpayu3J1y1Sz5Wt068pPPhquJjL"
"s3://hcp-openaccess/HCP_1200/506234/MNINonLinear/Results/tfMRI_MOTOR/tfMRI_MOTOR_hp200_s8_level2.feat/GrayordinatesStats/cope3.feat/logfile","506234","MNINonLinear//Results/tfMRI_MOTOR/tfMRI_MOTOR_hp200_s8_level2.feat/GrayordinatesStats/cope3.feat/logfile","ENLYfyIaf5Gd_coYGhazs0NlQTUOYald"
"s3://hcp-openaccess/HCP_1200/506234/MNINonLinear/Results/tfMRI_MOTOR/tfMRI_MOTOR_hp200_s8_level2.feat/GrayordinatesStats/cope3.feat/mask.dtseries.nii","506234","MNINonLinear//Results/tfMRI_MOTOR/tfMRI_MOTOR_hp200_s8_level2.feat/GrayordinatesStats/cope3.feat/mask.dtseries.nii","gTWME9yFDHguA8tJ2au2YzB5uBWonagU"
"s3://hcp-openaccess/HCP_1200/506234/MNINonLinear/Results/tfMRI_MOTOR/tfMRI_MOTOR_hp200_s8_level2.feat/GrayordinatesStats/cope3.feat/mean_random_effects_var1.dtseries.nii","506234","MNINonLinear//Results/tfMRI_MOTOR/tfMRI_MOTOR_hp200_s8_level2.feat/GrayordinatesStats/cope3.feat/mean_random_effects_var1.dtseries.nii","W6UY0PaTQ.Xg4e6Uqi36G5nV7ZCKuhlZ"
"s3://hcp-openaccess/HCP_1200/506234/MNINonLinear/Results/tfMRI_MOTOR/tfMRI_MOTOR_hp200_s8_level2.feat/GrayordinatesStats/cope3.feat/pe1.dtseries.nii","506234","MNINonLinear//Results/tfMRI_MOTOR/tfMRI_MOTOR_hp200_s8_level2.feat/GrayordinatesStats/cope3.feat/pe1.dtseries.nii","a0euy4RMHQCzcjJPksA9lNJASeBpD1oT"
"s3://hcp-openaccess/HCP_1200/506234/MNINonLinear/Results/tfMRI_MOTOR/tfMRI_MOTOR_hp200_s8_level2.feat/GrayordinatesStats/cope3.feat/res4d.dtseries.nii","506234","MNINonLinear//Results/tfMRI_MOTOR/tfMRI_MOTOR_hp200_s8_level2.feat/GrayordinatesStats/cope3.feat/res4d.dtseries.nii","DCE0VctthisNIP7aJo0JXA7PghldneAJ"
"s3://hcp-openaccess/HCP_1200/506234/MNINonLinear/Results/tfMRI_MOTOR/tfMRI_MOTOR_hp200_s8_level2.feat/GrayordinatesStats/cope3.feat/tdof_t1.dtseries.nii","506234","MNINonLinear//Results/tfMRI_MOTOR/tfMRI_MOTOR_hp200_s8_level2.feat/GrayordinatesStats/cope3.feat/tdof_t1.dtseries.nii","p.0LXBEJd5y1riv0LxDA3jb37IdgEdHO"
"s3://hcp-openaccess/HCP_1200/506234/MNINonLinear/Results/tfMRI_MOTOR/tfMRI_MOTOR_hp200_s8_level2.feat/GrayordinatesStats/cope3.feat/tstat1.dtseries.nii","506234","MNINonLinear//Results/tfMRI_MOTOR/tfMRI_MOTOR_hp200_s8_level2.feat/GrayordinatesStats/cope3.feat/tstat1.dtseries.nii","9fyzEv7RN712pu7QgCwmZ4CH0rZvwVn6"
"s3://hcp-openaccess/HCP_1200/506234/MNINonLinear/Results/tfMRI_MOTOR/tfMRI_MOTOR_hp200_s8_level2.feat/GrayordinatesStats/cope3.feat/varcope1.dtseries.nii","506234","MNINonLinear//Results/tfMRI_MOTOR/tfMRI_MOTOR_hp200_s8_level2.feat/GrayordinatesStats/cope3.feat/varcope1.dtseries.nii","mYvFSmUGv3HaHS33CV.i646xUG7tGxZX"
"s3://hcp-openaccess/HCP_1200/506234/MNINonLinear/Results/tfMRI_MOTOR/tfMRI_MOTOR_hp200_s8_level2.feat/GrayordinatesStats/cope3.feat/weights1.dtseries.nii","506234","MNINonLinear//Results/tfMRI_MOTOR/tfMRI_MOTOR_hp200_s8_level2.feat/GrayordinatesStats/cope3.feat/weights1.dtseries.nii","fwVzmjpUhGCmEuVdlCrFCYDpINnn2f.4"
"s3://hcp-openaccess/HCP_1200/506234/MNINonLinear/Results/tfMRI_MOTOR/tfMRI_MOTOR_hp200_s8_level2.feat/GrayordinatesStats/cope3.feat/zflame1lowertstat1.dtseries.nii","506234","MNINonLinear//Results/tfMRI_MOTOR/tfMRI_MOTOR_hp200_s8_level2.feat/GrayordinatesStats/cope3.feat/zflame1lowertstat1.dtseries.nii","0_cEERN6ag_X0PY7ttELc8nDaM2PWQWk"
"s3://hcp-openaccess/HCP_1200/506234/MNINonLinear/Results/tfMRI_MOTOR/tfMRI_MOTOR_hp200_s8_level2.feat/GrayordinatesStats/cope3.feat/zflame1uppertstat1.dtseries.nii","506234","MNINonLinear//Results/tfMRI_MOTOR/tfMRI_MOTOR_hp200_s8_level2.feat/GrayordinatesStats/cope3.feat/zflame1uppertstat1.dtseries.nii","W4B3Q4rE_xyNWVnbUc.0zZ5JyDi8JMeQ"
"s3://hcp-openaccess/HCP_1200/506234/MNINonLinear/Results/tfMRI_MOTOR/tfMRI_MOTOR_hp200_s8_level2.feat/GrayordinatesStats/cope3.feat/zstat1.dtseries.nii","506234","MNINonLinear//Results/tfMRI_MOTOR/tfMRI_MOTOR_hp200_s8_level2.feat/GrayordinatesStats/cope3.feat/zstat1.dtseries.nii","MjD6DUfEON8OjYwRwQsQ55AW9sXy.FQG"
"s3://hcp-openaccess/HCP_1200/506234/MNINonLinear/Results/tfMRI_MOTOR/tfMRI_MOTOR_hp200_s8_level2.feat/GrayordinatesStats/cope4.feat/cope1.dtseries.nii","506234","MNINonLinear//Results/tfMRI_MOTOR/tfMRI_MOTOR_hp200_s8_level2.feat/GrayordinatesStats/cope4.feat/cope1.dtseries.nii","yUGcW.qvnHpQhsniGLq9KtSLTqfwK6Af"
"s3://hcp-openaccess/HCP_1200/506234/MNINonLinear/Results/tfMRI_MOTOR/tfMRI_MOTOR_hp200_s8_level2.feat/GrayordinatesStats/cope4.feat/logfile","506234","MNINonLinear//Results/tfMRI_MOTOR/tfMRI_MOTOR_hp200_s8_level2.feat/GrayordinatesStats/cope4.feat/logfile","QYY902En0KGsCVMBmN_.ebOXJdyyY6B4"
"s3://hcp-openaccess/HCP_1200/506234/MNINonLinear/Results/tfMRI_MOTOR/tfMRI_MOTOR_hp200_s8_level2.feat/GrayordinatesStats/cope4.feat/mask.dtseries.nii","506234","MNINonLinear//Results/tfMRI_MOTOR/tfMRI_MOTOR_hp200_s8_level2.feat/GrayordinatesStats/cope4.feat/mask.dtseries.nii","mXtmPfMCuBxp_C5Qjb1VnKt6BCHDW6aI"
"s3://hcp-openaccess/HCP_1200/506234/MNINonLinear/Results/tfMRI_MOTOR/tfMRI_MOTOR_hp200_s8_level2.feat/GrayordinatesStats/cope4.feat/mean_random_effects_var1.dtseries.nii","506234","MNINonLinear//Results/tfMRI_MOTOR/tfMRI_MOTOR_hp200_s8_level2.feat/GrayordinatesStats/cope4.feat/mean_random_effects_var1.dtseries.nii","k24q4KdWHjPmv20Z1KJWdLLwR7EKqQwB"
"s3://hcp-openaccess/HCP_1200/506234/MNINonLinear/Results/tfMRI_MOTOR/tfMRI_MOTOR_hp200_s8_level2.feat/GrayordinatesStats/cope4.feat/pe1.dtseries.nii","506234","MNINonLinear//Results/tfMRI_MOTOR/tfMRI_MOTOR_hp200_s8_level2.feat/GrayordinatesStats/cope4.feat/pe1.dtseries.nii","NXBhY7Ry.Mxiyc_yy7.gTN11MKRZKa.b"
"s3://hcp-openaccess/HCP_1200/506234/MNINonLinear/Results/tfMRI_MOTOR/tfMRI_MOTOR_hp200_s8_level2.feat/GrayordinatesStats/cope4.feat/res4d.dtseries.nii","506234","MNINonLinear//Results/tfMRI_MOTOR/tfMRI_MOTOR_hp200_s8_level2.feat/GrayordinatesStats/cope4.feat/res4d.dtseries.nii","xbrxx_T8987yNgH7NVe0gOdiU7UbTuO9"
"s3://hcp-openaccess/HCP_1200/506234/MNINonLinear/Results/tfMRI_MOTOR/tfMRI_MOTOR_hp200_s8_level2.feat/GrayordinatesStats/cope4.feat/tdof_t1.dtseries.nii","506234","MNINonLinear//Results/tfMRI_MOTOR/tfMRI_MOTOR_hp200_s8_level2.feat/GrayordinatesStats/cope4.feat/tdof_t1.dtseries.nii","FSsN1VcELqO77FgEpu7K8glYuNlC_iWi"
"s3://hcp-openaccess/HCP_1200/506234/MNINonLinear/Results/tfMRI_MOTOR/tfMRI_MOTOR_hp200_s8_level2.feat/GrayordinatesStats/cope4.feat/tstat1.dtseries.nii","506234","MNINonLinear//Results/tfMRI_MOTOR/tfMRI_MOTOR_hp200_s8_level2.feat/GrayordinatesStats/cope4.feat/tstat1.dtseries.nii","z36DTYy2.Wr5J4dLbsCRpLUKJwbt.Nkp"
"s3://hcp-openaccess/HCP_1200/506234/MNINonLinear/Results/tfMRI_MOTOR/tfMRI_MOTOR_hp200_s8_level2.feat/GrayordinatesStats/cope4.feat/varcope1.dtseries.nii","506234","MNINonLinear//Results/tfMRI_MOTOR/tfMRI_MOTOR_hp200_s8_level2.feat/GrayordinatesStats/cope4.feat/varcope1.dtseries.nii","0MDsOx_0RjemioAorBSr7zac4Uob714C"
"s3://hcp-openaccess/HCP_1200/506234/MNINonLinear/Results/tfMRI_MOTOR/tfMRI_MOTOR_hp200_s8_level2.feat/GrayordinatesStats/cope4.feat/weights1.dtseries.nii","506234","MNINonLinear//Results/tfMRI_MOTOR/tfMRI_MOTOR_hp200_s8_level2.feat/GrayordinatesStats/cope4.feat/weights1.dtseries.nii","_3QM63JaAzkthycS6TfJsY3fGegUxvQg"
"s3://hcp-openaccess/HCP_1200/506234/MNINonLinear/Results/tfMRI_MOTOR/tfMRI_MOTOR_hp200_s8_level2.feat/GrayordinatesStats/cope4.feat/zflame1lowertstat1.dtseries.nii","506234","MNINonLinear//Results/tfMRI_MOTOR/tfMRI_MOTOR_hp200_s8_level2.feat/GrayordinatesStats/cope4.feat/zflame1lowertstat1.dtseries.nii",".gLYNA7p_dj6V2dEV5tBbF_xa0ulUM3."
"s3://hcp-openaccess/HCP_1200/506234/MNINonLinear/Results/tfMRI_MOTOR/tfMRI_MOTOR_hp200_s8_level2.feat/GrayordinatesStats/cope4.feat/zflame1uppertstat1.dtseries.nii","506234","MNINonLinear//Results/tfMRI_MOTOR/tfMRI_MOTOR_hp200_s8_level2.feat/GrayordinatesStats/cope4.feat/zflame1uppertstat1.dtseries.nii","TkWJ1fRc7YM.hL02aHL7E61Y2An7RPIh"
"s3://hcp-openaccess/HCP_1200/506234/MNINonLinear/Results/tfMRI_MOTOR/tfMRI_MOTOR_hp200_s8_level2.feat/GrayordinatesStats/cope4.feat/zstat1.dtseries.nii","506234","MNINonLinear//Results/tfMRI_MOTOR/tfMRI_MOTOR_hp200_s8_level2.feat/GrayordinatesStats/cope4.feat/zstat1.dtseries.nii","uHPw7V9OpKDL73NaZz_TwrQpFLZoe81W"
"s3://hcp-openaccess/HCP_1200/506234/MNINonLinear/Results/tfMRI_MOTOR/tfMRI_MOTOR_hp200_s8_level2.feat/GrayordinatesStats/cope5.feat/cope1.dtseries.nii","506234","MNINonLinear//Results/tfMRI_MOTOR/tfMRI_MOTOR_hp200_s8_level2.feat/GrayordinatesStats/cope5.feat/cope1.dtseries.nii","CRqsSOQVtl3vMHjsLJrkhJaL0ZMygG8k"
"s3://hcp-openaccess/HCP_1200/506234/MNINonLinear/Results/tfMRI_MOTOR/tfMRI_MOTOR_hp200_s8_level2.feat/GrayordinatesStats/cope5.feat/logfile","506234","MNINonLinear//Results/tfMRI_MOTOR/tfMRI_MOTOR_hp200_s8_level2.feat/GrayordinatesStats/cope5.feat/logfile","9ZV7T7uEDUNUbJUH01UzYWZm3HK_NhQA"
"s3://hcp-openaccess/HCP_1200/506234/MNINonLinear/Results/tfMRI_MOTOR/tfMRI_MOTOR_hp200_s8_level2.feat/GrayordinatesStats/cope5.feat/mask.dtseries.nii","506234","MNINonLinear//Results/tfMRI_MOTOR/tfMRI_MOTOR_hp200_s8_level2.feat/GrayordinatesStats/cope5.feat/mask.dtseries.nii","iqbH9.uU_rpZMQMTKOLa5hq6ravFv0Rs"
"s3://hcp-openaccess/HCP_1200/506234/MNINonLinear/Results/tfMRI_MOTOR/tfMRI_MOTOR_hp200_s8_level2.feat/GrayordinatesStats/cope5.feat/mean_random_effects_var1.dtseries.nii","506234","MNINonLinear//Results/tfMRI_MOTOR/tfMRI_MOTOR_hp200_s8_level2.feat/GrayordinatesStats/cope5.feat/mean_random_effects_var1.dtseries.nii","0_txLtd71SnIjPuUC8gQ2e3mo4XjYd7o"
"s3://hcp-openaccess/HCP_1200/506234/MNINonLinear/Results/tfMRI_MOTOR/tfMRI_MOTOR_hp200_s8_level2.feat/GrayordinatesStats/cope5.feat/pe1.dtseries.nii","506234","MNINonLinear//Results/tfMRI_MOTOR/tfMRI_MOTOR_hp200_s8_level2.feat/GrayordinatesStats/cope5.feat/pe1.dtseries.nii","YZDEQ3t7Rc0HyzXNjQSKr1JuPP7Y3cWK"
"s3://hcp-openaccess/HCP_1200/506234/MNINonLinear/Results/tfMRI_MOTOR/tfMRI_MOTOR_hp200_s8_level2.feat/GrayordinatesStats/cope5.feat/res4d.dtseries.nii","506234","MNINonLinear//Results/tfMRI_MOTOR/tfMRI_MOTOR_hp200_s8_level2.feat/GrayordinatesStats/cope5.feat/res4d.dtseries.nii","R8T5xNMNeRfXu1Dm4qRkbcwD6Yx.98Dv"
"s3://hcp-openaccess/HCP_1200/506234/MNINonLinear/Results/tfMRI_MOTOR/tfMRI_MOTOR_hp200_s8_level2.feat/GrayordinatesStats/cope5.feat/tdof_t1.dtseries.nii","506234","MNINonLinear//Results/tfMRI_MOTOR/tfMRI_MOTOR_hp200_s8_level2.feat/GrayordinatesStats/cope5.feat/tdof_t1.dtseries.nii","65wu83Q41xe_9JLEe.q5yOivsT4NtLAr"
"s3://hcp-openaccess/HCP_1200/506234/MNINonLinear/Results/tfMRI_MOTOR/tfMRI_MOTOR_hp200_s8_level2.feat/GrayordinatesStats/cope5.feat/tstat1.dtseries.nii","506234","MNINonLinear//Results/tfMRI_MOTOR/tfMRI_MOTOR_hp200_s8_level2.feat/GrayordinatesStats/cope5.feat/tstat1.dtseries.nii","PT.bmmFwH5XS.kO2uetKf7CkG1hZPUaR"
"s3://hcp-openaccess/HCP_1200/506234/MNINonLinear/Results/tfMRI_MOTOR/tfMRI_MOTOR_hp200_s8_level2.feat/GrayordinatesStats/cope5.feat/varcope1.dtseries.nii","506234","MNINonLinear//Results/tfMRI_MOTOR/tfMRI_MOTOR_hp200_s8_level2.feat/GrayordinatesStats/cope5.feat/varcope1.dtseries.nii","TicfRW2W1aSt_67XhQsvwKyZwxGYRCYk"
"s3://hcp-openaccess/HCP_1200/506234/MNINonLinear/Results/tfMRI_MOTOR/tfMRI_MOTOR_hp200_s8_level2.feat/GrayordinatesStats/cope5.feat/weights1.dtseries.nii","506234","MNINonLinear//Results/tfMRI_MOTOR/tfMRI_MOTOR_hp200_s8_level2.feat/GrayordinatesStats/cope5.feat/weights1.dtseries.nii","iXoQbrB6gVC_bdb2fD1vgy7Jg8PPnCjt"
"s3://hcp-openaccess/HCP_1200/506234/MNINonLinear/Results/tfMRI_MOTOR/tfMRI_MOTOR_hp200_s8_level2.feat/GrayordinatesStats/cope5.feat/zflame1lowertstat1.dtseries.nii","506234","MNINonLinear//Results/tfMRI_MOTOR/tfMRI_MOTOR_hp200_s8_level2.feat/GrayordinatesStats/cope5.feat/zflame1lowertstat1.dtseries.nii","2_aOYz5lBk8XLrUBBr9Jtpi5aHInD4IA"
"s3://hcp-openaccess/HCP_1200/506234/MNINonLinear/Results/tfMRI_MOTOR/tfMRI_MOTOR_hp200_s8_level2.feat/GrayordinatesStats/cope5.feat/zflame1uppertstat1.dtseries.nii","506234","MNINonLinear//Results/tfMRI_MOTOR/tfMRI_MOTOR_hp200_s8_level2.feat/GrayordinatesStats/cope5.feat/zflame1uppertstat1.dtseries.nii","TNFi8vzqlUgfbmhr3CmgNpUEmQdY9nze"
"s3://hcp-openaccess/HCP_1200/506234/MNINonLinear/Results/tfMRI_MOTOR/tfMRI_MOTOR_hp200_s8_level2.feat/GrayordinatesStats/cope5.feat/zstat1.dtseries.nii","506234","MNINonLinear//Results/tfMRI_MOTOR/tfMRI_MOTOR_hp200_s8_level2.feat/GrayordinatesStats/cope5.feat/zstat1.dtseries.nii","zubTRT8nhpKFcvSD.pKjjxaFF1cTvwwj"
"s3://hcp-openaccess/HCP_1200/506234/MNINonLinear/Results/tfMRI_MOTOR/tfMRI_MOTOR_hp200_s8_level2.feat/GrayordinatesStats/cope6.feat/cope1.dtseries.nii","506234","MNINonLinear//Results/tfMRI_MOTOR/tfMRI_MOTOR_hp200_s8_level2.feat/GrayordinatesStats/cope6.feat/cope1.dtseries.nii","M4E3kfzGitm.Y12h3nLNiJGgsBG3lhB4"
"s3://hcp-openaccess/HCP_1200/506234/MNINonLinear/Results/tfMRI_MOTOR/tfMRI_MOTOR_hp200_s8_level2.feat/GrayordinatesStats/cope6.feat/logfile","506234","MNINonLinear//Results/tfMRI_MOTOR/tfMRI_MOTOR_hp200_s8_level2.feat/GrayordinatesStats/cope6.feat/logfile","WNOwvSmaSGdqSWj.vKE_XYd9hDeCgX5S"
"s3://hcp-openaccess/HCP_1200/506234/MNINonLinear/Results/tfMRI_MOTOR/tfMRI_MOTOR_hp200_s8_level2.feat/GrayordinatesStats/cope6.feat/mask.dtseries.nii","506234","MNINonLinear//Results/tfMRI_MOTOR/tfMRI_MOTOR_hp200_s8_level2.feat/GrayordinatesStats/cope6.feat/mask.dtseries.nii","FtMC2ju9PLfFZMjgoOvL.ljxm0E3_6Tj"
"s3://hcp-openaccess/HCP_1200/506234/MNINonLinear/Results/tfMRI_MOTOR/tfMRI_MOTOR_hp200_s8_level2.feat/GrayordinatesStats/cope6.feat/mean_random_effects_var1.dtseries.nii","506234","MNINonLinear//Results/tfMRI_MOTOR/tfMRI_MOTOR_hp200_s8_level2.feat/GrayordinatesStats/cope6.feat/mean_random_effects_var1.dtseries.nii","x7gZzy01yROSv0JWNj35iPvQOf00uwcV"
"s3://hcp-openaccess/HCP_1200/506234/MNINonLinear/Results/tfMRI_MOTOR/tfMRI_MOTOR_hp200_s8_level2.feat/GrayordinatesStats/cope6.feat/pe1.dtseries.nii","506234","MNINonLinear//Results/tfMRI_MOTOR/tfMRI_MOTOR_hp200_s8_level2.feat/GrayordinatesStats/cope6.feat/pe1.dtseries.nii","rpf0VioQPRf0tSiCANRhrl2eBGvGaSci"
"s3://hcp-openaccess/HCP_1200/506234/MNINonLinear/Results/tfMRI_MOTOR/tfMRI_MOTOR_hp200_s8_level2.feat/GrayordinatesStats/cope6.feat/res4d.dtseries.nii","506234","MNINonLinear//Results/tfMRI_MOTOR/tfMRI_MOTOR_hp200_s8_level2.feat/GrayordinatesStats/cope6.feat/res4d.dtseries.nii","_JdzNSx5a152yUQ17d5HEQUbILLJplx2"
"s3://hcp-openaccess/HCP_1200/506234/MNINonLinear/Results/tfMRI_MOTOR/tfMRI_MOTOR_hp200_s8_level2.feat/GrayordinatesStats/cope6.feat/tdof_t1.dtseries.nii","506234","MNINonLinear//Results/tfMRI_MOTOR/tfMRI_MOTOR_hp200_s8_level2.feat/GrayordinatesStats/cope6.feat/tdof_t1.dtseries.nii","O5NHfPKjZRDetg78WpT3AkdOVnYdmHCS"
"s3://hcp-openaccess/HCP_1200/506234/MNINonLinear/Results/tfMRI_MOTOR/tfMRI_MOTOR_hp200_s8_level2.feat/GrayordinatesStats/cope6.feat/tstat1.dtseries.nii","506234","MNINonLinear//Results/tfMRI_MOTOR/tfMRI_MOTOR_hp200_s8_level2.feat/GrayordinatesStats/cope6.feat/tstat1.dtseries.nii","iSHwCymrvUq9tifpiQgRP8ROq0Axc.kv"
"s3://hcp-openaccess/HCP_1200/506234/MNINonLinear/Results/tfMRI_MOTOR/tfMRI_MOTOR_hp200_s8_level2.feat/GrayordinatesStats/cope6.feat/varcope1.dtseries.nii","506234","MNINonLinear//Results/tfMRI_MOTOR/tfMRI_MOTOR_hp200_s8_level2.feat/GrayordinatesStats/cope6.feat/varcope1.dtseries.nii","H_LND899zo0wLyA.fExakXmDegHb19Ge"
"s3://hcp-openaccess/HCP_1200/506234/MNINonLinear/Results/tfMRI_MOTOR/tfMRI_MOTOR_hp200_s8_level2.feat/GrayordinatesStats/cope6.feat/weights1.dtseries.nii","506234","MNINonLinear//Results/tfMRI_MOTOR/tfMRI_MOTOR_hp200_s8_level2.feat/GrayordinatesStats/cope6.feat/weights1.dtseries.nii","aaxxCjqQM8Sat2pAsd3nzQspomJwJgjU"
"s3://hcp-openaccess/HCP_1200/506234/MNINonLinear/Results/tfMRI_MOTOR/tfMRI_MOTOR_hp200_s8_level2.feat/GrayordinatesStats/cope6.feat/zflame1lowertstat1.dtseries.nii","506234","MNINonLinear//Results/tfMRI_MOTOR/tfMRI_MOTOR_hp200_s8_level2.feat/GrayordinatesStats/cope6.feat/zflame1lowertstat1.dtseries.nii","58RC1Stqk4HEfZSgLX3sZaEA_J456uUX"
"s3://hcp-openaccess/HCP_1200/506234/MNINonLinear/Results/tfMRI_MOTOR/tfMRI_MOTOR_hp200_s8_level2.feat/GrayordinatesStats/cope6.feat/zflame1uppertstat1.dtseries.nii","506234","MNINonLinear//Results/tfMRI_MOTOR/tfMRI_MOTOR_hp200_s8_level2.feat/GrayordinatesStats/cope6.feat/zflame1uppertstat1.dtseries.nii","JBOMUgY3xXKguc.p5bcy65imlmuSg4UC"
"s3://hcp-openaccess/HCP_1200/506234/MNINonLinear/Results/tfMRI_MOTOR/tfMRI_MOTOR_hp200_s8_level2.feat/GrayordinatesStats/cope6.feat/zstat1.dtseries.nii","506234","MNINonLinear//Results/tfMRI_MOTOR/tfMRI_MOTOR_hp200_s8_level2.feat/GrayordinatesStats/cope6.feat/zstat1.dtseries.nii","HKsF6EvRgva0WAir_oz2khnye8mO2pki"
"s3://hcp-openaccess/HCP_1200/506234/MNINonLinear/Results/tfMRI_MOTOR/tfMRI_MOTOR_hp200_s8_level2.feat/GrayordinatesStats/cope7.feat/cope1.dtseries.nii","506234","MNINonLinear//Results/tfMRI_MOTOR/tfMRI_MOTOR_hp200_s8_level2.feat/GrayordinatesStats/cope7.feat/cope1.dtseries.nii","iV80iQ_S27Vic7vwlS_JjjPrWftq_QD7"
"s3://hcp-openaccess/HCP_1200/506234/MNINonLinear/Results/tfMRI_MOTOR/tfMRI_MOTOR_hp200_s8_level2.feat/GrayordinatesStats/cope7.feat/logfile","506234","MNINonLinear//Results/tfMRI_MOTOR/tfMRI_MOTOR_hp200_s8_level2.feat/GrayordinatesStats/cope7.feat/logfile","AKsL.ca..t88WCH8PYJqDXWrWO.uhk6l"
"s3://hcp-openaccess/HCP_1200/506234/MNINonLinear/Results/tfMRI_MOTOR/tfMRI_MOTOR_hp200_s8_level2.feat/GrayordinatesStats/cope7.feat/mask.dtseries.nii","506234","MNINonLinear//Results/tfMRI_MOTOR/tfMRI_MOTOR_hp200_s8_level2.feat/GrayordinatesStats/cope7.feat/mask.dtseries.nii","t3wct4EHKZb8OgcE0KfDdy0Fmm1jXl9n"
"s3://hcp-openaccess/HCP_1200/506234/MNINonLinear/Results/tfMRI_MOTOR/tfMRI_MOTOR_hp200_s8_level2.feat/GrayordinatesStats/cope7.feat/mean_random_effects_var1.dtseries.nii","506234","MNINonLinear//Results/tfMRI_MOTOR/tfMRI_MOTOR_hp200_s8_level2.feat/GrayordinatesStats/cope7.feat/mean_random_effects_var1.dtseries.nii","Qjzjq5kyXxObkJrtKStgRmzYa7hGumFt"
"s3://hcp-openaccess/HCP_1200/506234/MNINonLinear/Results/tfMRI_MOTOR/tfMRI_MOTOR_hp200_s8_level2.feat/GrayordinatesStats/cope7.feat/pe1.dtseries.nii","506234","MNINonLinear//Results/tfMRI_MOTOR/tfMRI_MOTOR_hp200_s8_level2.feat/GrayordinatesStats/cope7.feat/pe1.dtseries.nii","Tgs1AUwcBvl_FqzgZaWpWl5OpCU4d0eq"
"s3://hcp-openaccess/HCP_1200/506234/MNINonLinear/Results/tfMRI_MOTOR/tfMRI_MOTOR_hp200_s8_level2.feat/GrayordinatesStats/cope7.feat/res4d.dtseries.nii","506234","MNINonLinear//Results/tfMRI_MOTOR/tfMRI_MOTOR_hp200_s8_level2.feat/GrayordinatesStats/cope7.feat/res4d.dtseries.nii","OKPqKZLUR3j4yM1O8IeRbRAVT8m41bRP"
"s3://hcp-openaccess/HCP_1200/506234/MNINonLinear/Results/tfMRI_MOTOR/tfMRI_MOTOR_hp200_s8_level2.feat/GrayordinatesStats/cope7.feat/tdof_t1.dtseries.nii","506234","MNINonLinear//Results/tfMRI_MOTOR/tfMRI_MOTOR_hp200_s8_level2.feat/GrayordinatesStats/cope7.feat/tdof_t1.dtseries.nii","OyzyNCBAQ1uQCfQl6X.ZjaQTrYi9vrBk"
"s3://hcp-openaccess/HCP_1200/506234/MNINonLinear/Results/tfMRI_MOTOR/tfMRI_MOTOR_hp200_s8_level2.feat/GrayordinatesStats/cope7.feat/tstat1.dtseries.nii","506234","MNINonLinear//Results/tfMRI_MOTOR/tfMRI_MOTOR_hp200_s8_level2.feat/GrayordinatesStats/cope7.feat/tstat1.dtseries.nii","f1eftW_BL3o0jLwZnIS.TVMHHI2wtddj"
"s3://hcp-openaccess/HCP_1200/506234/MNINonLinear/Results/tfMRI_MOTOR/tfMRI_MOTOR_hp200_s8_level2.feat/GrayordinatesStats/cope7.feat/varcope1.dtseries.nii","506234","MNINonLinear//Results/tfMRI_MOTOR/tfMRI_MOTOR_hp200_s8_level2.feat/GrayordinatesStats/cope7.feat/varcope1.dtseries.nii","RJdT16C2ug1rcmr2LMyQmjsnEtuB28EO"
"s3://hcp-openaccess/HCP_1200/506234/MNINonLinear/Results/tfMRI_MOTOR/tfMRI_MOTOR_hp200_s8_level2.feat/GrayordinatesStats/cope7.feat/weights1.dtseries.nii","506234","MNINonLinear//Results/tfMRI_MOTOR/tfMRI_MOTOR_hp200_s8_level2.feat/GrayordinatesStats/cope7.feat/weights1.dtseries.nii","oAvF.X_zruI0b8B8FcU0kBkhTynjZWcU"
"s3://hcp-openaccess/HCP_1200/506234/MNINonLinear/Results/tfMRI_MOTOR/tfMRI_MOTOR_hp200_s8_level2.feat/GrayordinatesStats/cope7.feat/zflame1lowertstat1.dtseries.nii","506234","MNINonLinear//Results/tfMRI_MOTOR/tfMRI_MOTOR_hp200_s8_level2.feat/GrayordinatesStats/cope7.feat/zflame1lowertstat1.dtseries.nii","Zs7aR4GGpPlI5BFPMLuxv2Icj37SYPiy"
"s3://hcp-openaccess/HCP_1200/506234/MNINonLinear/Results/tfMRI_MOTOR/tfMRI_MOTOR_hp200_s8_level2.feat/GrayordinatesStats/cope7.feat/zflame1uppertstat1.dtseries.nii","506234","MNINonLinear//Results/tfMRI_MOTOR/tfMRI_MOTOR_hp200_s8_level2.feat/GrayordinatesStats/cope7.feat/zflame1uppertstat1.dtseries.nii","u71yF5Rls5YRn.g2bOczNITKkoxl_KfB"
"s3://hcp-openaccess/HCP_1200/506234/MNINonLinear/Results/tfMRI_MOTOR/tfMRI_MOTOR_hp200_s8_level2.feat/GrayordinatesStats/cope7.feat/zstat1.dtseries.nii","506234","MNINonLinear//Results/tfMRI_MOTOR/tfMRI_MOTOR_hp200_s8_level2.feat/GrayordinatesStats/cope7.feat/zstat1.dtseries.nii","lSebSSWHLI9_dXeo69ALFGbbIhy2ler_"
"s3://hcp-openaccess/HCP_1200/506234/MNINonLinear/Results/tfMRI_MOTOR/tfMRI_MOTOR_hp200_s8_level2.feat/GrayordinatesStats/cope8.feat/cope1.dtseries.nii","506234","MNINonLinear//Results/tfMRI_MOTOR/tfMRI_MOTOR_hp200_s8_level2.feat/GrayordinatesStats/cope8.feat/cope1.dtseries.nii","IuLoh57eQVGp3rKbRiZTHjB8_bV8sA_q"
"s3://hcp-openaccess/HCP_1200/506234/MNINonLinear/Results/tfMRI_MOTOR/tfMRI_MOTOR_hp200_s8_level2.feat/GrayordinatesStats/cope8.feat/logfile","506234","MNINonLinear//Results/tfMRI_MOTOR/tfMRI_MOTOR_hp200_s8_level2.feat/GrayordinatesStats/cope8.feat/logfile","Ru2td7hw1ZcUwBgex7UT.xW0Qw86FTpJ"
"s3://hcp-openaccess/HCP_1200/506234/MNINonLinear/Results/tfMRI_MOTOR/tfMRI_MOTOR_hp200_s8_level2.feat/GrayordinatesStats/cope8.feat/mask.dtseries.nii","506234","MNINonLinear//Results/tfMRI_MOTOR/tfMRI_MOTOR_hp200_s8_level2.feat/GrayordinatesStats/cope8.feat/mask.dtseries.nii","kc1H7WpPLIMIZYzS1JUBuSPgaVkkJjxl"
"s3://hcp-openaccess/HCP_1200/506234/MNINonLinear/Results/tfMRI_MOTOR/tfMRI_MOTOR_hp200_s8_level2.feat/GrayordinatesStats/cope8.feat/mean_random_effects_var1.dtseries.nii","506234","MNINonLinear//Results/tfMRI_MOTOR/tfMRI_MOTOR_hp200_s8_level2.feat/GrayordinatesStats/cope8.feat/mean_random_effects_var1.dtseries.nii","cq1_aL3DogQZyGwu6VRe0nqGf9RivUjT"
"s3://hcp-openaccess/HCP_1200/506234/MNINonLinear/Results/tfMRI_MOTOR/tfMRI_MOTOR_hp200_s8_level2.feat/GrayordinatesStats/cope8.feat/pe1.dtseries.nii","506234","MNINonLinear//Results/tfMRI_MOTOR/tfMRI_MOTOR_hp200_s8_level2.feat/GrayordinatesStats/cope8.feat/pe1.dtseries.nii","4hQ05vPQvBIZUfR7VqX7kiSznwvinolu"
"s3://hcp-openaccess/HCP_1200/506234/MNINonLinear/Results/tfMRI_MOTOR/tfMRI_MOTOR_hp200_s8_level2.feat/GrayordinatesStats/cope8.feat/res4d.dtseries.nii","506234","MNINonLinear//Results/tfMRI_MOTOR/tfMRI_MOTOR_hp200_s8_level2.feat/GrayordinatesStats/cope8.feat/res4d.dtseries.nii","MkqFHpwYLOVsWzwb9.KTaETewxrQaLTl"
"s3://hcp-openaccess/HCP_1200/506234/MNINonLinear/Results/tfMRI_MOTOR/tfMRI_MOTOR_hp200_s8_level2.feat/GrayordinatesStats/cope8.feat/tdof_t1.dtseries.nii","506234","MNINonLinear//Results/tfMRI_MOTOR/tfMRI_MOTOR_hp200_s8_level2.feat/GrayordinatesStats/cope8.feat/tdof_t1.dtseries.nii","wR8NDpTeESNAWTnufc0YByhpIx8Dm7zu"
"s3://hcp-openaccess/HCP_1200/506234/MNINonLinear/Results/tfMRI_MOTOR/tfMRI_MOTOR_hp200_s8_level2.feat/GrayordinatesStats/cope8.feat/tstat1.dtseries.nii","506234","MNINonLinear//Results/tfMRI_MOTOR/tfMRI_MOTOR_hp200_s8_level2.feat/GrayordinatesStats/cope8.feat/tstat1.dtseries.nii","prfOOfxhHYdP86KTbgAtJ2UPKqF3PyqQ"
"s3://hcp-openaccess/HCP_1200/506234/MNINonLinear/Results/tfMRI_MOTOR/tfMRI_MOTOR_hp200_s8_level2.feat/GrayordinatesStats/cope8.feat/varcope1.dtseries.nii","506234","MNINonLinear//Results/tfMRI_MOTOR/tfMRI_MOTOR_hp200_s8_level2.feat/GrayordinatesStats/cope8.feat/varcope1.dtseries.nii","9vMBARi_SHAbBaY7nxjf1qYx3PGjsmRB"
"s3://hcp-openaccess/HCP_1200/506234/MNINonLinear/Results/tfMRI_MOTOR/tfMRI_MOTOR_hp200_s8_level2.feat/GrayordinatesStats/cope8.feat/weights1.dtseries.nii","506234","MNINonLinear//Results/tfMRI_MOTOR/tfMRI_MOTOR_hp200_s8_level2.feat/GrayordinatesStats/cope8.feat/weights1.dtseries.nii","DN5XA4jqDvd9DmLEK3WOlnhn5Glr6.XT"
"s3://hcp-openaccess/HCP_1200/506234/MNINonLinear/Results/tfMRI_MOTOR/tfMRI_MOTOR_hp200_s8_level2.feat/GrayordinatesStats/cope8.feat/zflame1lowertstat1.dtseries.nii","506234","MNINonLinear//Results/tfMRI_MOTOR/tfMRI_MOTOR_hp200_s8_level2.feat/GrayordinatesStats/cope8.feat/zflame1lowertstat1.dtseries.nii","O6n_PbUXIiXGd2AublHWOvej0eHoVdXr"
"s3://hcp-openaccess/HCP_1200/506234/MNINonLinear/Results/tfMRI_MOTOR/tfMRI_MOTOR_hp200_s8_level2.feat/GrayordinatesStats/cope8.feat/zflame1uppertstat1.dtseries.nii","506234","MNINonLinear//Results/tfMRI_MOTOR/tfMRI_MOTOR_hp200_s8_level2.feat/GrayordinatesStats/cope8.feat/zflame1uppertstat1.dtseries.nii","uO0Mktw3MAcjAfYAWS10f1reAZ9rxRkO"
"s3://hcp-openaccess/HCP_1200/506234/MNINonLinear/Results/tfMRI_MOTOR/tfMRI_MOTOR_hp200_s8_level2.feat/GrayordinatesStats/cope8.feat/zstat1.dtseries.nii","506234","MNINonLinear//Results/tfMRI_MOTOR/tfMRI_MOTOR_hp200_s8_level2.feat/GrayordinatesStats/cope8.feat/zstat1.dtseries.nii","FwskGlXQaH6gkFZNDHeTm5_5lX58kgne"
"s3://hcp-openaccess/HCP_1200/506234/MNINonLinear/Results/tfMRI_MOTOR/tfMRI_MOTOR_hp200_s8_level2.feat/GrayordinatesStats/cope9.feat/cope1.dtseries.nii","506234","MNINonLinear//Results/tfMRI_MOTOR/tfMRI_MOTOR_hp200_s8_level2.feat/GrayordinatesStats/cope9.feat/cope1.dtseries.nii","9oW4BHJYt5ZvN1JT87K3wglhU8FzovGE"
"s3://hcp-openaccess/HCP_1200/506234/MNINonLinear/Results/tfMRI_MOTOR/tfMRI_MOTOR_hp200_s8_level2.feat/GrayordinatesStats/cope9.feat/logfile","506234","MNINonLinear//Results/tfMRI_MOTOR/tfMRI_MOTOR_hp200_s8_level2.feat/GrayordinatesStats/cope9.feat/logfile","nF0P5tnZI7Fz_JiwQTBsrQe7rYgZFqCn"
"s3://hcp-openaccess/HCP_1200/506234/MNINonLinear/Results/tfMRI_MOTOR/tfMRI_MOTOR_hp200_s8_level2.feat/GrayordinatesStats/cope9.feat/mask.dtseries.nii","506234","MNINonLinear//Results/tfMRI_MOTOR/tfMRI_MOTOR_hp200_s8_level2.feat/GrayordinatesStats/cope9.feat/mask.dtseries.nii","M5NQv1GipfyaRFVkvNcpjiQLIav1_WOj"
"s3://hcp-openaccess/HCP_1200/506234/MNINonLinear/Results/tfMRI_MOTOR/tfMRI_MOTOR_hp200_s8_level2.feat/GrayordinatesStats/cope9.feat/mean_random_effects_var1.dtseries.nii","506234","MNINonLinear//Results/tfMRI_MOTOR/tfMRI_MOTOR_hp200_s8_level2.feat/GrayordinatesStats/cope9.feat/mean_random_effects_var1.dtseries.nii","ZyGUza3ghiqATEcfgsqkdoozqFBmYTOd"
"s3://hcp-openaccess/HCP_1200/506234/MNINonLinear/Results/tfMRI_MOTOR/tfMRI_MOTOR_hp200_s8_level2.feat/GrayordinatesStats/cope9.feat/pe1.dtseries.nii","506234","MNINonLinear//Results/tfMRI_MOTOR/tfMRI_MOTOR_hp200_s8_level2.feat/GrayordinatesStats/cope9.feat/pe1.dtseries.nii","g5HjITmIbhlZRfoHOhLSbZUrmq3OBQge"
"s3://hcp-openaccess/HCP_1200/506234/MNINonLinear/Results/tfMRI_MOTOR/tfMRI_MOTOR_hp200_s8_level2.feat/GrayordinatesStats/cope9.feat/res4d.dtseries.nii","506234","MNINonLinear//Results/tfMRI_MOTOR/tfMRI_MOTOR_hp200_s8_level2.feat/GrayordinatesStats/cope9.feat/res4d.dtseries.nii","xj3CmBMIyNkhBwcbkzWb2LgSTvWpn1Xz"
"s3://hcp-openaccess/HCP_1200/506234/MNINonLinear/Results/tfMRI_MOTOR/tfMRI_MOTOR_hp200_s8_level2.feat/GrayordinatesStats/cope9.feat/tdof_t1.dtseries.nii","506234","MNINonLinear//Results/tfMRI_MOTOR/tfMRI_MOTOR_hp200_s8_level2.feat/GrayordinatesStats/cope9.feat/tdof_t1.dtseries.nii","YWb4X.SE47zQnHeNB7_Rp7dyUFCimT5L"
"s3://hcp-openaccess/HCP_1200/506234/MNINonLinear/Results/tfMRI_MOTOR/tfMRI_MOTOR_hp200_s8_level2.feat/GrayordinatesStats/cope9.feat/tstat1.dtseries.nii","506234","MNINonLinear//Results/tfMRI_MOTOR/tfMRI_MOTOR_hp200_s8_level2.feat/GrayordinatesStats/cope9.feat/tstat1.dtseries.nii","9PK2JCo4leXyUEsjzFKpByubykpKWgGk"
"s3://hcp-openaccess/HCP_1200/506234/MNINonLinear/Results/tfMRI_MOTOR/tfMRI_MOTOR_hp200_s8_level2.feat/GrayordinatesStats/cope9.feat/varcope1.dtseries.nii","506234","MNINonLinear//Results/tfMRI_MOTOR/tfMRI_MOTOR_hp200_s8_level2.feat/GrayordinatesStats/cope9.feat/varcope1.dtseries.nii","d5n1k_YFrByw_3uzCoim.uC697KXpwmA"
"s3://hcp-openaccess/HCP_1200/506234/MNINonLinear/Results/tfMRI_MOTOR/tfMRI_MOTOR_hp200_s8_level2.feat/GrayordinatesStats/cope9.feat/weights1.dtseries.nii","506234","MNINonLinear//Results/tfMRI_MOTOR/tfMRI_MOTOR_hp200_s8_level2.feat/GrayordinatesStats/cope9.feat/weights1.dtseries.nii","POMGmZtuR41GP9FDf7xTvj1XmlfupwYc"
"s3://hcp-openaccess/HCP_1200/506234/MNINonLinear/Results/tfMRI_MOTOR/tfMRI_MOTOR_hp200_s8_level2.feat/GrayordinatesStats/cope9.feat/zflame1lowertstat1.dtseries.nii","506234","MNINonLinear//Results/tfMRI_MOTOR/tfMRI_MOTOR_hp200_s8_level2.feat/GrayordinatesStats/cope9.feat/zflame1lowertstat1.dtseries.nii","uRO9lEg0SvNJSBZPOTo0jXRB3ogB.FAz"
"s3://hcp-openaccess/HCP_1200/506234/MNINonLinear/Results/tfMRI_MOTOR/tfMRI_MOTOR_hp200_s8_level2.feat/GrayordinatesStats/cope9.feat/zflame1uppertstat1.dtseries.nii","506234","MNINonLinear//Results/tfMRI_MOTOR/tfMRI_MOTOR_hp200_s8_level2.feat/GrayordinatesStats/cope9.feat/zflame1uppertstat1.dtseries.nii","6riE2Df45TEGfvQp4gKs3LrH0c98bjs_"
"s3://hcp-openaccess/HCP_1200/506234/MNINonLinear/Results/tfMRI_MOTOR/tfMRI_MOTOR_hp200_s8_level2.feat/GrayordinatesStats/cope9.feat/zstat1.dtseries.nii","506234","MNINonLinear//Results/tfMRI_MOTOR/tfMRI_MOTOR_hp200_s8_level2.feat/GrayordinatesStats/cope9.feat/zstat1.dtseries.nii","gNR2sjIGGcB0mtM1yljHGtitvrtsb6OT"
"s3://hcp-openaccess/HCP_1200/506234/MNINonLinear/Results/tfMRI_MOTOR/tfMRI_MOTOR_hp200_s8_level2.feat/design.con","506234","MNINonLinear//Results/tfMRI_MOTOR/tfMRI_MOTOR_hp200_s8_level2.feat/design.con","I.LrV9Irr1tgoM2xoVnFbq2B7qJVXz6A"
"s3://hcp-openaccess/HCP_1200/506234/MNINonLinear/Results/tfMRI_MOTOR/tfMRI_MOTOR_hp200_s8_level2.feat/design.fsf","506234","MNINonLinear//Results/tfMRI_MOTOR/tfMRI_MOTOR_hp200_s8_level2.feat/design.fsf","BgW23QTgqTvaC6xbqFMYQ7L_GH1i7Fs6"
"s3://hcp-openaccess/HCP_1200/506234/MNINonLinear/Results/tfMRI_MOTOR/tfMRI_MOTOR_hp200_s8_level2.feat/design.grp","506234","MNINonLinear//Results/tfMRI_MOTOR/tfMRI_MOTOR_hp200_s8_level2.feat/design.grp","AfPGrpGKeZNpVGUeeXlcoxOKp_MNHN4f"
"s3://hcp-openaccess/HCP_1200/506234/MNINonLinear/Results/tfMRI_MOTOR/tfMRI_MOTOR_hp200_s8_level2.feat/design.mat","506234","MNINonLinear//Results/tfMRI_MOTOR/tfMRI_MOTOR_hp200_s8_level2.feat/design.mat","yWmP7OV7YpOUZblLTZd7_S6kimaSpa1O"
"s3://hcp-openaccess/HCP_1200/506234/MNINonLinear/Results/tfMRI_MOTOR/tfMRI_MOTOR_hp200_s8_level2.feat/design.png","506234","MNINonLinear//Results/tfMRI_MOTOR/tfMRI_MOTOR_hp200_s8_level2.feat/design.png","jQhhie1kbCF3ELcDlRhjONYKvKh83rex"
"s3://hcp-openaccess/HCP_1200/506234/MNINonLinear/Results/tfMRI_MOTOR/tfMRI_MOTOR_hp200_s8_level2.feat/design.ppm","506234","MNINonLinear//Results/tfMRI_MOTOR/tfMRI_MOTOR_hp200_s8_level2.feat/design.ppm","32NPVMN1V3OAlqzKLwmuDJrCQaH2PDOj"
"s3://hcp-openaccess/HCP_1200/506234/MNINonLinear/Results/tfMRI_MOTOR/tfMRI_MOTOR_hp200_s8_level2.feat/design_cov.png","506234","MNINonLinear//Results/tfMRI_MOTOR/tfMRI_MOTOR_hp200_s8_level2.feat/design_cov.png","LVylpggPEBqXwGFZ4uDf5HJbX_JhGLdo"
"s3://hcp-openaccess/HCP_1200/506234/MNINonLinear/Results/tfMRI_MOTOR/tfMRI_MOTOR_hp200_s8_level2.feat/design_cov.ppm","506234","MNINonLinear//Results/tfMRI_MOTOR/tfMRI_MOTOR_hp200_s8_level2.feat/design_cov.ppm","NS4Unbef65ZQ2FGUIkX6aQtG7ghZ3E4d"
"s3://hcp-openaccess/HCP_1200/506234/MNINonLinear/Results/tfMRI_MOTOR_LR/EVs/Sync.txt","506234","MNINonLinear//Results/tfMRI_MOTOR_LR/EVs/Sync.txt","neKAXSj9PVeTLqPv4kkqJBonRiCJ7C8P"
"s3://hcp-openaccess/HCP_1200/506234/MNINonLinear/Results/tfMRI_MOTOR_LR/EVs/cue.txt","506234","MNINonLinear//Results/tfMRI_MOTOR_LR/EVs/cue.txt","MLcjVdo0wzGCVUSEZS7umumg8yfm4hCT"
"s3://hcp-openaccess/HCP_1200/506234/MNINonLinear/Results/tfMRI_MOTOR_LR/EVs/lf.txt","506234","MNINonLinear//Results/tfMRI_MOTOR_LR/EVs/lf.txt","U4GAS6EvHWWg6KVRFLNMbogmGW8EGZ7Z"
"s3://hcp-openaccess/HCP_1200/506234/MNINonLinear/Results/tfMRI_MOTOR_LR/EVs/lh.txt","506234","MNINonLinear//Results/tfMRI_MOTOR_LR/EVs/lh.txt","ricRQx_rBgenL02dDCNnG166topOC02K"
"s3://hcp-openaccess/HCP_1200/506234/MNINonLinear/Results/tfMRI_MOTOR_LR/EVs/rf.txt","506234","MNINonLinear//Results/tfMRI_MOTOR_LR/EVs/rf.txt","2KPpE5WIOa2l6c_WGBNPEtn8mMUxHVV7"
"s3://hcp-openaccess/HCP_1200/506234/MNINonLinear/Results/tfMRI_MOTOR_LR/EVs/rh.txt","506234","MNINonLinear//Results/tfMRI_MOTOR_LR/EVs/rh.txt","XK9LqEClCVzRVmwHMPIdqdtStwZGY.im"
"s3://hcp-openaccess/HCP_1200/506234/MNINonLinear/Results/tfMRI_MOTOR_LR/EVs/t.txt","506234","MNINonLinear//Results/tfMRI_MOTOR_LR/EVs/t.txt","GX94KRhqKtFreFCud9O1V7ieIVYC7buD"
"s3://hcp-openaccess/HCP_1200/506234/MNINonLinear/Results/tfMRI_MOTOR_LR/MOTOR_run2_TAB.txt","506234","MNINonLinear//Results/tfMRI_MOTOR_LR/MOTOR_run2_TAB.txt","3a7wFKRG7IivxF86Qc3w7RhhSsjBJfvi"
"s3://hcp-openaccess/HCP_1200/506234/MNINonLinear/Results/tfMRI_MOTOR_LR/Movement_AbsoluteRMS.txt","506234","MNINonLinear//Results/tfMRI_MOTOR_LR/Movement_AbsoluteRMS.txt","_45LbyYm0du_ZTcPlsiwKzjwGVaxgoGU"
"s3://hcp-openaccess/HCP_1200/506234/MNINonLinear/Results/tfMRI_MOTOR_LR/Movement_AbsoluteRMS_mean.txt","506234","MNINonLinear//Results/tfMRI_MOTOR_LR/Movement_AbsoluteRMS_mean.txt","0RWh7Y3zmcRP_PmAxB_NgHYOxUjOlbxv"
"s3://hcp-openaccess/HCP_1200/506234/MNINonLinear/Results/tfMRI_MOTOR_LR/Movement_Regressors.txt","506234","MNINonLinear//Results/tfMRI_MOTOR_LR/Movement_Regressors.txt","LJQF5Pi.cySHuy7rcznmNfFlyD22PYNr"
"s3://hcp-openaccess/HCP_1200/506234/MNINonLinear/Results/tfMRI_MOTOR_LR/Movement_Regressors_dt.txt","506234","MNINonLinear//Results/tfMRI_MOTOR_LR/Movement_Regressors_dt.txt","rgX3vd634Lo1vOMVvkhmBGCibYkx6hZ9"
"s3://hcp-openaccess/HCP_1200/506234/MNINonLinear/Results/tfMRI_MOTOR_LR/Movement_RelativeRMS.txt","506234","MNINonLinear//Results/tfMRI_MOTOR_LR/Movement_RelativeRMS.txt","HyuHQDtpbiQ5wMcU2t6EsjlMDlu0X8k6"
"s3://hcp-openaccess/HCP_1200/506234/MNINonLinear/Results/tfMRI_MOTOR_LR/Movement_RelativeRMS_mean.txt","506234","MNINonLinear//Results/tfMRI_MOTOR_LR/Movement_RelativeRMS_mean.txt","0eOHhA8l8RF3OFDrSWe4J_bZUrvhbfZ6"
"s3://hcp-openaccess/HCP_1200/506234/MNINonLinear/Results/tfMRI_MOTOR_LR/PhaseOne_gdc_dc.nii.gz","506234","MNINonLinear//Results/tfMRI_MOTOR_LR/PhaseOne_gdc_dc.nii.gz","YRcbJjSY_sgGcmz9q8mu3YTOZ2ZatLQp"
"s3://hcp-openaccess/HCP_1200/506234/MNINonLinear/Results/tfMRI_MOTOR_LR/PhaseTwo_gdc_dc.nii.gz","506234","MNINonLinear//Results/tfMRI_MOTOR_LR/PhaseTwo_gdc_dc.nii.gz","1JbqzRW.0_4I9Fzmamd7hA5B9ZHr_lGz"
"s3://hcp-openaccess/HCP_1200/506234/MNINonLinear/Results/tfMRI_MOTOR_LR/RibbonVolumeToSurfaceMapping/goodvoxels.nii.gz","506234","MNINonLinear//Results/tfMRI_MOTOR_LR/RibbonVolumeToSurfaceMapping/goodvoxels.nii.gz","ezp20KcP10Geg48X1F1Gp9zapEf4fYY9"
"s3://hcp-openaccess/HCP_1200/506234/MNINonLinear/Results/tfMRI_MOTOR_LR/SBRef_dc.nii.gz","506234","MNINonLinear//Results/tfMRI_MOTOR_LR/SBRef_dc.nii.gz","DiPG0_oKwH7ovni0hWd_FqL5eLNU4zld"
"s3://hcp-openaccess/HCP_1200/506234/MNINonLinear/Results/tfMRI_MOTOR_LR/brainmask_fs.2.nii.gz","506234","MNINonLinear//Results/tfMRI_MOTOR_LR/brainmask_fs.2.nii.gz","ugWYXCA74W0RY_kb1okCbHqNETght.rI"
"s3://hcp-openaccess/HCP_1200/506234/MNINonLinear/Results/tfMRI_MOTOR_LR/tfMRI_MOTOR_LR.L.native.func.gii","506234","MNINonLinear//Results/tfMRI_MOTOR_LR/tfMRI_MOTOR_LR.L.native.func.gii","L7WO7kkxyrMJgnAvvf0HtYCbxuczGFd2"
"s3://hcp-openaccess/HCP_1200/506234/MNINonLinear/Results/tfMRI_MOTOR_LR/tfMRI_MOTOR_LR.R.native.func.gii","506234","MNINonLinear//Results/tfMRI_MOTOR_LR/tfMRI_MOTOR_LR.R.native.func.gii","8XEotf7tIbwJ0PHnaKkD8xXiOVpYlNbK"
"s3://hcp-openaccess/HCP_1200/506234/MNINonLinear/Results/tfMRI_MOTOR_LR/tfMRI_MOTOR_LR.nii.gz","506234","MNINonLinear//Results/tfMRI_MOTOR_LR/tfMRI_MOTOR_LR.nii.gz","ZbjwKPuoOAR4suyd2Kq_a4kUltEtmsCk"
"s3://hcp-openaccess/HCP_1200/506234/MNINonLinear/Results/tfMRI_MOTOR_LR/tfMRI_MOTOR_LR_Atlas.dtseries.nii","506234","MNINonLinear//Results/tfMRI_MOTOR_LR/tfMRI_MOTOR_LR_Atlas.dtseries.nii","q3yMc3sRIXTNmjWtdjOOPQvXepCN4lLe"
"s3://hcp-openaccess/HCP_1200/506234/MNINonLinear/Results/tfMRI_MOTOR_LR/tfMRI_MOTOR_LR_Atlas_MSMAll.dtseries.nii","506234","MNINonLinear//Results/tfMRI_MOTOR_LR/tfMRI_MOTOR_LR_Atlas_MSMAll.dtseries.nii","o5ZMVsix9QFVk4bSdv5JacTuhPqb_BFB"
"s3://hcp-openaccess/HCP_1200/506234/MNINonLinear/Results/tfMRI_MOTOR_LR/tfMRI_MOTOR_LR_Jacobian.nii.gz","506234","MNINonLinear//Results/tfMRI_MOTOR_LR/tfMRI_MOTOR_LR_Jacobian.nii.gz","GtXDl93wMMcg0jRMJMBvuC8wIaUp3vpq"
"s3://hcp-openaccess/HCP_1200/506234/MNINonLinear/Results/tfMRI_MOTOR_LR/tfMRI_MOTOR_LR_Physio_log.txt","506234","MNINonLinear//Results/tfMRI_MOTOR_LR/tfMRI_MOTOR_LR_Physio_log.txt","3obT3SzBfte3Ez68X9I8FU__wmBzD45E"
"s3://hcp-openaccess/HCP_1200/506234/MNINonLinear/Results/tfMRI_MOTOR_LR/tfMRI_MOTOR_LR_SBRef.nii.gz","506234","MNINonLinear//Results/tfMRI_MOTOR_LR/tfMRI_MOTOR_LR_SBRef.nii.gz","ghX2YbZHSz5RME6U9w3cfkDu_w0ucux."
"s3://hcp-openaccess/HCP_1200/506234/MNINonLinear/Results/tfMRI_MOTOR_LR/tfMRI_MOTOR_LR_hp200_s4_level1.fsf","506234","MNINonLinear//Results/tfMRI_MOTOR_LR/tfMRI_MOTOR_LR_hp200_s4_level1.fsf","ibXV94Khn5wEcEyI4Ztl5Ijx7nWW9pc."
"s3://hcp-openaccess/HCP_1200/506234/MNINonLinear/Results/tfMRI_MOTOR_RL/EVs/Sync.txt","506234","MNINonLinear//Results/tfMRI_MOTOR_RL/EVs/Sync.txt","8E2.z7fr7cJydUSU36eILBUW02eZ0FEs"
"s3://hcp-openaccess/HCP_1200/506234/MNINonLinear/Results/tfMRI_MOTOR_RL/EVs/cue.txt","506234","MNINonLinear//Results/tfMRI_MOTOR_RL/EVs/cue.txt","eylU467L5b3ooYUrKla4R.NOtjV_3Uaf"
"s3://hcp-openaccess/HCP_1200/506234/MNINonLinear/Results/tfMRI_MOTOR_RL/EVs/lf.txt","506234","MNINonLinear//Results/tfMRI_MOTOR_RL/EVs/lf.txt","3eMiCnC_ZzkYMGA88ZA58T9YMG8wT680"
"s3://hcp-openaccess/HCP_1200/506234/MNINonLinear/Results/tfMRI_MOTOR_RL/EVs/lh.txt","506234","MNINonLinear//Results/tfMRI_MOTOR_RL/EVs/lh.txt","6w.T4SmTQFcckWvzgykK7.98gTv965Xf"
"s3://hcp-openaccess/HCP_1200/506234/MNINonLinear/Results/tfMRI_MOTOR_RL/EVs/rf.txt","506234","MNINonLinear//Results/tfMRI_MOTOR_RL/EVs/rf.txt","Od6nBS9GMrtxbM_dn.vdcE4JYXzRevQ8"
"s3://hcp-openaccess/HCP_1200/506234/MNINonLinear/Results/tfMRI_MOTOR_RL/EVs/rh.txt","506234","MNINonLinear//Results/tfMRI_MOTOR_RL/EVs/rh.txt","tsnE4RO7QcZASNdPTqSOWBtVmPNV3NCb"
"s3://hcp-openaccess/HCP_1200/506234/MNINonLinear/Results/tfMRI_MOTOR_RL/EVs/t.txt","506234","MNINonLinear//Results/tfMRI_MOTOR_RL/EVs/t.txt","PI1sGMXah2QtAIw9on2IZJ4VmzWR5tNC"
"s3://hcp-openaccess/HCP_1200/506234/MNINonLinear/Results/tfMRI_MOTOR_RL/MOTOR_run1_TAB.txt","506234","MNINonLinear//Results/tfMRI_MOTOR_RL/MOTOR_run1_TAB.txt","D2fU5OTxOv7_KjOyKds7lyplWsDm7CzR"
"s3://hcp-openaccess/HCP_1200/506234/MNINonLinear/Results/tfMRI_MOTOR_RL/Movement_AbsoluteRMS.txt","506234","MNINonLinear//Results/tfMRI_MOTOR_RL/Movement_AbsoluteRMS.txt","U45q70G13YXf8ugcX8I8.Yr9iSCedbZ9"
"s3://hcp-openaccess/HCP_1200/506234/MNINonLinear/Results/tfMRI_MOTOR_RL/Movement_AbsoluteRMS_mean.txt","506234","MNINonLinear//Results/tfMRI_MOTOR_RL/Movement_AbsoluteRMS_mean.txt","BNESjHwnRU9uoMtFPkoKXO7vNr3fDk46"
"s3://hcp-openaccess/HCP_1200/506234/MNINonLinear/Results/tfMRI_MOTOR_RL/Movement_Regressors.txt","506234","MNINonLinear//Results/tfMRI_MOTOR_RL/Movement_Regressors.txt","HtTwd45IoP90kbnoOyQVC5xdzJF6HLJc"
"s3://hcp-openaccess/HCP_1200/506234/MNINonLinear/Results/tfMRI_MOTOR_RL/Movement_Regressors_dt.txt","506234","MNINonLinear//Results/tfMRI_MOTOR_RL/Movement_Regressors_dt.txt","e9tTW5QV5J28Myc.D4.Y_5_YCVsntkql"
"s3://hcp-openaccess/HCP_1200/506234/MNINonLinear/Results/tfMRI_MOTOR_RL/Movement_RelativeRMS.txt","506234","MNINonLinear//Results/tfMRI_MOTOR_RL/Movement_RelativeRMS.txt","NZYIzkSSYuX8jGTQmXnOlK1ZR._MfcNt"
"s3://hcp-openaccess/HCP_1200/506234/MNINonLinear/Results/tfMRI_MOTOR_RL/Movement_RelativeRMS_mean.txt","506234","MNINonLinear//Results/tfMRI_MOTOR_RL/Movement_RelativeRMS_mean.txt","bnlVIZdDh_W3fXYAVZBTH17iZgBiagVc"
"s3://hcp-openaccess/HCP_1200/506234/MNINonLinear/Results/tfMRI_MOTOR_RL/PhaseOne_gdc_dc.nii.gz","506234","MNINonLinear//Results/tfMRI_MOTOR_RL/PhaseOne_gdc_dc.nii.gz","v2stfo.yTXWzBRWYSwRHjqNNLmqmT82I"
"s3://hcp-openaccess/HCP_1200/506234/MNINonLinear/Results/tfMRI_MOTOR_RL/PhaseTwo_gdc_dc.nii.gz","506234","MNINonLinear//Results/tfMRI_MOTOR_RL/PhaseTwo_gdc_dc.nii.gz","awfeMfYYjA3bu0J0pmOpIG7lFpVXOimW"
"s3://hcp-openaccess/HCP_1200/506234/MNINonLinear/Results/tfMRI_MOTOR_RL/RibbonVolumeToSurfaceMapping/goodvoxels.nii.gz","506234","MNINonLinear//Results/tfMRI_MOTOR_RL/RibbonVolumeToSurfaceMapping/goodvoxels.nii.gz","SzYW4nuCOCOD7QF1TPeSfbyy9Hp5KY5p"
"s3://hcp-openaccess/HCP_1200/506234/MNINonLinear/Results/tfMRI_MOTOR_RL/SBRef_dc.nii.gz","506234","MNINonLinear//Results/tfMRI_MOTOR_RL/SBRef_dc.nii.gz","r1aIfN8NGLiDDK7auKIfyEQEyABpMxMt"
"s3://hcp-openaccess/HCP_1200/506234/MNINonLinear/Results/tfMRI_MOTOR_RL/brainmask_fs.2.nii.gz","506234","MNINonLinear//Results/tfMRI_MOTOR_RL/brainmask_fs.2.nii.gz","6l8L6MBz77XO02czOEbl6UNPMnzDugvS"
"s3://hcp-openaccess/HCP_1200/506234/MNINonLinear/Results/tfMRI_MOTOR_RL/tfMRI_MOTOR_RL.L.native.func.gii","506234","MNINonLinear//Results/tfMRI_MOTOR_RL/tfMRI_MOTOR_RL.L.native.func.gii","oXS8rbGfsuqxxLx.SRb69NhRUwkXJbfC"
"s3://hcp-openaccess/HCP_1200/506234/MNINonLinear/Results/tfMRI_MOTOR_RL/tfMRI_MOTOR_RL.R.native.func.gii","506234","MNINonLinear//Results/tfMRI_MOTOR_RL/tfMRI_MOTOR_RL.R.native.func.gii","ahMZOhB1mqKrtaLiUS7HK8hMmTzbvN5H"
"s3://hcp-openaccess/HCP_1200/506234/MNINonLinear/Results/tfMRI_MOTOR_RL/tfMRI_MOTOR_RL.nii.gz","506234","MNINonLinear//Results/tfMRI_MOTOR_RL/tfMRI_MOTOR_RL.nii.gz","mOtJ05FgFpWBkq2y6b6rI32vdl5LcmTk"
"s3://hcp-openaccess/HCP_1200/506234/MNINonLinear/Results/tfMRI_MOTOR_RL/tfMRI_MOTOR_RL_Atlas.dtseries.nii","506234","MNINonLinear//Results/tfMRI_MOTOR_RL/tfMRI_MOTOR_RL_Atlas.dtseries.nii","IJ7cE3EBGNJmHe6juRqW5DhWAKnT_kun"
"s3://hcp-openaccess/HCP_1200/506234/MNINonLinear/Results/tfMRI_MOTOR_RL/tfMRI_MOTOR_RL_Atlas_MSMAll.dtseries.nii","506234","MNINonLinear//Results/tfMRI_MOTOR_RL/tfMRI_MOTOR_RL_Atlas_MSMAll.dtseries.nii","y4ZTONik.Wit7p3e83a6AkdbwvkdFxXq"
"s3://hcp-openaccess/HCP_1200/506234/MNINonLinear/Results/tfMRI_MOTOR_RL/tfMRI_MOTOR_RL_Jacobian.nii.gz","506234","MNINonLinear//Results/tfMRI_MOTOR_RL/tfMRI_MOTOR_RL_Jacobian.nii.gz","rLIR.f6a8DvqYT8DEZfi.6avVIxr2jRU"
"s3://hcp-openaccess/HCP_1200/506234/MNINonLinear/Results/tfMRI_MOTOR_RL/tfMRI_MOTOR_RL_Physio_log.txt","506234","MNINonLinear//Results/tfMRI_MOTOR_RL/tfMRI_MOTOR_RL_Physio_log.txt","83J0HaKB0p6btlOAmhJAWkcORfMifRNn"
"s3://hcp-openaccess/HCP_1200/506234/MNINonLinear/Results/tfMRI_MOTOR_RL/tfMRI_MOTOR_RL_SBRef.nii.gz","506234","MNINonLinear//Results/tfMRI_MOTOR_RL/tfMRI_MOTOR_RL_SBRef.nii.gz","WnNLgd9nwLxM31APUaiNarVUGxGGw1S2"
"s3://hcp-openaccess/HCP_1200/506234/MNINonLinear/Results/tfMRI_MOTOR_RL/tfMRI_MOTOR_RL_hp200_s4_level1.fsf","506234","MNINonLinear//Results/tfMRI_MOTOR_RL/tfMRI_MOTOR_RL_hp200_s4_level1.fsf","uwll7d_LlNM6CF_reSMey6lUZq2axqUe"
"s3://hcp-openaccess/HCP_1200/506234/MNINonLinear/Results/tfMRI_RELATIONAL/prepare_level2_feat_analysis.sh","506234","MNINonLinear//Results/tfMRI_RELATIONAL/prepare_level2_feat_analysis.sh","zweq8uu65vMlXVAdcDSTwa510INDSBnC"
"s3://hcp-openaccess/HCP_1200/506234/MNINonLinear/Results/tfMRI_RELATIONAL/tfMRI_RELATIONAL_hp200_s12_level2.feat/506234_tfMRI_RELATIONAL_level2_hp200_s12.dscalar.nii","506234","MNINonLinear//Results/tfMRI_RELATIONAL/tfMRI_RELATIONAL_hp200_s12_level2.feat/506234_tfMRI_RELATIONAL_level2_hp200_s12.dscalar.nii","UBU9_.hY.FbJXlVW91Aky97F6tWGmFkB"
"s3://hcp-openaccess/HCP_1200/506234/MNINonLinear/Results/tfMRI_RELATIONAL/tfMRI_RELATIONAL_hp200_s12_level2.feat/Contrasts.txt","506234","MNINonLinear//Results/tfMRI_RELATIONAL/tfMRI_RELATIONAL_hp200_s12_level2.feat/Contrasts.txt","msmZnoK9_GfV.yxVyybiiYBwI1.q1mSv"
"s3://hcp-openaccess/HCP_1200/506234/MNINonLinear/Results/tfMRI_RELATIONAL/tfMRI_RELATIONAL_hp200_s12_level2.feat/GrayordinatesStats/cope1.feat/cope1.dtseries.nii","506234","MNINonLinear//Results/tfMRI_RELATIONAL/tfMRI_RELATIONAL_hp200_s12_level2.feat/GrayordinatesStats/cope1.feat/cope1.dtseries.nii","pFnwcagpmlEjhDX3aPfOZwqN.6qp39Zn"
"s3://hcp-openaccess/HCP_1200/506234/MNINonLinear/Results/tfMRI_RELATIONAL/tfMRI_RELATIONAL_hp200_s12_level2.feat/GrayordinatesStats/cope1.feat/logfile","506234","MNINonLinear//Results/tfMRI_RELATIONAL/tfMRI_RELATIONAL_hp200_s12_level2.feat/GrayordinatesStats/cope1.feat/logfile","8jjxtBbvUXvf4owpY2JKclfY4g7gboi_"
"s3://hcp-openaccess/HCP_1200/506234/MNINonLinear/Results/tfMRI_RELATIONAL/tfMRI_RELATIONAL_hp200_s12_level2.feat/GrayordinatesStats/cope1.feat/mask.dtseries.nii","506234","MNINonLinear//Results/tfMRI_RELATIONAL/tfMRI_RELATIONAL_hp200_s12_level2.feat/GrayordinatesStats/cope1.feat/mask.dtseries.nii","qG8B3q3zntnsLd8Fp7kSQWjZNT.y91q5"
"s3://hcp-openaccess/HCP_1200/506234/MNINonLinear/Results/tfMRI_RELATIONAL/tfMRI_RELATIONAL_hp200_s12_level2.feat/GrayordinatesStats/cope1.feat/mean_random_effects_var1.dtseries.nii","506234","MNINonLinear//Results/tfMRI_RELATIONAL/tfMRI_RELATIONAL_hp200_s12_level2.feat/GrayordinatesStats/cope1.feat/mean_random_effects_var1.dtseries.nii",".DVM4K7PjjOWpVDYyyZc1q1yVhDWGLuO"
"s3://hcp-openaccess/HCP_1200/506234/MNINonLinear/Results/tfMRI_RELATIONAL/tfMRI_RELATIONAL_hp200_s12_level2.feat/GrayordinatesStats/cope1.feat/pe1.dtseries.nii","506234","MNINonLinear//Results/tfMRI_RELATIONAL/tfMRI_RELATIONAL_hp200_s12_level2.feat/GrayordinatesStats/cope1.feat/pe1.dtseries.nii","3QU5W4bnagm35wmla9Ca0J.e3elvTnRA"
"s3://hcp-openaccess/HCP_1200/506234/MNINonLinear/Results/tfMRI_RELATIONAL/tfMRI_RELATIONAL_hp200_s12_level2.feat/GrayordinatesStats/cope1.feat/res4d.dtseries.nii","506234","MNINonLinear//Results/tfMRI_RELATIONAL/tfMRI_RELATIONAL_hp200_s12_level2.feat/GrayordinatesStats/cope1.feat/res4d.dtseries.nii","CFJ37xVQCf9A81rXyUD0eJz3GRQBiome"
"s3://hcp-openaccess/HCP_1200/506234/MNINonLinear/Results/tfMRI_RELATIONAL/tfMRI_RELATIONAL_hp200_s12_level2.feat/GrayordinatesStats/cope1.feat/tdof_t1.dtseries.nii","506234","MNINonLinear//Results/tfMRI_RELATIONAL/tfMRI_RELATIONAL_hp200_s12_level2.feat/GrayordinatesStats/cope1.feat/tdof_t1.dtseries.nii","2j67Tgrbd13ZjleeJLdm0BtICge3rwh8"
"s3://hcp-openaccess/HCP_1200/506234/MNINonLinear/Results/tfMRI_RELATIONAL/tfMRI_RELATIONAL_hp200_s12_level2.feat/GrayordinatesStats/cope1.feat/tstat1.dtseries.nii","506234","MNINonLinear//Results/tfMRI_RELATIONAL/tfMRI_RELATIONAL_hp200_s12_level2.feat/GrayordinatesStats/cope1.feat/tstat1.dtseries.nii","cBqXJOiUUMo1u42SQvhZygqVCVxOD1IB"
"s3://hcp-openaccess/HCP_1200/506234/MNINonLinear/Results/tfMRI_RELATIONAL/tfMRI_RELATIONAL_hp200_s12_level2.feat/GrayordinatesStats/cope1.feat/varcope1.dtseries.nii","506234","MNINonLinear//Results/tfMRI_RELATIONAL/tfMRI_RELATIONAL_hp200_s12_level2.feat/GrayordinatesStats/cope1.feat/varcope1.dtseries.nii","RvNGBhp4RfXc.0NfvBsEwk7eYUPs6lBY"
"s3://hcp-openaccess/HCP_1200/506234/MNINonLinear/Results/tfMRI_RELATIONAL/tfMRI_RELATIONAL_hp200_s12_level2.feat/GrayordinatesStats/cope1.feat/weights1.dtseries.nii","506234","MNINonLinear//Results/tfMRI_RELATIONAL/tfMRI_RELATIONAL_hp200_s12_level2.feat/GrayordinatesStats/cope1.feat/weights1.dtseries.nii","LNBMNQOJlWbmJfeIgiFqMm_fNxFIL7ak"
"s3://hcp-openaccess/HCP_1200/506234/MNINonLinear/Results/tfMRI_RELATIONAL/tfMRI_RELATIONAL_hp200_s12_level2.feat/GrayordinatesStats/cope1.feat/zflame1lowertstat1.dtseries.nii","506234","MNINonLinear//Results/tfMRI_RELATIONAL/tfMRI_RELATIONAL_hp200_s12_level2.feat/GrayordinatesStats/cope1.feat/zflame1lowertstat1.dtseries.nii","AeuYW_ycoBfpEkjPqwsDXJ4iuKjyhpAs"
"s3://hcp-openaccess/HCP_1200/506234/MNINonLinear/Results/tfMRI_RELATIONAL/tfMRI_RELATIONAL_hp200_s12_level2.feat/GrayordinatesStats/cope1.feat/zflame1uppertstat1.dtseries.nii","506234","MNINonLinear//Results/tfMRI_RELATIONAL/tfMRI_RELATIONAL_hp200_s12_level2.feat/GrayordinatesStats/cope1.feat/zflame1uppertstat1.dtseries.nii","MGR3Nb0_UbkAsEse9dTaAEe5WW_XkAQf"
"s3://hcp-openaccess/HCP_1200/506234/MNINonLinear/Results/tfMRI_RELATIONAL/tfMRI_RELATIONAL_hp200_s12_level2.feat/GrayordinatesStats/cope1.feat/zstat1.dtseries.nii","506234","MNINonLinear//Results/tfMRI_RELATIONAL/tfMRI_RELATIONAL_hp200_s12_level2.feat/GrayordinatesStats/cope1.feat/zstat1.dtseries.nii","BQNZbeIozLmmD7F1wTWkWCs723Bcxbay"
"s3://hcp-openaccess/HCP_1200/506234/MNINonLinear/Results/tfMRI_RELATIONAL/tfMRI_RELATIONAL_hp200_s12_level2.feat/GrayordinatesStats/cope2.feat/cope1.dtseries.nii","506234","MNINonLinear//Results/tfMRI_RELATIONAL/tfMRI_RELATIONAL_hp200_s12_level2.feat/GrayordinatesStats/cope2.feat/cope1.dtseries.nii","NIDyikIG_ss3K5ko2JY5Jpf_Qm74lc2Y"
"s3://hcp-openaccess/HCP_1200/506234/MNINonLinear/Results/tfMRI_RELATIONAL/tfMRI_RELATIONAL_hp200_s12_level2.feat/GrayordinatesStats/cope2.feat/logfile","506234","MNINonLinear//Results/tfMRI_RELATIONAL/tfMRI_RELATIONAL_hp200_s12_level2.feat/GrayordinatesStats/cope2.feat/logfile","uxV2ftEuY8xLJmykHUYYy_oIHCPLuORw"
"s3://hcp-openaccess/HCP_1200/506234/MNINonLinear/Results/tfMRI_RELATIONAL/tfMRI_RELATIONAL_hp200_s12_level2.feat/GrayordinatesStats/cope2.feat/mask.dtseries.nii","506234","MNINonLinear//Results/tfMRI_RELATIONAL/tfMRI_RELATIONAL_hp200_s12_level2.feat/GrayordinatesStats/cope2.feat/mask.dtseries.nii","adNuZZnk_u5zT0w4HXdAv21MCFwGhLNR"
"s3://hcp-openaccess/HCP_1200/506234/MNINonLinear/Results/tfMRI_RELATIONAL/tfMRI_RELATIONAL_hp200_s12_level2.feat/GrayordinatesStats/cope2.feat/mean_random_effects_var1.dtseries.nii","506234","MNINonLinear//Results/tfMRI_RELATIONAL/tfMRI_RELATIONAL_hp200_s12_level2.feat/GrayordinatesStats/cope2.feat/mean_random_effects_var1.dtseries.nii","PLdLAbmGWg_IhXrudQRhznFtl96k2x6_"
"s3://hcp-openaccess/HCP_1200/506234/MNINonLinear/Results/tfMRI_RELATIONAL/tfMRI_RELATIONAL_hp200_s12_level2.feat/GrayordinatesStats/cope2.feat/pe1.dtseries.nii","506234","MNINonLinear//Results/tfMRI_RELATIONAL/tfMRI_RELATIONAL_hp200_s12_level2.feat/GrayordinatesStats/cope2.feat/pe1.dtseries.nii","v9Eo6NPdo9P1uzYUQYmGeerFk6cPNWaj"
"s3://hcp-openaccess/HCP_1200/506234/MNINonLinear/Results/tfMRI_RELATIONAL/tfMRI_RELATIONAL_hp200_s12_level2.feat/GrayordinatesStats/cope2.feat/res4d.dtseries.nii","506234","MNINonLinear//Results/tfMRI_RELATIONAL/tfMRI_RELATIONAL_hp200_s12_level2.feat/GrayordinatesStats/cope2.feat/res4d.dtseries.nii","6KYoqYr1xTb_T_xzDNG.mu2jJJJ29ZMa"
"s3://hcp-openaccess/HCP_1200/506234/MNINonLinear/Results/tfMRI_RELATIONAL/tfMRI_RELATIONAL_hp200_s12_level2.feat/GrayordinatesStats/cope2.feat/tdof_t1.dtseries.nii","506234","MNINonLinear//Results/tfMRI_RELATIONAL/tfMRI_RELATIONAL_hp200_s12_level2.feat/GrayordinatesStats/cope2.feat/tdof_t1.dtseries.nii","9sqaVPTjtd3RjzB9KfhscM8aFwoteAqA"
"s3://hcp-openaccess/HCP_1200/506234/MNINonLinear/Results/tfMRI_RELATIONAL/tfMRI_RELATIONAL_hp200_s12_level2.feat/GrayordinatesStats/cope2.feat/tstat1.dtseries.nii","506234","MNINonLinear//Results/tfMRI_RELATIONAL/tfMRI_RELATIONAL_hp200_s12_level2.feat/GrayordinatesStats/cope2.feat/tstat1.dtseries.nii","FWiiD0hcXEfNrNKQaHKxke8axwM6BbWz"
"s3://hcp-openaccess/HCP_1200/506234/MNINonLinear/Results/tfMRI_RELATIONAL/tfMRI_RELATIONAL_hp200_s12_level2.feat/GrayordinatesStats/cope2.feat/varcope1.dtseries.nii","506234","MNINonLinear//Results/tfMRI_RELATIONAL/tfMRI_RELATIONAL_hp200_s12_level2.feat/GrayordinatesStats/cope2.feat/varcope1.dtseries.nii","Pvd0BTiaiydgWeOKkxItxh8NoLS9v7Ap"
"s3://hcp-openaccess/HCP_1200/506234/MNINonLinear/Results/tfMRI_RELATIONAL/tfMRI_RELATIONAL_hp200_s12_level2.feat/GrayordinatesStats/cope2.feat/weights1.dtseries.nii","506234","MNINonLinear//Results/tfMRI_RELATIONAL/tfMRI_RELATIONAL_hp200_s12_level2.feat/GrayordinatesStats/cope2.feat/weights1.dtseries.nii","aadAvKeGVDB90LIgC4KHs4sE7xY40QKS"
"s3://hcp-openaccess/HCP_1200/506234/MNINonLinear/Results/tfMRI_RELATIONAL/tfMRI_RELATIONAL_hp200_s12_level2.feat/GrayordinatesStats/cope2.feat/zflame1lowertstat1.dtseries.nii","506234","MNINonLinear//Results/tfMRI_RELATIONAL/tfMRI_RELATIONAL_hp200_s12_level2.feat/GrayordinatesStats/cope2.feat/zflame1lowertstat1.dtseries.nii","LaxkXmn4jnUi1ngRLw8EsnqfO9_2G9Zi"
"s3://hcp-openaccess/HCP_1200/506234/MNINonLinear/Results/tfMRI_RELATIONAL/tfMRI_RELATIONAL_hp200_s12_level2.feat/GrayordinatesStats/cope2.feat/zflame1uppertstat1.dtseries.nii","506234","MNINonLinear//Results/tfMRI_RELATIONAL/tfMRI_RELATIONAL_hp200_s12_level2.feat/GrayordinatesStats/cope2.feat/zflame1uppertstat1.dtseries.nii","SICRS2Z31__lLBwiFbdXRn2wagZ3v24l"
"s3://hcp-openaccess/HCP_1200/506234/MNINonLinear/Results/tfMRI_RELATIONAL/tfMRI_RELATIONAL_hp200_s12_level2.feat/GrayordinatesStats/cope2.feat/zstat1.dtseries.nii","506234","MNINonLinear//Results/tfMRI_RELATIONAL/tfMRI_RELATIONAL_hp200_s12_level2.feat/GrayordinatesStats/cope2.feat/zstat1.dtseries.nii","TC1cW41Ixw3RWCEiMN5mklUJOllpfnFT"
"s3://hcp-openaccess/HCP_1200/506234/MNINonLinear/Results/tfMRI_RELATIONAL/tfMRI_RELATIONAL_hp200_s12_level2.feat/GrayordinatesStats/cope3.feat/cope1.dtseries.nii","506234","MNINonLinear//Results/tfMRI_RELATIONAL/tfMRI_RELATIONAL_hp200_s12_level2.feat/GrayordinatesStats/cope3.feat/cope1.dtseries.nii","SDn2fiyR6R7joCo.78yntfiQy4Xt6rmW"
"s3://hcp-openaccess/HCP_1200/506234/MNINonLinear/Results/tfMRI_RELATIONAL/tfMRI_RELATIONAL_hp200_s12_level2.feat/GrayordinatesStats/cope3.feat/logfile","506234","MNINonLinear//Results/tfMRI_RELATIONAL/tfMRI_RELATIONAL_hp200_s12_level2.feat/GrayordinatesStats/cope3.feat/logfile","Pc5a_UZv1Sp_ydO4us4q2b71sh2oi9AO"
"s3://hcp-openaccess/HCP_1200/506234/MNINonLinear/Results/tfMRI_RELATIONAL/tfMRI_RELATIONAL_hp200_s12_level2.feat/GrayordinatesStats/cope3.feat/mask.dtseries.nii","506234","MNINonLinear//Results/tfMRI_RELATIONAL/tfMRI_RELATIONAL_hp200_s12_level2.feat/GrayordinatesStats/cope3.feat/mask.dtseries.nii","Og_7JjXyYTr0nyHyCNP6QUYNkrac6sQX"
"s3://hcp-openaccess/HCP_1200/506234/MNINonLinear/Results/tfMRI_RELATIONAL/tfMRI_RELATIONAL_hp200_s12_level2.feat/GrayordinatesStats/cope3.feat/mean_random_effects_var1.dtseries.nii","506234","MNINonLinear//Results/tfMRI_RELATIONAL/tfMRI_RELATIONAL_hp200_s12_level2.feat/GrayordinatesStats/cope3.feat/mean_random_effects_var1.dtseries.nii","iFVtX0hGEKxggLD0TjBb0jPNwYiKbssm"
"s3://hcp-openaccess/HCP_1200/506234/MNINonLinear/Results/tfMRI_RELATIONAL/tfMRI_RELATIONAL_hp200_s12_level2.feat/GrayordinatesStats/cope3.feat/pe1.dtseries.nii","506234","MNINonLinear//Results/tfMRI_RELATIONAL/tfMRI_RELATIONAL_hp200_s12_level2.feat/GrayordinatesStats/cope3.feat/pe1.dtseries.nii","hqK94cK6C_pjqeqHriCgfY1YzDh.qq7f"
"s3://hcp-openaccess/HCP_1200/506234/MNINonLinear/Results/tfMRI_RELATIONAL/tfMRI_RELATIONAL_hp200_s12_level2.feat/GrayordinatesStats/cope3.feat/res4d.dtseries.nii","506234","MNINonLinear//Results/tfMRI_RELATIONAL/tfMRI_RELATIONAL_hp200_s12_level2.feat/GrayordinatesStats/cope3.feat/res4d.dtseries.nii",".bLPC0zGoIkKiMgsRZ4KXkm9FpZPL.qM"
"s3://hcp-openaccess/HCP_1200/506234/MNINonLinear/Results/tfMRI_RELATIONAL/tfMRI_RELATIONAL_hp200_s12_level2.feat/GrayordinatesStats/cope3.feat/tdof_t1.dtseries.nii","506234","MNINonLinear//Results/tfMRI_RELATIONAL/tfMRI_RELATIONAL_hp200_s12_level2.feat/GrayordinatesStats/cope3.feat/tdof_t1.dtseries.nii","o.KQ4Wt7GAlvlWGRxMJUsfTctTDMMhYe"
"s3://hcp-openaccess/HCP_1200/506234/MNINonLinear/Results/tfMRI_RELATIONAL/tfMRI_RELATIONAL_hp200_s12_level2.feat/GrayordinatesStats/cope3.feat/tstat1.dtseries.nii","506234","MNINonLinear//Results/tfMRI_RELATIONAL/tfMRI_RELATIONAL_hp200_s12_level2.feat/GrayordinatesStats/cope3.feat/tstat1.dtseries.nii","Jdt6W81N.35HEHOgc855rbFfzK4xL6wt"
"s3://hcp-openaccess/HCP_1200/506234/MNINonLinear/Results/tfMRI_RELATIONAL/tfMRI_RELATIONAL_hp200_s12_level2.feat/GrayordinatesStats/cope3.feat/varcope1.dtseries.nii","506234","MNINonLinear//Results/tfMRI_RELATIONAL/tfMRI_RELATIONAL_hp200_s12_level2.feat/GrayordinatesStats/cope3.feat/varcope1.dtseries.nii","ohN5Kywh9p3.8YB6rmDOuRzzKRpa6.9T"
"s3://hcp-openaccess/HCP_1200/506234/MNINonLinear/Results/tfMRI_RELATIONAL/tfMRI_RELATIONAL_hp200_s12_level2.feat/GrayordinatesStats/cope3.feat/weights1.dtseries.nii","506234","MNINonLinear//Results/tfMRI_RELATIONAL/tfMRI_RELATIONAL_hp200_s12_level2.feat/GrayordinatesStats/cope3.feat/weights1.dtseries.nii","8o4AiS4kQOS.cdWdPTLLkNk1nEjWvnVO"
"s3://hcp-openaccess/HCP_1200/506234/MNINonLinear/Results/tfMRI_RELATIONAL/tfMRI_RELATIONAL_hp200_s12_level2.feat/GrayordinatesStats/cope3.feat/zflame1lowertstat1.dtseries.nii","506234","MNINonLinear//Results/tfMRI_RELATIONAL/tfMRI_RELATIONAL_hp200_s12_level2.feat/GrayordinatesStats/cope3.feat/zflame1lowertstat1.dtseries.nii","_CH.Fnu0YBb1rWeYZ0cEuY6nsanB78MY"
"s3://hcp-openaccess/HCP_1200/506234/MNINonLinear/Results/tfMRI_RELATIONAL/tfMRI_RELATIONAL_hp200_s12_level2.feat/GrayordinatesStats/cope3.feat/zflame1uppertstat1.dtseries.nii","506234","MNINonLinear//Results/tfMRI_RELATIONAL/tfMRI_RELATIONAL_hp200_s12_level2.feat/GrayordinatesStats/cope3.feat/zflame1uppertstat1.dtseries.nii","VOrqiM9eq0cN0R7a1dB7L014J4geWpah"
"s3://hcp-openaccess/HCP_1200/506234/MNINonLinear/Results/tfMRI_RELATIONAL/tfMRI_RELATIONAL_hp200_s12_level2.feat/GrayordinatesStats/cope3.feat/zstat1.dtseries.nii","506234","MNINonLinear//Results/tfMRI_RELATIONAL/tfMRI_RELATIONAL_hp200_s12_level2.feat/GrayordinatesStats/cope3.feat/zstat1.dtseries.nii","Mlh_.dnYM7ZzyzdIDPnAVEtu8Ym72RoN"
"s3://hcp-openaccess/HCP_1200/506234/MNINonLinear/Results/tfMRI_RELATIONAL/tfMRI_RELATIONAL_hp200_s12_level2.feat/GrayordinatesStats/cope4.feat/cope1.dtseries.nii","506234","MNINonLinear//Results/tfMRI_RELATIONAL/tfMRI_RELATIONAL_hp200_s12_level2.feat/GrayordinatesStats/cope4.feat/cope1.dtseries.nii","12Wy5Y2BC6U9tG1GI5HfaZW957qLw_mb"
"s3://hcp-openaccess/HCP_1200/506234/MNINonLinear/Results/tfMRI_RELATIONAL/tfMRI_RELATIONAL_hp200_s12_level2.feat/GrayordinatesStats/cope4.feat/logfile","506234","MNINonLinear//Results/tfMRI_RELATIONAL/tfMRI_RELATIONAL_hp200_s12_level2.feat/GrayordinatesStats/cope4.feat/logfile","O6tc7BItqDyvgEsGP2ltwBjgQEIbkRvk"
"s3://hcp-openaccess/HCP_1200/506234/MNINonLinear/Results/tfMRI_RELATIONAL/tfMRI_RELATIONAL_hp200_s12_level2.feat/GrayordinatesStats/cope4.feat/mask.dtseries.nii","506234","MNINonLinear//Results/tfMRI_RELATIONAL/tfMRI_RELATIONAL_hp200_s12_level2.feat/GrayordinatesStats/cope4.feat/mask.dtseries.nii","IkG6McHA6pB6I7lE9_2kqJmXd5PtwzgE"
"s3://hcp-openaccess/HCP_1200/506234/MNINonLinear/Results/tfMRI_RELATIONAL/tfMRI_RELATIONAL_hp200_s12_level2.feat/GrayordinatesStats/cope4.feat/mean_random_effects_var1.dtseries.nii","506234","MNINonLinear//Results/tfMRI_RELATIONAL/tfMRI_RELATIONAL_hp200_s12_level2.feat/GrayordinatesStats/cope4.feat/mean_random_effects_var1.dtseries.nii","HmMV.wYegUm.Vqv2COQQncm_QaruX8Wn"
"s3://hcp-openaccess/HCP_1200/506234/MNINonLinear/Results/tfMRI_RELATIONAL/tfMRI_RELATIONAL_hp200_s12_level2.feat/GrayordinatesStats/cope4.feat/pe1.dtseries.nii","506234","MNINonLinear//Results/tfMRI_RELATIONAL/tfMRI_RELATIONAL_hp200_s12_level2.feat/GrayordinatesStats/cope4.feat/pe1.dtseries.nii","PCE.oeALAzFbq85m6CAv183ucIWHdvMM"
"s3://hcp-openaccess/HCP_1200/506234/MNINonLinear/Results/tfMRI_RELATIONAL/tfMRI_RELATIONAL_hp200_s12_level2.feat/GrayordinatesStats/cope4.feat/res4d.dtseries.nii","506234","MNINonLinear//Results/tfMRI_RELATIONAL/tfMRI_RELATIONAL_hp200_s12_level2.feat/GrayordinatesStats/cope4.feat/res4d.dtseries.nii","QXmYVbg1pYxwTi.bKC7Zmw8J17o.wcYx"
"s3://hcp-openaccess/HCP_1200/506234/MNINonLinear/Results/tfMRI_RELATIONAL/tfMRI_RELATIONAL_hp200_s12_level2.feat/GrayordinatesStats/cope4.feat/tdof_t1.dtseries.nii","506234","MNINonLinear//Results/tfMRI_RELATIONAL/tfMRI_RELATIONAL_hp200_s12_level2.feat/GrayordinatesStats/cope4.feat/tdof_t1.dtseries.nii","clsBCprmUcI_Ca2z_Sc9H6hdyQ3h0tV6"
"s3://hcp-openaccess/HCP_1200/506234/MNINonLinear/Results/tfMRI_RELATIONAL/tfMRI_RELATIONAL_hp200_s12_level2.feat/GrayordinatesStats/cope4.feat/tstat1.dtseries.nii","506234","MNINonLinear//Results/tfMRI_RELATIONAL/tfMRI_RELATIONAL_hp200_s12_level2.feat/GrayordinatesStats/cope4.feat/tstat1.dtseries.nii","QQFCQAzJj9RJBDoy3JyfL4186.WXbfKZ"
"s3://hcp-openaccess/HCP_1200/506234/MNINonLinear/Results/tfMRI_RELATIONAL/tfMRI_RELATIONAL_hp200_s12_level2.feat/GrayordinatesStats/cope4.feat/varcope1.dtseries.nii","506234","MNINonLinear//Results/tfMRI_RELATIONAL/tfMRI_RELATIONAL_hp200_s12_level2.feat/GrayordinatesStats/cope4.feat/varcope1.dtseries.nii","ODHSIv.rhgKxjThv21WhVMIN64LLqGVg"
"s3://hcp-openaccess/HCP_1200/506234/MNINonLinear/Results/tfMRI_RELATIONAL/tfMRI_RELATIONAL_hp200_s12_level2.feat/GrayordinatesStats/cope4.feat/weights1.dtseries.nii","506234","MNINonLinear//Results/tfMRI_RELATIONAL/tfMRI_RELATIONAL_hp200_s12_level2.feat/GrayordinatesStats/cope4.feat/weights1.dtseries.nii","C2HdHbL.X4tCVh_1pvwokcasvr5yiUF0"
"s3://hcp-openaccess/HCP_1200/506234/MNINonLinear/Results/tfMRI_RELATIONAL/tfMRI_RELATIONAL_hp200_s12_level2.feat/GrayordinatesStats/cope4.feat/zflame1lowertstat1.dtseries.nii","506234","MNINonLinear//Results/tfMRI_RELATIONAL/tfMRI_RELATIONAL_hp200_s12_level2.feat/GrayordinatesStats/cope4.feat/zflame1lowertstat1.dtseries.nii","UfdHQSYJmJcC51CAyaSl.IXZE.nF1z6t"
"s3://hcp-openaccess/HCP_1200/506234/MNINonLinear/Results/tfMRI_RELATIONAL/tfMRI_RELATIONAL_hp200_s12_level2.feat/GrayordinatesStats/cope4.feat/zflame1uppertstat1.dtseries.nii","506234","MNINonLinear//Results/tfMRI_RELATIONAL/tfMRI_RELATIONAL_hp200_s12_level2.feat/GrayordinatesStats/cope4.feat/zflame1uppertstat1.dtseries.nii","qwi4z5nsAXDTChhm9yhDpUUD0elNtN.K"
"s3://hcp-openaccess/HCP_1200/506234/MNINonLinear/Results/tfMRI_RELATIONAL/tfMRI_RELATIONAL_hp200_s12_level2.feat/GrayordinatesStats/cope4.feat/zstat1.dtseries.nii","506234","MNINonLinear//Results/tfMRI_RELATIONAL/tfMRI_RELATIONAL_hp200_s12_level2.feat/GrayordinatesStats/cope4.feat/zstat1.dtseries.nii","R2B4XUSeJ0ttrm00RpYqcy31y2QPaorg"
"s3://hcp-openaccess/HCP_1200/506234/MNINonLinear/Results/tfMRI_RELATIONAL/tfMRI_RELATIONAL_hp200_s12_level2.feat/GrayordinatesStats/cope5.feat/cope1.dtseries.nii","506234","MNINonLinear//Results/tfMRI_RELATIONAL/tfMRI_RELATIONAL_hp200_s12_level2.feat/GrayordinatesStats/cope5.feat/cope1.dtseries.nii","kL7gQ6bLi4XfsvEYg3dKE9JFKoAhZ_KH"
"s3://hcp-openaccess/HCP_1200/506234/MNINonLinear/Results/tfMRI_RELATIONAL/tfMRI_RELATIONAL_hp200_s12_level2.feat/GrayordinatesStats/cope5.feat/logfile","506234","MNINonLinear//Results/tfMRI_RELATIONAL/tfMRI_RELATIONAL_hp200_s12_level2.feat/GrayordinatesStats/cope5.feat/logfile","gkIXXqlVdAj2C0mg4MoOTknBy25zSFZ7"
"s3://hcp-openaccess/HCP_1200/506234/MNINonLinear/Results/tfMRI_RELATIONAL/tfMRI_RELATIONAL_hp200_s12_level2.feat/GrayordinatesStats/cope5.feat/mask.dtseries.nii","506234","MNINonLinear//Results/tfMRI_RELATIONAL/tfMRI_RELATIONAL_hp200_s12_level2.feat/GrayordinatesStats/cope5.feat/mask.dtseries.nii","SR1u2MA7D9Bo06amDWxt7YeEAGT2M8n6"
"s3://hcp-openaccess/HCP_1200/506234/MNINonLinear/Results/tfMRI_RELATIONAL/tfMRI_RELATIONAL_hp200_s12_level2.feat/GrayordinatesStats/cope5.feat/mean_random_effects_var1.dtseries.nii","506234","MNINonLinear//Results/tfMRI_RELATIONAL/tfMRI_RELATIONAL_hp200_s12_level2.feat/GrayordinatesStats/cope5.feat/mean_random_effects_var1.dtseries.nii","Z5CPHn4D6tK4_8s5ZfuI7IsWcehieM7l"
"s3://hcp-openaccess/HCP_1200/506234/MNINonLinear/Results/tfMRI_RELATIONAL/tfMRI_RELATIONAL_hp200_s12_level2.feat/GrayordinatesStats/cope5.feat/pe1.dtseries.nii","506234","MNINonLinear//Results/tfMRI_RELATIONAL/tfMRI_RELATIONAL_hp200_s12_level2.feat/GrayordinatesStats/cope5.feat/pe1.dtseries.nii","yGm9KPo7Tgf7tvg1g2kscrobpF13cCDv"
"s3://hcp-openaccess/HCP_1200/506234/MNINonLinear/Results/tfMRI_RELATIONAL/tfMRI_RELATIONAL_hp200_s12_level2.feat/GrayordinatesStats/cope5.feat/res4d.dtseries.nii","506234","MNINonLinear//Results/tfMRI_RELATIONAL/tfMRI_RELATIONAL_hp200_s12_level2.feat/GrayordinatesStats/cope5.feat/res4d.dtseries.nii","Dbug6yD6WYWwgYW6rX49UGWtuqUoz_yZ"
"s3://hcp-openaccess/HCP_1200/506234/MNINonLinear/Results/tfMRI_RELATIONAL/tfMRI_RELATIONAL_hp200_s12_level2.feat/GrayordinatesStats/cope5.feat/tdof_t1.dtseries.nii","506234","MNINonLinear//Results/tfMRI_RELATIONAL/tfMRI_RELATIONAL_hp200_s12_level2.feat/GrayordinatesStats/cope5.feat/tdof_t1.dtseries.nii","z0ich7N_30F_plQUg3kA1XV2Kyx5cS4Z"
"s3://hcp-openaccess/HCP_1200/506234/MNINonLinear/Results/tfMRI_RELATIONAL/tfMRI_RELATIONAL_hp200_s12_level2.feat/GrayordinatesStats/cope5.feat/tstat1.dtseries.nii","506234","MNINonLinear//Results/tfMRI_RELATIONAL/tfMRI_RELATIONAL_hp200_s12_level2.feat/GrayordinatesStats/cope5.feat/tstat1.dtseries.nii","sNEJPyW99MCKi1xUeynzLdJP1TCjdKeI"
"s3://hcp-openaccess/HCP_1200/506234/MNINonLinear/Results/tfMRI_RELATIONAL/tfMRI_RELATIONAL_hp200_s12_level2.feat/GrayordinatesStats/cope5.feat/varcope1.dtseries.nii","506234","MNINonLinear//Results/tfMRI_RELATIONAL/tfMRI_RELATIONAL_hp200_s12_level2.feat/GrayordinatesStats/cope5.feat/varcope1.dtseries.nii",".dHvcVMbogokslYANC1QsDkEMJrDa.Pk"
"s3://hcp-openaccess/HCP_1200/506234/MNINonLinear/Results/tfMRI_RELATIONAL/tfMRI_RELATIONAL_hp200_s12_level2.feat/GrayordinatesStats/cope5.feat/weights1.dtseries.nii","506234","MNINonLinear//Results/tfMRI_RELATIONAL/tfMRI_RELATIONAL_hp200_s12_level2.feat/GrayordinatesStats/cope5.feat/weights1.dtseries.nii","AosW56HF8BO5YGrBRDQno1.AuBqeygSH"
"s3://hcp-openaccess/HCP_1200/506234/MNINonLinear/Results/tfMRI_RELATIONAL/tfMRI_RELATIONAL_hp200_s12_level2.feat/GrayordinatesStats/cope5.feat/zflame1lowertstat1.dtseries.nii","506234","MNINonLinear//Results/tfMRI_RELATIONAL/tfMRI_RELATIONAL_hp200_s12_level2.feat/GrayordinatesStats/cope5.feat/zflame1lowertstat1.dtseries.nii","eaGfbIWkrxTEXu0C4XJgiodoP9BkjojF"
"s3://hcp-openaccess/HCP_1200/506234/MNINonLinear/Results/tfMRI_RELATIONAL/tfMRI_RELATIONAL_hp200_s12_level2.feat/GrayordinatesStats/cope5.feat/zflame1uppertstat1.dtseries.nii","506234","MNINonLinear//Results/tfMRI_RELATIONAL/tfMRI_RELATIONAL_hp200_s12_level2.feat/GrayordinatesStats/cope5.feat/zflame1uppertstat1.dtseries.nii","hoHioOax5UV1Ztd1RUjmvIcj8614_OM."
"s3://hcp-openaccess/HCP_1200/506234/MNINonLinear/Results/tfMRI_RELATIONAL/tfMRI_RELATIONAL_hp200_s12_level2.feat/GrayordinatesStats/cope5.feat/zstat1.dtseries.nii","506234","MNINonLinear//Results/tfMRI_RELATIONAL/tfMRI_RELATIONAL_hp200_s12_level2.feat/GrayordinatesStats/cope5.feat/zstat1.dtseries.nii","yXzUiktalXFWAjLN4O1PvwSJtUmjkbvt"
"s3://hcp-openaccess/HCP_1200/506234/MNINonLinear/Results/tfMRI_RELATIONAL/tfMRI_RELATIONAL_hp200_s12_level2.feat/GrayordinatesStats/cope6.feat/cope1.dtseries.nii","506234","MNINonLinear//Results/tfMRI_RELATIONAL/tfMRI_RELATIONAL_hp200_s12_level2.feat/GrayordinatesStats/cope6.feat/cope1.dtseries.nii","c8Bc8dwAUWlI9irtjuFjTj3EkQxu56Kg"
"s3://hcp-openaccess/HCP_1200/506234/MNINonLinear/Results/tfMRI_RELATIONAL/tfMRI_RELATIONAL_hp200_s12_level2.feat/GrayordinatesStats/cope6.feat/logfile","506234","MNINonLinear//Results/tfMRI_RELATIONAL/tfMRI_RELATIONAL_hp200_s12_level2.feat/GrayordinatesStats/cope6.feat/logfile","t8GLs75wFRLyC3QcKMmQM6QszF5XIaY8"
"s3://hcp-openaccess/HCP_1200/506234/MNINonLinear/Results/tfMRI_RELATIONAL/tfMRI_RELATIONAL_hp200_s12_level2.feat/GrayordinatesStats/cope6.feat/mask.dtseries.nii","506234","MNINonLinear//Results/tfMRI_RELATIONAL/tfMRI_RELATIONAL_hp200_s12_level2.feat/GrayordinatesStats/cope6.feat/mask.dtseries.nii","PxdaJE_7WOWENs1UOzrgTE9qvJ3FHkup"
"s3://hcp-openaccess/HCP_1200/506234/MNINonLinear/Results/tfMRI_RELATIONAL/tfMRI_RELATIONAL_hp200_s12_level2.feat/GrayordinatesStats/cope6.feat/mean_random_effects_var1.dtseries.nii","506234","MNINonLinear//Results/tfMRI_RELATIONAL/tfMRI_RELATIONAL_hp200_s12_level2.feat/GrayordinatesStats/cope6.feat/mean_random_effects_var1.dtseries.nii","d_1rfe2UfIQqc3p5Jim9CrIvJeLZFK_U"
"s3://hcp-openaccess/HCP_1200/506234/MNINonLinear/Results/tfMRI_RELATIONAL/tfMRI_RELATIONAL_hp200_s12_level2.feat/GrayordinatesStats/cope6.feat/pe1.dtseries.nii","506234","MNINonLinear//Results/tfMRI_RELATIONAL/tfMRI_RELATIONAL_hp200_s12_level2.feat/GrayordinatesStats/cope6.feat/pe1.dtseries.nii","r_FSlzCW5PX4SSaRpeenuwuHm68uH2ib"
"s3://hcp-openaccess/HCP_1200/506234/MNINonLinear/Results/tfMRI_RELATIONAL/tfMRI_RELATIONAL_hp200_s12_level2.feat/GrayordinatesStats/cope6.feat/res4d.dtseries.nii","506234","MNINonLinear//Results/tfMRI_RELATIONAL/tfMRI_RELATIONAL_hp200_s12_level2.feat/GrayordinatesStats/cope6.feat/res4d.dtseries.nii","FVanXnR1Qi6mB24cxc7.Twm3OZ58Xe25"
"s3://hcp-openaccess/HCP_1200/506234/MNINonLinear/Results/tfMRI_RELATIONAL/tfMRI_RELATIONAL_hp200_s12_level2.feat/GrayordinatesStats/cope6.feat/tdof_t1.dtseries.nii","506234","MNINonLinear//Results/tfMRI_RELATIONAL/tfMRI_RELATIONAL_hp200_s12_level2.feat/GrayordinatesStats/cope6.feat/tdof_t1.dtseries.nii","voD9leyQsheaWuxvOigRNW985fa28VZo"
"s3://hcp-openaccess/HCP_1200/506234/MNINonLinear/Results/tfMRI_RELATIONAL/tfMRI_RELATIONAL_hp200_s12_level2.feat/GrayordinatesStats/cope6.feat/tstat1.dtseries.nii","506234","MNINonLinear//Results/tfMRI_RELATIONAL/tfMRI_RELATIONAL_hp200_s12_level2.feat/GrayordinatesStats/cope6.feat/tstat1.dtseries.nii","8rAXUFUM_0u_d_KWe8X0OabzJtFmOBeF"
"s3://hcp-openaccess/HCP_1200/506234/MNINonLinear/Results/tfMRI_RELATIONAL/tfMRI_RELATIONAL_hp200_s12_level2.feat/GrayordinatesStats/cope6.feat/varcope1.dtseries.nii","506234","MNINonLinear//Results/tfMRI_RELATIONAL/tfMRI_RELATIONAL_hp200_s12_level2.feat/GrayordinatesStats/cope6.feat/varcope1.dtseries.nii","z1XOzittR7NGZuueig0MwUN6fTCdOoxA"
"s3://hcp-openaccess/HCP_1200/506234/MNINonLinear/Results/tfMRI_RELATIONAL/tfMRI_RELATIONAL_hp200_s12_level2.feat/GrayordinatesStats/cope6.feat/weights1.dtseries.nii","506234","MNINonLinear//Results/tfMRI_RELATIONAL/tfMRI_RELATIONAL_hp200_s12_level2.feat/GrayordinatesStats/cope6.feat/weights1.dtseries.nii","cMqX3DMRtnWTYGhYnky4hF6TQIhJLysZ"
"s3://hcp-openaccess/HCP_1200/506234/MNINonLinear/Results/tfMRI_RELATIONAL/tfMRI_RELATIONAL_hp200_s12_level2.feat/GrayordinatesStats/cope6.feat/zflame1lowertstat1.dtseries.nii","506234","MNINonLinear//Results/tfMRI_RELATIONAL/tfMRI_RELATIONAL_hp200_s12_level2.feat/GrayordinatesStats/cope6.feat/zflame1lowertstat1.dtseries.nii","LQ45Pl4YRIl0TASUvfEbMdi4V0Fyyjo8"
"s3://hcp-openaccess/HCP_1200/506234/MNINonLinear/Results/tfMRI_RELATIONAL/tfMRI_RELATIONAL_hp200_s12_level2.feat/GrayordinatesStats/cope6.feat/zflame1uppertstat1.dtseries.nii","506234","MNINonLinear//Results/tfMRI_RELATIONAL/tfMRI_RELATIONAL_hp200_s12_level2.feat/GrayordinatesStats/cope6.feat/zflame1uppertstat1.dtseries.nii","3uoCMbTchAK6JmiUlGJS1a1yUGqCK.Rg"
"s3://hcp-openaccess/HCP_1200/506234/MNINonLinear/Results/tfMRI_RELATIONAL/tfMRI_RELATIONAL_hp200_s12_level2.feat/GrayordinatesStats/cope6.feat/zstat1.dtseries.nii","506234","MNINonLinear//Results/tfMRI_RELATIONAL/tfMRI_RELATIONAL_hp200_s12_level2.feat/GrayordinatesStats/cope6.feat/zstat1.dtseries.nii","kIHbKFpD4AITz9FXfH2wURaMKXboZoYo"
"s3://hcp-openaccess/HCP_1200/506234/MNINonLinear/Results/tfMRI_RELATIONAL/tfMRI_RELATIONAL_hp200_s12_level2.feat/design.con","506234","MNINonLinear//Results/tfMRI_RELATIONAL/tfMRI_RELATIONAL_hp200_s12_level2.feat/design.con","SzlR_aBasTUhWsha5gDahfUCHk_RjGfg"
"s3://hcp-openaccess/HCP_1200/506234/MNINonLinear/Results/tfMRI_RELATIONAL/tfMRI_RELATIONAL_hp200_s12_level2.feat/design.fsf","506234","MNINonLinear//Results/tfMRI_RELATIONAL/tfMRI_RELATIONAL_hp200_s12_level2.feat/design.fsf","PA1eVOChaH2TuqRTkwBJ63N76yC.xtFK"
"s3://hcp-openaccess/HCP_1200/506234/MNINonLinear/Results/tfMRI_RELATIONAL/tfMRI_RELATIONAL_hp200_s12_level2.feat/design.grp","506234","MNINonLinear//Results/tfMRI_RELATIONAL/tfMRI_RELATIONAL_hp200_s12_level2.feat/design.grp","GMU7sKMUDm2OVwvX2gLErt.f6ucKWL8z"
"s3://hcp-openaccess/HCP_1200/506234/MNINonLinear/Results/tfMRI_RELATIONAL/tfMRI_RELATIONAL_hp200_s12_level2.feat/design.mat","506234","MNINonLinear//Results/tfMRI_RELATIONAL/tfMRI_RELATIONAL_hp200_s12_level2.feat/design.mat","fKCnc7ec5AAxfLZLVRzv1vD3CAACDvG1"
"s3://hcp-openaccess/HCP_1200/506234/MNINonLinear/Results/tfMRI_RELATIONAL/tfMRI_RELATIONAL_hp200_s12_level2.feat/design.png","506234","MNINonLinear//Results/tfMRI_RELATIONAL/tfMRI_RELATIONAL_hp200_s12_level2.feat/design.png","TuVdorVqdBm05ULpoDNhcSSMg9kWEbYG"
"s3://hcp-openaccess/HCP_1200/506234/MNINonLinear/Results/tfMRI_RELATIONAL/tfMRI_RELATIONAL_hp200_s12_level2.feat/design.ppm","506234","MNINonLinear//Results/tfMRI_RELATIONAL/tfMRI_RELATIONAL_hp200_s12_level2.feat/design.ppm","0EIsBQlcyyvhg7_.INQRjwV2F.W7bTZC"
"s3://hcp-openaccess/HCP_1200/506234/MNINonLinear/Results/tfMRI_RELATIONAL/tfMRI_RELATIONAL_hp200_s12_level2.feat/design_cov.png","506234","MNINonLinear//Results/tfMRI_RELATIONAL/tfMRI_RELATIONAL_hp200_s12_level2.feat/design_cov.png","5QYPwEcr3YH.f0kNKwiiPnB03ohaCzQN"
"s3://hcp-openaccess/HCP_1200/506234/MNINonLinear/Results/tfMRI_RELATIONAL/tfMRI_RELATIONAL_hp200_s12_level2.feat/design_cov.ppm","506234","MNINonLinear//Results/tfMRI_RELATIONAL/tfMRI_RELATIONAL_hp200_s12_level2.feat/design_cov.ppm","M8lwBLRQ5_.iSHWJZDWK5UudCuJJiwyu"
"s3://hcp-openaccess/HCP_1200/506234/MNINonLinear/Results/tfMRI_RELATIONAL/tfMRI_RELATIONAL_hp200_s2_level2.feat/506234_tfMRI_RELATIONAL_level2_hp200_s2.dscalar.nii","506234","MNINonLinear//Results/tfMRI_RELATIONAL/tfMRI_RELATIONAL_hp200_s2_level2.feat/506234_tfMRI_RELATIONAL_level2_hp200_s2.dscalar.nii","jgchvWoJu36.j6iOtmcXsFsmjRv4ybAi"
"s3://hcp-openaccess/HCP_1200/506234/MNINonLinear/Results/tfMRI_RELATIONAL/tfMRI_RELATIONAL_hp200_s2_level2.feat/Contrasts.txt","506234","MNINonLinear//Results/tfMRI_RELATIONAL/tfMRI_RELATIONAL_hp200_s2_level2.feat/Contrasts.txt","D1T_T9Rs7h0I8MIsMIjn1HLu_WE6_TuT"
"s3://hcp-openaccess/HCP_1200/506234/MNINonLinear/Results/tfMRI_RELATIONAL/tfMRI_RELATIONAL_hp200_s2_level2.feat/GrayordinatesStats/cope1.feat/cope1.dtseries.nii","506234","MNINonLinear//Results/tfMRI_RELATIONAL/tfMRI_RELATIONAL_hp200_s2_level2.feat/GrayordinatesStats/cope1.feat/cope1.dtseries.nii","ItHNWQGcAxk2_AkhErOGlcDEXESFBM7A"
"s3://hcp-openaccess/HCP_1200/506234/MNINonLinear/Results/tfMRI_RELATIONAL/tfMRI_RELATIONAL_hp200_s2_level2.feat/GrayordinatesStats/cope1.feat/logfile","506234","MNINonLinear//Results/tfMRI_RELATIONAL/tfMRI_RELATIONAL_hp200_s2_level2.feat/GrayordinatesStats/cope1.feat/logfile","BOQ5WZ5s2lao5cxC.EoalIhJebTfPqdg"
"s3://hcp-openaccess/HCP_1200/506234/MNINonLinear/Results/tfMRI_RELATIONAL/tfMRI_RELATIONAL_hp200_s2_level2.feat/GrayordinatesStats/cope1.feat/mask.dtseries.nii","506234","MNINonLinear//Results/tfMRI_RELATIONAL/tfMRI_RELATIONAL_hp200_s2_level2.feat/GrayordinatesStats/cope1.feat/mask.dtseries.nii","uNY7Lml9mPjSqU1bMzarLfMEsDHGnPz3"
"s3://hcp-openaccess/HCP_1200/506234/MNINonLinear/Results/tfMRI_RELATIONAL/tfMRI_RELATIONAL_hp200_s2_level2.feat/GrayordinatesStats/cope1.feat/mean_random_effects_var1.dtseries.nii","506234","MNINonLinear//Results/tfMRI_RELATIONAL/tfMRI_RELATIONAL_hp200_s2_level2.feat/GrayordinatesStats/cope1.feat/mean_random_effects_var1.dtseries.nii","VmSY5zghwKc5iu4aHOYXUneLhlRye8Lg"
"s3://hcp-openaccess/HCP_1200/506234/MNINonLinear/Results/tfMRI_RELATIONAL/tfMRI_RELATIONAL_hp200_s2_level2.feat/GrayordinatesStats/cope1.feat/pe1.dtseries.nii","506234","MNINonLinear//Results/tfMRI_RELATIONAL/tfMRI_RELATIONAL_hp200_s2_level2.feat/GrayordinatesStats/cope1.feat/pe1.dtseries.nii","H26wcDcbAbCUrI_Av5LcSgLB4U8T4dFI"
"s3://hcp-openaccess/HCP_1200/506234/MNINonLinear/Results/tfMRI_RELATIONAL/tfMRI_RELATIONAL_hp200_s2_level2.feat/GrayordinatesStats/cope1.feat/res4d.dtseries.nii","506234","MNINonLinear//Results/tfMRI_RELATIONAL/tfMRI_RELATIONAL_hp200_s2_level2.feat/GrayordinatesStats/cope1.feat/res4d.dtseries.nii","p1KHQp.Urt1_.8dNLvpHFJYXM2fYDLFD"
"s3://hcp-openaccess/HCP_1200/506234/MNINonLinear/Results/tfMRI_RELATIONAL/tfMRI_RELATIONAL_hp200_s2_level2.feat/GrayordinatesStats/cope1.feat/tdof_t1.dtseries.nii","506234","MNINonLinear//Results/tfMRI_RELATIONAL/tfMRI_RELATIONAL_hp200_s2_level2.feat/GrayordinatesStats/cope1.feat/tdof_t1.dtseries.nii","pXjLs0J80fPzw7yR9cJvg10GJJuTLLO6"
"s3://hcp-openaccess/HCP_1200/506234/MNINonLinear/Results/tfMRI_RELATIONAL/tfMRI_RELATIONAL_hp200_s2_level2.feat/GrayordinatesStats/cope1.feat/tstat1.dtseries.nii","506234","MNINonLinear//Results/tfMRI_RELATIONAL/tfMRI_RELATIONAL_hp200_s2_level2.feat/GrayordinatesStats/cope1.feat/tstat1.dtseries.nii","pBNu28HPuXOQs9YAl69qR2HBANWcchHf"
"s3://hcp-openaccess/HCP_1200/506234/MNINonLinear/Results/tfMRI_RELATIONAL/tfMRI_RELATIONAL_hp200_s2_level2.feat/GrayordinatesStats/cope1.feat/varcope1.dtseries.nii","506234","MNINonLinear//Results/tfMRI_RELATIONAL/tfMRI_RELATIONAL_hp200_s2_level2.feat/GrayordinatesStats/cope1.feat/varcope1.dtseries.nii","om7b0.YNYWkNH.czmqqA3FsU8AXNLkz2"
"s3://hcp-openaccess/HCP_1200/506234/MNINonLinear/Results/tfMRI_RELATIONAL/tfMRI_RELATIONAL_hp200_s2_level2.feat/GrayordinatesStats/cope1.feat/weights1.dtseries.nii","506234","MNINonLinear//Results/tfMRI_RELATIONAL/tfMRI_RELATIONAL_hp200_s2_level2.feat/GrayordinatesStats/cope1.feat/weights1.dtseries.nii","Q1v2pQrW.g.CHO9VTUeqjSXSCTVFWPgV"
"s3://hcp-openaccess/HCP_1200/506234/MNINonLinear/Results/tfMRI_RELATIONAL/tfMRI_RELATIONAL_hp200_s2_level2.feat/GrayordinatesStats/cope1.feat/zflame1lowertstat1.dtseries.nii","506234","MNINonLinear//Results/tfMRI_RELATIONAL/tfMRI_RELATIONAL_hp200_s2_level2.feat/GrayordinatesStats/cope1.feat/zflame1lowertstat1.dtseries.nii","_J7aAuIMVHYMCN9QD2vaslqGIhAOWBzJ"
"s3://hcp-openaccess/HCP_1200/506234/MNINonLinear/Results/tfMRI_RELATIONAL/tfMRI_RELATIONAL_hp200_s2_level2.feat/GrayordinatesStats/cope1.feat/zflame1uppertstat1.dtseries.nii","506234","MNINonLinear//Results/tfMRI_RELATIONAL/tfMRI_RELATIONAL_hp200_s2_level2.feat/GrayordinatesStats/cope1.feat/zflame1uppertstat1.dtseries.nii","9.CGjyxchrpxYjQHedzkOH3ey_uRLdN2"
"s3://hcp-openaccess/HCP_1200/506234/MNINonLinear/Results/tfMRI_RELATIONAL/tfMRI_RELATIONAL_hp200_s2_level2.feat/GrayordinatesStats/cope1.feat/zstat1.dtseries.nii","506234","MNINonLinear//Results/tfMRI_RELATIONAL/tfMRI_RELATIONAL_hp200_s2_level2.feat/GrayordinatesStats/cope1.feat/zstat1.dtseries.nii","zF1.eBpw2_dvSJSKx_4EromPX6LiEdoI"
"s3://hcp-openaccess/HCP_1200/506234/MNINonLinear/Results/tfMRI_RELATIONAL/tfMRI_RELATIONAL_hp200_s2_level2.feat/GrayordinatesStats/cope2.feat/cope1.dtseries.nii","506234","MNINonLinear//Results/tfMRI_RELATIONAL/tfMRI_RELATIONAL_hp200_s2_level2.feat/GrayordinatesStats/cope2.feat/cope1.dtseries.nii","RH2XFFj6US8QI7VhezoXDccYyqOTyIly"
"s3://hcp-openaccess/HCP_1200/506234/MNINonLinear/Results/tfMRI_RELATIONAL/tfMRI_RELATIONAL_hp200_s2_level2.feat/GrayordinatesStats/cope2.feat/logfile","506234","MNINonLinear//Results/tfMRI_RELATIONAL/tfMRI_RELATIONAL_hp200_s2_level2.feat/GrayordinatesStats/cope2.feat/logfile","QBSeJDCFwhbgcPlN8r9SH03eZpcRjyr_"
"s3://hcp-openaccess/HCP_1200/506234/MNINonLinear/Results/tfMRI_RELATIONAL/tfMRI_RELATIONAL_hp200_s2_level2.feat/GrayordinatesStats/cope2.feat/mask.dtseries.nii","506234","MNINonLinear//Results/tfMRI_RELATIONAL/tfMRI_RELATIONAL_hp200_s2_level2.feat/GrayordinatesStats/cope2.feat/mask.dtseries.nii","xHlcNYEIjsciJ9icp95X0LyNMtW.kyG6"
"s3://hcp-openaccess/HCP_1200/506234/MNINonLinear/Results/tfMRI_RELATIONAL/tfMRI_RELATIONAL_hp200_s2_level2.feat/GrayordinatesStats/cope2.feat/mean_random_effects_var1.dtseries.nii","506234","MNINonLinear//Results/tfMRI_RELATIONAL/tfMRI_RELATIONAL_hp200_s2_level2.feat/GrayordinatesStats/cope2.feat/mean_random_effects_var1.dtseries.nii","_KhgT5i8NhIx7Nx4zLflb2mjrLwcTNtR"
"s3://hcp-openaccess/HCP_1200/506234/MNINonLinear/Results/tfMRI_RELATIONAL/tfMRI_RELATIONAL_hp200_s2_level2.feat/GrayordinatesStats/cope2.feat/pe1.dtseries.nii","506234","MNINonLinear//Results/tfMRI_RELATIONAL/tfMRI_RELATIONAL_hp200_s2_level2.feat/GrayordinatesStats/cope2.feat/pe1.dtseries.nii","CQx8FBKCfimWP8BngR47trt7e91QioQv"
"s3://hcp-openaccess/HCP_1200/506234/MNINonLinear/Results/tfMRI_RELATIONAL/tfMRI_RELATIONAL_hp200_s2_level2.feat/GrayordinatesStats/cope2.feat/res4d.dtseries.nii","506234","MNINonLinear//Results/tfMRI_RELATIONAL/tfMRI_RELATIONAL_hp200_s2_level2.feat/GrayordinatesStats/cope2.feat/res4d.dtseries.nii","V_XE6biiwDZX0MJnksX8kiKQvwbpx7QG"
"s3://hcp-openaccess/HCP_1200/506234/MNINonLinear/Results/tfMRI_RELATIONAL/tfMRI_RELATIONAL_hp200_s2_level2.feat/GrayordinatesStats/cope2.feat/tdof_t1.dtseries.nii","506234","MNINonLinear//Results/tfMRI_RELATIONAL/tfMRI_RELATIONAL_hp200_s2_level2.feat/GrayordinatesStats/cope2.feat/tdof_t1.dtseries.nii","RWTlqJOGYvl0mQiYqeNWHGbeoBf5ta_L"
"s3://hcp-openaccess/HCP_1200/506234/MNINonLinear/Results/tfMRI_RELATIONAL/tfMRI_RELATIONAL_hp200_s2_level2.feat/GrayordinatesStats/cope2.feat/tstat1.dtseries.nii","506234","MNINonLinear//Results/tfMRI_RELATIONAL/tfMRI_RELATIONAL_hp200_s2_level2.feat/GrayordinatesStats/cope2.feat/tstat1.dtseries.nii","gOgXXYuK8LJbhgm4Jo7Wg.u_tSM4WB5A"
"s3://hcp-openaccess/HCP_1200/506234/MNINonLinear/Results/tfMRI_RELATIONAL/tfMRI_RELATIONAL_hp200_s2_level2.feat/GrayordinatesStats/cope2.feat/varcope1.dtseries.nii","506234","MNINonLinear//Results/tfMRI_RELATIONAL/tfMRI_RELATIONAL_hp200_s2_level2.feat/GrayordinatesStats/cope2.feat/varcope1.dtseries.nii","v5NAWzVn_CB9p37i54X2Y6Qzfct.cswy"
"s3://hcp-openaccess/HCP_1200/506234/MNINonLinear/Results/tfMRI_RELATIONAL/tfMRI_RELATIONAL_hp200_s2_level2.feat/GrayordinatesStats/cope2.feat/weights1.dtseries.nii","506234","MNINonLinear//Results/tfMRI_RELATIONAL/tfMRI_RELATIONAL_hp200_s2_level2.feat/GrayordinatesStats/cope2.feat/weights1.dtseries.nii","a534ztNnXuey5VGVcEyMso1PeZMFvrab"
"s3://hcp-openaccess/HCP_1200/506234/MNINonLinear/Results/tfMRI_RELATIONAL/tfMRI_RELATIONAL_hp200_s2_level2.feat/GrayordinatesStats/cope2.feat/zflame1lowertstat1.dtseries.nii","506234","MNINonLinear//Results/tfMRI_RELATIONAL/tfMRI_RELATIONAL_hp200_s2_level2.feat/GrayordinatesStats/cope2.feat/zflame1lowertstat1.dtseries.nii","odtuTCVz5Q9Ee3O5W.6yng2zknH1Wpg5"
"s3://hcp-openaccess/HCP_1200/506234/MNINonLinear/Results/tfMRI_RELATIONAL/tfMRI_RELATIONAL_hp200_s2_level2.feat/GrayordinatesStats/cope2.feat/zflame1uppertstat1.dtseries.nii","506234","MNINonLinear//Results/tfMRI_RELATIONAL/tfMRI_RELATIONAL_hp200_s2_level2.feat/GrayordinatesStats/cope2.feat/zflame1uppertstat1.dtseries.nii","Ul79n1evnv3hl2fMYAHjr9O1etitFtLz"
"s3://hcp-openaccess/HCP_1200/506234/MNINonLinear/Results/tfMRI_RELATIONAL/tfMRI_RELATIONAL_hp200_s2_level2.feat/GrayordinatesStats/cope2.feat/zstat1.dtseries.nii","506234","MNINonLinear//Results/tfMRI_RELATIONAL/tfMRI_RELATIONAL_hp200_s2_level2.feat/GrayordinatesStats/cope2.feat/zstat1.dtseries.nii","RMcHDGWVh01pbloTOPVC0qkvKj7VzkIR"
"s3://hcp-openaccess/HCP_1200/506234/MNINonLinear/Results/tfMRI_RELATIONAL/tfMRI_RELATIONAL_hp200_s2_level2.feat/GrayordinatesStats/cope3.feat/cope1.dtseries.nii","506234","MNINonLinear//Results/tfMRI_RELATIONAL/tfMRI_RELATIONAL_hp200_s2_level2.feat/GrayordinatesStats/cope3.feat/cope1.dtseries.nii","p9W5YqBGire7Iu42zQX9Aagv8Kw4wpLa"
"s3://hcp-openaccess/HCP_1200/506234/MNINonLinear/Results/tfMRI_RELATIONAL/tfMRI_RELATIONAL_hp200_s2_level2.feat/GrayordinatesStats/cope3.feat/logfile","506234","MNINonLinear//Results/tfMRI_RELATIONAL/tfMRI_RELATIONAL_hp200_s2_level2.feat/GrayordinatesStats/cope3.feat/logfile","0LqHRGKmeUZ5pTnSRl3jrkNC71SiuaA3"
"s3://hcp-openaccess/HCP_1200/506234/MNINonLinear/Results/tfMRI_RELATIONAL/tfMRI_RELATIONAL_hp200_s2_level2.feat/GrayordinatesStats/cope3.feat/mask.dtseries.nii","506234","MNINonLinear//Results/tfMRI_RELATIONAL/tfMRI_RELATIONAL_hp200_s2_level2.feat/GrayordinatesStats/cope3.feat/mask.dtseries.nii","luw2Svjsn9y2iXlkMm_DvcG_sR86WLdh"
"s3://hcp-openaccess/HCP_1200/506234/MNINonLinear/Results/tfMRI_RELATIONAL/tfMRI_RELATIONAL_hp200_s2_level2.feat/GrayordinatesStats/cope3.feat/mean_random_effects_var1.dtseries.nii","506234","MNINonLinear//Results/tfMRI_RELATIONAL/tfMRI_RELATIONAL_hp200_s2_level2.feat/GrayordinatesStats/cope3.feat/mean_random_effects_var1.dtseries.nii","yfA09yu7N4fKs1_qfrJH6Y981zFytSF9"
"s3://hcp-openaccess/HCP_1200/506234/MNINonLinear/Results/tfMRI_RELATIONAL/tfMRI_RELATIONAL_hp200_s2_level2.feat/GrayordinatesStats/cope3.feat/pe1.dtseries.nii","506234","MNINonLinear//Results/tfMRI_RELATIONAL/tfMRI_RELATIONAL_hp200_s2_level2.feat/GrayordinatesStats/cope3.feat/pe1.dtseries.nii","hLqOjmyKFwp.WHRhD.D4zokdqg5Rd2By"
"s3://hcp-openaccess/HCP_1200/506234/MNINonLinear/Results/tfMRI_RELATIONAL/tfMRI_RELATIONAL_hp200_s2_level2.feat/GrayordinatesStats/cope3.feat/res4d.dtseries.nii","506234","MNINonLinear//Results/tfMRI_RELATIONAL/tfMRI_RELATIONAL_hp200_s2_level2.feat/GrayordinatesStats/cope3.feat/res4d.dtseries.nii","M5ZllKDvfrw4LH4VNLa0gC4tRrCjGRHk"
"s3://hcp-openaccess/HCP_1200/506234/MNINonLinear/Results/tfMRI_RELATIONAL/tfMRI_RELATIONAL_hp200_s2_level2.feat/GrayordinatesStats/cope3.feat/tdof_t1.dtseries.nii","506234","MNINonLinear//Results/tfMRI_RELATIONAL/tfMRI_RELATIONAL_hp200_s2_level2.feat/GrayordinatesStats/cope3.feat/tdof_t1.dtseries.nii","0L3y.4DLWcOcNQ.dltS9s2I7HIRqopX7"
"s3://hcp-openaccess/HCP_1200/506234/MNINonLinear/Results/tfMRI_RELATIONAL/tfMRI_RELATIONAL_hp200_s2_level2.feat/GrayordinatesStats/cope3.feat/tstat1.dtseries.nii","506234","MNINonLinear//Results/tfMRI_RELATIONAL/tfMRI_RELATIONAL_hp200_s2_level2.feat/GrayordinatesStats/cope3.feat/tstat1.dtseries.nii","L4c409ffzu4Z5g8wxuXZmHgYKqPfrpk1"
"s3://hcp-openaccess/HCP_1200/506234/MNINonLinear/Results/tfMRI_RELATIONAL/tfMRI_RELATIONAL_hp200_s2_level2.feat/GrayordinatesStats/cope3.feat/varcope1.dtseries.nii","506234","MNINonLinear//Results/tfMRI_RELATIONAL/tfMRI_RELATIONAL_hp200_s2_level2.feat/GrayordinatesStats/cope3.feat/varcope1.dtseries.nii","71kxQDVX7k8AZXMBCIm26EkhWOBefmcr"
"s3://hcp-openaccess/HCP_1200/506234/MNINonLinear/Results/tfMRI_RELATIONAL/tfMRI_RELATIONAL_hp200_s2_level2.feat/GrayordinatesStats/cope3.feat/weights1.dtseries.nii","506234","MNINonLinear//Results/tfMRI_RELATIONAL/tfMRI_RELATIONAL_hp200_s2_level2.feat/GrayordinatesStats/cope3.feat/weights1.dtseries.nii","PaCaP26q6NNlSwrhZLZGJ0dCRVzzynqo"
"s3://hcp-openaccess/HCP_1200/506234/MNINonLinear/Results/tfMRI_RELATIONAL/tfMRI_RELATIONAL_hp200_s2_level2.feat/GrayordinatesStats/cope3.feat/zflame1lowertstat1.dtseries.nii","506234","MNINonLinear//Results/tfMRI_RELATIONAL/tfMRI_RELATIONAL_hp200_s2_level2.feat/GrayordinatesStats/cope3.feat/zflame1lowertstat1.dtseries.nii","QiXp72IMbHOGiFRK_E3NbflU7c6kcmke"
"s3://hcp-openaccess/HCP_1200/506234/MNINonLinear/Results/tfMRI_RELATIONAL/tfMRI_RELATIONAL_hp200_s2_level2.feat/GrayordinatesStats/cope3.feat/zflame1uppertstat1.dtseries.nii","506234","MNINonLinear//Results/tfMRI_RELATIONAL/tfMRI_RELATIONAL_hp200_s2_level2.feat/GrayordinatesStats/cope3.feat/zflame1uppertstat1.dtseries.nii","jlsN3IsuSSkVz6cB5AcoJJAovz3MN0D3"
"s3://hcp-openaccess/HCP_1200/506234/MNINonLinear/Results/tfMRI_RELATIONAL/tfMRI_RELATIONAL_hp200_s2_level2.feat/GrayordinatesStats/cope3.feat/zstat1.dtseries.nii","506234","MNINonLinear//Results/tfMRI_RELATIONAL/tfMRI_RELATIONAL_hp200_s2_level2.feat/GrayordinatesStats/cope3.feat/zstat1.dtseries.nii","Xkh4tSDpmHIbZUEgl7_2xThU2c4fepy_"
"s3://hcp-openaccess/HCP_1200/506234/MNINonLinear/Results/tfMRI_RELATIONAL/tfMRI_RELATIONAL_hp200_s2_level2.feat/GrayordinatesStats/cope4.feat/cope1.dtseries.nii","506234","MNINonLinear//Results/tfMRI_RELATIONAL/tfMRI_RELATIONAL_hp200_s2_level2.feat/GrayordinatesStats/cope4.feat/cope1.dtseries.nii","naPwvFo5eKsfiDEV1.Qbfgbz4BktxKh2"
"s3://hcp-openaccess/HCP_1200/506234/MNINonLinear/Results/tfMRI_RELATIONAL/tfMRI_RELATIONAL_hp200_s2_level2.feat/GrayordinatesStats/cope4.feat/logfile","506234","MNINonLinear//Results/tfMRI_RELATIONAL/tfMRI_RELATIONAL_hp200_s2_level2.feat/GrayordinatesStats/cope4.feat/logfile","TFQxpWUDEzcVqjZv81kC_h6I.NK57Dv6"
"s3://hcp-openaccess/HCP_1200/506234/MNINonLinear/Results/tfMRI_RELATIONAL/tfMRI_RELATIONAL_hp200_s2_level2.feat/GrayordinatesStats/cope4.feat/mask.dtseries.nii","506234","MNINonLinear//Results/tfMRI_RELATIONAL/tfMRI_RELATIONAL_hp200_s2_level2.feat/GrayordinatesStats/cope4.feat/mask.dtseries.nii","FSpD3PFKr4kjTuZiXWJGn2udJwRjr9Ar"
"s3://hcp-openaccess/HCP_1200/506234/MNINonLinear/Results/tfMRI_RELATIONAL/tfMRI_RELATIONAL_hp200_s2_level2.feat/GrayordinatesStats/cope4.feat/mean_random_effects_var1.dtseries.nii","506234","MNINonLinear//Results/tfMRI_RELATIONAL/tfMRI_RELATIONAL_hp200_s2_level2.feat/GrayordinatesStats/cope4.feat/mean_random_effects_var1.dtseries.nii","8MfpRGuPwr0QIKCbTsHWh5J0FvGft2Ar"
"s3://hcp-openaccess/HCP_1200/506234/MNINonLinear/Results/tfMRI_RELATIONAL/tfMRI_RELATIONAL_hp200_s2_level2.feat/GrayordinatesStats/cope4.feat/pe1.dtseries.nii","506234","MNINonLinear//Results/tfMRI_RELATIONAL/tfMRI_RELATIONAL_hp200_s2_level2.feat/GrayordinatesStats/cope4.feat/pe1.dtseries.nii","Qm9Mhbu.lLWfINCLZrXX4PgMWA_MO0Ao"
"s3://hcp-openaccess/HCP_1200/506234/MNINonLinear/Results/tfMRI_RELATIONAL/tfMRI_RELATIONAL_hp200_s2_level2.feat/GrayordinatesStats/cope4.feat/res4d.dtseries.nii","506234","MNINonLinear//Results/tfMRI_RELATIONAL/tfMRI_RELATIONAL_hp200_s2_level2.feat/GrayordinatesStats/cope4.feat/res4d.dtseries.nii","x4o7KrWDPKvquwKYDCvUCyw8rP4YWYnX"
"s3://hcp-openaccess/HCP_1200/506234/MNINonLinear/Results/tfMRI_RELATIONAL/tfMRI_RELATIONAL_hp200_s2_level2.feat/GrayordinatesStats/cope4.feat/tdof_t1.dtseries.nii","506234","MNINonLinear//Results/tfMRI_RELATIONAL/tfMRI_RELATIONAL_hp200_s2_level2.feat/GrayordinatesStats/cope4.feat/tdof_t1.dtseries.nii","ohz0CQW2M5JhiW606ZM6vWIL_ezjPEHf"
"s3://hcp-openaccess/HCP_1200/506234/MNINonLinear/Results/tfMRI_RELATIONAL/tfMRI_RELATIONAL_hp200_s2_level2.feat/GrayordinatesStats/cope4.feat/tstat1.dtseries.nii","506234","MNINonLinear//Results/tfMRI_RELATIONAL/tfMRI_RELATIONAL_hp200_s2_level2.feat/GrayordinatesStats/cope4.feat/tstat1.dtseries.nii","fEhVi6fMWsCXX_rirAc8MIQi0ZgKhF6A"
"s3://hcp-openaccess/HCP_1200/506234/MNINonLinear/Results/tfMRI_RELATIONAL/tfMRI_RELATIONAL_hp200_s2_level2.feat/GrayordinatesStats/cope4.feat/varcope1.dtseries.nii","506234","MNINonLinear//Results/tfMRI_RELATIONAL/tfMRI_RELATIONAL_hp200_s2_level2.feat/GrayordinatesStats/cope4.feat/varcope1.dtseries.nii","zTBHOXNgEZ9MkTsYIe8xi_MgaLyMoyJD"
"s3://hcp-openaccess/HCP_1200/506234/MNINonLinear/Results/tfMRI_RELATIONAL/tfMRI_RELATIONAL_hp200_s2_level2.feat/GrayordinatesStats/cope4.feat/weights1.dtseries.nii","506234","MNINonLinear//Results/tfMRI_RELATIONAL/tfMRI_RELATIONAL_hp200_s2_level2.feat/GrayordinatesStats/cope4.feat/weights1.dtseries.nii","Uxd3WGwdfQQ5MfKq9wwayOR6cCtPrV64"
"s3://hcp-openaccess/HCP_1200/506234/MNINonLinear/Results/tfMRI_RELATIONAL/tfMRI_RELATIONAL_hp200_s2_level2.feat/GrayordinatesStats/cope4.feat/zflame1lowertstat1.dtseries.nii","506234","MNINonLinear//Results/tfMRI_RELATIONAL/tfMRI_RELATIONAL_hp200_s2_level2.feat/GrayordinatesStats/cope4.feat/zflame1lowertstat1.dtseries.nii","TcHrinsMMdKNzIpc0gZ1jH5mJxPm4NMk"
"s3://hcp-openaccess/HCP_1200/506234/MNINonLinear/Results/tfMRI_RELATIONAL/tfMRI_RELATIONAL_hp200_s2_level2.feat/GrayordinatesStats/cope4.feat/zflame1uppertstat1.dtseries.nii","506234","MNINonLinear//Results/tfMRI_RELATIONAL/tfMRI_RELATIONAL_hp200_s2_level2.feat/GrayordinatesStats/cope4.feat/zflame1uppertstat1.dtseries.nii","EgATyLZq3yBkhjg.ajYWza2vBghkw28N"
"s3://hcp-openaccess/HCP_1200/506234/MNINonLinear/Results/tfMRI_RELATIONAL/tfMRI_RELATIONAL_hp200_s2_level2.feat/GrayordinatesStats/cope4.feat/zstat1.dtseries.nii","506234","MNINonLinear//Results/tfMRI_RELATIONAL/tfMRI_RELATIONAL_hp200_s2_level2.feat/GrayordinatesStats/cope4.feat/zstat1.dtseries.nii","8pJczcBPip3mZbACThYEVCg8kNWzxUY7"
"s3://hcp-openaccess/HCP_1200/506234/MNINonLinear/Results/tfMRI_RELATIONAL/tfMRI_RELATIONAL_hp200_s2_level2.feat/GrayordinatesStats/cope5.feat/cope1.dtseries.nii","506234","MNINonLinear//Results/tfMRI_RELATIONAL/tfMRI_RELATIONAL_hp200_s2_level2.feat/GrayordinatesStats/cope5.feat/cope1.dtseries.nii","2DqnRpKV3L3Bn2Xvw2PPhNoeEXuawGWK"
"s3://hcp-openaccess/HCP_1200/506234/MNINonLinear/Results/tfMRI_RELATIONAL/tfMRI_RELATIONAL_hp200_s2_level2.feat/GrayordinatesStats/cope5.feat/logfile","506234","MNINonLinear//Results/tfMRI_RELATIONAL/tfMRI_RELATIONAL_hp200_s2_level2.feat/GrayordinatesStats/cope5.feat/logfile","EtXPFkUKtWLiOJmtvqaopVV1TxPsX7hF"
"s3://hcp-openaccess/HCP_1200/506234/MNINonLinear/Results/tfMRI_RELATIONAL/tfMRI_RELATIONAL_hp200_s2_level2.feat/GrayordinatesStats/cope5.feat/mask.dtseries.nii","506234","MNINonLinear//Results/tfMRI_RELATIONAL/tfMRI_RELATIONAL_hp200_s2_level2.feat/GrayordinatesStats/cope5.feat/mask.dtseries.nii","x4oCRuojPGG1DK8oZf8sc8wXti4iyrZo"
"s3://hcp-openaccess/HCP_1200/506234/MNINonLinear/Results/tfMRI_RELATIONAL/tfMRI_RELATIONAL_hp200_s2_level2.feat/GrayordinatesStats/cope5.feat/mean_random_effects_var1.dtseries.nii","506234","MNINonLinear//Results/tfMRI_RELATIONAL/tfMRI_RELATIONAL_hp200_s2_level2.feat/GrayordinatesStats/cope5.feat/mean_random_effects_var1.dtseries.nii","VZTvFDlNCbi4BtcKAVzAgv_gjQqkWngK"
"s3://hcp-openaccess/HCP_1200/506234/MNINonLinear/Results/tfMRI_RELATIONAL/tfMRI_RELATIONAL_hp200_s2_level2.feat/GrayordinatesStats/cope5.feat/pe1.dtseries.nii","506234","MNINonLinear//Results/tfMRI_RELATIONAL/tfMRI_RELATIONAL_hp200_s2_level2.feat/GrayordinatesStats/cope5.feat/pe1.dtseries.nii","X6ToKbEazd6waSx4vUVMaqBwDIHzz_ab"
"s3://hcp-openaccess/HCP_1200/506234/MNINonLinear/Results/tfMRI_RELATIONAL/tfMRI_RELATIONAL_hp200_s2_level2.feat/GrayordinatesStats/cope5.feat/res4d.dtseries.nii","506234","MNINonLinear//Results/tfMRI_RELATIONAL/tfMRI_RELATIONAL_hp200_s2_level2.feat/GrayordinatesStats/cope5.feat/res4d.dtseries.nii","ORof_Nyr.rYd7gzw8X5SOO0sTJhtZO67"
"s3://hcp-openaccess/HCP_1200/506234/MNINonLinear/Results/tfMRI_RELATIONAL/tfMRI_RELATIONAL_hp200_s2_level2.feat/GrayordinatesStats/cope5.feat/tdof_t1.dtseries.nii","506234","MNINonLinear//Results/tfMRI_RELATIONAL/tfMRI_RELATIONAL_hp200_s2_level2.feat/GrayordinatesStats/cope5.feat/tdof_t1.dtseries.nii","54sWDBI2Si7rj1ObwoQ_JRBQtjqiV34O"
"s3://hcp-openaccess/HCP_1200/506234/MNINonLinear/Results/tfMRI_RELATIONAL/tfMRI_RELATIONAL_hp200_s2_level2.feat/GrayordinatesStats/cope5.feat/tstat1.dtseries.nii","506234","MNINonLinear//Results/tfMRI_RELATIONAL/tfMRI_RELATIONAL_hp200_s2_level2.feat/GrayordinatesStats/cope5.feat/tstat1.dtseries.nii","oBznCFonNwDsKzEnSBktN0maLR_zlpfF"
"s3://hcp-openaccess/HCP_1200/506234/MNINonLinear/Results/tfMRI_RELATIONAL/tfMRI_RELATIONAL_hp200_s2_level2.feat/GrayordinatesStats/cope5.feat/varcope1.dtseries.nii","506234","MNINonLinear//Results/tfMRI_RELATIONAL/tfMRI_RELATIONAL_hp200_s2_level2.feat/GrayordinatesStats/cope5.feat/varcope1.dtseries.nii","zbOZK_zORuxXmWnpq_Dm5jC0NUH9zmBm"
"s3://hcp-openaccess/HCP_1200/506234/MNINonLinear/Results/tfMRI_RELATIONAL/tfMRI_RELATIONAL_hp200_s2_level2.feat/GrayordinatesStats/cope5.feat/weights1.dtseries.nii","506234","MNINonLinear//Results/tfMRI_RELATIONAL/tfMRI_RELATIONAL_hp200_s2_level2.feat/GrayordinatesStats/cope5.feat/weights1.dtseries.nii","BEhUFnvVTo8EOGFthQAGgpRlxjKlzA44"
"s3://hcp-openaccess/HCP_1200/506234/MNINonLinear/Results/tfMRI_RELATIONAL/tfMRI_RELATIONAL_hp200_s2_level2.feat/GrayordinatesStats/cope5.feat/zflame1lowertstat1.dtseries.nii","506234","MNINonLinear//Results/tfMRI_RELATIONAL/tfMRI_RELATIONAL_hp200_s2_level2.feat/GrayordinatesStats/cope5.feat/zflame1lowertstat1.dtseries.nii","ILAdo4kRlZftPhyjKEclzc2nuo15hfGc"
"s3://hcp-openaccess/HCP_1200/506234/MNINonLinear/Results/tfMRI_RELATIONAL/tfMRI_RELATIONAL_hp200_s2_level2.feat/GrayordinatesStats/cope5.feat/zflame1uppertstat1.dtseries.nii","506234","MNINonLinear//Results/tfMRI_RELATIONAL/tfMRI_RELATIONAL_hp200_s2_level2.feat/GrayordinatesStats/cope5.feat/zflame1uppertstat1.dtseries.nii","NZ_mZ4g4sttQ_FMFGbUp_ue.maOEeZQ_"
"s3://hcp-openaccess/HCP_1200/506234/MNINonLinear/Results/tfMRI_RELATIONAL/tfMRI_RELATIONAL_hp200_s2_level2.feat/GrayordinatesStats/cope5.feat/zstat1.dtseries.nii","506234","MNINonLinear//Results/tfMRI_RELATIONAL/tfMRI_RELATIONAL_hp200_s2_level2.feat/GrayordinatesStats/cope5.feat/zstat1.dtseries.nii","RJeiUK2aOskGs5K1Yiz_x1iBLhHXdeJ7"
"s3://hcp-openaccess/HCP_1200/506234/MNINonLinear/Results/tfMRI_RELATIONAL/tfMRI_RELATIONAL_hp200_s2_level2.feat/GrayordinatesStats/cope6.feat/cope1.dtseries.nii","506234","MNINonLinear//Results/tfMRI_RELATIONAL/tfMRI_RELATIONAL_hp200_s2_level2.feat/GrayordinatesStats/cope6.feat/cope1.dtseries.nii","Ha.6a5ZHTZ62_H.shjdXv191xvU1oeAw"
"s3://hcp-openaccess/HCP_1200/506234/MNINonLinear/Results/tfMRI_RELATIONAL/tfMRI_RELATIONAL_hp200_s2_level2.feat/GrayordinatesStats/cope6.feat/logfile","506234","MNINonLinear//Results/tfMRI_RELATIONAL/tfMRI_RELATIONAL_hp200_s2_level2.feat/GrayordinatesStats/cope6.feat/logfile","iIn6lfjNdM4sjtEs2Ur_etzn4jDSoePb"
"s3://hcp-openaccess/HCP_1200/506234/MNINonLinear/Results/tfMRI_RELATIONAL/tfMRI_RELATIONAL_hp200_s2_level2.feat/GrayordinatesStats/cope6.feat/mask.dtseries.nii","506234","MNINonLinear//Results/tfMRI_RELATIONAL/tfMRI_RELATIONAL_hp200_s2_level2.feat/GrayordinatesStats/cope6.feat/mask.dtseries.nii","aIgxAlaHoaClUDkb2uPPtQoE_Vtyu.S_"
"s3://hcp-openaccess/HCP_1200/506234/MNINonLinear/Results/tfMRI_RELATIONAL/tfMRI_RELATIONAL_hp200_s2_level2.feat/GrayordinatesStats/cope6.feat/mean_random_effects_var1.dtseries.nii","506234","MNINonLinear//Results/tfMRI_RELATIONAL/tfMRI_RELATIONAL_hp200_s2_level2.feat/GrayordinatesStats/cope6.feat/mean_random_effects_var1.dtseries.nii","1h9aOdKwJDOE01MEMKBa_0NZTRFcq40w"
"s3://hcp-openaccess/HCP_1200/506234/MNINonLinear/Results/tfMRI_RELATIONAL/tfMRI_RELATIONAL_hp200_s2_level2.feat/GrayordinatesStats/cope6.feat/pe1.dtseries.nii","506234","MNINonLinear//Results/tfMRI_RELATIONAL/tfMRI_RELATIONAL_hp200_s2_level2.feat/GrayordinatesStats/cope6.feat/pe1.dtseries.nii","PecghpuugZemSnuYb.tUpzn6ygK11KiV"
"s3://hcp-openaccess/HCP_1200/506234/MNINonLinear/Results/tfMRI_RELATIONAL/tfMRI_RELATIONAL_hp200_s2_level2.feat/GrayordinatesStats/cope6.feat/res4d.dtseries.nii","506234","MNINonLinear//Results/tfMRI_RELATIONAL/tfMRI_RELATIONAL_hp200_s2_level2.feat/GrayordinatesStats/cope6.feat/res4d.dtseries.nii","RFppMt8lBxd4ziPjdv4oel1nTFMXjv72"
"s3://hcp-openaccess/HCP_1200/506234/MNINonLinear/Results/tfMRI_RELATIONAL/tfMRI_RELATIONAL_hp200_s2_level2.feat/GrayordinatesStats/cope6.feat/tdof_t1.dtseries.nii","506234","MNINonLinear//Results/tfMRI_RELATIONAL/tfMRI_RELATIONAL_hp200_s2_level2.feat/GrayordinatesStats/cope6.feat/tdof_t1.dtseries.nii","c4zPdNoij5CQBvMnFmXd0FnKAdpZJXyj"
"s3://hcp-openaccess/HCP_1200/506234/MNINonLinear/Results/tfMRI_RELATIONAL/tfMRI_RELATIONAL_hp200_s2_level2.feat/GrayordinatesStats/cope6.feat/tstat1.dtseries.nii","506234","MNINonLinear//Results/tfMRI_RELATIONAL/tfMRI_RELATIONAL_hp200_s2_level2.feat/GrayordinatesStats/cope6.feat/tstat1.dtseries.nii","gm3zGjavRlsZy.wuygsX5R4zb3T_DrKE"
"s3://hcp-openaccess/HCP_1200/506234/MNINonLinear/Results/tfMRI_RELATIONAL/tfMRI_RELATIONAL_hp200_s2_level2.feat/GrayordinatesStats/cope6.feat/varcope1.dtseries.nii","506234","MNINonLinear//Results/tfMRI_RELATIONAL/tfMRI_RELATIONAL_hp200_s2_level2.feat/GrayordinatesStats/cope6.feat/varcope1.dtseries.nii","IzLK42XbzO3CugBK0k4iiONKry_jg36g"
"s3://hcp-openaccess/HCP_1200/506234/MNINonLinear/Results/tfMRI_RELATIONAL/tfMRI_RELATIONAL_hp200_s2_level2.feat/GrayordinatesStats/cope6.feat/weights1.dtseries.nii","506234","MNINonLinear//Results/tfMRI_RELATIONAL/tfMRI_RELATIONAL_hp200_s2_level2.feat/GrayordinatesStats/cope6.feat/weights1.dtseries.nii","uSKyan9qQxrWqmgDonj2PBmjlCBucpAX"
"s3://hcp-openaccess/HCP_1200/506234/MNINonLinear/Results/tfMRI_RELATIONAL/tfMRI_RELATIONAL_hp200_s2_level2.feat/GrayordinatesStats/cope6.feat/zflame1lowertstat1.dtseries.nii","506234","MNINonLinear//Results/tfMRI_RELATIONAL/tfMRI_RELATIONAL_hp200_s2_level2.feat/GrayordinatesStats/cope6.feat/zflame1lowertstat1.dtseries.nii","3tG1SVDzzQkXKw3ZpGneFag698cOCean"
"s3://hcp-openaccess/HCP_1200/506234/MNINonLinear/Results/tfMRI_RELATIONAL/tfMRI_RELATIONAL_hp200_s2_level2.feat/GrayordinatesStats/cope6.feat/zflame1uppertstat1.dtseries.nii","506234","MNINonLinear//Results/tfMRI_RELATIONAL/tfMRI_RELATIONAL_hp200_s2_level2.feat/GrayordinatesStats/cope6.feat/zflame1uppertstat1.dtseries.nii","TfSHU49MULZK9fFoNDTD8EJC.6SgOrhG"
"s3://hcp-openaccess/HCP_1200/506234/MNINonLinear/Results/tfMRI_RELATIONAL/tfMRI_RELATIONAL_hp200_s2_level2.feat/GrayordinatesStats/cope6.feat/zstat1.dtseries.nii","506234","MNINonLinear//Results/tfMRI_RELATIONAL/tfMRI_RELATIONAL_hp200_s2_level2.feat/GrayordinatesStats/cope6.feat/zstat1.dtseries.nii","hAb3i2YdFwZu3YK_EtOjq13YPCmH3bY2"
"s3://hcp-openaccess/HCP_1200/506234/MNINonLinear/Results/tfMRI_RELATIONAL/tfMRI_RELATIONAL_hp200_s2_level2.feat/design.con","506234","MNINonLinear//Results/tfMRI_RELATIONAL/tfMRI_RELATIONAL_hp200_s2_level2.feat/design.con","JKiJ6s8pIpqt3IqW4kO1zfP55qimRaB1"
"s3://hcp-openaccess/HCP_1200/506234/MNINonLinear/Results/tfMRI_RELATIONAL/tfMRI_RELATIONAL_hp200_s2_level2.feat/design.fsf","506234","MNINonLinear//Results/tfMRI_RELATIONAL/tfMRI_RELATIONAL_hp200_s2_level2.feat/design.fsf","uwoYFSyLYWfRRAiO3IjCWvQIfry1kSZt"
"s3://hcp-openaccess/HCP_1200/506234/MNINonLinear/Results/tfMRI_RELATIONAL/tfMRI_RELATIONAL_hp200_s2_level2.feat/design.grp","506234","MNINonLinear//Results/tfMRI_RELATIONAL/tfMRI_RELATIONAL_hp200_s2_level2.feat/design.grp","Uo97cL4qTawv6tlzRydI._pb9Jtvze5F"
"s3://hcp-openaccess/HCP_1200/506234/MNINonLinear/Results/tfMRI_RELATIONAL/tfMRI_RELATIONAL_hp200_s2_level2.feat/design.mat","506234","MNINonLinear//Results/tfMRI_RELATIONAL/tfMRI_RELATIONAL_hp200_s2_level2.feat/design.mat","kVHlDAiZ1kdPzNLA3BuWopKyFI_ZxUC_"
"s3://hcp-openaccess/HCP_1200/506234/MNINonLinear/Results/tfMRI_RELATIONAL/tfMRI_RELATIONAL_hp200_s2_level2.feat/design.png","506234","MNINonLinear//Results/tfMRI_RELATIONAL/tfMRI_RELATIONAL_hp200_s2_level2.feat/design.png","cr8wOWSK0Jr054A7KBQvPXlUtdSQo8Cd"
"s3://hcp-openaccess/HCP_1200/506234/MNINonLinear/Results/tfMRI_RELATIONAL/tfMRI_RELATIONAL_hp200_s2_level2.feat/design.ppm","506234","MNINonLinear//Results/tfMRI_RELATIONAL/tfMRI_RELATIONAL_hp200_s2_level2.feat/design.ppm","n23Y1tovG5ztLRMjf31EWoJ2jTQ35MRc"
"s3://hcp-openaccess/HCP_1200/506234/MNINonLinear/Results/tfMRI_RELATIONAL/tfMRI_RELATIONAL_hp200_s2_level2.feat/design_cov.png","506234","MNINonLinear//Results/tfMRI_RELATIONAL/tfMRI_RELATIONAL_hp200_s2_level2.feat/design_cov.png","CxNh57YpNlcuPABptWRbA4Fk1lmCUqhL"
"s3://hcp-openaccess/HCP_1200/506234/MNINonLinear/Results/tfMRI_RELATIONAL/tfMRI_RELATIONAL_hp200_s2_level2.feat/design_cov.ppm","506234","MNINonLinear//Results/tfMRI_RELATIONAL/tfMRI_RELATIONAL_hp200_s2_level2.feat/design_cov.ppm","tcwY5YbRO8VGPlzE4UK2uvrH_QFP2CO0"
"s3://hcp-openaccess/HCP_1200/506234/MNINonLinear/Results/tfMRI_RELATIONAL/tfMRI_RELATIONAL_hp200_s2_level2_MSMAll.feat/506234_tfMRI_RELATIONAL_level2_hp200_s2_MSMAll.dscalar.nii","506234","MNINonLinear//Results/tfMRI_RELATIONAL/tfMRI_RELATIONAL_hp200_s2_level2_MSMAll.feat/506234_tfMRI_RELATIONAL_level2_hp200_s2_MSMAll.dscalar.nii","fdASVhnz8LE7ECL3Yph09qQ2TJH9ZWuo"
"s3://hcp-openaccess/HCP_1200/506234/MNINonLinear/Results/tfMRI_RELATIONAL/tfMRI_RELATIONAL_hp200_s2_level2_MSMAll.feat/Contrasts.txt","506234","MNINonLinear//Results/tfMRI_RELATIONAL/tfMRI_RELATIONAL_hp200_s2_level2_MSMAll.feat/Contrasts.txt","5bZr6vhKiq0rq5T.7o2PsCEiHY5rUBQP"
"s3://hcp-openaccess/HCP_1200/506234/MNINonLinear/Results/tfMRI_RELATIONAL/tfMRI_RELATIONAL_hp200_s2_level2_MSMAll.feat/GrayordinatesStats/cope1.feat/cope1.dtseries.nii","506234","MNINonLinear//Results/tfMRI_RELATIONAL/tfMRI_RELATIONAL_hp200_s2_level2_MSMAll.feat/GrayordinatesStats/cope1.feat/cope1.dtseries.nii","z4ydK9Dll_gFuv_2FWonU2tw1o7iq4Uq"
"s3://hcp-openaccess/HCP_1200/506234/MNINonLinear/Results/tfMRI_RELATIONAL/tfMRI_RELATIONAL_hp200_s2_level2_MSMAll.feat/GrayordinatesStats/cope1.feat/logfile","506234","MNINonLinear//Results/tfMRI_RELATIONAL/tfMRI_RELATIONAL_hp200_s2_level2_MSMAll.feat/GrayordinatesStats/cope1.feat/logfile","QNC.St4_Km9x11bCgL2Y2mSOhFoH6giD"
"s3://hcp-openaccess/HCP_1200/506234/MNINonLinear/Results/tfMRI_RELATIONAL/tfMRI_RELATIONAL_hp200_s2_level2_MSMAll.feat/GrayordinatesStats/cope1.feat/mask.dtseries.nii","506234","MNINonLinear//Results/tfMRI_RELATIONAL/tfMRI_RELATIONAL_hp200_s2_level2_MSMAll.feat/GrayordinatesStats/cope1.feat/mask.dtseries.nii","dQnop1BbMsmrdoaCcbQ7iGYfypJLdBBk"
"s3://hcp-openaccess/HCP_1200/506234/MNINonLinear/Results/tfMRI_RELATIONAL/tfMRI_RELATIONAL_hp200_s2_level2_MSMAll.feat/GrayordinatesStats/cope1.feat/mean_random_effects_var1.dtseries.nii","506234","MNINonLinear//Results/tfMRI_RELATIONAL/tfMRI_RELATIONAL_hp200_s2_level2_MSMAll.feat/GrayordinatesStats/cope1.feat/mean_random_effects_var1.dtseries.nii","ogIYZccdHrZcvdCzIy3lg4Vv4q7dvhYB"
"s3://hcp-openaccess/HCP_1200/506234/MNINonLinear/Results/tfMRI_RELATIONAL/tfMRI_RELATIONAL_hp200_s2_level2_MSMAll.feat/GrayordinatesStats/cope1.feat/pe1.dtseries.nii","506234","MNINonLinear//Results/tfMRI_RELATIONAL/tfMRI_RELATIONAL_hp200_s2_level2_MSMAll.feat/GrayordinatesStats/cope1.feat/pe1.dtseries.nii","mxr_RqNAukSozm4LZe4DyViEPUoQvdvN"
"s3://hcp-openaccess/HCP_1200/506234/MNINonLinear/Results/tfMRI_RELATIONAL/tfMRI_RELATIONAL_hp200_s2_level2_MSMAll.feat/GrayordinatesStats/cope1.feat/res4d.dtseries.nii","506234","MNINonLinear//Results/tfMRI_RELATIONAL/tfMRI_RELATIONAL_hp200_s2_level2_MSMAll.feat/GrayordinatesStats/cope1.feat/res4d.dtseries.nii","Yme_yJP27tO9OdLZzhlE61KDiOLYic7u"
"s3://hcp-openaccess/HCP_1200/506234/MNINonLinear/Results/tfMRI_RELATIONAL/tfMRI_RELATIONAL_hp200_s2_level2_MSMAll.feat/GrayordinatesStats/cope1.feat/tdof_t1.dtseries.nii","506234","MNINonLinear//Results/tfMRI_RELATIONAL/tfMRI_RELATIONAL_hp200_s2_level2_MSMAll.feat/GrayordinatesStats/cope1.feat/tdof_t1.dtseries.nii","FvO29W7Tz5eSeCOMyEN5JRJ5mJLIP.wf"
"s3://hcp-openaccess/HCP_1200/506234/MNINonLinear/Results/tfMRI_RELATIONAL/tfMRI_RELATIONAL_hp200_s2_level2_MSMAll.feat/GrayordinatesStats/cope1.feat/tstat1.dtseries.nii","506234","MNINonLinear//Results/tfMRI_RELATIONAL/tfMRI_RELATIONAL_hp200_s2_level2_MSMAll.feat/GrayordinatesStats/cope1.feat/tstat1.dtseries.nii","1vXA9drIv6z6ch4O0Wb_1z.LdDI08435"
"s3://hcp-openaccess/HCP_1200/506234/MNINonLinear/Results/tfMRI_RELATIONAL/tfMRI_RELATIONAL_hp200_s2_level2_MSMAll.feat/GrayordinatesStats/cope1.feat/varcope1.dtseries.nii","506234","MNINonLinear//Results/tfMRI_RELATIONAL/tfMRI_RELATIONAL_hp200_s2_level2_MSMAll.feat/GrayordinatesStats/cope1.feat/varcope1.dtseries.nii","hbNbdV4sF0Rt7xfuqLLW5CpHkTySn6JW"
"s3://hcp-openaccess/HCP_1200/506234/MNINonLinear/Results/tfMRI_RELATIONAL/tfMRI_RELATIONAL_hp200_s2_level2_MSMAll.feat/GrayordinatesStats/cope1.feat/weights1.dtseries.nii","506234","MNINonLinear//Results/tfMRI_RELATIONAL/tfMRI_RELATIONAL_hp200_s2_level2_MSMAll.feat/GrayordinatesStats/cope1.feat/weights1.dtseries.nii","C8k0RumuqtCSlOuRj8n2Ms8UW7NZSJNh"
"s3://hcp-openaccess/HCP_1200/506234/MNINonLinear/Results/tfMRI_RELATIONAL/tfMRI_RELATIONAL_hp200_s2_level2_MSMAll.feat/GrayordinatesStats/cope1.feat/zflame1lowertstat1.dtseries.nii","506234","MNINonLinear//Results/tfMRI_RELATIONAL/tfMRI_RELATIONAL_hp200_s2_level2_MSMAll.feat/GrayordinatesStats/cope1.feat/zflame1lowertstat1.dtseries.nii","tkcgP6qTBfziyo..yVNaZU4XGmN8xbp0"
"s3://hcp-openaccess/HCP_1200/506234/MNINonLinear/Results/tfMRI_RELATIONAL/tfMRI_RELATIONAL_hp200_s2_level2_MSMAll.feat/GrayordinatesStats/cope1.feat/zflame1uppertstat1.dtseries.nii","506234","MNINonLinear//Results/tfMRI_RELATIONAL/tfMRI_RELATIONAL_hp200_s2_level2_MSMAll.feat/GrayordinatesStats/cope1.feat/zflame1uppertstat1.dtseries.nii","WNO8t37xly.173ruQXJeWnYmzPsgXVBO"
"s3://hcp-openaccess/HCP_1200/506234/MNINonLinear/Results/tfMRI_RELATIONAL/tfMRI_RELATIONAL_hp200_s2_level2_MSMAll.feat/GrayordinatesStats/cope1.feat/zstat1.dtseries.nii","506234","MNINonLinear//Results/tfMRI_RELATIONAL/tfMRI_RELATIONAL_hp200_s2_level2_MSMAll.feat/GrayordinatesStats/cope1.feat/zstat1.dtseries.nii","QMjEoLtX00aA5A6qK_MViAdkvGo3VLXT"
"s3://hcp-openaccess/HCP_1200/506234/MNINonLinear/Results/tfMRI_RELATIONAL/tfMRI_RELATIONAL_hp200_s2_level2_MSMAll.feat/GrayordinatesStats/cope2.feat/cope1.dtseries.nii","506234","MNINonLinear//Results/tfMRI_RELATIONAL/tfMRI_RELATIONAL_hp200_s2_level2_MSMAll.feat/GrayordinatesStats/cope2.feat/cope1.dtseries.nii","BeyS9fkWUmPbNHrxeggjWw90N6jWZwN6"
"s3://hcp-openaccess/HCP_1200/506234/MNINonLinear/Results/tfMRI_RELATIONAL/tfMRI_RELATIONAL_hp200_s2_level2_MSMAll.feat/GrayordinatesStats/cope2.feat/logfile","506234","MNINonLinear//Results/tfMRI_RELATIONAL/tfMRI_RELATIONAL_hp200_s2_level2_MSMAll.feat/GrayordinatesStats/cope2.feat/logfile","VmmZkCGyPMb6Hiov5ucOKH8f3gQudvud"
"s3://hcp-openaccess/HCP_1200/506234/MNINonLinear/Results/tfMRI_RELATIONAL/tfMRI_RELATIONAL_hp200_s2_level2_MSMAll.feat/GrayordinatesStats/cope2.feat/mask.dtseries.nii","506234","MNINonLinear//Results/tfMRI_RELATIONAL/tfMRI_RELATIONAL_hp200_s2_level2_MSMAll.feat/GrayordinatesStats/cope2.feat/mask.dtseries.nii","D6fLfFBKvx_qmSdJFqfj36mfOUhTg2Lj"
"s3://hcp-openaccess/HCP_1200/506234/MNINonLinear/Results/tfMRI_RELATIONAL/tfMRI_RELATIONAL_hp200_s2_level2_MSMAll.feat/GrayordinatesStats/cope2.feat/mean_random_effects_var1.dtseries.nii","506234","MNINonLinear//Results/tfMRI_RELATIONAL/tfMRI_RELATIONAL_hp200_s2_level2_MSMAll.feat/GrayordinatesStats/cope2.feat/mean_random_effects_var1.dtseries.nii","7_joXRVBb.CexvE42trc6SkxkS70W.1E"
"s3://hcp-openaccess/HCP_1200/506234/MNINonLinear/Results/tfMRI_RELATIONAL/tfMRI_RELATIONAL_hp200_s2_level2_MSMAll.feat/GrayordinatesStats/cope2.feat/pe1.dtseries.nii","506234","MNINonLinear//Results/tfMRI_RELATIONAL/tfMRI_RELATIONAL_hp200_s2_level2_MSMAll.feat/GrayordinatesStats/cope2.feat/pe1.dtseries.nii","EMSLrh3l7jFt6rvwes0dNxqvrEs.5J3m"
"s3://hcp-openaccess/HCP_1200/506234/MNINonLinear/Results/tfMRI_RELATIONAL/tfMRI_RELATIONAL_hp200_s2_level2_MSMAll.feat/GrayordinatesStats/cope2.feat/res4d.dtseries.nii","506234","MNINonLinear//Results/tfMRI_RELATIONAL/tfMRI_RELATIONAL_hp200_s2_level2_MSMAll.feat/GrayordinatesStats/cope2.feat/res4d.dtseries.nii","Vq7WY2ktZLRqp1hTK3iamU2kQPPbOxyT"
"s3://hcp-openaccess/HCP_1200/506234/MNINonLinear/Results/tfMRI_RELATIONAL/tfMRI_RELATIONAL_hp200_s2_level2_MSMAll.feat/GrayordinatesStats/cope2.feat/tdof_t1.dtseries.nii","506234","MNINonLinear//Results/tfMRI_RELATIONAL/tfMRI_RELATIONAL_hp200_s2_level2_MSMAll.feat/GrayordinatesStats/cope2.feat/tdof_t1.dtseries.nii","IrNguCfgzh02SHqOpZlN3G9kSEqH5jK_"
"s3://hcp-openaccess/HCP_1200/506234/MNINonLinear/Results/tfMRI_RELATIONAL/tfMRI_RELATIONAL_hp200_s2_level2_MSMAll.feat/GrayordinatesStats/cope2.feat/tstat1.dtseries.nii","506234","MNINonLinear//Results/tfMRI_RELATIONAL/tfMRI_RELATIONAL_hp200_s2_level2_MSMAll.feat/GrayordinatesStats/cope2.feat/tstat1.dtseries.nii","9DujqMJqW9GRKnU1wmkFO4IeQJc0S04K"
"s3://hcp-openaccess/HCP_1200/506234/MNINonLinear/Results/tfMRI_RELATIONAL/tfMRI_RELATIONAL_hp200_s2_level2_MSMAll.feat/GrayordinatesStats/cope2.feat/varcope1.dtseries.nii","506234","MNINonLinear//Results/tfMRI_RELATIONAL/tfMRI_RELATIONAL_hp200_s2_level2_MSMAll.feat/GrayordinatesStats/cope2.feat/varcope1.dtseries.nii","RPFpldhoI1tVhaB0tko819O5S9fNDUBV"
"s3://hcp-openaccess/HCP_1200/506234/MNINonLinear/Results/tfMRI_RELATIONAL/tfMRI_RELATIONAL_hp200_s2_level2_MSMAll.feat/GrayordinatesStats/cope2.feat/weights1.dtseries.nii","506234","MNINonLinear//Results/tfMRI_RELATIONAL/tfMRI_RELATIONAL_hp200_s2_level2_MSMAll.feat/GrayordinatesStats/cope2.feat/weights1.dtseries.nii","FmwCyiI8OwAhug2qdqjMJFCUPCbpljw2"
"s3://hcp-openaccess/HCP_1200/506234/MNINonLinear/Results/tfMRI_RELATIONAL/tfMRI_RELATIONAL_hp200_s2_level2_MSMAll.feat/GrayordinatesStats/cope2.feat/zflame1lowertstat1.dtseries.nii","506234","MNINonLinear//Results/tfMRI_RELATIONAL/tfMRI_RELATIONAL_hp200_s2_level2_MSMAll.feat/GrayordinatesStats/cope2.feat/zflame1lowertstat1.dtseries.nii","c0ntzmmaMoaBo_7mY.Kkza4j4yAl.Ja6"
"s3://hcp-openaccess/HCP_1200/506234/MNINonLinear/Results/tfMRI_RELATIONAL/tfMRI_RELATIONAL_hp200_s2_level2_MSMAll.feat/GrayordinatesStats/cope2.feat/zflame1uppertstat1.dtseries.nii","506234","MNINonLinear//Results/tfMRI_RELATIONAL/tfMRI_RELATIONAL_hp200_s2_level2_MSMAll.feat/GrayordinatesStats/cope2.feat/zflame1uppertstat1.dtseries.nii","5pwYwZSr9bYMaOct_.nYgrBAJYyTnf2e"
"s3://hcp-openaccess/HCP_1200/506234/MNINonLinear/Results/tfMRI_RELATIONAL/tfMRI_RELATIONAL_hp200_s2_level2_MSMAll.feat/GrayordinatesStats/cope2.feat/zstat1.dtseries.nii","506234","MNINonLinear//Results/tfMRI_RELATIONAL/tfMRI_RELATIONAL_hp200_s2_level2_MSMAll.feat/GrayordinatesStats/cope2.feat/zstat1.dtseries.nii","MzzkL40lAGrVpVJrcJa_peIKuQLHYa9a"
"s3://hcp-openaccess/HCP_1200/506234/MNINonLinear/Results/tfMRI_RELATIONAL/tfMRI_RELATIONAL_hp200_s2_level2_MSMAll.feat/GrayordinatesStats/cope3.feat/cope1.dtseries.nii","506234","MNINonLinear//Results/tfMRI_RELATIONAL/tfMRI_RELATIONAL_hp200_s2_level2_MSMAll.feat/GrayordinatesStats/cope3.feat/cope1.dtseries.nii","VTM7lcVwm5VMbmnktyIZGHyxES_MQ8TG"
"s3://hcp-openaccess/HCP_1200/506234/MNINonLinear/Results/tfMRI_RELATIONAL/tfMRI_RELATIONAL_hp200_s2_level2_MSMAll.feat/GrayordinatesStats/cope3.feat/logfile","506234","MNINonLinear//Results/tfMRI_RELATIONAL/tfMRI_RELATIONAL_hp200_s2_level2_MSMAll.feat/GrayordinatesStats/cope3.feat/logfile","9wh1aHRFFBb5Ht2GIZZiGEEdC.qcOxCv"
"s3://hcp-openaccess/HCP_1200/506234/MNINonLinear/Results/tfMRI_RELATIONAL/tfMRI_RELATIONAL_hp200_s2_level2_MSMAll.feat/GrayordinatesStats/cope3.feat/mask.dtseries.nii","506234","MNINonLinear//Results/tfMRI_RELATIONAL/tfMRI_RELATIONAL_hp200_s2_level2_MSMAll.feat/GrayordinatesStats/cope3.feat/mask.dtseries.nii","vaVVngrhT3UhI7rukW5wi9MttOpxKfbv"
"s3://hcp-openaccess/HCP_1200/506234/MNINonLinear/Results/tfMRI_RELATIONAL/tfMRI_RELATIONAL_hp200_s2_level2_MSMAll.feat/GrayordinatesStats/cope3.feat/mean_random_effects_var1.dtseries.nii","506234","MNINonLinear//Results/tfMRI_RELATIONAL/tfMRI_RELATIONAL_hp200_s2_level2_MSMAll.feat/GrayordinatesStats/cope3.feat/mean_random_effects_var1.dtseries.nii","Tmvwj_H9PWheAWxlaWWZmaI0B8wC9qx."
"s3://hcp-openaccess/HCP_1200/506234/MNINonLinear/Results/tfMRI_RELATIONAL/tfMRI_RELATIONAL_hp200_s2_level2_MSMAll.feat/GrayordinatesStats/cope3.feat/pe1.dtseries.nii","506234","MNINonLinear//Results/tfMRI_RELATIONAL/tfMRI_RELATIONAL_hp200_s2_level2_MSMAll.feat/GrayordinatesStats/cope3.feat/pe1.dtseries.nii","JfOWva5AcEP3Vm7dYVwIPJCQmbH6atJL"
"s3://hcp-openaccess/HCP_1200/506234/MNINonLinear/Results/tfMRI_RELATIONAL/tfMRI_RELATIONAL_hp200_s2_level2_MSMAll.feat/GrayordinatesStats/cope3.feat/res4d.dtseries.nii","506234","MNINonLinear//Results/tfMRI_RELATIONAL/tfMRI_RELATIONAL_hp200_s2_level2_MSMAll.feat/GrayordinatesStats/cope3.feat/res4d.dtseries.nii","aPeOEqS4MEV2Cewj7bo4k2B9OfwAamcA"
"s3://hcp-openaccess/HCP_1200/506234/MNINonLinear/Results/tfMRI_RELATIONAL/tfMRI_RELATIONAL_hp200_s2_level2_MSMAll.feat/GrayordinatesStats/cope3.feat/tdof_t1.dtseries.nii","506234","MNINonLinear//Results/tfMRI_RELATIONAL/tfMRI_RELATIONAL_hp200_s2_level2_MSMAll.feat/GrayordinatesStats/cope3.feat/tdof_t1.dtseries.nii","_5yGltQTC_QUjGS5fNz12wBgQmuknrbW"
"s3://hcp-openaccess/HCP_1200/506234/MNINonLinear/Results/tfMRI_RELATIONAL/tfMRI_RELATIONAL_hp200_s2_level2_MSMAll.feat/GrayordinatesStats/cope3.feat/tstat1.dtseries.nii","506234","MNINonLinear//Results/tfMRI_RELATIONAL/tfMRI_RELATIONAL_hp200_s2_level2_MSMAll.feat/GrayordinatesStats/cope3.feat/tstat1.dtseries.nii","NuIoOGqhbNo5s_HYocaNepAORK7kPr7a"
"s3://hcp-openaccess/HCP_1200/506234/MNINonLinear/Results/tfMRI_RELATIONAL/tfMRI_RELATIONAL_hp200_s2_level2_MSMAll.feat/GrayordinatesStats/cope3.feat/varcope1.dtseries.nii","506234","MNINonLinear//Results/tfMRI_RELATIONAL/tfMRI_RELATIONAL_hp200_s2_level2_MSMAll.feat/GrayordinatesStats/cope3.feat/varcope1.dtseries.nii","J.VAl1eFvEq06hrTcomA66vgxwIvXHkK"
"s3://hcp-openaccess/HCP_1200/506234/MNINonLinear/Results/tfMRI_RELATIONAL/tfMRI_RELATIONAL_hp200_s2_level2_MSMAll.feat/GrayordinatesStats/cope3.feat/weights1.dtseries.nii","506234","MNINonLinear//Results/tfMRI_RELATIONAL/tfMRI_RELATIONAL_hp200_s2_level2_MSMAll.feat/GrayordinatesStats/cope3.feat/weights1.dtseries.nii","qfrQVLJe001sBHIQ3KW5dCQ..7jBvTyK"
"s3://hcp-openaccess/HCP_1200/506234/MNINonLinear/Results/tfMRI_RELATIONAL/tfMRI_RELATIONAL_hp200_s2_level2_MSMAll.feat/GrayordinatesStats/cope3.feat/zflame1lowertstat1.dtseries.nii","506234","MNINonLinear//Results/tfMRI_RELATIONAL/tfMRI_RELATIONAL_hp200_s2_level2_MSMAll.feat/GrayordinatesStats/cope3.feat/zflame1lowertstat1.dtseries.nii","fZxchVJ6oxAdcYeaNpDegPH3eX88zTjH"
"s3://hcp-openaccess/HCP_1200/506234/MNINonLinear/Results/tfMRI_RELATIONAL/tfMRI_RELATIONAL_hp200_s2_level2_MSMAll.feat/GrayordinatesStats/cope3.feat/zflame1uppertstat1.dtseries.nii","506234","MNINonLinear//Results/tfMRI_RELATIONAL/tfMRI_RELATIONAL_hp200_s2_level2_MSMAll.feat/GrayordinatesStats/cope3.feat/zflame1uppertstat1.dtseries.nii","mKfZM.ptDEvx_lpjgJZDRic4zGXFVoE."
"s3://hcp-openaccess/HCP_1200/506234/MNINonLinear/Results/tfMRI_RELATIONAL/tfMRI_RELATIONAL_hp200_s2_level2_MSMAll.feat/GrayordinatesStats/cope3.feat/zstat1.dtseries.nii","506234","MNINonLinear//Results/tfMRI_RELATIONAL/tfMRI_RELATIONAL_hp200_s2_level2_MSMAll.feat/GrayordinatesStats/cope3.feat/zstat1.dtseries.nii","jFNwnjTesSWEW_wf3ZGj.RWxkjEd7JN4"
"s3://hcp-openaccess/HCP_1200/506234/MNINonLinear/Results/tfMRI_RELATIONAL/tfMRI_RELATIONAL_hp200_s2_level2_MSMAll.feat/GrayordinatesStats/cope4.feat/cope1.dtseries.nii","506234","MNINonLinear//Results/tfMRI_RELATIONAL/tfMRI_RELATIONAL_hp200_s2_level2_MSMAll.feat/GrayordinatesStats/cope4.feat/cope1.dtseries.nii","ncoMfhU0.tq75dWfJxnvQHVHiDa6pBOe"
"s3://hcp-openaccess/HCP_1200/506234/MNINonLinear/Results/tfMRI_RELATIONAL/tfMRI_RELATIONAL_hp200_s2_level2_MSMAll.feat/GrayordinatesStats/cope4.feat/logfile","506234","MNINonLinear//Results/tfMRI_RELATIONAL/tfMRI_RELATIONAL_hp200_s2_level2_MSMAll.feat/GrayordinatesStats/cope4.feat/logfile","NZwPVL7LuAvyrtZyRQJS10CLr_Qirrrs"
"s3://hcp-openaccess/HCP_1200/506234/MNINonLinear/Results/tfMRI_RELATIONAL/tfMRI_RELATIONAL_hp200_s2_level2_MSMAll.feat/GrayordinatesStats/cope4.feat/mask.dtseries.nii","506234","MNINonLinear//Results/tfMRI_RELATIONAL/tfMRI_RELATIONAL_hp200_s2_level2_MSMAll.feat/GrayordinatesStats/cope4.feat/mask.dtseries.nii","QXU4bjVQS6wjnRWzmi6EhpcSqsh7kf.m"
"s3://hcp-openaccess/HCP_1200/506234/MNINonLinear/Results/tfMRI_RELATIONAL/tfMRI_RELATIONAL_hp200_s2_level2_MSMAll.feat/GrayordinatesStats/cope4.feat/mean_random_effects_var1.dtseries.nii","506234","MNINonLinear//Results/tfMRI_RELATIONAL/tfMRI_RELATIONAL_hp200_s2_level2_MSMAll.feat/GrayordinatesStats/cope4.feat/mean_random_effects_var1.dtseries.nii","YYobe2fh9h8_ep9a4_ZLbmcgX5i9h3oX"
"s3://hcp-openaccess/HCP_1200/506234/MNINonLinear/Results/tfMRI_RELATIONAL/tfMRI_RELATIONAL_hp200_s2_level2_MSMAll.feat/GrayordinatesStats/cope4.feat/pe1.dtseries.nii","506234","MNINonLinear//Results/tfMRI_RELATIONAL/tfMRI_RELATIONAL_hp200_s2_level2_MSMAll.feat/GrayordinatesStats/cope4.feat/pe1.dtseries.nii","_R2wPBTSJrTNtk0cjq67HYhpUOJuNZ5q"
"s3://hcp-openaccess/HCP_1200/506234/MNINonLinear/Results/tfMRI_RELATIONAL/tfMRI_RELATIONAL_hp200_s2_level2_MSMAll.feat/GrayordinatesStats/cope4.feat/res4d.dtseries.nii","506234","MNINonLinear//Results/tfMRI_RELATIONAL/tfMRI_RELATIONAL_hp200_s2_level2_MSMAll.feat/GrayordinatesStats/cope4.feat/res4d.dtseries.nii","ejPEQ8cWZBdKz6WoPmToumWOpci9N_j4"
"s3://hcp-openaccess/HCP_1200/506234/MNINonLinear/Results/tfMRI_RELATIONAL/tfMRI_RELATIONAL_hp200_s2_level2_MSMAll.feat/GrayordinatesStats/cope4.feat/tdof_t1.dtseries.nii","506234","MNINonLinear//Results/tfMRI_RELATIONAL/tfMRI_RELATIONAL_hp200_s2_level2_MSMAll.feat/GrayordinatesStats/cope4.feat/tdof_t1.dtseries.nii","o14.CfFxZcQNQMRtWa4B170TFN5ipGHo"
"s3://hcp-openaccess/HCP_1200/506234/MNINonLinear/Results/tfMRI_RELATIONAL/tfMRI_RELATIONAL_hp200_s2_level2_MSMAll.feat/GrayordinatesStats/cope4.feat/tstat1.dtseries.nii","506234","MNINonLinear//Results/tfMRI_RELATIONAL/tfMRI_RELATIONAL_hp200_s2_level2_MSMAll.feat/GrayordinatesStats/cope4.feat/tstat1.dtseries.nii","wXIStbBSqGud9jZKDC.v9aDq7awINLno"
"s3://hcp-openaccess/HCP_1200/506234/MNINonLinear/Results/tfMRI_RELATIONAL/tfMRI_RELATIONAL_hp200_s2_level2_MSMAll.feat/GrayordinatesStats/cope4.feat/varcope1.dtseries.nii","506234","MNINonLinear//Results/tfMRI_RELATIONAL/tfMRI_RELATIONAL_hp200_s2_level2_MSMAll.feat/GrayordinatesStats/cope4.feat/varcope1.dtseries.nii","nBPxVBD7HYAeBsnQz2mptPkglxWexQBv"
"s3://hcp-openaccess/HCP_1200/506234/MNINonLinear/Results/tfMRI_RELATIONAL/tfMRI_RELATIONAL_hp200_s2_level2_MSMAll.feat/GrayordinatesStats/cope4.feat/weights1.dtseries.nii","506234","MNINonLinear//Results/tfMRI_RELATIONAL/tfMRI_RELATIONAL_hp200_s2_level2_MSMAll.feat/GrayordinatesStats/cope4.feat/weights1.dtseries.nii","7cXCgyzKxpb4tF7W8t0_guQ1o9KZVCmX"
"s3://hcp-openaccess/HCP_1200/506234/MNINonLinear/Results/tfMRI_RELATIONAL/tfMRI_RELATIONAL_hp200_s2_level2_MSMAll.feat/GrayordinatesStats/cope4.feat/zflame1lowertstat1.dtseries.nii","506234","MNINonLinear//Results/tfMRI_RELATIONAL/tfMRI_RELATIONAL_hp200_s2_level2_MSMAll.feat/GrayordinatesStats/cope4.feat/zflame1lowertstat1.dtseries.nii","GTwj7dLo8H4kyPFn6u5pHRg5YUHcZP4q"
"s3://hcp-openaccess/HCP_1200/506234/MNINonLinear/Results/tfMRI_RELATIONAL/tfMRI_RELATIONAL_hp200_s2_level2_MSMAll.feat/GrayordinatesStats/cope4.feat/zflame1uppertstat1.dtseries.nii","506234","MNINonLinear//Results/tfMRI_RELATIONAL/tfMRI_RELATIONAL_hp200_s2_level2_MSMAll.feat/GrayordinatesStats/cope4.feat/zflame1uppertstat1.dtseries.nii","qBlzFsBdFdnZwGd_g3LzCIwROiww9A9N"
"s3://hcp-openaccess/HCP_1200/506234/MNINonLinear/Results/tfMRI_RELATIONAL/tfMRI_RELATIONAL_hp200_s2_level2_MSMAll.feat/GrayordinatesStats/cope4.feat/zstat1.dtseries.nii","506234","MNINonLinear//Results/tfMRI_RELATIONAL/tfMRI_RELATIONAL_hp200_s2_level2_MSMAll.feat/GrayordinatesStats/cope4.feat/zstat1.dtseries.nii","qOmcwsThNcRf3uqP4BbJzUYR8pLZFbb4"
"s3://hcp-openaccess/HCP_1200/506234/MNINonLinear/Results/tfMRI_RELATIONAL/tfMRI_RELATIONAL_hp200_s2_level2_MSMAll.feat/GrayordinatesStats/cope5.feat/cope1.dtseries.nii","506234","MNINonLinear//Results/tfMRI_RELATIONAL/tfMRI_RELATIONAL_hp200_s2_level2_MSMAll.feat/GrayordinatesStats/cope5.feat/cope1.dtseries.nii","lkc7sOeHDLyXIN6A9zEW5DYg5XqIW3cd"
"s3://hcp-openaccess/HCP_1200/506234/MNINonLinear/Results/tfMRI_RELATIONAL/tfMRI_RELATIONAL_hp200_s2_level2_MSMAll.feat/GrayordinatesStats/cope5.feat/logfile","506234","MNINonLinear//Results/tfMRI_RELATIONAL/tfMRI_RELATIONAL_hp200_s2_level2_MSMAll.feat/GrayordinatesStats/cope5.feat/logfile","5LlMVmXAKOQpOTlBxD3gVA2rVIYTjmi7"
"s3://hcp-openaccess/HCP_1200/506234/MNINonLinear/Results/tfMRI_RELATIONAL/tfMRI_RELATIONAL_hp200_s2_level2_MSMAll.feat/GrayordinatesStats/cope5.feat/mask.dtseries.nii","506234","MNINonLinear//Results/tfMRI_RELATIONAL/tfMRI_RELATIONAL_hp200_s2_level2_MSMAll.feat/GrayordinatesStats/cope5.feat/mask.dtseries.nii","g_kbkqaghMy5RypGmI8IZ8TmA02OLRT5"
"s3://hcp-openaccess/HCP_1200/506234/MNINonLinear/Results/tfMRI_RELATIONAL/tfMRI_RELATIONAL_hp200_s2_level2_MSMAll.feat/GrayordinatesStats/cope5.feat/mean_random_effects_var1.dtseries.nii","506234","MNINonLinear//Results/tfMRI_RELATIONAL/tfMRI_RELATIONAL_hp200_s2_level2_MSMAll.feat/GrayordinatesStats/cope5.feat/mean_random_effects_var1.dtseries.nii","ctVn1ydjukwvE6V9mVia7mLP9jOKtzj4"
"s3://hcp-openaccess/HCP_1200/506234/MNINonLinear/Results/tfMRI_RELATIONAL/tfMRI_RELATIONAL_hp200_s2_level2_MSMAll.feat/GrayordinatesStats/cope5.feat/pe1.dtseries.nii","506234","MNINonLinear//Results/tfMRI_RELATIONAL/tfMRI_RELATIONAL_hp200_s2_level2_MSMAll.feat/GrayordinatesStats/cope5.feat/pe1.dtseries.nii",".viYPXcD97l89elKBrKiU9Ekgv7Fu1G8"
"s3://hcp-openaccess/HCP_1200/506234/MNINonLinear/Results/tfMRI_RELATIONAL/tfMRI_RELATIONAL_hp200_s2_level2_MSMAll.feat/GrayordinatesStats/cope5.feat/res4d.dtseries.nii","506234","MNINonLinear//Results/tfMRI_RELATIONAL/tfMRI_RELATIONAL_hp200_s2_level2_MSMAll.feat/GrayordinatesStats/cope5.feat/res4d.dtseries.nii","PGkmB5SMpNjzRv6wd8UUL.4HVilGh3KR"
"s3://hcp-openaccess/HCP_1200/506234/MNINonLinear/Results/tfMRI_RELATIONAL/tfMRI_RELATIONAL_hp200_s2_level2_MSMAll.feat/GrayordinatesStats/cope5.feat/tdof_t1.dtseries.nii","506234","MNINonLinear//Results/tfMRI_RELATIONAL/tfMRI_RELATIONAL_hp200_s2_level2_MSMAll.feat/GrayordinatesStats/cope5.feat/tdof_t1.dtseries.nii","wNaw2Hi0qz.yi._02Yjd86NOabwhm8Bi"
"s3://hcp-openaccess/HCP_1200/506234/MNINonLinear/Results/tfMRI_RELATIONAL/tfMRI_RELATIONAL_hp200_s2_level2_MSMAll.feat/GrayordinatesStats/cope5.feat/tstat1.dtseries.nii","506234","MNINonLinear//Results/tfMRI_RELATIONAL/tfMRI_RELATIONAL_hp200_s2_level2_MSMAll.feat/GrayordinatesStats/cope5.feat/tstat1.dtseries.nii","OKtWomAnfrKTRPAyTSGRLV8s6C9n7RsX"
"s3://hcp-openaccess/HCP_1200/506234/MNINonLinear/Results/tfMRI_RELATIONAL/tfMRI_RELATIONAL_hp200_s2_level2_MSMAll.feat/GrayordinatesStats/cope5.feat/varcope1.dtseries.nii","506234","MNINonLinear//Results/tfMRI_RELATIONAL/tfMRI_RELATIONAL_hp200_s2_level2_MSMAll.feat/GrayordinatesStats/cope5.feat/varcope1.dtseries.nii","k0DR7ShI7JwNXC3ejr04sv5WO6qzJ3lE"
"s3://hcp-openaccess/HCP_1200/506234/MNINonLinear/Results/tfMRI_RELATIONAL/tfMRI_RELATIONAL_hp200_s2_level2_MSMAll.feat/GrayordinatesStats/cope5.feat/weights1.dtseries.nii","506234","MNINonLinear//Results/tfMRI_RELATIONAL/tfMRI_RELATIONAL_hp200_s2_level2_MSMAll.feat/GrayordinatesStats/cope5.feat/weights1.dtseries.nii","3nfaCQGKvfWc1DsI_UV2J_UwgfH4JzNQ"
"s3://hcp-openaccess/HCP_1200/506234/MNINonLinear/Results/tfMRI_RELATIONAL/tfMRI_RELATIONAL_hp200_s2_level2_MSMAll.feat/GrayordinatesStats/cope5.feat/zflame1lowertstat1.dtseries.nii","506234","MNINonLinear//Results/tfMRI_RELATIONAL/tfMRI_RELATIONAL_hp200_s2_level2_MSMAll.feat/GrayordinatesStats/cope5.feat/zflame1lowertstat1.dtseries.nii","YXxqDcHYTB2DuC43MVq7KRRNvVABb3X0"
"s3://hcp-openaccess/HCP_1200/506234/MNINonLinear/Results/tfMRI_RELATIONAL/tfMRI_RELATIONAL_hp200_s2_level2_MSMAll.feat/GrayordinatesStats/cope5.feat/zflame1uppertstat1.dtseries.nii","506234","MNINonLinear//Results/tfMRI_RELATIONAL/tfMRI_RELATIONAL_hp200_s2_level2_MSMAll.feat/GrayordinatesStats/cope5.feat/zflame1uppertstat1.dtseries.nii","n.dp.KIzNzbuH4yyaSoDX4xGXVEkS20d"
"s3://hcp-openaccess/HCP_1200/506234/MNINonLinear/Results/tfMRI_RELATIONAL/tfMRI_RELATIONAL_hp200_s2_level2_MSMAll.feat/GrayordinatesStats/cope5.feat/zstat1.dtseries.nii","506234","MNINonLinear//Results/tfMRI_RELATIONAL/tfMRI_RELATIONAL_hp200_s2_level2_MSMAll.feat/GrayordinatesStats/cope5.feat/zstat1.dtseries.nii","C6ELgw2WM45OhUhMDtyvcV3x1z5zsKlp"
"s3://hcp-openaccess/HCP_1200/506234/MNINonLinear/Results/tfMRI_RELATIONAL/tfMRI_RELATIONAL_hp200_s2_level2_MSMAll.feat/GrayordinatesStats/cope6.feat/cope1.dtseries.nii","506234","MNINonLinear//Results/tfMRI_RELATIONAL/tfMRI_RELATIONAL_hp200_s2_level2_MSMAll.feat/GrayordinatesStats/cope6.feat/cope1.dtseries.nii","slJ9LNv8_ZjelzpYHZ4aVLOBbKBdXyfB"
"s3://hcp-openaccess/HCP_1200/506234/MNINonLinear/Results/tfMRI_RELATIONAL/tfMRI_RELATIONAL_hp200_s2_level2_MSMAll.feat/GrayordinatesStats/cope6.feat/logfile","506234","MNINonLinear//Results/tfMRI_RELATIONAL/tfMRI_RELATIONAL_hp200_s2_level2_MSMAll.feat/GrayordinatesStats/cope6.feat/logfile","eFCYGIhscJaCgPqbtP4w9s58lyd0oL8d"
"s3://hcp-openaccess/HCP_1200/506234/MNINonLinear/Results/tfMRI_RELATIONAL/tfMRI_RELATIONAL_hp200_s2_level2_MSMAll.feat/GrayordinatesStats/cope6.feat/mask.dtseries.nii","506234","MNINonLinear//Results/tfMRI_RELATIONAL/tfMRI_RELATIONAL_hp200_s2_level2_MSMAll.feat/GrayordinatesStats/cope6.feat/mask.dtseries.nii","6cZb6d6mPv.AcS52E4H4hxUVt4Unx2CY"
"s3://hcp-openaccess/HCP_1200/506234/MNINonLinear/Results/tfMRI_RELATIONAL/tfMRI_RELATIONAL_hp200_s2_level2_MSMAll.feat/GrayordinatesStats/cope6.feat/mean_random_effects_var1.dtseries.nii","506234","MNINonLinear//Results/tfMRI_RELATIONAL/tfMRI_RELATIONAL_hp200_s2_level2_MSMAll.feat/GrayordinatesStats/cope6.feat/mean_random_effects_var1.dtseries.nii","I9jvKgeZlLCFIvLwW7Tu8BTIwHn.F92h"
"s3://hcp-openaccess/HCP_1200/506234/MNINonLinear/Results/tfMRI_RELATIONAL/tfMRI_RELATIONAL_hp200_s2_level2_MSMAll.feat/GrayordinatesStats/cope6.feat/pe1.dtseries.nii","506234","MNINonLinear//Results/tfMRI_RELATIONAL/tfMRI_RELATIONAL_hp200_s2_level2_MSMAll.feat/GrayordinatesStats/cope6.feat/pe1.dtseries.nii",".Mrk61nu1RRNRJrYajpoPHi92ZQJenpw"
"s3://hcp-openaccess/HCP_1200/506234/MNINonLinear/Results/tfMRI_RELATIONAL/tfMRI_RELATIONAL_hp200_s2_level2_MSMAll.feat/GrayordinatesStats/cope6.feat/res4d.dtseries.nii","506234","MNINonLinear//Results/tfMRI_RELATIONAL/tfMRI_RELATIONAL_hp200_s2_level2_MSMAll.feat/GrayordinatesStats/cope6.feat/res4d.dtseries.nii","qkUf4hYLVDADAdigQUaS9JZECDDp4X5Q"
"s3://hcp-openaccess/HCP_1200/506234/MNINonLinear/Results/tfMRI_RELATIONAL/tfMRI_RELATIONAL_hp200_s2_level2_MSMAll.feat/GrayordinatesStats/cope6.feat/tdof_t1.dtseries.nii","506234","MNINonLinear//Results/tfMRI_RELATIONAL/tfMRI_RELATIONAL_hp200_s2_level2_MSMAll.feat/GrayordinatesStats/cope6.feat/tdof_t1.dtseries.nii","_SRv9b6u_L2w3FK7s9cA5RR8oeg6Vgkc"
"s3://hcp-openaccess/HCP_1200/506234/MNINonLinear/Results/tfMRI_RELATIONAL/tfMRI_RELATIONAL_hp200_s2_level2_MSMAll.feat/GrayordinatesStats/cope6.feat/tstat1.dtseries.nii","506234","MNINonLinear//Results/tfMRI_RELATIONAL/tfMRI_RELATIONAL_hp200_s2_level2_MSMAll.feat/GrayordinatesStats/cope6.feat/tstat1.dtseries.nii","HQfvot95v78WmdYBNqlhN_aDmTVX_rNk"
"s3://hcp-openaccess/HCP_1200/506234/MNINonLinear/Results/tfMRI_RELATIONAL/tfMRI_RELATIONAL_hp200_s2_level2_MSMAll.feat/GrayordinatesStats/cope6.feat/varcope1.dtseries.nii","506234","MNINonLinear//Results/tfMRI_RELATIONAL/tfMRI_RELATIONAL_hp200_s2_level2_MSMAll.feat/GrayordinatesStats/cope6.feat/varcope1.dtseries.nii","eZJsWPW.qsmUqZaMAi_ZekBswYElHZU."
"s3://hcp-openaccess/HCP_1200/506234/MNINonLinear/Results/tfMRI_RELATIONAL/tfMRI_RELATIONAL_hp200_s2_level2_MSMAll.feat/GrayordinatesStats/cope6.feat/weights1.dtseries.nii","506234","MNINonLinear//Results/tfMRI_RELATIONAL/tfMRI_RELATIONAL_hp200_s2_level2_MSMAll.feat/GrayordinatesStats/cope6.feat/weights1.dtseries.nii","gEJW.JywZh3Zu2FSQWaMKF9BNrj9v6IU"
"s3://hcp-openaccess/HCP_1200/506234/MNINonLinear/Results/tfMRI_RELATIONAL/tfMRI_RELATIONAL_hp200_s2_level2_MSMAll.feat/GrayordinatesStats/cope6.feat/zflame1lowertstat1.dtseries.nii","506234","MNINonLinear//Results/tfMRI_RELATIONAL/tfMRI_RELATIONAL_hp200_s2_level2_MSMAll.feat/GrayordinatesStats/cope6.feat/zflame1lowertstat1.dtseries.nii","pu90uTSY9S86hhb7hAs1ojogVfPiosPs"
"s3://hcp-openaccess/HCP_1200/506234/MNINonLinear/Results/tfMRI_RELATIONAL/tfMRI_RELATIONAL_hp200_s2_level2_MSMAll.feat/GrayordinatesStats/cope6.feat/zflame1uppertstat1.dtseries.nii","506234","MNINonLinear//Results/tfMRI_RELATIONAL/tfMRI_RELATIONAL_hp200_s2_level2_MSMAll.feat/GrayordinatesStats/cope6.feat/zflame1uppertstat1.dtseries.nii","0CoWYkAobcLyvJzXwV4EXVDNZftC_IPa"
"s3://hcp-openaccess/HCP_1200/506234/MNINonLinear/Results/tfMRI_RELATIONAL/tfMRI_RELATIONAL_hp200_s2_level2_MSMAll.feat/GrayordinatesStats/cope6.feat/zstat1.dtseries.nii","506234","MNINonLinear//Results/tfMRI_RELATIONAL/tfMRI_RELATIONAL_hp200_s2_level2_MSMAll.feat/GrayordinatesStats/cope6.feat/zstat1.dtseries.nii","U6bR1lE8hmKh4vIGeYnzqbq1Bkkitr06"
"s3://hcp-openaccess/HCP_1200/506234/MNINonLinear/Results/tfMRI_RELATIONAL/tfMRI_RELATIONAL_hp200_s2_level2_MSMAll.feat/design.con","506234","MNINonLinear//Results/tfMRI_RELATIONAL/tfMRI_RELATIONAL_hp200_s2_level2_MSMAll.feat/design.con","reXweSs_HQHkiY4IX.7nztabrANuoBsn"
"s3://hcp-openaccess/HCP_1200/506234/MNINonLinear/Results/tfMRI_RELATIONAL/tfMRI_RELATIONAL_hp200_s2_level2_MSMAll.feat/design.fsf","506234","MNINonLinear//Results/tfMRI_RELATIONAL/tfMRI_RELATIONAL_hp200_s2_level2_MSMAll.feat/design.fsf","jhxBuLgCDADvM58lxUpJR5UEbDzsG7SJ"
"s3://hcp-openaccess/HCP_1200/506234/MNINonLinear/Results/tfMRI_RELATIONAL/tfMRI_RELATIONAL_hp200_s2_level2_MSMAll.feat/design.grp","506234","MNINonLinear//Results/tfMRI_RELATIONAL/tfMRI_RELATIONAL_hp200_s2_level2_MSMAll.feat/design.grp","GQp3iWrWp.B5lRmFXtg5N6xVVIhz2i.9"
"s3://hcp-openaccess/HCP_1200/506234/MNINonLinear/Results/tfMRI_RELATIONAL/tfMRI_RELATIONAL_hp200_s2_level2_MSMAll.feat/design.mat","506234","MNINonLinear//Results/tfMRI_RELATIONAL/tfMRI_RELATIONAL_hp200_s2_level2_MSMAll.feat/design.mat","v6Blqyg.dNz2G9QqKhpxyiV3iMFAArVq"
"s3://hcp-openaccess/HCP_1200/506234/MNINonLinear/Results/tfMRI_RELATIONAL/tfMRI_RELATIONAL_hp200_s2_level2_MSMAll.feat/design.png","506234","MNINonLinear//Results/tfMRI_RELATIONAL/tfMRI_RELATIONAL_hp200_s2_level2_MSMAll.feat/design.png","LkPnvmGBVN.0HCbrcNsPcBRZVdWDuf_N"
"s3://hcp-openaccess/HCP_1200/506234/MNINonLinear/Results/tfMRI_RELATIONAL/tfMRI_RELATIONAL_hp200_s2_level2_MSMAll.feat/design.ppm","506234","MNINonLinear//Results/tfMRI_RELATIONAL/tfMRI_RELATIONAL_hp200_s2_level2_MSMAll.feat/design.ppm","Ohf4fZYTwgtxB5s3f5QUiHeTcauFCZtd"
"s3://hcp-openaccess/HCP_1200/506234/MNINonLinear/Results/tfMRI_RELATIONAL/tfMRI_RELATIONAL_hp200_s2_level2_MSMAll.feat/design_cov.png","506234","MNINonLinear//Results/tfMRI_RELATIONAL/tfMRI_RELATIONAL_hp200_s2_level2_MSMAll.feat/design_cov.png","RbAVbmtmzXX448y5j.GQEA.v1fagz6Ph"
"s3://hcp-openaccess/HCP_1200/506234/MNINonLinear/Results/tfMRI_RELATIONAL/tfMRI_RELATIONAL_hp200_s2_level2_MSMAll.feat/design_cov.ppm","506234","MNINonLinear//Results/tfMRI_RELATIONAL/tfMRI_RELATIONAL_hp200_s2_level2_MSMAll.feat/design_cov.ppm","XpeZ0mqoXyoSwfzjIfg.V4UhQv3jInKn"
"s3://hcp-openaccess/HCP_1200/506234/MNINonLinear/Results/tfMRI_RELATIONAL/tfMRI_RELATIONAL_hp200_s4_level2.feat/506234_tfMRI_RELATIONAL_level2_hp200_s4.dscalar.nii","506234","MNINonLinear//Results/tfMRI_RELATIONAL/tfMRI_RELATIONAL_hp200_s4_level2.feat/506234_tfMRI_RELATIONAL_level2_hp200_s4.dscalar.nii","wISTxzR_zEFfX0glqGEq9FksfDrVZFjV"
"s3://hcp-openaccess/HCP_1200/506234/MNINonLinear/Results/tfMRI_RELATIONAL/tfMRI_RELATIONAL_hp200_s4_level2.feat/Contrasts.txt","506234","MNINonLinear//Results/tfMRI_RELATIONAL/tfMRI_RELATIONAL_hp200_s4_level2.feat/Contrasts.txt","M54YKRBYiClA.PRaA7T7QzmQI8HBO5zv"
"s3://hcp-openaccess/HCP_1200/506234/MNINonLinear/Results/tfMRI_RELATIONAL/tfMRI_RELATIONAL_hp200_s4_level2.feat/GrayordinatesStats/cope1.feat/cope1.dtseries.nii","506234","MNINonLinear//Results/tfMRI_RELATIONAL/tfMRI_RELATIONAL_hp200_s4_level2.feat/GrayordinatesStats/cope1.feat/cope1.dtseries.nii","UEE9LGjzgLligoFXetAKmy.tX1acILnG"
"s3://hcp-openaccess/HCP_1200/506234/MNINonLinear/Results/tfMRI_RELATIONAL/tfMRI_RELATIONAL_hp200_s4_level2.feat/GrayordinatesStats/cope1.feat/logfile","506234","MNINonLinear//Results/tfMRI_RELATIONAL/tfMRI_RELATIONAL_hp200_s4_level2.feat/GrayordinatesStats/cope1.feat/logfile","ihIEnCSkB5zB1CRrGmNGRXtsVGOsMWuh"
"s3://hcp-openaccess/HCP_1200/506234/MNINonLinear/Results/tfMRI_RELATIONAL/tfMRI_RELATIONAL_hp200_s4_level2.feat/GrayordinatesStats/cope1.feat/mask.dtseries.nii","506234","MNINonLinear//Results/tfMRI_RELATIONAL/tfMRI_RELATIONAL_hp200_s4_level2.feat/GrayordinatesStats/cope1.feat/mask.dtseries.nii","gN3NIfzMCYvYItSNDki_KquY9jEoh9vO"
"s3://hcp-openaccess/HCP_1200/506234/MNINonLinear/Results/tfMRI_RELATIONAL/tfMRI_RELATIONAL_hp200_s4_level2.feat/GrayordinatesStats/cope1.feat/mean_random_effects_var1.dtseries.nii","506234","MNINonLinear//Results/tfMRI_RELATIONAL/tfMRI_RELATIONAL_hp200_s4_level2.feat/GrayordinatesStats/cope1.feat/mean_random_effects_var1.dtseries.nii","xbYslSwMpL3n43Yu8HpX6wUSFOZQwZaS"
"s3://hcp-openaccess/HCP_1200/506234/MNINonLinear/Results/tfMRI_RELATIONAL/tfMRI_RELATIONAL_hp200_s4_level2.feat/GrayordinatesStats/cope1.feat/pe1.dtseries.nii","506234","MNINonLinear//Results/tfMRI_RELATIONAL/tfMRI_RELATIONAL_hp200_s4_level2.feat/GrayordinatesStats/cope1.feat/pe1.dtseries.nii","1ceqhoKGOYup52GVYcAoSt.149cP9v7O"
"s3://hcp-openaccess/HCP_1200/506234/MNINonLinear/Results/tfMRI_RELATIONAL/tfMRI_RELATIONAL_hp200_s4_level2.feat/GrayordinatesStats/cope1.feat/res4d.dtseries.nii","506234","MNINonLinear//Results/tfMRI_RELATIONAL/tfMRI_RELATIONAL_hp200_s4_level2.feat/GrayordinatesStats/cope1.feat/res4d.dtseries.nii","GDq5WraXS1XafZQfdcnK81qW84Y0mefJ"
"s3://hcp-openaccess/HCP_1200/506234/MNINonLinear/Results/tfMRI_RELATIONAL/tfMRI_RELATIONAL_hp200_s4_level2.feat/GrayordinatesStats/cope1.feat/tdof_t1.dtseries.nii","506234","MNINonLinear//Results/tfMRI_RELATIONAL/tfMRI_RELATIONAL_hp200_s4_level2.feat/GrayordinatesStats/cope1.feat/tdof_t1.dtseries.nii","yTEpbAjXyPK_Sjb1CzdjvXtN0TBHOIdh"
"s3://hcp-openaccess/HCP_1200/506234/MNINonLinear/Results/tfMRI_RELATIONAL/tfMRI_RELATIONAL_hp200_s4_level2.feat/GrayordinatesStats/cope1.feat/tstat1.dtseries.nii","506234","MNINonLinear//Results/tfMRI_RELATIONAL/tfMRI_RELATIONAL_hp200_s4_level2.feat/GrayordinatesStats/cope1.feat/tstat1.dtseries.nii","cCa6KSxtIrTvJdIjtYHgtf3rNWC3kogt"
"s3://hcp-openaccess/HCP_1200/506234/MNINonLinear/Results/tfMRI_RELATIONAL/tfMRI_RELATIONAL_hp200_s4_level2.feat/GrayordinatesStats/cope1.feat/varcope1.dtseries.nii","506234","MNINonLinear//Results/tfMRI_RELATIONAL/tfMRI_RELATIONAL_hp200_s4_level2.feat/GrayordinatesStats/cope1.feat/varcope1.dtseries.nii","Rb3895JqbaCkBdV9.fGzO1Fz25ho0H_q"
"s3://hcp-openaccess/HCP_1200/506234/MNINonLinear/Results/tfMRI_RELATIONAL/tfMRI_RELATIONAL_hp200_s4_level2.feat/GrayordinatesStats/cope1.feat/weights1.dtseries.nii","506234","MNINonLinear//Results/tfMRI_RELATIONAL/tfMRI_RELATIONAL_hp200_s4_level2.feat/GrayordinatesStats/cope1.feat/weights1.dtseries.nii","MAP3afdECgApdr0ZMzG5QYhQiGlhBBEj"
"s3://hcp-openaccess/HCP_1200/506234/MNINonLinear/Results/tfMRI_RELATIONAL/tfMRI_RELATIONAL_hp200_s4_level2.feat/GrayordinatesStats/cope1.feat/zflame1lowertstat1.dtseries.nii","506234","MNINonLinear//Results/tfMRI_RELATIONAL/tfMRI_RELATIONAL_hp200_s4_level2.feat/GrayordinatesStats/cope1.feat/zflame1lowertstat1.dtseries.nii","i_2QRNo_mufifLRufqb_FXi9ZqXve6Sf"
"s3://hcp-openaccess/HCP_1200/506234/MNINonLinear/Results/tfMRI_RELATIONAL/tfMRI_RELATIONAL_hp200_s4_level2.feat/GrayordinatesStats/cope1.feat/zflame1uppertstat1.dtseries.nii","506234","MNINonLinear//Results/tfMRI_RELATIONAL/tfMRI_RELATIONAL_hp200_s4_level2.feat/GrayordinatesStats/cope1.feat/zflame1uppertstat1.dtseries.nii","FaxuvOwcxVN6_50fMZMERkBra9S75DJs"
"s3://hcp-openaccess/HCP_1200/506234/MNINonLinear/Results/tfMRI_RELATIONAL/tfMRI_RELATIONAL_hp200_s4_level2.feat/GrayordinatesStats/cope1.feat/zstat1.dtseries.nii","506234","MNINonLinear//Results/tfMRI_RELATIONAL/tfMRI_RELATIONAL_hp200_s4_level2.feat/GrayordinatesStats/cope1.feat/zstat1.dtseries.nii","yHNbIes9_OTWwi2T.cXB5vfEz967BwSX"
"s3://hcp-openaccess/HCP_1200/506234/MNINonLinear/Results/tfMRI_RELATIONAL/tfMRI_RELATIONAL_hp200_s4_level2.feat/GrayordinatesStats/cope2.feat/cope1.dtseries.nii","506234","MNINonLinear//Results/tfMRI_RELATIONAL/tfMRI_RELATIONAL_hp200_s4_level2.feat/GrayordinatesStats/cope2.feat/cope1.dtseries.nii","qsrnllNhV37ZGquE9ewL9G5NmqtvGtqD"
"s3://hcp-openaccess/HCP_1200/506234/MNINonLinear/Results/tfMRI_RELATIONAL/tfMRI_RELATIONAL_hp200_s4_level2.feat/GrayordinatesStats/cope2.feat/logfile","506234","MNINonLinear//Results/tfMRI_RELATIONAL/tfMRI_RELATIONAL_hp200_s4_level2.feat/GrayordinatesStats/cope2.feat/logfile","RX0apsoqABnQjSdMi6UE5xnP80FLfoHw"
"s3://hcp-openaccess/HCP_1200/506234/MNINonLinear/Results/tfMRI_RELATIONAL/tfMRI_RELATIONAL_hp200_s4_level2.feat/GrayordinatesStats/cope2.feat/mask.dtseries.nii","506234","MNINonLinear//Results/tfMRI_RELATIONAL/tfMRI_RELATIONAL_hp200_s4_level2.feat/GrayordinatesStats/cope2.feat/mask.dtseries.nii","Y3wYaptD2Nm1qEf7GjQdHaF5s0Q5a3af"
"s3://hcp-openaccess/HCP_1200/506234/MNINonLinear/Results/tfMRI_RELATIONAL/tfMRI_RELATIONAL_hp200_s4_level2.feat/GrayordinatesStats/cope2.feat/mean_random_effects_var1.dtseries.nii","506234","MNINonLinear//Results/tfMRI_RELATIONAL/tfMRI_RELATIONAL_hp200_s4_level2.feat/GrayordinatesStats/cope2.feat/mean_random_effects_var1.dtseries.nii","tRWi6P.zvcDjATZM3qXZzmhWrBTdTeke"
"s3://hcp-openaccess/HCP_1200/506234/MNINonLinear/Results/tfMRI_RELATIONAL/tfMRI_RELATIONAL_hp200_s4_level2.feat/GrayordinatesStats/cope2.feat/pe1.dtseries.nii","506234","MNINonLinear//Results/tfMRI_RELATIONAL/tfMRI_RELATIONAL_hp200_s4_level2.feat/GrayordinatesStats/cope2.feat/pe1.dtseries.nii","MRRbdOKlq5jfy6Jqb8Tjcwsg2dxaTJay"
"s3://hcp-openaccess/HCP_1200/506234/MNINonLinear/Results/tfMRI_RELATIONAL/tfMRI_RELATIONAL_hp200_s4_level2.feat/GrayordinatesStats/cope2.feat/res4d.dtseries.nii","506234","MNINonLinear//Results/tfMRI_RELATIONAL/tfMRI_RELATIONAL_hp200_s4_level2.feat/GrayordinatesStats/cope2.feat/res4d.dtseries.nii","zqiAIy8X9D3ScVxn1JA8erKPjp3kTvcW"
"s3://hcp-openaccess/HCP_1200/506234/MNINonLinear/Results/tfMRI_RELATIONAL/tfMRI_RELATIONAL_hp200_s4_level2.feat/GrayordinatesStats/cope2.feat/tdof_t1.dtseries.nii","506234","MNINonLinear//Results/tfMRI_RELATIONAL/tfMRI_RELATIONAL_hp200_s4_level2.feat/GrayordinatesStats/cope2.feat/tdof_t1.dtseries.nii","PXoHuUF0syFZ5fcyyxcvx7a3M7MEVVNG"
"s3://hcp-openaccess/HCP_1200/506234/MNINonLinear/Results/tfMRI_RELATIONAL/tfMRI_RELATIONAL_hp200_s4_level2.feat/GrayordinatesStats/cope2.feat/tstat1.dtseries.nii","506234","MNINonLinear//Results/tfMRI_RELATIONAL/tfMRI_RELATIONAL_hp200_s4_level2.feat/GrayordinatesStats/cope2.feat/tstat1.dtseries.nii","2BcC_aNwWU7mRui0.Yby8DVc.q32nUAT"
"s3://hcp-openaccess/HCP_1200/506234/MNINonLinear/Results/tfMRI_RELATIONAL/tfMRI_RELATIONAL_hp200_s4_level2.feat/GrayordinatesStats/cope2.feat/varcope1.dtseries.nii","506234","MNINonLinear//Results/tfMRI_RELATIONAL/tfMRI_RELATIONAL_hp200_s4_level2.feat/GrayordinatesStats/cope2.feat/varcope1.dtseries.nii","0a46PJ5zgGBAaWu3leaEWbMbydHeVXXU"
"s3://hcp-openaccess/HCP_1200/506234/MNINonLinear/Results/tfMRI_RELATIONAL/tfMRI_RELATIONAL_hp200_s4_level2.feat/GrayordinatesStats/cope2.feat/weights1.dtseries.nii","506234","MNINonLinear//Results/tfMRI_RELATIONAL/tfMRI_RELATIONAL_hp200_s4_level2.feat/GrayordinatesStats/cope2.feat/weights1.dtseries.nii","gbjmks28pEkUQryplmtewRHxJaxnfOnF"
"s3://hcp-openaccess/HCP_1200/506234/MNINonLinear/Results/tfMRI_RELATIONAL/tfMRI_RELATIONAL_hp200_s4_level2.feat/GrayordinatesStats/cope2.feat/zflame1lowertstat1.dtseries.nii","506234","MNINonLinear//Results/tfMRI_RELATIONAL/tfMRI_RELATIONAL_hp200_s4_level2.feat/GrayordinatesStats/cope2.feat/zflame1lowertstat1.dtseries.nii","X13rEnuYpYFiJ7PwkJhyxIOcfhf8gry8"
"s3://hcp-openaccess/HCP_1200/506234/MNINonLinear/Results/tfMRI_RELATIONAL/tfMRI_RELATIONAL_hp200_s4_level2.feat/GrayordinatesStats/cope2.feat/zflame1uppertstat1.dtseries.nii","506234","MNINonLinear//Results/tfMRI_RELATIONAL/tfMRI_RELATIONAL_hp200_s4_level2.feat/GrayordinatesStats/cope2.feat/zflame1uppertstat1.dtseries.nii","xbgl9_KExheOwW0dZ8uBrzjD2k_hATdA"
"s3://hcp-openaccess/HCP_1200/506234/MNINonLinear/Results/tfMRI_RELATIONAL/tfMRI_RELATIONAL_hp200_s4_level2.feat/GrayordinatesStats/cope2.feat/zstat1.dtseries.nii","506234","MNINonLinear//Results/tfMRI_RELATIONAL/tfMRI_RELATIONAL_hp200_s4_level2.feat/GrayordinatesStats/cope2.feat/zstat1.dtseries.nii","lN6PUqONN86UAv5ZIAJjbpjP2mD7fr3H"
"s3://hcp-openaccess/HCP_1200/506234/MNINonLinear/Results/tfMRI_RELATIONAL/tfMRI_RELATIONAL_hp200_s4_level2.feat/GrayordinatesStats/cope3.feat/cope1.dtseries.nii","506234","MNINonLinear//Results/tfMRI_RELATIONAL/tfMRI_RELATIONAL_hp200_s4_level2.feat/GrayordinatesStats/cope3.feat/cope1.dtseries.nii","kdfDgnjlT_Qa3uE98LLUoRtoY1l86D6M"
"s3://hcp-openaccess/HCP_1200/506234/MNINonLinear/Results/tfMRI_RELATIONAL/tfMRI_RELATIONAL_hp200_s4_level2.feat/GrayordinatesStats/cope3.feat/logfile","506234","MNINonLinear//Results/tfMRI_RELATIONAL/tfMRI_RELATIONAL_hp200_s4_level2.feat/GrayordinatesStats/cope3.feat/logfile","7SjofwJkSc9iVGtblEVOmEkvXIXY1mOX"
"s3://hcp-openaccess/HCP_1200/506234/MNINonLinear/Results/tfMRI_RELATIONAL/tfMRI_RELATIONAL_hp200_s4_level2.feat/GrayordinatesStats/cope3.feat/mask.dtseries.nii","506234","MNINonLinear//Results/tfMRI_RELATIONAL/tfMRI_RELATIONAL_hp200_s4_level2.feat/GrayordinatesStats/cope3.feat/mask.dtseries.nii","q1BVfhiuobQlW52JGd7CH5M9UUnUmHdb"
"s3://hcp-openaccess/HCP_1200/506234/MNINonLinear/Results/tfMRI_RELATIONAL/tfMRI_RELATIONAL_hp200_s4_level2.feat/GrayordinatesStats/cope3.feat/mean_random_effects_var1.dtseries.nii","506234","MNINonLinear//Results/tfMRI_RELATIONAL/tfMRI_RELATIONAL_hp200_s4_level2.feat/GrayordinatesStats/cope3.feat/mean_random_effects_var1.dtseries.nii","gBN7CYc1pyN4wXcnFw9XYm90pMDa1usX"
"s3://hcp-openaccess/HCP_1200/506234/MNINonLinear/Results/tfMRI_RELATIONAL/tfMRI_RELATIONAL_hp200_s4_level2.feat/GrayordinatesStats/cope3.feat/pe1.dtseries.nii","506234","MNINonLinear//Results/tfMRI_RELATIONAL/tfMRI_RELATIONAL_hp200_s4_level2.feat/GrayordinatesStats/cope3.feat/pe1.dtseries.nii","j3U.Jff6GWCim7DFPmD4Ek8MvDQ2KVig"
"s3://hcp-openaccess/HCP_1200/506234/MNINonLinear/Results/tfMRI_RELATIONAL/tfMRI_RELATIONAL_hp200_s4_level2.feat/GrayordinatesStats/cope3.feat/res4d.dtseries.nii","506234","MNINonLinear//Results/tfMRI_RELATIONAL/tfMRI_RELATIONAL_hp200_s4_level2.feat/GrayordinatesStats/cope3.feat/res4d.dtseries.nii","HbyJSfJP7ZGDY9b5zYPd7jlsEzmjfruF"
"s3://hcp-openaccess/HCP_1200/506234/MNINonLinear/Results/tfMRI_RELATIONAL/tfMRI_RELATIONAL_hp200_s4_level2.feat/GrayordinatesStats/cope3.feat/tdof_t1.dtseries.nii","506234","MNINonLinear//Results/tfMRI_RELATIONAL/tfMRI_RELATIONAL_hp200_s4_level2.feat/GrayordinatesStats/cope3.feat/tdof_t1.dtseries.nii","9pLK2kXFRM1nBUMa_mb1eWIoPmuJ9e7V"
"s3://hcp-openaccess/HCP_1200/506234/MNINonLinear/Results/tfMRI_RELATIONAL/tfMRI_RELATIONAL_hp200_s4_level2.feat/GrayordinatesStats/cope3.feat/tstat1.dtseries.nii","506234","MNINonLinear//Results/tfMRI_RELATIONAL/tfMRI_RELATIONAL_hp200_s4_level2.feat/GrayordinatesStats/cope3.feat/tstat1.dtseries.nii","QY_Nx.AK.w1isu51MzaEi2v45thwmcLf"
"s3://hcp-openaccess/HCP_1200/506234/MNINonLinear/Results/tfMRI_RELATIONAL/tfMRI_RELATIONAL_hp200_s4_level2.feat/GrayordinatesStats/cope3.feat/varcope1.dtseries.nii","506234","MNINonLinear//Results/tfMRI_RELATIONAL/tfMRI_RELATIONAL_hp200_s4_level2.feat/GrayordinatesStats/cope3.feat/varcope1.dtseries.nii","wOdm4.DNzrJeCMsSdbN_KWXHNzFKVSmv"
"s3://hcp-openaccess/HCP_1200/506234/MNINonLinear/Results/tfMRI_RELATIONAL/tfMRI_RELATIONAL_hp200_s4_level2.feat/GrayordinatesStats/cope3.feat/weights1.dtseries.nii","506234","MNINonLinear//Results/tfMRI_RELATIONAL/tfMRI_RELATIONAL_hp200_s4_level2.feat/GrayordinatesStats/cope3.feat/weights1.dtseries.nii","r4hwngtZIfo3N.GDxoE_iQDMc8eWKL3U"
"s3://hcp-openaccess/HCP_1200/506234/MNINonLinear/Results/tfMRI_RELATIONAL/tfMRI_RELATIONAL_hp200_s4_level2.feat/GrayordinatesStats/cope3.feat/zflame1lowertstat1.dtseries.nii","506234","MNINonLinear//Results/tfMRI_RELATIONAL/tfMRI_RELATIONAL_hp200_s4_level2.feat/GrayordinatesStats/cope3.feat/zflame1lowertstat1.dtseries.nii","sPY6EWVwxfEhSHju6zd.SH43qrei3wfi"
"s3://hcp-openaccess/HCP_1200/506234/MNINonLinear/Results/tfMRI_RELATIONAL/tfMRI_RELATIONAL_hp200_s4_level2.feat/GrayordinatesStats/cope3.feat/zflame1uppertstat1.dtseries.nii","506234","MNINonLinear//Results/tfMRI_RELATIONAL/tfMRI_RELATIONAL_hp200_s4_level2.feat/GrayordinatesStats/cope3.feat/zflame1uppertstat1.dtseries.nii","Hi6S.QoYVZMQo4ebHq0rV9Hi6ElBaEzN"
"s3://hcp-openaccess/HCP_1200/506234/MNINonLinear/Results/tfMRI_RELATIONAL/tfMRI_RELATIONAL_hp200_s4_level2.feat/GrayordinatesStats/cope3.feat/zstat1.dtseries.nii","506234","MNINonLinear//Results/tfMRI_RELATIONAL/tfMRI_RELATIONAL_hp200_s4_level2.feat/GrayordinatesStats/cope3.feat/zstat1.dtseries.nii","V_X9pCLrm0yOPeLe.5ZZ7LxpUfUW6ha6"
"s3://hcp-openaccess/HCP_1200/506234/MNINonLinear/Results/tfMRI_RELATIONAL/tfMRI_RELATIONAL_hp200_s4_level2.feat/GrayordinatesStats/cope4.feat/cope1.dtseries.nii","506234","MNINonLinear//Results/tfMRI_RELATIONAL/tfMRI_RELATIONAL_hp200_s4_level2.feat/GrayordinatesStats/cope4.feat/cope1.dtseries.nii","Crkw_ryajm5iLcfKPw58LxdPQMIJMjfw"
"s3://hcp-openaccess/HCP_1200/506234/MNINonLinear/Results/tfMRI_RELATIONAL/tfMRI_RELATIONAL_hp200_s4_level2.feat/GrayordinatesStats/cope4.feat/logfile","506234","MNINonLinear//Results/tfMRI_RELATIONAL/tfMRI_RELATIONAL_hp200_s4_level2.feat/GrayordinatesStats/cope4.feat/logfile","GpyhL2foMDZptNlvzIeEiZewNONA9Udz"
"s3://hcp-openaccess/HCP_1200/506234/MNINonLinear/Results/tfMRI_RELATIONAL/tfMRI_RELATIONAL_hp200_s4_level2.feat/GrayordinatesStats/cope4.feat/mask.dtseries.nii","506234","MNINonLinear//Results/tfMRI_RELATIONAL/tfMRI_RELATIONAL_hp200_s4_level2.feat/GrayordinatesStats/cope4.feat/mask.dtseries.nii","CHIiA_IWQYjWhqPsXxPc9UF_fTCqLxbQ"
"s3://hcp-openaccess/HCP_1200/506234/MNINonLinear/Results/tfMRI_RELATIONAL/tfMRI_RELATIONAL_hp200_s4_level2.feat/GrayordinatesStats/cope4.feat/mean_random_effects_var1.dtseries.nii","506234","MNINonLinear//Results/tfMRI_RELATIONAL/tfMRI_RELATIONAL_hp200_s4_level2.feat/GrayordinatesStats/cope4.feat/mean_random_effects_var1.dtseries.nii","skOSfcrxtun8NotrDj.g3hZveSs8jNpn"
"s3://hcp-openaccess/HCP_1200/506234/MNINonLinear/Results/tfMRI_RELATIONAL/tfMRI_RELATIONAL_hp200_s4_level2.feat/GrayordinatesStats/cope4.feat/pe1.dtseries.nii","506234","MNINonLinear//Results/tfMRI_RELATIONAL/tfMRI_RELATIONAL_hp200_s4_level2.feat/GrayordinatesStats/cope4.feat/pe1.dtseries.nii","IiQst2EPHJvMIEcNwWSoiqK9WuD1dzEJ"
"s3://hcp-openaccess/HCP_1200/506234/MNINonLinear/Results/tfMRI_RELATIONAL/tfMRI_RELATIONAL_hp200_s4_level2.feat/GrayordinatesStats/cope4.feat/res4d.dtseries.nii","506234","MNINonLinear//Results/tfMRI_RELATIONAL/tfMRI_RELATIONAL_hp200_s4_level2.feat/GrayordinatesStats/cope4.feat/res4d.dtseries.nii","cikrAb7YcdpaEvmuzH3IhOcxf52mtKEN"
"s3://hcp-openaccess/HCP_1200/506234/MNINonLinear/Results/tfMRI_RELATIONAL/tfMRI_RELATIONAL_hp200_s4_level2.feat/GrayordinatesStats/cope4.feat/tdof_t1.dtseries.nii","506234","MNINonLinear//Results/tfMRI_RELATIONAL/tfMRI_RELATIONAL_hp200_s4_level2.feat/GrayordinatesStats/cope4.feat/tdof_t1.dtseries.nii","rO_DndLvyb66V.h_r3Vl_A546wLckuPm"
"s3://hcp-openaccess/HCP_1200/506234/MNINonLinear/Results/tfMRI_RELATIONAL/tfMRI_RELATIONAL_hp200_s4_level2.feat/GrayordinatesStats/cope4.feat/tstat1.dtseries.nii","506234","MNINonLinear//Results/tfMRI_RELATIONAL/tfMRI_RELATIONAL_hp200_s4_level2.feat/GrayordinatesStats/cope4.feat/tstat1.dtseries.nii","RjHZpe2UZDBzBEXnsIaL0vTVbxP0yXOA"
"s3://hcp-openaccess/HCP_1200/506234/MNINonLinear/Results/tfMRI_RELATIONAL/tfMRI_RELATIONAL_hp200_s4_level2.feat/GrayordinatesStats/cope4.feat/varcope1.dtseries.nii","506234","MNINonLinear//Results/tfMRI_RELATIONAL/tfMRI_RELATIONAL_hp200_s4_level2.feat/GrayordinatesStats/cope4.feat/varcope1.dtseries.nii","GfsbI0Rewl6FULMP2UkNGMnabMzcVrPv"
"s3://hcp-openaccess/HCP_1200/506234/MNINonLinear/Results/tfMRI_RELATIONAL/tfMRI_RELATIONAL_hp200_s4_level2.feat/GrayordinatesStats/cope4.feat/weights1.dtseries.nii","506234","MNINonLinear//Results/tfMRI_RELATIONAL/tfMRI_RELATIONAL_hp200_s4_level2.feat/GrayordinatesStats/cope4.feat/weights1.dtseries.nii","_wYxRE8TfLncKryujJGmMymW2ZO0uF4R"
"s3://hcp-openaccess/HCP_1200/506234/MNINonLinear/Results/tfMRI_RELATIONAL/tfMRI_RELATIONAL_hp200_s4_level2.feat/GrayordinatesStats/cope4.feat/zflame1lowertstat1.dtseries.nii","506234","MNINonLinear//Results/tfMRI_RELATIONAL/tfMRI_RELATIONAL_hp200_s4_level2.feat/GrayordinatesStats/cope4.feat/zflame1lowertstat1.dtseries.nii","H4F113RDk5DRJ6lXkvo4f7Av03QKLRAx"
"s3://hcp-openaccess/HCP_1200/506234/MNINonLinear/Results/tfMRI_RELATIONAL/tfMRI_RELATIONAL_hp200_s4_level2.feat/GrayordinatesStats/cope4.feat/zflame1uppertstat1.dtseries.nii","506234","MNINonLinear//Results/tfMRI_RELATIONAL/tfMRI_RELATIONAL_hp200_s4_level2.feat/GrayordinatesStats/cope4.feat/zflame1uppertstat1.dtseries.nii","bYjCfQlPCcu0jGlhEipdmhEpd_A0HVm1"
"s3://hcp-openaccess/HCP_1200/506234/MNINonLinear/Results/tfMRI_RELATIONAL/tfMRI_RELATIONAL_hp200_s4_level2.feat/GrayordinatesStats/cope4.feat/zstat1.dtseries.nii","506234","MNINonLinear//Results/tfMRI_RELATIONAL/tfMRI_RELATIONAL_hp200_s4_level2.feat/GrayordinatesStats/cope4.feat/zstat1.dtseries.nii","rOFs7dKaQ.Q7PaFPBBycJKzh9BJoC06n"
"s3://hcp-openaccess/HCP_1200/506234/MNINonLinear/Results/tfMRI_RELATIONAL/tfMRI_RELATIONAL_hp200_s4_level2.feat/GrayordinatesStats/cope5.feat/cope1.dtseries.nii","506234","MNINonLinear//Results/tfMRI_RELATIONAL/tfMRI_RELATIONAL_hp200_s4_level2.feat/GrayordinatesStats/cope5.feat/cope1.dtseries.nii","SD_ZkiXsLlFGZJRbeXem.9aBbWxYYDFB"
"s3://hcp-openaccess/HCP_1200/506234/MNINonLinear/Results/tfMRI_RELATIONAL/tfMRI_RELATIONAL_hp200_s4_level2.feat/GrayordinatesStats/cope5.feat/logfile","506234","MNINonLinear//Results/tfMRI_RELATIONAL/tfMRI_RELATIONAL_hp200_s4_level2.feat/GrayordinatesStats/cope5.feat/logfile","71e9GTzuJp1zUC8dGAdytjfNJJ7KKmyr"
"s3://hcp-openaccess/HCP_1200/506234/MNINonLinear/Results/tfMRI_RELATIONAL/tfMRI_RELATIONAL_hp200_s4_level2.feat/GrayordinatesStats/cope5.feat/mask.dtseries.nii","506234","MNINonLinear//Results/tfMRI_RELATIONAL/tfMRI_RELATIONAL_hp200_s4_level2.feat/GrayordinatesStats/cope5.feat/mask.dtseries.nii","bWupvXq8GX1pDpGFQD5zVuS_rijFNcZi"
"s3://hcp-openaccess/HCP_1200/506234/MNINonLinear/Results/tfMRI_RELATIONAL/tfMRI_RELATIONAL_hp200_s4_level2.feat/GrayordinatesStats/cope5.feat/mean_random_effects_var1.dtseries.nii","506234","MNINonLinear//Results/tfMRI_RELATIONAL/tfMRI_RELATIONAL_hp200_s4_level2.feat/GrayordinatesStats/cope5.feat/mean_random_effects_var1.dtseries.nii","9i30NYLpRcOjzeldzYEy1.Y4ikgTO7qT"
"s3://hcp-openaccess/HCP_1200/506234/MNINonLinear/Results/tfMRI_RELATIONAL/tfMRI_RELATIONAL_hp200_s4_level2.feat/GrayordinatesStats/cope5.feat/pe1.dtseries.nii","506234","MNINonLinear//Results/tfMRI_RELATIONAL/tfMRI_RELATIONAL_hp200_s4_level2.feat/GrayordinatesStats/cope5.feat/pe1.dtseries.nii","uYWkUoGEKA3wJyI5w3qKYGDYR_5TBWnJ"
"s3://hcp-openaccess/HCP_1200/506234/MNINonLinear/Results/tfMRI_RELATIONAL/tfMRI_RELATIONAL_hp200_s4_level2.feat/GrayordinatesStats/cope5.feat/res4d.dtseries.nii","506234","MNINonLinear//Results/tfMRI_RELATIONAL/tfMRI_RELATIONAL_hp200_s4_level2.feat/GrayordinatesStats/cope5.feat/res4d.dtseries.nii","hZ9r82XaVlPFTFb20SgHM0E4pA5QrBH."
"s3://hcp-openaccess/HCP_1200/506234/MNINonLinear/Results/tfMRI_RELATIONAL/tfMRI_RELATIONAL_hp200_s4_level2.feat/GrayordinatesStats/cope5.feat/tdof_t1.dtseries.nii","506234","MNINonLinear//Results/tfMRI_RELATIONAL/tfMRI_RELATIONAL_hp200_s4_level2.feat/GrayordinatesStats/cope5.feat/tdof_t1.dtseries.nii","jB6hD7YmhLRESrwcxGfSiHdu1eZoRz4Y"
"s3://hcp-openaccess/HCP_1200/506234/MNINonLinear/Results/tfMRI_RELATIONAL/tfMRI_RELATIONAL_hp200_s4_level2.feat/GrayordinatesStats/cope5.feat/tstat1.dtseries.nii","506234","MNINonLinear//Results/tfMRI_RELATIONAL/tfMRI_RELATIONAL_hp200_s4_level2.feat/GrayordinatesStats/cope5.feat/tstat1.dtseries.nii","cJjV7e7JDhYtsamCIICMdl2EWDgOwoF1"
"s3://hcp-openaccess/HCP_1200/506234/MNINonLinear/Results/tfMRI_RELATIONAL/tfMRI_RELATIONAL_hp200_s4_level2.feat/GrayordinatesStats/cope5.feat/varcope1.dtseries.nii","506234","MNINonLinear//Results/tfMRI_RELATIONAL/tfMRI_RELATIONAL_hp200_s4_level2.feat/GrayordinatesStats/cope5.feat/varcope1.dtseries.nii","LR6bDogwR98QSKUtd9gb3gCX0vEJJyah"
"s3://hcp-openaccess/HCP_1200/506234/MNINonLinear/Results/tfMRI_RELATIONAL/tfMRI_RELATIONAL_hp200_s4_level2.feat/GrayordinatesStats/cope5.feat/weights1.dtseries.nii","506234","MNINonLinear//Results/tfMRI_RELATIONAL/tfMRI_RELATIONAL_hp200_s4_level2.feat/GrayordinatesStats/cope5.feat/weights1.dtseries.nii","YjnrYYfveJ7eR2_B4CFortrjKA7FQZ9X"
"s3://hcp-openaccess/HCP_1200/506234/MNINonLinear/Results/tfMRI_RELATIONAL/tfMRI_RELATIONAL_hp200_s4_level2.feat/GrayordinatesStats/cope5.feat/zflame1lowertstat1.dtseries.nii","506234","MNINonLinear//Results/tfMRI_RELATIONAL/tfMRI_RELATIONAL_hp200_s4_level2.feat/GrayordinatesStats/cope5.feat/zflame1lowertstat1.dtseries.nii","SXYOpZTWLlKdYrzWkjMcbQY4FOOch84o"
"s3://hcp-openaccess/HCP_1200/506234/MNINonLinear/Results/tfMRI_RELATIONAL/tfMRI_RELATIONAL_hp200_s4_level2.feat/GrayordinatesStats/cope5.feat/zflame1uppertstat1.dtseries.nii","506234","MNINonLinear//Results/tfMRI_RELATIONAL/tfMRI_RELATIONAL_hp200_s4_level2.feat/GrayordinatesStats/cope5.feat/zflame1uppertstat1.dtseries.nii","KoHqAvDAVxA2pHQAefgW6yL4xvVTMz4g"
"s3://hcp-openaccess/HCP_1200/506234/MNINonLinear/Results/tfMRI_RELATIONAL/tfMRI_RELATIONAL_hp200_s4_level2.feat/GrayordinatesStats/cope5.feat/zstat1.dtseries.nii","506234","MNINonLinear//Results/tfMRI_RELATIONAL/tfMRI_RELATIONAL_hp200_s4_level2.feat/GrayordinatesStats/cope5.feat/zstat1.dtseries.nii","9nHygeCvgz9eFyulcKuImbv0iDaRDG7J"
"s3://hcp-openaccess/HCP_1200/506234/MNINonLinear/Results/tfMRI_RELATIONAL/tfMRI_RELATIONAL_hp200_s4_level2.feat/GrayordinatesStats/cope6.feat/cope1.dtseries.nii","506234","MNINonLinear//Results/tfMRI_RELATIONAL/tfMRI_RELATIONAL_hp200_s4_level2.feat/GrayordinatesStats/cope6.feat/cope1.dtseries.nii","MvruPQPjnsK3sSTsFxRgRAVVgEfaOeAi"
"s3://hcp-openaccess/HCP_1200/506234/MNINonLinear/Results/tfMRI_RELATIONAL/tfMRI_RELATIONAL_hp200_s4_level2.feat/GrayordinatesStats/cope6.feat/logfile","506234","MNINonLinear//Results/tfMRI_RELATIONAL/tfMRI_RELATIONAL_hp200_s4_level2.feat/GrayordinatesStats/cope6.feat/logfile","bzdFifKWxJ7Z2RK3QWaaKxSgHjqLF.tp"
"s3://hcp-openaccess/HCP_1200/506234/MNINonLinear/Results/tfMRI_RELATIONAL/tfMRI_RELATIONAL_hp200_s4_level2.feat/GrayordinatesStats/cope6.feat/mask.dtseries.nii","506234","MNINonLinear//Results/tfMRI_RELATIONAL/tfMRI_RELATIONAL_hp200_s4_level2.feat/GrayordinatesStats/cope6.feat/mask.dtseries.nii","arnXuROR.HsUTxcQIF0rye0X0lDCOLSw"
"s3://hcp-openaccess/HCP_1200/506234/MNINonLinear/Results/tfMRI_RELATIONAL/tfMRI_RELATIONAL_hp200_s4_level2.feat/GrayordinatesStats/cope6.feat/mean_random_effects_var1.dtseries.nii","506234","MNINonLinear//Results/tfMRI_RELATIONAL/tfMRI_RELATIONAL_hp200_s4_level2.feat/GrayordinatesStats/cope6.feat/mean_random_effects_var1.dtseries.nii","NFG9lzVPMfhYNVXP94V.H..DuBuJbqP7"
"s3://hcp-openaccess/HCP_1200/506234/MNINonLinear/Results/tfMRI_RELATIONAL/tfMRI_RELATIONAL_hp200_s4_level2.feat/GrayordinatesStats/cope6.feat/pe1.dtseries.nii","506234","MNINonLinear//Results/tfMRI_RELATIONAL/tfMRI_RELATIONAL_hp200_s4_level2.feat/GrayordinatesStats/cope6.feat/pe1.dtseries.nii","iOCpG8SNx6T2oOvz0pbk7vjJmuwCGzXX"
"s3://hcp-openaccess/HCP_1200/506234/MNINonLinear/Results/tfMRI_RELATIONAL/tfMRI_RELATIONAL_hp200_s4_level2.feat/GrayordinatesStats/cope6.feat/res4d.dtseries.nii","506234","MNINonLinear//Results/tfMRI_RELATIONAL/tfMRI_RELATIONAL_hp200_s4_level2.feat/GrayordinatesStats/cope6.feat/res4d.dtseries.nii","2KFcLnykiXtYuRKK_xkgUa8_S2Xh5ME2"
"s3://hcp-openaccess/HCP_1200/506234/MNINonLinear/Results/tfMRI_RELATIONAL/tfMRI_RELATIONAL_hp200_s4_level2.feat/GrayordinatesStats/cope6.feat/tdof_t1.dtseries.nii","506234","MNINonLinear//Results/tfMRI_RELATIONAL/tfMRI_RELATIONAL_hp200_s4_level2.feat/GrayordinatesStats/cope6.feat/tdof_t1.dtseries.nii","if2sUvHml.qiFdbUVeiYRiRwbBuDaT4Z"
"s3://hcp-openaccess/HCP_1200/506234/MNINonLinear/Results/tfMRI_RELATIONAL/tfMRI_RELATIONAL_hp200_s4_level2.feat/GrayordinatesStats/cope6.feat/tstat1.dtseries.nii","506234","MNINonLinear//Results/tfMRI_RELATIONAL/tfMRI_RELATIONAL_hp200_s4_level2.feat/GrayordinatesStats/cope6.feat/tstat1.dtseries.nii","bNWowDJoiDlE7n4Bz0vidkaPSgaNVy6_"
"s3://hcp-openaccess/HCP_1200/506234/MNINonLinear/Results/tfMRI_RELATIONAL/tfMRI_RELATIONAL_hp200_s4_level2.feat/GrayordinatesStats/cope6.feat/varcope1.dtseries.nii","506234","MNINonLinear//Results/tfMRI_RELATIONAL/tfMRI_RELATIONAL_hp200_s4_level2.feat/GrayordinatesStats/cope6.feat/varcope1.dtseries.nii","KTogmUo2QcoLdpFgURACJqpSxjVBYkG9"
"s3://hcp-openaccess/HCP_1200/506234/MNINonLinear/Results/tfMRI_RELATIONAL/tfMRI_RELATIONAL_hp200_s4_level2.feat/GrayordinatesStats/cope6.feat/weights1.dtseries.nii","506234","MNINonLinear//Results/tfMRI_RELATIONAL/tfMRI_RELATIONAL_hp200_s4_level2.feat/GrayordinatesStats/cope6.feat/weights1.dtseries.nii","ipRIlszTezK5GQkUmKJJItWJ1LbZLM4q"
"s3://hcp-openaccess/HCP_1200/506234/MNINonLinear/Results/tfMRI_RELATIONAL/tfMRI_RELATIONAL_hp200_s4_level2.feat/GrayordinatesStats/cope6.feat/zflame1lowertstat1.dtseries.nii","506234","MNINonLinear//Results/tfMRI_RELATIONAL/tfMRI_RELATIONAL_hp200_s4_level2.feat/GrayordinatesStats/cope6.feat/zflame1lowertstat1.dtseries.nii","CYs2_hXvUzMwbgB7koALUJwz2K0tAjEf"
"s3://hcp-openaccess/HCP_1200/506234/MNINonLinear/Results/tfMRI_RELATIONAL/tfMRI_RELATIONAL_hp200_s4_level2.feat/GrayordinatesStats/cope6.feat/zflame1uppertstat1.dtseries.nii","506234","MNINonLinear//Results/tfMRI_RELATIONAL/tfMRI_RELATIONAL_hp200_s4_level2.feat/GrayordinatesStats/cope6.feat/zflame1uppertstat1.dtseries.nii","9fZnpg2d1YKhITrLBGSrglEsywub9VrM"
"s3://hcp-openaccess/HCP_1200/506234/MNINonLinear/Results/tfMRI_RELATIONAL/tfMRI_RELATIONAL_hp200_s4_level2.feat/GrayordinatesStats/cope6.feat/zstat1.dtseries.nii","506234","MNINonLinear//Results/tfMRI_RELATIONAL/tfMRI_RELATIONAL_hp200_s4_level2.feat/GrayordinatesStats/cope6.feat/zstat1.dtseries.nii","hJP.9HVn7gRXCfw0815bSqIF47Zq7Df2"
"s3://hcp-openaccess/HCP_1200/506234/MNINonLinear/Results/tfMRI_RELATIONAL/tfMRI_RELATIONAL_hp200_s4_level2.feat/design.con","506234","MNINonLinear//Results/tfMRI_RELATIONAL/tfMRI_RELATIONAL_hp200_s4_level2.feat/design.con","8lLgNhlnn3IEu.WLPAtKVmPOfXimNLoI"
"s3://hcp-openaccess/HCP_1200/506234/MNINonLinear/Results/tfMRI_RELATIONAL/tfMRI_RELATIONAL_hp200_s4_level2.feat/design.fsf","506234","MNINonLinear//Results/tfMRI_RELATIONAL/tfMRI_RELATIONAL_hp200_s4_level2.feat/design.fsf","VCXt363xsXA3JuUY6ISd5Kz4BHNrn.dD"
"s3://hcp-openaccess/HCP_1200/506234/MNINonLinear/Results/tfMRI_RELATIONAL/tfMRI_RELATIONAL_hp200_s4_level2.feat/design.grp","506234","MNINonLinear//Results/tfMRI_RELATIONAL/tfMRI_RELATIONAL_hp200_s4_level2.feat/design.grp","CuxYcQrhwITe1NN395dbIzrkR1zKzZZq"
"s3://hcp-openaccess/HCP_1200/506234/MNINonLinear/Results/tfMRI_RELATIONAL/tfMRI_RELATIONAL_hp200_s4_level2.feat/design.mat","506234","MNINonLinear//Results/tfMRI_RELATIONAL/tfMRI_RELATIONAL_hp200_s4_level2.feat/design.mat","zYfAU3Df_fodAt7zsWt0_eYBcS2tAYoW"
"s3://hcp-openaccess/HCP_1200/506234/MNINonLinear/Results/tfMRI_RELATIONAL/tfMRI_RELATIONAL_hp200_s4_level2.feat/design.png","506234","MNINonLinear//Results/tfMRI_RELATIONAL/tfMRI_RELATIONAL_hp200_s4_level2.feat/design.png","VjmQeaAHbQvXCzA4L8cju.A5q.JlgOm0"
"s3://hcp-openaccess/HCP_1200/506234/MNINonLinear/Results/tfMRI_RELATIONAL/tfMRI_RELATIONAL_hp200_s4_level2.feat/design.ppm","506234","MNINonLinear//Results/tfMRI_RELATIONAL/tfMRI_RELATIONAL_hp200_s4_level2.feat/design.ppm","gNnJt1zdGVwWGBK2.rv_5T0n4XrIMdyS"
"s3://hcp-openaccess/HCP_1200/506234/MNINonLinear/Results/tfMRI_RELATIONAL/tfMRI_RELATIONAL_hp200_s4_level2.feat/design_cov.png","506234","MNINonLinear//Results/tfMRI_RELATIONAL/tfMRI_RELATIONAL_hp200_s4_level2.feat/design_cov.png","EkV5yfNBpgo6kV._yVJ.1NUausnZsTfy"
"s3://hcp-openaccess/HCP_1200/506234/MNINonLinear/Results/tfMRI_RELATIONAL/tfMRI_RELATIONAL_hp200_s4_level2.feat/design_cov.ppm","506234","MNINonLinear//Results/tfMRI_RELATIONAL/tfMRI_RELATIONAL_hp200_s4_level2.feat/design_cov.ppm","W8lHUClBNhQNhkCdFd3Ln17zfxJzEF1C"
"s3://hcp-openaccess/HCP_1200/506234/MNINonLinear/Results/tfMRI_RELATIONAL/tfMRI_RELATIONAL_hp200_s4_level2.fsf","506234","MNINonLinear//Results/tfMRI_RELATIONAL/tfMRI_RELATIONAL_hp200_s4_level2.fsf","X2BKVY7NhdW5JTNUqkoy5Rcpy_mk7Okn"
"s3://hcp-openaccess/HCP_1200/506234/MNINonLinear/Results/tfMRI_RELATIONAL/tfMRI_RELATIONAL_hp200_s4_level2_MSMAll.feat/506234_tfMRI_RELATIONAL_level2_hp200_s4_MSMAll.dscalar.nii","506234","MNINonLinear//Results/tfMRI_RELATIONAL/tfMRI_RELATIONAL_hp200_s4_level2_MSMAll.feat/506234_tfMRI_RELATIONAL_level2_hp200_s4_MSMAll.dscalar.nii","QrRBARkxc.IIAGMNdyaqCiJRRvy5hkem"
"s3://hcp-openaccess/HCP_1200/506234/MNINonLinear/Results/tfMRI_RELATIONAL/tfMRI_RELATIONAL_hp200_s4_level2_MSMAll.feat/Contrasts.txt","506234","MNINonLinear//Results/tfMRI_RELATIONAL/tfMRI_RELATIONAL_hp200_s4_level2_MSMAll.feat/Contrasts.txt","Y2YHZEx_KWuHWVDp5446jmAAxsqwBfWQ"
"s3://hcp-openaccess/HCP_1200/506234/MNINonLinear/Results/tfMRI_RELATIONAL/tfMRI_RELATIONAL_hp200_s4_level2_MSMAll.feat/GrayordinatesStats/cope1.feat/cope1.dtseries.nii","506234","MNINonLinear//Results/tfMRI_RELATIONAL/tfMRI_RELATIONAL_hp200_s4_level2_MSMAll.feat/GrayordinatesStats/cope1.feat/cope1.dtseries.nii","TmGJULsVr2UVdwlumuziO0YEzWtxyi7K"
"s3://hcp-openaccess/HCP_1200/506234/MNINonLinear/Results/tfMRI_RELATIONAL/tfMRI_RELATIONAL_hp200_s4_level2_MSMAll.feat/GrayordinatesStats/cope1.feat/logfile","506234","MNINonLinear//Results/tfMRI_RELATIONAL/tfMRI_RELATIONAL_hp200_s4_level2_MSMAll.feat/GrayordinatesStats/cope1.feat/logfile","bcw00d0qWHFb2hxOmB9_c2K30ncklKke"
"s3://hcp-openaccess/HCP_1200/506234/MNINonLinear/Results/tfMRI_RELATIONAL/tfMRI_RELATIONAL_hp200_s4_level2_MSMAll.feat/GrayordinatesStats/cope1.feat/mask.dtseries.nii","506234","MNINonLinear//Results/tfMRI_RELATIONAL/tfMRI_RELATIONAL_hp200_s4_level2_MSMAll.feat/GrayordinatesStats/cope1.feat/mask.dtseries.nii","uT3Ek6psJF9YY1.aMVpnHMu4hg27FlbI"
"s3://hcp-openaccess/HCP_1200/506234/MNINonLinear/Results/tfMRI_RELATIONAL/tfMRI_RELATIONAL_hp200_s4_level2_MSMAll.feat/GrayordinatesStats/cope1.feat/mean_random_effects_var1.dtseries.nii","506234","MNINonLinear//Results/tfMRI_RELATIONAL/tfMRI_RELATIONAL_hp200_s4_level2_MSMAll.feat/GrayordinatesStats/cope1.feat/mean_random_effects_var1.dtseries.nii","wV1jogv2CN6ucoIyhGGq5zcqTLtuiEXy"
"s3://hcp-openaccess/HCP_1200/506234/MNINonLinear/Results/tfMRI_RELATIONAL/tfMRI_RELATIONAL_hp200_s4_level2_MSMAll.feat/GrayordinatesStats/cope1.feat/pe1.dtseries.nii","506234","MNINonLinear//Results/tfMRI_RELATIONAL/tfMRI_RELATIONAL_hp200_s4_level2_MSMAll.feat/GrayordinatesStats/cope1.feat/pe1.dtseries.nii","xwcKm68UWvpO90GmOAzc_FhPXrfhLlqY"
"s3://hcp-openaccess/HCP_1200/506234/MNINonLinear/Results/tfMRI_RELATIONAL/tfMRI_RELATIONAL_hp200_s4_level2_MSMAll.feat/GrayordinatesStats/cope1.feat/res4d.dtseries.nii","506234","MNINonLinear//Results/tfMRI_RELATIONAL/tfMRI_RELATIONAL_hp200_s4_level2_MSMAll.feat/GrayordinatesStats/cope1.feat/res4d.dtseries.nii","Xx9pIs7_0Mg3Jtps_QN3XjVwFafe45EY"
"s3://hcp-openaccess/HCP_1200/506234/MNINonLinear/Results/tfMRI_RELATIONAL/tfMRI_RELATIONAL_hp200_s4_level2_MSMAll.feat/GrayordinatesStats/cope1.feat/tdof_t1.dtseries.nii","506234","MNINonLinear//Results/tfMRI_RELATIONAL/tfMRI_RELATIONAL_hp200_s4_level2_MSMAll.feat/GrayordinatesStats/cope1.feat/tdof_t1.dtseries.nii","Z7ke6Sa5aIJouUK.Cgwu1RFGUbaoysyp"
"s3://hcp-openaccess/HCP_1200/506234/MNINonLinear/Results/tfMRI_RELATIONAL/tfMRI_RELATIONAL_hp200_s4_level2_MSMAll.feat/GrayordinatesStats/cope1.feat/tstat1.dtseries.nii","506234","MNINonLinear//Results/tfMRI_RELATIONAL/tfMRI_RELATIONAL_hp200_s4_level2_MSMAll.feat/GrayordinatesStats/cope1.feat/tstat1.dtseries.nii","xUCpY5DoBTHt_ADeDnKUPVExlvKOUdPl"
"s3://hcp-openaccess/HCP_1200/506234/MNINonLinear/Results/tfMRI_RELATIONAL/tfMRI_RELATIONAL_hp200_s4_level2_MSMAll.feat/GrayordinatesStats/cope1.feat/varcope1.dtseries.nii","506234","MNINonLinear//Results/tfMRI_RELATIONAL/tfMRI_RELATIONAL_hp200_s4_level2_MSMAll.feat/GrayordinatesStats/cope1.feat/varcope1.dtseries.nii","lX3lze1QP5IPv7AuOC85m_eI0CFS0aan"
"s3://hcp-openaccess/HCP_1200/506234/MNINonLinear/Results/tfMRI_RELATIONAL/tfMRI_RELATIONAL_hp200_s4_level2_MSMAll.feat/GrayordinatesStats/cope1.feat/weights1.dtseries.nii","506234","MNINonLinear//Results/tfMRI_RELATIONAL/tfMRI_RELATIONAL_hp200_s4_level2_MSMAll.feat/GrayordinatesStats/cope1.feat/weights1.dtseries.nii","bz7fRuYPoUmn_uUJlb.0K6vNiED6qamj"
"s3://hcp-openaccess/HCP_1200/506234/MNINonLinear/Results/tfMRI_RELATIONAL/tfMRI_RELATIONAL_hp200_s4_level2_MSMAll.feat/GrayordinatesStats/cope1.feat/zflame1lowertstat1.dtseries.nii","506234","MNINonLinear//Results/tfMRI_RELATIONAL/tfMRI_RELATIONAL_hp200_s4_level2_MSMAll.feat/GrayordinatesStats/cope1.feat/zflame1lowertstat1.dtseries.nii","GaCyEwl1GTIt4T5c6JzNnQYKzzavz0Ih"
"s3://hcp-openaccess/HCP_1200/506234/MNINonLinear/Results/tfMRI_RELATIONAL/tfMRI_RELATIONAL_hp200_s4_level2_MSMAll.feat/GrayordinatesStats/cope1.feat/zflame1uppertstat1.dtseries.nii","506234","MNINonLinear//Results/tfMRI_RELATIONAL/tfMRI_RELATIONAL_hp200_s4_level2_MSMAll.feat/GrayordinatesStats/cope1.feat/zflame1uppertstat1.dtseries.nii","OSFbvrPsWqeHaKCcvjWqqAnd9PD9zSP0"
"s3://hcp-openaccess/HCP_1200/506234/MNINonLinear/Results/tfMRI_RELATIONAL/tfMRI_RELATIONAL_hp200_s4_level2_MSMAll.feat/GrayordinatesStats/cope1.feat/zstat1.dtseries.nii","506234","MNINonLinear//Results/tfMRI_RELATIONAL/tfMRI_RELATIONAL_hp200_s4_level2_MSMAll.feat/GrayordinatesStats/cope1.feat/zstat1.dtseries.nii","v8YBN_Oqx4VnfdJ2EEZT6jH0Szaxw.Ha"
"s3://hcp-openaccess/HCP_1200/506234/MNINonLinear/Results/tfMRI_RELATIONAL/tfMRI_RELATIONAL_hp200_s4_level2_MSMAll.feat/GrayordinatesStats/cope2.feat/cope1.dtseries.nii","506234","MNINonLinear//Results/tfMRI_RELATIONAL/tfMRI_RELATIONAL_hp200_s4_level2_MSMAll.feat/GrayordinatesStats/cope2.feat/cope1.dtseries.nii","2vAg.6pSpgh5WzEJq9hWCI0l5M.cF8PT"
"s3://hcp-openaccess/HCP_1200/506234/MNINonLinear/Results/tfMRI_RELATIONAL/tfMRI_RELATIONAL_hp200_s4_level2_MSMAll.feat/GrayordinatesStats/cope2.feat/logfile","506234","MNINonLinear//Results/tfMRI_RELATIONAL/tfMRI_RELATIONAL_hp200_s4_level2_MSMAll.feat/GrayordinatesStats/cope2.feat/logfile","98jzGTD7momL1jFgUt9.7YZmnqR.K.0U"
"s3://hcp-openaccess/HCP_1200/506234/MNINonLinear/Results/tfMRI_RELATIONAL/tfMRI_RELATIONAL_hp200_s4_level2_MSMAll.feat/GrayordinatesStats/cope2.feat/mask.dtseries.nii","506234","MNINonLinear//Results/tfMRI_RELATIONAL/tfMRI_RELATIONAL_hp200_s4_level2_MSMAll.feat/GrayordinatesStats/cope2.feat/mask.dtseries.nii","BYsyfkGG.EYa3jJodby1hDXsuApHRRgu"
"s3://hcp-openaccess/HCP_1200/506234/MNINonLinear/Results/tfMRI_RELATIONAL/tfMRI_RELATIONAL_hp200_s4_level2_MSMAll.feat/GrayordinatesStats/cope2.feat/mean_random_effects_var1.dtseries.nii","506234","MNINonLinear//Results/tfMRI_RELATIONAL/tfMRI_RELATIONAL_hp200_s4_level2_MSMAll.feat/GrayordinatesStats/cope2.feat/mean_random_effects_var1.dtseries.nii","zSAapswZc2tCmFnFpa56QX06SOhi7ctI"
"s3://hcp-openaccess/HCP_1200/506234/MNINonLinear/Results/tfMRI_RELATIONAL/tfMRI_RELATIONAL_hp200_s4_level2_MSMAll.feat/GrayordinatesStats/cope2.feat/pe1.dtseries.nii","506234","MNINonLinear//Results/tfMRI_RELATIONAL/tfMRI_RELATIONAL_hp200_s4_level2_MSMAll.feat/GrayordinatesStats/cope2.feat/pe1.dtseries.nii","efpzDJ.bjuLlCLyBsimhRUOqFgjuw6HF"
"s3://hcp-openaccess/HCP_1200/506234/MNINonLinear/Results/tfMRI_RELATIONAL/tfMRI_RELATIONAL_hp200_s4_level2_MSMAll.feat/GrayordinatesStats/cope2.feat/res4d.dtseries.nii","506234","MNINonLinear//Results/tfMRI_RELATIONAL/tfMRI_RELATIONAL_hp200_s4_level2_MSMAll.feat/GrayordinatesStats/cope2.feat/res4d.dtseries.nii","gQ9nj3_Y2GFonaeQhUdHGWSKRRlIE1t."
"s3://hcp-openaccess/HCP_1200/506234/MNINonLinear/Results/tfMRI_RELATIONAL/tfMRI_RELATIONAL_hp200_s4_level2_MSMAll.feat/GrayordinatesStats/cope2.feat/tdof_t1.dtseries.nii","506234","MNINonLinear//Results/tfMRI_RELATIONAL/tfMRI_RELATIONAL_hp200_s4_level2_MSMAll.feat/GrayordinatesStats/cope2.feat/tdof_t1.dtseries.nii","LLl1_TSZDv5RnI2seA0Hub.Pjz8UvTRg"
"s3://hcp-openaccess/HCP_1200/506234/MNINonLinear/Results/tfMRI_RELATIONAL/tfMRI_RELATIONAL_hp200_s4_level2_MSMAll.feat/GrayordinatesStats/cope2.feat/tstat1.dtseries.nii","506234","MNINonLinear//Results/tfMRI_RELATIONAL/tfMRI_RELATIONAL_hp200_s4_level2_MSMAll.feat/GrayordinatesStats/cope2.feat/tstat1.dtseries.nii","suehJJ5lWCafZbyGIniMyv4o3Ex1iKyG"
"s3://hcp-openaccess/HCP_1200/506234/MNINonLinear/Results/tfMRI_RELATIONAL/tfMRI_RELATIONAL_hp200_s4_level2_MSMAll.feat/GrayordinatesStats/cope2.feat/varcope1.dtseries.nii","506234","MNINonLinear//Results/tfMRI_RELATIONAL/tfMRI_RELATIONAL_hp200_s4_level2_MSMAll.feat/GrayordinatesStats/cope2.feat/varcope1.dtseries.nii","NvS6QCbi9gYpEUPGwHkGBJ4eCFnCBzkN"
"s3://hcp-openaccess/HCP_1200/506234/MNINonLinear/Results/tfMRI_RELATIONAL/tfMRI_RELATIONAL_hp200_s4_level2_MSMAll.feat/GrayordinatesStats/cope2.feat/weights1.dtseries.nii","506234","MNINonLinear//Results/tfMRI_RELATIONAL/tfMRI_RELATIONAL_hp200_s4_level2_MSMAll.feat/GrayordinatesStats/cope2.feat/weights1.dtseries.nii","GIX1AD6_a249EvwzYUbT_GzjXgvfuOTx"
"s3://hcp-openaccess/HCP_1200/506234/MNINonLinear/Results/tfMRI_RELATIONAL/tfMRI_RELATIONAL_hp200_s4_level2_MSMAll.feat/GrayordinatesStats/cope2.feat/zflame1lowertstat1.dtseries.nii","506234","MNINonLinear//Results/tfMRI_RELATIONAL/tfMRI_RELATIONAL_hp200_s4_level2_MSMAll.feat/GrayordinatesStats/cope2.feat/zflame1lowertstat1.dtseries.nii","CifHCifpD0Mn7VVYkjOtBVU5Bkp1oaN3"
"s3://hcp-openaccess/HCP_1200/506234/MNINonLinear/Results/tfMRI_RELATIONAL/tfMRI_RELATIONAL_hp200_s4_level2_MSMAll.feat/GrayordinatesStats/cope2.feat/zflame1uppertstat1.dtseries.nii","506234","MNINonLinear//Results/tfMRI_RELATIONAL/tfMRI_RELATIONAL_hp200_s4_level2_MSMAll.feat/GrayordinatesStats/cope2.feat/zflame1uppertstat1.dtseries.nii","n8EwS050DsdRe2JiOXr7slqeB2fc1dv8"
"s3://hcp-openaccess/HCP_1200/506234/MNINonLinear/Results/tfMRI_RELATIONAL/tfMRI_RELATIONAL_hp200_s4_level2_MSMAll.feat/GrayordinatesStats/cope2.feat/zstat1.dtseries.nii","506234","MNINonLinear//Results/tfMRI_RELATIONAL/tfMRI_RELATIONAL_hp200_s4_level2_MSMAll.feat/GrayordinatesStats/cope2.feat/zstat1.dtseries.nii","nWWA4uxTpb1gC3wzzZTQjV7THxomagSM"
"s3://hcp-openaccess/HCP_1200/506234/MNINonLinear/Results/tfMRI_RELATIONAL/tfMRI_RELATIONAL_hp200_s4_level2_MSMAll.feat/GrayordinatesStats/cope3.feat/cope1.dtseries.nii","506234","MNINonLinear//Results/tfMRI_RELATIONAL/tfMRI_RELATIONAL_hp200_s4_level2_MSMAll.feat/GrayordinatesStats/cope3.feat/cope1.dtseries.nii","3LmmSrm2eUzxz6Bdl_1iTgXaRa5W9uMn"
"s3://hcp-openaccess/HCP_1200/506234/MNINonLinear/Results/tfMRI_RELATIONAL/tfMRI_RELATIONAL_hp200_s4_level2_MSMAll.feat/GrayordinatesStats/cope3.feat/logfile","506234","MNINonLinear//Results/tfMRI_RELATIONAL/tfMRI_RELATIONAL_hp200_s4_level2_MSMAll.feat/GrayordinatesStats/cope3.feat/logfile","HzzieTKgIl.6_PeJC71Uf03eNzUviXbI"
"s3://hcp-openaccess/HCP_1200/506234/MNINonLinear/Results/tfMRI_RELATIONAL/tfMRI_RELATIONAL_hp200_s4_level2_MSMAll.feat/GrayordinatesStats/cope3.feat/mask.dtseries.nii","506234","MNINonLinear//Results/tfMRI_RELATIONAL/tfMRI_RELATIONAL_hp200_s4_level2_MSMAll.feat/GrayordinatesStats/cope3.feat/mask.dtseries.nii","v1WkXdn4X.__vbtkQXiGCbUeG_47nvlM"
"s3://hcp-openaccess/HCP_1200/506234/MNINonLinear/Results/tfMRI_RELATIONAL/tfMRI_RELATIONAL_hp200_s4_level2_MSMAll.feat/GrayordinatesStats/cope3.feat/mean_random_effects_var1.dtseries.nii","506234","MNINonLinear//Results/tfMRI_RELATIONAL/tfMRI_RELATIONAL_hp200_s4_level2_MSMAll.feat/GrayordinatesStats/cope3.feat/mean_random_effects_var1.dtseries.nii","cEaHKlp1W5Xf9x5HBCpfSV5J5raREOLJ"
"s3://hcp-openaccess/HCP_1200/506234/MNINonLinear/Results/tfMRI_RELATIONAL/tfMRI_RELATIONAL_hp200_s4_level2_MSMAll.feat/GrayordinatesStats/cope3.feat/pe1.dtseries.nii","506234","MNINonLinear//Results/tfMRI_RELATIONAL/tfMRI_RELATIONAL_hp200_s4_level2_MSMAll.feat/GrayordinatesStats/cope3.feat/pe1.dtseries.nii","SIhjVEsDpS8l3Rol.LmpaYy9gVwekjC4"
"s3://hcp-openaccess/HCP_1200/506234/MNINonLinear/Results/tfMRI_RELATIONAL/tfMRI_RELATIONAL_hp200_s4_level2_MSMAll.feat/GrayordinatesStats/cope3.feat/res4d.dtseries.nii","506234","MNINonLinear//Results/tfMRI_RELATIONAL/tfMRI_RELATIONAL_hp200_s4_level2_MSMAll.feat/GrayordinatesStats/cope3.feat/res4d.dtseries.nii","EAhwf7PT2mysKvZjgJvQnI3mB0NpzU_6"
"s3://hcp-openaccess/HCP_1200/506234/MNINonLinear/Results/tfMRI_RELATIONAL/tfMRI_RELATIONAL_hp200_s4_level2_MSMAll.feat/GrayordinatesStats/cope3.feat/tdof_t1.dtseries.nii","506234","MNINonLinear//Results/tfMRI_RELATIONAL/tfMRI_RELATIONAL_hp200_s4_level2_MSMAll.feat/GrayordinatesStats/cope3.feat/tdof_t1.dtseries.nii","lw7Q.7k4JjNmRUFb1rfVP9VMHlgj7gGL"
"s3://hcp-openaccess/HCP_1200/506234/MNINonLinear/Results/tfMRI_RELATIONAL/tfMRI_RELATIONAL_hp200_s4_level2_MSMAll.feat/GrayordinatesStats/cope3.feat/tstat1.dtseries.nii","506234","MNINonLinear//Results/tfMRI_RELATIONAL/tfMRI_RELATIONAL_hp200_s4_level2_MSMAll.feat/GrayordinatesStats/cope3.feat/tstat1.dtseries.nii","8rbSk.GEWLyKL_I_H5XqbRhwXv7kRpqg"
"s3://hcp-openaccess/HCP_1200/506234/MNINonLinear/Results/tfMRI_RELATIONAL/tfMRI_RELATIONAL_hp200_s4_level2_MSMAll.feat/GrayordinatesStats/cope3.feat/varcope1.dtseries.nii","506234","MNINonLinear//Results/tfMRI_RELATIONAL/tfMRI_RELATIONAL_hp200_s4_level2_MSMAll.feat/GrayordinatesStats/cope3.feat/varcope1.dtseries.nii","efV3U3J1XMyhYjbqIUwjmjNccp9_5vn2"
"s3://hcp-openaccess/HCP_1200/506234/MNINonLinear/Results/tfMRI_RELATIONAL/tfMRI_RELATIONAL_hp200_s4_level2_MSMAll.feat/GrayordinatesStats/cope3.feat/weights1.dtseries.nii","506234","MNINonLinear//Results/tfMRI_RELATIONAL/tfMRI_RELATIONAL_hp200_s4_level2_MSMAll.feat/GrayordinatesStats/cope3.feat/weights1.dtseries.nii","AsNPybuxksIotaWlUvjT4.PmWQSEjbxR"
"s3://hcp-openaccess/HCP_1200/506234/MNINonLinear/Results/tfMRI_RELATIONAL/tfMRI_RELATIONAL_hp200_s4_level2_MSMAll.feat/GrayordinatesStats/cope3.feat/zflame1lowertstat1.dtseries.nii","506234","MNINonLinear//Results/tfMRI_RELATIONAL/tfMRI_RELATIONAL_hp200_s4_level2_MSMAll.feat/GrayordinatesStats/cope3.feat/zflame1lowertstat1.dtseries.nii","Rh83dnjU4CasPPvC1wHD_TbTp_DcwSzD"
"s3://hcp-openaccess/HCP_1200/506234/MNINonLinear/Results/tfMRI_RELATIONAL/tfMRI_RELATIONAL_hp200_s4_level2_MSMAll.feat/GrayordinatesStats/cope3.feat/zflame1uppertstat1.dtseries.nii","506234","MNINonLinear//Results/tfMRI_RELATIONAL/tfMRI_RELATIONAL_hp200_s4_level2_MSMAll.feat/GrayordinatesStats/cope3.feat/zflame1uppertstat1.dtseries.nii","pXVze_7rR0tMAwg_fcCUEhMhDeZOcb90"
"s3://hcp-openaccess/HCP_1200/506234/MNINonLinear/Results/tfMRI_RELATIONAL/tfMRI_RELATIONAL_hp200_s4_level2_MSMAll.feat/GrayordinatesStats/cope3.feat/zstat1.dtseries.nii","506234","MNINonLinear//Results/tfMRI_RELATIONAL/tfMRI_RELATIONAL_hp200_s4_level2_MSMAll.feat/GrayordinatesStats/cope3.feat/zstat1.dtseries.nii","qxhj0_Kg5WYNrhPBE9Qm0s3JypMcCHNv"
"s3://hcp-openaccess/HCP_1200/506234/MNINonLinear/Results/tfMRI_RELATIONAL/tfMRI_RELATIONAL_hp200_s4_level2_MSMAll.feat/GrayordinatesStats/cope4.feat/cope1.dtseries.nii","506234","MNINonLinear//Results/tfMRI_RELATIONAL/tfMRI_RELATIONAL_hp200_s4_level2_MSMAll.feat/GrayordinatesStats/cope4.feat/cope1.dtseries.nii","rep6TGKZYGu4FpWXj7Kb1FtF_tWwWjET"
"s3://hcp-openaccess/HCP_1200/506234/MNINonLinear/Results/tfMRI_RELATIONAL/tfMRI_RELATIONAL_hp200_s4_level2_MSMAll.feat/GrayordinatesStats/cope4.feat/logfile","506234","MNINonLinear//Results/tfMRI_RELATIONAL/tfMRI_RELATIONAL_hp200_s4_level2_MSMAll.feat/GrayordinatesStats/cope4.feat/logfile","j10cKvwG5SHPrrVtA0BHWqzEOcHfOqrI"
"s3://hcp-openaccess/HCP_1200/506234/MNINonLinear/Results/tfMRI_RELATIONAL/tfMRI_RELATIONAL_hp200_s4_level2_MSMAll.feat/GrayordinatesStats/cope4.feat/mask.dtseries.nii","506234","MNINonLinear//Results/tfMRI_RELATIONAL/tfMRI_RELATIONAL_hp200_s4_level2_MSMAll.feat/GrayordinatesStats/cope4.feat/mask.dtseries.nii","59yrqGqR3Q39w9_z3rXZxdZOIqev9f_t"
"s3://hcp-openaccess/HCP_1200/506234/MNINonLinear/Results/tfMRI_RELATIONAL/tfMRI_RELATIONAL_hp200_s4_level2_MSMAll.feat/GrayordinatesStats/cope4.feat/mean_random_effects_var1.dtseries.nii","506234","MNINonLinear//Results/tfMRI_RELATIONAL/tfMRI_RELATIONAL_hp200_s4_level2_MSMAll.feat/GrayordinatesStats/cope4.feat/mean_random_effects_var1.dtseries.nii","R7IV7VfdKL4K5JG9XNYKxw19o12Evtla"
"s3://hcp-openaccess/HCP_1200/506234/MNINonLinear/Results/tfMRI_RELATIONAL/tfMRI_RELATIONAL_hp200_s4_level2_MSMAll.feat/GrayordinatesStats/cope4.feat/pe1.dtseries.nii","506234","MNINonLinear//Results/tfMRI_RELATIONAL/tfMRI_RELATIONAL_hp200_s4_level2_MSMAll.feat/GrayordinatesStats/cope4.feat/pe1.dtseries.nii","F5AxUIkPIxC_FVrZ0cqahelRWANosovt"
"s3://hcp-openaccess/HCP_1200/506234/MNINonLinear/Results/tfMRI_RELATIONAL/tfMRI_RELATIONAL_hp200_s4_level2_MSMAll.feat/GrayordinatesStats/cope4.feat/res4d.dtseries.nii","506234","MNINonLinear//Results/tfMRI_RELATIONAL/tfMRI_RELATIONAL_hp200_s4_level2_MSMAll.feat/GrayordinatesStats/cope4.feat/res4d.dtseries.nii","fbyb_u6Xxk3kmRdCNvFY.E8cxpgJIKlX"
"s3://hcp-openaccess/HCP_1200/506234/MNINonLinear/Results/tfMRI_RELATIONAL/tfMRI_RELATIONAL_hp200_s4_level2_MSMAll.feat/GrayordinatesStats/cope4.feat/tdof_t1.dtseries.nii","506234","MNINonLinear//Results/tfMRI_RELATIONAL/tfMRI_RELATIONAL_hp200_s4_level2_MSMAll.feat/GrayordinatesStats/cope4.feat/tdof_t1.dtseries.nii","fWLOs43cG9xoTBa4nit5joAj0S.fQt7t"
"s3://hcp-openaccess/HCP_1200/506234/MNINonLinear/Results/tfMRI_RELATIONAL/tfMRI_RELATIONAL_hp200_s4_level2_MSMAll.feat/GrayordinatesStats/cope4.feat/tstat1.dtseries.nii","506234","MNINonLinear//Results/tfMRI_RELATIONAL/tfMRI_RELATIONAL_hp200_s4_level2_MSMAll.feat/GrayordinatesStats/cope4.feat/tstat1.dtseries.nii","EWsIea_zDgX141opsm2EswPKObKxWna1"
"s3://hcp-openaccess/HCP_1200/506234/MNINonLinear/Results/tfMRI_RELATIONAL/tfMRI_RELATIONAL_hp200_s4_level2_MSMAll.feat/GrayordinatesStats/cope4.feat/varcope1.dtseries.nii","506234","MNINonLinear//Results/tfMRI_RELATIONAL/tfMRI_RELATIONAL_hp200_s4_level2_MSMAll.feat/GrayordinatesStats/cope4.feat/varcope1.dtseries.nii","stFEESlP1yMlheUINIQLWPo60_nCDmIc"
"s3://hcp-openaccess/HCP_1200/506234/MNINonLinear/Results/tfMRI_RELATIONAL/tfMRI_RELATIONAL_hp200_s4_level2_MSMAll.feat/GrayordinatesStats/cope4.feat/weights1.dtseries.nii","506234","MNINonLinear//Results/tfMRI_RELATIONAL/tfMRI_RELATIONAL_hp200_s4_level2_MSMAll.feat/GrayordinatesStats/cope4.feat/weights1.dtseries.nii","YpppLPwaVI7b2AbKBTkm9PJqWZpF7Upb"
"s3://hcp-openaccess/HCP_1200/506234/MNINonLinear/Results/tfMRI_RELATIONAL/tfMRI_RELATIONAL_hp200_s4_level2_MSMAll.feat/GrayordinatesStats/cope4.feat/zflame1lowertstat1.dtseries.nii","506234","MNINonLinear//Results/tfMRI_RELATIONAL/tfMRI_RELATIONAL_hp200_s4_level2_MSMAll.feat/GrayordinatesStats/cope4.feat/zflame1lowertstat1.dtseries.nii","SO5z4X534FZlODuPYYsmDwwszaA21Qot"
"s3://hcp-openaccess/HCP_1200/506234/MNINonLinear/Results/tfMRI_RELATIONAL/tfMRI_RELATIONAL_hp200_s4_level2_MSMAll.feat/GrayordinatesStats/cope4.feat/zflame1uppertstat1.dtseries.nii","506234","MNINonLinear//Results/tfMRI_RELATIONAL/tfMRI_RELATIONAL_hp200_s4_level2_MSMAll.feat/GrayordinatesStats/cope4.feat/zflame1uppertstat1.dtseries.nii","jPJSSBQ.uASL7Gx8aXbMBxqcAAb2ikM4"
"s3://hcp-openaccess/HCP_1200/506234/MNINonLinear/Results/tfMRI_RELATIONAL/tfMRI_RELATIONAL_hp200_s4_level2_MSMAll.feat/GrayordinatesStats/cope4.feat/zstat1.dtseries.nii","506234","MNINonLinear//Results/tfMRI_RELATIONAL/tfMRI_RELATIONAL_hp200_s4_level2_MSMAll.feat/GrayordinatesStats/cope4.feat/zstat1.dtseries.nii","ziBFpnfX17PDwFOtUsbq.5P_QpvKQlR6"
"s3://hcp-openaccess/HCP_1200/506234/MNINonLinear/Results/tfMRI_RELATIONAL/tfMRI_RELATIONAL_hp200_s4_level2_MSMAll.feat/GrayordinatesStats/cope5.feat/cope1.dtseries.nii","506234","MNINonLinear//Results/tfMRI_RELATIONAL/tfMRI_RELATIONAL_hp200_s4_level2_MSMAll.feat/GrayordinatesStats/cope5.feat/cope1.dtseries.nii","nNvjimwGNVsNPPVx0KCMMfWLp27hwD1J"
"s3://hcp-openaccess/HCP_1200/506234/MNINonLinear/Results/tfMRI_RELATIONAL/tfMRI_RELATIONAL_hp200_s4_level2_MSMAll.feat/GrayordinatesStats/cope5.feat/logfile","506234","MNINonLinear//Results/tfMRI_RELATIONAL/tfMRI_RELATIONAL_hp200_s4_level2_MSMAll.feat/GrayordinatesStats/cope5.feat/logfile","i3HkNBYbuFvZEHQHzDTgIufReswdxyqb"
"s3://hcp-openaccess/HCP_1200/506234/MNINonLinear/Results/tfMRI_RELATIONAL/tfMRI_RELATIONAL_hp200_s4_level2_MSMAll.feat/GrayordinatesStats/cope5.feat/mask.dtseries.nii","506234","MNINonLinear//Results/tfMRI_RELATIONAL/tfMRI_RELATIONAL_hp200_s4_level2_MSMAll.feat/GrayordinatesStats/cope5.feat/mask.dtseries.nii","z1DD2tYdUEyEU4ugRWRu1nYwByponOGg"
"s3://hcp-openaccess/HCP_1200/506234/MNINonLinear/Results/tfMRI_RELATIONAL/tfMRI_RELATIONAL_hp200_s4_level2_MSMAll.feat/GrayordinatesStats/cope5.feat/mean_random_effects_var1.dtseries.nii","506234","MNINonLinear//Results/tfMRI_RELATIONAL/tfMRI_RELATIONAL_hp200_s4_level2_MSMAll.feat/GrayordinatesStats/cope5.feat/mean_random_effects_var1.dtseries.nii","rSRNdwCIc7MT.3QrOHbn7qpYTen23R1D"
"s3://hcp-openaccess/HCP_1200/506234/MNINonLinear/Results/tfMRI_RELATIONAL/tfMRI_RELATIONAL_hp200_s4_level2_MSMAll.feat/GrayordinatesStats/cope5.feat/pe1.dtseries.nii","506234","MNINonLinear//Results/tfMRI_RELATIONAL/tfMRI_RELATIONAL_hp200_s4_level2_MSMAll.feat/GrayordinatesStats/cope5.feat/pe1.dtseries.nii","m5t6RMrHDoFXkg0g_wI7LZ6ZRQKpxGLk"
"s3://hcp-openaccess/HCP_1200/506234/MNINonLinear/Results/tfMRI_RELATIONAL/tfMRI_RELATIONAL_hp200_s4_level2_MSMAll.feat/GrayordinatesStats/cope5.feat/res4d.dtseries.nii","506234","MNINonLinear//Results/tfMRI_RELATIONAL/tfMRI_RELATIONAL_hp200_s4_level2_MSMAll.feat/GrayordinatesStats/cope5.feat/res4d.dtseries.nii","UbIpZZPXlPmlUxTJyDm8XIVYd5soKnKJ"
"s3://hcp-openaccess/HCP_1200/506234/MNINonLinear/Results/tfMRI_RELATIONAL/tfMRI_RELATIONAL_hp200_s4_level2_MSMAll.feat/GrayordinatesStats/cope5.feat/tdof_t1.dtseries.nii","506234","MNINonLinear//Results/tfMRI_RELATIONAL/tfMRI_RELATIONAL_hp200_s4_level2_MSMAll.feat/GrayordinatesStats/cope5.feat/tdof_t1.dtseries.nii","Ai7iEFupwqaLfIGWyYraH9TbNfKkux51"
"s3://hcp-openaccess/HCP_1200/506234/MNINonLinear/Results/tfMRI_RELATIONAL/tfMRI_RELATIONAL_hp200_s4_level2_MSMAll.feat/GrayordinatesStats/cope5.feat/tstat1.dtseries.nii","506234","MNINonLinear//Results/tfMRI_RELATIONAL/tfMRI_RELATIONAL_hp200_s4_level2_MSMAll.feat/GrayordinatesStats/cope5.feat/tstat1.dtseries.nii","Ga_x7.v7jSr4ZUNqa.dtDI8Iv5aVR1mc"
"s3://hcp-openaccess/HCP_1200/506234/MNINonLinear/Results/tfMRI_RELATIONAL/tfMRI_RELATIONAL_hp200_s4_level2_MSMAll.feat/GrayordinatesStats/cope5.feat/varcope1.dtseries.nii","506234","MNINonLinear//Results/tfMRI_RELATIONAL/tfMRI_RELATIONAL_hp200_s4_level2_MSMAll.feat/GrayordinatesStats/cope5.feat/varcope1.dtseries.nii","bo46M6W41ZN1DKWlNpPTT1IvM57632vk"
"s3://hcp-openaccess/HCP_1200/506234/MNINonLinear/Results/tfMRI_RELATIONAL/tfMRI_RELATIONAL_hp200_s4_level2_MSMAll.feat/GrayordinatesStats/cope5.feat/weights1.dtseries.nii","506234","MNINonLinear//Results/tfMRI_RELATIONAL/tfMRI_RELATIONAL_hp200_s4_level2_MSMAll.feat/GrayordinatesStats/cope5.feat/weights1.dtseries.nii","ZJJ0ul.HAyf2vyU0iDaU7sS2MTykvIw."
"s3://hcp-openaccess/HCP_1200/506234/MNINonLinear/Results/tfMRI_RELATIONAL/tfMRI_RELATIONAL_hp200_s4_level2_MSMAll.feat/GrayordinatesStats/cope5.feat/zflame1lowertstat1.dtseries.nii","506234","MNINonLinear//Results/tfMRI_RELATIONAL/tfMRI_RELATIONAL_hp200_s4_level2_MSMAll.feat/GrayordinatesStats/cope5.feat/zflame1lowertstat1.dtseries.nii","ZYa_Y2R79XeLPdqFDgV01b19Tu4.pOo0"
"s3://hcp-openaccess/HCP_1200/506234/MNINonLinear/Results/tfMRI_RELATIONAL/tfMRI_RELATIONAL_hp200_s4_level2_MSMAll.feat/GrayordinatesStats/cope5.feat/zflame1uppertstat1.dtseries.nii","506234","MNINonLinear//Results/tfMRI_RELATIONAL/tfMRI_RELATIONAL_hp200_s4_level2_MSMAll.feat/GrayordinatesStats/cope5.feat/zflame1uppertstat1.dtseries.nii","EkT7hx7yB_rmPan7xrQRXo3ig_Ij7r3q"
"s3://hcp-openaccess/HCP_1200/506234/MNINonLinear/Results/tfMRI_RELATIONAL/tfMRI_RELATIONAL_hp200_s4_level2_MSMAll.feat/GrayordinatesStats/cope5.feat/zstat1.dtseries.nii","506234","MNINonLinear//Results/tfMRI_RELATIONAL/tfMRI_RELATIONAL_hp200_s4_level2_MSMAll.feat/GrayordinatesStats/cope5.feat/zstat1.dtseries.nii","FOTcxdPQPHGYW9C.qmLbnFhVl38rhzB."
"s3://hcp-openaccess/HCP_1200/506234/MNINonLinear/Results/tfMRI_RELATIONAL/tfMRI_RELATIONAL_hp200_s4_level2_MSMAll.feat/GrayordinatesStats/cope6.feat/cope1.dtseries.nii","506234","MNINonLinear//Results/tfMRI_RELATIONAL/tfMRI_RELATIONAL_hp200_s4_level2_MSMAll.feat/GrayordinatesStats/cope6.feat/cope1.dtseries.nii","WHKPOdRUnZ48yBwNokXViCTgw6N0j1Co"
"s3://hcp-openaccess/HCP_1200/506234/MNINonLinear/Results/tfMRI_RELATIONAL/tfMRI_RELATIONAL_hp200_s4_level2_MSMAll.feat/GrayordinatesStats/cope6.feat/logfile","506234","MNINonLinear//Results/tfMRI_RELATIONAL/tfMRI_RELATIONAL_hp200_s4_level2_MSMAll.feat/GrayordinatesStats/cope6.feat/logfile","Xn7Jl.jKlrYcF7zdg.JzKZ9_pK21dPEn"
"s3://hcp-openaccess/HCP_1200/506234/MNINonLinear/Results/tfMRI_RELATIONAL/tfMRI_RELATIONAL_hp200_s4_level2_MSMAll.feat/GrayordinatesStats/cope6.feat/mask.dtseries.nii","506234","MNINonLinear//Results/tfMRI_RELATIONAL/tfMRI_RELATIONAL_hp200_s4_level2_MSMAll.feat/GrayordinatesStats/cope6.feat/mask.dtseries.nii","zCv.YKiRcj0wm_nWlfSgA71trgO9gQuB"
"s3://hcp-openaccess/HCP_1200/506234/MNINonLinear/Results/tfMRI_RELATIONAL/tfMRI_RELATIONAL_hp200_s4_level2_MSMAll.feat/GrayordinatesStats/cope6.feat/mean_random_effects_var1.dtseries.nii","506234","MNINonLinear//Results/tfMRI_RELATIONAL/tfMRI_RELATIONAL_hp200_s4_level2_MSMAll.feat/GrayordinatesStats/cope6.feat/mean_random_effects_var1.dtseries.nii","VDgtPMzwN7olB_CDZDn7TxJz5glV811L"
"s3://hcp-openaccess/HCP_1200/506234/MNINonLinear/Results/tfMRI_RELATIONAL/tfMRI_RELATIONAL_hp200_s4_level2_MSMAll.feat/GrayordinatesStats/cope6.feat/pe1.dtseries.nii","506234","MNINonLinear//Results/tfMRI_RELATIONAL/tfMRI_RELATIONAL_hp200_s4_level2_MSMAll.feat/GrayordinatesStats/cope6.feat/pe1.dtseries.nii","LkRAd6twzpTGpmcCdU7J3Hs_BpBcmRzc"
"s3://hcp-openaccess/HCP_1200/506234/MNINonLinear/Results/tfMRI_RELATIONAL/tfMRI_RELATIONAL_hp200_s4_level2_MSMAll.feat/GrayordinatesStats/cope6.feat/res4d.dtseries.nii","506234","MNINonLinear//Results/tfMRI_RELATIONAL/tfMRI_RELATIONAL_hp200_s4_level2_MSMAll.feat/GrayordinatesStats/cope6.feat/res4d.dtseries.nii","RC7lAeh_gqVfCvU9hLhZYfIoOi6Njt0M"
"s3://hcp-openaccess/HCP_1200/506234/MNINonLinear/Results/tfMRI_RELATIONAL/tfMRI_RELATIONAL_hp200_s4_level2_MSMAll.feat/GrayordinatesStats/cope6.feat/tdof_t1.dtseries.nii","506234","MNINonLinear//Results/tfMRI_RELATIONAL/tfMRI_RELATIONAL_hp200_s4_level2_MSMAll.feat/GrayordinatesStats/cope6.feat/tdof_t1.dtseries.nii","Bm7bZqyjj87F6DHQ4oiu2O0FOBiY6iDV"
"s3://hcp-openaccess/HCP_1200/506234/MNINonLinear/Results/tfMRI_RELATIONAL/tfMRI_RELATIONAL_hp200_s4_level2_MSMAll.feat/GrayordinatesStats/cope6.feat/tstat1.dtseries.nii","506234","MNINonLinear//Results/tfMRI_RELATIONAL/tfMRI_RELATIONAL_hp200_s4_level2_MSMAll.feat/GrayordinatesStats/cope6.feat/tstat1.dtseries.nii","99nqaQ5xekSxJGD2UEzGaCnqMRe_xkfX"
"s3://hcp-openaccess/HCP_1200/506234/MNINonLinear/Results/tfMRI_RELATIONAL/tfMRI_RELATIONAL_hp200_s4_level2_MSMAll.feat/GrayordinatesStats/cope6.feat/varcope1.dtseries.nii","506234","MNINonLinear//Results/tfMRI_RELATIONAL/tfMRI_RELATIONAL_hp200_s4_level2_MSMAll.feat/GrayordinatesStats/cope6.feat/varcope1.dtseries.nii","5w4CXRFq7bsSnmNbIZYKWh9evqAdxiZk"
"s3://hcp-openaccess/HCP_1200/506234/MNINonLinear/Results/tfMRI_RELATIONAL/tfMRI_RELATIONAL_hp200_s4_level2_MSMAll.feat/GrayordinatesStats/cope6.feat/weights1.dtseries.nii","506234","MNINonLinear//Results/tfMRI_RELATIONAL/tfMRI_RELATIONAL_hp200_s4_level2_MSMAll.feat/GrayordinatesStats/cope6.feat/weights1.dtseries.nii","jtnQFNEvGXy7BeduJ9iMllNw31CKXQ9B"
"s3://hcp-openaccess/HCP_1200/506234/MNINonLinear/Results/tfMRI_RELATIONAL/tfMRI_RELATIONAL_hp200_s4_level2_MSMAll.feat/GrayordinatesStats/cope6.feat/zflame1lowertstat1.dtseries.nii","506234","MNINonLinear//Results/tfMRI_RELATIONAL/tfMRI_RELATIONAL_hp200_s4_level2_MSMAll.feat/GrayordinatesStats/cope6.feat/zflame1lowertstat1.dtseries.nii","B72TrqWrvo0kk2cCp.7L6DXkgTBpmbMq"
"s3://hcp-openaccess/HCP_1200/506234/MNINonLinear/Results/tfMRI_RELATIONAL/tfMRI_RELATIONAL_hp200_s4_level2_MSMAll.feat/GrayordinatesStats/cope6.feat/zflame1uppertstat1.dtseries.nii","506234","MNINonLinear//Results/tfMRI_RELATIONAL/tfMRI_RELATIONAL_hp200_s4_level2_MSMAll.feat/GrayordinatesStats/cope6.feat/zflame1uppertstat1.dtseries.nii","yTjfxWKYV74z_ZgXamjhUCAQKU6sMK5G"
"s3://hcp-openaccess/HCP_1200/506234/MNINonLinear/Results/tfMRI_RELATIONAL/tfMRI_RELATIONAL_hp200_s4_level2_MSMAll.feat/GrayordinatesStats/cope6.feat/zstat1.dtseries.nii","506234","MNINonLinear//Results/tfMRI_RELATIONAL/tfMRI_RELATIONAL_hp200_s4_level2_MSMAll.feat/GrayordinatesStats/cope6.feat/zstat1.dtseries.nii","eJnsK_dXI8Woy2NbHdT59vfEOPLS5LuO"
"s3://hcp-openaccess/HCP_1200/506234/MNINonLinear/Results/tfMRI_RELATIONAL/tfMRI_RELATIONAL_hp200_s4_level2_MSMAll.feat/design.con","506234","MNINonLinear//Results/tfMRI_RELATIONAL/tfMRI_RELATIONAL_hp200_s4_level2_MSMAll.feat/design.con","0fOVvmd3wfhDncjxb_R80YrJ12bKmzgH"
"s3://hcp-openaccess/HCP_1200/506234/MNINonLinear/Results/tfMRI_RELATIONAL/tfMRI_RELATIONAL_hp200_s4_level2_MSMAll.feat/design.fsf","506234","MNINonLinear//Results/tfMRI_RELATIONAL/tfMRI_RELATIONAL_hp200_s4_level2_MSMAll.feat/design.fsf","CjM9adXRXClqzhAqG1N8g88D6t6Pi3nw"
"s3://hcp-openaccess/HCP_1200/506234/MNINonLinear/Results/tfMRI_RELATIONAL/tfMRI_RELATIONAL_hp200_s4_level2_MSMAll.feat/design.grp","506234","MNINonLinear//Results/tfMRI_RELATIONAL/tfMRI_RELATIONAL_hp200_s4_level2_MSMAll.feat/design.grp","TeppwJELXF3TezJnYNTY4fk0hsS8zBhU"
"s3://hcp-openaccess/HCP_1200/506234/MNINonLinear/Results/tfMRI_RELATIONAL/tfMRI_RELATIONAL_hp200_s4_level2_MSMAll.feat/design.mat","506234","MNINonLinear//Results/tfMRI_RELATIONAL/tfMRI_RELATIONAL_hp200_s4_level2_MSMAll.feat/design.mat","UP0bFV7NsTEJ2JflS.AeYoke8BFKawpf"
"s3://hcp-openaccess/HCP_1200/506234/MNINonLinear/Results/tfMRI_RELATIONAL/tfMRI_RELATIONAL_hp200_s4_level2_MSMAll.feat/design.png","506234","MNINonLinear//Results/tfMRI_RELATIONAL/tfMRI_RELATIONAL_hp200_s4_level2_MSMAll.feat/design.png",".Ei8UWacp_c571ea.eX3udK3Weo3zJvH"
"s3://hcp-openaccess/HCP_1200/506234/MNINonLinear/Results/tfMRI_RELATIONAL/tfMRI_RELATIONAL_hp200_s4_level2_MSMAll.feat/design.ppm","506234","MNINonLinear//Results/tfMRI_RELATIONAL/tfMRI_RELATIONAL_hp200_s4_level2_MSMAll.feat/design.ppm","2VxkUW4at7eIu7mX5jrTiPtDSdEFZ2w4"
"s3://hcp-openaccess/HCP_1200/506234/MNINonLinear/Results/tfMRI_RELATIONAL/tfMRI_RELATIONAL_hp200_s4_level2_MSMAll.feat/design_cov.png","506234","MNINonLinear//Results/tfMRI_RELATIONAL/tfMRI_RELATIONAL_hp200_s4_level2_MSMAll.feat/design_cov.png","Mqsl4E_zuOxNz8JUHLXhwT6.SLao7iuN"
"s3://hcp-openaccess/HCP_1200/506234/MNINonLinear/Results/tfMRI_RELATIONAL/tfMRI_RELATIONAL_hp200_s4_level2_MSMAll.feat/design_cov.ppm","506234","MNINonLinear//Results/tfMRI_RELATIONAL/tfMRI_RELATIONAL_hp200_s4_level2_MSMAll.feat/design_cov.ppm","0Sh1c.z74slS4tL8j.s4f9Ny7.MnNJ2F"
"s3://hcp-openaccess/HCP_1200/506234/MNINonLinear/Results/tfMRI_RELATIONAL/tfMRI_RELATIONAL_hp200_s8_level2.feat/506234_tfMRI_RELATIONAL_level2_hp200_s8.dscalar.nii","506234","MNINonLinear//Results/tfMRI_RELATIONAL/tfMRI_RELATIONAL_hp200_s8_level2.feat/506234_tfMRI_RELATIONAL_level2_hp200_s8.dscalar.nii","2IuolewprnpwrrYIy6dPOLIzTOFvEwyz"
"s3://hcp-openaccess/HCP_1200/506234/MNINonLinear/Results/tfMRI_RELATIONAL/tfMRI_RELATIONAL_hp200_s8_level2.feat/Contrasts.txt","506234","MNINonLinear//Results/tfMRI_RELATIONAL/tfMRI_RELATIONAL_hp200_s8_level2.feat/Contrasts.txt","Ha.rRohcjSjM2bCzpHWUIOBS3osOQT3Z"
"s3://hcp-openaccess/HCP_1200/506234/MNINonLinear/Results/tfMRI_RELATIONAL/tfMRI_RELATIONAL_hp200_s8_level2.feat/GrayordinatesStats/cope1.feat/cope1.dtseries.nii","506234","MNINonLinear//Results/tfMRI_RELATIONAL/tfMRI_RELATIONAL_hp200_s8_level2.feat/GrayordinatesStats/cope1.feat/cope1.dtseries.nii","qi9kErXX8aJ1wgnNggKPZ3rneVvu1yfe"
"s3://hcp-openaccess/HCP_1200/506234/MNINonLinear/Results/tfMRI_RELATIONAL/tfMRI_RELATIONAL_hp200_s8_level2.feat/GrayordinatesStats/cope1.feat/logfile","506234","MNINonLinear//Results/tfMRI_RELATIONAL/tfMRI_RELATIONAL_hp200_s8_level2.feat/GrayordinatesStats/cope1.feat/logfile","YI9PDo.5yJLzhLoPjuM7PnDeA15kWUzP"
"s3://hcp-openaccess/HCP_1200/506234/MNINonLinear/Results/tfMRI_RELATIONAL/tfMRI_RELATIONAL_hp200_s8_level2.feat/GrayordinatesStats/cope1.feat/mask.dtseries.nii","506234","MNINonLinear//Results/tfMRI_RELATIONAL/tfMRI_RELATIONAL_hp200_s8_level2.feat/GrayordinatesStats/cope1.feat/mask.dtseries.nii","gdPrmVMfkRB_Pp7QcQqRxU1PKyO8zwJK"
"s3://hcp-openaccess/HCP_1200/506234/MNINonLinear/Results/tfMRI_RELATIONAL/tfMRI_RELATIONAL_hp200_s8_level2.feat/GrayordinatesStats/cope1.feat/mean_random_effects_var1.dtseries.nii","506234","MNINonLinear//Results/tfMRI_RELATIONAL/tfMRI_RELATIONAL_hp200_s8_level2.feat/GrayordinatesStats/cope1.feat/mean_random_effects_var1.dtseries.nii","4P_CdhwQUe71qCrf2KdX5mq8zaV7Y6Md"
"s3://hcp-openaccess/HCP_1200/506234/MNINonLinear/Results/tfMRI_RELATIONAL/tfMRI_RELATIONAL_hp200_s8_level2.feat/GrayordinatesStats/cope1.feat/pe1.dtseries.nii","506234","MNINonLinear//Results/tfMRI_RELATIONAL/tfMRI_RELATIONAL_hp200_s8_level2.feat/GrayordinatesStats/cope1.feat/pe1.dtseries.nii","OEma0Q5w3_Vy.XCKuMflryRkLLdc.Rx_"
"s3://hcp-openaccess/HCP_1200/506234/MNINonLinear/Results/tfMRI_RELATIONAL/tfMRI_RELATIONAL_hp200_s8_level2.feat/GrayordinatesStats/cope1.feat/res4d.dtseries.nii","506234","MNINonLinear//Results/tfMRI_RELATIONAL/tfMRI_RELATIONAL_hp200_s8_level2.feat/GrayordinatesStats/cope1.feat/res4d.dtseries.nii","frhWtmTd9c76LvQxILRFWhw.9YnyNhNi"
"s3://hcp-openaccess/HCP_1200/506234/MNINonLinear/Results/tfMRI_RELATIONAL/tfMRI_RELATIONAL_hp200_s8_level2.feat/GrayordinatesStats/cope1.feat/tdof_t1.dtseries.nii","506234","MNINonLinear//Results/tfMRI_RELATIONAL/tfMRI_RELATIONAL_hp200_s8_level2.feat/GrayordinatesStats/cope1.feat/tdof_t1.dtseries.nii","JBte5QZTu3roAHIbND3upQE89XRdgqG5"
"s3://hcp-openaccess/HCP_1200/506234/MNINonLinear/Results/tfMRI_RELATIONAL/tfMRI_RELATIONAL_hp200_s8_level2.feat/GrayordinatesStats/cope1.feat/tstat1.dtseries.nii","506234","MNINonLinear//Results/tfMRI_RELATIONAL/tfMRI_RELATIONAL_hp200_s8_level2.feat/GrayordinatesStats/cope1.feat/tstat1.dtseries.nii","oWONBTHWKejNrbyaXvSKj2vq_aO5FaPY"
"s3://hcp-openaccess/HCP_1200/506234/MNINonLinear/Results/tfMRI_RELATIONAL/tfMRI_RELATIONAL_hp200_s8_level2.feat/GrayordinatesStats/cope1.feat/varcope1.dtseries.nii","506234","MNINonLinear//Results/tfMRI_RELATIONAL/tfMRI_RELATIONAL_hp200_s8_level2.feat/GrayordinatesStats/cope1.feat/varcope1.dtseries.nii","WyYTZx51uStkx3y5SFSVxELZp064z3O5"
"s3://hcp-openaccess/HCP_1200/506234/MNINonLinear/Results/tfMRI_RELATIONAL/tfMRI_RELATIONAL_hp200_s8_level2.feat/GrayordinatesStats/cope1.feat/weights1.dtseries.nii","506234","MNINonLinear//Results/tfMRI_RELATIONAL/tfMRI_RELATIONAL_hp200_s8_level2.feat/GrayordinatesStats/cope1.feat/weights1.dtseries.nii","H82DAhjc7Ap2Cyf6VpRA.aJwYmHh1vvw"
"s3://hcp-openaccess/HCP_1200/506234/MNINonLinear/Results/tfMRI_RELATIONAL/tfMRI_RELATIONAL_hp200_s8_level2.feat/GrayordinatesStats/cope1.feat/zflame1lowertstat1.dtseries.nii","506234","MNINonLinear//Results/tfMRI_RELATIONAL/tfMRI_RELATIONAL_hp200_s8_level2.feat/GrayordinatesStats/cope1.feat/zflame1lowertstat1.dtseries.nii","CP6yS_tFCpUjD1aS4ukgZ91zYpqpxwrD"
"s3://hcp-openaccess/HCP_1200/506234/MNINonLinear/Results/tfMRI_RELATIONAL/tfMRI_RELATIONAL_hp200_s8_level2.feat/GrayordinatesStats/cope1.feat/zflame1uppertstat1.dtseries.nii","506234","MNINonLinear//Results/tfMRI_RELATIONAL/tfMRI_RELATIONAL_hp200_s8_level2.feat/GrayordinatesStats/cope1.feat/zflame1uppertstat1.dtseries.nii","Z.55PpRe3Rv8.5ckb7r.GHv2or5UZbFd"
"s3://hcp-openaccess/HCP_1200/506234/MNINonLinear/Results/tfMRI_RELATIONAL/tfMRI_RELATIONAL_hp200_s8_level2.feat/GrayordinatesStats/cope1.feat/zstat1.dtseries.nii","506234","MNINonLinear//Results/tfMRI_RELATIONAL/tfMRI_RELATIONAL_hp200_s8_level2.feat/GrayordinatesStats/cope1.feat/zstat1.dtseries.nii","OuGNnzzBGw5DLblCYRscc2gonsj_18yh"
"s3://hcp-openaccess/HCP_1200/506234/MNINonLinear/Results/tfMRI_RELATIONAL/tfMRI_RELATIONAL_hp200_s8_level2.feat/GrayordinatesStats/cope2.feat/cope1.dtseries.nii","506234","MNINonLinear//Results/tfMRI_RELATIONAL/tfMRI_RELATIONAL_hp200_s8_level2.feat/GrayordinatesStats/cope2.feat/cope1.dtseries.nii","KqOdbn9dqP_Nu6f5IedLYUub8vyiHkc6"
"s3://hcp-openaccess/HCP_1200/506234/MNINonLinear/Results/tfMRI_RELATIONAL/tfMRI_RELATIONAL_hp200_s8_level2.feat/GrayordinatesStats/cope2.feat/logfile","506234","MNINonLinear//Results/tfMRI_RELATIONAL/tfMRI_RELATIONAL_hp200_s8_level2.feat/GrayordinatesStats/cope2.feat/logfile","gbY4FHSG6ChgRpZwnf6xfezx1wTmzL7E"
"s3://hcp-openaccess/HCP_1200/506234/MNINonLinear/Results/tfMRI_RELATIONAL/tfMRI_RELATIONAL_hp200_s8_level2.feat/GrayordinatesStats/cope2.feat/mask.dtseries.nii","506234","MNINonLinear//Results/tfMRI_RELATIONAL/tfMRI_RELATIONAL_hp200_s8_level2.feat/GrayordinatesStats/cope2.feat/mask.dtseries.nii","sPPteCqP_jaS_2UxnkTcoi4T.iSLZY17"
"s3://hcp-openaccess/HCP_1200/506234/MNINonLinear/Results/tfMRI_RELATIONAL/tfMRI_RELATIONAL_hp200_s8_level2.feat/GrayordinatesStats/cope2.feat/mean_random_effects_var1.dtseries.nii","506234","MNINonLinear//Results/tfMRI_RELATIONAL/tfMRI_RELATIONAL_hp200_s8_level2.feat/GrayordinatesStats/cope2.feat/mean_random_effects_var1.dtseries.nii","7HgKXnCrYn8sYnmpB4YFwPSSsCLueVQ7"
"s3://hcp-openaccess/HCP_1200/506234/MNINonLinear/Results/tfMRI_RELATIONAL/tfMRI_RELATIONAL_hp200_s8_level2.feat/GrayordinatesStats/cope2.feat/pe1.dtseries.nii","506234","MNINonLinear//Results/tfMRI_RELATIONAL/tfMRI_RELATIONAL_hp200_s8_level2.feat/GrayordinatesStats/cope2.feat/pe1.dtseries.nii","i8XlYjydvgs_TLV5CIZkDtPeKc2khEJV"
"s3://hcp-openaccess/HCP_1200/506234/MNINonLinear/Results/tfMRI_RELATIONAL/tfMRI_RELATIONAL_hp200_s8_level2.feat/GrayordinatesStats/cope2.feat/res4d.dtseries.nii","506234","MNINonLinear//Results/tfMRI_RELATIONAL/tfMRI_RELATIONAL_hp200_s8_level2.feat/GrayordinatesStats/cope2.feat/res4d.dtseries.nii","tYc5FGaGqjVDn96yplFk3op16VndiOVy"
"s3://hcp-openaccess/HCP_1200/506234/MNINonLinear/Results/tfMRI_RELATIONAL/tfMRI_RELATIONAL_hp200_s8_level2.feat/GrayordinatesStats/cope2.feat/tdof_t1.dtseries.nii","506234","MNINonLinear//Results/tfMRI_RELATIONAL/tfMRI_RELATIONAL_hp200_s8_level2.feat/GrayordinatesStats/cope2.feat/tdof_t1.dtseries.nii","cH2sLochhCmO7kWjoEKlQSeFeIcvgHoL"
"s3://hcp-openaccess/HCP_1200/506234/MNINonLinear/Results/tfMRI_RELATIONAL/tfMRI_RELATIONAL_hp200_s8_level2.feat/GrayordinatesStats/cope2.feat/tstat1.dtseries.nii","506234","MNINonLinear//Results/tfMRI_RELATIONAL/tfMRI_RELATIONAL_hp200_s8_level2.feat/GrayordinatesStats/cope2.feat/tstat1.dtseries.nii","MTGVPKP70OxAzEW8sW8.KCnkaUgn8wsg"
"s3://hcp-openaccess/HCP_1200/506234/MNINonLinear/Results/tfMRI_RELATIONAL/tfMRI_RELATIONAL_hp200_s8_level2.feat/GrayordinatesStats/cope2.feat/varcope1.dtseries.nii","506234","MNINonLinear//Results/tfMRI_RELATIONAL/tfMRI_RELATIONAL_hp200_s8_level2.feat/GrayordinatesStats/cope2.feat/varcope1.dtseries.nii","hXBncpw5NMVsFcgbXofUzovAwcfCbC_r"
"s3://hcp-openaccess/HCP_1200/506234/MNINonLinear/Results/tfMRI_RELATIONAL/tfMRI_RELATIONAL_hp200_s8_level2.feat/GrayordinatesStats/cope2.feat/weights1.dtseries.nii","506234","MNINonLinear//Results/tfMRI_RELATIONAL/tfMRI_RELATIONAL_hp200_s8_level2.feat/GrayordinatesStats/cope2.feat/weights1.dtseries.nii","rXjA8MM4zcc6YVm9y8d0VBFm1ZdWzKpd"
"s3://hcp-openaccess/HCP_1200/506234/MNINonLinear/Results/tfMRI_RELATIONAL/tfMRI_RELATIONAL_hp200_s8_level2.feat/GrayordinatesStats/cope2.feat/zflame1lowertstat1.dtseries.nii","506234","MNINonLinear//Results/tfMRI_RELATIONAL/tfMRI_RELATIONAL_hp200_s8_level2.feat/GrayordinatesStats/cope2.feat/zflame1lowertstat1.dtseries.nii","QFwMCx7InO8.9JIdqox.yeTeCVuvNcxs"
"s3://hcp-openaccess/HCP_1200/506234/MNINonLinear/Results/tfMRI_RELATIONAL/tfMRI_RELATIONAL_hp200_s8_level2.feat/GrayordinatesStats/cope2.feat/zflame1uppertstat1.dtseries.nii","506234","MNINonLinear//Results/tfMRI_RELATIONAL/tfMRI_RELATIONAL_hp200_s8_level2.feat/GrayordinatesStats/cope2.feat/zflame1uppertstat1.dtseries.nii","NMvaOla9oOcGD2r5G7iqNqHX.0xWFLtI"
"s3://hcp-openaccess/HCP_1200/506234/MNINonLinear/Results/tfMRI_RELATIONAL/tfMRI_RELATIONAL_hp200_s8_level2.feat/GrayordinatesStats/cope2.feat/zstat1.dtseries.nii","506234","MNINonLinear//Results/tfMRI_RELATIONAL/tfMRI_RELATIONAL_hp200_s8_level2.feat/GrayordinatesStats/cope2.feat/zstat1.dtseries.nii","SSfXjXTQKIyxTUfLRWCV7g2MCFxnRe36"
"s3://hcp-openaccess/HCP_1200/506234/MNINonLinear/Results/tfMRI_RELATIONAL/tfMRI_RELATIONAL_hp200_s8_level2.feat/GrayordinatesStats/cope3.feat/cope1.dtseries.nii","506234","MNINonLinear//Results/tfMRI_RELATIONAL/tfMRI_RELATIONAL_hp200_s8_level2.feat/GrayordinatesStats/cope3.feat/cope1.dtseries.nii","xTOjwiwsi.9KHWoz3.1oYCWkNrWSnF2R"
"s3://hcp-openaccess/HCP_1200/506234/MNINonLinear/Results/tfMRI_RELATIONAL/tfMRI_RELATIONAL_hp200_s8_level2.feat/GrayordinatesStats/cope3.feat/logfile","506234","MNINonLinear//Results/tfMRI_RELATIONAL/tfMRI_RELATIONAL_hp200_s8_level2.feat/GrayordinatesStats/cope3.feat/logfile","jdzR0KXZaci4tE5KH6ZgoLVYlksZYX8u"
"s3://hcp-openaccess/HCP_1200/506234/MNINonLinear/Results/tfMRI_RELATIONAL/tfMRI_RELATIONAL_hp200_s8_level2.feat/GrayordinatesStats/cope3.feat/mask.dtseries.nii","506234","MNINonLinear//Results/tfMRI_RELATIONAL/tfMRI_RELATIONAL_hp200_s8_level2.feat/GrayordinatesStats/cope3.feat/mask.dtseries.nii","Z5tSLuvsKFnWiQnhjCu4vPbL.A3Wcwzq"
"s3://hcp-openaccess/HCP_1200/506234/MNINonLinear/Results/tfMRI_RELATIONAL/tfMRI_RELATIONAL_hp200_s8_level2.feat/GrayordinatesStats/cope3.feat/mean_random_effects_var1.dtseries.nii","506234","MNINonLinear//Results/tfMRI_RELATIONAL/tfMRI_RELATIONAL_hp200_s8_level2.feat/GrayordinatesStats/cope3.feat/mean_random_effects_var1.dtseries.nii","v69HgOizbO_FjVE31KA_rR7LQW4Eddh8"
"s3://hcp-openaccess/HCP_1200/506234/MNINonLinear/Results/tfMRI_RELATIONAL/tfMRI_RELATIONAL_hp200_s8_level2.feat/GrayordinatesStats/cope3.feat/pe1.dtseries.nii","506234","MNINonLinear//Results/tfMRI_RELATIONAL/tfMRI_RELATIONAL_hp200_s8_level2.feat/GrayordinatesStats/cope3.feat/pe1.dtseries.nii","v4iIupyHOjt8fjAVD.aTpaeeaDpm830a"
"s3://hcp-openaccess/HCP_1200/506234/MNINonLinear/Results/tfMRI_RELATIONAL/tfMRI_RELATIONAL_hp200_s8_level2.feat/GrayordinatesStats/cope3.feat/res4d.dtseries.nii","506234","MNINonLinear//Results/tfMRI_RELATIONAL/tfMRI_RELATIONAL_hp200_s8_level2.feat/GrayordinatesStats/cope3.feat/res4d.dtseries.nii","8MTeDGSpiwIpQ9wAXCe_lY4_MEJsU5yw"
"s3://hcp-openaccess/HCP_1200/506234/MNINonLinear/Results/tfMRI_RELATIONAL/tfMRI_RELATIONAL_hp200_s8_level2.feat/GrayordinatesStats/cope3.feat/tdof_t1.dtseries.nii","506234","MNINonLinear//Results/tfMRI_RELATIONAL/tfMRI_RELATIONAL_hp200_s8_level2.feat/GrayordinatesStats/cope3.feat/tdof_t1.dtseries.nii","T84r1uJwgOom3Z7lSTpf94_AuvyTv4x7"
"s3://hcp-openaccess/HCP_1200/506234/MNINonLinear/Results/tfMRI_RELATIONAL/tfMRI_RELATIONAL_hp200_s8_level2.feat/GrayordinatesStats/cope3.feat/tstat1.dtseries.nii","506234","MNINonLinear//Results/tfMRI_RELATIONAL/tfMRI_RELATIONAL_hp200_s8_level2.feat/GrayordinatesStats/cope3.feat/tstat1.dtseries.nii","5PJB8ndjn3maHZG2lD4oYfJHHIvIs1Yy"
"s3://hcp-openaccess/HCP_1200/506234/MNINonLinear/Results/tfMRI_RELATIONAL/tfMRI_RELATIONAL_hp200_s8_level2.feat/GrayordinatesStats/cope3.feat/varcope1.dtseries.nii","506234","MNINonLinear//Results/tfMRI_RELATIONAL/tfMRI_RELATIONAL_hp200_s8_level2.feat/GrayordinatesStats/cope3.feat/varcope1.dtseries.nii","fvshs5gzLsSZJ2ytHpR8zNSGvXfIiC2A"
"s3://hcp-openaccess/HCP_1200/506234/MNINonLinear/Results/tfMRI_RELATIONAL/tfMRI_RELATIONAL_hp200_s8_level2.feat/GrayordinatesStats/cope3.feat/weights1.dtseries.nii","506234","MNINonLinear//Results/tfMRI_RELATIONAL/tfMRI_RELATIONAL_hp200_s8_level2.feat/GrayordinatesStats/cope3.feat/weights1.dtseries.nii","FrKfYCot9i.O7GjBSWfDkwsUyP4I0cxz"
"s3://hcp-openaccess/HCP_1200/506234/MNINonLinear/Results/tfMRI_RELATIONAL/tfMRI_RELATIONAL_hp200_s8_level2.feat/GrayordinatesStats/cope3.feat/zflame1lowertstat1.dtseries.nii","506234","MNINonLinear//Results/tfMRI_RELATIONAL/tfMRI_RELATIONAL_hp200_s8_level2.feat/GrayordinatesStats/cope3.feat/zflame1lowertstat1.dtseries.nii","PAOtEL.EGwmi_xSe5SSpGYou0gQvfLYO"
"s3://hcp-openaccess/HCP_1200/506234/MNINonLinear/Results/tfMRI_RELATIONAL/tfMRI_RELATIONAL_hp200_s8_level2.feat/GrayordinatesStats/cope3.feat/zflame1uppertstat1.dtseries.nii","506234","MNINonLinear//Results/tfMRI_RELATIONAL/tfMRI_RELATIONAL_hp200_s8_level2.feat/GrayordinatesStats/cope3.feat/zflame1uppertstat1.dtseries.nii","bGQ.d_ZZqo72tmdirYj2krNVkreG006x"
"s3://hcp-openaccess/HCP_1200/506234/MNINonLinear/Results/tfMRI_RELATIONAL/tfMRI_RELATIONAL_hp200_s8_level2.feat/GrayordinatesStats/cope3.feat/zstat1.dtseries.nii","506234","MNINonLinear//Results/tfMRI_RELATIONAL/tfMRI_RELATIONAL_hp200_s8_level2.feat/GrayordinatesStats/cope3.feat/zstat1.dtseries.nii","mOZ7PRTFJe9nogsAkA.MJJyfb8sD2nHe"
"s3://hcp-openaccess/HCP_1200/506234/MNINonLinear/Results/tfMRI_RELATIONAL/tfMRI_RELATIONAL_hp200_s8_level2.feat/GrayordinatesStats/cope4.feat/cope1.dtseries.nii","506234","MNINonLinear//Results/tfMRI_RELATIONAL/tfMRI_RELATIONAL_hp200_s8_level2.feat/GrayordinatesStats/cope4.feat/cope1.dtseries.nii","Hqz1xpZdZqNX9F8prCut1X7TTO8pIUKT"
"s3://hcp-openaccess/HCP_1200/506234/MNINonLinear/Results/tfMRI_RELATIONAL/tfMRI_RELATIONAL_hp200_s8_level2.feat/GrayordinatesStats/cope4.feat/logfile","506234","MNINonLinear//Results/tfMRI_RELATIONAL/tfMRI_RELATIONAL_hp200_s8_level2.feat/GrayordinatesStats/cope4.feat/logfile","nmyEjYuXxqaJl8t_td9qXWRm53HPKM1K"
"s3://hcp-openaccess/HCP_1200/506234/MNINonLinear/Results/tfMRI_RELATIONAL/tfMRI_RELATIONAL_hp200_s8_level2.feat/GrayordinatesStats/cope4.feat/mask.dtseries.nii","506234","MNINonLinear//Results/tfMRI_RELATIONAL/tfMRI_RELATIONAL_hp200_s8_level2.feat/GrayordinatesStats/cope4.feat/mask.dtseries.nii","orNEGmgOK8qDhNLJXJ2.nBv4KpbmbK1d"
"s3://hcp-openaccess/HCP_1200/506234/MNINonLinear/Results/tfMRI_RELATIONAL/tfMRI_RELATIONAL_hp200_s8_level2.feat/GrayordinatesStats/cope4.feat/mean_random_effects_var1.dtseries.nii","506234","MNINonLinear//Results/tfMRI_RELATIONAL/tfMRI_RELATIONAL_hp200_s8_level2.feat/GrayordinatesStats/cope4.feat/mean_random_effects_var1.dtseries.nii","hmhyLRqfwvSB73GxBCRLQRTml7N6NIgO"
"s3://hcp-openaccess/HCP_1200/506234/MNINonLinear/Results/tfMRI_RELATIONAL/tfMRI_RELATIONAL_hp200_s8_level2.feat/GrayordinatesStats/cope4.feat/pe1.dtseries.nii","506234","MNINonLinear//Results/tfMRI_RELATIONAL/tfMRI_RELATIONAL_hp200_s8_level2.feat/GrayordinatesStats/cope4.feat/pe1.dtseries.nii","CcwC.IduG_mTadOzw0ji__ZL.lN6CmAb"
"s3://hcp-openaccess/HCP_1200/506234/MNINonLinear/Results/tfMRI_RELATIONAL/tfMRI_RELATIONAL_hp200_s8_level2.feat/GrayordinatesStats/cope4.feat/res4d.dtseries.nii","506234","MNINonLinear//Results/tfMRI_RELATIONAL/tfMRI_RELATIONAL_hp200_s8_level2.feat/GrayordinatesStats/cope4.feat/res4d.dtseries.nii","wCkfbFZTYZbE4b8IG5IXXbRJ.byNnsV3"
"s3://hcp-openaccess/HCP_1200/506234/MNINonLinear/Results/tfMRI_RELATIONAL/tfMRI_RELATIONAL_hp200_s8_level2.feat/GrayordinatesStats/cope4.feat/tdof_t1.dtseries.nii","506234","MNINonLinear//Results/tfMRI_RELATIONAL/tfMRI_RELATIONAL_hp200_s8_level2.feat/GrayordinatesStats/cope4.feat/tdof_t1.dtseries.nii","uIUWZfEkXfMz.yU3ovpTrQYB7kpHqpaI"
"s3://hcp-openaccess/HCP_1200/506234/MNINonLinear/Results/tfMRI_RELATIONAL/tfMRI_RELATIONAL_hp200_s8_level2.feat/GrayordinatesStats/cope4.feat/tstat1.dtseries.nii","506234","MNINonLinear//Results/tfMRI_RELATIONAL/tfMRI_RELATIONAL_hp200_s8_level2.feat/GrayordinatesStats/cope4.feat/tstat1.dtseries.nii","3B.lL1zf.HgKqaNYF5hEByARYdnEqsqX"
"s3://hcp-openaccess/HCP_1200/506234/MNINonLinear/Results/tfMRI_RELATIONAL/tfMRI_RELATIONAL_hp200_s8_level2.feat/GrayordinatesStats/cope4.feat/varcope1.dtseries.nii","506234","MNINonLinear//Results/tfMRI_RELATIONAL/tfMRI_RELATIONAL_hp200_s8_level2.feat/GrayordinatesStats/cope4.feat/varcope1.dtseries.nii","C1s0ZG40wiC78j1BmzXqh..ey0uewwh0"
"s3://hcp-openaccess/HCP_1200/506234/MNINonLinear/Results/tfMRI_RELATIONAL/tfMRI_RELATIONAL_hp200_s8_level2.feat/GrayordinatesStats/cope4.feat/weights1.dtseries.nii","506234","MNINonLinear//Results/tfMRI_RELATIONAL/tfMRI_RELATIONAL_hp200_s8_level2.feat/GrayordinatesStats/cope4.feat/weights1.dtseries.nii","1YFHt005q4dF6Rk5Unu.DmpYCmQpoYjT"
"s3://hcp-openaccess/HCP_1200/506234/MNINonLinear/Results/tfMRI_RELATIONAL/tfMRI_RELATIONAL_hp200_s8_level2.feat/GrayordinatesStats/cope4.feat/zflame1lowertstat1.dtseries.nii","506234","MNINonLinear//Results/tfMRI_RELATIONAL/tfMRI_RELATIONAL_hp200_s8_level2.feat/GrayordinatesStats/cope4.feat/zflame1lowertstat1.dtseries.nii","Ox7Z.jbL59LX9tp9ySmlB3TZAfgC8DK."
"s3://hcp-openaccess/HCP_1200/506234/MNINonLinear/Results/tfMRI_RELATIONAL/tfMRI_RELATIONAL_hp200_s8_level2.feat/GrayordinatesStats/cope4.feat/zflame1uppertstat1.dtseries.nii","506234","MNINonLinear//Results/tfMRI_RELATIONAL/tfMRI_RELATIONAL_hp200_s8_level2.feat/GrayordinatesStats/cope4.feat/zflame1uppertstat1.dtseries.nii","KFOdOZ05DhPzLKnbkHCSl1LuzYdK4Q3s"
"s3://hcp-openaccess/HCP_1200/506234/MNINonLinear/Results/tfMRI_RELATIONAL/tfMRI_RELATIONAL_hp200_s8_level2.feat/GrayordinatesStats/cope4.feat/zstat1.dtseries.nii","506234","MNINonLinear//Results/tfMRI_RELATIONAL/tfMRI_RELATIONAL_hp200_s8_level2.feat/GrayordinatesStats/cope4.feat/zstat1.dtseries.nii","FKtyGTq5rjeSzdg2nZb.hwTPBjLi.fmK"
"s3://hcp-openaccess/HCP_1200/506234/MNINonLinear/Results/tfMRI_RELATIONAL/tfMRI_RELATIONAL_hp200_s8_level2.feat/GrayordinatesStats/cope5.feat/cope1.dtseries.nii","506234","MNINonLinear//Results/tfMRI_RELATIONAL/tfMRI_RELATIONAL_hp200_s8_level2.feat/GrayordinatesStats/cope5.feat/cope1.dtseries.nii","goFgKGgO6q792cqqTTJ_WS4fJXaVSQmv"
"s3://hcp-openaccess/HCP_1200/506234/MNINonLinear/Results/tfMRI_RELATIONAL/tfMRI_RELATIONAL_hp200_s8_level2.feat/GrayordinatesStats/cope5.feat/logfile","506234","MNINonLinear//Results/tfMRI_RELATIONAL/tfMRI_RELATIONAL_hp200_s8_level2.feat/GrayordinatesStats/cope5.feat/logfile","hKoMMrhU7H_h3uY0F.seJW70jW8kHJyx"
"s3://hcp-openaccess/HCP_1200/506234/MNINonLinear/Results/tfMRI_RELATIONAL/tfMRI_RELATIONAL_hp200_s8_level2.feat/GrayordinatesStats/cope5.feat/mask.dtseries.nii","506234","MNINonLinear//Results/tfMRI_RELATIONAL/tfMRI_RELATIONAL_hp200_s8_level2.feat/GrayordinatesStats/cope5.feat/mask.dtseries.nii","Jq8D.pFHJk.Fy2fgmlfw0arhuE10zKRl"
"s3://hcp-openaccess/HCP_1200/506234/MNINonLinear/Results/tfMRI_RELATIONAL/tfMRI_RELATIONAL_hp200_s8_level2.feat/GrayordinatesStats/cope5.feat/mean_random_effects_var1.dtseries.nii","506234","MNINonLinear//Results/tfMRI_RELATIONAL/tfMRI_RELATIONAL_hp200_s8_level2.feat/GrayordinatesStats/cope5.feat/mean_random_effects_var1.dtseries.nii","zISqyqFAhegGcn8KCSkxLoXlPok_MvdM"
"s3://hcp-openaccess/HCP_1200/506234/MNINonLinear/Results/tfMRI_RELATIONAL/tfMRI_RELATIONAL_hp200_s8_level2.feat/GrayordinatesStats/cope5.feat/pe1.dtseries.nii","506234","MNINonLinear//Results/tfMRI_RELATIONAL/tfMRI_RELATIONAL_hp200_s8_level2.feat/GrayordinatesStats/cope5.feat/pe1.dtseries.nii","m3VpSKnxlb490RFP41WayHXoPDAIbap."
"s3://hcp-openaccess/HCP_1200/506234/MNINonLinear/Results/tfMRI_RELATIONAL/tfMRI_RELATIONAL_hp200_s8_level2.feat/GrayordinatesStats/cope5.feat/res4d.dtseries.nii","506234","MNINonLinear//Results/tfMRI_RELATIONAL/tfMRI_RELATIONAL_hp200_s8_level2.feat/GrayordinatesStats/cope5.feat/res4d.dtseries.nii","TuBRKqB7UOQz.UTqwDZ47aPdTTG43MZd"
"s3://hcp-openaccess/HCP_1200/506234/MNINonLinear/Results/tfMRI_RELATIONAL/tfMRI_RELATIONAL_hp200_s8_level2.feat/GrayordinatesStats/cope5.feat/tdof_t1.dtseries.nii","506234","MNINonLinear//Results/tfMRI_RELATIONAL/tfMRI_RELATIONAL_hp200_s8_level2.feat/GrayordinatesStats/cope5.feat/tdof_t1.dtseries.nii","8xF.Ick7Timfi_XxswSoiRfOeeldDRg4"
"s3://hcp-openaccess/HCP_1200/506234/MNINonLinear/Results/tfMRI_RELATIONAL/tfMRI_RELATIONAL_hp200_s8_level2.feat/GrayordinatesStats/cope5.feat/tstat1.dtseries.nii","506234","MNINonLinear//Results/tfMRI_RELATIONAL/tfMRI_RELATIONAL_hp200_s8_level2.feat/GrayordinatesStats/cope5.feat/tstat1.dtseries.nii","PkWu3ofN6LfKfyynBfhFQkGwKmuBhP7V"
"s3://hcp-openaccess/HCP_1200/506234/MNINonLinear/Results/tfMRI_RELATIONAL/tfMRI_RELATIONAL_hp200_s8_level2.feat/GrayordinatesStats/cope5.feat/varcope1.dtseries.nii","506234","MNINonLinear//Results/tfMRI_RELATIONAL/tfMRI_RELATIONAL_hp200_s8_level2.feat/GrayordinatesStats/cope5.feat/varcope1.dtseries.nii","9H47MFl8CVPT7d_Poq8W1csgWiqFj5FQ"
"s3://hcp-openaccess/HCP_1200/506234/MNINonLinear/Results/tfMRI_RELATIONAL/tfMRI_RELATIONAL_hp200_s8_level2.feat/GrayordinatesStats/cope5.feat/weights1.dtseries.nii","506234","MNINonLinear//Results/tfMRI_RELATIONAL/tfMRI_RELATIONAL_hp200_s8_level2.feat/GrayordinatesStats/cope5.feat/weights1.dtseries.nii","iB4PaIJ1Ko_TMjGYHnTR5nHaJj8UUS6g"
"s3://hcp-openaccess/HCP_1200/506234/MNINonLinear/Results/tfMRI_RELATIONAL/tfMRI_RELATIONAL_hp200_s8_level2.feat/GrayordinatesStats/cope5.feat/zflame1lowertstat1.dtseries.nii","506234","MNINonLinear//Results/tfMRI_RELATIONAL/tfMRI_RELATIONAL_hp200_s8_level2.feat/GrayordinatesStats/cope5.feat/zflame1lowertstat1.dtseries.nii","Esa.eW1nkLOJwx99RaUwOPW3n8bO2exS"
"s3://hcp-openaccess/HCP_1200/506234/MNINonLinear/Results/tfMRI_RELATIONAL/tfMRI_RELATIONAL_hp200_s8_level2.feat/GrayordinatesStats/cope5.feat/zflame1uppertstat1.dtseries.nii","506234","MNINonLinear//Results/tfMRI_RELATIONAL/tfMRI_RELATIONAL_hp200_s8_level2.feat/GrayordinatesStats/cope5.feat/zflame1uppertstat1.dtseries.nii","Xj4DpxtiTYYgFg6k6tAhSm0u241Zj9pl"
"s3://hcp-openaccess/HCP_1200/506234/MNINonLinear/Results/tfMRI_RELATIONAL/tfMRI_RELATIONAL_hp200_s8_level2.feat/GrayordinatesStats/cope5.feat/zstat1.dtseries.nii","506234","MNINonLinear//Results/tfMRI_RELATIONAL/tfMRI_RELATIONAL_hp200_s8_level2.feat/GrayordinatesStats/cope5.feat/zstat1.dtseries.nii","XXzMsF5cxOCjSVXW8LOUA_Zq_ygWz9tQ"
"s3://hcp-openaccess/HCP_1200/506234/MNINonLinear/Results/tfMRI_RELATIONAL/tfMRI_RELATIONAL_hp200_s8_level2.feat/GrayordinatesStats/cope6.feat/cope1.dtseries.nii","506234","MNINonLinear//Results/tfMRI_RELATIONAL/tfMRI_RELATIONAL_hp200_s8_level2.feat/GrayordinatesStats/cope6.feat/cope1.dtseries.nii","aACtxkJsBlAhNvGAWaUHxs4SbNCGjnxo"
"s3://hcp-openaccess/HCP_1200/506234/MNINonLinear/Results/tfMRI_RELATIONAL/tfMRI_RELATIONAL_hp200_s8_level2.feat/GrayordinatesStats/cope6.feat/logfile","506234","MNINonLinear//Results/tfMRI_RELATIONAL/tfMRI_RELATIONAL_hp200_s8_level2.feat/GrayordinatesStats/cope6.feat/logfile","gKw2c04fF4PSYO41UPppMiWg9WS7SZt6"
"s3://hcp-openaccess/HCP_1200/506234/MNINonLinear/Results/tfMRI_RELATIONAL/tfMRI_RELATIONAL_hp200_s8_level2.feat/GrayordinatesStats/cope6.feat/mask.dtseries.nii","506234","MNINonLinear//Results/tfMRI_RELATIONAL/tfMRI_RELATIONAL_hp200_s8_level2.feat/GrayordinatesStats/cope6.feat/mask.dtseries.nii","I8hm959AE0Fj6_dwG1eAowyqA0BLbAg5"
"s3://hcp-openaccess/HCP_1200/506234/MNINonLinear/Results/tfMRI_RELATIONAL/tfMRI_RELATIONAL_hp200_s8_level2.feat/GrayordinatesStats/cope6.feat/mean_random_effects_var1.dtseries.nii","506234","MNINonLinear//Results/tfMRI_RELATIONAL/tfMRI_RELATIONAL_hp200_s8_level2.feat/GrayordinatesStats/cope6.feat/mean_random_effects_var1.dtseries.nii","CSmfe51tQuk20tyUIfmYiR7yJBr6U9xH"
"s3://hcp-openaccess/HCP_1200/506234/MNINonLinear/Results/tfMRI_RELATIONAL/tfMRI_RELATIONAL_hp200_s8_level2.feat/GrayordinatesStats/cope6.feat/pe1.dtseries.nii","506234","MNINonLinear//Results/tfMRI_RELATIONAL/tfMRI_RELATIONAL_hp200_s8_level2.feat/GrayordinatesStats/cope6.feat/pe1.dtseries.nii","3n08uNhOGvg3IRmoU3VykSS9DgbIcpa3"
"s3://hcp-openaccess/HCP_1200/506234/MNINonLinear/Results/tfMRI_RELATIONAL/tfMRI_RELATIONAL_hp200_s8_level2.feat/GrayordinatesStats/cope6.feat/res4d.dtseries.nii","506234","MNINonLinear//Results/tfMRI_RELATIONAL/tfMRI_RELATIONAL_hp200_s8_level2.feat/GrayordinatesStats/cope6.feat/res4d.dtseries.nii","vcJlv4gtuSULYM.6co_o4SCBIEiCD105"
"s3://hcp-openaccess/HCP_1200/506234/MNINonLinear/Results/tfMRI_RELATIONAL/tfMRI_RELATIONAL_hp200_s8_level2.feat/GrayordinatesStats/cope6.feat/tdof_t1.dtseries.nii","506234","MNINonLinear//Results/tfMRI_RELATIONAL/tfMRI_RELATIONAL_hp200_s8_level2.feat/GrayordinatesStats/cope6.feat/tdof_t1.dtseries.nii","Mi8BLCMLx.mjEFY8XvPJ6SyHKr2qkr2P"
"s3://hcp-openaccess/HCP_1200/506234/MNINonLinear/Results/tfMRI_RELATIONAL/tfMRI_RELATIONAL_hp200_s8_level2.feat/GrayordinatesStats/cope6.feat/tstat1.dtseries.nii","506234","MNINonLinear//Results/tfMRI_RELATIONAL/tfMRI_RELATIONAL_hp200_s8_level2.feat/GrayordinatesStats/cope6.feat/tstat1.dtseries.nii","cCmI0Fx_wDjHm56fXBITu2RaQdcNcr5z"
"s3://hcp-openaccess/HCP_1200/506234/MNINonLinear/Results/tfMRI_RELATIONAL/tfMRI_RELATIONAL_hp200_s8_level2.feat/GrayordinatesStats/cope6.feat/varcope1.dtseries.nii","506234","MNINonLinear//Results/tfMRI_RELATIONAL/tfMRI_RELATIONAL_hp200_s8_level2.feat/GrayordinatesStats/cope6.feat/varcope1.dtseries.nii","xmvJn.FB4V2Ikz4JlMFqBoVCA2txcPCP"
"s3://hcp-openaccess/HCP_1200/506234/MNINonLinear/Results/tfMRI_RELATIONAL/tfMRI_RELATIONAL_hp200_s8_level2.feat/GrayordinatesStats/cope6.feat/weights1.dtseries.nii","506234","MNINonLinear//Results/tfMRI_RELATIONAL/tfMRI_RELATIONAL_hp200_s8_level2.feat/GrayordinatesStats/cope6.feat/weights1.dtseries.nii","uf151AiC8diicTjNPI9KEajDJdTQd5XF"
"s3://hcp-openaccess/HCP_1200/506234/MNINonLinear/Results/tfMRI_RELATIONAL/tfMRI_RELATIONAL_hp200_s8_level2.feat/GrayordinatesStats/cope6.feat/zflame1lowertstat1.dtseries.nii","506234","MNINonLinear//Results/tfMRI_RELATIONAL/tfMRI_RELATIONAL_hp200_s8_level2.feat/GrayordinatesStats/cope6.feat/zflame1lowertstat1.dtseries.nii","LEVziqrc02ScRsZO38WGFPjNWYiKczGq"
"s3://hcp-openaccess/HCP_1200/506234/MNINonLinear/Results/tfMRI_RELATIONAL/tfMRI_RELATIONAL_hp200_s8_level2.feat/GrayordinatesStats/cope6.feat/zflame1uppertstat1.dtseries.nii","506234","MNINonLinear//Results/tfMRI_RELATIONAL/tfMRI_RELATIONAL_hp200_s8_level2.feat/GrayordinatesStats/cope6.feat/zflame1uppertstat1.dtseries.nii","xwrbWYMQKR9.b8f3H9PbKQfQNCcK4Rl3"
"s3://hcp-openaccess/HCP_1200/506234/MNINonLinear/Results/tfMRI_RELATIONAL/tfMRI_RELATIONAL_hp200_s8_level2.feat/GrayordinatesStats/cope6.feat/zstat1.dtseries.nii","506234","MNINonLinear//Results/tfMRI_RELATIONAL/tfMRI_RELATIONAL_hp200_s8_level2.feat/GrayordinatesStats/cope6.feat/zstat1.dtseries.nii","3odJgatugFYV98gGZA8G8wxFfCdc.TxN"
"s3://hcp-openaccess/HCP_1200/506234/MNINonLinear/Results/tfMRI_RELATIONAL/tfMRI_RELATIONAL_hp200_s8_level2.feat/design.con","506234","MNINonLinear//Results/tfMRI_RELATIONAL/tfMRI_RELATIONAL_hp200_s8_level2.feat/design.con","KBhEig4bQDQCvO.xZB.jHzqlnBOk.3h4"
"s3://hcp-openaccess/HCP_1200/506234/MNINonLinear/Results/tfMRI_RELATIONAL/tfMRI_RELATIONAL_hp200_s8_level2.feat/design.fsf","506234","MNINonLinear//Results/tfMRI_RELATIONAL/tfMRI_RELATIONAL_hp200_s8_level2.feat/design.fsf","dq3IewzBV5bDwOurnDXZM9_6xYtFHFoM"
"s3://hcp-openaccess/HCP_1200/506234/MNINonLinear/Results/tfMRI_RELATIONAL/tfMRI_RELATIONAL_hp200_s8_level2.feat/design.grp","506234","MNINonLinear//Results/tfMRI_RELATIONAL/tfMRI_RELATIONAL_hp200_s8_level2.feat/design.grp","2z9zgnYE3s6XhVVCmjMHwYrg80d9ZUzS"
"s3://hcp-openaccess/HCP_1200/506234/MNINonLinear/Results/tfMRI_RELATIONAL/tfMRI_RELATIONAL_hp200_s8_level2.feat/design.mat","506234","MNINonLinear//Results/tfMRI_RELATIONAL/tfMRI_RELATIONAL_hp200_s8_level2.feat/design.mat","DtdwBc35W_hSQSdqqLjdhybej5qJdJRd"
"s3://hcp-openaccess/HCP_1200/506234/MNINonLinear/Results/tfMRI_RELATIONAL/tfMRI_RELATIONAL_hp200_s8_level2.feat/design.png","506234","MNINonLinear//Results/tfMRI_RELATIONAL/tfMRI_RELATIONAL_hp200_s8_level2.feat/design.png","L70santtVnAFgd6cQzrPxzBPu2DJUBg1"
"s3://hcp-openaccess/HCP_1200/506234/MNINonLinear/Results/tfMRI_RELATIONAL/tfMRI_RELATIONAL_hp200_s8_level2.feat/design.ppm","506234","MNINonLinear//Results/tfMRI_RELATIONAL/tfMRI_RELATIONAL_hp200_s8_level2.feat/design.ppm","CbBA3ZIwFxfmb85U2TxaDK67GUzpVK6K"
"s3://hcp-openaccess/HCP_1200/506234/MNINonLinear/Results/tfMRI_RELATIONAL/tfMRI_RELATIONAL_hp200_s8_level2.feat/design_cov.png","506234","MNINonLinear//Results/tfMRI_RELATIONAL/tfMRI_RELATIONAL_hp200_s8_level2.feat/design_cov.png","_ilML7n9uoJhz_gQJgPWbMryAbVcGOla"
"s3://hcp-openaccess/HCP_1200/506234/MNINonLinear/Results/tfMRI_RELATIONAL/tfMRI_RELATIONAL_hp200_s8_level2.feat/design_cov.ppm","506234","MNINonLinear//Results/tfMRI_RELATIONAL/tfMRI_RELATIONAL_hp200_s8_level2.feat/design_cov.ppm","6oFFQid80q0jrhd8AC.iG1Xu9iZoSzAD"
"s3://hcp-openaccess/HCP_1200/506234/MNINonLinear/Results/tfMRI_RELATIONAL_LR/EVs/RELATIONAL_Stats.csv","506234","MNINonLinear//Results/tfMRI_RELATIONAL_LR/EVs/RELATIONAL_Stats.csv","TgPgIJbMgzSDSodorXCb.wK8wXi70mql"
"s3://hcp-openaccess/HCP_1200/506234/MNINonLinear/Results/tfMRI_RELATIONAL_LR/EVs/Sync.txt","506234","MNINonLinear//Results/tfMRI_RELATIONAL_LR/EVs/Sync.txt","qDog3aRc.0Uhs6nYyvJO51P6dKxMSX_w"
"s3://hcp-openaccess/HCP_1200/506234/MNINonLinear/Results/tfMRI_RELATIONAL_LR/EVs/error.txt","506234","MNINonLinear//Results/tfMRI_RELATIONAL_LR/EVs/error.txt","U5CCAEcWMuRa0S6tqufvhD9XqswCPVrm"
"s3://hcp-openaccess/HCP_1200/506234/MNINonLinear/Results/tfMRI_RELATIONAL_LR/EVs/match.txt","506234","MNINonLinear//Results/tfMRI_RELATIONAL_LR/EVs/match.txt","sakvojw5HzQq0UH9X0upuJfuLSfcKzsH"
"s3://hcp-openaccess/HCP_1200/506234/MNINonLinear/Results/tfMRI_RELATIONAL_LR/EVs/relation.txt","506234","MNINonLinear//Results/tfMRI_RELATIONAL_LR/EVs/relation.txt","NPBJb__dDYQyRw7g4QG.W9lwHxjIBqNs"
"s3://hcp-openaccess/HCP_1200/506234/MNINonLinear/Results/tfMRI_RELATIONAL_LR/Movement_AbsoluteRMS.txt","506234","MNINonLinear//Results/tfMRI_RELATIONAL_LR/Movement_AbsoluteRMS.txt","dtuddr..PjYZQSRbtAMtPLNB5xsM3IA6"
"s3://hcp-openaccess/HCP_1200/506234/MNINonLinear/Results/tfMRI_RELATIONAL_LR/Movement_AbsoluteRMS_mean.txt","506234","MNINonLinear//Results/tfMRI_RELATIONAL_LR/Movement_AbsoluteRMS_mean.txt","oaEWq2fgQcZD8WW7St4YE4wvVKHzL5Gr"
"s3://hcp-openaccess/HCP_1200/506234/MNINonLinear/Results/tfMRI_RELATIONAL_LR/Movement_Regressors.txt","506234","MNINonLinear//Results/tfMRI_RELATIONAL_LR/Movement_Regressors.txt","OlDATp_yg_.dWU.vJ4IVFtWDG7hdSGy0"
"s3://hcp-openaccess/HCP_1200/506234/MNINonLinear/Results/tfMRI_RELATIONAL_LR/Movement_Regressors_dt.txt","506234","MNINonLinear//Results/tfMRI_RELATIONAL_LR/Movement_Regressors_dt.txt","fWEKn00dDZZSU6Nte5Uc6HZ4Rm_DebCz"
"s3://hcp-openaccess/HCP_1200/506234/MNINonLinear/Results/tfMRI_RELATIONAL_LR/Movement_RelativeRMS.txt","506234","MNINonLinear//Results/tfMRI_RELATIONAL_LR/Movement_RelativeRMS.txt","vG50qa8.ziT17kzYtpFYIl6wf05ird9h"
"s3://hcp-openaccess/HCP_1200/506234/MNINonLinear/Results/tfMRI_RELATIONAL_LR/Movement_RelativeRMS_mean.txt","506234","MNINonLinear//Results/tfMRI_RELATIONAL_LR/Movement_RelativeRMS_mean.txt","DfdTUbYGFkbhpVw7OfKZ3pCLhT9g6Cgn"
"s3://hcp-openaccess/HCP_1200/506234/MNINonLinear/Results/tfMRI_RELATIONAL_LR/PhaseOne_gdc_dc.nii.gz","506234","MNINonLinear//Results/tfMRI_RELATIONAL_LR/PhaseOne_gdc_dc.nii.gz","N0fgxAaDFb.LwjUHsSMYBabd4s0_lj8I"
"s3://hcp-openaccess/HCP_1200/506234/MNINonLinear/Results/tfMRI_RELATIONAL_LR/PhaseTwo_gdc_dc.nii.gz","506234","MNINonLinear//Results/tfMRI_RELATIONAL_LR/PhaseTwo_gdc_dc.nii.gz","ZlSwbEZIz4wA9N9LBMRtQX_8yPIIV_hX"
"s3://hcp-openaccess/HCP_1200/506234/MNINonLinear/Results/tfMRI_RELATIONAL_LR/RELATIONAL_run2_TAB.txt","506234","MNINonLinear//Results/tfMRI_RELATIONAL_LR/RELATIONAL_run2_TAB.txt","HUc_DRUTbesSp9lcRNDtTK6QP2klS.0P"
"s3://hcp-openaccess/HCP_1200/506234/MNINonLinear/Results/tfMRI_RELATIONAL_LR/RibbonVolumeToSurfaceMapping/goodvoxels.nii.gz","506234","MNINonLinear//Results/tfMRI_RELATIONAL_LR/RibbonVolumeToSurfaceMapping/goodvoxels.nii.gz","l4..Nb2S7yrxuqQzEwImU.P6RmL2V.OQ"
"s3://hcp-openaccess/HCP_1200/506234/MNINonLinear/Results/tfMRI_RELATIONAL_LR/SBRef_dc.nii.gz","506234","MNINonLinear//Results/tfMRI_RELATIONAL_LR/SBRef_dc.nii.gz","EE4rol8hW_fq7jFNqwW..LBUTtkK9MDt"
"s3://hcp-openaccess/HCP_1200/506234/MNINonLinear/Results/tfMRI_RELATIONAL_LR/brainmask_fs.2.nii.gz","506234","MNINonLinear//Results/tfMRI_RELATIONAL_LR/brainmask_fs.2.nii.gz","QqbHXax5_K_.j0eOFZfVpHnjVLapkXWG"
"s3://hcp-openaccess/HCP_1200/506234/MNINonLinear/Results/tfMRI_RELATIONAL_LR/tfMRI_RELATIONAL_LR.L.native.func.gii","506234","MNINonLinear//Results/tfMRI_RELATIONAL_LR/tfMRI_RELATIONAL_LR.L.native.func.gii","uacei6w8v5RJ3TLzhsX3c0RYYKqBHIwm"
"s3://hcp-openaccess/HCP_1200/506234/MNINonLinear/Results/tfMRI_RELATIONAL_LR/tfMRI_RELATIONAL_LR.R.native.func.gii","506234","MNINonLinear//Results/tfMRI_RELATIONAL_LR/tfMRI_RELATIONAL_LR.R.native.func.gii","E.RD0u3zOhC7EmMLsQbw7xqlZbPuNdGS"
"s3://hcp-openaccess/HCP_1200/506234/MNINonLinear/Results/tfMRI_RELATIONAL_LR/tfMRI_RELATIONAL_LR.nii.gz","506234","MNINonLinear//Results/tfMRI_RELATIONAL_LR/tfMRI_RELATIONAL_LR.nii.gz","plghn_AiIGymR27hAyFaBn4t4Q3U9aJW"
"s3://hcp-openaccess/HCP_1200/506234/MNINonLinear/Results/tfMRI_RELATIONAL_LR/tfMRI_RELATIONAL_LR_Atlas.dtseries.nii","506234","MNINonLinear//Results/tfMRI_RELATIONAL_LR/tfMRI_RELATIONAL_LR_Atlas.dtseries.nii","_5KyGYLAVK.YAMjyQimw9G4ID4GrkotI"
"s3://hcp-openaccess/HCP_1200/506234/MNINonLinear/Results/tfMRI_RELATIONAL_LR/tfMRI_RELATIONAL_LR_Atlas_MSMAll.dtseries.nii","506234","MNINonLinear//Results/tfMRI_RELATIONAL_LR/tfMRI_RELATIONAL_LR_Atlas_MSMAll.dtseries.nii","4NNjd126uZu.JzNEhx6lFpCkKfq.0nbY"
"s3://hcp-openaccess/HCP_1200/506234/MNINonLinear/Results/tfMRI_RELATIONAL_LR/tfMRI_RELATIONAL_LR_Jacobian.nii.gz","506234","MNINonLinear//Results/tfMRI_RELATIONAL_LR/tfMRI_RELATIONAL_LR_Jacobian.nii.gz","97xnLEtVcKbFfE_3XIewxtbPlAYpddOE"
"s3://hcp-openaccess/HCP_1200/506234/MNINonLinear/Results/tfMRI_RELATIONAL_LR/tfMRI_RELATIONAL_LR_Physio_log.txt","506234","MNINonLinear//Results/tfMRI_RELATIONAL_LR/tfMRI_RELATIONAL_LR_Physio_log.txt","mMwA7h.9TC3WjQ_bG71MOLKZ8lNeZWTi"
"s3://hcp-openaccess/HCP_1200/506234/MNINonLinear/Results/tfMRI_RELATIONAL_LR/tfMRI_RELATIONAL_LR_SBRef.nii.gz","506234","MNINonLinear//Results/tfMRI_RELATIONAL_LR/tfMRI_RELATIONAL_LR_SBRef.nii.gz","gLcg4kgC.m69JMQVr1wbDg9MvxPCnazV"
"s3://hcp-openaccess/HCP_1200/506234/MNINonLinear/Results/tfMRI_RELATIONAL_LR/tfMRI_RELATIONAL_LR_hp200_s4_level1.fsf","506234","MNINonLinear//Results/tfMRI_RELATIONAL_LR/tfMRI_RELATIONAL_LR_hp200_s4_level1.fsf","qDOffzpWjx3090PMe80jlbslotPWeV1M"
"s3://hcp-openaccess/HCP_1200/506234/MNINonLinear/Results/tfMRI_RELATIONAL_RL/EVs/RELATIONAL_Stats.csv","506234","MNINonLinear//Results/tfMRI_RELATIONAL_RL/EVs/RELATIONAL_Stats.csv","5v6jvxGFdKmx76XXnjW7pQbv1S7PFeOx"
"s3://hcp-openaccess/HCP_1200/506234/MNINonLinear/Results/tfMRI_RELATIONAL_RL/EVs/Sync.txt","506234","MNINonLinear//Results/tfMRI_RELATIONAL_RL/EVs/Sync.txt","IEQbmQ0chUZsRwbWFHWBP0pHBH3Nq.Dh"
"s3://hcp-openaccess/HCP_1200/506234/MNINonLinear/Results/tfMRI_RELATIONAL_RL/EVs/error.txt","506234","MNINonLinear//Results/tfMRI_RELATIONAL_RL/EVs/error.txt","AENxves4DpSOUCth_9BczkpCheSw4g2X"
"s3://hcp-openaccess/HCP_1200/506234/MNINonLinear/Results/tfMRI_RELATIONAL_RL/EVs/match.txt","506234","MNINonLinear//Results/tfMRI_RELATIONAL_RL/EVs/match.txt","yI7L63hUvSv_PkDKyhEHuohhLLcD.RFd"
"s3://hcp-openaccess/HCP_1200/506234/MNINonLinear/Results/tfMRI_RELATIONAL_RL/EVs/relation.txt","506234","MNINonLinear//Results/tfMRI_RELATIONAL_RL/EVs/relation.txt","n46EMJpF0jjpxQPwCTIauuvP7D_eZnK3"
"s3://hcp-openaccess/HCP_1200/506234/MNINonLinear/Results/tfMRI_RELATIONAL_RL/Movement_AbsoluteRMS.txt","506234","MNINonLinear//Results/tfMRI_RELATIONAL_RL/Movement_AbsoluteRMS.txt","etGsLUHkDBhOJye456uakMMek655M9zN"
"s3://hcp-openaccess/HCP_1200/506234/MNINonLinear/Results/tfMRI_RELATIONAL_RL/Movement_AbsoluteRMS_mean.txt","506234","MNINonLinear//Results/tfMRI_RELATIONAL_RL/Movement_AbsoluteRMS_mean.txt","saTC9V2M34QP2xTQlO6g9Uy.E1Uj6GM."
"s3://hcp-openaccess/HCP_1200/506234/MNINonLinear/Results/tfMRI_RELATIONAL_RL/Movement_Regressors.txt","506234","MNINonLinear//Results/tfMRI_RELATIONAL_RL/Movement_Regressors.txt","FEtEFT5Ern_GLL4cXpyKSSkxveFSIhnw"
"s3://hcp-openaccess/HCP_1200/506234/MNINonLinear/Results/tfMRI_RELATIONAL_RL/Movement_Regressors_dt.txt","506234","MNINonLinear//Results/tfMRI_RELATIONAL_RL/Movement_Regressors_dt.txt","6FT5tRKUI4QKC1DdmCJ7.nMcJ27v4G8a"
"s3://hcp-openaccess/HCP_1200/506234/MNINonLinear/Results/tfMRI_RELATIONAL_RL/Movement_RelativeRMS.txt","506234","MNINonLinear//Results/tfMRI_RELATIONAL_RL/Movement_RelativeRMS.txt","Hok_ihs35S6GcapwZ4cW9kePsRcFJw53"
"s3://hcp-openaccess/HCP_1200/506234/MNINonLinear/Results/tfMRI_RELATIONAL_RL/Movement_RelativeRMS_mean.txt","506234","MNINonLinear//Results/tfMRI_RELATIONAL_RL/Movement_RelativeRMS_mean.txt","JPs0ezi2slxaeI4se_RwrIz7lQ7XdxRZ"
"s3://hcp-openaccess/HCP_1200/506234/MNINonLinear/Results/tfMRI_RELATIONAL_RL/PhaseOne_gdc_dc.nii.gz","506234","MNINonLinear//Results/tfMRI_RELATIONAL_RL/PhaseOne_gdc_dc.nii.gz","ruIqKn4CigPbxUAKULAzLw2Z_jaC05QJ"
"s3://hcp-openaccess/HCP_1200/506234/MNINonLinear/Results/tfMRI_RELATIONAL_RL/PhaseTwo_gdc_dc.nii.gz","506234","MNINonLinear//Results/tfMRI_RELATIONAL_RL/PhaseTwo_gdc_dc.nii.gz","n.Musbd3vNpWh.Refr6HpZym1_QKS3DN"
"s3://hcp-openaccess/HCP_1200/506234/MNINonLinear/Results/tfMRI_RELATIONAL_RL/RELATIONAL_run1_TAB.txt","506234","MNINonLinear//Results/tfMRI_RELATIONAL_RL/RELATIONAL_run1_TAB.txt","PPxUDLJdHkWBl1i9OtkHZvvfLNkLd7jc"
"s3://hcp-openaccess/HCP_1200/506234/MNINonLinear/Results/tfMRI_RELATIONAL_RL/RibbonVolumeToSurfaceMapping/goodvoxels.nii.gz","506234","MNINonLinear//Results/tfMRI_RELATIONAL_RL/RibbonVolumeToSurfaceMapping/goodvoxels.nii.gz","Zi4j7n2Fh5ecoFnMdw3Q1B5A4Rz_KZEX"
"s3://hcp-openaccess/HCP_1200/506234/MNINonLinear/Results/tfMRI_RELATIONAL_RL/SBRef_dc.nii.gz","506234","MNINonLinear//Results/tfMRI_RELATIONAL_RL/SBRef_dc.nii.gz","Y5zCcQRmTEBtQLRQFHQYbTYPDtY9BNJ0"
"s3://hcp-openaccess/HCP_1200/506234/MNINonLinear/Results/tfMRI_RELATIONAL_RL/brainmask_fs.2.nii.gz","506234","MNINonLinear//Results/tfMRI_RELATIONAL_RL/brainmask_fs.2.nii.gz","e0Ys7HYJ1z8OCSaR57vZX4wtwAKE_7vZ"
"s3://hcp-openaccess/HCP_1200/506234/MNINonLinear/Results/tfMRI_RELATIONAL_RL/tfMRI_RELATIONAL_RL.L.native.func.gii","506234","MNINonLinear//Results/tfMRI_RELATIONAL_RL/tfMRI_RELATIONAL_RL.L.native.func.gii","gmhVwEQ9mERzkL4OsM0G3J6mst2BO5F1"
"s3://hcp-openaccess/HCP_1200/506234/MNINonLinear/Results/tfMRI_RELATIONAL_RL/tfMRI_RELATIONAL_RL.R.native.func.gii","506234","MNINonLinear//Results/tfMRI_RELATIONAL_RL/tfMRI_RELATIONAL_RL.R.native.func.gii","kTtFRgoe0UtZXMoI41A_w7fqIGaylVeM"
"s3://hcp-openaccess/HCP_1200/506234/MNINonLinear/Results/tfMRI_RELATIONAL_RL/tfMRI_RELATIONAL_RL.nii.gz","506234","MNINonLinear//Results/tfMRI_RELATIONAL_RL/tfMRI_RELATIONAL_RL.nii.gz","X1U9bcPoM61ufpd9GKO01ocUCPRUs1uj"
"s3://hcp-openaccess/HCP_1200/506234/MNINonLinear/Results/tfMRI_RELATIONAL_RL/tfMRI_RELATIONAL_RL_Atlas.dtseries.nii","506234","MNINonLinear//Results/tfMRI_RELATIONAL_RL/tfMRI_RELATIONAL_RL_Atlas.dtseries.nii","qeZ5Cepu9AX5u_vvBb69v0Q00MPK36Fx"
"s3://hcp-openaccess/HCP_1200/506234/MNINonLinear/Results/tfMRI_RELATIONAL_RL/tfMRI_RELATIONAL_RL_Atlas_MSMAll.dtseries.nii","506234","MNINonLinear//Results/tfMRI_RELATIONAL_RL/tfMRI_RELATIONAL_RL_Atlas_MSMAll.dtseries.nii","Yf2y002uSTdU8lNB1zOH.FMTk4n_V6Wp"
"s3://hcp-openaccess/HCP_1200/506234/MNINonLinear/Results/tfMRI_RELATIONAL_RL/tfMRI_RELATIONAL_RL_Jacobian.nii.gz","506234","MNINonLinear//Results/tfMRI_RELATIONAL_RL/tfMRI_RELATIONAL_RL_Jacobian.nii.gz","kJzYRDU7G288OknEzG1XeVlB_VKY1cZ4"
"s3://hcp-openaccess/HCP_1200/506234/MNINonLinear/Results/tfMRI_RELATIONAL_RL/tfMRI_RELATIONAL_RL_Physio_log.txt","506234","MNINonLinear//Results/tfMRI_RELATIONAL_RL/tfMRI_RELATIONAL_RL_Physio_log.txt","JNsSzUYdM9Yd_HqK384l9n.VEoeWyXjd"
"s3://hcp-openaccess/HCP_1200/506234/MNINonLinear/Results/tfMRI_RELATIONAL_RL/tfMRI_RELATIONAL_RL_SBRef.nii.gz","506234","MNINonLinear//Results/tfMRI_RELATIONAL_RL/tfMRI_RELATIONAL_RL_SBRef.nii.gz","E4.TIzRdwlGcrwmDCLDhcSTeKN6_ddxa"
"s3://hcp-openaccess/HCP_1200/506234/MNINonLinear/Results/tfMRI_RELATIONAL_RL/tfMRI_RELATIONAL_RL_hp200_s4_level1.fsf","506234","MNINonLinear//Results/tfMRI_RELATIONAL_RL/tfMRI_RELATIONAL_RL_hp200_s4_level1.fsf","6uCrPMwwUVHDVKl3OF9J23OqB9DGLqzg"
"s3://hcp-openaccess/HCP_1200/506234/MNINonLinear/Results/tfMRI_SOCIAL/prepare_level2_feat_analysis.sh","506234","MNINonLinear//Results/tfMRI_SOCIAL/prepare_level2_feat_analysis.sh","k1sYo83JjDzaytU4zOh7p5O93ROspDSF"
"s3://hcp-openaccess/HCP_1200/506234/MNINonLinear/Results/tfMRI_SOCIAL/tfMRI_SOCIAL_hp200_s12_level2.feat/506234_tfMRI_SOCIAL_level2_hp200_s12.dscalar.nii","506234","MNINonLinear//Results/tfMRI_SOCIAL/tfMRI_SOCIAL_hp200_s12_level2.feat/506234_tfMRI_SOCIAL_level2_hp200_s12.dscalar.nii","L6neCVjnjtJxCysHHASdUJ4C_olbWg_T"
"s3://hcp-openaccess/HCP_1200/506234/MNINonLinear/Results/tfMRI_SOCIAL/tfMRI_SOCIAL_hp200_s12_level2.feat/Contrasts.txt","506234","MNINonLinear//Results/tfMRI_SOCIAL/tfMRI_SOCIAL_hp200_s12_level2.feat/Contrasts.txt",".iYwbCsSpWMvCaUJQ3UYUc_bXUtuNKB8"
"s3://hcp-openaccess/HCP_1200/506234/MNINonLinear/Results/tfMRI_SOCIAL/tfMRI_SOCIAL_hp200_s12_level2.feat/GrayordinatesStats/cope1.feat/cope1.dtseries.nii","506234","MNINonLinear//Results/tfMRI_SOCIAL/tfMRI_SOCIAL_hp200_s12_level2.feat/GrayordinatesStats/cope1.feat/cope1.dtseries.nii","AHON6byNq4dTInoXGOaSIkg4fdA2rv0v"
"s3://hcp-openaccess/HCP_1200/506234/MNINonLinear/Results/tfMRI_SOCIAL/tfMRI_SOCIAL_hp200_s12_level2.feat/GrayordinatesStats/cope1.feat/logfile","506234","MNINonLinear//Results/tfMRI_SOCIAL/tfMRI_SOCIAL_hp200_s12_level2.feat/GrayordinatesStats/cope1.feat/logfile","R_JD0hKYLBSRb1uLlizPNpMILhYKFGoz"
"s3://hcp-openaccess/HCP_1200/506234/MNINonLinear/Results/tfMRI_SOCIAL/tfMRI_SOCIAL_hp200_s12_level2.feat/GrayordinatesStats/cope1.feat/mask.dtseries.nii","506234","MNINonLinear//Results/tfMRI_SOCIAL/tfMRI_SOCIAL_hp200_s12_level2.feat/GrayordinatesStats/cope1.feat/mask.dtseries.nii","5ztRZzeYdoBoSYUomBQsVPRLfNFuVeo9"
"s3://hcp-openaccess/HCP_1200/506234/MNINonLinear/Results/tfMRI_SOCIAL/tfMRI_SOCIAL_hp200_s12_level2.feat/GrayordinatesStats/cope1.feat/mean_random_effects_var1.dtseries.nii","506234","MNINonLinear//Results/tfMRI_SOCIAL/tfMRI_SOCIAL_hp200_s12_level2.feat/GrayordinatesStats/cope1.feat/mean_random_effects_var1.dtseries.nii","8fjR.sMtsgnIWrioIDqxrIWSjlpg8fqH"
"s3://hcp-openaccess/HCP_1200/506234/MNINonLinear/Results/tfMRI_SOCIAL/tfMRI_SOCIAL_hp200_s12_level2.feat/GrayordinatesStats/cope1.feat/pe1.dtseries.nii","506234","MNINonLinear//Results/tfMRI_SOCIAL/tfMRI_SOCIAL_hp200_s12_level2.feat/GrayordinatesStats/cope1.feat/pe1.dtseries.nii","aROIAL59mkT6Qkcxsu2VhbipwsFkFCLE"
"s3://hcp-openaccess/HCP_1200/506234/MNINonLinear/Results/tfMRI_SOCIAL/tfMRI_SOCIAL_hp200_s12_level2.feat/GrayordinatesStats/cope1.feat/res4d.dtseries.nii","506234","MNINonLinear//Results/tfMRI_SOCIAL/tfMRI_SOCIAL_hp200_s12_level2.feat/GrayordinatesStats/cope1.feat/res4d.dtseries.nii","Mc_YXe7fkyLJJEsySL.uhYvFNkxlD0Ws"
"s3://hcp-openaccess/HCP_1200/506234/MNINonLinear/Results/tfMRI_SOCIAL/tfMRI_SOCIAL_hp200_s12_level2.feat/GrayordinatesStats/cope1.feat/tdof_t1.dtseries.nii","506234","MNINonLinear//Results/tfMRI_SOCIAL/tfMRI_SOCIAL_hp200_s12_level2.feat/GrayordinatesStats/cope1.feat/tdof_t1.dtseries.nii","2_1BhSlkrrp4Co.30PB9G3kMT3CAYG1p"
"s3://hcp-openaccess/HCP_1200/506234/MNINonLinear/Results/tfMRI_SOCIAL/tfMRI_SOCIAL_hp200_s12_level2.feat/GrayordinatesStats/cope1.feat/tstat1.dtseries.nii","506234","MNINonLinear//Results/tfMRI_SOCIAL/tfMRI_SOCIAL_hp200_s12_level2.feat/GrayordinatesStats/cope1.feat/tstat1.dtseries.nii","CVLhdpbA67221HDWFR5KghDp_Rzgf8as"
"s3://hcp-openaccess/HCP_1200/506234/MNINonLinear/Results/tfMRI_SOCIAL/tfMRI_SOCIAL_hp200_s12_level2.feat/GrayordinatesStats/cope1.feat/varcope1.dtseries.nii","506234","MNINonLinear//Results/tfMRI_SOCIAL/tfMRI_SOCIAL_hp200_s12_level2.feat/GrayordinatesStats/cope1.feat/varcope1.dtseries.nii","P0Tu3A6nRNw0sLSTKGh.FbtUCdiBbP_K"
"s3://hcp-openaccess/HCP_1200/506234/MNINonLinear/Results/tfMRI_SOCIAL/tfMRI_SOCIAL_hp200_s12_level2.feat/GrayordinatesStats/cope1.feat/weights1.dtseries.nii","506234","MNINonLinear//Results/tfMRI_SOCIAL/tfMRI_SOCIAL_hp200_s12_level2.feat/GrayordinatesStats/cope1.feat/weights1.dtseries.nii","ehvX86tJyj1nvnor_9ZBQO7lMJIxtDZ3"
"s3://hcp-openaccess/HCP_1200/506234/MNINonLinear/Results/tfMRI_SOCIAL/tfMRI_SOCIAL_hp200_s12_level2.feat/GrayordinatesStats/cope1.feat/zflame1lowertstat1.dtseries.nii","506234","MNINonLinear//Results/tfMRI_SOCIAL/tfMRI_SOCIAL_hp200_s12_level2.feat/GrayordinatesStats/cope1.feat/zflame1lowertstat1.dtseries.nii","M8.IROKu1zbwBWxmrQFFfpzZzQ2d9Lg."
"s3://hcp-openaccess/HCP_1200/506234/MNINonLinear/Results/tfMRI_SOCIAL/tfMRI_SOCIAL_hp200_s12_level2.feat/GrayordinatesStats/cope1.feat/zflame1uppertstat1.dtseries.nii","506234","MNINonLinear//Results/tfMRI_SOCIAL/tfMRI_SOCIAL_hp200_s12_level2.feat/GrayordinatesStats/cope1.feat/zflame1uppertstat1.dtseries.nii","J8ZSWe9jy0tjY9Qg6TYHCTleBzBTCQoV"
"s3://hcp-openaccess/HCP_1200/506234/MNINonLinear/Results/tfMRI_SOCIAL/tfMRI_SOCIAL_hp200_s12_level2.feat/GrayordinatesStats/cope1.feat/zstat1.dtseries.nii","506234","MNINonLinear//Results/tfMRI_SOCIAL/tfMRI_SOCIAL_hp200_s12_level2.feat/GrayordinatesStats/cope1.feat/zstat1.dtseries.nii","_1PiG63uYQkoTnvzuF.RiL12YZg7L_Gx"
"s3://hcp-openaccess/HCP_1200/506234/MNINonLinear/Results/tfMRI_SOCIAL/tfMRI_SOCIAL_hp200_s12_level2.feat/GrayordinatesStats/cope2.feat/cope1.dtseries.nii","506234","MNINonLinear//Results/tfMRI_SOCIAL/tfMRI_SOCIAL_hp200_s12_level2.feat/GrayordinatesStats/cope2.feat/cope1.dtseries.nii","RhJSBsbicORKMQ5fUzR6TXhfHZ6vNM2E"
"s3://hcp-openaccess/HCP_1200/506234/MNINonLinear/Results/tfMRI_SOCIAL/tfMRI_SOCIAL_hp200_s12_level2.feat/GrayordinatesStats/cope2.feat/logfile","506234","MNINonLinear//Results/tfMRI_SOCIAL/tfMRI_SOCIAL_hp200_s12_level2.feat/GrayordinatesStats/cope2.feat/logfile","RMvTbZl.yg7g53UPVZtngLDBGPxgOe3g"
"s3://hcp-openaccess/HCP_1200/506234/MNINonLinear/Results/tfMRI_SOCIAL/tfMRI_SOCIAL_hp200_s12_level2.feat/GrayordinatesStats/cope2.feat/mask.dtseries.nii","506234","MNINonLinear//Results/tfMRI_SOCIAL/tfMRI_SOCIAL_hp200_s12_level2.feat/GrayordinatesStats/cope2.feat/mask.dtseries.nii","SdsAcLA9uUzBXHhPkhvXqdV8ITCtnGBG"
"s3://hcp-openaccess/HCP_1200/506234/MNINonLinear/Results/tfMRI_SOCIAL/tfMRI_SOCIAL_hp200_s12_level2.feat/GrayordinatesStats/cope2.feat/mean_random_effects_var1.dtseries.nii","506234","MNINonLinear//Results/tfMRI_SOCIAL/tfMRI_SOCIAL_hp200_s12_level2.feat/GrayordinatesStats/cope2.feat/mean_random_effects_var1.dtseries.nii","0JLckz3apTVXU_nnB0d5MoSQD6jST3c1"
"s3://hcp-openaccess/HCP_1200/506234/MNINonLinear/Results/tfMRI_SOCIAL/tfMRI_SOCIAL_hp200_s12_level2.feat/GrayordinatesStats/cope2.feat/pe1.dtseries.nii","506234","MNINonLinear//Results/tfMRI_SOCIAL/tfMRI_SOCIAL_hp200_s12_level2.feat/GrayordinatesStats/cope2.feat/pe1.dtseries.nii","mtcFusscqi2hNsGciMivyiQ5RTqR_v3I"
"s3://hcp-openaccess/HCP_1200/506234/MNINonLinear/Results/tfMRI_SOCIAL/tfMRI_SOCIAL_hp200_s12_level2.feat/GrayordinatesStats/cope2.feat/res4d.dtseries.nii","506234","MNINonLinear//Results/tfMRI_SOCIAL/tfMRI_SOCIAL_hp200_s12_level2.feat/GrayordinatesStats/cope2.feat/res4d.dtseries.nii","5QKvVkVVc0by6pV_XbiW.9oQC.x_1ZIO"
"s3://hcp-openaccess/HCP_1200/506234/MNINonLinear/Results/tfMRI_SOCIAL/tfMRI_SOCIAL_hp200_s12_level2.feat/GrayordinatesStats/cope2.feat/tdof_t1.dtseries.nii","506234","MNINonLinear//Results/tfMRI_SOCIAL/tfMRI_SOCIAL_hp200_s12_level2.feat/GrayordinatesStats/cope2.feat/tdof_t1.dtseries.nii","_v_L9s19O146NnlLbj5R4ryCqvS5bNS0"
"s3://hcp-openaccess/HCP_1200/506234/MNINonLinear/Results/tfMRI_SOCIAL/tfMRI_SOCIAL_hp200_s12_level2.feat/GrayordinatesStats/cope2.feat/tstat1.dtseries.nii","506234","MNINonLinear//Results/tfMRI_SOCIAL/tfMRI_SOCIAL_hp200_s12_level2.feat/GrayordinatesStats/cope2.feat/tstat1.dtseries.nii","q06nT71JNp6wr_aTPdHicc5gL3wRoBK8"
"s3://hcp-openaccess/HCP_1200/506234/MNINonLinear/Results/tfMRI_SOCIAL/tfMRI_SOCIAL_hp200_s12_level2.feat/GrayordinatesStats/cope2.feat/varcope1.dtseries.nii","506234","MNINonLinear//Results/tfMRI_SOCIAL/tfMRI_SOCIAL_hp200_s12_level2.feat/GrayordinatesStats/cope2.feat/varcope1.dtseries.nii","5TFAhXj2rnc1_0Q6pAV0P2ydSJA9yzHK"
"s3://hcp-openaccess/HCP_1200/506234/MNINonLinear/Results/tfMRI_SOCIAL/tfMRI_SOCIAL_hp200_s12_level2.feat/GrayordinatesStats/cope2.feat/weights1.dtseries.nii","506234","MNINonLinear//Results/tfMRI_SOCIAL/tfMRI_SOCIAL_hp200_s12_level2.feat/GrayordinatesStats/cope2.feat/weights1.dtseries.nii","BsWAG9sYz_f.2kW4UDhXbgpplh7wfgb4"
"s3://hcp-openaccess/HCP_1200/506234/MNINonLinear/Results/tfMRI_SOCIAL/tfMRI_SOCIAL_hp200_s12_level2.feat/GrayordinatesStats/cope2.feat/zflame1lowertstat1.dtseries.nii","506234","MNINonLinear//Results/tfMRI_SOCIAL/tfMRI_SOCIAL_hp200_s12_level2.feat/GrayordinatesStats/cope2.feat/zflame1lowertstat1.dtseries.nii","IAwWuYKfgqHb_VqdCjNoHODCe1FGulpQ"
"s3://hcp-openaccess/HCP_1200/506234/MNINonLinear/Results/tfMRI_SOCIAL/tfMRI_SOCIAL_hp200_s12_level2.feat/GrayordinatesStats/cope2.feat/zflame1uppertstat1.dtseries.nii","506234","MNINonLinear//Results/tfMRI_SOCIAL/tfMRI_SOCIAL_hp200_s12_level2.feat/GrayordinatesStats/cope2.feat/zflame1uppertstat1.dtseries.nii","zOosWQRxZmaTX8XBFr9IP80NKqSq3J4n"
"s3://hcp-openaccess/HCP_1200/506234/MNINonLinear/Results/tfMRI_SOCIAL/tfMRI_SOCIAL_hp200_s12_level2.feat/GrayordinatesStats/cope2.feat/zstat1.dtseries.nii","506234","MNINonLinear//Results/tfMRI_SOCIAL/tfMRI_SOCIAL_hp200_s12_level2.feat/GrayordinatesStats/cope2.feat/zstat1.dtseries.nii","Sd9NmDqZmhSj.yH5ZZUUxYr26zN5vX2k"
"s3://hcp-openaccess/HCP_1200/506234/MNINonLinear/Results/tfMRI_SOCIAL/tfMRI_SOCIAL_hp200_s12_level2.feat/GrayordinatesStats/cope3.feat/cope1.dtseries.nii","506234","MNINonLinear//Results/tfMRI_SOCIAL/tfMRI_SOCIAL_hp200_s12_level2.feat/GrayordinatesStats/cope3.feat/cope1.dtseries.nii","LwLAD6j4BXWsc1T3RhoD9A64JDVWyaao"
"s3://hcp-openaccess/HCP_1200/506234/MNINonLinear/Results/tfMRI_SOCIAL/tfMRI_SOCIAL_hp200_s12_level2.feat/GrayordinatesStats/cope3.feat/logfile","506234","MNINonLinear//Results/tfMRI_SOCIAL/tfMRI_SOCIAL_hp200_s12_level2.feat/GrayordinatesStats/cope3.feat/logfile","7rEL4bB0wIsXCrAQhuIubSsGgvjf1hrw"
"s3://hcp-openaccess/HCP_1200/506234/MNINonLinear/Results/tfMRI_SOCIAL/tfMRI_SOCIAL_hp200_s12_level2.feat/GrayordinatesStats/cope3.feat/mask.dtseries.nii","506234","MNINonLinear//Results/tfMRI_SOCIAL/tfMRI_SOCIAL_hp200_s12_level2.feat/GrayordinatesStats/cope3.feat/mask.dtseries.nii","7qPzm0zojZkv2huyjiJd1cUxZbTshoCd"
"s3://hcp-openaccess/HCP_1200/506234/MNINonLinear/Results/tfMRI_SOCIAL/tfMRI_SOCIAL_hp200_s12_level2.feat/GrayordinatesStats/cope3.feat/mean_random_effects_var1.dtseries.nii","506234","MNINonLinear//Results/tfMRI_SOCIAL/tfMRI_SOCIAL_hp200_s12_level2.feat/GrayordinatesStats/cope3.feat/mean_random_effects_var1.dtseries.nii","LoAtqQh80yOLmPwcOI3tkrCQObnGNICv"
"s3://hcp-openaccess/HCP_1200/506234/MNINonLinear/Results/tfMRI_SOCIAL/tfMRI_SOCIAL_hp200_s12_level2.feat/GrayordinatesStats/cope3.feat/pe1.dtseries.nii","506234","MNINonLinear//Results/tfMRI_SOCIAL/tfMRI_SOCIAL_hp200_s12_level2.feat/GrayordinatesStats/cope3.feat/pe1.dtseries.nii","DMcmjDI0FEDQbrpdHbFU1csTKJZZzGEJ"
"s3://hcp-openaccess/HCP_1200/506234/MNINonLinear/Results/tfMRI_SOCIAL/tfMRI_SOCIAL_hp200_s12_level2.feat/GrayordinatesStats/cope3.feat/res4d.dtseries.nii","506234","MNINonLinear//Results/tfMRI_SOCIAL/tfMRI_SOCIAL_hp200_s12_level2.feat/GrayordinatesStats/cope3.feat/res4d.dtseries.nii","A.myVpSPm2EgnjHLcibRqy7v3fwr4XC8"
"s3://hcp-openaccess/HCP_1200/506234/MNINonLinear/Results/tfMRI_SOCIAL/tfMRI_SOCIAL_hp200_s12_level2.feat/GrayordinatesStats/cope3.feat/tdof_t1.dtseries.nii","506234","MNINonLinear//Results/tfMRI_SOCIAL/tfMRI_SOCIAL_hp200_s12_level2.feat/GrayordinatesStats/cope3.feat/tdof_t1.dtseries.nii","87RWxwYg2FWU_B29h7UntkCnbG_xFd.Z"
"s3://hcp-openaccess/HCP_1200/506234/MNINonLinear/Results/tfMRI_SOCIAL/tfMRI_SOCIAL_hp200_s12_level2.feat/GrayordinatesStats/cope3.feat/tstat1.dtseries.nii","506234","MNINonLinear//Results/tfMRI_SOCIAL/tfMRI_SOCIAL_hp200_s12_level2.feat/GrayordinatesStats/cope3.feat/tstat1.dtseries.nii","fcJ1.o7gHdjcWSWat_dabn5xAQ7AjSFw"
"s3://hcp-openaccess/HCP_1200/506234/MNINonLinear/Results/tfMRI_SOCIAL/tfMRI_SOCIAL_hp200_s12_level2.feat/GrayordinatesStats/cope3.feat/varcope1.dtseries.nii","506234","MNINonLinear//Results/tfMRI_SOCIAL/tfMRI_SOCIAL_hp200_s12_level2.feat/GrayordinatesStats/cope3.feat/varcope1.dtseries.nii","qiS9jzngmvBeKjTdMAluLf6jP_dL_L0o"
"s3://hcp-openaccess/HCP_1200/506234/MNINonLinear/Results/tfMRI_SOCIAL/tfMRI_SOCIAL_hp200_s12_level2.feat/GrayordinatesStats/cope3.feat/weights1.dtseries.nii","506234","MNINonLinear//Results/tfMRI_SOCIAL/tfMRI_SOCIAL_hp200_s12_level2.feat/GrayordinatesStats/cope3.feat/weights1.dtseries.nii","_C0uwQ.MKhdRYraDqqQwxUs.AUheV4A."
"s3://hcp-openaccess/HCP_1200/506234/MNINonLinear/Results/tfMRI_SOCIAL/tfMRI_SOCIAL_hp200_s12_level2.feat/GrayordinatesStats/cope3.feat/zflame1lowertstat1.dtseries.nii","506234","MNINonLinear//Results/tfMRI_SOCIAL/tfMRI_SOCIAL_hp200_s12_level2.feat/GrayordinatesStats/cope3.feat/zflame1lowertstat1.dtseries.nii","b38fdJaLskFp4Slhun__jLCbAi8qRacP"
"s3://hcp-openaccess/HCP_1200/506234/MNINonLinear/Results/tfMRI_SOCIAL/tfMRI_SOCIAL_hp200_s12_level2.feat/GrayordinatesStats/cope3.feat/zflame1uppertstat1.dtseries.nii","506234","MNINonLinear//Results/tfMRI_SOCIAL/tfMRI_SOCIAL_hp200_s12_level2.feat/GrayordinatesStats/cope3.feat/zflame1uppertstat1.dtseries.nii","2n4na.3DejCR42cQun34SEWENRW5.bJQ"
"s3://hcp-openaccess/HCP_1200/506234/MNINonLinear/Results/tfMRI_SOCIAL/tfMRI_SOCIAL_hp200_s12_level2.feat/GrayordinatesStats/cope3.feat/zstat1.dtseries.nii","506234","MNINonLinear//Results/tfMRI_SOCIAL/tfMRI_SOCIAL_hp200_s12_level2.feat/GrayordinatesStats/cope3.feat/zstat1.dtseries.nii","EvcYq0IF7HQosscOSNmLQJSS_2Gm5VV0"
"s3://hcp-openaccess/HCP_1200/506234/MNINonLinear/Results/tfMRI_SOCIAL/tfMRI_SOCIAL_hp200_s12_level2.feat/GrayordinatesStats/cope4.feat/cope1.dtseries.nii","506234","MNINonLinear//Results/tfMRI_SOCIAL/tfMRI_SOCIAL_hp200_s12_level2.feat/GrayordinatesStats/cope4.feat/cope1.dtseries.nii","UWB9QR6JL5gJDZqDf.Zg0n.TvP4Jeu6U"
"s3://hcp-openaccess/HCP_1200/506234/MNINonLinear/Results/tfMRI_SOCIAL/tfMRI_SOCIAL_hp200_s12_level2.feat/GrayordinatesStats/cope4.feat/logfile","506234","MNINonLinear//Results/tfMRI_SOCIAL/tfMRI_SOCIAL_hp200_s12_level2.feat/GrayordinatesStats/cope4.feat/logfile","v3qmjcu24H9CHsAgxbZaFQ6YzjyLpUuq"
"s3://hcp-openaccess/HCP_1200/506234/MNINonLinear/Results/tfMRI_SOCIAL/tfMRI_SOCIAL_hp200_s12_level2.feat/GrayordinatesStats/cope4.feat/mask.dtseries.nii","506234","MNINonLinear//Results/tfMRI_SOCIAL/tfMRI_SOCIAL_hp200_s12_level2.feat/GrayordinatesStats/cope4.feat/mask.dtseries.nii","cJHDg37OtIV1hGunbEzVmXLR41HPKTct"
"s3://hcp-openaccess/HCP_1200/506234/MNINonLinear/Results/tfMRI_SOCIAL/tfMRI_SOCIAL_hp200_s12_level2.feat/GrayordinatesStats/cope4.feat/mean_random_effects_var1.dtseries.nii","506234","MNINonLinear//Results/tfMRI_SOCIAL/tfMRI_SOCIAL_hp200_s12_level2.feat/GrayordinatesStats/cope4.feat/mean_random_effects_var1.dtseries.nii","00dqndtetPW.r1T4_PWH7qExC4dyEe7a"
"s3://hcp-openaccess/HCP_1200/506234/MNINonLinear/Results/tfMRI_SOCIAL/tfMRI_SOCIAL_hp200_s12_level2.feat/GrayordinatesStats/cope4.feat/pe1.dtseries.nii","506234","MNINonLinear//Results/tfMRI_SOCIAL/tfMRI_SOCIAL_hp200_s12_level2.feat/GrayordinatesStats/cope4.feat/pe1.dtseries.nii","3qNzacyYr08dAgtwsrgCFqDumBhstuKj"
"s3://hcp-openaccess/HCP_1200/506234/MNINonLinear/Results/tfMRI_SOCIAL/tfMRI_SOCIAL_hp200_s12_level2.feat/GrayordinatesStats/cope4.feat/res4d.dtseries.nii","506234","MNINonLinear//Results/tfMRI_SOCIAL/tfMRI_SOCIAL_hp200_s12_level2.feat/GrayordinatesStats/cope4.feat/res4d.dtseries.nii","tjA4kxEIETVkysJ.aUi3dVTMpPO3oAHS"
"s3://hcp-openaccess/HCP_1200/506234/MNINonLinear/Results/tfMRI_SOCIAL/tfMRI_SOCIAL_hp200_s12_level2.feat/GrayordinatesStats/cope4.feat/tdof_t1.dtseries.nii","506234","MNINonLinear//Results/tfMRI_SOCIAL/tfMRI_SOCIAL_hp200_s12_level2.feat/GrayordinatesStats/cope4.feat/tdof_t1.dtseries.nii","54sMZzeHEig1M7RW_6dC8ex8r5R5RZGV"
"s3://hcp-openaccess/HCP_1200/506234/MNINonLinear/Results/tfMRI_SOCIAL/tfMRI_SOCIAL_hp200_s12_level2.feat/GrayordinatesStats/cope4.feat/tstat1.dtseries.nii","506234","MNINonLinear//Results/tfMRI_SOCIAL/tfMRI_SOCIAL_hp200_s12_level2.feat/GrayordinatesStats/cope4.feat/tstat1.dtseries.nii","vhynQDkfqItOIOv_PCs5dHTglXPPr3k8"
"s3://hcp-openaccess/HCP_1200/506234/MNINonLinear/Results/tfMRI_SOCIAL/tfMRI_SOCIAL_hp200_s12_level2.feat/GrayordinatesStats/cope4.feat/varcope1.dtseries.nii","506234","MNINonLinear//Results/tfMRI_SOCIAL/tfMRI_SOCIAL_hp200_s12_level2.feat/GrayordinatesStats/cope4.feat/varcope1.dtseries.nii","_EtHZYRG4mvB51.PGoVF4kgV3OkdVFPx"
"s3://hcp-openaccess/HCP_1200/506234/MNINonLinear/Results/tfMRI_SOCIAL/tfMRI_SOCIAL_hp200_s12_level2.feat/GrayordinatesStats/cope4.feat/weights1.dtseries.nii","506234","MNINonLinear//Results/tfMRI_SOCIAL/tfMRI_SOCIAL_hp200_s12_level2.feat/GrayordinatesStats/cope4.feat/weights1.dtseries.nii","zgbUCxrCz8L6du1ySIhRoju.POUxhY_X"
"s3://hcp-openaccess/HCP_1200/506234/MNINonLinear/Results/tfMRI_SOCIAL/tfMRI_SOCIAL_hp200_s12_level2.feat/GrayordinatesStats/cope4.feat/zflame1lowertstat1.dtseries.nii","506234","MNINonLinear//Results/tfMRI_SOCIAL/tfMRI_SOCIAL_hp200_s12_level2.feat/GrayordinatesStats/cope4.feat/zflame1lowertstat1.dtseries.nii","az.tKmZ36lVRtG1I96kzHZ2gCaqqOlHd"
"s3://hcp-openaccess/HCP_1200/506234/MNINonLinear/Results/tfMRI_SOCIAL/tfMRI_SOCIAL_hp200_s12_level2.feat/GrayordinatesStats/cope4.feat/zflame1uppertstat1.dtseries.nii","506234","MNINonLinear//Results/tfMRI_SOCIAL/tfMRI_SOCIAL_hp200_s12_level2.feat/GrayordinatesStats/cope4.feat/zflame1uppertstat1.dtseries.nii","usHg5K0zx2jDUtycD1vbHchQEB0Bz_hG"
"s3://hcp-openaccess/HCP_1200/506234/MNINonLinear/Results/tfMRI_SOCIAL/tfMRI_SOCIAL_hp200_s12_level2.feat/GrayordinatesStats/cope4.feat/zstat1.dtseries.nii","506234","MNINonLinear//Results/tfMRI_SOCIAL/tfMRI_SOCIAL_hp200_s12_level2.feat/GrayordinatesStats/cope4.feat/zstat1.dtseries.nii","uk2CS.jivBxT1zyoYLCRyzOiChyZ.2jF"
"s3://hcp-openaccess/HCP_1200/506234/MNINonLinear/Results/tfMRI_SOCIAL/tfMRI_SOCIAL_hp200_s12_level2.feat/GrayordinatesStats/cope5.feat/cope1.dtseries.nii","506234","MNINonLinear//Results/tfMRI_SOCIAL/tfMRI_SOCIAL_hp200_s12_level2.feat/GrayordinatesStats/cope5.feat/cope1.dtseries.nii","RZnapx8FRj7xox9QqOQA1rSZUgsam3V1"
"s3://hcp-openaccess/HCP_1200/506234/MNINonLinear/Results/tfMRI_SOCIAL/tfMRI_SOCIAL_hp200_s12_level2.feat/GrayordinatesStats/cope5.feat/logfile","506234","MNINonLinear//Results/tfMRI_SOCIAL/tfMRI_SOCIAL_hp200_s12_level2.feat/GrayordinatesStats/cope5.feat/logfile","yQYCn8lbBVyf3ZdX2oO5b5_wXaEPtDp2"
"s3://hcp-openaccess/HCP_1200/506234/MNINonLinear/Results/tfMRI_SOCIAL/tfMRI_SOCIAL_hp200_s12_level2.feat/GrayordinatesStats/cope5.feat/mask.dtseries.nii","506234","MNINonLinear//Results/tfMRI_SOCIAL/tfMRI_SOCIAL_hp200_s12_level2.feat/GrayordinatesStats/cope5.feat/mask.dtseries.nii","DMIdTd9EZVBNQB_wxCQRiAOTlMBC8yrF"
"s3://hcp-openaccess/HCP_1200/506234/MNINonLinear/Results/tfMRI_SOCIAL/tfMRI_SOCIAL_hp200_s12_level2.feat/GrayordinatesStats/cope5.feat/mean_random_effects_var1.dtseries.nii","506234","MNINonLinear//Results/tfMRI_SOCIAL/tfMRI_SOCIAL_hp200_s12_level2.feat/GrayordinatesStats/cope5.feat/mean_random_effects_var1.dtseries.nii","anz9MOxPVi7F_C_ybelstkMgvhBRHjrg"
"s3://hcp-openaccess/HCP_1200/506234/MNINonLinear/Results/tfMRI_SOCIAL/tfMRI_SOCIAL_hp200_s12_level2.feat/GrayordinatesStats/cope5.feat/pe1.dtseries.nii","506234","MNINonLinear//Results/tfMRI_SOCIAL/tfMRI_SOCIAL_hp200_s12_level2.feat/GrayordinatesStats/cope5.feat/pe1.dtseries.nii","k4Z5FB2WfO27J_ekgqyLIMEnO4IZCLxC"
"s3://hcp-openaccess/HCP_1200/506234/MNINonLinear/Results/tfMRI_SOCIAL/tfMRI_SOCIAL_hp200_s12_level2.feat/GrayordinatesStats/cope5.feat/res4d.dtseries.nii","506234","MNINonLinear//Results/tfMRI_SOCIAL/tfMRI_SOCIAL_hp200_s12_level2.feat/GrayordinatesStats/cope5.feat/res4d.dtseries.nii","gyW0H6kcY2ZfJXuitHqRBwT96gCRlWU1"
"s3://hcp-openaccess/HCP_1200/506234/MNINonLinear/Results/tfMRI_SOCIAL/tfMRI_SOCIAL_hp200_s12_level2.feat/GrayordinatesStats/cope5.feat/tdof_t1.dtseries.nii","506234","MNINonLinear//Results/tfMRI_SOCIAL/tfMRI_SOCIAL_hp200_s12_level2.feat/GrayordinatesStats/cope5.feat/tdof_t1.dtseries.nii","o9H1xZEqUcZOyXh78NT2bsEA.PbNdmNY"
"s3://hcp-openaccess/HCP_1200/506234/MNINonLinear/Results/tfMRI_SOCIAL/tfMRI_SOCIAL_hp200_s12_level2.feat/GrayordinatesStats/cope5.feat/tstat1.dtseries.nii","506234","MNINonLinear//Results/tfMRI_SOCIAL/tfMRI_SOCIAL_hp200_s12_level2.feat/GrayordinatesStats/cope5.feat/tstat1.dtseries.nii","Z6he_E984OeIukT9ubDwDTH9VZIzvwd3"
"s3://hcp-openaccess/HCP_1200/506234/MNINonLinear/Results/tfMRI_SOCIAL/tfMRI_SOCIAL_hp200_s12_level2.feat/GrayordinatesStats/cope5.feat/varcope1.dtseries.nii","506234","MNINonLinear//Results/tfMRI_SOCIAL/tfMRI_SOCIAL_hp200_s12_level2.feat/GrayordinatesStats/cope5.feat/varcope1.dtseries.nii","5aJnWRvkaZEvk4r7UhPLbNipzzULcOlk"
"s3://hcp-openaccess/HCP_1200/506234/MNINonLinear/Results/tfMRI_SOCIAL/tfMRI_SOCIAL_hp200_s12_level2.feat/GrayordinatesStats/cope5.feat/weights1.dtseries.nii","506234","MNINonLinear//Results/tfMRI_SOCIAL/tfMRI_SOCIAL_hp200_s12_level2.feat/GrayordinatesStats/cope5.feat/weights1.dtseries.nii","hnngwjD11cdgX6qL5MPH0cNJrZl.gnQr"
"s3://hcp-openaccess/HCP_1200/506234/MNINonLinear/Results/tfMRI_SOCIAL/tfMRI_SOCIAL_hp200_s12_level2.feat/GrayordinatesStats/cope5.feat/zflame1lowertstat1.dtseries.nii","506234","MNINonLinear//Results/tfMRI_SOCIAL/tfMRI_SOCIAL_hp200_s12_level2.feat/GrayordinatesStats/cope5.feat/zflame1lowertstat1.dtseries.nii","z_1A2BT6whuencOuT0VUMHRaWKa4DKGS"
"s3://hcp-openaccess/HCP_1200/506234/MNINonLinear/Results/tfMRI_SOCIAL/tfMRI_SOCIAL_hp200_s12_level2.feat/GrayordinatesStats/cope5.feat/zflame1uppertstat1.dtseries.nii","506234","MNINonLinear//Results/tfMRI_SOCIAL/tfMRI_SOCIAL_hp200_s12_level2.feat/GrayordinatesStats/cope5.feat/zflame1uppertstat1.dtseries.nii","wZnCZkGwpbQwQKL0lxXRK7lmTPZ9tCg7"
"s3://hcp-openaccess/HCP_1200/506234/MNINonLinear/Results/tfMRI_SOCIAL/tfMRI_SOCIAL_hp200_s12_level2.feat/GrayordinatesStats/cope5.feat/zstat1.dtseries.nii","506234","MNINonLinear//Results/tfMRI_SOCIAL/tfMRI_SOCIAL_hp200_s12_level2.feat/GrayordinatesStats/cope5.feat/zstat1.dtseries.nii","h4hEnGxn_hcP5gh_2Ln2akHqGs9dMJen"
"s3://hcp-openaccess/HCP_1200/506234/MNINonLinear/Results/tfMRI_SOCIAL/tfMRI_SOCIAL_hp200_s12_level2.feat/GrayordinatesStats/cope6.feat/cope1.dtseries.nii","506234","MNINonLinear//Results/tfMRI_SOCIAL/tfMRI_SOCIAL_hp200_s12_level2.feat/GrayordinatesStats/cope6.feat/cope1.dtseries.nii","c3zEJVpev0BlpAFDKZukkKfSO7gTsv0J"
"s3://hcp-openaccess/HCP_1200/506234/MNINonLinear/Results/tfMRI_SOCIAL/tfMRI_SOCIAL_hp200_s12_level2.feat/GrayordinatesStats/cope6.feat/logfile","506234","MNINonLinear//Results/tfMRI_SOCIAL/tfMRI_SOCIAL_hp200_s12_level2.feat/GrayordinatesStats/cope6.feat/logfile","9emHlBainPKq0ZXhjcWI9gZHY7GHEuus"
"s3://hcp-openaccess/HCP_1200/506234/MNINonLinear/Results/tfMRI_SOCIAL/tfMRI_SOCIAL_hp200_s12_level2.feat/GrayordinatesStats/cope6.feat/mask.dtseries.nii","506234","MNINonLinear//Results/tfMRI_SOCIAL/tfMRI_SOCIAL_hp200_s12_level2.feat/GrayordinatesStats/cope6.feat/mask.dtseries.nii","47WX362yA4fr0OKHtGj743jntCd.OZxz"
"s3://hcp-openaccess/HCP_1200/506234/MNINonLinear/Results/tfMRI_SOCIAL/tfMRI_SOCIAL_hp200_s12_level2.feat/GrayordinatesStats/cope6.feat/mean_random_effects_var1.dtseries.nii","506234","MNINonLinear//Results/tfMRI_SOCIAL/tfMRI_SOCIAL_hp200_s12_level2.feat/GrayordinatesStats/cope6.feat/mean_random_effects_var1.dtseries.nii","9RW3T7gff9Y2tFKRzHsLDl34EEZB1nbJ"
"s3://hcp-openaccess/HCP_1200/506234/MNINonLinear/Results/tfMRI_SOCIAL/tfMRI_SOCIAL_hp200_s12_level2.feat/GrayordinatesStats/cope6.feat/pe1.dtseries.nii","506234","MNINonLinear//Results/tfMRI_SOCIAL/tfMRI_SOCIAL_hp200_s12_level2.feat/GrayordinatesStats/cope6.feat/pe1.dtseries.nii","_5NI57MGukHq8Hj9FQA5TX8cwW9Yitng"
"s3://hcp-openaccess/HCP_1200/506234/MNINonLinear/Results/tfMRI_SOCIAL/tfMRI_SOCIAL_hp200_s12_level2.feat/GrayordinatesStats/cope6.feat/res4d.dtseries.nii","506234","MNINonLinear//Results/tfMRI_SOCIAL/tfMRI_SOCIAL_hp200_s12_level2.feat/GrayordinatesStats/cope6.feat/res4d.dtseries.nii","MCJzr2Q3iKEy0bW3iOQjfC4nQ_FcDHwm"
"s3://hcp-openaccess/HCP_1200/506234/MNINonLinear/Results/tfMRI_SOCIAL/tfMRI_SOCIAL_hp200_s12_level2.feat/GrayordinatesStats/cope6.feat/tdof_t1.dtseries.nii","506234","MNINonLinear//Results/tfMRI_SOCIAL/tfMRI_SOCIAL_hp200_s12_level2.feat/GrayordinatesStats/cope6.feat/tdof_t1.dtseries.nii","WXyHiS9_ie1V3tjGwwQ6mveiI9Zt2pvy"
"s3://hcp-openaccess/HCP_1200/506234/MNINonLinear/Results/tfMRI_SOCIAL/tfMRI_SOCIAL_hp200_s12_level2.feat/GrayordinatesStats/cope6.feat/tstat1.dtseries.nii","506234","MNINonLinear//Results/tfMRI_SOCIAL/tfMRI_SOCIAL_hp200_s12_level2.feat/GrayordinatesStats/cope6.feat/tstat1.dtseries.nii","MSKrWfc_GANp7WGSBMCPD7QY4cDezFbs"
"s3://hcp-openaccess/HCP_1200/506234/MNINonLinear/Results/tfMRI_SOCIAL/tfMRI_SOCIAL_hp200_s12_level2.feat/GrayordinatesStats/cope6.feat/varcope1.dtseries.nii","506234","MNINonLinear//Results/tfMRI_SOCIAL/tfMRI_SOCIAL_hp200_s12_level2.feat/GrayordinatesStats/cope6.feat/varcope1.dtseries.nii","mePH0_7Z4CQeNktPg2CmI0ms_d.DunOm"
"s3://hcp-openaccess/HCP_1200/506234/MNINonLinear/Results/tfMRI_SOCIAL/tfMRI_SOCIAL_hp200_s12_level2.feat/GrayordinatesStats/cope6.feat/weights1.dtseries.nii","506234","MNINonLinear//Results/tfMRI_SOCIAL/tfMRI_SOCIAL_hp200_s12_level2.feat/GrayordinatesStats/cope6.feat/weights1.dtseries.nii","6pDOJjo1kpis2ufYITLsX5rGRM_M7s6."
"s3://hcp-openaccess/HCP_1200/506234/MNINonLinear/Results/tfMRI_SOCIAL/tfMRI_SOCIAL_hp200_s12_level2.feat/GrayordinatesStats/cope6.feat/zflame1lowertstat1.dtseries.nii","506234","MNINonLinear//Results/tfMRI_SOCIAL/tfMRI_SOCIAL_hp200_s12_level2.feat/GrayordinatesStats/cope6.feat/zflame1lowertstat1.dtseries.nii",".XSNcAdBaxaRCBeZj5cfPuyWb1SFO7YR"
"s3://hcp-openaccess/HCP_1200/506234/MNINonLinear/Results/tfMRI_SOCIAL/tfMRI_SOCIAL_hp200_s12_level2.feat/GrayordinatesStats/cope6.feat/zflame1uppertstat1.dtseries.nii","506234","MNINonLinear//Results/tfMRI_SOCIAL/tfMRI_SOCIAL_hp200_s12_level2.feat/GrayordinatesStats/cope6.feat/zflame1uppertstat1.dtseries.nii","UJeg6O37v7D2kfYiSVck9KRfVdTf9rRN"
"s3://hcp-openaccess/HCP_1200/506234/MNINonLinear/Results/tfMRI_SOCIAL/tfMRI_SOCIAL_hp200_s12_level2.feat/GrayordinatesStats/cope6.feat/zstat1.dtseries.nii","506234","MNINonLinear//Results/tfMRI_SOCIAL/tfMRI_SOCIAL_hp200_s12_level2.feat/GrayordinatesStats/cope6.feat/zstat1.dtseries.nii","7yS9FUVS4v8Yy1PVO754.YTyu45OKJvH"
"s3://hcp-openaccess/HCP_1200/506234/MNINonLinear/Results/tfMRI_SOCIAL/tfMRI_SOCIAL_hp200_s12_level2.feat/design.con","506234","MNINonLinear//Results/tfMRI_SOCIAL/tfMRI_SOCIAL_hp200_s12_level2.feat/design.con","wen.B9.PYatDGq4AfggOWX8l2cEf1yjN"
"s3://hcp-openaccess/HCP_1200/506234/MNINonLinear/Results/tfMRI_SOCIAL/tfMRI_SOCIAL_hp200_s12_level2.feat/design.fsf","506234","MNINonLinear//Results/tfMRI_SOCIAL/tfMRI_SOCIAL_hp200_s12_level2.feat/design.fsf","VCkwa.hDSr27yQzYQcSSk59MJ.KDEca9"
"s3://hcp-openaccess/HCP_1200/506234/MNINonLinear/Results/tfMRI_SOCIAL/tfMRI_SOCIAL_hp200_s12_level2.feat/design.grp","506234","MNINonLinear//Results/tfMRI_SOCIAL/tfMRI_SOCIAL_hp200_s12_level2.feat/design.grp","L6254HwUPa0ep50wRHFPjTSxRpTmyOmE"
"s3://hcp-openaccess/HCP_1200/506234/MNINonLinear/Results/tfMRI_SOCIAL/tfMRI_SOCIAL_hp200_s12_level2.feat/design.mat","506234","MNINonLinear//Results/tfMRI_SOCIAL/tfMRI_SOCIAL_hp200_s12_level2.feat/design.mat","wu0UBlVNYqam8E7zBE5PLWbrFss61U77"
"s3://hcp-openaccess/HCP_1200/506234/MNINonLinear/Results/tfMRI_SOCIAL/tfMRI_SOCIAL_hp200_s12_level2.feat/design.png","506234","MNINonLinear//Results/tfMRI_SOCIAL/tfMRI_SOCIAL_hp200_s12_level2.feat/design.png","hUQV4eCRYOp_Xujymw81yq0afXBp6KmX"
"s3://hcp-openaccess/HCP_1200/506234/MNINonLinear/Results/tfMRI_SOCIAL/tfMRI_SOCIAL_hp200_s12_level2.feat/design.ppm","506234","MNINonLinear//Results/tfMRI_SOCIAL/tfMRI_SOCIAL_hp200_s12_level2.feat/design.ppm","0tucbOUbDdEjY4H3kP3UdYom3s9aKDLi"
"s3://hcp-openaccess/HCP_1200/506234/MNINonLinear/Results/tfMRI_SOCIAL/tfMRI_SOCIAL_hp200_s12_level2.feat/design_cov.png","506234","MNINonLinear//Results/tfMRI_SOCIAL/tfMRI_SOCIAL_hp200_s12_level2.feat/design_cov.png","O6kP06bhoQPVg6GTuM8p9KSeVgZ4WH1a"
"s3://hcp-openaccess/HCP_1200/506234/MNINonLinear/Results/tfMRI_SOCIAL/tfMRI_SOCIAL_hp200_s12_level2.feat/design_cov.ppm","506234","MNINonLinear//Results/tfMRI_SOCIAL/tfMRI_SOCIAL_hp200_s12_level2.feat/design_cov.ppm","OhHrkHWywzx7vsjrGQ1sL.giMX9i.Q8l"
"s3://hcp-openaccess/HCP_1200/506234/MNINonLinear/Results/tfMRI_SOCIAL/tfMRI_SOCIAL_hp200_s2_level2.feat/506234_tfMRI_SOCIAL_level2_hp200_s2.dscalar.nii","506234","MNINonLinear//Results/tfMRI_SOCIAL/tfMRI_SOCIAL_hp200_s2_level2.feat/506234_tfMRI_SOCIAL_level2_hp200_s2.dscalar.nii","h1rjmXyApSMMzOO9V0etS9sk3P3IGcw4"
"s3://hcp-openaccess/HCP_1200/506234/MNINonLinear/Results/tfMRI_SOCIAL/tfMRI_SOCIAL_hp200_s2_level2.feat/Contrasts.txt","506234","MNINonLinear//Results/tfMRI_SOCIAL/tfMRI_SOCIAL_hp200_s2_level2.feat/Contrasts.txt","AbLE5QWxKfzLyWBRY4DoNKIegaVblqxF"
"s3://hcp-openaccess/HCP_1200/506234/MNINonLinear/Results/tfMRI_SOCIAL/tfMRI_SOCIAL_hp200_s2_level2.feat/GrayordinatesStats/cope1.feat/cope1.dtseries.nii","506234","MNINonLinear//Results/tfMRI_SOCIAL/tfMRI_SOCIAL_hp200_s2_level2.feat/GrayordinatesStats/cope1.feat/cope1.dtseries.nii","HcBQ6NkCKZQ_pO7qfjjHCuWBORAyWFQ."
"s3://hcp-openaccess/HCP_1200/506234/MNINonLinear/Results/tfMRI_SOCIAL/tfMRI_SOCIAL_hp200_s2_level2.feat/GrayordinatesStats/cope1.feat/logfile","506234","MNINonLinear//Results/tfMRI_SOCIAL/tfMRI_SOCIAL_hp200_s2_level2.feat/GrayordinatesStats/cope1.feat/logfile","PRqYwtcjMsJqOGzbiPkF2ygfxWdxocNk"
"s3://hcp-openaccess/HCP_1200/506234/MNINonLinear/Results/tfMRI_SOCIAL/tfMRI_SOCIAL_hp200_s2_level2.feat/GrayordinatesStats/cope1.feat/mask.dtseries.nii","506234","MNINonLinear//Results/tfMRI_SOCIAL/tfMRI_SOCIAL_hp200_s2_level2.feat/GrayordinatesStats/cope1.feat/mask.dtseries.nii","H4nC2pLd2gICkud5.xYCLYoJ5.SyeU.j"
"s3://hcp-openaccess/HCP_1200/506234/MNINonLinear/Results/tfMRI_SOCIAL/tfMRI_SOCIAL_hp200_s2_level2.feat/GrayordinatesStats/cope1.feat/mean_random_effects_var1.dtseries.nii","506234","MNINonLinear//Results/tfMRI_SOCIAL/tfMRI_SOCIAL_hp200_s2_level2.feat/GrayordinatesStats/cope1.feat/mean_random_effects_var1.dtseries.nii","CwOSEpd8JPQh9EiSl3mPWQHa5bKQZmgj"
"s3://hcp-openaccess/HCP_1200/506234/MNINonLinear/Results/tfMRI_SOCIAL/tfMRI_SOCIAL_hp200_s2_level2.feat/GrayordinatesStats/cope1.feat/pe1.dtseries.nii","506234","MNINonLinear//Results/tfMRI_SOCIAL/tfMRI_SOCIAL_hp200_s2_level2.feat/GrayordinatesStats/cope1.feat/pe1.dtseries.nii","DE5vy4QgeEtH1YhTqMku8soKemkbQmdu"
"s3://hcp-openaccess/HCP_1200/506234/MNINonLinear/Results/tfMRI_SOCIAL/tfMRI_SOCIAL_hp200_s2_level2.feat/GrayordinatesStats/cope1.feat/res4d.dtseries.nii","506234","MNINonLinear//Results/tfMRI_SOCIAL/tfMRI_SOCIAL_hp200_s2_level2.feat/GrayordinatesStats/cope1.feat/res4d.dtseries.nii","htxCkHEBqrwPh11nx9ML1UMZ3wI_1wM_"
"s3://hcp-openaccess/HCP_1200/506234/MNINonLinear/Results/tfMRI_SOCIAL/tfMRI_SOCIAL_hp200_s2_level2.feat/GrayordinatesStats/cope1.feat/tdof_t1.dtseries.nii","506234","MNINonLinear//Results/tfMRI_SOCIAL/tfMRI_SOCIAL_hp200_s2_level2.feat/GrayordinatesStats/cope1.feat/tdof_t1.dtseries.nii","mjvpUrlVRQ7rvNAugUe07qwkcvDqi5.c"
"s3://hcp-openaccess/HCP_1200/506234/MNINonLinear/Results/tfMRI_SOCIAL/tfMRI_SOCIAL_hp200_s2_level2.feat/GrayordinatesStats/cope1.feat/tstat1.dtseries.nii","506234","MNINonLinear//Results/tfMRI_SOCIAL/tfMRI_SOCIAL_hp200_s2_level2.feat/GrayordinatesStats/cope1.feat/tstat1.dtseries.nii","8zGGH9F5SpH_d.ntDt0fW1KhGmssj7y3"
"s3://hcp-openaccess/HCP_1200/506234/MNINonLinear/Results/tfMRI_SOCIAL/tfMRI_SOCIAL_hp200_s2_level2.feat/GrayordinatesStats/cope1.feat/varcope1.dtseries.nii","506234","MNINonLinear//Results/tfMRI_SOCIAL/tfMRI_SOCIAL_hp200_s2_level2.feat/GrayordinatesStats/cope1.feat/varcope1.dtseries.nii","PpdlAay9BMKdjfo_9FO0blPqCU92AOIX"
"s3://hcp-openaccess/HCP_1200/506234/MNINonLinear/Results/tfMRI_SOCIAL/tfMRI_SOCIAL_hp200_s2_level2.feat/GrayordinatesStats/cope1.feat/weights1.dtseries.nii","506234","MNINonLinear//Results/tfMRI_SOCIAL/tfMRI_SOCIAL_hp200_s2_level2.feat/GrayordinatesStats/cope1.feat/weights1.dtseries.nii","ncPC7D0ymfQhFYGdJu7XysTWHXUhOjau"
"s3://hcp-openaccess/HCP_1200/506234/MNINonLinear/Results/tfMRI_SOCIAL/tfMRI_SOCIAL_hp200_s2_level2.feat/GrayordinatesStats/cope1.feat/zflame1lowertstat1.dtseries.nii","506234","MNINonLinear//Results/tfMRI_SOCIAL/tfMRI_SOCIAL_hp200_s2_level2.feat/GrayordinatesStats/cope1.feat/zflame1lowertstat1.dtseries.nii","kBCNXJnxQcdWEE8B73GE7G0QfKLXoOGH"
"s3://hcp-openaccess/HCP_1200/506234/MNINonLinear/Results/tfMRI_SOCIAL/tfMRI_SOCIAL_hp200_s2_level2.feat/GrayordinatesStats/cope1.feat/zflame1uppertstat1.dtseries.nii","506234","MNINonLinear//Results/tfMRI_SOCIAL/tfMRI_SOCIAL_hp200_s2_level2.feat/GrayordinatesStats/cope1.feat/zflame1uppertstat1.dtseries.nii","AvfO5ljR7Zewb3NzMgKluQKJzaZKy3bq"
"s3://hcp-openaccess/HCP_1200/506234/MNINonLinear/Results/tfMRI_SOCIAL/tfMRI_SOCIAL_hp200_s2_level2.feat/GrayordinatesStats/cope1.feat/zstat1.dtseries.nii","506234","MNINonLinear//Results/tfMRI_SOCIAL/tfMRI_SOCIAL_hp200_s2_level2.feat/GrayordinatesStats/cope1.feat/zstat1.dtseries.nii","2fAufEVWoyOXWYtA8PHcKg7YXWhcnS.x"
"s3://hcp-openaccess/HCP_1200/506234/MNINonLinear/Results/tfMRI_SOCIAL/tfMRI_SOCIAL_hp200_s2_level2.feat/GrayordinatesStats/cope2.feat/cope1.dtseries.nii","506234","MNINonLinear//Results/tfMRI_SOCIAL/tfMRI_SOCIAL_hp200_s2_level2.feat/GrayordinatesStats/cope2.feat/cope1.dtseries.nii","e2i9L0_R6fiMeVGk.ppFUAS9nabbfu3K"
"s3://hcp-openaccess/HCP_1200/506234/MNINonLinear/Results/tfMRI_SOCIAL/tfMRI_SOCIAL_hp200_s2_level2.feat/GrayordinatesStats/cope2.feat/logfile","506234","MNINonLinear//Results/tfMRI_SOCIAL/tfMRI_SOCIAL_hp200_s2_level2.feat/GrayordinatesStats/cope2.feat/logfile","ccRr.X8r7HKF11JMSLAKLUlxHcab1ODE"
"s3://hcp-openaccess/HCP_1200/506234/MNINonLinear/Results/tfMRI_SOCIAL/tfMRI_SOCIAL_hp200_s2_level2.feat/GrayordinatesStats/cope2.feat/mask.dtseries.nii","506234","MNINonLinear//Results/tfMRI_SOCIAL/tfMRI_SOCIAL_hp200_s2_level2.feat/GrayordinatesStats/cope2.feat/mask.dtseries.nii","z9M4rdtUuLLaA4L1I1TuYyMoEziqEiGK"
"s3://hcp-openaccess/HCP_1200/506234/MNINonLinear/Results/tfMRI_SOCIAL/tfMRI_SOCIAL_hp200_s2_level2.feat/GrayordinatesStats/cope2.feat/mean_random_effects_var1.dtseries.nii","506234","MNINonLinear//Results/tfMRI_SOCIAL/tfMRI_SOCIAL_hp200_s2_level2.feat/GrayordinatesStats/cope2.feat/mean_random_effects_var1.dtseries.nii","vcqmkpTHX8cBxesDhDR.akU85EkLHmx5"
"s3://hcp-openaccess/HCP_1200/506234/MNINonLinear/Results/tfMRI_SOCIAL/tfMRI_SOCIAL_hp200_s2_level2.feat/GrayordinatesStats/cope2.feat/pe1.dtseries.nii","506234","MNINonLinear//Results/tfMRI_SOCIAL/tfMRI_SOCIAL_hp200_s2_level2.feat/GrayordinatesStats/cope2.feat/pe1.dtseries.nii","Wba.ue4IdxbYDoRMy2jhg2SXoreLEt0P"
"s3://hcp-openaccess/HCP_1200/506234/MNINonLinear/Results/tfMRI_SOCIAL/tfMRI_SOCIAL_hp200_s2_level2.feat/GrayordinatesStats/cope2.feat/res4d.dtseries.nii","506234","MNINonLinear//Results/tfMRI_SOCIAL/tfMRI_SOCIAL_hp200_s2_level2.feat/GrayordinatesStats/cope2.feat/res4d.dtseries.nii","DA9mcCrsGj614v31gibmezw1oBlXrW43"
"s3://hcp-openaccess/HCP_1200/506234/MNINonLinear/Results/tfMRI_SOCIAL/tfMRI_SOCIAL_hp200_s2_level2.feat/GrayordinatesStats/cope2.feat/tdof_t1.dtseries.nii","506234","MNINonLinear//Results/tfMRI_SOCIAL/tfMRI_SOCIAL_hp200_s2_level2.feat/GrayordinatesStats/cope2.feat/tdof_t1.dtseries.nii","wbxTLTlYUCEllKO3BrRfPAy0YY112dxs"
"s3://hcp-openaccess/HCP_1200/506234/MNINonLinear/Results/tfMRI_SOCIAL/tfMRI_SOCIAL_hp200_s2_level2.feat/GrayordinatesStats/cope2.feat/tstat1.dtseries.nii","506234","MNINonLinear//Results/tfMRI_SOCIAL/tfMRI_SOCIAL_hp200_s2_level2.feat/GrayordinatesStats/cope2.feat/tstat1.dtseries.nii","nHvJhRZ6n52TV0xFiL6arbvQ68sSHr1W"
"s3://hcp-openaccess/HCP_1200/506234/MNINonLinear/Results/tfMRI_SOCIAL/tfMRI_SOCIAL_hp200_s2_level2.feat/GrayordinatesStats/cope2.feat/varcope1.dtseries.nii","506234","MNINonLinear//Results/tfMRI_SOCIAL/tfMRI_SOCIAL_hp200_s2_level2.feat/GrayordinatesStats/cope2.feat/varcope1.dtseries.nii","HlDk.6ZJzbjxh1.r_7ltk6KT_Cxu86AL"
"s3://hcp-openaccess/HCP_1200/506234/MNINonLinear/Results/tfMRI_SOCIAL/tfMRI_SOCIAL_hp200_s2_level2.feat/GrayordinatesStats/cope2.feat/weights1.dtseries.nii","506234","MNINonLinear//Results/tfMRI_SOCIAL/tfMRI_SOCIAL_hp200_s2_level2.feat/GrayordinatesStats/cope2.feat/weights1.dtseries.nii","G3QtEBZpSYUU2fE8.b4lesNvaUp3j5l6"
"s3://hcp-openaccess/HCP_1200/506234/MNINonLinear/Results/tfMRI_SOCIAL/tfMRI_SOCIAL_hp200_s2_level2.feat/GrayordinatesStats/cope2.feat/zflame1lowertstat1.dtseries.nii","506234","MNINonLinear//Results/tfMRI_SOCIAL/tfMRI_SOCIAL_hp200_s2_level2.feat/GrayordinatesStats/cope2.feat/zflame1lowertstat1.dtseries.nii","180AOnrlP_lh13ognRW.akSjhM2_603E"
"s3://hcp-openaccess/HCP_1200/506234/MNINonLinear/Results/tfMRI_SOCIAL/tfMRI_SOCIAL_hp200_s2_level2.feat/GrayordinatesStats/cope2.feat/zflame1uppertstat1.dtseries.nii","506234","MNINonLinear//Results/tfMRI_SOCIAL/tfMRI_SOCIAL_hp200_s2_level2.feat/GrayordinatesStats/cope2.feat/zflame1uppertstat1.dtseries.nii","p4Hg8YUzzawTU2k8w_kuCh1QFXMO_bEV"
"s3://hcp-openaccess/HCP_1200/506234/MNINonLinear/Results/tfMRI_SOCIAL/tfMRI_SOCIAL_hp200_s2_level2.feat/GrayordinatesStats/cope2.feat/zstat1.dtseries.nii","506234","MNINonLinear//Results/tfMRI_SOCIAL/tfMRI_SOCIAL_hp200_s2_level2.feat/GrayordinatesStats/cope2.feat/zstat1.dtseries.nii","D.hl_SWpPw7NFc3mLfF2kAuWlMdC3_TI"
"s3://hcp-openaccess/HCP_1200/506234/MNINonLinear/Results/tfMRI_SOCIAL/tfMRI_SOCIAL_hp200_s2_level2.feat/GrayordinatesStats/cope3.feat/cope1.dtseries.nii","506234","MNINonLinear//Results/tfMRI_SOCIAL/tfMRI_SOCIAL_hp200_s2_level2.feat/GrayordinatesStats/cope3.feat/cope1.dtseries.nii","xWt7BO43qOYtt47aMxTBB4DWi2dW.4UX"
"s3://hcp-openaccess/HCP_1200/506234/MNINonLinear/Results/tfMRI_SOCIAL/tfMRI_SOCIAL_hp200_s2_level2.feat/GrayordinatesStats/cope3.feat/logfile","506234","MNINonLinear//Results/tfMRI_SOCIAL/tfMRI_SOCIAL_hp200_s2_level2.feat/GrayordinatesStats/cope3.feat/logfile","AlEzLiAsdEIzxTNihVKf3SQ1s581_1qL"
"s3://hcp-openaccess/HCP_1200/506234/MNINonLinear/Results/tfMRI_SOCIAL/tfMRI_SOCIAL_hp200_s2_level2.feat/GrayordinatesStats/cope3.feat/mask.dtseries.nii","506234","MNINonLinear//Results/tfMRI_SOCIAL/tfMRI_SOCIAL_hp200_s2_level2.feat/GrayordinatesStats/cope3.feat/mask.dtseries.nii","qjkoPmB6tcxgYnqeiF_AI0ZN34jtUYuK"
"s3://hcp-openaccess/HCP_1200/506234/MNINonLinear/Results/tfMRI_SOCIAL/tfMRI_SOCIAL_hp200_s2_level2.feat/GrayordinatesStats/cope3.feat/mean_random_effects_var1.dtseries.nii","506234","MNINonLinear//Results/tfMRI_SOCIAL/tfMRI_SOCIAL_hp200_s2_level2.feat/GrayordinatesStats/cope3.feat/mean_random_effects_var1.dtseries.nii","CxnihZKsnqYW_0sdqyuQbtOBABAM2PGE"
"s3://hcp-openaccess/HCP_1200/506234/MNINonLinear/Results/tfMRI_SOCIAL/tfMRI_SOCIAL_hp200_s2_level2.feat/GrayordinatesStats/cope3.feat/pe1.dtseries.nii","506234","MNINonLinear//Results/tfMRI_SOCIAL/tfMRI_SOCIAL_hp200_s2_level2.feat/GrayordinatesStats/cope3.feat/pe1.dtseries.nii","ANwWA4Ht2E0QguID0Si34LGtqrovNkEv"
"s3://hcp-openaccess/HCP_1200/506234/MNINonLinear/Results/tfMRI_SOCIAL/tfMRI_SOCIAL_hp200_s2_level2.feat/GrayordinatesStats/cope3.feat/res4d.dtseries.nii","506234","MNINonLinear//Results/tfMRI_SOCIAL/tfMRI_SOCIAL_hp200_s2_level2.feat/GrayordinatesStats/cope3.feat/res4d.dtseries.nii","XNnXulaS1vAvsf.7sFjMyEioPzpnbGm2"
"s3://hcp-openaccess/HCP_1200/506234/MNINonLinear/Results/tfMRI_SOCIAL/tfMRI_SOCIAL_hp200_s2_level2.feat/GrayordinatesStats/cope3.feat/tdof_t1.dtseries.nii","506234","MNINonLinear//Results/tfMRI_SOCIAL/tfMRI_SOCIAL_hp200_s2_level2.feat/GrayordinatesStats/cope3.feat/tdof_t1.dtseries.nii","62s5pvf6XXFEcTOgLNsF1Ifjaq7sfvPV"
"s3://hcp-openaccess/HCP_1200/506234/MNINonLinear/Results/tfMRI_SOCIAL/tfMRI_SOCIAL_hp200_s2_level2.feat/GrayordinatesStats/cope3.feat/tstat1.dtseries.nii","506234","MNINonLinear//Results/tfMRI_SOCIAL/tfMRI_SOCIAL_hp200_s2_level2.feat/GrayordinatesStats/cope3.feat/tstat1.dtseries.nii","bhNyl5Fxs7qxEdwhx.MzqdW9hj2.LY7y"
"s3://hcp-openaccess/HCP_1200/506234/MNINonLinear/Results/tfMRI_SOCIAL/tfMRI_SOCIAL_hp200_s2_level2.feat/GrayordinatesStats/cope3.feat/varcope1.dtseries.nii","506234","MNINonLinear//Results/tfMRI_SOCIAL/tfMRI_SOCIAL_hp200_s2_level2.feat/GrayordinatesStats/cope3.feat/varcope1.dtseries.nii","UBWU.34VUyJgaMEuz2HQVUCEnK4mQg2N"
"s3://hcp-openaccess/HCP_1200/506234/MNINonLinear/Results/tfMRI_SOCIAL/tfMRI_SOCIAL_hp200_s2_level2.feat/GrayordinatesStats/cope3.feat/weights1.dtseries.nii","506234","MNINonLinear//Results/tfMRI_SOCIAL/tfMRI_SOCIAL_hp200_s2_level2.feat/GrayordinatesStats/cope3.feat/weights1.dtseries.nii","ZN.BeNSK2xj7kF5I6aPOG8zkSz0lP2jU"
"s3://hcp-openaccess/HCP_1200/506234/MNINonLinear/Results/tfMRI_SOCIAL/tfMRI_SOCIAL_hp200_s2_level2.feat/GrayordinatesStats/cope3.feat/zflame1lowertstat1.dtseries.nii","506234","MNINonLinear//Results/tfMRI_SOCIAL/tfMRI_SOCIAL_hp200_s2_level2.feat/GrayordinatesStats/cope3.feat/zflame1lowertstat1.dtseries.nii","mp5xVdEiOIx9YmRkHZlAa5szuIzKBNyA"
"s3://hcp-openaccess/HCP_1200/506234/MNINonLinear/Results/tfMRI_SOCIAL/tfMRI_SOCIAL_hp200_s2_level2.feat/GrayordinatesStats/cope3.feat/zflame1uppertstat1.dtseries.nii","506234","MNINonLinear//Results/tfMRI_SOCIAL/tfMRI_SOCIAL_hp200_s2_level2.feat/GrayordinatesStats/cope3.feat/zflame1uppertstat1.dtseries.nii","GgBHmeW1tFdUCU6qRTldxMT2_SHGh10o"
"s3://hcp-openaccess/HCP_1200/506234/MNINonLinear/Results/tfMRI_SOCIAL/tfMRI_SOCIAL_hp200_s2_level2.feat/GrayordinatesStats/cope3.feat/zstat1.dtseries.nii","506234","MNINonLinear//Results/tfMRI_SOCIAL/tfMRI_SOCIAL_hp200_s2_level2.feat/GrayordinatesStats/cope3.feat/zstat1.dtseries.nii","jh8uI.mItbxGd7nJMhGWp.YkY9YajyIV"
"s3://hcp-openaccess/HCP_1200/506234/MNINonLinear/Results/tfMRI_SOCIAL/tfMRI_SOCIAL_hp200_s2_level2.feat/GrayordinatesStats/cope4.feat/cope1.dtseries.nii","506234","MNINonLinear//Results/tfMRI_SOCIAL/tfMRI_SOCIAL_hp200_s2_level2.feat/GrayordinatesStats/cope4.feat/cope1.dtseries.nii","1_2rBnVRJIx0yqjBU5A4RN5w9p4NrLGm"
"s3://hcp-openaccess/HCP_1200/506234/MNINonLinear/Results/tfMRI_SOCIAL/tfMRI_SOCIAL_hp200_s2_level2.feat/GrayordinatesStats/cope4.feat/logfile","506234","MNINonLinear//Results/tfMRI_SOCIAL/tfMRI_SOCIAL_hp200_s2_level2.feat/GrayordinatesStats/cope4.feat/logfile","D_i5tn6NP.69cWM25QSqpbYD4U8nWWBM"
"s3://hcp-openaccess/HCP_1200/506234/MNINonLinear/Results/tfMRI_SOCIAL/tfMRI_SOCIAL_hp200_s2_level2.feat/GrayordinatesStats/cope4.feat/mask.dtseries.nii","506234","MNINonLinear//Results/tfMRI_SOCIAL/tfMRI_SOCIAL_hp200_s2_level2.feat/GrayordinatesStats/cope4.feat/mask.dtseries.nii","ofMGY0fW0ayJ7mzf5gkkczhQNo0eajxG"
"s3://hcp-openaccess/HCP_1200/506234/MNINonLinear/Results/tfMRI_SOCIAL/tfMRI_SOCIAL_hp200_s2_level2.feat/GrayordinatesStats/cope4.feat/mean_random_effects_var1.dtseries.nii","506234","MNINonLinear//Results/tfMRI_SOCIAL/tfMRI_SOCIAL_hp200_s2_level2.feat/GrayordinatesStats/cope4.feat/mean_random_effects_var1.dtseries.nii","cXAyNZTQogA8Ya7mLzFwyMi6P.je7Eob"
"s3://hcp-openaccess/HCP_1200/506234/MNINonLinear/Results/tfMRI_SOCIAL/tfMRI_SOCIAL_hp200_s2_level2.feat/GrayordinatesStats/cope4.feat/pe1.dtseries.nii","506234","MNINonLinear//Results/tfMRI_SOCIAL/tfMRI_SOCIAL_hp200_s2_level2.feat/GrayordinatesStats/cope4.feat/pe1.dtseries.nii","LUyvlU2zuAa9BfCLNkG.Ks.SmaTJQ9Y1"
"s3://hcp-openaccess/HCP_1200/506234/MNINonLinear/Results/tfMRI_SOCIAL/tfMRI_SOCIAL_hp200_s2_level2.feat/GrayordinatesStats/cope4.feat/res4d.dtseries.nii","506234","MNINonLinear//Results/tfMRI_SOCIAL/tfMRI_SOCIAL_hp200_s2_level2.feat/GrayordinatesStats/cope4.feat/res4d.dtseries.nii","ICJVrXBGDZ5y4EvoUvcFd_YLL0uK6.TI"
"s3://hcp-openaccess/HCP_1200/506234/MNINonLinear/Results/tfMRI_SOCIAL/tfMRI_SOCIAL_hp200_s2_level2.feat/GrayordinatesStats/cope4.feat/tdof_t1.dtseries.nii","506234","MNINonLinear//Results/tfMRI_SOCIAL/tfMRI_SOCIAL_hp200_s2_level2.feat/GrayordinatesStats/cope4.feat/tdof_t1.dtseries.nii","1A6iHt2bh.zr7Hkd4GQ9tN9eEGV4.tIR"
"s3://hcp-openaccess/HCP_1200/506234/MNINonLinear/Results/tfMRI_SOCIAL/tfMRI_SOCIAL_hp200_s2_level2.feat/GrayordinatesStats/cope4.feat/tstat1.dtseries.nii","506234","MNINonLinear//Results/tfMRI_SOCIAL/tfMRI_SOCIAL_hp200_s2_level2.feat/GrayordinatesStats/cope4.feat/tstat1.dtseries.nii","LXsMJ8kDQU3bvb1t3boAC5NRM90bPDpH"
"s3://hcp-openaccess/HCP_1200/506234/MNINonLinear/Results/tfMRI_SOCIAL/tfMRI_SOCIAL_hp200_s2_level2.feat/GrayordinatesStats/cope4.feat/varcope1.dtseries.nii","506234","MNINonLinear//Results/tfMRI_SOCIAL/tfMRI_SOCIAL_hp200_s2_level2.feat/GrayordinatesStats/cope4.feat/varcope1.dtseries.nii","qJsqy4gKNBbdOU4P8uQjQI5ta0E3mzfp"
"s3://hcp-openaccess/HCP_1200/506234/MNINonLinear/Results/tfMRI_SOCIAL/tfMRI_SOCIAL_hp200_s2_level2.feat/GrayordinatesStats/cope4.feat/weights1.dtseries.nii","506234","MNINonLinear//Results/tfMRI_SOCIAL/tfMRI_SOCIAL_hp200_s2_level2.feat/GrayordinatesStats/cope4.feat/weights1.dtseries.nii","GZU9WsOBXPqx9DFYnm8DLcyKRDq69hww"
"s3://hcp-openaccess/HCP_1200/506234/MNINonLinear/Results/tfMRI_SOCIAL/tfMRI_SOCIAL_hp200_s2_level2.feat/GrayordinatesStats/cope4.feat/zflame1lowertstat1.dtseries.nii","506234","MNINonLinear//Results/tfMRI_SOCIAL/tfMRI_SOCIAL_hp200_s2_level2.feat/GrayordinatesStats/cope4.feat/zflame1lowertstat1.dtseries.nii","K7v0pKur01dxJStrN9c3A7UCjfj9tAy5"
"s3://hcp-openaccess/HCP_1200/506234/MNINonLinear/Results/tfMRI_SOCIAL/tfMRI_SOCIAL_hp200_s2_level2.feat/GrayordinatesStats/cope4.feat/zflame1uppertstat1.dtseries.nii","506234","MNINonLinear//Results/tfMRI_SOCIAL/tfMRI_SOCIAL_hp200_s2_level2.feat/GrayordinatesStats/cope4.feat/zflame1uppertstat1.dtseries.nii","tBTzBKfnwuRuG9ZHP_Co9uDUMfPQPQ9l"
"s3://hcp-openaccess/HCP_1200/506234/MNINonLinear/Results/tfMRI_SOCIAL/tfMRI_SOCIAL_hp200_s2_level2.feat/GrayordinatesStats/cope4.feat/zstat1.dtseries.nii","506234","MNINonLinear//Results/tfMRI_SOCIAL/tfMRI_SOCIAL_hp200_s2_level2.feat/GrayordinatesStats/cope4.feat/zstat1.dtseries.nii",".VPkUHRyTpWZpoaoW5v3wSt_SZQQsqzw"
"s3://hcp-openaccess/HCP_1200/506234/MNINonLinear/Results/tfMRI_SOCIAL/tfMRI_SOCIAL_hp200_s2_level2.feat/GrayordinatesStats/cope5.feat/cope1.dtseries.nii","506234","MNINonLinear//Results/tfMRI_SOCIAL/tfMRI_SOCIAL_hp200_s2_level2.feat/GrayordinatesStats/cope5.feat/cope1.dtseries.nii","URC6lpUxy7H8wRqZQHASrAMGIesFWLAm"
"s3://hcp-openaccess/HCP_1200/506234/MNINonLinear/Results/tfMRI_SOCIAL/tfMRI_SOCIAL_hp200_s2_level2.feat/GrayordinatesStats/cope5.feat/logfile","506234","MNINonLinear//Results/tfMRI_SOCIAL/tfMRI_SOCIAL_hp200_s2_level2.feat/GrayordinatesStats/cope5.feat/logfile","xEF84IqFAeRMbnv.1imf99nV5dQWD8b9"
"s3://hcp-openaccess/HCP_1200/506234/MNINonLinear/Results/tfMRI_SOCIAL/tfMRI_SOCIAL_hp200_s2_level2.feat/GrayordinatesStats/cope5.feat/mask.dtseries.nii","506234","MNINonLinear//Results/tfMRI_SOCIAL/tfMRI_SOCIAL_hp200_s2_level2.feat/GrayordinatesStats/cope5.feat/mask.dtseries.nii","nPJH.vf_K7ZdDxzRqrf7nzj.Mln8jUXT"
"s3://hcp-openaccess/HCP_1200/506234/MNINonLinear/Results/tfMRI_SOCIAL/tfMRI_SOCIAL_hp200_s2_level2.feat/GrayordinatesStats/cope5.feat/mean_random_effects_var1.dtseries.nii","506234","MNINonLinear//Results/tfMRI_SOCIAL/tfMRI_SOCIAL_hp200_s2_level2.feat/GrayordinatesStats/cope5.feat/mean_random_effects_var1.dtseries.nii","jsyCndRuyobGx241.aDGy_wGHoVdJ5_X"
"s3://hcp-openaccess/HCP_1200/506234/MNINonLinear/Results/tfMRI_SOCIAL/tfMRI_SOCIAL_hp200_s2_level2.feat/GrayordinatesStats/cope5.feat/pe1.dtseries.nii","506234","MNINonLinear//Results/tfMRI_SOCIAL/tfMRI_SOCIAL_hp200_s2_level2.feat/GrayordinatesStats/cope5.feat/pe1.dtseries.nii","_pr0WtAEA7tdWIGOy1Cxxw8twnl4I.6A"
"s3://hcp-openaccess/HCP_1200/506234/MNINonLinear/Results/tfMRI_SOCIAL/tfMRI_SOCIAL_hp200_s2_level2.feat/GrayordinatesStats/cope5.feat/res4d.dtseries.nii","506234","MNINonLinear//Results/tfMRI_SOCIAL/tfMRI_SOCIAL_hp200_s2_level2.feat/GrayordinatesStats/cope5.feat/res4d.dtseries.nii","QefPPMD6gOhMLd2tMpM5vkk5AHu_2pv."
"s3://hcp-openaccess/HCP_1200/506234/MNINonLinear/Results/tfMRI_SOCIAL/tfMRI_SOCIAL_hp200_s2_level2.feat/GrayordinatesStats/cope5.feat/tdof_t1.dtseries.nii","506234","MNINonLinear//Results/tfMRI_SOCIAL/tfMRI_SOCIAL_hp200_s2_level2.feat/GrayordinatesStats/cope5.feat/tdof_t1.dtseries.nii","n7LhIt2n9WR4VtF8yARZO7hnt6UubCgR"
"s3://hcp-openaccess/HCP_1200/506234/MNINonLinear/Results/tfMRI_SOCIAL/tfMRI_SOCIAL_hp200_s2_level2.feat/GrayordinatesStats/cope5.feat/tstat1.dtseries.nii","506234","MNINonLinear//Results/tfMRI_SOCIAL/tfMRI_SOCIAL_hp200_s2_level2.feat/GrayordinatesStats/cope5.feat/tstat1.dtseries.nii","DPzhKGEemymsIhtzv4so0HimvdU8jigj"
"s3://hcp-openaccess/HCP_1200/506234/MNINonLinear/Results/tfMRI_SOCIAL/tfMRI_SOCIAL_hp200_s2_level2.feat/GrayordinatesStats/cope5.feat/varcope1.dtseries.nii","506234","MNINonLinear//Results/tfMRI_SOCIAL/tfMRI_SOCIAL_hp200_s2_level2.feat/GrayordinatesStats/cope5.feat/varcope1.dtseries.nii","Ie7w9R239lfW0CUD_JjaUfjtpmgwq9vY"
"s3://hcp-openaccess/HCP_1200/506234/MNINonLinear/Results/tfMRI_SOCIAL/tfMRI_SOCIAL_hp200_s2_level2.feat/GrayordinatesStats/cope5.feat/weights1.dtseries.nii","506234","MNINonLinear//Results/tfMRI_SOCIAL/tfMRI_SOCIAL_hp200_s2_level2.feat/GrayordinatesStats/cope5.feat/weights1.dtseries.nii","HMmxviA8FSUvKoRGrncJR_.7V5Xjd_C7"
"s3://hcp-openaccess/HCP_1200/506234/MNINonLinear/Results/tfMRI_SOCIAL/tfMRI_SOCIAL_hp200_s2_level2.feat/GrayordinatesStats/cope5.feat/zflame1lowertstat1.dtseries.nii","506234","MNINonLinear//Results/tfMRI_SOCIAL/tfMRI_SOCIAL_hp200_s2_level2.feat/GrayordinatesStats/cope5.feat/zflame1lowertstat1.dtseries.nii","hrSoMA9H55l1DhFNM3dndmHoT4NssJHI"
"s3://hcp-openaccess/HCP_1200/506234/MNINonLinear/Results/tfMRI_SOCIAL/tfMRI_SOCIAL_hp200_s2_level2.feat/GrayordinatesStats/cope5.feat/zflame1uppertstat1.dtseries.nii","506234","MNINonLinear//Results/tfMRI_SOCIAL/tfMRI_SOCIAL_hp200_s2_level2.feat/GrayordinatesStats/cope5.feat/zflame1uppertstat1.dtseries.nii","rFdG2TZLVgufAnE653KlZrhMdCkusoDT"
"s3://hcp-openaccess/HCP_1200/506234/MNINonLinear/Results/tfMRI_SOCIAL/tfMRI_SOCIAL_hp200_s2_level2.feat/GrayordinatesStats/cope5.feat/zstat1.dtseries.nii","506234","MNINonLinear//Results/tfMRI_SOCIAL/tfMRI_SOCIAL_hp200_s2_level2.feat/GrayordinatesStats/cope5.feat/zstat1.dtseries.nii","08JgplDZnRnFMaciTcO8REf97.9DELE1"
"s3://hcp-openaccess/HCP_1200/506234/MNINonLinear/Results/tfMRI_SOCIAL/tfMRI_SOCIAL_hp200_s2_level2.feat/GrayordinatesStats/cope6.feat/cope1.dtseries.nii","506234","MNINonLinear//Results/tfMRI_SOCIAL/tfMRI_SOCIAL_hp200_s2_level2.feat/GrayordinatesStats/cope6.feat/cope1.dtseries.nii","v7GL2IlRhFEXm5Tw6k34eBRvYgFkrOI2"
"s3://hcp-openaccess/HCP_1200/506234/MNINonLinear/Results/tfMRI_SOCIAL/tfMRI_SOCIAL_hp200_s2_level2.feat/GrayordinatesStats/cope6.feat/logfile","506234","MNINonLinear//Results/tfMRI_SOCIAL/tfMRI_SOCIAL_hp200_s2_level2.feat/GrayordinatesStats/cope6.feat/logfile","HSQ.cqBPy4pmTdyimab8MrBvxh4wu3vj"
"s3://hcp-openaccess/HCP_1200/506234/MNINonLinear/Results/tfMRI_SOCIAL/tfMRI_SOCIAL_hp200_s2_level2.feat/GrayordinatesStats/cope6.feat/mask.dtseries.nii","506234","MNINonLinear//Results/tfMRI_SOCIAL/tfMRI_SOCIAL_hp200_s2_level2.feat/GrayordinatesStats/cope6.feat/mask.dtseries.nii","WlqkyNzI9CKoVsftNidBtfe7snbUmsgw"
"s3://hcp-openaccess/HCP_1200/506234/MNINonLinear/Results/tfMRI_SOCIAL/tfMRI_SOCIAL_hp200_s2_level2.feat/GrayordinatesStats/cope6.feat/mean_random_effects_var1.dtseries.nii","506234","MNINonLinear//Results/tfMRI_SOCIAL/tfMRI_SOCIAL_hp200_s2_level2.feat/GrayordinatesStats/cope6.feat/mean_random_effects_var1.dtseries.nii","Y31WeuF3YDXLjFSEiHJkkYuSCdiNvMyg"
"s3://hcp-openaccess/HCP_1200/506234/MNINonLinear/Results/tfMRI_SOCIAL/tfMRI_SOCIAL_hp200_s2_level2.feat/GrayordinatesStats/cope6.feat/pe1.dtseries.nii","506234","MNINonLinear//Results/tfMRI_SOCIAL/tfMRI_SOCIAL_hp200_s2_level2.feat/GrayordinatesStats/cope6.feat/pe1.dtseries.nii","0z2ySDbPdfiASIe5fvsPOZ89QI0p0jTz"
"s3://hcp-openaccess/HCP_1200/506234/MNINonLinear/Results/tfMRI_SOCIAL/tfMRI_SOCIAL_hp200_s2_level2.feat/GrayordinatesStats/cope6.feat/res4d.dtseries.nii","506234","MNINonLinear//Results/tfMRI_SOCIAL/tfMRI_SOCIAL_hp200_s2_level2.feat/GrayordinatesStats/cope6.feat/res4d.dtseries.nii","zuhMx84pg46Qt8KjuSX8P_FCW6XV8SiA"
"s3://hcp-openaccess/HCP_1200/506234/MNINonLinear/Results/tfMRI_SOCIAL/tfMRI_SOCIAL_hp200_s2_level2.feat/GrayordinatesStats/cope6.feat/tdof_t1.dtseries.nii","506234","MNINonLinear//Results/tfMRI_SOCIAL/tfMRI_SOCIAL_hp200_s2_level2.feat/GrayordinatesStats/cope6.feat/tdof_t1.dtseries.nii","DoP6L7i3Cywws68okSMxIpCg3_KEsf6V"
"s3://hcp-openaccess/HCP_1200/506234/MNINonLinear/Results/tfMRI_SOCIAL/tfMRI_SOCIAL_hp200_s2_level2.feat/GrayordinatesStats/cope6.feat/tstat1.dtseries.nii","506234","MNINonLinear//Results/tfMRI_SOCIAL/tfMRI_SOCIAL_hp200_s2_level2.feat/GrayordinatesStats/cope6.feat/tstat1.dtseries.nii","FqF22CmIomAFo4I_QVGUQVMeHsjE.0MN"
"s3://hcp-openaccess/HCP_1200/506234/MNINonLinear/Results/tfMRI_SOCIAL/tfMRI_SOCIAL_hp200_s2_level2.feat/GrayordinatesStats/cope6.feat/varcope1.dtseries.nii","506234","MNINonLinear//Results/tfMRI_SOCIAL/tfMRI_SOCIAL_hp200_s2_level2.feat/GrayordinatesStats/cope6.feat/varcope1.dtseries.nii","cCnwXrBDlt3nfBl92RALKgQkTvwtqUfZ"
"s3://hcp-openaccess/HCP_1200/506234/MNINonLinear/Results/tfMRI_SOCIAL/tfMRI_SOCIAL_hp200_s2_level2.feat/GrayordinatesStats/cope6.feat/weights1.dtseries.nii","506234","MNINonLinear//Results/tfMRI_SOCIAL/tfMRI_SOCIAL_hp200_s2_level2.feat/GrayordinatesStats/cope6.feat/weights1.dtseries.nii","TyqwZouJB3xansPaKMFbsul2bytramdL"
"s3://hcp-openaccess/HCP_1200/506234/MNINonLinear/Results/tfMRI_SOCIAL/tfMRI_SOCIAL_hp200_s2_level2.feat/GrayordinatesStats/cope6.feat/zflame1lowertstat1.dtseries.nii","506234","MNINonLinear//Results/tfMRI_SOCIAL/tfMRI_SOCIAL_hp200_s2_level2.feat/GrayordinatesStats/cope6.feat/zflame1lowertstat1.dtseries.nii","NCz5N9EmUx_mqTigOwpch1tckCXs8RJ2"
"s3://hcp-openaccess/HCP_1200/506234/MNINonLinear/Results/tfMRI_SOCIAL/tfMRI_SOCIAL_hp200_s2_level2.feat/GrayordinatesStats/cope6.feat/zflame1uppertstat1.dtseries.nii","506234","MNINonLinear//Results/tfMRI_SOCIAL/tfMRI_SOCIAL_hp200_s2_level2.feat/GrayordinatesStats/cope6.feat/zflame1uppertstat1.dtseries.nii","WDxJ1NbgNMY8QcJBsr0BF0vUIbRZjNGa"
"s3://hcp-openaccess/HCP_1200/506234/MNINonLinear/Results/tfMRI_SOCIAL/tfMRI_SOCIAL_hp200_s2_level2.feat/GrayordinatesStats/cope6.feat/zstat1.dtseries.nii","506234","MNINonLinear//Results/tfMRI_SOCIAL/tfMRI_SOCIAL_hp200_s2_level2.feat/GrayordinatesStats/cope6.feat/zstat1.dtseries.nii","MZjjmk1KPanuNfzcBPjzL_1hpY6mhRHX"
"s3://hcp-openaccess/HCP_1200/506234/MNINonLinear/Results/tfMRI_SOCIAL/tfMRI_SOCIAL_hp200_s2_level2.feat/design.con","506234","MNINonLinear//Results/tfMRI_SOCIAL/tfMRI_SOCIAL_hp200_s2_level2.feat/design.con","84eSVvqnRX9Uwoc8VxMVqnfriPyGVf3_"
"s3://hcp-openaccess/HCP_1200/506234/MNINonLinear/Results/tfMRI_SOCIAL/tfMRI_SOCIAL_hp200_s2_level2.feat/design.fsf","506234","MNINonLinear//Results/tfMRI_SOCIAL/tfMRI_SOCIAL_hp200_s2_level2.feat/design.fsf","FcCsHkppQbSWA8kbxrvMGDVwNlHsppIq"
"s3://hcp-openaccess/HCP_1200/506234/MNINonLinear/Results/tfMRI_SOCIAL/tfMRI_SOCIAL_hp200_s2_level2.feat/design.grp","506234","MNINonLinear//Results/tfMRI_SOCIAL/tfMRI_SOCIAL_hp200_s2_level2.feat/design.grp","IrMXC3FCJYbyzswvFOUl8yvOggx4Jxnq"
"s3://hcp-openaccess/HCP_1200/506234/MNINonLinear/Results/tfMRI_SOCIAL/tfMRI_SOCIAL_hp200_s2_level2.feat/design.mat","506234","MNINonLinear//Results/tfMRI_SOCIAL/tfMRI_SOCIAL_hp200_s2_level2.feat/design.mat","2X9HinRSMcvmLKDTs6X4HecKXk_nDWpR"
"s3://hcp-openaccess/HCP_1200/506234/MNINonLinear/Results/tfMRI_SOCIAL/tfMRI_SOCIAL_hp200_s2_level2.feat/design.png","506234","MNINonLinear//Results/tfMRI_SOCIAL/tfMRI_SOCIAL_hp200_s2_level2.feat/design.png","I..HMFwRUiksaRvXi0H0c9P.ga40jFbf"
"s3://hcp-openaccess/HCP_1200/506234/MNINonLinear/Results/tfMRI_SOCIAL/tfMRI_SOCIAL_hp200_s2_level2.feat/design.ppm","506234","MNINonLinear//Results/tfMRI_SOCIAL/tfMRI_SOCIAL_hp200_s2_level2.feat/design.ppm","FTFGLtt3hQEaoTjusicEAo6gbJCAIiG0"
"s3://hcp-openaccess/HCP_1200/506234/MNINonLinear/Results/tfMRI_SOCIAL/tfMRI_SOCIAL_hp200_s2_level2.feat/design_cov.png","506234","MNINonLinear//Results/tfMRI_SOCIAL/tfMRI_SOCIAL_hp200_s2_level2.feat/design_cov.png","xiYJ63r5HFTsfiZ.6IpJSh0Mz_RlWQmE"
"s3://hcp-openaccess/HCP_1200/506234/MNINonLinear/Results/tfMRI_SOCIAL/tfMRI_SOCIAL_hp200_s2_level2.feat/design_cov.ppm","506234","MNINonLinear//Results/tfMRI_SOCIAL/tfMRI_SOCIAL_hp200_s2_level2.feat/design_cov.ppm","wHurCBISj3_0wL45T23DxGThh6BXhOuC"
"s3://hcp-openaccess/HCP_1200/506234/MNINonLinear/Results/tfMRI_SOCIAL/tfMRI_SOCIAL_hp200_s2_level2_MSMAll.feat/506234_tfMRI_SOCIAL_level2_hp200_s2_MSMAll.dscalar.nii","506234","MNINonLinear//Results/tfMRI_SOCIAL/tfMRI_SOCIAL_hp200_s2_level2_MSMAll.feat/506234_tfMRI_SOCIAL_level2_hp200_s2_MSMAll.dscalar.nii","odC0WkIXWntOkGMEwA2nO.gyaxfU4mIL"
"s3://hcp-openaccess/HCP_1200/506234/MNINonLinear/Results/tfMRI_SOCIAL/tfMRI_SOCIAL_hp200_s2_level2_MSMAll.feat/Contrasts.txt","506234","MNINonLinear//Results/tfMRI_SOCIAL/tfMRI_SOCIAL_hp200_s2_level2_MSMAll.feat/Contrasts.txt","MDaSMG0qEnc8tEF4qi5OKIjmmpiLimI9"
"s3://hcp-openaccess/HCP_1200/506234/MNINonLinear/Results/tfMRI_SOCIAL/tfMRI_SOCIAL_hp200_s2_level2_MSMAll.feat/GrayordinatesStats/cope1.feat/cope1.dtseries.nii","506234","MNINonLinear//Results/tfMRI_SOCIAL/tfMRI_SOCIAL_hp200_s2_level2_MSMAll.feat/GrayordinatesStats/cope1.feat/cope1.dtseries.nii","VhN4lcu4Jp0zWHMX6J43jH5CFEMT1tjV"
"s3://hcp-openaccess/HCP_1200/506234/MNINonLinear/Results/tfMRI_SOCIAL/tfMRI_SOCIAL_hp200_s2_level2_MSMAll.feat/GrayordinatesStats/cope1.feat/logfile","506234","MNINonLinear//Results/tfMRI_SOCIAL/tfMRI_SOCIAL_hp200_s2_level2_MSMAll.feat/GrayordinatesStats/cope1.feat/logfile","xIkb_0J6oUriPvHlpfj_1hxgXtdpnlJF"
"s3://hcp-openaccess/HCP_1200/506234/MNINonLinear/Results/tfMRI_SOCIAL/tfMRI_SOCIAL_hp200_s2_level2_MSMAll.feat/GrayordinatesStats/cope1.feat/mask.dtseries.nii","506234","MNINonLinear//Results/tfMRI_SOCIAL/tfMRI_SOCIAL_hp200_s2_level2_MSMAll.feat/GrayordinatesStats/cope1.feat/mask.dtseries.nii","Tp2D6e2WbrshlG0ZnzyQHNUF4yoUqT3c"
"s3://hcp-openaccess/HCP_1200/506234/MNINonLinear/Results/tfMRI_SOCIAL/tfMRI_SOCIAL_hp200_s2_level2_MSMAll.feat/GrayordinatesStats/cope1.feat/mean_random_effects_var1.dtseries.nii","506234","MNINonLinear//Results/tfMRI_SOCIAL/tfMRI_SOCIAL_hp200_s2_level2_MSMAll.feat/GrayordinatesStats/cope1.feat/mean_random_effects_var1.dtseries.nii","n7l3m58ZkkMF5dvMUf_xRdMM0jgJOLO_"
"s3://hcp-openaccess/HCP_1200/506234/MNINonLinear/Results/tfMRI_SOCIAL/tfMRI_SOCIAL_hp200_s2_level2_MSMAll.feat/GrayordinatesStats/cope1.feat/pe1.dtseries.nii","506234","MNINonLinear//Results/tfMRI_SOCIAL/tfMRI_SOCIAL_hp200_s2_level2_MSMAll.feat/GrayordinatesStats/cope1.feat/pe1.dtseries.nii","BQGCaeHlSrULNXKjeue923pmmlKY.9IZ"
"s3://hcp-openaccess/HCP_1200/506234/MNINonLinear/Results/tfMRI_SOCIAL/tfMRI_SOCIAL_hp200_s2_level2_MSMAll.feat/GrayordinatesStats/cope1.feat/res4d.dtseries.nii","506234","MNINonLinear//Results/tfMRI_SOCIAL/tfMRI_SOCIAL_hp200_s2_level2_MSMAll.feat/GrayordinatesStats/cope1.feat/res4d.dtseries.nii","00FnYbA1eWguSumiMQ0pm9kLPrOCk_4V"
"s3://hcp-openaccess/HCP_1200/506234/MNINonLinear/Results/tfMRI_SOCIAL/tfMRI_SOCIAL_hp200_s2_level2_MSMAll.feat/GrayordinatesStats/cope1.feat/tdof_t1.dtseries.nii","506234","MNINonLinear//Results/tfMRI_SOCIAL/tfMRI_SOCIAL_hp200_s2_level2_MSMAll.feat/GrayordinatesStats/cope1.feat/tdof_t1.dtseries.nii","Z.nuDlRdvHxi1HU0_S5qWC4uEIqF8tcW"
"s3://hcp-openaccess/HCP_1200/506234/MNINonLinear/Results/tfMRI_SOCIAL/tfMRI_SOCIAL_hp200_s2_level2_MSMAll.feat/GrayordinatesStats/cope1.feat/tstat1.dtseries.nii","506234","MNINonLinear//Results/tfMRI_SOCIAL/tfMRI_SOCIAL_hp200_s2_level2_MSMAll.feat/GrayordinatesStats/cope1.feat/tstat1.dtseries.nii","PBQixQdVLZ177FIdOaQdFlh1fYLnOu1S"
"s3://hcp-openaccess/HCP_1200/506234/MNINonLinear/Results/tfMRI_SOCIAL/tfMRI_SOCIAL_hp200_s2_level2_MSMAll.feat/GrayordinatesStats/cope1.feat/varcope1.dtseries.nii","506234","MNINonLinear//Results/tfMRI_SOCIAL/tfMRI_SOCIAL_hp200_s2_level2_MSMAll.feat/GrayordinatesStats/cope1.feat/varcope1.dtseries.nii","jAGbcQ8MFsWXV2y5z48wAwM3pOx2KPOu"
"s3://hcp-openaccess/HCP_1200/506234/MNINonLinear/Results/tfMRI_SOCIAL/tfMRI_SOCIAL_hp200_s2_level2_MSMAll.feat/GrayordinatesStats/cope1.feat/weights1.dtseries.nii","506234","MNINonLinear//Results/tfMRI_SOCIAL/tfMRI_SOCIAL_hp200_s2_level2_MSMAll.feat/GrayordinatesStats/cope1.feat/weights1.dtseries.nii","Jrod32uDkfQmAZzWRRpF349MUSYZmSF9"
"s3://hcp-openaccess/HCP_1200/506234/MNINonLinear/Results/tfMRI_SOCIAL/tfMRI_SOCIAL_hp200_s2_level2_MSMAll.feat/GrayordinatesStats/cope1.feat/zflame1lowertstat1.dtseries.nii","506234","MNINonLinear//Results/tfMRI_SOCIAL/tfMRI_SOCIAL_hp200_s2_level2_MSMAll.feat/GrayordinatesStats/cope1.feat/zflame1lowertstat1.dtseries.nii","aA8MnUMM2KKACwKLpogp6jUUNQI39SpH"
"s3://hcp-openaccess/HCP_1200/506234/MNINonLinear/Results/tfMRI_SOCIAL/tfMRI_SOCIAL_hp200_s2_level2_MSMAll.feat/GrayordinatesStats/cope1.feat/zflame1uppertstat1.dtseries.nii","506234","MNINonLinear//Results/tfMRI_SOCIAL/tfMRI_SOCIAL_hp200_s2_level2_MSMAll.feat/GrayordinatesStats/cope1.feat/zflame1uppertstat1.dtseries.nii","NDGuDEtuMUiMrq9Z2HJxxJJpVblvPStG"
"s3://hcp-openaccess/HCP_1200/506234/MNINonLinear/Results/tfMRI_SOCIAL/tfMRI_SOCIAL_hp200_s2_level2_MSMAll.feat/GrayordinatesStats/cope1.feat/zstat1.dtseries.nii","506234","MNINonLinear//Results/tfMRI_SOCIAL/tfMRI_SOCIAL_hp200_s2_level2_MSMAll.feat/GrayordinatesStats/cope1.feat/zstat1.dtseries.nii","kUoeVex5azNBloSagUJaOWM3pqg2bgpj"
"s3://hcp-openaccess/HCP_1200/506234/MNINonLinear/Results/tfMRI_SOCIAL/tfMRI_SOCIAL_hp200_s2_level2_MSMAll.feat/GrayordinatesStats/cope2.feat/cope1.dtseries.nii","506234","MNINonLinear//Results/tfMRI_SOCIAL/tfMRI_SOCIAL_hp200_s2_level2_MSMAll.feat/GrayordinatesStats/cope2.feat/cope1.dtseries.nii","T0RKwXpjVoivqucToRxSjGcTmLE3jgIk"
"s3://hcp-openaccess/HCP_1200/506234/MNINonLinear/Results/tfMRI_SOCIAL/tfMRI_SOCIAL_hp200_s2_level2_MSMAll.feat/GrayordinatesStats/cope2.feat/logfile","506234","MNINonLinear//Results/tfMRI_SOCIAL/tfMRI_SOCIAL_hp200_s2_level2_MSMAll.feat/GrayordinatesStats/cope2.feat/logfile","OZUKmw6Xfpi47EevD.lNVMR8ZORxWL.F"
"s3://hcp-openaccess/HCP_1200/506234/MNINonLinear/Results/tfMRI_SOCIAL/tfMRI_SOCIAL_hp200_s2_level2_MSMAll.feat/GrayordinatesStats/cope2.feat/mask.dtseries.nii","506234","MNINonLinear//Results/tfMRI_SOCIAL/tfMRI_SOCIAL_hp200_s2_level2_MSMAll.feat/GrayordinatesStats/cope2.feat/mask.dtseries.nii","jG0LEewkJDlXQiQZ4WVUafTv99Jis3ET"
"s3://hcp-openaccess/HCP_1200/506234/MNINonLinear/Results/tfMRI_SOCIAL/tfMRI_SOCIAL_hp200_s2_level2_MSMAll.feat/GrayordinatesStats/cope2.feat/mean_random_effects_var1.dtseries.nii","506234","MNINonLinear//Results/tfMRI_SOCIAL/tfMRI_SOCIAL_hp200_s2_level2_MSMAll.feat/GrayordinatesStats/cope2.feat/mean_random_effects_var1.dtseries.nii","BW4HYW11dbb1byLJN.dpEVwwVpkqKW_i"
"s3://hcp-openaccess/HCP_1200/506234/MNINonLinear/Results/tfMRI_SOCIAL/tfMRI_SOCIAL_hp200_s2_level2_MSMAll.feat/GrayordinatesStats/cope2.feat/pe1.dtseries.nii","506234","MNINonLinear//Results/tfMRI_SOCIAL/tfMRI_SOCIAL_hp200_s2_level2_MSMAll.feat/GrayordinatesStats/cope2.feat/pe1.dtseries.nii","CTib.DV1R6FRm59nn0wExNkb2v_lJHPw"
"s3://hcp-openaccess/HCP_1200/506234/MNINonLinear/Results/tfMRI_SOCIAL/tfMRI_SOCIAL_hp200_s2_level2_MSMAll.feat/GrayordinatesStats/cope2.feat/res4d.dtseries.nii","506234","MNINonLinear//Results/tfMRI_SOCIAL/tfMRI_SOCIAL_hp200_s2_level2_MSMAll.feat/GrayordinatesStats/cope2.feat/res4d.dtseries.nii","YHZMQt8bzN34RBxh1SUfoLSRmNXw_RPX"
"s3://hcp-openaccess/HCP_1200/506234/MNINonLinear/Results/tfMRI_SOCIAL/tfMRI_SOCIAL_hp200_s2_level2_MSMAll.feat/GrayordinatesStats/cope2.feat/tdof_t1.dtseries.nii","506234","MNINonLinear//Results/tfMRI_SOCIAL/tfMRI_SOCIAL_hp200_s2_level2_MSMAll.feat/GrayordinatesStats/cope2.feat/tdof_t1.dtseries.nii","2a8QXecGlRyaQk5Uv2SBaaAQ.WO3E6hE"
"s3://hcp-openaccess/HCP_1200/506234/MNINonLinear/Results/tfMRI_SOCIAL/tfMRI_SOCIAL_hp200_s2_level2_MSMAll.feat/GrayordinatesStats/cope2.feat/tstat1.dtseries.nii","506234","MNINonLinear//Results/tfMRI_SOCIAL/tfMRI_SOCIAL_hp200_s2_level2_MSMAll.feat/GrayordinatesStats/cope2.feat/tstat1.dtseries.nii","FZBxUf1grAF5AL_wGyUCK1ZU6VQ6V7XK"
"s3://hcp-openaccess/HCP_1200/506234/MNINonLinear/Results/tfMRI_SOCIAL/tfMRI_SOCIAL_hp200_s2_level2_MSMAll.feat/GrayordinatesStats/cope2.feat/varcope1.dtseries.nii","506234","MNINonLinear//Results/tfMRI_SOCIAL/tfMRI_SOCIAL_hp200_s2_level2_MSMAll.feat/GrayordinatesStats/cope2.feat/varcope1.dtseries.nii","h0s9ogVbWXveLjpQijhr9t0pLt3NkQu7"
"s3://hcp-openaccess/HCP_1200/506234/MNINonLinear/Results/tfMRI_SOCIAL/tfMRI_SOCIAL_hp200_s2_level2_MSMAll.feat/GrayordinatesStats/cope2.feat/weights1.dtseries.nii","506234","MNINonLinear//Results/tfMRI_SOCIAL/tfMRI_SOCIAL_hp200_s2_level2_MSMAll.feat/GrayordinatesStats/cope2.feat/weights1.dtseries.nii","OHs2zA0FHnsUwYjzh6uBFZJ7cc7o37Eb"
"s3://hcp-openaccess/HCP_1200/506234/MNINonLinear/Results/tfMRI_SOCIAL/tfMRI_SOCIAL_hp200_s2_level2_MSMAll.feat/GrayordinatesStats/cope2.feat/zflame1lowertstat1.dtseries.nii","506234","MNINonLinear//Results/tfMRI_SOCIAL/tfMRI_SOCIAL_hp200_s2_level2_MSMAll.feat/GrayordinatesStats/cope2.feat/zflame1lowertstat1.dtseries.nii","CXPzhwqUx15ANjzwd_6ykfj4RObYdY.l"
"s3://hcp-openaccess/HCP_1200/506234/MNINonLinear/Results/tfMRI_SOCIAL/tfMRI_SOCIAL_hp200_s2_level2_MSMAll.feat/GrayordinatesStats/cope2.feat/zflame1uppertstat1.dtseries.nii","506234","MNINonLinear//Results/tfMRI_SOCIAL/tfMRI_SOCIAL_hp200_s2_level2_MSMAll.feat/GrayordinatesStats/cope2.feat/zflame1uppertstat1.dtseries.nii","2iKy1wD9cauGw6Yy2etmSgSs1Xlz7Ava"
"s3://hcp-openaccess/HCP_1200/506234/MNINonLinear/Results/tfMRI_SOCIAL/tfMRI_SOCIAL_hp200_s2_level2_MSMAll.feat/GrayordinatesStats/cope2.feat/zstat1.dtseries.nii","506234","MNINonLinear//Results/tfMRI_SOCIAL/tfMRI_SOCIAL_hp200_s2_level2_MSMAll.feat/GrayordinatesStats/cope2.feat/zstat1.dtseries.nii","YUmiaOgdbX9WdFqdXaWDOrJamu7GmMh2"
"s3://hcp-openaccess/HCP_1200/506234/MNINonLinear/Results/tfMRI_SOCIAL/tfMRI_SOCIAL_hp200_s2_level2_MSMAll.feat/GrayordinatesStats/cope3.feat/cope1.dtseries.nii","506234","MNINonLinear//Results/tfMRI_SOCIAL/tfMRI_SOCIAL_hp200_s2_level2_MSMAll.feat/GrayordinatesStats/cope3.feat/cope1.dtseries.nii","FJ53PLzBF_QUvrpVxoE5L82aBOkHa3ze"
"s3://hcp-openaccess/HCP_1200/506234/MNINonLinear/Results/tfMRI_SOCIAL/tfMRI_SOCIAL_hp200_s2_level2_MSMAll.feat/GrayordinatesStats/cope3.feat/logfile","506234","MNINonLinear//Results/tfMRI_SOCIAL/tfMRI_SOCIAL_hp200_s2_level2_MSMAll.feat/GrayordinatesStats/cope3.feat/logfile","GDLaEBX0tmX00p1ldifoQxnSV0op4R4D"
"s3://hcp-openaccess/HCP_1200/506234/MNINonLinear/Results/tfMRI_SOCIAL/tfMRI_SOCIAL_hp200_s2_level2_MSMAll.feat/GrayordinatesStats/cope3.feat/mask.dtseries.nii","506234","MNINonLinear//Results/tfMRI_SOCIAL/tfMRI_SOCIAL_hp200_s2_level2_MSMAll.feat/GrayordinatesStats/cope3.feat/mask.dtseries.nii","Bw4Rfr0o4pyn0_kLiygE_LApEDg3mPQO"
"s3://hcp-openaccess/HCP_1200/506234/MNINonLinear/Results/tfMRI_SOCIAL/tfMRI_SOCIAL_hp200_s2_level2_MSMAll.feat/GrayordinatesStats/cope3.feat/mean_random_effects_var1.dtseries.nii","506234","MNINonLinear//Results/tfMRI_SOCIAL/tfMRI_SOCIAL_hp200_s2_level2_MSMAll.feat/GrayordinatesStats/cope3.feat/mean_random_effects_var1.dtseries.nii","IE4udiktvgy7XJSPOqLS3Ky0jwzbHIW_"
"s3://hcp-openaccess/HCP_1200/506234/MNINonLinear/Results/tfMRI_SOCIAL/tfMRI_SOCIAL_hp200_s2_level2_MSMAll.feat/GrayordinatesStats/cope3.feat/pe1.dtseries.nii","506234","MNINonLinear//Results/tfMRI_SOCIAL/tfMRI_SOCIAL_hp200_s2_level2_MSMAll.feat/GrayordinatesStats/cope3.feat/pe1.dtseries.nii","yWvhc4hdZCXkFTMMOVVxBPzXemCz6k5l"
"s3://hcp-openaccess/HCP_1200/506234/MNINonLinear/Results/tfMRI_SOCIAL/tfMRI_SOCIAL_hp200_s2_level2_MSMAll.feat/GrayordinatesStats/cope3.feat/res4d.dtseries.nii","506234","MNINonLinear//Results/tfMRI_SOCIAL/tfMRI_SOCIAL_hp200_s2_level2_MSMAll.feat/GrayordinatesStats/cope3.feat/res4d.dtseries.nii","8fFP_eOgWvoel1.bfvq7jysa7UWTGXdQ"
"s3://hcp-openaccess/HCP_1200/506234/MNINonLinear/Results/tfMRI_SOCIAL/tfMRI_SOCIAL_hp200_s2_level2_MSMAll.feat/GrayordinatesStats/cope3.feat/tdof_t1.dtseries.nii","506234","MNINonLinear//Results/tfMRI_SOCIAL/tfMRI_SOCIAL_hp200_s2_level2_MSMAll.feat/GrayordinatesStats/cope3.feat/tdof_t1.dtseries.nii","FcADvDpZLuKlHAQjz3ouezFvPVSIJ_NB"
"s3://hcp-openaccess/HCP_1200/506234/MNINonLinear/Results/tfMRI_SOCIAL/tfMRI_SOCIAL_hp200_s2_level2_MSMAll.feat/GrayordinatesStats/cope3.feat/tstat1.dtseries.nii","506234","MNINonLinear//Results/tfMRI_SOCIAL/tfMRI_SOCIAL_hp200_s2_level2_MSMAll.feat/GrayordinatesStats/cope3.feat/tstat1.dtseries.nii","P3GSMM6e0cDBndhk8a3lHgvd5WK34TrB"
"s3://hcp-openaccess/HCP_1200/506234/MNINonLinear/Results/tfMRI_SOCIAL/tfMRI_SOCIAL_hp200_s2_level2_MSMAll.feat/GrayordinatesStats/cope3.feat/varcope1.dtseries.nii","506234","MNINonLinear//Results/tfMRI_SOCIAL/tfMRI_SOCIAL_hp200_s2_level2_MSMAll.feat/GrayordinatesStats/cope3.feat/varcope1.dtseries.nii","5ke6rCB1sT.AiYYwKcsZU5s5wRFOkLZz"
"s3://hcp-openaccess/HCP_1200/506234/MNINonLinear/Results/tfMRI_SOCIAL/tfMRI_SOCIAL_hp200_s2_level2_MSMAll.feat/GrayordinatesStats/cope3.feat/weights1.dtseries.nii","506234","MNINonLinear//Results/tfMRI_SOCIAL/tfMRI_SOCIAL_hp200_s2_level2_MSMAll.feat/GrayordinatesStats/cope3.feat/weights1.dtseries.nii","ciFGavsgATy.RXpEvYip7x4FdLYze3qN"
"s3://hcp-openaccess/HCP_1200/506234/MNINonLinear/Results/tfMRI_SOCIAL/tfMRI_SOCIAL_hp200_s2_level2_MSMAll.feat/GrayordinatesStats/cope3.feat/zflame1lowertstat1.dtseries.nii","506234","MNINonLinear//Results/tfMRI_SOCIAL/tfMRI_SOCIAL_hp200_s2_level2_MSMAll.feat/GrayordinatesStats/cope3.feat/zflame1lowertstat1.dtseries.nii","eLB2GJQ0xK6EX4B0xcohZ3G2qC450pZ3"
"s3://hcp-openaccess/HCP_1200/506234/MNINonLinear/Results/tfMRI_SOCIAL/tfMRI_SOCIAL_hp200_s2_level2_MSMAll.feat/GrayordinatesStats/cope3.feat/zflame1uppertstat1.dtseries.nii","506234","MNINonLinear//Results/tfMRI_SOCIAL/tfMRI_SOCIAL_hp200_s2_level2_MSMAll.feat/GrayordinatesStats/cope3.feat/zflame1uppertstat1.dtseries.nii","W_W0dmnMtrqDVh_I7CzJ1ALGqhNM94LK"
"s3://hcp-openaccess/HCP_1200/506234/MNINonLinear/Results/tfMRI_SOCIAL/tfMRI_SOCIAL_hp200_s2_level2_MSMAll.feat/GrayordinatesStats/cope3.feat/zstat1.dtseries.nii","506234","MNINonLinear//Results/tfMRI_SOCIAL/tfMRI_SOCIAL_hp200_s2_level2_MSMAll.feat/GrayordinatesStats/cope3.feat/zstat1.dtseries.nii","OSJhCaZCorL8Oh2ZnnVd9yNBzKkQR7jk"
"s3://hcp-openaccess/HCP_1200/506234/MNINonLinear/Results/tfMRI_SOCIAL/tfMRI_SOCIAL_hp200_s2_level2_MSMAll.feat/GrayordinatesStats/cope4.feat/cope1.dtseries.nii","506234","MNINonLinear//Results/tfMRI_SOCIAL/tfMRI_SOCIAL_hp200_s2_level2_MSMAll.feat/GrayordinatesStats/cope4.feat/cope1.dtseries.nii","xPho8bvLl3JSXX09xzyw25FkioYaS2mx"
"s3://hcp-openaccess/HCP_1200/506234/MNINonLinear/Results/tfMRI_SOCIAL/tfMRI_SOCIAL_hp200_s2_level2_MSMAll.feat/GrayordinatesStats/cope4.feat/logfile","506234","MNINonLinear//Results/tfMRI_SOCIAL/tfMRI_SOCIAL_hp200_s2_level2_MSMAll.feat/GrayordinatesStats/cope4.feat/logfile","wt2WLrObGtkz1_j5HgvAGErA.B_LpNTG"
"s3://hcp-openaccess/HCP_1200/506234/MNINonLinear/Results/tfMRI_SOCIAL/tfMRI_SOCIAL_hp200_s2_level2_MSMAll.feat/GrayordinatesStats/cope4.feat/mask.dtseries.nii","506234","MNINonLinear//Results/tfMRI_SOCIAL/tfMRI_SOCIAL_hp200_s2_level2_MSMAll.feat/GrayordinatesStats/cope4.feat/mask.dtseries.nii","hRTp9KnJcSqSSmk6JaeHt2VmrtYs_UDR"
"s3://hcp-openaccess/HCP_1200/506234/MNINonLinear/Results/tfMRI_SOCIAL/tfMRI_SOCIAL_hp200_s2_level2_MSMAll.feat/GrayordinatesStats/cope4.feat/mean_random_effects_var1.dtseries.nii","506234","MNINonLinear//Results/tfMRI_SOCIAL/tfMRI_SOCIAL_hp200_s2_level2_MSMAll.feat/GrayordinatesStats/cope4.feat/mean_random_effects_var1.dtseries.nii","j_5bc6DXtpx9iLORUMXehFrbAA29XrPz"
"s3://hcp-openaccess/HCP_1200/506234/MNINonLinear/Results/tfMRI_SOCIAL/tfMRI_SOCIAL_hp200_s2_level2_MSMAll.feat/GrayordinatesStats/cope4.feat/pe1.dtseries.nii","506234","MNINonLinear//Results/tfMRI_SOCIAL/tfMRI_SOCIAL_hp200_s2_level2_MSMAll.feat/GrayordinatesStats/cope4.feat/pe1.dtseries.nii","dgNBGzNkmb6a4fum5OgmpZsXj3nxtUhf"
"s3://hcp-openaccess/HCP_1200/506234/MNINonLinear/Results/tfMRI_SOCIAL/tfMRI_SOCIAL_hp200_s2_level2_MSMAll.feat/GrayordinatesStats/cope4.feat/res4d.dtseries.nii","506234","MNINonLinear//Results/tfMRI_SOCIAL/tfMRI_SOCIAL_hp200_s2_level2_MSMAll.feat/GrayordinatesStats/cope4.feat/res4d.dtseries.nii","3ZeaIZpTqUQ.2bNXR2uVhyjP2BwblxAy"
"s3://hcp-openaccess/HCP_1200/506234/MNINonLinear/Results/tfMRI_SOCIAL/tfMRI_SOCIAL_hp200_s2_level2_MSMAll.feat/GrayordinatesStats/cope4.feat/tdof_t1.dtseries.nii","506234","MNINonLinear//Results/tfMRI_SOCIAL/tfMRI_SOCIAL_hp200_s2_level2_MSMAll.feat/GrayordinatesStats/cope4.feat/tdof_t1.dtseries.nii","22MQ.LO6NgtuK9AYP8ECJrLQE6h7OF2D"
"s3://hcp-openaccess/HCP_1200/506234/MNINonLinear/Results/tfMRI_SOCIAL/tfMRI_SOCIAL_hp200_s2_level2_MSMAll.feat/GrayordinatesStats/cope4.feat/tstat1.dtseries.nii","506234","MNINonLinear//Results/tfMRI_SOCIAL/tfMRI_SOCIAL_hp200_s2_level2_MSMAll.feat/GrayordinatesStats/cope4.feat/tstat1.dtseries.nii","FckIACmNqzNUjabFAxPZsqOZGzcOyP7l"
"s3://hcp-openaccess/HCP_1200/506234/MNINonLinear/Results/tfMRI_SOCIAL/tfMRI_SOCIAL_hp200_s2_level2_MSMAll.feat/GrayordinatesStats/cope4.feat/varcope1.dtseries.nii","506234","MNINonLinear//Results/tfMRI_SOCIAL/tfMRI_SOCIAL_hp200_s2_level2_MSMAll.feat/GrayordinatesStats/cope4.feat/varcope1.dtseries.nii","_PnShQrATNAPBwhaWr0k7.L1TKeEFggK"
"s3://hcp-openaccess/HCP_1200/506234/MNINonLinear/Results/tfMRI_SOCIAL/tfMRI_SOCIAL_hp200_s2_level2_MSMAll.feat/GrayordinatesStats/cope4.feat/weights1.dtseries.nii","506234","MNINonLinear//Results/tfMRI_SOCIAL/tfMRI_SOCIAL_hp200_s2_level2_MSMAll.feat/GrayordinatesStats/cope4.feat/weights1.dtseries.nii","ABnrB1D7D8WCq5UNPUd9q.S6_Imcbyte"
"s3://hcp-openaccess/HCP_1200/506234/MNINonLinear/Results/tfMRI_SOCIAL/tfMRI_SOCIAL_hp200_s2_level2_MSMAll.feat/GrayordinatesStats/cope4.feat/zflame1lowertstat1.dtseries.nii","506234","MNINonLinear//Results/tfMRI_SOCIAL/tfMRI_SOCIAL_hp200_s2_level2_MSMAll.feat/GrayordinatesStats/cope4.feat/zflame1lowertstat1.dtseries.nii","Bx8fJrKheJBI.p1gn1WJg_MCmoqwwJ.O"
"s3://hcp-openaccess/HCP_1200/506234/MNINonLinear/Results/tfMRI_SOCIAL/tfMRI_SOCIAL_hp200_s2_level2_MSMAll.feat/GrayordinatesStats/cope4.feat/zflame1uppertstat1.dtseries.nii","506234","MNINonLinear//Results/tfMRI_SOCIAL/tfMRI_SOCIAL_hp200_s2_level2_MSMAll.feat/GrayordinatesStats/cope4.feat/zflame1uppertstat1.dtseries.nii","hwx0WS.FRbUC4jPoX_7C9wNiAavq2udc"
"s3://hcp-openaccess/HCP_1200/506234/MNINonLinear/Results/tfMRI_SOCIAL/tfMRI_SOCIAL_hp200_s2_level2_MSMAll.feat/GrayordinatesStats/cope4.feat/zstat1.dtseries.nii","506234","MNINonLinear//Results/tfMRI_SOCIAL/tfMRI_SOCIAL_hp200_s2_level2_MSMAll.feat/GrayordinatesStats/cope4.feat/zstat1.dtseries.nii","B9qJlBo_7i3t5tiGJy7X31B9CS54d4CO"
"s3://hcp-openaccess/HCP_1200/506234/MNINonLinear/Results/tfMRI_SOCIAL/tfMRI_SOCIAL_hp200_s2_level2_MSMAll.feat/GrayordinatesStats/cope5.feat/cope1.dtseries.nii","506234","MNINonLinear//Results/tfMRI_SOCIAL/tfMRI_SOCIAL_hp200_s2_level2_MSMAll.feat/GrayordinatesStats/cope5.feat/cope1.dtseries.nii","KTEne.EPQN1EG7o2GmJjdALCIokJku7x"
"s3://hcp-openaccess/HCP_1200/506234/MNINonLinear/Results/tfMRI_SOCIAL/tfMRI_SOCIAL_hp200_s2_level2_MSMAll.feat/GrayordinatesStats/cope5.feat/logfile","506234","MNINonLinear//Results/tfMRI_SOCIAL/tfMRI_SOCIAL_hp200_s2_level2_MSMAll.feat/GrayordinatesStats/cope5.feat/logfile","ZeCKiJDgRWmczgbvl8zFRHaRABnUgmAS"
"s3://hcp-openaccess/HCP_1200/506234/MNINonLinear/Results/tfMRI_SOCIAL/tfMRI_SOCIAL_hp200_s2_level2_MSMAll.feat/GrayordinatesStats/cope5.feat/mask.dtseries.nii","506234","MNINonLinear//Results/tfMRI_SOCIAL/tfMRI_SOCIAL_hp200_s2_level2_MSMAll.feat/GrayordinatesStats/cope5.feat/mask.dtseries.nii","opr8muH76_JKo_RR397tucFZCacf5HFy"
"s3://hcp-openaccess/HCP_1200/506234/MNINonLinear/Results/tfMRI_SOCIAL/tfMRI_SOCIAL_hp200_s2_level2_MSMAll.feat/GrayordinatesStats/cope5.feat/mean_random_effects_var1.dtseries.nii","506234","MNINonLinear//Results/tfMRI_SOCIAL/tfMRI_SOCIAL_hp200_s2_level2_MSMAll.feat/GrayordinatesStats/cope5.feat/mean_random_effects_var1.dtseries.nii","BDaH6nsVR0x3olyGS2FW0KLwWCj5wvI0"
"s3://hcp-openaccess/HCP_1200/506234/MNINonLinear/Results/tfMRI_SOCIAL/tfMRI_SOCIAL_hp200_s2_level2_MSMAll.feat/GrayordinatesStats/cope5.feat/pe1.dtseries.nii","506234","MNINonLinear//Results/tfMRI_SOCIAL/tfMRI_SOCIAL_hp200_s2_level2_MSMAll.feat/GrayordinatesStats/cope5.feat/pe1.dtseries.nii","85iMJzJOw.C8xaompajBEU_1q_Ue28Bs"
"s3://hcp-openaccess/HCP_1200/506234/MNINonLinear/Results/tfMRI_SOCIAL/tfMRI_SOCIAL_hp200_s2_level2_MSMAll.feat/GrayordinatesStats/cope5.feat/res4d.dtseries.nii","506234","MNINonLinear//Results/tfMRI_SOCIAL/tfMRI_SOCIAL_hp200_s2_level2_MSMAll.feat/GrayordinatesStats/cope5.feat/res4d.dtseries.nii","GhC62xlDgdgp6lSEOe.M7NKjh2NyNLm_"
"s3://hcp-openaccess/HCP_1200/506234/MNINonLinear/Results/tfMRI_SOCIAL/tfMRI_SOCIAL_hp200_s2_level2_MSMAll.feat/GrayordinatesStats/cope5.feat/tdof_t1.dtseries.nii","506234","MNINonLinear//Results/tfMRI_SOCIAL/tfMRI_SOCIAL_hp200_s2_level2_MSMAll.feat/GrayordinatesStats/cope5.feat/tdof_t1.dtseries.nii","2XDZfXZPhaJICzKaiA5x5XEVPaCYebMF"
"s3://hcp-openaccess/HCP_1200/506234/MNINonLinear/Results/tfMRI_SOCIAL/tfMRI_SOCIAL_hp200_s2_level2_MSMAll.feat/GrayordinatesStats/cope5.feat/tstat1.dtseries.nii","506234","MNINonLinear//Results/tfMRI_SOCIAL/tfMRI_SOCIAL_hp200_s2_level2_MSMAll.feat/GrayordinatesStats/cope5.feat/tstat1.dtseries.nii","2NWxsJ54bm9AhCVtUBhY2qMIxhzyIBY6"
"s3://hcp-openaccess/HCP_1200/506234/MNINonLinear/Results/tfMRI_SOCIAL/tfMRI_SOCIAL_hp200_s2_level2_MSMAll.feat/GrayordinatesStats/cope5.feat/varcope1.dtseries.nii","506234","MNINonLinear//Results/tfMRI_SOCIAL/tfMRI_SOCIAL_hp200_s2_level2_MSMAll.feat/GrayordinatesStats/cope5.feat/varcope1.dtseries.nii","mC9HO6ELYnOCd8WhLzZniW6ZVRUUahAD"
"s3://hcp-openaccess/HCP_1200/506234/MNINonLinear/Results/tfMRI_SOCIAL/tfMRI_SOCIAL_hp200_s2_level2_MSMAll.feat/GrayordinatesStats/cope5.feat/weights1.dtseries.nii","506234","MNINonLinear//Results/tfMRI_SOCIAL/tfMRI_SOCIAL_hp200_s2_level2_MSMAll.feat/GrayordinatesStats/cope5.feat/weights1.dtseries.nii","Z_AcMaMDuhf3idF0zqhZzDyWlWav2fH."
"s3://hcp-openaccess/HCP_1200/506234/MNINonLinear/Results/tfMRI_SOCIAL/tfMRI_SOCIAL_hp200_s2_level2_MSMAll.feat/GrayordinatesStats/cope5.feat/zflame1lowertstat1.dtseries.nii","506234","MNINonLinear//Results/tfMRI_SOCIAL/tfMRI_SOCIAL_hp200_s2_level2_MSMAll.feat/GrayordinatesStats/cope5.feat/zflame1lowertstat1.dtseries.nii","C0SFBlTFGcDXADKTpJFS_4jwKdoC.6Q5"
"s3://hcp-openaccess/HCP_1200/506234/MNINonLinear/Results/tfMRI_SOCIAL/tfMRI_SOCIAL_hp200_s2_level2_MSMAll.feat/GrayordinatesStats/cope5.feat/zflame1uppertstat1.dtseries.nii","506234","MNINonLinear//Results/tfMRI_SOCIAL/tfMRI_SOCIAL_hp200_s2_level2_MSMAll.feat/GrayordinatesStats/cope5.feat/zflame1uppertstat1.dtseries.nii","EKbcojXEv8Jp3V_yzvZSy1yFjZ7GT_p6"
"s3://hcp-openaccess/HCP_1200/506234/MNINonLinear/Results/tfMRI_SOCIAL/tfMRI_SOCIAL_hp200_s2_level2_MSMAll.feat/GrayordinatesStats/cope5.feat/zstat1.dtseries.nii","506234","MNINonLinear//Results/tfMRI_SOCIAL/tfMRI_SOCIAL_hp200_s2_level2_MSMAll.feat/GrayordinatesStats/cope5.feat/zstat1.dtseries.nii","Bk.vF58xuTvk0hlH5mbTwEeHmKl5.04N"
"s3://hcp-openaccess/HCP_1200/506234/MNINonLinear/Results/tfMRI_SOCIAL/tfMRI_SOCIAL_hp200_s2_level2_MSMAll.feat/GrayordinatesStats/cope6.feat/cope1.dtseries.nii","506234","MNINonLinear//Results/tfMRI_SOCIAL/tfMRI_SOCIAL_hp200_s2_level2_MSMAll.feat/GrayordinatesStats/cope6.feat/cope1.dtseries.nii","tY4s6QduOyREfwkphWBLIXG7Fh.elND2"
"s3://hcp-openaccess/HCP_1200/506234/MNINonLinear/Results/tfMRI_SOCIAL/tfMRI_SOCIAL_hp200_s2_level2_MSMAll.feat/GrayordinatesStats/cope6.feat/logfile","506234","MNINonLinear//Results/tfMRI_SOCIAL/tfMRI_SOCIAL_hp200_s2_level2_MSMAll.feat/GrayordinatesStats/cope6.feat/logfile","7rNcvJVJ2ghv.9wsXV4u2NDe0a0ZLYqk"
"s3://hcp-openaccess/HCP_1200/506234/MNINonLinear/Results/tfMRI_SOCIAL/tfMRI_SOCIAL_hp200_s2_level2_MSMAll.feat/GrayordinatesStats/cope6.feat/mask.dtseries.nii","506234","MNINonLinear//Results/tfMRI_SOCIAL/tfMRI_SOCIAL_hp200_s2_level2_MSMAll.feat/GrayordinatesStats/cope6.feat/mask.dtseries.nii","HC4NEgtozJxg4ip6IMMmH2H1axjJ5a27"
"s3://hcp-openaccess/HCP_1200/506234/MNINonLinear/Results/tfMRI_SOCIAL/tfMRI_SOCIAL_hp200_s2_level2_MSMAll.feat/GrayordinatesStats/cope6.feat/mean_random_effects_var1.dtseries.nii","506234","MNINonLinear//Results/tfMRI_SOCIAL/tfMRI_SOCIAL_hp200_s2_level2_MSMAll.feat/GrayordinatesStats/cope6.feat/mean_random_effects_var1.dtseries.nii","h8VppWAo5384C5.FrJ.Jdcwo8VXId8gH"
"s3://hcp-openaccess/HCP_1200/506234/MNINonLinear/Results/tfMRI_SOCIAL/tfMRI_SOCIAL_hp200_s2_level2_MSMAll.feat/GrayordinatesStats/cope6.feat/pe1.dtseries.nii","506234","MNINonLinear//Results/tfMRI_SOCIAL/tfMRI_SOCIAL_hp200_s2_level2_MSMAll.feat/GrayordinatesStats/cope6.feat/pe1.dtseries.nii","jLL8Ub6.7Rl0eKNJy3PJlHvUaWMaOM2L"
"s3://hcp-openaccess/HCP_1200/506234/MNINonLinear/Results/tfMRI_SOCIAL/tfMRI_SOCIAL_hp200_s2_level2_MSMAll.feat/GrayordinatesStats/cope6.feat/res4d.dtseries.nii","506234","MNINonLinear//Results/tfMRI_SOCIAL/tfMRI_SOCIAL_hp200_s2_level2_MSMAll.feat/GrayordinatesStats/cope6.feat/res4d.dtseries.nii","JiPr0XZa0ycxf.77KWGC3m9TDCaqoUun"
"s3://hcp-openaccess/HCP_1200/506234/MNINonLinear/Results/tfMRI_SOCIAL/tfMRI_SOCIAL_hp200_s2_level2_MSMAll.feat/GrayordinatesStats/cope6.feat/tdof_t1.dtseries.nii","506234","MNINonLinear//Results/tfMRI_SOCIAL/tfMRI_SOCIAL_hp200_s2_level2_MSMAll.feat/GrayordinatesStats/cope6.feat/tdof_t1.dtseries.nii","uIMlYFTt8zTJEZBCcZoBjFasuuPK29Vc"
"s3://hcp-openaccess/HCP_1200/506234/MNINonLinear/Results/tfMRI_SOCIAL/tfMRI_SOCIAL_hp200_s2_level2_MSMAll.feat/GrayordinatesStats/cope6.feat/tstat1.dtseries.nii","506234","MNINonLinear//Results/tfMRI_SOCIAL/tfMRI_SOCIAL_hp200_s2_level2_MSMAll.feat/GrayordinatesStats/cope6.feat/tstat1.dtseries.nii","GaVNfrWzgww2RUom23yDglqrhdweX53i"
"s3://hcp-openaccess/HCP_1200/506234/MNINonLinear/Results/tfMRI_SOCIAL/tfMRI_SOCIAL_hp200_s2_level2_MSMAll.feat/GrayordinatesStats/cope6.feat/varcope1.dtseries.nii","506234","MNINonLinear//Results/tfMRI_SOCIAL/tfMRI_SOCIAL_hp200_s2_level2_MSMAll.feat/GrayordinatesStats/cope6.feat/varcope1.dtseries.nii","UucbDpuD3d7Osqc5EUtax8JidXhjLEzL"
"s3://hcp-openaccess/HCP_1200/506234/MNINonLinear/Results/tfMRI_SOCIAL/tfMRI_SOCIAL_hp200_s2_level2_MSMAll.feat/GrayordinatesStats/cope6.feat/weights1.dtseries.nii","506234","MNINonLinear//Results/tfMRI_SOCIAL/tfMRI_SOCIAL_hp200_s2_level2_MSMAll.feat/GrayordinatesStats/cope6.feat/weights1.dtseries.nii","oNmoVCqehNko8jsGAxfV9z21HwZAxB.Y"
"s3://hcp-openaccess/HCP_1200/506234/MNINonLinear/Results/tfMRI_SOCIAL/tfMRI_SOCIAL_hp200_s2_level2_MSMAll.feat/GrayordinatesStats/cope6.feat/zflame1lowertstat1.dtseries.nii","506234","MNINonLinear//Results/tfMRI_SOCIAL/tfMRI_SOCIAL_hp200_s2_level2_MSMAll.feat/GrayordinatesStats/cope6.feat/zflame1lowertstat1.dtseries.nii","mUFerLjU54pdnG.kdu3q9_sAi8NbE2Fx"
"s3://hcp-openaccess/HCP_1200/506234/MNINonLinear/Results/tfMRI_SOCIAL/tfMRI_SOCIAL_hp200_s2_level2_MSMAll.feat/GrayordinatesStats/cope6.feat/zflame1uppertstat1.dtseries.nii","506234","MNINonLinear//Results/tfMRI_SOCIAL/tfMRI_SOCIAL_hp200_s2_level2_MSMAll.feat/GrayordinatesStats/cope6.feat/zflame1uppertstat1.dtseries.nii","BbokB.i1d88hZydNmYGiPhcY3Wq4guPF"
"s3://hcp-openaccess/HCP_1200/506234/MNINonLinear/Results/tfMRI_SOCIAL/tfMRI_SOCIAL_hp200_s2_level2_MSMAll.feat/GrayordinatesStats/cope6.feat/zstat1.dtseries.nii","506234","MNINonLinear//Results/tfMRI_SOCIAL/tfMRI_SOCIAL_hp200_s2_level2_MSMAll.feat/GrayordinatesStats/cope6.feat/zstat1.dtseries.nii","_M2PUVL7za6.9i_gFrQbTktwtN9WC_LV"
"s3://hcp-openaccess/HCP_1200/506234/MNINonLinear/Results/tfMRI_SOCIAL/tfMRI_SOCIAL_hp200_s2_level2_MSMAll.feat/design.con","506234","MNINonLinear//Results/tfMRI_SOCIAL/tfMRI_SOCIAL_hp200_s2_level2_MSMAll.feat/design.con","zWeq.KGzflE2wphDkB8QQwYjl2G49qId"
"s3://hcp-openaccess/HCP_1200/506234/MNINonLinear/Results/tfMRI_SOCIAL/tfMRI_SOCIAL_hp200_s2_level2_MSMAll.feat/design.fsf","506234","MNINonLinear//Results/tfMRI_SOCIAL/tfMRI_SOCIAL_hp200_s2_level2_MSMAll.feat/design.fsf","IEudMWITntL_H78g.5_M9ApNJij4bKws"
"s3://hcp-openaccess/HCP_1200/506234/MNINonLinear/Results/tfMRI_SOCIAL/tfMRI_SOCIAL_hp200_s2_level2_MSMAll.feat/design.grp","506234","MNINonLinear//Results/tfMRI_SOCIAL/tfMRI_SOCIAL_hp200_s2_level2_MSMAll.feat/design.grp","2vxFp4_d8jVfPIysPmLQ623MKBO6OE3B"
"s3://hcp-openaccess/HCP_1200/506234/MNINonLinear/Results/tfMRI_SOCIAL/tfMRI_SOCIAL_hp200_s2_level2_MSMAll.feat/design.mat","506234","MNINonLinear//Results/tfMRI_SOCIAL/tfMRI_SOCIAL_hp200_s2_level2_MSMAll.feat/design.mat","aoqPzzQNCMMDVGusSnFZe_JlEMePEu5m"
"s3://hcp-openaccess/HCP_1200/506234/MNINonLinear/Results/tfMRI_SOCIAL/tfMRI_SOCIAL_hp200_s2_level2_MSMAll.feat/design.png","506234","MNINonLinear//Results/tfMRI_SOCIAL/tfMRI_SOCIAL_hp200_s2_level2_MSMAll.feat/design.png",".w1lxzCYj72rzm95kda.kflwF2ui9xnj"
"s3://hcp-openaccess/HCP_1200/506234/MNINonLinear/Results/tfMRI_SOCIAL/tfMRI_SOCIAL_hp200_s2_level2_MSMAll.feat/design.ppm","506234","MNINonLinear//Results/tfMRI_SOCIAL/tfMRI_SOCIAL_hp200_s2_level2_MSMAll.feat/design.ppm","..HbwoD8WzrF_wgZ5VmkFZdObPdBiWi3"
"s3://hcp-openaccess/HCP_1200/506234/MNINonLinear/Results/tfMRI_SOCIAL/tfMRI_SOCIAL_hp200_s2_level2_MSMAll.feat/design_cov.png","506234","MNINonLinear//Results/tfMRI_SOCIAL/tfMRI_SOCIAL_hp200_s2_level2_MSMAll.feat/design_cov.png","hGQO_f0IG0ExGtIPjMhSW6zq1FkkEbLS"
"s3://hcp-openaccess/HCP_1200/506234/MNINonLinear/Results/tfMRI_SOCIAL/tfMRI_SOCIAL_hp200_s2_level2_MSMAll.feat/design_cov.ppm","506234","MNINonLinear//Results/tfMRI_SOCIAL/tfMRI_SOCIAL_hp200_s2_level2_MSMAll.feat/design_cov.ppm","Lk_oQ_2o8_A6AivSB8.Li3ckfnlUquyt"
"s3://hcp-openaccess/HCP_1200/506234/MNINonLinear/Results/tfMRI_SOCIAL/tfMRI_SOCIAL_hp200_s4_level2.feat/506234_tfMRI_SOCIAL_level2_hp200_s4.dscalar.nii","506234","MNINonLinear//Results/tfMRI_SOCIAL/tfMRI_SOCIAL_hp200_s4_level2.feat/506234_tfMRI_SOCIAL_level2_hp200_s4.dscalar.nii","MGd_PCn1kWb.FZ91D5t4nsSdfl3xH53."
"s3://hcp-openaccess/HCP_1200/506234/MNINonLinear/Results/tfMRI_SOCIAL/tfMRI_SOCIAL_hp200_s4_level2.feat/Contrasts.txt","506234","MNINonLinear//Results/tfMRI_SOCIAL/tfMRI_SOCIAL_hp200_s4_level2.feat/Contrasts.txt","LK7Tir3n2Reu0gRpG8zOs7hO.wFc2TYG"
"s3://hcp-openaccess/HCP_1200/506234/MNINonLinear/Results/tfMRI_SOCIAL/tfMRI_SOCIAL_hp200_s4_level2.feat/GrayordinatesStats/cope1.feat/cope1.dtseries.nii","506234","MNINonLinear//Results/tfMRI_SOCIAL/tfMRI_SOCIAL_hp200_s4_level2.feat/GrayordinatesStats/cope1.feat/cope1.dtseries.nii","CCV_PEm7ia_TH7uWUcc9Q8Epxiq.z9Ed"
"s3://hcp-openaccess/HCP_1200/506234/MNINonLinear/Results/tfMRI_SOCIAL/tfMRI_SOCIAL_hp200_s4_level2.feat/GrayordinatesStats/cope1.feat/logfile","506234","MNINonLinear//Results/tfMRI_SOCIAL/tfMRI_SOCIAL_hp200_s4_level2.feat/GrayordinatesStats/cope1.feat/logfile","NTdN3yn50_ZojES0m6QwsHhp0qOePnbn"
"s3://hcp-openaccess/HCP_1200/506234/MNINonLinear/Results/tfMRI_SOCIAL/tfMRI_SOCIAL_hp200_s4_level2.feat/GrayordinatesStats/cope1.feat/mask.dtseries.nii","506234","MNINonLinear//Results/tfMRI_SOCIAL/tfMRI_SOCIAL_hp200_s4_level2.feat/GrayordinatesStats/cope1.feat/mask.dtseries.nii","sfvCuvFnV4NM5MNIlxLBClOAE99.rjBP"
"s3://hcp-openaccess/HCP_1200/506234/MNINonLinear/Results/tfMRI_SOCIAL/tfMRI_SOCIAL_hp200_s4_level2.feat/GrayordinatesStats/cope1.feat/mean_random_effects_var1.dtseries.nii","506234","MNINonLinear//Results/tfMRI_SOCIAL/tfMRI_SOCIAL_hp200_s4_level2.feat/GrayordinatesStats/cope1.feat/mean_random_effects_var1.dtseries.nii","6CdjZyANU5iIVJwvCkxBAPAznZNFSIXY"
"s3://hcp-openaccess/HCP_1200/506234/MNINonLinear/Results/tfMRI_SOCIAL/tfMRI_SOCIAL_hp200_s4_level2.feat/GrayordinatesStats/cope1.feat/pe1.dtseries.nii","506234","MNINonLinear//Results/tfMRI_SOCIAL/tfMRI_SOCIAL_hp200_s4_level2.feat/GrayordinatesStats/cope1.feat/pe1.dtseries.nii","ZlTIZoTqJisILOtbx7qGdBGTMftgDanm"
"s3://hcp-openaccess/HCP_1200/506234/MNINonLinear/Results/tfMRI_SOCIAL/tfMRI_SOCIAL_hp200_s4_level2.feat/GrayordinatesStats/cope1.feat/res4d.dtseries.nii","506234","MNINonLinear//Results/tfMRI_SOCIAL/tfMRI_SOCIAL_hp200_s4_level2.feat/GrayordinatesStats/cope1.feat/res4d.dtseries.nii","RmmLPk5JA_cWxZ7tqF9FDXEswNxRZZjG"
"s3://hcp-openaccess/HCP_1200/506234/MNINonLinear/Results/tfMRI_SOCIAL/tfMRI_SOCIAL_hp200_s4_level2.feat/GrayordinatesStats/cope1.feat/tdof_t1.dtseries.nii","506234","MNINonLinear//Results/tfMRI_SOCIAL/tfMRI_SOCIAL_hp200_s4_level2.feat/GrayordinatesStats/cope1.feat/tdof_t1.dtseries.nii","wp1Qs1HPwjZ9pzc_Dz449e.x1OjR_uWT"
"s3://hcp-openaccess/HCP_1200/506234/MNINonLinear/Results/tfMRI_SOCIAL/tfMRI_SOCIAL_hp200_s4_level2.feat/GrayordinatesStats/cope1.feat/tstat1.dtseries.nii","506234","MNINonLinear//Results/tfMRI_SOCIAL/tfMRI_SOCIAL_hp200_s4_level2.feat/GrayordinatesStats/cope1.feat/tstat1.dtseries.nii","AhjBAlrfmEN2fhgWoXW0pZMKx6Z9BkBM"
"s3://hcp-openaccess/HCP_1200/506234/MNINonLinear/Results/tfMRI_SOCIAL/tfMRI_SOCIAL_hp200_s4_level2.feat/GrayordinatesStats/cope1.feat/varcope1.dtseries.nii","506234","MNINonLinear//Results/tfMRI_SOCIAL/tfMRI_SOCIAL_hp200_s4_level2.feat/GrayordinatesStats/cope1.feat/varcope1.dtseries.nii","v.lHYInnVmeLBkWw.MV33AHYvodXEP97"
"s3://hcp-openaccess/HCP_1200/506234/MNINonLinear/Results/tfMRI_SOCIAL/tfMRI_SOCIAL_hp200_s4_level2.feat/GrayordinatesStats/cope1.feat/weights1.dtseries.nii","506234","MNINonLinear//Results/tfMRI_SOCIAL/tfMRI_SOCIAL_hp200_s4_level2.feat/GrayordinatesStats/cope1.feat/weights1.dtseries.nii","qjKsPqf6FBAb_6Rm1XEEz2kxm1oNSFRo"
"s3://hcp-openaccess/HCP_1200/506234/MNINonLinear/Results/tfMRI_SOCIAL/tfMRI_SOCIAL_hp200_s4_level2.feat/GrayordinatesStats/cope1.feat/zflame1lowertstat1.dtseries.nii","506234","MNINonLinear//Results/tfMRI_SOCIAL/tfMRI_SOCIAL_hp200_s4_level2.feat/GrayordinatesStats/cope1.feat/zflame1lowertstat1.dtseries.nii","4fuqx1qxkB2J1UoikjhNElWu7go31JvC"
"s3://hcp-openaccess/HCP_1200/506234/MNINonLinear/Results/tfMRI_SOCIAL/tfMRI_SOCIAL_hp200_s4_level2.feat/GrayordinatesStats/cope1.feat/zflame1uppertstat1.dtseries.nii","506234","MNINonLinear//Results/tfMRI_SOCIAL/tfMRI_SOCIAL_hp200_s4_level2.feat/GrayordinatesStats/cope1.feat/zflame1uppertstat1.dtseries.nii","OjfgvbkXHg0lgIsiHtRk7KQd3sxM543j"
"s3://hcp-openaccess/HCP_1200/506234/MNINonLinear/Results/tfMRI_SOCIAL/tfMRI_SOCIAL_hp200_s4_level2.feat/GrayordinatesStats/cope1.feat/zstat1.dtseries.nii","506234","MNINonLinear//Results/tfMRI_SOCIAL/tfMRI_SOCIAL_hp200_s4_level2.feat/GrayordinatesStats/cope1.feat/zstat1.dtseries.nii",".dAxwz40N9JVm0dz.Mp7qpnwg1cNuBkh"
"s3://hcp-openaccess/HCP_1200/506234/MNINonLinear/Results/tfMRI_SOCIAL/tfMRI_SOCIAL_hp200_s4_level2.feat/GrayordinatesStats/cope2.feat/cope1.dtseries.nii","506234","MNINonLinear//Results/tfMRI_SOCIAL/tfMRI_SOCIAL_hp200_s4_level2.feat/GrayordinatesStats/cope2.feat/cope1.dtseries.nii","4amT.u2J_My3BN6pA13E5huHUYN47s7_"
"s3://hcp-openaccess/HCP_1200/506234/MNINonLinear/Results/tfMRI_SOCIAL/tfMRI_SOCIAL_hp200_s4_level2.feat/GrayordinatesStats/cope2.feat/logfile","506234","MNINonLinear//Results/tfMRI_SOCIAL/tfMRI_SOCIAL_hp200_s4_level2.feat/GrayordinatesStats/cope2.feat/logfile","r6xH6.DVqDmLs5SiEyjZWoEUL8SdVaVT"
"s3://hcp-openaccess/HCP_1200/506234/MNINonLinear/Results/tfMRI_SOCIAL/tfMRI_SOCIAL_hp200_s4_level2.feat/GrayordinatesStats/cope2.feat/mask.dtseries.nii","506234","MNINonLinear//Results/tfMRI_SOCIAL/tfMRI_SOCIAL_hp200_s4_level2.feat/GrayordinatesStats/cope2.feat/mask.dtseries.nii","BGK3Ngqt1iBGv6.5BDH.hKQbL011YYdF"
"s3://hcp-openaccess/HCP_1200/506234/MNINonLinear/Results/tfMRI_SOCIAL/tfMRI_SOCIAL_hp200_s4_level2.feat/GrayordinatesStats/cope2.feat/mean_random_effects_var1.dtseries.nii","506234","MNINonLinear//Results/tfMRI_SOCIAL/tfMRI_SOCIAL_hp200_s4_level2.feat/GrayordinatesStats/cope2.feat/mean_random_effects_var1.dtseries.nii","23EMZAvW7JKJbV3TN8HpGVStrjErz07j"
"s3://hcp-openaccess/HCP_1200/506234/MNINonLinear/Results/tfMRI_SOCIAL/tfMRI_SOCIAL_hp200_s4_level2.feat/GrayordinatesStats/cope2.feat/pe1.dtseries.nii","506234","MNINonLinear//Results/tfMRI_SOCIAL/tfMRI_SOCIAL_hp200_s4_level2.feat/GrayordinatesStats/cope2.feat/pe1.dtseries.nii","UtTN2Xp1kKdxkFLyTjIaQMDB706LoMmc"
"s3://hcp-openaccess/HCP_1200/506234/MNINonLinear/Results/tfMRI_SOCIAL/tfMRI_SOCIAL_hp200_s4_level2.feat/GrayordinatesStats/cope2.feat/res4d.dtseries.nii","506234","MNINonLinear//Results/tfMRI_SOCIAL/tfMRI_SOCIAL_hp200_s4_level2.feat/GrayordinatesStats/cope2.feat/res4d.dtseries.nii","3j1mrdQEcyY9Vv.jCWSquMDkB_seI.G9"
"s3://hcp-openaccess/HCP_1200/506234/MNINonLinear/Results/tfMRI_SOCIAL/tfMRI_SOCIAL_hp200_s4_level2.feat/GrayordinatesStats/cope2.feat/tdof_t1.dtseries.nii","506234","MNINonLinear//Results/tfMRI_SOCIAL/tfMRI_SOCIAL_hp200_s4_level2.feat/GrayordinatesStats/cope2.feat/tdof_t1.dtseries.nii","Jll6_C93XVTVlQX1tHZsZLstbkfiw0B9"
"s3://hcp-openaccess/HCP_1200/506234/MNINonLinear/Results/tfMRI_SOCIAL/tfMRI_SOCIAL_hp200_s4_level2.feat/GrayordinatesStats/cope2.feat/tstat1.dtseries.nii","506234","MNINonLinear//Results/tfMRI_SOCIAL/tfMRI_SOCIAL_hp200_s4_level2.feat/GrayordinatesStats/cope2.feat/tstat1.dtseries.nii","uQKHcJVmP1HGweHmBWOvOKZvFziPvluD"
"s3://hcp-openaccess/HCP_1200/506234/MNINonLinear/Results/tfMRI_SOCIAL/tfMRI_SOCIAL_hp200_s4_level2.feat/GrayordinatesStats/cope2.feat/varcope1.dtseries.nii","506234","MNINonLinear//Results/tfMRI_SOCIAL/tfMRI_SOCIAL_hp200_s4_level2.feat/GrayordinatesStats/cope2.feat/varcope1.dtseries.nii","rVo11fJuK9_inzXxZgr9HlG5fRwpi8Oz"
"s3://hcp-openaccess/HCP_1200/506234/MNINonLinear/Results/tfMRI_SOCIAL/tfMRI_SOCIAL_hp200_s4_level2.feat/GrayordinatesStats/cope2.feat/weights1.dtseries.nii","506234","MNINonLinear//Results/tfMRI_SOCIAL/tfMRI_SOCIAL_hp200_s4_level2.feat/GrayordinatesStats/cope2.feat/weights1.dtseries.nii","pbYQbdPNehfjxdJuZLnV20k.193e2ul3"
"s3://hcp-openaccess/HCP_1200/506234/MNINonLinear/Results/tfMRI_SOCIAL/tfMRI_SOCIAL_hp200_s4_level2.feat/GrayordinatesStats/cope2.feat/zflame1lowertstat1.dtseries.nii","506234","MNINonLinear//Results/tfMRI_SOCIAL/tfMRI_SOCIAL_hp200_s4_level2.feat/GrayordinatesStats/cope2.feat/zflame1lowertstat1.dtseries.nii","CrwaRhpJgcYRN1uRVKxUaoafzxXpybc9"
"s3://hcp-openaccess/HCP_1200/506234/MNINonLinear/Results/tfMRI_SOCIAL/tfMRI_SOCIAL_hp200_s4_level2.feat/GrayordinatesStats/cope2.feat/zflame1uppertstat1.dtseries.nii","506234","MNINonLinear//Results/tfMRI_SOCIAL/tfMRI_SOCIAL_hp200_s4_level2.feat/GrayordinatesStats/cope2.feat/zflame1uppertstat1.dtseries.nii","tMcKMz8rUApW1ZS6YIvHIXM_nXUTJFD9"
"s3://hcp-openaccess/HCP_1200/506234/MNINonLinear/Results/tfMRI_SOCIAL/tfMRI_SOCIAL_hp200_s4_level2.feat/GrayordinatesStats/cope2.feat/zstat1.dtseries.nii","506234","MNINonLinear//Results/tfMRI_SOCIAL/tfMRI_SOCIAL_hp200_s4_level2.feat/GrayordinatesStats/cope2.feat/zstat1.dtseries.nii","PY6jb12SPJFYlalavqPNK2WOcvE61jsz"
"s3://hcp-openaccess/HCP_1200/506234/MNINonLinear/Results/tfMRI_SOCIAL/tfMRI_SOCIAL_hp200_s4_level2.feat/GrayordinatesStats/cope3.feat/cope1.dtseries.nii","506234","MNINonLinear//Results/tfMRI_SOCIAL/tfMRI_SOCIAL_hp200_s4_level2.feat/GrayordinatesStats/cope3.feat/cope1.dtseries.nii","s_JLXGnO75HQrqx9mjUXrvn9qqKv1kCK"
"s3://hcp-openaccess/HCP_1200/506234/MNINonLinear/Results/tfMRI_SOCIAL/tfMRI_SOCIAL_hp200_s4_level2.feat/GrayordinatesStats/cope3.feat/logfile","506234","MNINonLinear//Results/tfMRI_SOCIAL/tfMRI_SOCIAL_hp200_s4_level2.feat/GrayordinatesStats/cope3.feat/logfile","V2LEtjCLgPeIv0RqcByxTA8XuaHYAOfL"
"s3://hcp-openaccess/HCP_1200/506234/MNINonLinear/Results/tfMRI_SOCIAL/tfMRI_SOCIAL_hp200_s4_level2.feat/GrayordinatesStats/cope3.feat/mask.dtseries.nii","506234","MNINonLinear//Results/tfMRI_SOCIAL/tfMRI_SOCIAL_hp200_s4_level2.feat/GrayordinatesStats/cope3.feat/mask.dtseries.nii",".7nr3.0ai5b_XaFHoMYRQXxWzZXNOcb_"
"s3://hcp-openaccess/HCP_1200/506234/MNINonLinear/Results/tfMRI_SOCIAL/tfMRI_SOCIAL_hp200_s4_level2.feat/GrayordinatesStats/cope3.feat/mean_random_effects_var1.dtseries.nii","506234","MNINonLinear//Results/tfMRI_SOCIAL/tfMRI_SOCIAL_hp200_s4_level2.feat/GrayordinatesStats/cope3.feat/mean_random_effects_var1.dtseries.nii","EPJXQmSuDcv0_Y6ZIpvddPpBcARPzILK"
"s3://hcp-openaccess/HCP_1200/506234/MNINonLinear/Results/tfMRI_SOCIAL/tfMRI_SOCIAL_hp200_s4_level2.feat/GrayordinatesStats/cope3.feat/pe1.dtseries.nii","506234","MNINonLinear//Results/tfMRI_SOCIAL/tfMRI_SOCIAL_hp200_s4_level2.feat/GrayordinatesStats/cope3.feat/pe1.dtseries.nii","7RKxV5bgs9uoT7avT7wjKcSdl2fR9xoQ"
"s3://hcp-openaccess/HCP_1200/506234/MNINonLinear/Results/tfMRI_SOCIAL/tfMRI_SOCIAL_hp200_s4_level2.feat/GrayordinatesStats/cope3.feat/res4d.dtseries.nii","506234","MNINonLinear//Results/tfMRI_SOCIAL/tfMRI_SOCIAL_hp200_s4_level2.feat/GrayordinatesStats/cope3.feat/res4d.dtseries.nii","0ZmmO0SXSCPvDvT1MiSWmduSicePv238"
"s3://hcp-openaccess/HCP_1200/506234/MNINonLinear/Results/tfMRI_SOCIAL/tfMRI_SOCIAL_hp200_s4_level2.feat/GrayordinatesStats/cope3.feat/tdof_t1.dtseries.nii","506234","MNINonLinear//Results/tfMRI_SOCIAL/tfMRI_SOCIAL_hp200_s4_level2.feat/GrayordinatesStats/cope3.feat/tdof_t1.dtseries.nii","DmHA4NZyICq52NnAoRrE9VWZ790FJKlu"
"s3://hcp-openaccess/HCP_1200/506234/MNINonLinear/Results/tfMRI_SOCIAL/tfMRI_SOCIAL_hp200_s4_level2.feat/GrayordinatesStats/cope3.feat/tstat1.dtseries.nii","506234","MNINonLinear//Results/tfMRI_SOCIAL/tfMRI_SOCIAL_hp200_s4_level2.feat/GrayordinatesStats/cope3.feat/tstat1.dtseries.nii","HAL_XLsAiLGzKW_dOEOPPjUhOASvkRO7"
"s3://hcp-openaccess/HCP_1200/506234/MNINonLinear/Results/tfMRI_SOCIAL/tfMRI_SOCIAL_hp200_s4_level2.feat/GrayordinatesStats/cope3.feat/varcope1.dtseries.nii","506234","MNINonLinear//Results/tfMRI_SOCIAL/tfMRI_SOCIAL_hp200_s4_level2.feat/GrayordinatesStats/cope3.feat/varcope1.dtseries.nii","id4IqVbSqk0bXSNLs3p2SAIe6VI1c9j4"
"s3://hcp-openaccess/HCP_1200/506234/MNINonLinear/Results/tfMRI_SOCIAL/tfMRI_SOCIAL_hp200_s4_level2.feat/GrayordinatesStats/cope3.feat/weights1.dtseries.nii","506234","MNINonLinear//Results/tfMRI_SOCIAL/tfMRI_SOCIAL_hp200_s4_level2.feat/GrayordinatesStats/cope3.feat/weights1.dtseries.nii","1doNcKy0pk5UcbbEo.FdhKVYywCH32Ya"
"s3://hcp-openaccess/HCP_1200/506234/MNINonLinear/Results/tfMRI_SOCIAL/tfMRI_SOCIAL_hp200_s4_level2.feat/GrayordinatesStats/cope3.feat/zflame1lowertstat1.dtseries.nii","506234","MNINonLinear//Results/tfMRI_SOCIAL/tfMRI_SOCIAL_hp200_s4_level2.feat/GrayordinatesStats/cope3.feat/zflame1lowertstat1.dtseries.nii","9mM.3Y9PGss6B_CnOmQTvQmJutQn.Oyk"
"s3://hcp-openaccess/HCP_1200/506234/MNINonLinear/Results/tfMRI_SOCIAL/tfMRI_SOCIAL_hp200_s4_level2.feat/GrayordinatesStats/cope3.feat/zflame1uppertstat1.dtseries.nii","506234","MNINonLinear//Results/tfMRI_SOCIAL/tfMRI_SOCIAL_hp200_s4_level2.feat/GrayordinatesStats/cope3.feat/zflame1uppertstat1.dtseries.nii","O2Hzk9wZ3M2a.6WwklTX9UhHK9uZy8VQ"
"s3://hcp-openaccess/HCP_1200/506234/MNINonLinear/Results/tfMRI_SOCIAL/tfMRI_SOCIAL_hp200_s4_level2.feat/GrayordinatesStats/cope3.feat/zstat1.dtseries.nii","506234","MNINonLinear//Results/tfMRI_SOCIAL/tfMRI_SOCIAL_hp200_s4_level2.feat/GrayordinatesStats/cope3.feat/zstat1.dtseries.nii","y.XwJb4zDTNfMzPPOGI38E213BibcXxi"
"s3://hcp-openaccess/HCP_1200/506234/MNINonLinear/Results/tfMRI_SOCIAL/tfMRI_SOCIAL_hp200_s4_level2.feat/GrayordinatesStats/cope4.feat/cope1.dtseries.nii","506234","MNINonLinear//Results/tfMRI_SOCIAL/tfMRI_SOCIAL_hp200_s4_level2.feat/GrayordinatesStats/cope4.feat/cope1.dtseries.nii","sP0TMJHtmUZ2TXJKuKV8DRXi5SDEfkdz"
"s3://hcp-openaccess/HCP_1200/506234/MNINonLinear/Results/tfMRI_SOCIAL/tfMRI_SOCIAL_hp200_s4_level2.feat/GrayordinatesStats/cope4.feat/logfile","506234","MNINonLinear//Results/tfMRI_SOCIAL/tfMRI_SOCIAL_hp200_s4_level2.feat/GrayordinatesStats/cope4.feat/logfile","3DMtAjVA5n6eMfrYOxXzeoGxzftLwo2U"
"s3://hcp-openaccess/HCP_1200/506234/MNINonLinear/Results/tfMRI_SOCIAL/tfMRI_SOCIAL_hp200_s4_level2.feat/GrayordinatesStats/cope4.feat/mask.dtseries.nii","506234","MNINonLinear//Results/tfMRI_SOCIAL/tfMRI_SOCIAL_hp200_s4_level2.feat/GrayordinatesStats/cope4.feat/mask.dtseries.nii","wMYXvs3FN0lemW1RWZPq.PNrccL3DFao"
"s3://hcp-openaccess/HCP_1200/506234/MNINonLinear/Results/tfMRI_SOCIAL/tfMRI_SOCIAL_hp200_s4_level2.feat/GrayordinatesStats/cope4.feat/mean_random_effects_var1.dtseries.nii","506234","MNINonLinear//Results/tfMRI_SOCIAL/tfMRI_SOCIAL_hp200_s4_level2.feat/GrayordinatesStats/cope4.feat/mean_random_effects_var1.dtseries.nii","FjiGHxa0EpRcusYR6XV80E4f139hXnuK"
"s3://hcp-openaccess/HCP_1200/506234/MNINonLinear/Results/tfMRI_SOCIAL/tfMRI_SOCIAL_hp200_s4_level2.feat/GrayordinatesStats/cope4.feat/pe1.dtseries.nii","506234","MNINonLinear//Results/tfMRI_SOCIAL/tfMRI_SOCIAL_hp200_s4_level2.feat/GrayordinatesStats/cope4.feat/pe1.dtseries.nii","v7mSuZljOE23PvpWQYRmTE_ajsAw8KPJ"
"s3://hcp-openaccess/HCP_1200/506234/MNINonLinear/Results/tfMRI_SOCIAL/tfMRI_SOCIAL_hp200_s4_level2.feat/GrayordinatesStats/cope4.feat/res4d.dtseries.nii","506234","MNINonLinear//Results/tfMRI_SOCIAL/tfMRI_SOCIAL_hp200_s4_level2.feat/GrayordinatesStats/cope4.feat/res4d.dtseries.nii","HngIdZ.P7u6yPbj8ucRgbxoWm2.ghLPs"
"s3://hcp-openaccess/HCP_1200/506234/MNINonLinear/Results/tfMRI_SOCIAL/tfMRI_SOCIAL_hp200_s4_level2.feat/GrayordinatesStats/cope4.feat/tdof_t1.dtseries.nii","506234","MNINonLinear//Results/tfMRI_SOCIAL/tfMRI_SOCIAL_hp200_s4_level2.feat/GrayordinatesStats/cope4.feat/tdof_t1.dtseries.nii","L87IJr2qCjSv5Zw26xPMx.RnDAMeNpQH"
"s3://hcp-openaccess/HCP_1200/506234/MNINonLinear/Results/tfMRI_SOCIAL/tfMRI_SOCIAL_hp200_s4_level2.feat/GrayordinatesStats/cope4.feat/tstat1.dtseries.nii","506234","MNINonLinear//Results/tfMRI_SOCIAL/tfMRI_SOCIAL_hp200_s4_level2.feat/GrayordinatesStats/cope4.feat/tstat1.dtseries.nii","OlHdoLtk8m2otALUggPVuUBgU8Jz77QV"
"s3://hcp-openaccess/HCP_1200/506234/MNINonLinear/Results/tfMRI_SOCIAL/tfMRI_SOCIAL_hp200_s4_level2.feat/GrayordinatesStats/cope4.feat/varcope1.dtseries.nii","506234","MNINonLinear//Results/tfMRI_SOCIAL/tfMRI_SOCIAL_hp200_s4_level2.feat/GrayordinatesStats/cope4.feat/varcope1.dtseries.nii","SJ1L.XiCY.cWyIMnMA2wBpgJdGhGmC4Z"
"s3://hcp-openaccess/HCP_1200/506234/MNINonLinear/Results/tfMRI_SOCIAL/tfMRI_SOCIAL_hp200_s4_level2.feat/GrayordinatesStats/cope4.feat/weights1.dtseries.nii","506234","MNINonLinear//Results/tfMRI_SOCIAL/tfMRI_SOCIAL_hp200_s4_level2.feat/GrayordinatesStats/cope4.feat/weights1.dtseries.nii","zmi82q3WyhFMIlvauvCWGCKUI0NHWu0H"
"s3://hcp-openaccess/HCP_1200/506234/MNINonLinear/Results/tfMRI_SOCIAL/tfMRI_SOCIAL_hp200_s4_level2.feat/GrayordinatesStats/cope4.feat/zflame1lowertstat1.dtseries.nii","506234","MNINonLinear//Results/tfMRI_SOCIAL/tfMRI_SOCIAL_hp200_s4_level2.feat/GrayordinatesStats/cope4.feat/zflame1lowertstat1.dtseries.nii","tYRnSA1lyvS0QMsOznwuV3gKokS72a3p"
"s3://hcp-openaccess/HCP_1200/506234/MNINonLinear/Results/tfMRI_SOCIAL/tfMRI_SOCIAL_hp200_s4_level2.feat/GrayordinatesStats/cope4.feat/zflame1uppertstat1.dtseries.nii","506234","MNINonLinear//Results/tfMRI_SOCIAL/tfMRI_SOCIAL_hp200_s4_level2.feat/GrayordinatesStats/cope4.feat/zflame1uppertstat1.dtseries.nii","J6BiDAD7PU8hi8uNt7W9C1Zp1VJM67AG"
"s3://hcp-openaccess/HCP_1200/506234/MNINonLinear/Results/tfMRI_SOCIAL/tfMRI_SOCIAL_hp200_s4_level2.feat/GrayordinatesStats/cope4.feat/zstat1.dtseries.nii","506234","MNINonLinear//Results/tfMRI_SOCIAL/tfMRI_SOCIAL_hp200_s4_level2.feat/GrayordinatesStats/cope4.feat/zstat1.dtseries.nii","8rlC0qqS92WvC5rfLnM4kv_3MFzTfzYj"
"s3://hcp-openaccess/HCP_1200/506234/MNINonLinear/Results/tfMRI_SOCIAL/tfMRI_SOCIAL_hp200_s4_level2.feat/GrayordinatesStats/cope5.feat/cope1.dtseries.nii","506234","MNINonLinear//Results/tfMRI_SOCIAL/tfMRI_SOCIAL_hp200_s4_level2.feat/GrayordinatesStats/cope5.feat/cope1.dtseries.nii","0WtuBN6amfN42VCg163nYrtxCp3cSi2F"
"s3://hcp-openaccess/HCP_1200/506234/MNINonLinear/Results/tfMRI_SOCIAL/tfMRI_SOCIAL_hp200_s4_level2.feat/GrayordinatesStats/cope5.feat/logfile","506234","MNINonLinear//Results/tfMRI_SOCIAL/tfMRI_SOCIAL_hp200_s4_level2.feat/GrayordinatesStats/cope5.feat/logfile","yEDCSRZW6CMJGUkZWDAtrck8OtfPsWSn"
"s3://hcp-openaccess/HCP_1200/506234/MNINonLinear/Results/tfMRI_SOCIAL/tfMRI_SOCIAL_hp200_s4_level2.feat/GrayordinatesStats/cope5.feat/mask.dtseries.nii","506234","MNINonLinear//Results/tfMRI_SOCIAL/tfMRI_SOCIAL_hp200_s4_level2.feat/GrayordinatesStats/cope5.feat/mask.dtseries.nii","yx0xgEnS7VRxFRaQxjY5YawdDqRa4Bqc"
"s3://hcp-openaccess/HCP_1200/506234/MNINonLinear/Results/tfMRI_SOCIAL/tfMRI_SOCIAL_hp200_s4_level2.feat/GrayordinatesStats/cope5.feat/mean_random_effects_var1.dtseries.nii","506234","MNINonLinear//Results/tfMRI_SOCIAL/tfMRI_SOCIAL_hp200_s4_level2.feat/GrayordinatesStats/cope5.feat/mean_random_effects_var1.dtseries.nii","LnDv2PDBrOZsc7oEu9GZVy8CBeRmLQJD"
"s3://hcp-openaccess/HCP_1200/506234/MNINonLinear/Results/tfMRI_SOCIAL/tfMRI_SOCIAL_hp200_s4_level2.feat/GrayordinatesStats/cope5.feat/pe1.dtseries.nii","506234","MNINonLinear//Results/tfMRI_SOCIAL/tfMRI_SOCIAL_hp200_s4_level2.feat/GrayordinatesStats/cope5.feat/pe1.dtseries.nii","V1q9f487fLKN3PH.S2RUjUyUp7ESPKa5"
"s3://hcp-openaccess/HCP_1200/506234/MNINonLinear/Results/tfMRI_SOCIAL/tfMRI_SOCIAL_hp200_s4_level2.feat/GrayordinatesStats/cope5.feat/res4d.dtseries.nii","506234","MNINonLinear//Results/tfMRI_SOCIAL/tfMRI_SOCIAL_hp200_s4_level2.feat/GrayordinatesStats/cope5.feat/res4d.dtseries.nii","t_ABpEoPt5BsWNRf80YnRJ3k7sxu5AbO"
"s3://hcp-openaccess/HCP_1200/506234/MNINonLinear/Results/tfMRI_SOCIAL/tfMRI_SOCIAL_hp200_s4_level2.feat/GrayordinatesStats/cope5.feat/tdof_t1.dtseries.nii","506234","MNINonLinear//Results/tfMRI_SOCIAL/tfMRI_SOCIAL_hp200_s4_level2.feat/GrayordinatesStats/cope5.feat/tdof_t1.dtseries.nii","AXceXw7ZCNQobDBkxJgtMAuOyLUnctcc"
"s3://hcp-openaccess/HCP_1200/506234/MNINonLinear/Results/tfMRI_SOCIAL/tfMRI_SOCIAL_hp200_s4_level2.feat/GrayordinatesStats/cope5.feat/tstat1.dtseries.nii","506234","MNINonLinear//Results/tfMRI_SOCIAL/tfMRI_SOCIAL_hp200_s4_level2.feat/GrayordinatesStats/cope5.feat/tstat1.dtseries.nii","Vv2sxzFBzKdV.PdabrS9SijuXQOpG6bl"
"s3://hcp-openaccess/HCP_1200/506234/MNINonLinear/Results/tfMRI_SOCIAL/tfMRI_SOCIAL_hp200_s4_level2.feat/GrayordinatesStats/cope5.feat/varcope1.dtseries.nii","506234","MNINonLinear//Results/tfMRI_SOCIAL/tfMRI_SOCIAL_hp200_s4_level2.feat/GrayordinatesStats/cope5.feat/varcope1.dtseries.nii","ROLozL0N4oiySMMlqRcoGdBEWzJOdyFK"
"s3://hcp-openaccess/HCP_1200/506234/MNINonLinear/Results/tfMRI_SOCIAL/tfMRI_SOCIAL_hp200_s4_level2.feat/GrayordinatesStats/cope5.feat/weights1.dtseries.nii","506234","MNINonLinear//Results/tfMRI_SOCIAL/tfMRI_SOCIAL_hp200_s4_level2.feat/GrayordinatesStats/cope5.feat/weights1.dtseries.nii","RpCunUua43ds_nTbZSiwfH4AgxigwEcJ"
"s3://hcp-openaccess/HCP_1200/506234/MNINonLinear/Results/tfMRI_SOCIAL/tfMRI_SOCIAL_hp200_s4_level2.feat/GrayordinatesStats/cope5.feat/zflame1lowertstat1.dtseries.nii","506234","MNINonLinear//Results/tfMRI_SOCIAL/tfMRI_SOCIAL_hp200_s4_level2.feat/GrayordinatesStats/cope5.feat/zflame1lowertstat1.dtseries.nii","XfDIRUutMka2J6iie1iuIf6YXqoUPxHf"
"s3://hcp-openaccess/HCP_1200/506234/MNINonLinear/Results/tfMRI_SOCIAL/tfMRI_SOCIAL_hp200_s4_level2.feat/GrayordinatesStats/cope5.feat/zflame1uppertstat1.dtseries.nii","506234","MNINonLinear//Results/tfMRI_SOCIAL/tfMRI_SOCIAL_hp200_s4_level2.feat/GrayordinatesStats/cope5.feat/zflame1uppertstat1.dtseries.nii","eYLLhbTRxDOcYosyysN83SSkHhtVQ_Yk"
"s3://hcp-openaccess/HCP_1200/506234/MNINonLinear/Results/tfMRI_SOCIAL/tfMRI_SOCIAL_hp200_s4_level2.feat/GrayordinatesStats/cope5.feat/zstat1.dtseries.nii","506234","MNINonLinear//Results/tfMRI_SOCIAL/tfMRI_SOCIAL_hp200_s4_level2.feat/GrayordinatesStats/cope5.feat/zstat1.dtseries.nii","Sa4YF11hVyRfi0_2oUdydqTiIG4FKo_W"
"s3://hcp-openaccess/HCP_1200/506234/MNINonLinear/Results/tfMRI_SOCIAL/tfMRI_SOCIAL_hp200_s4_level2.feat/GrayordinatesStats/cope6.feat/cope1.dtseries.nii","506234","MNINonLinear//Results/tfMRI_SOCIAL/tfMRI_SOCIAL_hp200_s4_level2.feat/GrayordinatesStats/cope6.feat/cope1.dtseries.nii","5ZMF8TL5rtMtuxuPKgTTF1o2O9hOOGv0"
"s3://hcp-openaccess/HCP_1200/506234/MNINonLinear/Results/tfMRI_SOCIAL/tfMRI_SOCIAL_hp200_s4_level2.feat/GrayordinatesStats/cope6.feat/logfile","506234","MNINonLinear//Results/tfMRI_SOCIAL/tfMRI_SOCIAL_hp200_s4_level2.feat/GrayordinatesStats/cope6.feat/logfile","EpaOGwu6JgBBOGsBS.SWlfKWzcjbE9Pw"
"s3://hcp-openaccess/HCP_1200/506234/MNINonLinear/Results/tfMRI_SOCIAL/tfMRI_SOCIAL_hp200_s4_level2.feat/GrayordinatesStats/cope6.feat/mask.dtseries.nii","506234","MNINonLinear//Results/tfMRI_SOCIAL/tfMRI_SOCIAL_hp200_s4_level2.feat/GrayordinatesStats/cope6.feat/mask.dtseries.nii","W5N5zp11rSefVp6ga6mHu5KRSvfPIlmz"
"s3://hcp-openaccess/HCP_1200/506234/MNINonLinear/Results/tfMRI_SOCIAL/tfMRI_SOCIAL_hp200_s4_level2.feat/GrayordinatesStats/cope6.feat/mean_random_effects_var1.dtseries.nii","506234","MNINonLinear//Results/tfMRI_SOCIAL/tfMRI_SOCIAL_hp200_s4_level2.feat/GrayordinatesStats/cope6.feat/mean_random_effects_var1.dtseries.nii","zCPlbdUt_lVCZnIME0mmnOm3EgoQtFR5"
"s3://hcp-openaccess/HCP_1200/506234/MNINonLinear/Results/tfMRI_SOCIAL/tfMRI_SOCIAL_hp200_s4_level2.feat/GrayordinatesStats/cope6.feat/pe1.dtseries.nii","506234","MNINonLinear//Results/tfMRI_SOCIAL/tfMRI_SOCIAL_hp200_s4_level2.feat/GrayordinatesStats/cope6.feat/pe1.dtseries.nii","qHbXZJw2aF3Xqn4DtN1e0jl2oPkG.KED"
"s3://hcp-openaccess/HCP_1200/506234/MNINonLinear/Results/tfMRI_SOCIAL/tfMRI_SOCIAL_hp200_s4_level2.feat/GrayordinatesStats/cope6.feat/res4d.dtseries.nii","506234","MNINonLinear//Results/tfMRI_SOCIAL/tfMRI_SOCIAL_hp200_s4_level2.feat/GrayordinatesStats/cope6.feat/res4d.dtseries.nii","_LphZUQ8KpUs0WApsSQ1cTo17qDXJ2IO"
"s3://hcp-openaccess/HCP_1200/506234/MNINonLinear/Results/tfMRI_SOCIAL/tfMRI_SOCIAL_hp200_s4_level2.feat/GrayordinatesStats/cope6.feat/tdof_t1.dtseries.nii","506234","MNINonLinear//Results/tfMRI_SOCIAL/tfMRI_SOCIAL_hp200_s4_level2.feat/GrayordinatesStats/cope6.feat/tdof_t1.dtseries.nii","rs9CKPWaHhYqNxEBBrHz_egmL4ojvDoN"
"s3://hcp-openaccess/HCP_1200/506234/MNINonLinear/Results/tfMRI_SOCIAL/tfMRI_SOCIAL_hp200_s4_level2.feat/GrayordinatesStats/cope6.feat/tstat1.dtseries.nii","506234","MNINonLinear//Results/tfMRI_SOCIAL/tfMRI_SOCIAL_hp200_s4_level2.feat/GrayordinatesStats/cope6.feat/tstat1.dtseries.nii","xfQe3oDU1w5VwSPOyfe23nmnGzHneD5w"
"s3://hcp-openaccess/HCP_1200/506234/MNINonLinear/Results/tfMRI_SOCIAL/tfMRI_SOCIAL_hp200_s4_level2.feat/GrayordinatesStats/cope6.feat/varcope1.dtseries.nii","506234","MNINonLinear//Results/tfMRI_SOCIAL/tfMRI_SOCIAL_hp200_s4_level2.feat/GrayordinatesStats/cope6.feat/varcope1.dtseries.nii","vXC7646cAPaUKL__5FiPeVX8XXBVi96_"
"s3://hcp-openaccess/HCP_1200/506234/MNINonLinear/Results/tfMRI_SOCIAL/tfMRI_SOCIAL_hp200_s4_level2.feat/GrayordinatesStats/cope6.feat/weights1.dtseries.nii","506234","MNINonLinear//Results/tfMRI_SOCIAL/tfMRI_SOCIAL_hp200_s4_level2.feat/GrayordinatesStats/cope6.feat/weights1.dtseries.nii","mQqtgsNEAITumkelRB1zupQmLdIRhI8y"
"s3://hcp-openaccess/HCP_1200/506234/MNINonLinear/Results/tfMRI_SOCIAL/tfMRI_SOCIAL_hp200_s4_level2.feat/GrayordinatesStats/cope6.feat/zflame1lowertstat1.dtseries.nii","506234","MNINonLinear//Results/tfMRI_SOCIAL/tfMRI_SOCIAL_hp200_s4_level2.feat/GrayordinatesStats/cope6.feat/zflame1lowertstat1.dtseries.nii","e2Fl7dR.POHfCyE1Xqfd3KI1wf4ojonM"
"s3://hcp-openaccess/HCP_1200/506234/MNINonLinear/Results/tfMRI_SOCIAL/tfMRI_SOCIAL_hp200_s4_level2.feat/GrayordinatesStats/cope6.feat/zflame1uppertstat1.dtseries.nii","506234","MNINonLinear//Results/tfMRI_SOCIAL/tfMRI_SOCIAL_hp200_s4_level2.feat/GrayordinatesStats/cope6.feat/zflame1uppertstat1.dtseries.nii","W4x7FMie3INT0EdgGKZ.jtzTb84a4jO."
"s3://hcp-openaccess/HCP_1200/506234/MNINonLinear/Results/tfMRI_SOCIAL/tfMRI_SOCIAL_hp200_s4_level2.feat/GrayordinatesStats/cope6.feat/zstat1.dtseries.nii","506234","MNINonLinear//Results/tfMRI_SOCIAL/tfMRI_SOCIAL_hp200_s4_level2.feat/GrayordinatesStats/cope6.feat/zstat1.dtseries.nii","mpjxr..OJ4X9uYJvYbuCRXf6ebb6dg7P"
"s3://hcp-openaccess/HCP_1200/506234/MNINonLinear/Results/tfMRI_SOCIAL/tfMRI_SOCIAL_hp200_s4_level2.feat/design.con","506234","MNINonLinear//Results/tfMRI_SOCIAL/tfMRI_SOCIAL_hp200_s4_level2.feat/design.con","JZphfesXWgZGHmuemQJLttEsaZQozvLj"
"s3://hcp-openaccess/HCP_1200/506234/MNINonLinear/Results/tfMRI_SOCIAL/tfMRI_SOCIAL_hp200_s4_level2.feat/design.fsf","506234","MNINonLinear//Results/tfMRI_SOCIAL/tfMRI_SOCIAL_hp200_s4_level2.feat/design.fsf","9may4dhFes8XzToB3L.MgUMxwtnDv16D"
"s3://hcp-openaccess/HCP_1200/506234/MNINonLinear/Results/tfMRI_SOCIAL/tfMRI_SOCIAL_hp200_s4_level2.feat/design.grp","506234","MNINonLinear//Results/tfMRI_SOCIAL/tfMRI_SOCIAL_hp200_s4_level2.feat/design.grp","vImvu9iZDq.OQolspSkTMYldfE.Af2a9"
"s3://hcp-openaccess/HCP_1200/506234/MNINonLinear/Results/tfMRI_SOCIAL/tfMRI_SOCIAL_hp200_s4_level2.feat/design.mat","506234","MNINonLinear//Results/tfMRI_SOCIAL/tfMRI_SOCIAL_hp200_s4_level2.feat/design.mat","1aIdkAbXK0IyPE7kDpZ8htt92tozPwJg"
"s3://hcp-openaccess/HCP_1200/506234/MNINonLinear/Results/tfMRI_SOCIAL/tfMRI_SOCIAL_hp200_s4_level2.feat/design.png","506234","MNINonLinear//Results/tfMRI_SOCIAL/tfMRI_SOCIAL_hp200_s4_level2.feat/design.png","Dp.lWnoP7Jdddy83JYaa18RrjFSVuSSn"
"s3://hcp-openaccess/HCP_1200/506234/MNINonLinear/Results/tfMRI_SOCIAL/tfMRI_SOCIAL_hp200_s4_level2.feat/design.ppm","506234","MNINonLinear//Results/tfMRI_SOCIAL/tfMRI_SOCIAL_hp200_s4_level2.feat/design.ppm","WFW3nuQsAn5dyRHovwM9octoNwEoR2jg"
"s3://hcp-openaccess/HCP_1200/506234/MNINonLinear/Results/tfMRI_SOCIAL/tfMRI_SOCIAL_hp200_s4_level2.feat/design_cov.png","506234","MNINonLinear//Results/tfMRI_SOCIAL/tfMRI_SOCIAL_hp200_s4_level2.feat/design_cov.png","iP4XNURVVhDOJen9uFhrSGL75ah2_sSK"
"s3://hcp-openaccess/HCP_1200/506234/MNINonLinear/Results/tfMRI_SOCIAL/tfMRI_SOCIAL_hp200_s4_level2.feat/design_cov.ppm","506234","MNINonLinear//Results/tfMRI_SOCIAL/tfMRI_SOCIAL_hp200_s4_level2.feat/design_cov.ppm","mTwLZ5Ko52tCSVNSObel0rfeZYHep_kL"
"s3://hcp-openaccess/HCP_1200/506234/MNINonLinear/Results/tfMRI_SOCIAL/tfMRI_SOCIAL_hp200_s4_level2.fsf","506234","MNINonLinear//Results/tfMRI_SOCIAL/tfMRI_SOCIAL_hp200_s4_level2.fsf","cFvipoubVecSunuihwJchpZYehMd04Cu"
"s3://hcp-openaccess/HCP_1200/506234/MNINonLinear/Results/tfMRI_SOCIAL/tfMRI_SOCIAL_hp200_s4_level2_MSMAll.feat/506234_tfMRI_SOCIAL_level2_hp200_s4_MSMAll.dscalar.nii","506234","MNINonLinear//Results/tfMRI_SOCIAL/tfMRI_SOCIAL_hp200_s4_level2_MSMAll.feat/506234_tfMRI_SOCIAL_level2_hp200_s4_MSMAll.dscalar.nii","8gMEhYHAHUNI0ZJXO8VeYXJ2j5a.NaBi"
"s3://hcp-openaccess/HCP_1200/506234/MNINonLinear/Results/tfMRI_SOCIAL/tfMRI_SOCIAL_hp200_s4_level2_MSMAll.feat/Contrasts.txt","506234","MNINonLinear//Results/tfMRI_SOCIAL/tfMRI_SOCIAL_hp200_s4_level2_MSMAll.feat/Contrasts.txt","uu_EuNqI7HZRhaIy_5mXVZ4imky5_eeD"
"s3://hcp-openaccess/HCP_1200/506234/MNINonLinear/Results/tfMRI_SOCIAL/tfMRI_SOCIAL_hp200_s4_level2_MSMAll.feat/GrayordinatesStats/cope1.feat/cope1.dtseries.nii","506234","MNINonLinear//Results/tfMRI_SOCIAL/tfMRI_SOCIAL_hp200_s4_level2_MSMAll.feat/GrayordinatesStats/cope1.feat/cope1.dtseries.nii","n6BUBiW0Yn9hKH.NSVT6xrk8v9VDFE9N"
"s3://hcp-openaccess/HCP_1200/506234/MNINonLinear/Results/tfMRI_SOCIAL/tfMRI_SOCIAL_hp200_s4_level2_MSMAll.feat/GrayordinatesStats/cope1.feat/logfile","506234","MNINonLinear//Results/tfMRI_SOCIAL/tfMRI_SOCIAL_hp200_s4_level2_MSMAll.feat/GrayordinatesStats/cope1.feat/logfile","QMzrjUeXhkl.PgDHsnrQylHFyYWTtHzM"
"s3://hcp-openaccess/HCP_1200/506234/MNINonLinear/Results/tfMRI_SOCIAL/tfMRI_SOCIAL_hp200_s4_level2_MSMAll.feat/GrayordinatesStats/cope1.feat/mask.dtseries.nii","506234","MNINonLinear//Results/tfMRI_SOCIAL/tfMRI_SOCIAL_hp200_s4_level2_MSMAll.feat/GrayordinatesStats/cope1.feat/mask.dtseries.nii","73zXvShwK0GnaOH1tFgpQfo5whL3qsHs"
"s3://hcp-openaccess/HCP_1200/506234/MNINonLinear/Results/tfMRI_SOCIAL/tfMRI_SOCIAL_hp200_s4_level2_MSMAll.feat/GrayordinatesStats/cope1.feat/mean_random_effects_var1.dtseries.nii","506234","MNINonLinear//Results/tfMRI_SOCIAL/tfMRI_SOCIAL_hp200_s4_level2_MSMAll.feat/GrayordinatesStats/cope1.feat/mean_random_effects_var1.dtseries.nii","ebeLlyZz2GJ9gklWpv7XgouyoFzwSTDF"
"s3://hcp-openaccess/HCP_1200/506234/MNINonLinear/Results/tfMRI_SOCIAL/tfMRI_SOCIAL_hp200_s4_level2_MSMAll.feat/GrayordinatesStats/cope1.feat/pe1.dtseries.nii","506234","MNINonLinear//Results/tfMRI_SOCIAL/tfMRI_SOCIAL_hp200_s4_level2_MSMAll.feat/GrayordinatesStats/cope1.feat/pe1.dtseries.nii","QDCUHHtWoAx7MUXRa5ZXIMYaPYjyiGek"
"s3://hcp-openaccess/HCP_1200/506234/MNINonLinear/Results/tfMRI_SOCIAL/tfMRI_SOCIAL_hp200_s4_level2_MSMAll.feat/GrayordinatesStats/cope1.feat/res4d.dtseries.nii","506234","MNINonLinear//Results/tfMRI_SOCIAL/tfMRI_SOCIAL_hp200_s4_level2_MSMAll.feat/GrayordinatesStats/cope1.feat/res4d.dtseries.nii","IGwSMlBmk5rwTcKwOrFKPDFZ4SSfASg0"
"s3://hcp-openaccess/HCP_1200/506234/MNINonLinear/Results/tfMRI_SOCIAL/tfMRI_SOCIAL_hp200_s4_level2_MSMAll.feat/GrayordinatesStats/cope1.feat/tdof_t1.dtseries.nii","506234","MNINonLinear//Results/tfMRI_SOCIAL/tfMRI_SOCIAL_hp200_s4_level2_MSMAll.feat/GrayordinatesStats/cope1.feat/tdof_t1.dtseries.nii","r5Z2OdcEWzSRSHiV46CemWg8N3psckgx"
"s3://hcp-openaccess/HCP_1200/506234/MNINonLinear/Results/tfMRI_SOCIAL/tfMRI_SOCIAL_hp200_s4_level2_MSMAll.feat/GrayordinatesStats/cope1.feat/tstat1.dtseries.nii","506234","MNINonLinear//Results/tfMRI_SOCIAL/tfMRI_SOCIAL_hp200_s4_level2_MSMAll.feat/GrayordinatesStats/cope1.feat/tstat1.dtseries.nii","4K.yLlVKPg0gYOhkfvU4A28DYyVUMoBJ"
"s3://hcp-openaccess/HCP_1200/506234/MNINonLinear/Results/tfMRI_SOCIAL/tfMRI_SOCIAL_hp200_s4_level2_MSMAll.feat/GrayordinatesStats/cope1.feat/varcope1.dtseries.nii","506234","MNINonLinear//Results/tfMRI_SOCIAL/tfMRI_SOCIAL_hp200_s4_level2_MSMAll.feat/GrayordinatesStats/cope1.feat/varcope1.dtseries.nii","ROjcYSVpxQ6veqIfNgJuFDEK1fGELj70"
"s3://hcp-openaccess/HCP_1200/506234/MNINonLinear/Results/tfMRI_SOCIAL/tfMRI_SOCIAL_hp200_s4_level2_MSMAll.feat/GrayordinatesStats/cope1.feat/weights1.dtseries.nii","506234","MNINonLinear//Results/tfMRI_SOCIAL/tfMRI_SOCIAL_hp200_s4_level2_MSMAll.feat/GrayordinatesStats/cope1.feat/weights1.dtseries.nii","3v_vD_VFvjt4z9OyQgimIR7X_wXxRtKC"
"s3://hcp-openaccess/HCP_1200/506234/MNINonLinear/Results/tfMRI_SOCIAL/tfMRI_SOCIAL_hp200_s4_level2_MSMAll.feat/GrayordinatesStats/cope1.feat/zflame1lowertstat1.dtseries.nii","506234","MNINonLinear//Results/tfMRI_SOCIAL/tfMRI_SOCIAL_hp200_s4_level2_MSMAll.feat/GrayordinatesStats/cope1.feat/zflame1lowertstat1.dtseries.nii","p69fMeX1FW1ZtUCRCMB.v8JBh8uy26GO"
"s3://hcp-openaccess/HCP_1200/506234/MNINonLinear/Results/tfMRI_SOCIAL/tfMRI_SOCIAL_hp200_s4_level2_MSMAll.feat/GrayordinatesStats/cope1.feat/zflame1uppertstat1.dtseries.nii","506234","MNINonLinear//Results/tfMRI_SOCIAL/tfMRI_SOCIAL_hp200_s4_level2_MSMAll.feat/GrayordinatesStats/cope1.feat/zflame1uppertstat1.dtseries.nii","a3vascxXhDrvbLpqTDKJaRUck3lN.HFD"
"s3://hcp-openaccess/HCP_1200/506234/MNINonLinear/Results/tfMRI_SOCIAL/tfMRI_SOCIAL_hp200_s4_level2_MSMAll.feat/GrayordinatesStats/cope1.feat/zstat1.dtseries.nii","506234","MNINonLinear//Results/tfMRI_SOCIAL/tfMRI_SOCIAL_hp200_s4_level2_MSMAll.feat/GrayordinatesStats/cope1.feat/zstat1.dtseries.nii","Bpj1sfsYD7ygGnwBWrGKaymz8.nYWebH"
"s3://hcp-openaccess/HCP_1200/506234/MNINonLinear/Results/tfMRI_SOCIAL/tfMRI_SOCIAL_hp200_s4_level2_MSMAll.feat/GrayordinatesStats/cope2.feat/cope1.dtseries.nii","506234","MNINonLinear//Results/tfMRI_SOCIAL/tfMRI_SOCIAL_hp200_s4_level2_MSMAll.feat/GrayordinatesStats/cope2.feat/cope1.dtseries.nii","vBbAFUjyk3X85XsOWoUIC4LvtWKEGT_6"
"s3://hcp-openaccess/HCP_1200/506234/MNINonLinear/Results/tfMRI_SOCIAL/tfMRI_SOCIAL_hp200_s4_level2_MSMAll.feat/GrayordinatesStats/cope2.feat/logfile","506234","MNINonLinear//Results/tfMRI_SOCIAL/tfMRI_SOCIAL_hp200_s4_level2_MSMAll.feat/GrayordinatesStats/cope2.feat/logfile","8MM016Bxs4oF8CtjmpdG89XqVFCnHcW2"
"s3://hcp-openaccess/HCP_1200/506234/MNINonLinear/Results/tfMRI_SOCIAL/tfMRI_SOCIAL_hp200_s4_level2_MSMAll.feat/GrayordinatesStats/cope2.feat/mask.dtseries.nii","506234","MNINonLinear//Results/tfMRI_SOCIAL/tfMRI_SOCIAL_hp200_s4_level2_MSMAll.feat/GrayordinatesStats/cope2.feat/mask.dtseries.nii","pkMsPywC43VagJdnPtlvSdpAJDXe9xgq"
"s3://hcp-openaccess/HCP_1200/506234/MNINonLinear/Results/tfMRI_SOCIAL/tfMRI_SOCIAL_hp200_s4_level2_MSMAll.feat/GrayordinatesStats/cope2.feat/mean_random_effects_var1.dtseries.nii","506234","MNINonLinear//Results/tfMRI_SOCIAL/tfMRI_SOCIAL_hp200_s4_level2_MSMAll.feat/GrayordinatesStats/cope2.feat/mean_random_effects_var1.dtseries.nii","o3v7VugHzfYWF1kuepMVX1leaqmvA7Lt"
"s3://hcp-openaccess/HCP_1200/506234/MNINonLinear/Results/tfMRI_SOCIAL/tfMRI_SOCIAL_hp200_s4_level2_MSMAll.feat/GrayordinatesStats/cope2.feat/pe1.dtseries.nii","506234","MNINonLinear//Results/tfMRI_SOCIAL/tfMRI_SOCIAL_hp200_s4_level2_MSMAll.feat/GrayordinatesStats/cope2.feat/pe1.dtseries.nii","LeleiiwDWtMqLiKv31eMrX4a7WzZnWOs"
"s3://hcp-openaccess/HCP_1200/506234/MNINonLinear/Results/tfMRI_SOCIAL/tfMRI_SOCIAL_hp200_s4_level2_MSMAll.feat/GrayordinatesStats/cope2.feat/res4d.dtseries.nii","506234","MNINonLinear//Results/tfMRI_SOCIAL/tfMRI_SOCIAL_hp200_s4_level2_MSMAll.feat/GrayordinatesStats/cope2.feat/res4d.dtseries.nii","KzZd5BQqZc27ql4EGPZ_8WnIthW2BzQF"
"s3://hcp-openaccess/HCP_1200/506234/MNINonLinear/Results/tfMRI_SOCIAL/tfMRI_SOCIAL_hp200_s4_level2_MSMAll.feat/GrayordinatesStats/cope2.feat/tdof_t1.dtseries.nii","506234","MNINonLinear//Results/tfMRI_SOCIAL/tfMRI_SOCIAL_hp200_s4_level2_MSMAll.feat/GrayordinatesStats/cope2.feat/tdof_t1.dtseries.nii","sguM_k.KyQoKyVLZlybNOeCENIP2kyP9"
"s3://hcp-openaccess/HCP_1200/506234/MNINonLinear/Results/tfMRI_SOCIAL/tfMRI_SOCIAL_hp200_s4_level2_MSMAll.feat/GrayordinatesStats/cope2.feat/tstat1.dtseries.nii","506234","MNINonLinear//Results/tfMRI_SOCIAL/tfMRI_SOCIAL_hp200_s4_level2_MSMAll.feat/GrayordinatesStats/cope2.feat/tstat1.dtseries.nii","c6nQ77gJzQkmKROsL5.M8uAx2mD23W0q"
"s3://hcp-openaccess/HCP_1200/506234/MNINonLinear/Results/tfMRI_SOCIAL/tfMRI_SOCIAL_hp200_s4_level2_MSMAll.feat/GrayordinatesStats/cope2.feat/varcope1.dtseries.nii","506234","MNINonLinear//Results/tfMRI_SOCIAL/tfMRI_SOCIAL_hp200_s4_level2_MSMAll.feat/GrayordinatesStats/cope2.feat/varcope1.dtseries.nii","s0kVNcN.HVCsR_m4pgkak3GzUu1r7quJ"
"s3://hcp-openaccess/HCP_1200/506234/MNINonLinear/Results/tfMRI_SOCIAL/tfMRI_SOCIAL_hp200_s4_level2_MSMAll.feat/GrayordinatesStats/cope2.feat/weights1.dtseries.nii","506234","MNINonLinear//Results/tfMRI_SOCIAL/tfMRI_SOCIAL_hp200_s4_level2_MSMAll.feat/GrayordinatesStats/cope2.feat/weights1.dtseries.nii","jD9D.fsh.DqhRwecwuULFn5rLagPeh7m"
"s3://hcp-openaccess/HCP_1200/506234/MNINonLinear/Results/tfMRI_SOCIAL/tfMRI_SOCIAL_hp200_s4_level2_MSMAll.feat/GrayordinatesStats/cope2.feat/zflame1lowertstat1.dtseries.nii","506234","MNINonLinear//Results/tfMRI_SOCIAL/tfMRI_SOCIAL_hp200_s4_level2_MSMAll.feat/GrayordinatesStats/cope2.feat/zflame1lowertstat1.dtseries.nii","spv_JlcQv62ed_ei5mtkL_MsqGaeYHR0"
"s3://hcp-openaccess/HCP_1200/506234/MNINonLinear/Results/tfMRI_SOCIAL/tfMRI_SOCIAL_hp200_s4_level2_MSMAll.feat/GrayordinatesStats/cope2.feat/zflame1uppertstat1.dtseries.nii","506234","MNINonLinear//Results/tfMRI_SOCIAL/tfMRI_SOCIAL_hp200_s4_level2_MSMAll.feat/GrayordinatesStats/cope2.feat/zflame1uppertstat1.dtseries.nii","Dx9S9ycGC5E7dbP4KxzzUrGumBqVzu3V"
"s3://hcp-openaccess/HCP_1200/506234/MNINonLinear/Results/tfMRI_SOCIAL/tfMRI_SOCIAL_hp200_s4_level2_MSMAll.feat/GrayordinatesStats/cope2.feat/zstat1.dtseries.nii","506234","MNINonLinear//Results/tfMRI_SOCIAL/tfMRI_SOCIAL_hp200_s4_level2_MSMAll.feat/GrayordinatesStats/cope2.feat/zstat1.dtseries.nii","hqkAG5FcMVjWL0o8p1VaAtCtTrSGR.y7"
"s3://hcp-openaccess/HCP_1200/506234/MNINonLinear/Results/tfMRI_SOCIAL/tfMRI_SOCIAL_hp200_s4_level2_MSMAll.feat/GrayordinatesStats/cope3.feat/cope1.dtseries.nii","506234","MNINonLinear//Results/tfMRI_SOCIAL/tfMRI_SOCIAL_hp200_s4_level2_MSMAll.feat/GrayordinatesStats/cope3.feat/cope1.dtseries.nii","GqdAlRT1bLJPesTvmbEvQItPQIywBBGz"
"s3://hcp-openaccess/HCP_1200/506234/MNINonLinear/Results/tfMRI_SOCIAL/tfMRI_SOCIAL_hp200_s4_level2_MSMAll.feat/GrayordinatesStats/cope3.feat/logfile","506234","MNINonLinear//Results/tfMRI_SOCIAL/tfMRI_SOCIAL_hp200_s4_level2_MSMAll.feat/GrayordinatesStats/cope3.feat/logfile","O_BqTZMTNmgjAiSUUMK.kFpDWWfPT1NX"
"s3://hcp-openaccess/HCP_1200/506234/MNINonLinear/Results/tfMRI_SOCIAL/tfMRI_SOCIAL_hp200_s4_level2_MSMAll.feat/GrayordinatesStats/cope3.feat/mask.dtseries.nii","506234","MNINonLinear//Results/tfMRI_SOCIAL/tfMRI_SOCIAL_hp200_s4_level2_MSMAll.feat/GrayordinatesStats/cope3.feat/mask.dtseries.nii","teymwEpBM2EgmsmgaGY7HLTqm6Bpk1hS"
"s3://hcp-openaccess/HCP_1200/506234/MNINonLinear/Results/tfMRI_SOCIAL/tfMRI_SOCIAL_hp200_s4_level2_MSMAll.feat/GrayordinatesStats/cope3.feat/mean_random_effects_var1.dtseries.nii","506234","MNINonLinear//Results/tfMRI_SOCIAL/tfMRI_SOCIAL_hp200_s4_level2_MSMAll.feat/GrayordinatesStats/cope3.feat/mean_random_effects_var1.dtseries.nii",".hertX2IhKfV_4DSHWqGdSLOzDapMHDU"
"s3://hcp-openaccess/HCP_1200/506234/MNINonLinear/Results/tfMRI_SOCIAL/tfMRI_SOCIAL_hp200_s4_level2_MSMAll.feat/GrayordinatesStats/cope3.feat/pe1.dtseries.nii","506234","MNINonLinear//Results/tfMRI_SOCIAL/tfMRI_SOCIAL_hp200_s4_level2_MSMAll.feat/GrayordinatesStats/cope3.feat/pe1.dtseries.nii","OhD1SLgiSGiYvtsOM.UoSjwPKPQr4Rr."
"s3://hcp-openaccess/HCP_1200/506234/MNINonLinear/Results/tfMRI_SOCIAL/tfMRI_SOCIAL_hp200_s4_level2_MSMAll.feat/GrayordinatesStats/cope3.feat/res4d.dtseries.nii","506234","MNINonLinear//Results/tfMRI_SOCIAL/tfMRI_SOCIAL_hp200_s4_level2_MSMAll.feat/GrayordinatesStats/cope3.feat/res4d.dtseries.nii","vTxuU..7n7EuZr7pFB0Djg36ARCsoXJR"
"s3://hcp-openaccess/HCP_1200/506234/MNINonLinear/Results/tfMRI_SOCIAL/tfMRI_SOCIAL_hp200_s4_level2_MSMAll.feat/GrayordinatesStats/cope3.feat/tdof_t1.dtseries.nii","506234","MNINonLinear//Results/tfMRI_SOCIAL/tfMRI_SOCIAL_hp200_s4_level2_MSMAll.feat/GrayordinatesStats/cope3.feat/tdof_t1.dtseries.nii","CWqI0.G2sLQkSU61R5hpBBUhOLc9sBJZ"
"s3://hcp-openaccess/HCP_1200/506234/MNINonLinear/Results/tfMRI_SOCIAL/tfMRI_SOCIAL_hp200_s4_level2_MSMAll.feat/GrayordinatesStats/cope3.feat/tstat1.dtseries.nii","506234","MNINonLinear//Results/tfMRI_SOCIAL/tfMRI_SOCIAL_hp200_s4_level2_MSMAll.feat/GrayordinatesStats/cope3.feat/tstat1.dtseries.nii","3x0N3TUAd6OC.FTnzl93sOcDDSpGYV8."
"s3://hcp-openaccess/HCP_1200/506234/MNINonLinear/Results/tfMRI_SOCIAL/tfMRI_SOCIAL_hp200_s4_level2_MSMAll.feat/GrayordinatesStats/cope3.feat/varcope1.dtseries.nii","506234","MNINonLinear//Results/tfMRI_SOCIAL/tfMRI_SOCIAL_hp200_s4_level2_MSMAll.feat/GrayordinatesStats/cope3.feat/varcope1.dtseries.nii","yVD0KsHtWWYcwPxZB78cfoOnFYzvTmjz"
"s3://hcp-openaccess/HCP_1200/506234/MNINonLinear/Results/tfMRI_SOCIAL/tfMRI_SOCIAL_hp200_s4_level2_MSMAll.feat/GrayordinatesStats/cope3.feat/weights1.dtseries.nii","506234","MNINonLinear//Results/tfMRI_SOCIAL/tfMRI_SOCIAL_hp200_s4_level2_MSMAll.feat/GrayordinatesStats/cope3.feat/weights1.dtseries.nii","ThIqfqHAcAMLNgesmWgWR.lTrQKWAd8s"
"s3://hcp-openaccess/HCP_1200/506234/MNINonLinear/Results/tfMRI_SOCIAL/tfMRI_SOCIAL_hp200_s4_level2_MSMAll.feat/GrayordinatesStats/cope3.feat/zflame1lowertstat1.dtseries.nii","506234","MNINonLinear//Results/tfMRI_SOCIAL/tfMRI_SOCIAL_hp200_s4_level2_MSMAll.feat/GrayordinatesStats/cope3.feat/zflame1lowertstat1.dtseries.nii","sOLUtoxvtZr2r2zvx_DMmDYWxCzzbveq"
"s3://hcp-openaccess/HCP_1200/506234/MNINonLinear/Results/tfMRI_SOCIAL/tfMRI_SOCIAL_hp200_s4_level2_MSMAll.feat/GrayordinatesStats/cope3.feat/zflame1uppertstat1.dtseries.nii","506234","MNINonLinear//Results/tfMRI_SOCIAL/tfMRI_SOCIAL_hp200_s4_level2_MSMAll.feat/GrayordinatesStats/cope3.feat/zflame1uppertstat1.dtseries.nii","App39wrYov0oTN8FSxnVkMHZjQXYim8."
"s3://hcp-openaccess/HCP_1200/506234/MNINonLinear/Results/tfMRI_SOCIAL/tfMRI_SOCIAL_hp200_s4_level2_MSMAll.feat/GrayordinatesStats/cope3.feat/zstat1.dtseries.nii","506234","MNINonLinear//Results/tfMRI_SOCIAL/tfMRI_SOCIAL_hp200_s4_level2_MSMAll.feat/GrayordinatesStats/cope3.feat/zstat1.dtseries.nii","mnMIcEPucjFMoF5RokLPQk2TbFvjNkKC"
"s3://hcp-openaccess/HCP_1200/506234/MNINonLinear/Results/tfMRI_SOCIAL/tfMRI_SOCIAL_hp200_s4_level2_MSMAll.feat/GrayordinatesStats/cope4.feat/cope1.dtseries.nii","506234","MNINonLinear//Results/tfMRI_SOCIAL/tfMRI_SOCIAL_hp200_s4_level2_MSMAll.feat/GrayordinatesStats/cope4.feat/cope1.dtseries.nii","3s5oGE0w6Z0zTGy4WJFvdPyjEil_YPPr"
"s3://hcp-openaccess/HCP_1200/506234/MNINonLinear/Results/tfMRI_SOCIAL/tfMRI_SOCIAL_hp200_s4_level2_MSMAll.feat/GrayordinatesStats/cope4.feat/logfile","506234","MNINonLinear//Results/tfMRI_SOCIAL/tfMRI_SOCIAL_hp200_s4_level2_MSMAll.feat/GrayordinatesStats/cope4.feat/logfile","zv4ygF1mEiz2woO0BuW5tGecNlqjE5Z1"
"s3://hcp-openaccess/HCP_1200/506234/MNINonLinear/Results/tfMRI_SOCIAL/tfMRI_SOCIAL_hp200_s4_level2_MSMAll.feat/GrayordinatesStats/cope4.feat/mask.dtseries.nii","506234","MNINonLinear//Results/tfMRI_SOCIAL/tfMRI_SOCIAL_hp200_s4_level2_MSMAll.feat/GrayordinatesStats/cope4.feat/mask.dtseries.nii","Ix7T.GeofDRwuVaO61EOUEIBB33C.VUz"
"s3://hcp-openaccess/HCP_1200/506234/MNINonLinear/Results/tfMRI_SOCIAL/tfMRI_SOCIAL_hp200_s4_level2_MSMAll.feat/GrayordinatesStats/cope4.feat/mean_random_effects_var1.dtseries.nii","506234","MNINonLinear//Results/tfMRI_SOCIAL/tfMRI_SOCIAL_hp200_s4_level2_MSMAll.feat/GrayordinatesStats/cope4.feat/mean_random_effects_var1.dtseries.nii","0dRHDlBn7YXjrVWRDY465_37C.uH53wQ"
"s3://hcp-openaccess/HCP_1200/506234/MNINonLinear/Results/tfMRI_SOCIAL/tfMRI_SOCIAL_hp200_s4_level2_MSMAll.feat/GrayordinatesStats/cope4.feat/pe1.dtseries.nii","506234","MNINonLinear//Results/tfMRI_SOCIAL/tfMRI_SOCIAL_hp200_s4_level2_MSMAll.feat/GrayordinatesStats/cope4.feat/pe1.dtseries.nii","oH6TGTYjyc8b34TCIIOADZSCn0u9egez"
"s3://hcp-openaccess/HCP_1200/506234/MNINonLinear/Results/tfMRI_SOCIAL/tfMRI_SOCIAL_hp200_s4_level2_MSMAll.feat/GrayordinatesStats/cope4.feat/res4d.dtseries.nii","506234","MNINonLinear//Results/tfMRI_SOCIAL/tfMRI_SOCIAL_hp200_s4_level2_MSMAll.feat/GrayordinatesStats/cope4.feat/res4d.dtseries.nii","mtUphdznYGTlTGyt0Tvy07BX9Cek7r_x"
"s3://hcp-openaccess/HCP_1200/506234/MNINonLinear/Results/tfMRI_SOCIAL/tfMRI_SOCIAL_hp200_s4_level2_MSMAll.feat/GrayordinatesStats/cope4.feat/tdof_t1.dtseries.nii","506234","MNINonLinear//Results/tfMRI_SOCIAL/tfMRI_SOCIAL_hp200_s4_level2_MSMAll.feat/GrayordinatesStats/cope4.feat/tdof_t1.dtseries.nii","JL7ju5eFFTHXMtYEOnl7S_crSW7BgS.E"
"s3://hcp-openaccess/HCP_1200/506234/MNINonLinear/Results/tfMRI_SOCIAL/tfMRI_SOCIAL_hp200_s4_level2_MSMAll.feat/GrayordinatesStats/cope4.feat/tstat1.dtseries.nii","506234","MNINonLinear//Results/tfMRI_SOCIAL/tfMRI_SOCIAL_hp200_s4_level2_MSMAll.feat/GrayordinatesStats/cope4.feat/tstat1.dtseries.nii","8aR7ZhxPBYdYLBD18REcml74bAKwyE4Z"
"s3://hcp-openaccess/HCP_1200/506234/MNINonLinear/Results/tfMRI_SOCIAL/tfMRI_SOCIAL_hp200_s4_level2_MSMAll.feat/GrayordinatesStats/cope4.feat/varcope1.dtseries.nii","506234","MNINonLinear//Results/tfMRI_SOCIAL/tfMRI_SOCIAL_hp200_s4_level2_MSMAll.feat/GrayordinatesStats/cope4.feat/varcope1.dtseries.nii","VAYOfx63RmZ_BLNQQaRai9cKxUSGszSl"
"s3://hcp-openaccess/HCP_1200/506234/MNINonLinear/Results/tfMRI_SOCIAL/tfMRI_SOCIAL_hp200_s4_level2_MSMAll.feat/GrayordinatesStats/cope4.feat/weights1.dtseries.nii","506234","MNINonLinear//Results/tfMRI_SOCIAL/tfMRI_SOCIAL_hp200_s4_level2_MSMAll.feat/GrayordinatesStats/cope4.feat/weights1.dtseries.nii","Q6EV_Sl6_L1.yH9bOgfjAJla.ENjpHuI"
"s3://hcp-openaccess/HCP_1200/506234/MNINonLinear/Results/tfMRI_SOCIAL/tfMRI_SOCIAL_hp200_s4_level2_MSMAll.feat/GrayordinatesStats/cope4.feat/zflame1lowertstat1.dtseries.nii","506234","MNINonLinear//Results/tfMRI_SOCIAL/tfMRI_SOCIAL_hp200_s4_level2_MSMAll.feat/GrayordinatesStats/cope4.feat/zflame1lowertstat1.dtseries.nii","tTlNFNU23m.jtlY_LPc7iDoGXewN.8eF"
"s3://hcp-openaccess/HCP_1200/506234/MNINonLinear/Results/tfMRI_SOCIAL/tfMRI_SOCIAL_hp200_s4_level2_MSMAll.feat/GrayordinatesStats/cope4.feat/zflame1uppertstat1.dtseries.nii","506234","MNINonLinear//Results/tfMRI_SOCIAL/tfMRI_SOCIAL_hp200_s4_level2_MSMAll.feat/GrayordinatesStats/cope4.feat/zflame1uppertstat1.dtseries.nii","gqxMgKvP3XYr5m.HS1Q8nc2zm4jBwnbL"
"s3://hcp-openaccess/HCP_1200/506234/MNINonLinear/Results/tfMRI_SOCIAL/tfMRI_SOCIAL_hp200_s4_level2_MSMAll.feat/GrayordinatesStats/cope4.feat/zstat1.dtseries.nii","506234","MNINonLinear//Results/tfMRI_SOCIAL/tfMRI_SOCIAL_hp200_s4_level2_MSMAll.feat/GrayordinatesStats/cope4.feat/zstat1.dtseries.nii","ooTRDc4oXe9hG3RB10pmz5bj8MUmAaFl"
"s3://hcp-openaccess/HCP_1200/506234/MNINonLinear/Results/tfMRI_SOCIAL/tfMRI_SOCIAL_hp200_s4_level2_MSMAll.feat/GrayordinatesStats/cope5.feat/cope1.dtseries.nii","506234","MNINonLinear//Results/tfMRI_SOCIAL/tfMRI_SOCIAL_hp200_s4_level2_MSMAll.feat/GrayordinatesStats/cope5.feat/cope1.dtseries.nii","zl2QZcI3lZnMqaOSZsPqHumwA0qUPZCj"
"s3://hcp-openaccess/HCP_1200/506234/MNINonLinear/Results/tfMRI_SOCIAL/tfMRI_SOCIAL_hp200_s4_level2_MSMAll.feat/GrayordinatesStats/cope5.feat/logfile","506234","MNINonLinear//Results/tfMRI_SOCIAL/tfMRI_SOCIAL_hp200_s4_level2_MSMAll.feat/GrayordinatesStats/cope5.feat/logfile","aYZgc4d3hpUCQreeDy8b.ns8wKZXdYBa"
"s3://hcp-openaccess/HCP_1200/506234/MNINonLinear/Results/tfMRI_SOCIAL/tfMRI_SOCIAL_hp200_s4_level2_MSMAll.feat/GrayordinatesStats/cope5.feat/mask.dtseries.nii","506234","MNINonLinear//Results/tfMRI_SOCIAL/tfMRI_SOCIAL_hp200_s4_level2_MSMAll.feat/GrayordinatesStats/cope5.feat/mask.dtseries.nii","S6kx5EF6ti5oj6d0r9YU_ETqmD05aLos"
"s3://hcp-openaccess/HCP_1200/506234/MNINonLinear/Results/tfMRI_SOCIAL/tfMRI_SOCIAL_hp200_s4_level2_MSMAll.feat/GrayordinatesStats/cope5.feat/mean_random_effects_var1.dtseries.nii","506234","MNINonLinear//Results/tfMRI_SOCIAL/tfMRI_SOCIAL_hp200_s4_level2_MSMAll.feat/GrayordinatesStats/cope5.feat/mean_random_effects_var1.dtseries.nii","MGlWXBf96Vy7URLsN.mnCYTydS6ZNzyy"
"s3://hcp-openaccess/HCP_1200/506234/MNINonLinear/Results/tfMRI_SOCIAL/tfMRI_SOCIAL_hp200_s4_level2_MSMAll.feat/GrayordinatesStats/cope5.feat/pe1.dtseries.nii","506234","MNINonLinear//Results/tfMRI_SOCIAL/tfMRI_SOCIAL_hp200_s4_level2_MSMAll.feat/GrayordinatesStats/cope5.feat/pe1.dtseries.nii",".5L8qyMB1N8IzW5dQ6KVCOsgnt.R1dYp"
"s3://hcp-openaccess/HCP_1200/506234/MNINonLinear/Results/tfMRI_SOCIAL/tfMRI_SOCIAL_hp200_s4_level2_MSMAll.feat/GrayordinatesStats/cope5.feat/res4d.dtseries.nii","506234","MNINonLinear//Results/tfMRI_SOCIAL/tfMRI_SOCIAL_hp200_s4_level2_MSMAll.feat/GrayordinatesStats/cope5.feat/res4d.dtseries.nii","jCxXJPt9cT1VJOG2a5MSbfVA1zOXN5Q4"
"s3://hcp-openaccess/HCP_1200/506234/MNINonLinear/Results/tfMRI_SOCIAL/tfMRI_SOCIAL_hp200_s4_level2_MSMAll.feat/GrayordinatesStats/cope5.feat/tdof_t1.dtseries.nii","506234","MNINonLinear//Results/tfMRI_SOCIAL/tfMRI_SOCIAL_hp200_s4_level2_MSMAll.feat/GrayordinatesStats/cope5.feat/tdof_t1.dtseries.nii","3Rjbz_1NIr5kVRZyXfPa25Gap7XlDbYR"
"s3://hcp-openaccess/HCP_1200/506234/MNINonLinear/Results/tfMRI_SOCIAL/tfMRI_SOCIAL_hp200_s4_level2_MSMAll.feat/GrayordinatesStats/cope5.feat/tstat1.dtseries.nii","506234","MNINonLinear//Results/tfMRI_SOCIAL/tfMRI_SOCIAL_hp200_s4_level2_MSMAll.feat/GrayordinatesStats/cope5.feat/tstat1.dtseries.nii","sCOTevqB6Te7mwDHgCQAartMjYsGO66."
"s3://hcp-openaccess/HCP_1200/506234/MNINonLinear/Results/tfMRI_SOCIAL/tfMRI_SOCIAL_hp200_s4_level2_MSMAll.feat/GrayordinatesStats/cope5.feat/varcope1.dtseries.nii","506234","MNINonLinear//Results/tfMRI_SOCIAL/tfMRI_SOCIAL_hp200_s4_level2_MSMAll.feat/GrayordinatesStats/cope5.feat/varcope1.dtseries.nii","t8USWutdhhvr2urnQZ9axIdQhpz1V9BI"
"s3://hcp-openaccess/HCP_1200/506234/MNINonLinear/Results/tfMRI_SOCIAL/tfMRI_SOCIAL_hp200_s4_level2_MSMAll.feat/GrayordinatesStats/cope5.feat/weights1.dtseries.nii","506234","MNINonLinear//Results/tfMRI_SOCIAL/tfMRI_SOCIAL_hp200_s4_level2_MSMAll.feat/GrayordinatesStats/cope5.feat/weights1.dtseries.nii","FuIGKP8FaWPXlE4tLc7X1KqNrpQBosxM"
"s3://hcp-openaccess/HCP_1200/506234/MNINonLinear/Results/tfMRI_SOCIAL/tfMRI_SOCIAL_hp200_s4_level2_MSMAll.feat/GrayordinatesStats/cope5.feat/zflame1lowertstat1.dtseries.nii","506234","MNINonLinear//Results/tfMRI_SOCIAL/tfMRI_SOCIAL_hp200_s4_level2_MSMAll.feat/GrayordinatesStats/cope5.feat/zflame1lowertstat1.dtseries.nii","6ogAmkGzQXOFmq8lVlUR036c6RWIQ7P8"
"s3://hcp-openaccess/HCP_1200/506234/MNINonLinear/Results/tfMRI_SOCIAL/tfMRI_SOCIAL_hp200_s4_level2_MSMAll.feat/GrayordinatesStats/cope5.feat/zflame1uppertstat1.dtseries.nii","506234","MNINonLinear//Results/tfMRI_SOCIAL/tfMRI_SOCIAL_hp200_s4_level2_MSMAll.feat/GrayordinatesStats/cope5.feat/zflame1uppertstat1.dtseries.nii","LExWVree5T6ieJDzR.M4sAgNNJfkxDeu"
"s3://hcp-openaccess/HCP_1200/506234/MNINonLinear/Results/tfMRI_SOCIAL/tfMRI_SOCIAL_hp200_s4_level2_MSMAll.feat/GrayordinatesStats/cope5.feat/zstat1.dtseries.nii","506234","MNINonLinear//Results/tfMRI_SOCIAL/tfMRI_SOCIAL_hp200_s4_level2_MSMAll.feat/GrayordinatesStats/cope5.feat/zstat1.dtseries.nii","OnOHbf532MBAnBN.M9lKx4yGs.MaHjVu"
"s3://hcp-openaccess/HCP_1200/506234/MNINonLinear/Results/tfMRI_SOCIAL/tfMRI_SOCIAL_hp200_s4_level2_MSMAll.feat/GrayordinatesStats/cope6.feat/cope1.dtseries.nii","506234","MNINonLinear//Results/tfMRI_SOCIAL/tfMRI_SOCIAL_hp200_s4_level2_MSMAll.feat/GrayordinatesStats/cope6.feat/cope1.dtseries.nii","d62VRQb.iLd54jiw_kIJj7eu5EiP0kL1"
"s3://hcp-openaccess/HCP_1200/506234/MNINonLinear/Results/tfMRI_SOCIAL/tfMRI_SOCIAL_hp200_s4_level2_MSMAll.feat/GrayordinatesStats/cope6.feat/logfile","506234","MNINonLinear//Results/tfMRI_SOCIAL/tfMRI_SOCIAL_hp200_s4_level2_MSMAll.feat/GrayordinatesStats/cope6.feat/logfile","5WBISkdhk.zkwyT2InX4rXMBnrVxe68j"
"s3://hcp-openaccess/HCP_1200/506234/MNINonLinear/Results/tfMRI_SOCIAL/tfMRI_SOCIAL_hp200_s4_level2_MSMAll.feat/GrayordinatesStats/cope6.feat/mask.dtseries.nii","506234","MNINonLinear//Results/tfMRI_SOCIAL/tfMRI_SOCIAL_hp200_s4_level2_MSMAll.feat/GrayordinatesStats/cope6.feat/mask.dtseries.nii","BgQnRs1nGeX0dVZm_dp6b656R41bC0_G"
"s3://hcp-openaccess/HCP_1200/506234/MNINonLinear/Results/tfMRI_SOCIAL/tfMRI_SOCIAL_hp200_s4_level2_MSMAll.feat/GrayordinatesStats/cope6.feat/mean_random_effects_var1.dtseries.nii","506234","MNINonLinear//Results/tfMRI_SOCIAL/tfMRI_SOCIAL_hp200_s4_level2_MSMAll.feat/GrayordinatesStats/cope6.feat/mean_random_effects_var1.dtseries.nii","fUdWxVpONRsA0K2HTdzVjdVLP08P4DzD"
"s3://hcp-openaccess/HCP_1200/506234/MNINonLinear/Results/tfMRI_SOCIAL/tfMRI_SOCIAL_hp200_s4_level2_MSMAll.feat/GrayordinatesStats/cope6.feat/pe1.dtseries.nii","506234","MNINonLinear//Results/tfMRI_SOCIAL/tfMRI_SOCIAL_hp200_s4_level2_MSMAll.feat/GrayordinatesStats/cope6.feat/pe1.dtseries.nii","KsHe01AjfCkKKvOsEI022NHd_tCyaag3"
"s3://hcp-openaccess/HCP_1200/506234/MNINonLinear/Results/tfMRI_SOCIAL/tfMRI_SOCIAL_hp200_s4_level2_MSMAll.feat/GrayordinatesStats/cope6.feat/res4d.dtseries.nii","506234","MNINonLinear//Results/tfMRI_SOCIAL/tfMRI_SOCIAL_hp200_s4_level2_MSMAll.feat/GrayordinatesStats/cope6.feat/res4d.dtseries.nii","HuCMLsGh0FvxKfZ5XHxJeW6aUr_9ZlHo"
"s3://hcp-openaccess/HCP_1200/506234/MNINonLinear/Results/tfMRI_SOCIAL/tfMRI_SOCIAL_hp200_s4_level2_MSMAll.feat/GrayordinatesStats/cope6.feat/tdof_t1.dtseries.nii","506234","MNINonLinear//Results/tfMRI_SOCIAL/tfMRI_SOCIAL_hp200_s4_level2_MSMAll.feat/GrayordinatesStats/cope6.feat/tdof_t1.dtseries.nii","IW_Pw7gjoxOOhigTPbV.1WLyqWYo0G03"
"s3://hcp-openaccess/HCP_1200/506234/MNINonLinear/Results/tfMRI_SOCIAL/tfMRI_SOCIAL_hp200_s4_level2_MSMAll.feat/GrayordinatesStats/cope6.feat/tstat1.dtseries.nii","506234","MNINonLinear//Results/tfMRI_SOCIAL/tfMRI_SOCIAL_hp200_s4_level2_MSMAll.feat/GrayordinatesStats/cope6.feat/tstat1.dtseries.nii","oomyLh5Kr2Ojs8q0k3COj.HQ8eWlahpe"
"s3://hcp-openaccess/HCP_1200/506234/MNINonLinear/Results/tfMRI_SOCIAL/tfMRI_SOCIAL_hp200_s4_level2_MSMAll.feat/GrayordinatesStats/cope6.feat/varcope1.dtseries.nii","506234","MNINonLinear//Results/tfMRI_SOCIAL/tfMRI_SOCIAL_hp200_s4_level2_MSMAll.feat/GrayordinatesStats/cope6.feat/varcope1.dtseries.nii","ood4x3_q1QCCnVLp3TRgdGt9e4mTiAxo"
"s3://hcp-openaccess/HCP_1200/506234/MNINonLinear/Results/tfMRI_SOCIAL/tfMRI_SOCIAL_hp200_s4_level2_MSMAll.feat/GrayordinatesStats/cope6.feat/weights1.dtseries.nii","506234","MNINonLinear//Results/tfMRI_SOCIAL/tfMRI_SOCIAL_hp200_s4_level2_MSMAll.feat/GrayordinatesStats/cope6.feat/weights1.dtseries.nii","FDZlRw1p5v65EOklDeswDeDhAL2ZOIJa"
"s3://hcp-openaccess/HCP_1200/506234/MNINonLinear/Results/tfMRI_SOCIAL/tfMRI_SOCIAL_hp200_s4_level2_MSMAll.feat/GrayordinatesStats/cope6.feat/zflame1lowertstat1.dtseries.nii","506234","MNINonLinear//Results/tfMRI_SOCIAL/tfMRI_SOCIAL_hp200_s4_level2_MSMAll.feat/GrayordinatesStats/cope6.feat/zflame1lowertstat1.dtseries.nii","jp.8t3P7udMyFKojl_MYlBvuOYnXoKKk"
"s3://hcp-openaccess/HCP_1200/506234/MNINonLinear/Results/tfMRI_SOCIAL/tfMRI_SOCIAL_hp200_s4_level2_MSMAll.feat/GrayordinatesStats/cope6.feat/zflame1uppertstat1.dtseries.nii","506234","MNINonLinear//Results/tfMRI_SOCIAL/tfMRI_SOCIAL_hp200_s4_level2_MSMAll.feat/GrayordinatesStats/cope6.feat/zflame1uppertstat1.dtseries.nii","CAAG_5ZOwhZPE8BjLibtzcj6gNBcH9rn"
"s3://hcp-openaccess/HCP_1200/506234/MNINonLinear/Results/tfMRI_SOCIAL/tfMRI_SOCIAL_hp200_s4_level2_MSMAll.feat/GrayordinatesStats/cope6.feat/zstat1.dtseries.nii","506234","MNINonLinear//Results/tfMRI_SOCIAL/tfMRI_SOCIAL_hp200_s4_level2_MSMAll.feat/GrayordinatesStats/cope6.feat/zstat1.dtseries.nii","5oVY68lNg5lREmcj32NPYinM6drOXcQr"
"s3://hcp-openaccess/HCP_1200/506234/MNINonLinear/Results/tfMRI_SOCIAL/tfMRI_SOCIAL_hp200_s4_level2_MSMAll.feat/design.con","506234","MNINonLinear//Results/tfMRI_SOCIAL/tfMRI_SOCIAL_hp200_s4_level2_MSMAll.feat/design.con","A8VfEhKgDXvVrFfvJHWrKLzuxPNgMzEM"
"s3://hcp-openaccess/HCP_1200/506234/MNINonLinear/Results/tfMRI_SOCIAL/tfMRI_SOCIAL_hp200_s4_level2_MSMAll.feat/design.fsf","506234","MNINonLinear//Results/tfMRI_SOCIAL/tfMRI_SOCIAL_hp200_s4_level2_MSMAll.feat/design.fsf","MjlxI70Eju8C59KXkgsNfgN.OIVlPo8B"
"s3://hcp-openaccess/HCP_1200/506234/MNINonLinear/Results/tfMRI_SOCIAL/tfMRI_SOCIAL_hp200_s4_level2_MSMAll.feat/design.grp","506234","MNINonLinear//Results/tfMRI_SOCIAL/tfMRI_SOCIAL_hp200_s4_level2_MSMAll.feat/design.grp","2kXMpzHyFr3CWr0H2FOLuzxJZ688TYsv"
"s3://hcp-openaccess/HCP_1200/506234/MNINonLinear/Results/tfMRI_SOCIAL/tfMRI_SOCIAL_hp200_s4_level2_MSMAll.feat/design.mat","506234","MNINonLinear//Results/tfMRI_SOCIAL/tfMRI_SOCIAL_hp200_s4_level2_MSMAll.feat/design.mat","eDqQHrjLdoSaYr7ICkFUOCgdbsUQJERz"
"s3://hcp-openaccess/HCP_1200/506234/MNINonLinear/Results/tfMRI_SOCIAL/tfMRI_SOCIAL_hp200_s4_level2_MSMAll.feat/design.png","506234","MNINonLinear//Results/tfMRI_SOCIAL/tfMRI_SOCIAL_hp200_s4_level2_MSMAll.feat/design.png","nHUGwdYhffHvMzk7L7BUancpjVzjdjME"
"s3://hcp-openaccess/HCP_1200/506234/MNINonLinear/Results/tfMRI_SOCIAL/tfMRI_SOCIAL_hp200_s4_level2_MSMAll.feat/design.ppm","506234","MNINonLinear//Results/tfMRI_SOCIAL/tfMRI_SOCIAL_hp200_s4_level2_MSMAll.feat/design.ppm","guZfxI8esaXBhUXPdWvA1jKcPvHYP1xU"
"s3://hcp-openaccess/HCP_1200/506234/MNINonLinear/Results/tfMRI_SOCIAL/tfMRI_SOCIAL_hp200_s4_level2_MSMAll.feat/design_cov.png","506234","MNINonLinear//Results/tfMRI_SOCIAL/tfMRI_SOCIAL_hp200_s4_level2_MSMAll.feat/design_cov.png","8eW4QeuUphuIAfdrNrWCfANinempzKWY"
"s3://hcp-openaccess/HCP_1200/506234/MNINonLinear/Results/tfMRI_SOCIAL/tfMRI_SOCIAL_hp200_s4_level2_MSMAll.feat/design_cov.ppm","506234","MNINonLinear//Results/tfMRI_SOCIAL/tfMRI_SOCIAL_hp200_s4_level2_MSMAll.feat/design_cov.ppm","K_z2HOpSO_gfDO_Qbx7EQasWJ7E3yb4g"
"s3://hcp-openaccess/HCP_1200/506234/MNINonLinear/Results/tfMRI_SOCIAL/tfMRI_SOCIAL_hp200_s8_level2.feat/506234_tfMRI_SOCIAL_level2_hp200_s8.dscalar.nii","506234","MNINonLinear//Results/tfMRI_SOCIAL/tfMRI_SOCIAL_hp200_s8_level2.feat/506234_tfMRI_SOCIAL_level2_hp200_s8.dscalar.nii","64nJN2x_F2EjoJGl7l5jbCZs.Lv6HUpY"
"s3://hcp-openaccess/HCP_1200/506234/MNINonLinear/Results/tfMRI_SOCIAL/tfMRI_SOCIAL_hp200_s8_level2.feat/Contrasts.txt","506234","MNINonLinear//Results/tfMRI_SOCIAL/tfMRI_SOCIAL_hp200_s8_level2.feat/Contrasts.txt","ppJXiFkERQiqrTUesKEcbKBp8ZIk3gXh"
"s3://hcp-openaccess/HCP_1200/506234/MNINonLinear/Results/tfMRI_SOCIAL/tfMRI_SOCIAL_hp200_s8_level2.feat/GrayordinatesStats/cope1.feat/cope1.dtseries.nii","506234","MNINonLinear//Results/tfMRI_SOCIAL/tfMRI_SOCIAL_hp200_s8_level2.feat/GrayordinatesStats/cope1.feat/cope1.dtseries.nii","byK6RWOIk8C4JtELvDkEkYZu.VVd6ru4"
"s3://hcp-openaccess/HCP_1200/506234/MNINonLinear/Results/tfMRI_SOCIAL/tfMRI_SOCIAL_hp200_s8_level2.feat/GrayordinatesStats/cope1.feat/logfile","506234","MNINonLinear//Results/tfMRI_SOCIAL/tfMRI_SOCIAL_hp200_s8_level2.feat/GrayordinatesStats/cope1.feat/logfile","Bxms6.k6q7U_.2jdqsorKBKvKeRjEuRV"
"s3://hcp-openaccess/HCP_1200/506234/MNINonLinear/Results/tfMRI_SOCIAL/tfMRI_SOCIAL_hp200_s8_level2.feat/GrayordinatesStats/cope1.feat/mask.dtseries.nii","506234","MNINonLinear//Results/tfMRI_SOCIAL/tfMRI_SOCIAL_hp200_s8_level2.feat/GrayordinatesStats/cope1.feat/mask.dtseries.nii","8WvBljntS5c_4BC8siUB985eE1jaMkiw"
"s3://hcp-openaccess/HCP_1200/506234/MNINonLinear/Results/tfMRI_SOCIAL/tfMRI_SOCIAL_hp200_s8_level2.feat/GrayordinatesStats/cope1.feat/mean_random_effects_var1.dtseries.nii","506234","MNINonLinear//Results/tfMRI_SOCIAL/tfMRI_SOCIAL_hp200_s8_level2.feat/GrayordinatesStats/cope1.feat/mean_random_effects_var1.dtseries.nii","AcIJWbzPR90kMGaWlzBiadxP6RCULd4b"
"s3://hcp-openaccess/HCP_1200/506234/MNINonLinear/Results/tfMRI_SOCIAL/tfMRI_SOCIAL_hp200_s8_level2.feat/GrayordinatesStats/cope1.feat/pe1.dtseries.nii","506234","MNINonLinear//Results/tfMRI_SOCIAL/tfMRI_SOCIAL_hp200_s8_level2.feat/GrayordinatesStats/cope1.feat/pe1.dtseries.nii","3mG_J6BiqbiKEgTO2Y7uRc1wp_SV.xXv"
"s3://hcp-openaccess/HCP_1200/506234/MNINonLinear/Results/tfMRI_SOCIAL/tfMRI_SOCIAL_hp200_s8_level2.feat/GrayordinatesStats/cope1.feat/res4d.dtseries.nii","506234","MNINonLinear//Results/tfMRI_SOCIAL/tfMRI_SOCIAL_hp200_s8_level2.feat/GrayordinatesStats/cope1.feat/res4d.dtseries.nii","2sHJoVSPG6EIWElXT2rn7lhkqfVxKwW4"
"s3://hcp-openaccess/HCP_1200/506234/MNINonLinear/Results/tfMRI_SOCIAL/tfMRI_SOCIAL_hp200_s8_level2.feat/GrayordinatesStats/cope1.feat/tdof_t1.dtseries.nii","506234","MNINonLinear//Results/tfMRI_SOCIAL/tfMRI_SOCIAL_hp200_s8_level2.feat/GrayordinatesStats/cope1.feat/tdof_t1.dtseries.nii","5mAi5lqXKuuTgx1NSQGhQvmeUZr0DZSB"
"s3://hcp-openaccess/HCP_1200/506234/MNINonLinear/Results/tfMRI_SOCIAL/tfMRI_SOCIAL_hp200_s8_level2.feat/GrayordinatesStats/cope1.feat/tstat1.dtseries.nii","506234","MNINonLinear//Results/tfMRI_SOCIAL/tfMRI_SOCIAL_hp200_s8_level2.feat/GrayordinatesStats/cope1.feat/tstat1.dtseries.nii","7.Quak8MKZQ.EDETPTMTC95bZ3E3OwUI"
"s3://hcp-openaccess/HCP_1200/506234/MNINonLinear/Results/tfMRI_SOCIAL/tfMRI_SOCIAL_hp200_s8_level2.feat/GrayordinatesStats/cope1.feat/varcope1.dtseries.nii","506234","MNINonLinear//Results/tfMRI_SOCIAL/tfMRI_SOCIAL_hp200_s8_level2.feat/GrayordinatesStats/cope1.feat/varcope1.dtseries.nii","3an9v.JwsOy1WaZQOtCWZIkD27tvLTCE"
"s3://hcp-openaccess/HCP_1200/506234/MNINonLinear/Results/tfMRI_SOCIAL/tfMRI_SOCIAL_hp200_s8_level2.feat/GrayordinatesStats/cope1.feat/weights1.dtseries.nii","506234","MNINonLinear//Results/tfMRI_SOCIAL/tfMRI_SOCIAL_hp200_s8_level2.feat/GrayordinatesStats/cope1.feat/weights1.dtseries.nii","4DLEES10Gd.H6xXFDAAhylMJSDCv6tAk"
"s3://hcp-openaccess/HCP_1200/506234/MNINonLinear/Results/tfMRI_SOCIAL/tfMRI_SOCIAL_hp200_s8_level2.feat/GrayordinatesStats/cope1.feat/zflame1lowertstat1.dtseries.nii","506234","MNINonLinear//Results/tfMRI_SOCIAL/tfMRI_SOCIAL_hp200_s8_level2.feat/GrayordinatesStats/cope1.feat/zflame1lowertstat1.dtseries.nii","h4EB4Vh8DFA9S8xXlGPXA97.XCkSZtml"
"s3://hcp-openaccess/HCP_1200/506234/MNINonLinear/Results/tfMRI_SOCIAL/tfMRI_SOCIAL_hp200_s8_level2.feat/GrayordinatesStats/cope1.feat/zflame1uppertstat1.dtseries.nii","506234","MNINonLinear//Results/tfMRI_SOCIAL/tfMRI_SOCIAL_hp200_s8_level2.feat/GrayordinatesStats/cope1.feat/zflame1uppertstat1.dtseries.nii","W3ZXn1I9OxMPjd8J2shR2Quw81j3ILBz"
"s3://hcp-openaccess/HCP_1200/506234/MNINonLinear/Results/tfMRI_SOCIAL/tfMRI_SOCIAL_hp200_s8_level2.feat/GrayordinatesStats/cope1.feat/zstat1.dtseries.nii","506234","MNINonLinear//Results/tfMRI_SOCIAL/tfMRI_SOCIAL_hp200_s8_level2.feat/GrayordinatesStats/cope1.feat/zstat1.dtseries.nii","J.BG878Mjk0CLcLzBqQcQiEWpPLypj.0"
"s3://hcp-openaccess/HCP_1200/506234/MNINonLinear/Results/tfMRI_SOCIAL/tfMRI_SOCIAL_hp200_s8_level2.feat/GrayordinatesStats/cope2.feat/cope1.dtseries.nii","506234","MNINonLinear//Results/tfMRI_SOCIAL/tfMRI_SOCIAL_hp200_s8_level2.feat/GrayordinatesStats/cope2.feat/cope1.dtseries.nii","1yCOqHNNLLRVg4VqDXUipr2st1OapCEE"
"s3://hcp-openaccess/HCP_1200/506234/MNINonLinear/Results/tfMRI_SOCIAL/tfMRI_SOCIAL_hp200_s8_level2.feat/GrayordinatesStats/cope2.feat/logfile","506234","MNINonLinear//Results/tfMRI_SOCIAL/tfMRI_SOCIAL_hp200_s8_level2.feat/GrayordinatesStats/cope2.feat/logfile","WM9GVZpsnLsEAnhbi18jLIUYns8D3WXy"
"s3://hcp-openaccess/HCP_1200/506234/MNINonLinear/Results/tfMRI_SOCIAL/tfMRI_SOCIAL_hp200_s8_level2.feat/GrayordinatesStats/cope2.feat/mask.dtseries.nii","506234","MNINonLinear//Results/tfMRI_SOCIAL/tfMRI_SOCIAL_hp200_s8_level2.feat/GrayordinatesStats/cope2.feat/mask.dtseries.nii","sOwIQbfguxoVZJAzfpQGzymq21M.Aztx"
"s3://hcp-openaccess/HCP_1200/506234/MNINonLinear/Results/tfMRI_SOCIAL/tfMRI_SOCIAL_hp200_s8_level2.feat/GrayordinatesStats/cope2.feat/mean_random_effects_var1.dtseries.nii","506234","MNINonLinear//Results/tfMRI_SOCIAL/tfMRI_SOCIAL_hp200_s8_level2.feat/GrayordinatesStats/cope2.feat/mean_random_effects_var1.dtseries.nii","0Fd9AeQAHYiDS_965OwmDb4BYmEWzobz"
"s3://hcp-openaccess/HCP_1200/506234/MNINonLinear/Results/tfMRI_SOCIAL/tfMRI_SOCIAL_hp200_s8_level2.feat/GrayordinatesStats/cope2.feat/pe1.dtseries.nii","506234","MNINonLinear//Results/tfMRI_SOCIAL/tfMRI_SOCIAL_hp200_s8_level2.feat/GrayordinatesStats/cope2.feat/pe1.dtseries.nii","pLYXkz081lq4eGxfA32SoiOFG57WMYQk"
"s3://hcp-openaccess/HCP_1200/506234/MNINonLinear/Results/tfMRI_SOCIAL/tfMRI_SOCIAL_hp200_s8_level2.feat/GrayordinatesStats/cope2.feat/res4d.dtseries.nii","506234","MNINonLinear//Results/tfMRI_SOCIAL/tfMRI_SOCIAL_hp200_s8_level2.feat/GrayordinatesStats/cope2.feat/res4d.dtseries.nii","zPSDagTzqXudIWkmougYs6imo20E0Gxd"
"s3://hcp-openaccess/HCP_1200/506234/MNINonLinear/Results/tfMRI_SOCIAL/tfMRI_SOCIAL_hp200_s8_level2.feat/GrayordinatesStats/cope2.feat/tdof_t1.dtseries.nii","506234","MNINonLinear//Results/tfMRI_SOCIAL/tfMRI_SOCIAL_hp200_s8_level2.feat/GrayordinatesStats/cope2.feat/tdof_t1.dtseries.nii","vUL7c6GsQmiAABjCinOGhtYiQtGSnP6K"
"s3://hcp-openaccess/HCP_1200/506234/MNINonLinear/Results/tfMRI_SOCIAL/tfMRI_SOCIAL_hp200_s8_level2.feat/GrayordinatesStats/cope2.feat/tstat1.dtseries.nii","506234","MNINonLinear//Results/tfMRI_SOCIAL/tfMRI_SOCIAL_hp200_s8_level2.feat/GrayordinatesStats/cope2.feat/tstat1.dtseries.nii","h8hHvrH0KPGsp4RZ0Xl7BoJrC33gkJuL"
"s3://hcp-openaccess/HCP_1200/506234/MNINonLinear/Results/tfMRI_SOCIAL/tfMRI_SOCIAL_hp200_s8_level2.feat/GrayordinatesStats/cope2.feat/varcope1.dtseries.nii","506234","MNINonLinear//Results/tfMRI_SOCIAL/tfMRI_SOCIAL_hp200_s8_level2.feat/GrayordinatesStats/cope2.feat/varcope1.dtseries.nii","YGTKfvXdpcX.QXvJ4y_A13o9IOelOwSp"
"s3://hcp-openaccess/HCP_1200/506234/MNINonLinear/Results/tfMRI_SOCIAL/tfMRI_SOCIAL_hp200_s8_level2.feat/GrayordinatesStats/cope2.feat/weights1.dtseries.nii","506234","MNINonLinear//Results/tfMRI_SOCIAL/tfMRI_SOCIAL_hp200_s8_level2.feat/GrayordinatesStats/cope2.feat/weights1.dtseries.nii","5H08kgE0dnIGS9hdjcz0FPNAsEgg9oca"
"s3://hcp-openaccess/HCP_1200/506234/MNINonLinear/Results/tfMRI_SOCIAL/tfMRI_SOCIAL_hp200_s8_level2.feat/GrayordinatesStats/cope2.feat/zflame1lowertstat1.dtseries.nii","506234","MNINonLinear//Results/tfMRI_SOCIAL/tfMRI_SOCIAL_hp200_s8_level2.feat/GrayordinatesStats/cope2.feat/zflame1lowertstat1.dtseries.nii","xbW15InImIJZGrJTdFObdpIuq5LpO6nb"
"s3://hcp-openaccess/HCP_1200/506234/MNINonLinear/Results/tfMRI_SOCIAL/tfMRI_SOCIAL_hp200_s8_level2.feat/GrayordinatesStats/cope2.feat/zflame1uppertstat1.dtseries.nii","506234","MNINonLinear//Results/tfMRI_SOCIAL/tfMRI_SOCIAL_hp200_s8_level2.feat/GrayordinatesStats/cope2.feat/zflame1uppertstat1.dtseries.nii","25BCYa4B0zAG.fQk8OPha_uMehgqFpBY"
"s3://hcp-openaccess/HCP_1200/506234/MNINonLinear/Results/tfMRI_SOCIAL/tfMRI_SOCIAL_hp200_s8_level2.feat/GrayordinatesStats/cope2.feat/zstat1.dtseries.nii","506234","MNINonLinear//Results/tfMRI_SOCIAL/tfMRI_SOCIAL_hp200_s8_level2.feat/GrayordinatesStats/cope2.feat/zstat1.dtseries.nii","K29_aEYivj9uXcLI1tuqIkdt5krq8qQo"
"s3://hcp-openaccess/HCP_1200/506234/MNINonLinear/Results/tfMRI_SOCIAL/tfMRI_SOCIAL_hp200_s8_level2.feat/GrayordinatesStats/cope3.feat/cope1.dtseries.nii","506234","MNINonLinear//Results/tfMRI_SOCIAL/tfMRI_SOCIAL_hp200_s8_level2.feat/GrayordinatesStats/cope3.feat/cope1.dtseries.nii","daHesA1QSnPbGxjBTu23HVgYoSL9fMXv"
"s3://hcp-openaccess/HCP_1200/506234/MNINonLinear/Results/tfMRI_SOCIAL/tfMRI_SOCIAL_hp200_s8_level2.feat/GrayordinatesStats/cope3.feat/logfile","506234","MNINonLinear//Results/tfMRI_SOCIAL/tfMRI_SOCIAL_hp200_s8_level2.feat/GrayordinatesStats/cope3.feat/logfile","I_9HtAw6u7WhG1gfvN9o7YNmg6Sg00k."
"s3://hcp-openaccess/HCP_1200/506234/MNINonLinear/Results/tfMRI_SOCIAL/tfMRI_SOCIAL_hp200_s8_level2.feat/GrayordinatesStats/cope3.feat/mask.dtseries.nii","506234","MNINonLinear//Results/tfMRI_SOCIAL/tfMRI_SOCIAL_hp200_s8_level2.feat/GrayordinatesStats/cope3.feat/mask.dtseries.nii","YFND6.umelLW84CbJNOFiK320GhXnMp3"
"s3://hcp-openaccess/HCP_1200/506234/MNINonLinear/Results/tfMRI_SOCIAL/tfMRI_SOCIAL_hp200_s8_level2.feat/GrayordinatesStats/cope3.feat/mean_random_effects_var1.dtseries.nii","506234","MNINonLinear//Results/tfMRI_SOCIAL/tfMRI_SOCIAL_hp200_s8_level2.feat/GrayordinatesStats/cope3.feat/mean_random_effects_var1.dtseries.nii","qmEYJZSz0Fv7gHwPs4DYFIKKtIVgnnA5"
"s3://hcp-openaccess/HCP_1200/506234/MNINonLinear/Results/tfMRI_SOCIAL/tfMRI_SOCIAL_hp200_s8_level2.feat/GrayordinatesStats/cope3.feat/pe1.dtseries.nii","506234","MNINonLinear//Results/tfMRI_SOCIAL/tfMRI_SOCIAL_hp200_s8_level2.feat/GrayordinatesStats/cope3.feat/pe1.dtseries.nii","DuTPeyn_y7zmYevk5RY6AYAYYU_ukqKR"
"s3://hcp-openaccess/HCP_1200/506234/MNINonLinear/Results/tfMRI_SOCIAL/tfMRI_SOCIAL_hp200_s8_level2.feat/GrayordinatesStats/cope3.feat/res4d.dtseries.nii","506234","MNINonLinear//Results/tfMRI_SOCIAL/tfMRI_SOCIAL_hp200_s8_level2.feat/GrayordinatesStats/cope3.feat/res4d.dtseries.nii","ARnKfcBc04rt0gWCPpqadg9V6R9LyfjK"
"s3://hcp-openaccess/HCP_1200/506234/MNINonLinear/Results/tfMRI_SOCIAL/tfMRI_SOCIAL_hp200_s8_level2.feat/GrayordinatesStats/cope3.feat/tdof_t1.dtseries.nii","506234","MNINonLinear//Results/tfMRI_SOCIAL/tfMRI_SOCIAL_hp200_s8_level2.feat/GrayordinatesStats/cope3.feat/tdof_t1.dtseries.nii","N76w6FTWH9uCt_nCvapwv7mf0HDJuPcp"
"s3://hcp-openaccess/HCP_1200/506234/MNINonLinear/Results/tfMRI_SOCIAL/tfMRI_SOCIAL_hp200_s8_level2.feat/GrayordinatesStats/cope3.feat/tstat1.dtseries.nii","506234","MNINonLinear//Results/tfMRI_SOCIAL/tfMRI_SOCIAL_hp200_s8_level2.feat/GrayordinatesStats/cope3.feat/tstat1.dtseries.nii","P6babwGG8KzmjBFyWmI.N9nJbu5Cjihm"
"s3://hcp-openaccess/HCP_1200/506234/MNINonLinear/Results/tfMRI_SOCIAL/tfMRI_SOCIAL_hp200_s8_level2.feat/GrayordinatesStats/cope3.feat/varcope1.dtseries.nii","506234","MNINonLinear//Results/tfMRI_SOCIAL/tfMRI_SOCIAL_hp200_s8_level2.feat/GrayordinatesStats/cope3.feat/varcope1.dtseries.nii","wDoeNka7ih0Eg6OMkWvTcnk613NUSQSn"
"s3://hcp-openaccess/HCP_1200/506234/MNINonLinear/Results/tfMRI_SOCIAL/tfMRI_SOCIAL_hp200_s8_level2.feat/GrayordinatesStats/cope3.feat/weights1.dtseries.nii","506234","MNINonLinear//Results/tfMRI_SOCIAL/tfMRI_SOCIAL_hp200_s8_level2.feat/GrayordinatesStats/cope3.feat/weights1.dtseries.nii","YlTcjCu5_FCcHAjTwO_9E.cw6DioL4Y."
"s3://hcp-openaccess/HCP_1200/506234/MNINonLinear/Results/tfMRI_SOCIAL/tfMRI_SOCIAL_hp200_s8_level2.feat/GrayordinatesStats/cope3.feat/zflame1lowertstat1.dtseries.nii","506234","MNINonLinear//Results/tfMRI_SOCIAL/tfMRI_SOCIAL_hp200_s8_level2.feat/GrayordinatesStats/cope3.feat/zflame1lowertstat1.dtseries.nii","eklnziakeUHzzyOq9b2XLpP7Pk9J.4wv"
"s3://hcp-openaccess/HCP_1200/506234/MNINonLinear/Results/tfMRI_SOCIAL/tfMRI_SOCIAL_hp200_s8_level2.feat/GrayordinatesStats/cope3.feat/zflame1uppertstat1.dtseries.nii","506234","MNINonLinear//Results/tfMRI_SOCIAL/tfMRI_SOCIAL_hp200_s8_level2.feat/GrayordinatesStats/cope3.feat/zflame1uppertstat1.dtseries.nii","1CESyXNGdd4._GtcTdoBk9gDJkUYHbhB"
"s3://hcp-openaccess/HCP_1200/506234/MNINonLinear/Results/tfMRI_SOCIAL/tfMRI_SOCIAL_hp200_s8_level2.feat/GrayordinatesStats/cope3.feat/zstat1.dtseries.nii","506234","MNINonLinear//Results/tfMRI_SOCIAL/tfMRI_SOCIAL_hp200_s8_level2.feat/GrayordinatesStats/cope3.feat/zstat1.dtseries.nii","uppFWEJhZhCjz_vFbnjNMNTs6Pmsp_Ma"
"s3://hcp-openaccess/HCP_1200/506234/MNINonLinear/Results/tfMRI_SOCIAL/tfMRI_SOCIAL_hp200_s8_level2.feat/GrayordinatesStats/cope4.feat/cope1.dtseries.nii","506234","MNINonLinear//Results/tfMRI_SOCIAL/tfMRI_SOCIAL_hp200_s8_level2.feat/GrayordinatesStats/cope4.feat/cope1.dtseries.nii",".L6bKJpqLaV16Gi7FqOOukOXtER2ruC_"
"s3://hcp-openaccess/HCP_1200/506234/MNINonLinear/Results/tfMRI_SOCIAL/tfMRI_SOCIAL_hp200_s8_level2.feat/GrayordinatesStats/cope4.feat/logfile","506234","MNINonLinear//Results/tfMRI_SOCIAL/tfMRI_SOCIAL_hp200_s8_level2.feat/GrayordinatesStats/cope4.feat/logfile","8iJRFL9XzT5EMiBXiCss_8HEhKEILLRI"
"s3://hcp-openaccess/HCP_1200/506234/MNINonLinear/Results/tfMRI_SOCIAL/tfMRI_SOCIAL_hp200_s8_level2.feat/GrayordinatesStats/cope4.feat/mask.dtseries.nii","506234","MNINonLinear//Results/tfMRI_SOCIAL/tfMRI_SOCIAL_hp200_s8_level2.feat/GrayordinatesStats/cope4.feat/mask.dtseries.nii","ahp3qk8Y3.Op_9Y9lumx2jxS6AH8mRxY"
"s3://hcp-openaccess/HCP_1200/506234/MNINonLinear/Results/tfMRI_SOCIAL/tfMRI_SOCIAL_hp200_s8_level2.feat/GrayordinatesStats/cope4.feat/mean_random_effects_var1.dtseries.nii","506234","MNINonLinear//Results/tfMRI_SOCIAL/tfMRI_SOCIAL_hp200_s8_level2.feat/GrayordinatesStats/cope4.feat/mean_random_effects_var1.dtseries.nii","YjLS4.H5f9fFB2f11DNEP49aqJwwQ2gE"
"s3://hcp-openaccess/HCP_1200/506234/MNINonLinear/Results/tfMRI_SOCIAL/tfMRI_SOCIAL_hp200_s8_level2.feat/GrayordinatesStats/cope4.feat/pe1.dtseries.nii","506234","MNINonLinear//Results/tfMRI_SOCIAL/tfMRI_SOCIAL_hp200_s8_level2.feat/GrayordinatesStats/cope4.feat/pe1.dtseries.nii","g21al5.w7yKAyCVnM5JQkAwg19_zehxI"
"s3://hcp-openaccess/HCP_1200/506234/MNINonLinear/Results/tfMRI_SOCIAL/tfMRI_SOCIAL_hp200_s8_level2.feat/GrayordinatesStats/cope4.feat/res4d.dtseries.nii","506234","MNINonLinear//Results/tfMRI_SOCIAL/tfMRI_SOCIAL_hp200_s8_level2.feat/GrayordinatesStats/cope4.feat/res4d.dtseries.nii","b0tZ2HVVZKmbJyMt0aOgA0YeZewNfJyd"
"s3://hcp-openaccess/HCP_1200/506234/MNINonLinear/Results/tfMRI_SOCIAL/tfMRI_SOCIAL_hp200_s8_level2.feat/GrayordinatesStats/cope4.feat/tdof_t1.dtseries.nii","506234","MNINonLinear//Results/tfMRI_SOCIAL/tfMRI_SOCIAL_hp200_s8_level2.feat/GrayordinatesStats/cope4.feat/tdof_t1.dtseries.nii","7.h9d_JB.MjylJO6iDWEepQeKFgFOEfr"
"s3://hcp-openaccess/HCP_1200/506234/MNINonLinear/Results/tfMRI_SOCIAL/tfMRI_SOCIAL_hp200_s8_level2.feat/GrayordinatesStats/cope4.feat/tstat1.dtseries.nii","506234","MNINonLinear//Results/tfMRI_SOCIAL/tfMRI_SOCIAL_hp200_s8_level2.feat/GrayordinatesStats/cope4.feat/tstat1.dtseries.nii","DgKzwxt8xJV59vHim96Hyk5jICAjNwIC"
"s3://hcp-openaccess/HCP_1200/506234/MNINonLinear/Results/tfMRI_SOCIAL/tfMRI_SOCIAL_hp200_s8_level2.feat/GrayordinatesStats/cope4.feat/varcope1.dtseries.nii","506234","MNINonLinear//Results/tfMRI_SOCIAL/tfMRI_SOCIAL_hp200_s8_level2.feat/GrayordinatesStats/cope4.feat/varcope1.dtseries.nii","_X.cyKrqpTvUioWkb3P4FNZFgmuVwfp3"
"s3://hcp-openaccess/HCP_1200/506234/MNINonLinear/Results/tfMRI_SOCIAL/tfMRI_SOCIAL_hp200_s8_level2.feat/GrayordinatesStats/cope4.feat/weights1.dtseries.nii","506234","MNINonLinear//Results/tfMRI_SOCIAL/tfMRI_SOCIAL_hp200_s8_level2.feat/GrayordinatesStats/cope4.feat/weights1.dtseries.nii","PLO8H70xdsNMxzrxkZfo6F2sVXxm7I8V"
"s3://hcp-openaccess/HCP_1200/506234/MNINonLinear/Results/tfMRI_SOCIAL/tfMRI_SOCIAL_hp200_s8_level2.feat/GrayordinatesStats/cope4.feat/zflame1lowertstat1.dtseries.nii","506234","MNINonLinear//Results/tfMRI_SOCIAL/tfMRI_SOCIAL_hp200_s8_level2.feat/GrayordinatesStats/cope4.feat/zflame1lowertstat1.dtseries.nii","o0Xrsjl4VGriz5eDqCzEIOPUEOyC4Tcy"
"s3://hcp-openaccess/HCP_1200/506234/MNINonLinear/Results/tfMRI_SOCIAL/tfMRI_SOCIAL_hp200_s8_level2.feat/GrayordinatesStats/cope4.feat/zflame1uppertstat1.dtseries.nii","506234","MNINonLinear//Results/tfMRI_SOCIAL/tfMRI_SOCIAL_hp200_s8_level2.feat/GrayordinatesStats/cope4.feat/zflame1uppertstat1.dtseries.nii","bKyBgi7HbdCP7ln4das.dBVclItt8D8E"
"s3://hcp-openaccess/HCP_1200/506234/MNINonLinear/Results/tfMRI_SOCIAL/tfMRI_SOCIAL_hp200_s8_level2.feat/GrayordinatesStats/cope4.feat/zstat1.dtseries.nii","506234","MNINonLinear//Results/tfMRI_SOCIAL/tfMRI_SOCIAL_hp200_s8_level2.feat/GrayordinatesStats/cope4.feat/zstat1.dtseries.nii","cgVzHUdqjRFQPwa.Ht6OImuTyqlRbc9w"
"s3://hcp-openaccess/HCP_1200/506234/MNINonLinear/Results/tfMRI_SOCIAL/tfMRI_SOCIAL_hp200_s8_level2.feat/GrayordinatesStats/cope5.feat/cope1.dtseries.nii","506234","MNINonLinear//Results/tfMRI_SOCIAL/tfMRI_SOCIAL_hp200_s8_level2.feat/GrayordinatesStats/cope5.feat/cope1.dtseries.nii","lipFqVQrjwMI4hQO6UlqTMhc9T1MQ7Ko"
"s3://hcp-openaccess/HCP_1200/506234/MNINonLinear/Results/tfMRI_SOCIAL/tfMRI_SOCIAL_hp200_s8_level2.feat/GrayordinatesStats/cope5.feat/logfile","506234","MNINonLinear//Results/tfMRI_SOCIAL/tfMRI_SOCIAL_hp200_s8_level2.feat/GrayordinatesStats/cope5.feat/logfile","1UFKhb_YF_6ziLvyws90cXZikM4BeMd5"
"s3://hcp-openaccess/HCP_1200/506234/MNINonLinear/Results/tfMRI_SOCIAL/tfMRI_SOCIAL_hp200_s8_level2.feat/GrayordinatesStats/cope5.feat/mask.dtseries.nii","506234","MNINonLinear//Results/tfMRI_SOCIAL/tfMRI_SOCIAL_hp200_s8_level2.feat/GrayordinatesStats/cope5.feat/mask.dtseries.nii","f_MbFbmuT4Bv19wSE1fbsgbsYwn4FoCF"
"s3://hcp-openaccess/HCP_1200/506234/MNINonLinear/Results/tfMRI_SOCIAL/tfMRI_SOCIAL_hp200_s8_level2.feat/GrayordinatesStats/cope5.feat/mean_random_effects_var1.dtseries.nii","506234","MNINonLinear//Results/tfMRI_SOCIAL/tfMRI_SOCIAL_hp200_s8_level2.feat/GrayordinatesStats/cope5.feat/mean_random_effects_var1.dtseries.nii","GxbdzSYmaxD1GrgGr8.EpLmCu6U3p6j8"
"s3://hcp-openaccess/HCP_1200/506234/MNINonLinear/Results/tfMRI_SOCIAL/tfMRI_SOCIAL_hp200_s8_level2.feat/GrayordinatesStats/cope5.feat/pe1.dtseries.nii","506234","MNINonLinear//Results/tfMRI_SOCIAL/tfMRI_SOCIAL_hp200_s8_level2.feat/GrayordinatesStats/cope5.feat/pe1.dtseries.nii","jNvgkEImQHznwVe_p3I3hZyh7simRa7i"
"s3://hcp-openaccess/HCP_1200/506234/MNINonLinear/Results/tfMRI_SOCIAL/tfMRI_SOCIAL_hp200_s8_level2.feat/GrayordinatesStats/cope5.feat/res4d.dtseries.nii","506234","MNINonLinear//Results/tfMRI_SOCIAL/tfMRI_SOCIAL_hp200_s8_level2.feat/GrayordinatesStats/cope5.feat/res4d.dtseries.nii","AiQtKnuYC0BQJODQoN6ahgJ6rD7jZsqQ"
"s3://hcp-openaccess/HCP_1200/506234/MNINonLinear/Results/tfMRI_SOCIAL/tfMRI_SOCIAL_hp200_s8_level2.feat/GrayordinatesStats/cope5.feat/tdof_t1.dtseries.nii","506234","MNINonLinear//Results/tfMRI_SOCIAL/tfMRI_SOCIAL_hp200_s8_level2.feat/GrayordinatesStats/cope5.feat/tdof_t1.dtseries.nii","x3arkvB.DS5DlWzFnh_Y5c7iNl0g3ns8"
"s3://hcp-openaccess/HCP_1200/506234/MNINonLinear/Results/tfMRI_SOCIAL/tfMRI_SOCIAL_hp200_s8_level2.feat/GrayordinatesStats/cope5.feat/tstat1.dtseries.nii","506234","MNINonLinear//Results/tfMRI_SOCIAL/tfMRI_SOCIAL_hp200_s8_level2.feat/GrayordinatesStats/cope5.feat/tstat1.dtseries.nii","2rXLV3vMktwD6RwrHVtCtzUfGWCx8Hua"
"s3://hcp-openaccess/HCP_1200/506234/MNINonLinear/Results/tfMRI_SOCIAL/tfMRI_SOCIAL_hp200_s8_level2.feat/GrayordinatesStats/cope5.feat/varcope1.dtseries.nii","506234","MNINonLinear//Results/tfMRI_SOCIAL/tfMRI_SOCIAL_hp200_s8_level2.feat/GrayordinatesStats/cope5.feat/varcope1.dtseries.nii","iTMK9mzafHZ2d_ruXdQLJGNUNALVAIay"
"s3://hcp-openaccess/HCP_1200/506234/MNINonLinear/Results/tfMRI_SOCIAL/tfMRI_SOCIAL_hp200_s8_level2.feat/GrayordinatesStats/cope5.feat/weights1.dtseries.nii","506234","MNINonLinear//Results/tfMRI_SOCIAL/tfMRI_SOCIAL_hp200_s8_level2.feat/GrayordinatesStats/cope5.feat/weights1.dtseries.nii","RaQVucLpJoCk.2TzAWyu0UU2jpC0cQyn"
"s3://hcp-openaccess/HCP_1200/506234/MNINonLinear/Results/tfMRI_SOCIAL/tfMRI_SOCIAL_hp200_s8_level2.feat/GrayordinatesStats/cope5.feat/zflame1lowertstat1.dtseries.nii","506234","MNINonLinear//Results/tfMRI_SOCIAL/tfMRI_SOCIAL_hp200_s8_level2.feat/GrayordinatesStats/cope5.feat/zflame1lowertstat1.dtseries.nii","6AjVLfHE7GPMJPwKyz.iwGgUSI35L.ru"
"s3://hcp-openaccess/HCP_1200/506234/MNINonLinear/Results/tfMRI_SOCIAL/tfMRI_SOCIAL_hp200_s8_level2.feat/GrayordinatesStats/cope5.feat/zflame1uppertstat1.dtseries.nii","506234","MNINonLinear//Results/tfMRI_SOCIAL/tfMRI_SOCIAL_hp200_s8_level2.feat/GrayordinatesStats/cope5.feat/zflame1uppertstat1.dtseries.nii","wzFmI4VNvcyazxOKJa3crC.pGLcu91mM"
"s3://hcp-openaccess/HCP_1200/506234/MNINonLinear/Results/tfMRI_SOCIAL/tfMRI_SOCIAL_hp200_s8_level2.feat/GrayordinatesStats/cope5.feat/zstat1.dtseries.nii","506234","MNINonLinear//Results/tfMRI_SOCIAL/tfMRI_SOCIAL_hp200_s8_level2.feat/GrayordinatesStats/cope5.feat/zstat1.dtseries.nii","7r_FT8SuGzQahSyKLqXItiXnQL9q5Xko"
"s3://hcp-openaccess/HCP_1200/506234/MNINonLinear/Results/tfMRI_SOCIAL/tfMRI_SOCIAL_hp200_s8_level2.feat/GrayordinatesStats/cope6.feat/cope1.dtseries.nii","506234","MNINonLinear//Results/tfMRI_SOCIAL/tfMRI_SOCIAL_hp200_s8_level2.feat/GrayordinatesStats/cope6.feat/cope1.dtseries.nii","7Dx8ugKTL7K5auSH5Z6EaAHu1R1RXN5p"
"s3://hcp-openaccess/HCP_1200/506234/MNINonLinear/Results/tfMRI_SOCIAL/tfMRI_SOCIAL_hp200_s8_level2.feat/GrayordinatesStats/cope6.feat/logfile","506234","MNINonLinear//Results/tfMRI_SOCIAL/tfMRI_SOCIAL_hp200_s8_level2.feat/GrayordinatesStats/cope6.feat/logfile","t5RN..CdvXRYS7iwQAy4z6fgfPL2LlDV"
"s3://hcp-openaccess/HCP_1200/506234/MNINonLinear/Results/tfMRI_SOCIAL/tfMRI_SOCIAL_hp200_s8_level2.feat/GrayordinatesStats/cope6.feat/mask.dtseries.nii","506234","MNINonLinear//Results/tfMRI_SOCIAL/tfMRI_SOCIAL_hp200_s8_level2.feat/GrayordinatesStats/cope6.feat/mask.dtseries.nii","ycagd31ylvG8mPEGybt1PTlJU3Frrdb_"
"s3://hcp-openaccess/HCP_1200/506234/MNINonLinear/Results/tfMRI_SOCIAL/tfMRI_SOCIAL_hp200_s8_level2.feat/GrayordinatesStats/cope6.feat/mean_random_effects_var1.dtseries.nii","506234","MNINonLinear//Results/tfMRI_SOCIAL/tfMRI_SOCIAL_hp200_s8_level2.feat/GrayordinatesStats/cope6.feat/mean_random_effects_var1.dtseries.nii","Y3pOFmt1Z5ee8Q6biKBxNtBULg4wjIzd"
"s3://hcp-openaccess/HCP_1200/506234/MNINonLinear/Results/tfMRI_SOCIAL/tfMRI_SOCIAL_hp200_s8_level2.feat/GrayordinatesStats/cope6.feat/pe1.dtseries.nii","506234","MNINonLinear//Results/tfMRI_SOCIAL/tfMRI_SOCIAL_hp200_s8_level2.feat/GrayordinatesStats/cope6.feat/pe1.dtseries.nii","jYQoHgCrnXeQ29jL0lXHRJChWHAf4ylt"
"s3://hcp-openaccess/HCP_1200/506234/MNINonLinear/Results/tfMRI_SOCIAL/tfMRI_SOCIAL_hp200_s8_level2.feat/GrayordinatesStats/cope6.feat/res4d.dtseries.nii","506234","MNINonLinear//Results/tfMRI_SOCIAL/tfMRI_SOCIAL_hp200_s8_level2.feat/GrayordinatesStats/cope6.feat/res4d.dtseries.nii","O80WhhN9URQqnERvcV82Ki80G6tmacMy"
"s3://hcp-openaccess/HCP_1200/506234/MNINonLinear/Results/tfMRI_SOCIAL/tfMRI_SOCIAL_hp200_s8_level2.feat/GrayordinatesStats/cope6.feat/tdof_t1.dtseries.nii","506234","MNINonLinear//Results/tfMRI_SOCIAL/tfMRI_SOCIAL_hp200_s8_level2.feat/GrayordinatesStats/cope6.feat/tdof_t1.dtseries.nii","C8KA9oe2fhVL2O0epIccB8RCnbdmBa13"
"s3://hcp-openaccess/HCP_1200/506234/MNINonLinear/Results/tfMRI_SOCIAL/tfMRI_SOCIAL_hp200_s8_level2.feat/GrayordinatesStats/cope6.feat/tstat1.dtseries.nii","506234","MNINonLinear//Results/tfMRI_SOCIAL/tfMRI_SOCIAL_hp200_s8_level2.feat/GrayordinatesStats/cope6.feat/tstat1.dtseries.nii","83hM1F4lT2lcbXcNYiWSS2nO008Y6C3b"
"s3://hcp-openaccess/HCP_1200/506234/MNINonLinear/Results/tfMRI_SOCIAL/tfMRI_SOCIAL_hp200_s8_level2.feat/GrayordinatesStats/cope6.feat/varcope1.dtseries.nii","506234","MNINonLinear//Results/tfMRI_SOCIAL/tfMRI_SOCIAL_hp200_s8_level2.feat/GrayordinatesStats/cope6.feat/varcope1.dtseries.nii","pW2FP0UKszk_ckczouqm7VLz326tqiQM"
"s3://hcp-openaccess/HCP_1200/506234/MNINonLinear/Results/tfMRI_SOCIAL/tfMRI_SOCIAL_hp200_s8_level2.feat/GrayordinatesStats/cope6.feat/weights1.dtseries.nii","506234","MNINonLinear//Results/tfMRI_SOCIAL/tfMRI_SOCIAL_hp200_s8_level2.feat/GrayordinatesStats/cope6.feat/weights1.dtseries.nii","sXfiiSvB6rlPCXk9tUe3fRt6e4vA1392"
"s3://hcp-openaccess/HCP_1200/506234/MNINonLinear/Results/tfMRI_SOCIAL/tfMRI_SOCIAL_hp200_s8_level2.feat/GrayordinatesStats/cope6.feat/zflame1lowertstat1.dtseries.nii","506234","MNINonLinear//Results/tfMRI_SOCIAL/tfMRI_SOCIAL_hp200_s8_level2.feat/GrayordinatesStats/cope6.feat/zflame1lowertstat1.dtseries.nii","Yv1YG6VchqddrCGSbZq4LMtIrhG3poZl"
"s3://hcp-openaccess/HCP_1200/506234/MNINonLinear/Results/tfMRI_SOCIAL/tfMRI_SOCIAL_hp200_s8_level2.feat/GrayordinatesStats/cope6.feat/zflame1uppertstat1.dtseries.nii","506234","MNINonLinear//Results/tfMRI_SOCIAL/tfMRI_SOCIAL_hp200_s8_level2.feat/GrayordinatesStats/cope6.feat/zflame1uppertstat1.dtseries.nii","eRdc79GDnqSIrB5pVKh5jCQwwMhGQnCg"
"s3://hcp-openaccess/HCP_1200/506234/MNINonLinear/Results/tfMRI_SOCIAL/tfMRI_SOCIAL_hp200_s8_level2.feat/GrayordinatesStats/cope6.feat/zstat1.dtseries.nii","506234","MNINonLinear//Results/tfMRI_SOCIAL/tfMRI_SOCIAL_hp200_s8_level2.feat/GrayordinatesStats/cope6.feat/zstat1.dtseries.nii","fF06kjPjEQQchTTMK4ZFt64ijelpcpmR"
"s3://hcp-openaccess/HCP_1200/506234/MNINonLinear/Results/tfMRI_SOCIAL/tfMRI_SOCIAL_hp200_s8_level2.feat/design.con","506234","MNINonLinear//Results/tfMRI_SOCIAL/tfMRI_SOCIAL_hp200_s8_level2.feat/design.con","7jmMDLsCz1wq0GZ53cQFqbJgKo4id1n2"
"s3://hcp-openaccess/HCP_1200/506234/MNINonLinear/Results/tfMRI_SOCIAL/tfMRI_SOCIAL_hp200_s8_level2.feat/design.fsf","506234","MNINonLinear//Results/tfMRI_SOCIAL/tfMRI_SOCIAL_hp200_s8_level2.feat/design.fsf","GklMfhCjn7CCUsdbA2E59RtPQGyJok8A"
"s3://hcp-openaccess/HCP_1200/506234/MNINonLinear/Results/tfMRI_SOCIAL/tfMRI_SOCIAL_hp200_s8_level2.feat/design.grp","506234","MNINonLinear//Results/tfMRI_SOCIAL/tfMRI_SOCIAL_hp200_s8_level2.feat/design.grp","mVMXI8c1IYGVystmOsdesiDQWnj1S3.u"
"s3://hcp-openaccess/HCP_1200/506234/MNINonLinear/Results/tfMRI_SOCIAL/tfMRI_SOCIAL_hp200_s8_level2.feat/design.mat","506234","MNINonLinear//Results/tfMRI_SOCIAL/tfMRI_SOCIAL_hp200_s8_level2.feat/design.mat","J4meYTP6bo_NT0VKOxHb_.Mfis63T7YG"
"s3://hcp-openaccess/HCP_1200/506234/MNINonLinear/Results/tfMRI_SOCIAL/tfMRI_SOCIAL_hp200_s8_level2.feat/design.png","506234","MNINonLinear//Results/tfMRI_SOCIAL/tfMRI_SOCIAL_hp200_s8_level2.feat/design.png","S8mQQ1fXz8Ku7sA8atXYGlHr6ZCnCvpp"
"s3://hcp-openaccess/HCP_1200/506234/MNINonLinear/Results/tfMRI_SOCIAL/tfMRI_SOCIAL_hp200_s8_level2.feat/design.ppm","506234","MNINonLinear//Results/tfMRI_SOCIAL/tfMRI_SOCIAL_hp200_s8_level2.feat/design.ppm","6PN7EDl_3drFKpJqwFC1iJvbnplnBDKs"
"s3://hcp-openaccess/HCP_1200/506234/MNINonLinear/Results/tfMRI_SOCIAL/tfMRI_SOCIAL_hp200_s8_level2.feat/design_cov.png","506234","MNINonLinear//Results/tfMRI_SOCIAL/tfMRI_SOCIAL_hp200_s8_level2.feat/design_cov.png","_eDcnzBxQMUP9h8jvk.fyvkW4paWt5Ka"
"s3://hcp-openaccess/HCP_1200/506234/MNINonLinear/Results/tfMRI_SOCIAL/tfMRI_SOCIAL_hp200_s8_level2.feat/design_cov.ppm","506234","MNINonLinear//Results/tfMRI_SOCIAL/tfMRI_SOCIAL_hp200_s8_level2.feat/design_cov.ppm","WjXNHbGwuwXEe5uHRU5_LHAwrFK52Roh"
"s3://hcp-openaccess/HCP_1200/506234/MNINonLinear/Results/tfMRI_SOCIAL_LR/EVs/SOCIAL_Stats.csv","506234","MNINonLinear//Results/tfMRI_SOCIAL_LR/EVs/SOCIAL_Stats.csv","Z7e1oRJhTJ6pGub_GshT7CwoUAVh0lus"
"s3://hcp-openaccess/HCP_1200/506234/MNINonLinear/Results/tfMRI_SOCIAL_LR/EVs/Sync.txt","506234","MNINonLinear//Results/tfMRI_SOCIAL_LR/EVs/Sync.txt","RLINYlz6OmA1E2_Tv8alow6xHKJ6Hx0a"
"s3://hcp-openaccess/HCP_1200/506234/MNINonLinear/Results/tfMRI_SOCIAL_LR/EVs/mental.txt","506234","MNINonLinear//Results/tfMRI_SOCIAL_LR/EVs/mental.txt","sgBL4eCNxh0P66BRGgiWHsnxFlXIaYlJ"
"s3://hcp-openaccess/HCP_1200/506234/MNINonLinear/Results/tfMRI_SOCIAL_LR/EVs/mental_resp.txt","506234","MNINonLinear//Results/tfMRI_SOCIAL_LR/EVs/mental_resp.txt","EpxnWA_ejm.TOrF41rW0GBVJz.1lH9m9"
"s3://hcp-openaccess/HCP_1200/506234/MNINonLinear/Results/tfMRI_SOCIAL_LR/EVs/other_resp.txt","506234","MNINonLinear//Results/tfMRI_SOCIAL_LR/EVs/other_resp.txt","81WfqqSjMTYxg3QNN5c7ofuBzAauDU1j"
"s3://hcp-openaccess/HCP_1200/506234/MNINonLinear/Results/tfMRI_SOCIAL_LR/EVs/rnd.txt","506234","MNINonLinear//Results/tfMRI_SOCIAL_LR/EVs/rnd.txt","PB.HPLt.JJgJ8teK2VI7YTy9gqYxbWXm"
"s3://hcp-openaccess/HCP_1200/506234/MNINonLinear/Results/tfMRI_SOCIAL_LR/Movement_AbsoluteRMS.txt","506234","MNINonLinear//Results/tfMRI_SOCIAL_LR/Movement_AbsoluteRMS.txt","lbnPUQ5e3g8ge3xKL1iMKbQeWsG0deSy"
"s3://hcp-openaccess/HCP_1200/506234/MNINonLinear/Results/tfMRI_SOCIAL_LR/Movement_AbsoluteRMS_mean.txt","506234","MNINonLinear//Results/tfMRI_SOCIAL_LR/Movement_AbsoluteRMS_mean.txt","fKnf_smuZB4OX.6bGZPWxf4yBfWO9rE."
"s3://hcp-openaccess/HCP_1200/506234/MNINonLinear/Results/tfMRI_SOCIAL_LR/Movement_Regressors.txt","506234","MNINonLinear//Results/tfMRI_SOCIAL_LR/Movement_Regressors.txt","WbADmSVp7RKa0WPFBz7pJuCQ.OgMgSGY"
"s3://hcp-openaccess/HCP_1200/506234/MNINonLinear/Results/tfMRI_SOCIAL_LR/Movement_Regressors_dt.txt","506234","MNINonLinear//Results/tfMRI_SOCIAL_LR/Movement_Regressors_dt.txt","dJyWm2cBJp3CVwqIp5Fp3_S7tNZpOFaS"
"s3://hcp-openaccess/HCP_1200/506234/MNINonLinear/Results/tfMRI_SOCIAL_LR/Movement_RelativeRMS.txt","506234","MNINonLinear//Results/tfMRI_SOCIAL_LR/Movement_RelativeRMS.txt","3c8miGWBM._cKpsocra6RnvY4JiBntQz"
"s3://hcp-openaccess/HCP_1200/506234/MNINonLinear/Results/tfMRI_SOCIAL_LR/Movement_RelativeRMS_mean.txt","506234","MNINonLinear//Results/tfMRI_SOCIAL_LR/Movement_RelativeRMS_mean.txt","A84SFtS_MQot9hiyEAZgtmD1tQ__zeFz"
"s3://hcp-openaccess/HCP_1200/506234/MNINonLinear/Results/tfMRI_SOCIAL_LR/PhaseOne_gdc_dc.nii.gz","506234","MNINonLinear//Results/tfMRI_SOCIAL_LR/PhaseOne_gdc_dc.nii.gz","rgO8Abzba_5jQ8Ox.DVU3_aiLo7IO4V3"
"s3://hcp-openaccess/HCP_1200/506234/MNINonLinear/Results/tfMRI_SOCIAL_LR/PhaseTwo_gdc_dc.nii.gz","506234","MNINonLinear//Results/tfMRI_SOCIAL_LR/PhaseTwo_gdc_dc.nii.gz","R1BIa1jK3ZLgfTHYz5ODDjBiKQSiGX9p"
"s3://hcp-openaccess/HCP_1200/506234/MNINonLinear/Results/tfMRI_SOCIAL_LR/RibbonVolumeToSurfaceMapping/goodvoxels.nii.gz","506234","MNINonLinear//Results/tfMRI_SOCIAL_LR/RibbonVolumeToSurfaceMapping/goodvoxels.nii.gz","aIo8Gvu5leFiR014oj5FL_YTjm1jgAAt"
"s3://hcp-openaccess/HCP_1200/506234/MNINonLinear/Results/tfMRI_SOCIAL_LR/SBRef_dc.nii.gz","506234","MNINonLinear//Results/tfMRI_SOCIAL_LR/SBRef_dc.nii.gz","To1tv1gmXR4uW7Llw1_ZYaknevtPKLE8"
"s3://hcp-openaccess/HCP_1200/506234/MNINonLinear/Results/tfMRI_SOCIAL_LR/SOCIAL_run2_TAB.txt","506234","MNINonLinear//Results/tfMRI_SOCIAL_LR/SOCIAL_run2_TAB.txt","7rxE7PBMaSWN17Z.Nf8xPIMSvOFjp3nI"
"s3://hcp-openaccess/HCP_1200/506234/MNINonLinear/Results/tfMRI_SOCIAL_LR/brainmask_fs.2.nii.gz","506234","MNINonLinear//Results/tfMRI_SOCIAL_LR/brainmask_fs.2.nii.gz","ytOPZVoPpmGvd5tmOScQXLQlUoDHfVOP"
"s3://hcp-openaccess/HCP_1200/506234/MNINonLinear/Results/tfMRI_SOCIAL_LR/tfMRI_SOCIAL_LR.L.native.func.gii","506234","MNINonLinear//Results/tfMRI_SOCIAL_LR/tfMRI_SOCIAL_LR.L.native.func.gii","Owa0Q1kBmIm.cM8yMWEMRP4_jXoS9Rbz"
"s3://hcp-openaccess/HCP_1200/506234/MNINonLinear/Results/tfMRI_SOCIAL_LR/tfMRI_SOCIAL_LR.R.native.func.gii","506234","MNINonLinear//Results/tfMRI_SOCIAL_LR/tfMRI_SOCIAL_LR.R.native.func.gii","sr.HWUfeRbXpW3hun3LxUnjtuhGb7b7M"
"s3://hcp-openaccess/HCP_1200/506234/MNINonLinear/Results/tfMRI_SOCIAL_LR/tfMRI_SOCIAL_LR.nii.gz","506234","MNINonLinear//Results/tfMRI_SOCIAL_LR/tfMRI_SOCIAL_LR.nii.gz","464kWQyMioeTO8Jpa3p684l8CsS_EK5v"
"s3://hcp-openaccess/HCP_1200/506234/MNINonLinear/Results/tfMRI_SOCIAL_LR/tfMRI_SOCIAL_LR_Atlas.dtseries.nii","506234","MNINonLinear//Results/tfMRI_SOCIAL_LR/tfMRI_SOCIAL_LR_Atlas.dtseries.nii","lJkMzLi1Y1R.VuGuXdboWrHypETrlWcc"
"s3://hcp-openaccess/HCP_1200/506234/MNINonLinear/Results/tfMRI_SOCIAL_LR/tfMRI_SOCIAL_LR_Atlas_MSMAll.dtseries.nii","506234","MNINonLinear//Results/tfMRI_SOCIAL_LR/tfMRI_SOCIAL_LR_Atlas_MSMAll.dtseries.nii","JbQdN5Mayt_ae9vKD2tcAAFS1UlhvY6_"
"s3://hcp-openaccess/HCP_1200/506234/MNINonLinear/Results/tfMRI_SOCIAL_LR/tfMRI_SOCIAL_LR_Jacobian.nii.gz","506234","MNINonLinear//Results/tfMRI_SOCIAL_LR/tfMRI_SOCIAL_LR_Jacobian.nii.gz","1rZNpSPMS5d9QptsIeSo74fgjbSl.KGi"
"s3://hcp-openaccess/HCP_1200/506234/MNINonLinear/Results/tfMRI_SOCIAL_LR/tfMRI_SOCIAL_LR_Physio_log.txt","506234","MNINonLinear//Results/tfMRI_SOCIAL_LR/tfMRI_SOCIAL_LR_Physio_log.txt","fwB32n0bepmFPOLIZENxSSiQB186Vc3v"
"s3://hcp-openaccess/HCP_1200/506234/MNINonLinear/Results/tfMRI_SOCIAL_LR/tfMRI_SOCIAL_LR_SBRef.nii.gz","506234","MNINonLinear//Results/tfMRI_SOCIAL_LR/tfMRI_SOCIAL_LR_SBRef.nii.gz","faSIUDgBBjUgi74V.K0K_s6tzIhzfZxU"
"s3://hcp-openaccess/HCP_1200/506234/MNINonLinear/Results/tfMRI_SOCIAL_LR/tfMRI_SOCIAL_LR_hp200_s4_level1.fsf","506234","MNINonLinear//Results/tfMRI_SOCIAL_LR/tfMRI_SOCIAL_LR_hp200_s4_level1.fsf","I1usVIOOKqfVqZT4B.X0DDIvLUoIX_hv"
"s3://hcp-openaccess/HCP_1200/506234/MNINonLinear/Results/tfMRI_SOCIAL_RL/EVs/SOCIAL_Stats.csv","506234","MNINonLinear//Results/tfMRI_SOCIAL_RL/EVs/SOCIAL_Stats.csv","CQSOqfPf8GZfAj4kvIiRhygpQrWGGOzr"
"s3://hcp-openaccess/HCP_1200/506234/MNINonLinear/Results/tfMRI_SOCIAL_RL/EVs/Sync.txt","506234","MNINonLinear//Results/tfMRI_SOCIAL_RL/EVs/Sync.txt","Vx5mfk8mZVovfrvH7pbhe4TgAnH7f3eG"
"s3://hcp-openaccess/HCP_1200/506234/MNINonLinear/Results/tfMRI_SOCIAL_RL/EVs/mental.txt","506234","MNINonLinear//Results/tfMRI_SOCIAL_RL/EVs/mental.txt","hxmHznwx0iHCCed5Nbys2o8ZSEOIRPj8"
"s3://hcp-openaccess/HCP_1200/506234/MNINonLinear/Results/tfMRI_SOCIAL_RL/EVs/mental_resp.txt","506234","MNINonLinear//Results/tfMRI_SOCIAL_RL/EVs/mental_resp.txt","kCA7_N2yxuaGokl6BIHmJ7xyVIjFNn0U"
"s3://hcp-openaccess/HCP_1200/506234/MNINonLinear/Results/tfMRI_SOCIAL_RL/EVs/other_resp.txt","506234","MNINonLinear//Results/tfMRI_SOCIAL_RL/EVs/other_resp.txt","2e8V_gH3FJy8wONUuHl4vw5UQNOs.Z.C"
"s3://hcp-openaccess/HCP_1200/506234/MNINonLinear/Results/tfMRI_SOCIAL_RL/EVs/rnd.txt","506234","MNINonLinear//Results/tfMRI_SOCIAL_RL/EVs/rnd.txt","E2BKfQQjI69hjtT7kc2fMXIJooXBv3E6"
"s3://hcp-openaccess/HCP_1200/506234/MNINonLinear/Results/tfMRI_SOCIAL_RL/Movement_AbsoluteRMS.txt","506234","MNINonLinear//Results/tfMRI_SOCIAL_RL/Movement_AbsoluteRMS.txt","eM4_jHLupu_vO8yWxr3Uvg_.Xa9K4lnF"
"s3://hcp-openaccess/HCP_1200/506234/MNINonLinear/Results/tfMRI_SOCIAL_RL/Movement_AbsoluteRMS_mean.txt","506234","MNINonLinear//Results/tfMRI_SOCIAL_RL/Movement_AbsoluteRMS_mean.txt","DlXfzYeFM0ocCByXfP4gfJlAIX9sp4GS"
"s3://hcp-openaccess/HCP_1200/506234/MNINonLinear/Results/tfMRI_SOCIAL_RL/Movement_Regressors.txt","506234","MNINonLinear//Results/tfMRI_SOCIAL_RL/Movement_Regressors.txt","QbyGBBPlnwOg8DrzQcdDDFEIR9itqqF5"
"s3://hcp-openaccess/HCP_1200/506234/MNINonLinear/Results/tfMRI_SOCIAL_RL/Movement_Regressors_dt.txt","506234","MNINonLinear//Results/tfMRI_SOCIAL_RL/Movement_Regressors_dt.txt","3QZz76MUa61oIhSCc74dhUyPiQ56n6II"
"s3://hcp-openaccess/HCP_1200/506234/MNINonLinear/Results/tfMRI_SOCIAL_RL/Movement_RelativeRMS.txt","506234","MNINonLinear//Results/tfMRI_SOCIAL_RL/Movement_RelativeRMS.txt","J83E4O4mwpSLUlk0KAubG9oojZAAWtU_"
"s3://hcp-openaccess/HCP_1200/506234/MNINonLinear/Results/tfMRI_SOCIAL_RL/Movement_RelativeRMS_mean.txt","506234","MNINonLinear//Results/tfMRI_SOCIAL_RL/Movement_RelativeRMS_mean.txt",".k8yI4i.ezHznf40vdh1mXbb3IJIIbZl"
"s3://hcp-openaccess/HCP_1200/506234/MNINonLinear/Results/tfMRI_SOCIAL_RL/PhaseOne_gdc_dc.nii.gz","506234","MNINonLinear//Results/tfMRI_SOCIAL_RL/PhaseOne_gdc_dc.nii.gz","c9r73aqSbi80vjFJrTFOtXlAkkqaUqYr"
"s3://hcp-openaccess/HCP_1200/506234/MNINonLinear/Results/tfMRI_SOCIAL_RL/PhaseTwo_gdc_dc.nii.gz","506234","MNINonLinear//Results/tfMRI_SOCIAL_RL/PhaseTwo_gdc_dc.nii.gz","sAoqryM2vYOPQm9LBOXVhn1LXmzg2cNm"
"s3://hcp-openaccess/HCP_1200/506234/MNINonLinear/Results/tfMRI_SOCIAL_RL/RibbonVolumeToSurfaceMapping/goodvoxels.nii.gz","506234","MNINonLinear//Results/tfMRI_SOCIAL_RL/RibbonVolumeToSurfaceMapping/goodvoxels.nii.gz","PsHA_KQjGa6v61Jp93GZuB5fiI1gzEBF"
"s3://hcp-openaccess/HCP_1200/506234/MNINonLinear/Results/tfMRI_SOCIAL_RL/SBRef_dc.nii.gz","506234","MNINonLinear//Results/tfMRI_SOCIAL_RL/SBRef_dc.nii.gz","GeM9HUD80vhWzP.mh8JNU4.L0iCTR3nP"
"s3://hcp-openaccess/HCP_1200/506234/MNINonLinear/Results/tfMRI_SOCIAL_RL/SOCIAL_run1_TAB.txt","506234","MNINonLinear//Results/tfMRI_SOCIAL_RL/SOCIAL_run1_TAB.txt","_yukTowf_szhjq5OZuFNb.aIbJZ8ddYF"
"s3://hcp-openaccess/HCP_1200/506234/MNINonLinear/Results/tfMRI_SOCIAL_RL/brainmask_fs.2.nii.gz","506234","MNINonLinear//Results/tfMRI_SOCIAL_RL/brainmask_fs.2.nii.gz","DZEhV1.BGtg.jLgyXNWJRntGnzxPeSpL"
"s3://hcp-openaccess/HCP_1200/506234/MNINonLinear/Results/tfMRI_SOCIAL_RL/tfMRI_SOCIAL_RL.L.native.func.gii","506234","MNINonLinear//Results/tfMRI_SOCIAL_RL/tfMRI_SOCIAL_RL.L.native.func.gii","kytPtq0EXBRhHOsGG__lIIX.TOdjX_8F"
"s3://hcp-openaccess/HCP_1200/506234/MNINonLinear/Results/tfMRI_SOCIAL_RL/tfMRI_SOCIAL_RL.R.native.func.gii","506234","MNINonLinear//Results/tfMRI_SOCIAL_RL/tfMRI_SOCIAL_RL.R.native.func.gii","zkHkwClsX_EvrSCTDgPiOtgM1uGlL3cd"
"s3://hcp-openaccess/HCP_1200/506234/MNINonLinear/Results/tfMRI_SOCIAL_RL/tfMRI_SOCIAL_RL.nii.gz","506234","MNINonLinear//Results/tfMRI_SOCIAL_RL/tfMRI_SOCIAL_RL.nii.gz","fzaMzGObJ8trCw7HrW1.RO7DqHQoINPr"
"s3://hcp-openaccess/HCP_1200/506234/MNINonLinear/Results/tfMRI_SOCIAL_RL/tfMRI_SOCIAL_RL_Atlas.dtseries.nii","506234","MNINonLinear//Results/tfMRI_SOCIAL_RL/tfMRI_SOCIAL_RL_Atlas.dtseries.nii","gNg6TgaQhVPyc.h0Or87n1VYcYN9pS3F"
"s3://hcp-openaccess/HCP_1200/506234/MNINonLinear/Results/tfMRI_SOCIAL_RL/tfMRI_SOCIAL_RL_Atlas_MSMAll.dtseries.nii","506234","MNINonLinear//Results/tfMRI_SOCIAL_RL/tfMRI_SOCIAL_RL_Atlas_MSMAll.dtseries.nii","z1fMpP3wJEhUKB92yrKpVe3G7hipieW6"
"s3://hcp-openaccess/HCP_1200/506234/MNINonLinear/Results/tfMRI_SOCIAL_RL/tfMRI_SOCIAL_RL_Jacobian.nii.gz","506234","MNINonLinear//Results/tfMRI_SOCIAL_RL/tfMRI_SOCIAL_RL_Jacobian.nii.gz","1D_QxZTDSCev5rehAObbQ804lDX5UBsC"
"s3://hcp-openaccess/HCP_1200/506234/MNINonLinear/Results/tfMRI_SOCIAL_RL/tfMRI_SOCIAL_RL_Physio_log.txt","506234","MNINonLinear//Results/tfMRI_SOCIAL_RL/tfMRI_SOCIAL_RL_Physio_log.txt","KBtiGw6oKttNORxlIupmswE8M3b3IeWA"
"s3://hcp-openaccess/HCP_1200/506234/MNINonLinear/Results/tfMRI_SOCIAL_RL/tfMRI_SOCIAL_RL_SBRef.nii.gz","506234","MNINonLinear//Results/tfMRI_SOCIAL_RL/tfMRI_SOCIAL_RL_SBRef.nii.gz","8ClLOroP5T56fBHJIk4LHeIc9miCz0OC"
"s3://hcp-openaccess/HCP_1200/506234/MNINonLinear/Results/tfMRI_SOCIAL_RL/tfMRI_SOCIAL_RL_hp200_s4_level1.fsf","506234","MNINonLinear//Results/tfMRI_SOCIAL_RL/tfMRI_SOCIAL_RL_hp200_s4_level1.fsf","7_t9zCV0tmuZXCc6CM9UWqE3nBND.FAg"
"s3://hcp-openaccess/HCP_1200/506234/MNINonLinear/Results/tfMRI_WM/prepare_level2_feat_analysis.sh","506234","MNINonLinear//Results/tfMRI_WM/prepare_level2_feat_analysis.sh","gTL.mIVVwbZdmoGiYPyPDoDpiyb7L9jJ"
"s3://hcp-openaccess/HCP_1200/506234/MNINonLinear/Results/tfMRI_WM/tfMRI_WM_hp200_s12_level2.feat/506234_tfMRI_WM_level2_hp200_s12.dscalar.nii","506234","MNINonLinear//Results/tfMRI_WM/tfMRI_WM_hp200_s12_level2.feat/506234_tfMRI_WM_level2_hp200_s12.dscalar.nii","3o2WfCs5CbnjdSO42zTkwGDvbFEZvbUX"
"s3://hcp-openaccess/HCP_1200/506234/MNINonLinear/Results/tfMRI_WM/tfMRI_WM_hp200_s12_level2.feat/Contrasts.txt","506234","MNINonLinear//Results/tfMRI_WM/tfMRI_WM_hp200_s12_level2.feat/Contrasts.txt","lFFpum_h49QSqwdLIGwBzZn5anf8gk7u"
"s3://hcp-openaccess/HCP_1200/506234/MNINonLinear/Results/tfMRI_WM/tfMRI_WM_hp200_s12_level2.feat/GrayordinatesStats/cope1.feat/cope1.dtseries.nii","506234","MNINonLinear//Results/tfMRI_WM/tfMRI_WM_hp200_s12_level2.feat/GrayordinatesStats/cope1.feat/cope1.dtseries.nii","BYsoo.iJ26Nq4oo9a4lMhUe8SwINTyAr"
"s3://hcp-openaccess/HCP_1200/506234/MNINonLinear/Results/tfMRI_WM/tfMRI_WM_hp200_s12_level2.feat/GrayordinatesStats/cope1.feat/logfile","506234","MNINonLinear//Results/tfMRI_WM/tfMRI_WM_hp200_s12_level2.feat/GrayordinatesStats/cope1.feat/logfile","OzZUnfZoEK5cDUP_m7Jrjtu7C2Aww9cR"
"s3://hcp-openaccess/HCP_1200/506234/MNINonLinear/Results/tfMRI_WM/tfMRI_WM_hp200_s12_level2.feat/GrayordinatesStats/cope1.feat/mask.dtseries.nii","506234","MNINonLinear//Results/tfMRI_WM/tfMRI_WM_hp200_s12_level2.feat/GrayordinatesStats/cope1.feat/mask.dtseries.nii","GZ9ImihSD90Akii5JgrX62NrvES0F7OR"
"s3://hcp-openaccess/HCP_1200/506234/MNINonLinear/Results/tfMRI_WM/tfMRI_WM_hp200_s12_level2.feat/GrayordinatesStats/cope1.feat/mean_random_effects_var1.dtseries.nii","506234","MNINonLinear//Results/tfMRI_WM/tfMRI_WM_hp200_s12_level2.feat/GrayordinatesStats/cope1.feat/mean_random_effects_var1.dtseries.nii","NnNzeABkxR8pHUWXHHvkb73vhu0.jiDZ"
"s3://hcp-openaccess/HCP_1200/506234/MNINonLinear/Results/tfMRI_WM/tfMRI_WM_hp200_s12_level2.feat/GrayordinatesStats/cope1.feat/pe1.dtseries.nii","506234","MNINonLinear//Results/tfMRI_WM/tfMRI_WM_hp200_s12_level2.feat/GrayordinatesStats/cope1.feat/pe1.dtseries.nii","QngqQhsc_caXRQ3RMAyWYY86Zufwo8zF"
"s3://hcp-openaccess/HCP_1200/506234/MNINonLinear/Results/tfMRI_WM/tfMRI_WM_hp200_s12_level2.feat/GrayordinatesStats/cope1.feat/res4d.dtseries.nii","506234","MNINonLinear//Results/tfMRI_WM/tfMRI_WM_hp200_s12_level2.feat/GrayordinatesStats/cope1.feat/res4d.dtseries.nii","gSiA3nNM1thfGsO9pw1ZzOH9BN7FZjbq"
"s3://hcp-openaccess/HCP_1200/506234/MNINonLinear/Results/tfMRI_WM/tfMRI_WM_hp200_s12_level2.feat/GrayordinatesStats/cope1.feat/tdof_t1.dtseries.nii","506234","MNINonLinear//Results/tfMRI_WM/tfMRI_WM_hp200_s12_level2.feat/GrayordinatesStats/cope1.feat/tdof_t1.dtseries.nii","humNae1DEOS5xane3p0wUgA8cuZzk6P6"
"s3://hcp-openaccess/HCP_1200/506234/MNINonLinear/Results/tfMRI_WM/tfMRI_WM_hp200_s12_level2.feat/GrayordinatesStats/cope1.feat/tstat1.dtseries.nii","506234","MNINonLinear//Results/tfMRI_WM/tfMRI_WM_hp200_s12_level2.feat/GrayordinatesStats/cope1.feat/tstat1.dtseries.nii","gLthZdW2vztf9anuyB3UsrX6Lzfv0TBU"
"s3://hcp-openaccess/HCP_1200/506234/MNINonLinear/Results/tfMRI_WM/tfMRI_WM_hp200_s12_level2.feat/GrayordinatesStats/cope1.feat/varcope1.dtseries.nii","506234","MNINonLinear//Results/tfMRI_WM/tfMRI_WM_hp200_s12_level2.feat/GrayordinatesStats/cope1.feat/varcope1.dtseries.nii","kutYH7SP97.AWBKCdLlVKOh6089xEZdF"
"s3://hcp-openaccess/HCP_1200/506234/MNINonLinear/Results/tfMRI_WM/tfMRI_WM_hp200_s12_level2.feat/GrayordinatesStats/cope1.feat/weights1.dtseries.nii","506234","MNINonLinear//Results/tfMRI_WM/tfMRI_WM_hp200_s12_level2.feat/GrayordinatesStats/cope1.feat/weights1.dtseries.nii","Ztr7ajnpJ6J7wOjMB1xArb.Y1ICe1wa."
"s3://hcp-openaccess/HCP_1200/506234/MNINonLinear/Results/tfMRI_WM/tfMRI_WM_hp200_s12_level2.feat/GrayordinatesStats/cope1.feat/zflame1lowertstat1.dtseries.nii","506234","MNINonLinear//Results/tfMRI_WM/tfMRI_WM_hp200_s12_level2.feat/GrayordinatesStats/cope1.feat/zflame1lowertstat1.dtseries.nii","doHMIS604iXpuk6wxPE9MGGj9i0Q7uhV"
"s3://hcp-openaccess/HCP_1200/506234/MNINonLinear/Results/tfMRI_WM/tfMRI_WM_hp200_s12_level2.feat/GrayordinatesStats/cope1.feat/zflame1uppertstat1.dtseries.nii","506234","MNINonLinear//Results/tfMRI_WM/tfMRI_WM_hp200_s12_level2.feat/GrayordinatesStats/cope1.feat/zflame1uppertstat1.dtseries.nii","jJ68hygClIbaFZm8iyIPyj.1uGjDXRIF"
"s3://hcp-openaccess/HCP_1200/506234/MNINonLinear/Results/tfMRI_WM/tfMRI_WM_hp200_s12_level2.feat/GrayordinatesStats/cope1.feat/zstat1.dtseries.nii","506234","MNINonLinear//Results/tfMRI_WM/tfMRI_WM_hp200_s12_level2.feat/GrayordinatesStats/cope1.feat/zstat1.dtseries.nii","hksSH8uTwAKMVs6GOmlajtzJ7Iu_XFNR"
"s3://hcp-openaccess/HCP_1200/506234/MNINonLinear/Results/tfMRI_WM/tfMRI_WM_hp200_s12_level2.feat/GrayordinatesStats/cope10.feat/cope1.dtseries.nii","506234","MNINonLinear//Results/tfMRI_WM/tfMRI_WM_hp200_s12_level2.feat/GrayordinatesStats/cope10.feat/cope1.dtseries.nii","yyuB2APAw.1rxGkEu32n02TY1Ie8sbOm"
"s3://hcp-openaccess/HCP_1200/506234/MNINonLinear/Results/tfMRI_WM/tfMRI_WM_hp200_s12_level2.feat/GrayordinatesStats/cope10.feat/logfile","506234","MNINonLinear//Results/tfMRI_WM/tfMRI_WM_hp200_s12_level2.feat/GrayordinatesStats/cope10.feat/logfile","73dPsublEoz6kYDvYxWtA778LS8Q9yQu"
"s3://hcp-openaccess/HCP_1200/506234/MNINonLinear/Results/tfMRI_WM/tfMRI_WM_hp200_s12_level2.feat/GrayordinatesStats/cope10.feat/mask.dtseries.nii","506234","MNINonLinear//Results/tfMRI_WM/tfMRI_WM_hp200_s12_level2.feat/GrayordinatesStats/cope10.feat/mask.dtseries.nii","wmIRj9sbYxAGScK8NZMfpI1ChR_N.YAu"
"s3://hcp-openaccess/HCP_1200/506234/MNINonLinear/Results/tfMRI_WM/tfMRI_WM_hp200_s12_level2.feat/GrayordinatesStats/cope10.feat/mean_random_effects_var1.dtseries.nii","506234","MNINonLinear//Results/tfMRI_WM/tfMRI_WM_hp200_s12_level2.feat/GrayordinatesStats/cope10.feat/mean_random_effects_var1.dtseries.nii","e6inB6xA99wonSD1fVle.j4_FYSHhqZF"
"s3://hcp-openaccess/HCP_1200/506234/MNINonLinear/Results/tfMRI_WM/tfMRI_WM_hp200_s12_level2.feat/GrayordinatesStats/cope10.feat/pe1.dtseries.nii","506234","MNINonLinear//Results/tfMRI_WM/tfMRI_WM_hp200_s12_level2.feat/GrayordinatesStats/cope10.feat/pe1.dtseries.nii","q5jRjO183_QX8Lqnt2PAJ7OB0KbnneI8"
"s3://hcp-openaccess/HCP_1200/506234/MNINonLinear/Results/tfMRI_WM/tfMRI_WM_hp200_s12_level2.feat/GrayordinatesStats/cope10.feat/res4d.dtseries.nii","506234","MNINonLinear//Results/tfMRI_WM/tfMRI_WM_hp200_s12_level2.feat/GrayordinatesStats/cope10.feat/res4d.dtseries.nii","uLENPnKDxYRjuKGYvG.RTTjl0NkN2ck9"
"s3://hcp-openaccess/HCP_1200/506234/MNINonLinear/Results/tfMRI_WM/tfMRI_WM_hp200_s12_level2.feat/GrayordinatesStats/cope10.feat/tdof_t1.dtseries.nii","506234","MNINonLinear//Results/tfMRI_WM/tfMRI_WM_hp200_s12_level2.feat/GrayordinatesStats/cope10.feat/tdof_t1.dtseries.nii","WVrdf6V_HbeJVeg_AhhLBjwizXuowMT7"
"s3://hcp-openaccess/HCP_1200/506234/MNINonLinear/Results/tfMRI_WM/tfMRI_WM_hp200_s12_level2.feat/GrayordinatesStats/cope10.feat/tstat1.dtseries.nii","506234","MNINonLinear//Results/tfMRI_WM/tfMRI_WM_hp200_s12_level2.feat/GrayordinatesStats/cope10.feat/tstat1.dtseries.nii","IhLpxVITAKMwlVrvFPj7ezBa_Wgq9kUT"
"s3://hcp-openaccess/HCP_1200/506234/MNINonLinear/Results/tfMRI_WM/tfMRI_WM_hp200_s12_level2.feat/GrayordinatesStats/cope10.feat/varcope1.dtseries.nii","506234","MNINonLinear//Results/tfMRI_WM/tfMRI_WM_hp200_s12_level2.feat/GrayordinatesStats/cope10.feat/varcope1.dtseries.nii","HArXklXJx5YuBjWX.lXFy8eUIW8M_2MR"
"s3://hcp-openaccess/HCP_1200/506234/MNINonLinear/Results/tfMRI_WM/tfMRI_WM_hp200_s12_level2.feat/GrayordinatesStats/cope10.feat/weights1.dtseries.nii","506234","MNINonLinear//Results/tfMRI_WM/tfMRI_WM_hp200_s12_level2.feat/GrayordinatesStats/cope10.feat/weights1.dtseries.nii","NpyqtXWSEtF25lFx8l5eeXssiv2f_q9P"
"s3://hcp-openaccess/HCP_1200/506234/MNINonLinear/Results/tfMRI_WM/tfMRI_WM_hp200_s12_level2.feat/GrayordinatesStats/cope10.feat/zflame1lowertstat1.dtseries.nii","506234","MNINonLinear//Results/tfMRI_WM/tfMRI_WM_hp200_s12_level2.feat/GrayordinatesStats/cope10.feat/zflame1lowertstat1.dtseries.nii","QquZv9CXbAoXzLMdPWSL.3VcjOBNvSvZ"
"s3://hcp-openaccess/HCP_1200/506234/MNINonLinear/Results/tfMRI_WM/tfMRI_WM_hp200_s12_level2.feat/GrayordinatesStats/cope10.feat/zflame1uppertstat1.dtseries.nii","506234","MNINonLinear//Results/tfMRI_WM/tfMRI_WM_hp200_s12_level2.feat/GrayordinatesStats/cope10.feat/zflame1uppertstat1.dtseries.nii","NQv.rwdnDWDuWH4mGgPlJHNr2DF0TVMA"
"s3://hcp-openaccess/HCP_1200/506234/MNINonLinear/Results/tfMRI_WM/tfMRI_WM_hp200_s12_level2.feat/GrayordinatesStats/cope10.feat/zstat1.dtseries.nii","506234","MNINonLinear//Results/tfMRI_WM/tfMRI_WM_hp200_s12_level2.feat/GrayordinatesStats/cope10.feat/zstat1.dtseries.nii","E7E7sPYAipbkQA77SMA3JRsJJqUEHccq"
"s3://hcp-openaccess/HCP_1200/506234/MNINonLinear/Results/tfMRI_WM/tfMRI_WM_hp200_s12_level2.feat/GrayordinatesStats/cope11.feat/cope1.dtseries.nii","506234","MNINonLinear//Results/tfMRI_WM/tfMRI_WM_hp200_s12_level2.feat/GrayordinatesStats/cope11.feat/cope1.dtseries.nii","fUJm8Pn2KA.CFz1jWE9MA.hn3xYE8Lwe"
"s3://hcp-openaccess/HCP_1200/506234/MNINonLinear/Results/tfMRI_WM/tfMRI_WM_hp200_s12_level2.feat/GrayordinatesStats/cope11.feat/logfile","506234","MNINonLinear//Results/tfMRI_WM/tfMRI_WM_hp200_s12_level2.feat/GrayordinatesStats/cope11.feat/logfile","zTrYMMmV8n5qUW73.ieQAQe12xZ1wzAf"
"s3://hcp-openaccess/HCP_1200/506234/MNINonLinear/Results/tfMRI_WM/tfMRI_WM_hp200_s12_level2.feat/GrayordinatesStats/cope11.feat/mask.dtseries.nii","506234","MNINonLinear//Results/tfMRI_WM/tfMRI_WM_hp200_s12_level2.feat/GrayordinatesStats/cope11.feat/mask.dtseries.nii","FhiRGtppax6tH9bxUK2L_PCYKVdPRCaF"
"s3://hcp-openaccess/HCP_1200/506234/MNINonLinear/Results/tfMRI_WM/tfMRI_WM_hp200_s12_level2.feat/GrayordinatesStats/cope11.feat/mean_random_effects_var1.dtseries.nii","506234","MNINonLinear//Results/tfMRI_WM/tfMRI_WM_hp200_s12_level2.feat/GrayordinatesStats/cope11.feat/mean_random_effects_var1.dtseries.nii","5BRCwIPAZtfpm2xJNo7aPOOeez4401rF"
"s3://hcp-openaccess/HCP_1200/506234/MNINonLinear/Results/tfMRI_WM/tfMRI_WM_hp200_s12_level2.feat/GrayordinatesStats/cope11.feat/pe1.dtseries.nii","506234","MNINonLinear//Results/tfMRI_WM/tfMRI_WM_hp200_s12_level2.feat/GrayordinatesStats/cope11.feat/pe1.dtseries.nii","nzcxCC_bBKG6qk3NyxcquiotSdrT45M2"
"s3://hcp-openaccess/HCP_1200/506234/MNINonLinear/Results/tfMRI_WM/tfMRI_WM_hp200_s12_level2.feat/GrayordinatesStats/cope11.feat/res4d.dtseries.nii","506234","MNINonLinear//Results/tfMRI_WM/tfMRI_WM_hp200_s12_level2.feat/GrayordinatesStats/cope11.feat/res4d.dtseries.nii","DnR98OBw_0w5.jWQ2vH02savpcwRCjSO"
"s3://hcp-openaccess/HCP_1200/506234/MNINonLinear/Results/tfMRI_WM/tfMRI_WM_hp200_s12_level2.feat/GrayordinatesStats/cope11.feat/tdof_t1.dtseries.nii","506234","MNINonLinear//Results/tfMRI_WM/tfMRI_WM_hp200_s12_level2.feat/GrayordinatesStats/cope11.feat/tdof_t1.dtseries.nii","lSgQ9eS_EEH04fAYG3f810QCZdmPkZoJ"
"s3://hcp-openaccess/HCP_1200/506234/MNINonLinear/Results/tfMRI_WM/tfMRI_WM_hp200_s12_level2.feat/GrayordinatesStats/cope11.feat/tstat1.dtseries.nii","506234","MNINonLinear//Results/tfMRI_WM/tfMRI_WM_hp200_s12_level2.feat/GrayordinatesStats/cope11.feat/tstat1.dtseries.nii","b1sPpm3lf2ovvAjRcH1vuQgEJKm3uIbv"
"s3://hcp-openaccess/HCP_1200/506234/MNINonLinear/Results/tfMRI_WM/tfMRI_WM_hp200_s12_level2.feat/GrayordinatesStats/cope11.feat/varcope1.dtseries.nii","506234","MNINonLinear//Results/tfMRI_WM/tfMRI_WM_hp200_s12_level2.feat/GrayordinatesStats/cope11.feat/varcope1.dtseries.nii","5Yo0heEtd6HtzsAPIcEakPwv0d5Op2bu"
"s3://hcp-openaccess/HCP_1200/506234/MNINonLinear/Results/tfMRI_WM/tfMRI_WM_hp200_s12_level2.feat/GrayordinatesStats/cope11.feat/weights1.dtseries.nii","506234","MNINonLinear//Results/tfMRI_WM/tfMRI_WM_hp200_s12_level2.feat/GrayordinatesStats/cope11.feat/weights1.dtseries.nii","BOJhsyVtMiuY0jThzY2K0cr38cZgz.LA"
"s3://hcp-openaccess/HCP_1200/506234/MNINonLinear/Results/tfMRI_WM/tfMRI_WM_hp200_s12_level2.feat/GrayordinatesStats/cope11.feat/zflame1lowertstat1.dtseries.nii","506234","MNINonLinear//Results/tfMRI_WM/tfMRI_WM_hp200_s12_level2.feat/GrayordinatesStats/cope11.feat/zflame1lowertstat1.dtseries.nii","BQmjMxVFZAh7LpPNShabN85htVQNrKC0"
"s3://hcp-openaccess/HCP_1200/506234/MNINonLinear/Results/tfMRI_WM/tfMRI_WM_hp200_s12_level2.feat/GrayordinatesStats/cope11.feat/zflame1uppertstat1.dtseries.nii","506234","MNINonLinear//Results/tfMRI_WM/tfMRI_WM_hp200_s12_level2.feat/GrayordinatesStats/cope11.feat/zflame1uppertstat1.dtseries.nii","RmSoP4e8EghOsdge0Z0fPy4YIETI.4qu"
"s3://hcp-openaccess/HCP_1200/506234/MNINonLinear/Results/tfMRI_WM/tfMRI_WM_hp200_s12_level2.feat/GrayordinatesStats/cope11.feat/zstat1.dtseries.nii","506234","MNINonLinear//Results/tfMRI_WM/tfMRI_WM_hp200_s12_level2.feat/GrayordinatesStats/cope11.feat/zstat1.dtseries.nii","vRjdjOIJvKRrRs8OWufC8cL2O.urMnA_"
"s3://hcp-openaccess/HCP_1200/506234/MNINonLinear/Results/tfMRI_WM/tfMRI_WM_hp200_s12_level2.feat/GrayordinatesStats/cope12.feat/cope1.dtseries.nii","506234","MNINonLinear//Results/tfMRI_WM/tfMRI_WM_hp200_s12_level2.feat/GrayordinatesStats/cope12.feat/cope1.dtseries.nii","iQF8LNtmDoffYVd3FDkqjbZGO23cpwgK"
"s3://hcp-openaccess/HCP_1200/506234/MNINonLinear/Results/tfMRI_WM/tfMRI_WM_hp200_s12_level2.feat/GrayordinatesStats/cope12.feat/logfile","506234","MNINonLinear//Results/tfMRI_WM/tfMRI_WM_hp200_s12_level2.feat/GrayordinatesStats/cope12.feat/logfile","0hWkDCXDKHG38ypen4jsXv.ClrxzoHre"
"s3://hcp-openaccess/HCP_1200/506234/MNINonLinear/Results/tfMRI_WM/tfMRI_WM_hp200_s12_level2.feat/GrayordinatesStats/cope12.feat/mask.dtseries.nii","506234","MNINonLinear//Results/tfMRI_WM/tfMRI_WM_hp200_s12_level2.feat/GrayordinatesStats/cope12.feat/mask.dtseries.nii","HC.x1NDSNZc9hTeSplhQUgL_v4MAwa3h"
"s3://hcp-openaccess/HCP_1200/506234/MNINonLinear/Results/tfMRI_WM/tfMRI_WM_hp200_s12_level2.feat/GrayordinatesStats/cope12.feat/mean_random_effects_var1.dtseries.nii","506234","MNINonLinear//Results/tfMRI_WM/tfMRI_WM_hp200_s12_level2.feat/GrayordinatesStats/cope12.feat/mean_random_effects_var1.dtseries.nii","_WTzpdFPW0hF1s6J44Egpg5NFphhWqPk"
"s3://hcp-openaccess/HCP_1200/506234/MNINonLinear/Results/tfMRI_WM/tfMRI_WM_hp200_s12_level2.feat/GrayordinatesStats/cope12.feat/pe1.dtseries.nii","506234","MNINonLinear//Results/tfMRI_WM/tfMRI_WM_hp200_s12_level2.feat/GrayordinatesStats/cope12.feat/pe1.dtseries.nii","gdtHWTpnDWsGfoMeyXVldYNGnAoW8YjB"
"s3://hcp-openaccess/HCP_1200/506234/MNINonLinear/Results/tfMRI_WM/tfMRI_WM_hp200_s12_level2.feat/GrayordinatesStats/cope12.feat/res4d.dtseries.nii","506234","MNINonLinear//Results/tfMRI_WM/tfMRI_WM_hp200_s12_level2.feat/GrayordinatesStats/cope12.feat/res4d.dtseries.nii","R0rSjMa470eSr.9APG.GhS8eVqPDz4iP"
"s3://hcp-openaccess/HCP_1200/506234/MNINonLinear/Results/tfMRI_WM/tfMRI_WM_hp200_s12_level2.feat/GrayordinatesStats/cope12.feat/tdof_t1.dtseries.nii","506234","MNINonLinear//Results/tfMRI_WM/tfMRI_WM_hp200_s12_level2.feat/GrayordinatesStats/cope12.feat/tdof_t1.dtseries.nii","3Nyxmn90XRDZ3lLZ7j9GqjtUCXllo9cZ"
"s3://hcp-openaccess/HCP_1200/506234/MNINonLinear/Results/tfMRI_WM/tfMRI_WM_hp200_s12_level2.feat/GrayordinatesStats/cope12.feat/tstat1.dtseries.nii","506234","MNINonLinear//Results/tfMRI_WM/tfMRI_WM_hp200_s12_level2.feat/GrayordinatesStats/cope12.feat/tstat1.dtseries.nii","RpY_oxGs6PM1q2mXmL32azuI1ktyv_JN"
"s3://hcp-openaccess/HCP_1200/506234/MNINonLinear/Results/tfMRI_WM/tfMRI_WM_hp200_s12_level2.feat/GrayordinatesStats/cope12.feat/varcope1.dtseries.nii","506234","MNINonLinear//Results/tfMRI_WM/tfMRI_WM_hp200_s12_level2.feat/GrayordinatesStats/cope12.feat/varcope1.dtseries.nii","rz8tv9zrMQhu2A3dmf2okOx9eNwMpoZd"
"s3://hcp-openaccess/HCP_1200/506234/MNINonLinear/Results/tfMRI_WM/tfMRI_WM_hp200_s12_level2.feat/GrayordinatesStats/cope12.feat/weights1.dtseries.nii","506234","MNINonLinear//Results/tfMRI_WM/tfMRI_WM_hp200_s12_level2.feat/GrayordinatesStats/cope12.feat/weights1.dtseries.nii","ym2PClEM7jPjRBAOGrIk6WULkQrOcAiO"
"s3://hcp-openaccess/HCP_1200/506234/MNINonLinear/Results/tfMRI_WM/tfMRI_WM_hp200_s12_level2.feat/GrayordinatesStats/cope12.feat/zflame1lowertstat1.dtseries.nii","506234","MNINonLinear//Results/tfMRI_WM/tfMRI_WM_hp200_s12_level2.feat/GrayordinatesStats/cope12.feat/zflame1lowertstat1.dtseries.nii","oYEIPfW.wFDU6xlugx.vL2_cGPcSnbQr"
"s3://hcp-openaccess/HCP_1200/506234/MNINonLinear/Results/tfMRI_WM/tfMRI_WM_hp200_s12_level2.feat/GrayordinatesStats/cope12.feat/zflame1uppertstat1.dtseries.nii","506234","MNINonLinear//Results/tfMRI_WM/tfMRI_WM_hp200_s12_level2.feat/GrayordinatesStats/cope12.feat/zflame1uppertstat1.dtseries.nii","KIVxRauG1SxIt5nIUirqkda.CHFHLecz"
"s3://hcp-openaccess/HCP_1200/506234/MNINonLinear/Results/tfMRI_WM/tfMRI_WM_hp200_s12_level2.feat/GrayordinatesStats/cope12.feat/zstat1.dtseries.nii","506234","MNINonLinear//Results/tfMRI_WM/tfMRI_WM_hp200_s12_level2.feat/GrayordinatesStats/cope12.feat/zstat1.dtseries.nii","zdrT0vcTuaIsd_zPzEeFFWGwiw3pXPmJ"
"s3://hcp-openaccess/HCP_1200/506234/MNINonLinear/Results/tfMRI_WM/tfMRI_WM_hp200_s12_level2.feat/GrayordinatesStats/cope13.feat/cope1.dtseries.nii","506234","MNINonLinear//Results/tfMRI_WM/tfMRI_WM_hp200_s12_level2.feat/GrayordinatesStats/cope13.feat/cope1.dtseries.nii","LE4w73onkKHYeKNVW3NWJFtGD5UC4SIf"
"s3://hcp-openaccess/HCP_1200/506234/MNINonLinear/Results/tfMRI_WM/tfMRI_WM_hp200_s12_level2.feat/GrayordinatesStats/cope13.feat/logfile","506234","MNINonLinear//Results/tfMRI_WM/tfMRI_WM_hp200_s12_level2.feat/GrayordinatesStats/cope13.feat/logfile","3JPLhjKIfzJ08LMFJcnvgsyy19QPnR1u"
"s3://hcp-openaccess/HCP_1200/506234/MNINonLinear/Results/tfMRI_WM/tfMRI_WM_hp200_s12_level2.feat/GrayordinatesStats/cope13.feat/mask.dtseries.nii","506234","MNINonLinear//Results/tfMRI_WM/tfMRI_WM_hp200_s12_level2.feat/GrayordinatesStats/cope13.feat/mask.dtseries.nii","RcNNQmEor8uOwUmBIxBJh3JpFKP7A8TI"
"s3://hcp-openaccess/HCP_1200/506234/MNINonLinear/Results/tfMRI_WM/tfMRI_WM_hp200_s12_level2.feat/GrayordinatesStats/cope13.feat/mean_random_effects_var1.dtseries.nii","506234","MNINonLinear//Results/tfMRI_WM/tfMRI_WM_hp200_s12_level2.feat/GrayordinatesStats/cope13.feat/mean_random_effects_var1.dtseries.nii","cQ7z9nS0LxLQzR2Zn836FvISMGSahGNq"
"s3://hcp-openaccess/HCP_1200/506234/MNINonLinear/Results/tfMRI_WM/tfMRI_WM_hp200_s12_level2.feat/GrayordinatesStats/cope13.feat/pe1.dtseries.nii","506234","MNINonLinear//Results/tfMRI_WM/tfMRI_WM_hp200_s12_level2.feat/GrayordinatesStats/cope13.feat/pe1.dtseries.nii","rnoRKfH_RlHZONHBnLMfLEVpMyYcrXw3"
"s3://hcp-openaccess/HCP_1200/506234/MNINonLinear/Results/tfMRI_WM/tfMRI_WM_hp200_s12_level2.feat/GrayordinatesStats/cope13.feat/res4d.dtseries.nii","506234","MNINonLinear//Results/tfMRI_WM/tfMRI_WM_hp200_s12_level2.feat/GrayordinatesStats/cope13.feat/res4d.dtseries.nii","DoXTRVsEeFS1nBJN0luatkKdXw1keEk4"
"s3://hcp-openaccess/HCP_1200/506234/MNINonLinear/Results/tfMRI_WM/tfMRI_WM_hp200_s12_level2.feat/GrayordinatesStats/cope13.feat/tdof_t1.dtseries.nii","506234","MNINonLinear//Results/tfMRI_WM/tfMRI_WM_hp200_s12_level2.feat/GrayordinatesStats/cope13.feat/tdof_t1.dtseries.nii","xjkJuWHBdEhOj26gcRWv4TsAaMe.NTAw"
"s3://hcp-openaccess/HCP_1200/506234/MNINonLinear/Results/tfMRI_WM/tfMRI_WM_hp200_s12_level2.feat/GrayordinatesStats/cope13.feat/tstat1.dtseries.nii","506234","MNINonLinear//Results/tfMRI_WM/tfMRI_WM_hp200_s12_level2.feat/GrayordinatesStats/cope13.feat/tstat1.dtseries.nii","9xR9a4VDqQclsSpA2slOJG3lL46ljYlD"
"s3://hcp-openaccess/HCP_1200/506234/MNINonLinear/Results/tfMRI_WM/tfMRI_WM_hp200_s12_level2.feat/GrayordinatesStats/cope13.feat/varcope1.dtseries.nii","506234","MNINonLinear//Results/tfMRI_WM/tfMRI_WM_hp200_s12_level2.feat/GrayordinatesStats/cope13.feat/varcope1.dtseries.nii","reRU8L1XW4HSOJNdhtWOUi_fjhiQJv31"
"s3://hcp-openaccess/HCP_1200/506234/MNINonLinear/Results/tfMRI_WM/tfMRI_WM_hp200_s12_level2.feat/GrayordinatesStats/cope13.feat/weights1.dtseries.nii","506234","MNINonLinear//Results/tfMRI_WM/tfMRI_WM_hp200_s12_level2.feat/GrayordinatesStats/cope13.feat/weights1.dtseries.nii","d6aNBkG4KkaEV9uaMZdpOjoAfIQwak6X"
"s3://hcp-openaccess/HCP_1200/506234/MNINonLinear/Results/tfMRI_WM/tfMRI_WM_hp200_s12_level2.feat/GrayordinatesStats/cope13.feat/zflame1lowertstat1.dtseries.nii","506234","MNINonLinear//Results/tfMRI_WM/tfMRI_WM_hp200_s12_level2.feat/GrayordinatesStats/cope13.feat/zflame1lowertstat1.dtseries.nii","x3YMDCZxQaaWzjwcFAwTOaRgh6FSovzh"
"s3://hcp-openaccess/HCP_1200/506234/MNINonLinear/Results/tfMRI_WM/tfMRI_WM_hp200_s12_level2.feat/GrayordinatesStats/cope13.feat/zflame1uppertstat1.dtseries.nii","506234","MNINonLinear//Results/tfMRI_WM/tfMRI_WM_hp200_s12_level2.feat/GrayordinatesStats/cope13.feat/zflame1uppertstat1.dtseries.nii","nxB6X2J6EwJ17dbmMM.mFcsyDsiK_De_"
"s3://hcp-openaccess/HCP_1200/506234/MNINonLinear/Results/tfMRI_WM/tfMRI_WM_hp200_s12_level2.feat/GrayordinatesStats/cope13.feat/zstat1.dtseries.nii","506234","MNINonLinear//Results/tfMRI_WM/tfMRI_WM_hp200_s12_level2.feat/GrayordinatesStats/cope13.feat/zstat1.dtseries.nii","EcL1GZRxIdnyWWzzbU1yhuZWEgo1ihGf"
"s3://hcp-openaccess/HCP_1200/506234/MNINonLinear/Results/tfMRI_WM/tfMRI_WM_hp200_s12_level2.feat/GrayordinatesStats/cope14.feat/cope1.dtseries.nii","506234","MNINonLinear//Results/tfMRI_WM/tfMRI_WM_hp200_s12_level2.feat/GrayordinatesStats/cope14.feat/cope1.dtseries.nii","ZM6.pdxGiWrxUqIs0497rJNeTcJyhX6P"
"s3://hcp-openaccess/HCP_1200/506234/MNINonLinear/Results/tfMRI_WM/tfMRI_WM_hp200_s12_level2.feat/GrayordinatesStats/cope14.feat/logfile","506234","MNINonLinear//Results/tfMRI_WM/tfMRI_WM_hp200_s12_level2.feat/GrayordinatesStats/cope14.feat/logfile","SdiJVKVEdbC6fUDIkI7.oXA0EiKVomMM"
"s3://hcp-openaccess/HCP_1200/506234/MNINonLinear/Results/tfMRI_WM/tfMRI_WM_hp200_s12_level2.feat/GrayordinatesStats/cope14.feat/mask.dtseries.nii","506234","MNINonLinear//Results/tfMRI_WM/tfMRI_WM_hp200_s12_level2.feat/GrayordinatesStats/cope14.feat/mask.dtseries.nii","WlRh3SqaftBz9PG1sNrDP4aEln.pW.dk"
"s3://hcp-openaccess/HCP_1200/506234/MNINonLinear/Results/tfMRI_WM/tfMRI_WM_hp200_s12_level2.feat/GrayordinatesStats/cope14.feat/mean_random_effects_var1.dtseries.nii","506234","MNINonLinear//Results/tfMRI_WM/tfMRI_WM_hp200_s12_level2.feat/GrayordinatesStats/cope14.feat/mean_random_effects_var1.dtseries.nii","Ci11zpkFW0UMaT8Mvq5HUtceYAGO8Tub"
"s3://hcp-openaccess/HCP_1200/506234/MNINonLinear/Results/tfMRI_WM/tfMRI_WM_hp200_s12_level2.feat/GrayordinatesStats/cope14.feat/pe1.dtseries.nii","506234","MNINonLinear//Results/tfMRI_WM/tfMRI_WM_hp200_s12_level2.feat/GrayordinatesStats/cope14.feat/pe1.dtseries.nii","akaScFLDWgqeCl8mKa8ett0sI9WIRRqm"
"s3://hcp-openaccess/HCP_1200/506234/MNINonLinear/Results/tfMRI_WM/tfMRI_WM_hp200_s12_level2.feat/GrayordinatesStats/cope14.feat/res4d.dtseries.nii","506234","MNINonLinear//Results/tfMRI_WM/tfMRI_WM_hp200_s12_level2.feat/GrayordinatesStats/cope14.feat/res4d.dtseries.nii","f7sRIr_UOgSC9j6YJoqXAsaNTPLUkqMM"
"s3://hcp-openaccess/HCP_1200/506234/MNINonLinear/Results/tfMRI_WM/tfMRI_WM_hp200_s12_level2.feat/GrayordinatesStats/cope14.feat/tdof_t1.dtseries.nii","506234","MNINonLinear//Results/tfMRI_WM/tfMRI_WM_hp200_s12_level2.feat/GrayordinatesStats/cope14.feat/tdof_t1.dtseries.nii","lyGaeGwlzLymcEwk2Mf4X.kcH0C0tVaG"
"s3://hcp-openaccess/HCP_1200/506234/MNINonLinear/Results/tfMRI_WM/tfMRI_WM_hp200_s12_level2.feat/GrayordinatesStats/cope14.feat/tstat1.dtseries.nii","506234","MNINonLinear//Results/tfMRI_WM/tfMRI_WM_hp200_s12_level2.feat/GrayordinatesStats/cope14.feat/tstat1.dtseries.nii","JsUP0z2nd8kMS5kMk53y1vga13LBtWx."
"s3://hcp-openaccess/HCP_1200/506234/MNINonLinear/Results/tfMRI_WM/tfMRI_WM_hp200_s12_level2.feat/GrayordinatesStats/cope14.feat/varcope1.dtseries.nii","506234","MNINonLinear//Results/tfMRI_WM/tfMRI_WM_hp200_s12_level2.feat/GrayordinatesStats/cope14.feat/varcope1.dtseries.nii","U1Hx88PZ7VcJdyygsWGefvknwlOoJqtj"
"s3://hcp-openaccess/HCP_1200/506234/MNINonLinear/Results/tfMRI_WM/tfMRI_WM_hp200_s12_level2.feat/GrayordinatesStats/cope14.feat/weights1.dtseries.nii","506234","MNINonLinear//Results/tfMRI_WM/tfMRI_WM_hp200_s12_level2.feat/GrayordinatesStats/cope14.feat/weights1.dtseries.nii","Juk5Z6dl2penTDQ25Ji4Rt.qOvaI4K03"
"s3://hcp-openaccess/HCP_1200/506234/MNINonLinear/Results/tfMRI_WM/tfMRI_WM_hp200_s12_level2.feat/GrayordinatesStats/cope14.feat/zflame1lowertstat1.dtseries.nii","506234","MNINonLinear//Results/tfMRI_WM/tfMRI_WM_hp200_s12_level2.feat/GrayordinatesStats/cope14.feat/zflame1lowertstat1.dtseries.nii","SLJoHz9xRB.e4KUR3IY83ZUOfGnBCI4g"
"s3://hcp-openaccess/HCP_1200/506234/MNINonLinear/Results/tfMRI_WM/tfMRI_WM_hp200_s12_level2.feat/GrayordinatesStats/cope14.feat/zflame1uppertstat1.dtseries.nii","506234","MNINonLinear//Results/tfMRI_WM/tfMRI_WM_hp200_s12_level2.feat/GrayordinatesStats/cope14.feat/zflame1uppertstat1.dtseries.nii","5SmBSyvv59edgxKDAh1_9yHcqWqyR.dZ"
"s3://hcp-openaccess/HCP_1200/506234/MNINonLinear/Results/tfMRI_WM/tfMRI_WM_hp200_s12_level2.feat/GrayordinatesStats/cope14.feat/zstat1.dtseries.nii","506234","MNINonLinear//Results/tfMRI_WM/tfMRI_WM_hp200_s12_level2.feat/GrayordinatesStats/cope14.feat/zstat1.dtseries.nii","7arckXAZKFo8qHkEvUV_ycC2wkkronpt"
"s3://hcp-openaccess/HCP_1200/506234/MNINonLinear/Results/tfMRI_WM/tfMRI_WM_hp200_s12_level2.feat/GrayordinatesStats/cope15.feat/cope1.dtseries.nii","506234","MNINonLinear//Results/tfMRI_WM/tfMRI_WM_hp200_s12_level2.feat/GrayordinatesStats/cope15.feat/cope1.dtseries.nii","oJCQ1boYjJ7cLYmFuP7aV_Zjq9BPlzJn"
"s3://hcp-openaccess/HCP_1200/506234/MNINonLinear/Results/tfMRI_WM/tfMRI_WM_hp200_s12_level2.feat/GrayordinatesStats/cope15.feat/logfile","506234","MNINonLinear//Results/tfMRI_WM/tfMRI_WM_hp200_s12_level2.feat/GrayordinatesStats/cope15.feat/logfile","0B6C6TYCWfD8UQxsY_JfqwQy40D9hxRX"
"s3://hcp-openaccess/HCP_1200/506234/MNINonLinear/Results/tfMRI_WM/tfMRI_WM_hp200_s12_level2.feat/GrayordinatesStats/cope15.feat/mask.dtseries.nii","506234","MNINonLinear//Results/tfMRI_WM/tfMRI_WM_hp200_s12_level2.feat/GrayordinatesStats/cope15.feat/mask.dtseries.nii","8JffpZvu65w_8iPwsvnFudjt4MeYT90t"
"s3://hcp-openaccess/HCP_1200/506234/MNINonLinear/Results/tfMRI_WM/tfMRI_WM_hp200_s12_level2.feat/GrayordinatesStats/cope15.feat/mean_random_effects_var1.dtseries.nii","506234","MNINonLinear//Results/tfMRI_WM/tfMRI_WM_hp200_s12_level2.feat/GrayordinatesStats/cope15.feat/mean_random_effects_var1.dtseries.nii","78nCcfppJoRmcyiuB3ft8y6O7yQofh.N"
"s3://hcp-openaccess/HCP_1200/506234/MNINonLinear/Results/tfMRI_WM/tfMRI_WM_hp200_s12_level2.feat/GrayordinatesStats/cope15.feat/pe1.dtseries.nii","506234","MNINonLinear//Results/tfMRI_WM/tfMRI_WM_hp200_s12_level2.feat/GrayordinatesStats/cope15.feat/pe1.dtseries.nii",".psBZ3nUet1hYbD2hV8v0j61O8o_tX.K"
"s3://hcp-openaccess/HCP_1200/506234/MNINonLinear/Results/tfMRI_WM/tfMRI_WM_hp200_s12_level2.feat/GrayordinatesStats/cope15.feat/res4d.dtseries.nii","506234","MNINonLinear//Results/tfMRI_WM/tfMRI_WM_hp200_s12_level2.feat/GrayordinatesStats/cope15.feat/res4d.dtseries.nii","P.pbuoI8We09TmhDY26kNFOgSHtYikMN"
"s3://hcp-openaccess/HCP_1200/506234/MNINonLinear/Results/tfMRI_WM/tfMRI_WM_hp200_s12_level2.feat/GrayordinatesStats/cope15.feat/tdof_t1.dtseries.nii","506234","MNINonLinear//Results/tfMRI_WM/tfMRI_WM_hp200_s12_level2.feat/GrayordinatesStats/cope15.feat/tdof_t1.dtseries.nii","dly7JfQsON_qAqvV76b4.j9mr2Vyxs9z"
"s3://hcp-openaccess/HCP_1200/506234/MNINonLinear/Results/tfMRI_WM/tfMRI_WM_hp200_s12_level2.feat/GrayordinatesStats/cope15.feat/tstat1.dtseries.nii","506234","MNINonLinear//Results/tfMRI_WM/tfMRI_WM_hp200_s12_level2.feat/GrayordinatesStats/cope15.feat/tstat1.dtseries.nii","rfhbwy187ZUpZcmW7ReGHxx9Y05k.ZFH"
"s3://hcp-openaccess/HCP_1200/506234/MNINonLinear/Results/tfMRI_WM/tfMRI_WM_hp200_s12_level2.feat/GrayordinatesStats/cope15.feat/varcope1.dtseries.nii","506234","MNINonLinear//Results/tfMRI_WM/tfMRI_WM_hp200_s12_level2.feat/GrayordinatesStats/cope15.feat/varcope1.dtseries.nii","tjCSBc6k8bUO30aOXx_c4hKj4lU3jfKE"
"s3://hcp-openaccess/HCP_1200/506234/MNINonLinear/Results/tfMRI_WM/tfMRI_WM_hp200_s12_level2.feat/GrayordinatesStats/cope15.feat/weights1.dtseries.nii","506234","MNINonLinear//Results/tfMRI_WM/tfMRI_WM_hp200_s12_level2.feat/GrayordinatesStats/cope15.feat/weights1.dtseries.nii","xkjtnKSSp30PvhYwpO.IHNU7hniGPgay"
"s3://hcp-openaccess/HCP_1200/506234/MNINonLinear/Results/tfMRI_WM/tfMRI_WM_hp200_s12_level2.feat/GrayordinatesStats/cope15.feat/zflame1lowertstat1.dtseries.nii","506234","MNINonLinear//Results/tfMRI_WM/tfMRI_WM_hp200_s12_level2.feat/GrayordinatesStats/cope15.feat/zflame1lowertstat1.dtseries.nii","BAWcYkzMSpsJ7QwNZoAoTNlOGWhOq6cA"
"s3://hcp-openaccess/HCP_1200/506234/MNINonLinear/Results/tfMRI_WM/tfMRI_WM_hp200_s12_level2.feat/GrayordinatesStats/cope15.feat/zflame1uppertstat1.dtseries.nii","506234","MNINonLinear//Results/tfMRI_WM/tfMRI_WM_hp200_s12_level2.feat/GrayordinatesStats/cope15.feat/zflame1uppertstat1.dtseries.nii","uMJeSbC6kvQds8_O7k8ewEZB66f9Ljup"
"s3://hcp-openaccess/HCP_1200/506234/MNINonLinear/Results/tfMRI_WM/tfMRI_WM_hp200_s12_level2.feat/GrayordinatesStats/cope15.feat/zstat1.dtseries.nii","506234","MNINonLinear//Results/tfMRI_WM/tfMRI_WM_hp200_s12_level2.feat/GrayordinatesStats/cope15.feat/zstat1.dtseries.nii","fiEeoP6uOja.mvxNF8C3dwsMaZlTlgNW"
"s3://hcp-openaccess/HCP_1200/506234/MNINonLinear/Results/tfMRI_WM/tfMRI_WM_hp200_s12_level2.feat/GrayordinatesStats/cope16.feat/cope1.dtseries.nii","506234","MNINonLinear//Results/tfMRI_WM/tfMRI_WM_hp200_s12_level2.feat/GrayordinatesStats/cope16.feat/cope1.dtseries.nii","FrZWwNqVgrTlY2kfgdOa5BY_Iszv_SGF"
"s3://hcp-openaccess/HCP_1200/506234/MNINonLinear/Results/tfMRI_WM/tfMRI_WM_hp200_s12_level2.feat/GrayordinatesStats/cope16.feat/logfile","506234","MNINonLinear//Results/tfMRI_WM/tfMRI_WM_hp200_s12_level2.feat/GrayordinatesStats/cope16.feat/logfile","SWK.br1lAyuE9kb9REL.DWpa_AmlzuNF"
"s3://hcp-openaccess/HCP_1200/506234/MNINonLinear/Results/tfMRI_WM/tfMRI_WM_hp200_s12_level2.feat/GrayordinatesStats/cope16.feat/mask.dtseries.nii","506234","MNINonLinear//Results/tfMRI_WM/tfMRI_WM_hp200_s12_level2.feat/GrayordinatesStats/cope16.feat/mask.dtseries.nii","pbMkzAuEmA1tV3hramXZlx6BDwT4rIhK"
"s3://hcp-openaccess/HCP_1200/506234/MNINonLinear/Results/tfMRI_WM/tfMRI_WM_hp200_s12_level2.feat/GrayordinatesStats/cope16.feat/mean_random_effects_var1.dtseries.nii","506234","MNINonLinear//Results/tfMRI_WM/tfMRI_WM_hp200_s12_level2.feat/GrayordinatesStats/cope16.feat/mean_random_effects_var1.dtseries.nii","P8zxaDbzkU8rMzaM5_KpiOIWoSOI5D5y"
"s3://hcp-openaccess/HCP_1200/506234/MNINonLinear/Results/tfMRI_WM/tfMRI_WM_hp200_s12_level2.feat/GrayordinatesStats/cope16.feat/pe1.dtseries.nii","506234","MNINonLinear//Results/tfMRI_WM/tfMRI_WM_hp200_s12_level2.feat/GrayordinatesStats/cope16.feat/pe1.dtseries.nii","h_WqAQGLP65ysbOAOF.8Yc1QcXeuRHu."
"s3://hcp-openaccess/HCP_1200/506234/MNINonLinear/Results/tfMRI_WM/tfMRI_WM_hp200_s12_level2.feat/GrayordinatesStats/cope16.feat/res4d.dtseries.nii","506234","MNINonLinear//Results/tfMRI_WM/tfMRI_WM_hp200_s12_level2.feat/GrayordinatesStats/cope16.feat/res4d.dtseries.nii","Jzc9z_p0ZM8.W1bqjoiWF9lLBpw8zZ8Z"
"s3://hcp-openaccess/HCP_1200/506234/MNINonLinear/Results/tfMRI_WM/tfMRI_WM_hp200_s12_level2.feat/GrayordinatesStats/cope16.feat/tdof_t1.dtseries.nii","506234","MNINonLinear//Results/tfMRI_WM/tfMRI_WM_hp200_s12_level2.feat/GrayordinatesStats/cope16.feat/tdof_t1.dtseries.nii","auLpN_yNEI3J0c0pl0QUfpJU_dYI8bQ1"
"s3://hcp-openaccess/HCP_1200/506234/MNINonLinear/Results/tfMRI_WM/tfMRI_WM_hp200_s12_level2.feat/GrayordinatesStats/cope16.feat/tstat1.dtseries.nii","506234","MNINonLinear//Results/tfMRI_WM/tfMRI_WM_hp200_s12_level2.feat/GrayordinatesStats/cope16.feat/tstat1.dtseries.nii","bQIUxvIM8WNyjGpEe0OcictRB6rKjAhV"
"s3://hcp-openaccess/HCP_1200/506234/MNINonLinear/Results/tfMRI_WM/tfMRI_WM_hp200_s12_level2.feat/GrayordinatesStats/cope16.feat/varcope1.dtseries.nii","506234","MNINonLinear//Results/tfMRI_WM/tfMRI_WM_hp200_s12_level2.feat/GrayordinatesStats/cope16.feat/varcope1.dtseries.nii","A.FfHQHm2a.GYq7.I0LqN9QVtxeVXnTF"
"s3://hcp-openaccess/HCP_1200/506234/MNINonLinear/Results/tfMRI_WM/tfMRI_WM_hp200_s12_level2.feat/GrayordinatesStats/cope16.feat/weights1.dtseries.nii","506234","MNINonLinear//Results/tfMRI_WM/tfMRI_WM_hp200_s12_level2.feat/GrayordinatesStats/cope16.feat/weights1.dtseries.nii","XPdqnp1qL0cWWbvw80.v0mivajO2MXbs"
"s3://hcp-openaccess/HCP_1200/506234/MNINonLinear/Results/tfMRI_WM/tfMRI_WM_hp200_s12_level2.feat/GrayordinatesStats/cope16.feat/zflame1lowertstat1.dtseries.nii","506234","MNINonLinear//Results/tfMRI_WM/tfMRI_WM_hp200_s12_level2.feat/GrayordinatesStats/cope16.feat/zflame1lowertstat1.dtseries.nii","XNLjwavUWPpt934TaZI.sHhEV3BS.TTU"
"s3://hcp-openaccess/HCP_1200/506234/MNINonLinear/Results/tfMRI_WM/tfMRI_WM_hp200_s12_level2.feat/GrayordinatesStats/cope16.feat/zflame1uppertstat1.dtseries.nii","506234","MNINonLinear//Results/tfMRI_WM/tfMRI_WM_hp200_s12_level2.feat/GrayordinatesStats/cope16.feat/zflame1uppertstat1.dtseries.nii","EB5.iK1J9ACRVXzSJXb68itt70z1GeFr"
"s3://hcp-openaccess/HCP_1200/506234/MNINonLinear/Results/tfMRI_WM/tfMRI_WM_hp200_s12_level2.feat/GrayordinatesStats/cope16.feat/zstat1.dtseries.nii","506234","MNINonLinear//Results/tfMRI_WM/tfMRI_WM_hp200_s12_level2.feat/GrayordinatesStats/cope16.feat/zstat1.dtseries.nii","efX06M0Ifd9h3ZZPtFVX2yEVgDzf.fcd"
"s3://hcp-openaccess/HCP_1200/506234/MNINonLinear/Results/tfMRI_WM/tfMRI_WM_hp200_s12_level2.feat/GrayordinatesStats/cope17.feat/cope1.dtseries.nii","506234","MNINonLinear//Results/tfMRI_WM/tfMRI_WM_hp200_s12_level2.feat/GrayordinatesStats/cope17.feat/cope1.dtseries.nii","JPiouLG6HpCXUGFBiZHEI.JdrmqX21bg"
"s3://hcp-openaccess/HCP_1200/506234/MNINonLinear/Results/tfMRI_WM/tfMRI_WM_hp200_s12_level2.feat/GrayordinatesStats/cope17.feat/logfile","506234","MNINonLinear//Results/tfMRI_WM/tfMRI_WM_hp200_s12_level2.feat/GrayordinatesStats/cope17.feat/logfile","TUti0H6fr7.AzWUIAOA.5rIpLXmtidp9"
"s3://hcp-openaccess/HCP_1200/506234/MNINonLinear/Results/tfMRI_WM/tfMRI_WM_hp200_s12_level2.feat/GrayordinatesStats/cope17.feat/mask.dtseries.nii","506234","MNINonLinear//Results/tfMRI_WM/tfMRI_WM_hp200_s12_level2.feat/GrayordinatesStats/cope17.feat/mask.dtseries.nii","ZgztjSiMT7tP7X5pWoY7IgsjjEtT8Pvi"
"s3://hcp-openaccess/HCP_1200/506234/MNINonLinear/Results/tfMRI_WM/tfMRI_WM_hp200_s12_level2.feat/GrayordinatesStats/cope17.feat/mean_random_effects_var1.dtseries.nii","506234","MNINonLinear//Results/tfMRI_WM/tfMRI_WM_hp200_s12_level2.feat/GrayordinatesStats/cope17.feat/mean_random_effects_var1.dtseries.nii","X7vRnBpo4VwIVnFzJ1NteTKNynSDPqnF"
"s3://hcp-openaccess/HCP_1200/506234/MNINonLinear/Results/tfMRI_WM/tfMRI_WM_hp200_s12_level2.feat/GrayordinatesStats/cope17.feat/pe1.dtseries.nii","506234","MNINonLinear//Results/tfMRI_WM/tfMRI_WM_hp200_s12_level2.feat/GrayordinatesStats/cope17.feat/pe1.dtseries.nii","RlTtlUYRjkcZmCOcY9tBclpFO3nY1QIj"
"s3://hcp-openaccess/HCP_1200/506234/MNINonLinear/Results/tfMRI_WM/tfMRI_WM_hp200_s12_level2.feat/GrayordinatesStats/cope17.feat/res4d.dtseries.nii","506234","MNINonLinear//Results/tfMRI_WM/tfMRI_WM_hp200_s12_level2.feat/GrayordinatesStats/cope17.feat/res4d.dtseries.nii","xODXEg1j.UV.seUpbcBp3K7.RdbD_gEr"
"s3://hcp-openaccess/HCP_1200/506234/MNINonLinear/Results/tfMRI_WM/tfMRI_WM_hp200_s12_level2.feat/GrayordinatesStats/cope17.feat/tdof_t1.dtseries.nii","506234","MNINonLinear//Results/tfMRI_WM/tfMRI_WM_hp200_s12_level2.feat/GrayordinatesStats/cope17.feat/tdof_t1.dtseries.nii","ywB8sUrI73V5TA4zh4N47ikSLcHHMqMC"
"s3://hcp-openaccess/HCP_1200/506234/MNINonLinear/Results/tfMRI_WM/tfMRI_WM_hp200_s12_level2.feat/GrayordinatesStats/cope17.feat/tstat1.dtseries.nii","506234","MNINonLinear//Results/tfMRI_WM/tfMRI_WM_hp200_s12_level2.feat/GrayordinatesStats/cope17.feat/tstat1.dtseries.nii","S6cXGWF3OM6dm3QoxnB86VyCYS796QCN"
"s3://hcp-openaccess/HCP_1200/506234/MNINonLinear/Results/tfMRI_WM/tfMRI_WM_hp200_s12_level2.feat/GrayordinatesStats/cope17.feat/varcope1.dtseries.nii","506234","MNINonLinear//Results/tfMRI_WM/tfMRI_WM_hp200_s12_level2.feat/GrayordinatesStats/cope17.feat/varcope1.dtseries.nii","dTh1ZwjLPrRZAAec99.bXsGIsQ3l4nR8"
"s3://hcp-openaccess/HCP_1200/506234/MNINonLinear/Results/tfMRI_WM/tfMRI_WM_hp200_s12_level2.feat/GrayordinatesStats/cope17.feat/weights1.dtseries.nii","506234","MNINonLinear//Results/tfMRI_WM/tfMRI_WM_hp200_s12_level2.feat/GrayordinatesStats/cope17.feat/weights1.dtseries.nii","Xr01.mRw5.ZlvMhG4.ObxAsphNLw5uM2"
"s3://hcp-openaccess/HCP_1200/506234/MNINonLinear/Results/tfMRI_WM/tfMRI_WM_hp200_s12_level2.feat/GrayordinatesStats/cope17.feat/zflame1lowertstat1.dtseries.nii","506234","MNINonLinear//Results/tfMRI_WM/tfMRI_WM_hp200_s12_level2.feat/GrayordinatesStats/cope17.feat/zflame1lowertstat1.dtseries.nii","jeyOiKqOlF0JFV75.hC_eFQU7eC4ylCD"
"s3://hcp-openaccess/HCP_1200/506234/MNINonLinear/Results/tfMRI_WM/tfMRI_WM_hp200_s12_level2.feat/GrayordinatesStats/cope17.feat/zflame1uppertstat1.dtseries.nii","506234","MNINonLinear//Results/tfMRI_WM/tfMRI_WM_hp200_s12_level2.feat/GrayordinatesStats/cope17.feat/zflame1uppertstat1.dtseries.nii","PuEJKDKxqNKst0vysSZUHyBHLyo86jUU"
"s3://hcp-openaccess/HCP_1200/506234/MNINonLinear/Results/tfMRI_WM/tfMRI_WM_hp200_s12_level2.feat/GrayordinatesStats/cope17.feat/zstat1.dtseries.nii","506234","MNINonLinear//Results/tfMRI_WM/tfMRI_WM_hp200_s12_level2.feat/GrayordinatesStats/cope17.feat/zstat1.dtseries.nii","RHPYHmOTkVpDpN1qxfymMdc5kIffu1Vs"
"s3://hcp-openaccess/HCP_1200/506234/MNINonLinear/Results/tfMRI_WM/tfMRI_WM_hp200_s12_level2.feat/GrayordinatesStats/cope18.feat/cope1.dtseries.nii","506234","MNINonLinear//Results/tfMRI_WM/tfMRI_WM_hp200_s12_level2.feat/GrayordinatesStats/cope18.feat/cope1.dtseries.nii","4oGpbAVWfhY0Dz84Q7iBs5bmfg..PGVP"
"s3://hcp-openaccess/HCP_1200/506234/MNINonLinear/Results/tfMRI_WM/tfMRI_WM_hp200_s12_level2.feat/GrayordinatesStats/cope18.feat/logfile","506234","MNINonLinear//Results/tfMRI_WM/tfMRI_WM_hp200_s12_level2.feat/GrayordinatesStats/cope18.feat/logfile","4S4JoAaAVFom2EofGo0zT4LqP_HkKlmC"
"s3://hcp-openaccess/HCP_1200/506234/MNINonLinear/Results/tfMRI_WM/tfMRI_WM_hp200_s12_level2.feat/GrayordinatesStats/cope18.feat/mask.dtseries.nii","506234","MNINonLinear//Results/tfMRI_WM/tfMRI_WM_hp200_s12_level2.feat/GrayordinatesStats/cope18.feat/mask.dtseries.nii","hw.TeVBIqpTb0Fdle_JhvZYAGycVtXrh"
"s3://hcp-openaccess/HCP_1200/506234/MNINonLinear/Results/tfMRI_WM/tfMRI_WM_hp200_s12_level2.feat/GrayordinatesStats/cope18.feat/mean_random_effects_var1.dtseries.nii","506234","MNINonLinear//Results/tfMRI_WM/tfMRI_WM_hp200_s12_level2.feat/GrayordinatesStats/cope18.feat/mean_random_effects_var1.dtseries.nii","CpYPMwzHYlhkZH0nwbuyYR2IgyEbmTfA"
"s3://hcp-openaccess/HCP_1200/506234/MNINonLinear/Results/tfMRI_WM/tfMRI_WM_hp200_s12_level2.feat/GrayordinatesStats/cope18.feat/pe1.dtseries.nii","506234","MNINonLinear//Results/tfMRI_WM/tfMRI_WM_hp200_s12_level2.feat/GrayordinatesStats/cope18.feat/pe1.dtseries.nii","jVsqzUpbMiZW_B7jrmQWYwWgs2btf6IE"
"s3://hcp-openaccess/HCP_1200/506234/MNINonLinear/Results/tfMRI_WM/tfMRI_WM_hp200_s12_level2.feat/GrayordinatesStats/cope18.feat/res4d.dtseries.nii","506234","MNINonLinear//Results/tfMRI_WM/tfMRI_WM_hp200_s12_level2.feat/GrayordinatesStats/cope18.feat/res4d.dtseries.nii","XD4Gd07VkvgKPKzrm89MOkUSn8yua78O"
"s3://hcp-openaccess/HCP_1200/506234/MNINonLinear/Results/tfMRI_WM/tfMRI_WM_hp200_s12_level2.feat/GrayordinatesStats/cope18.feat/tdof_t1.dtseries.nii","506234","MNINonLinear//Results/tfMRI_WM/tfMRI_WM_hp200_s12_level2.feat/GrayordinatesStats/cope18.feat/tdof_t1.dtseries.nii","b6FdRhG3q7swEbqXuJrl66GmfGNj0J2J"
"s3://hcp-openaccess/HCP_1200/506234/MNINonLinear/Results/tfMRI_WM/tfMRI_WM_hp200_s12_level2.feat/GrayordinatesStats/cope18.feat/tstat1.dtseries.nii","506234","MNINonLinear//Results/tfMRI_WM/tfMRI_WM_hp200_s12_level2.feat/GrayordinatesStats/cope18.feat/tstat1.dtseries.nii","j1Ac0Ock9WeisYIX4SWts9qmbKhog_3t"
"s3://hcp-openaccess/HCP_1200/506234/MNINonLinear/Results/tfMRI_WM/tfMRI_WM_hp200_s12_level2.feat/GrayordinatesStats/cope18.feat/varcope1.dtseries.nii","506234","MNINonLinear//Results/tfMRI_WM/tfMRI_WM_hp200_s12_level2.feat/GrayordinatesStats/cope18.feat/varcope1.dtseries.nii","FhjlsZQtqWzPDeBMVywWrZ5qTPVF3mfX"
"s3://hcp-openaccess/HCP_1200/506234/MNINonLinear/Results/tfMRI_WM/tfMRI_WM_hp200_s12_level2.feat/GrayordinatesStats/cope18.feat/weights1.dtseries.nii","506234","MNINonLinear//Results/tfMRI_WM/tfMRI_WM_hp200_s12_level2.feat/GrayordinatesStats/cope18.feat/weights1.dtseries.nii","L2Wn.koKjjWfV2ZdbCbnz1fIXr2saA2r"
"s3://hcp-openaccess/HCP_1200/506234/MNINonLinear/Results/tfMRI_WM/tfMRI_WM_hp200_s12_level2.feat/GrayordinatesStats/cope18.feat/zflame1lowertstat1.dtseries.nii","506234","MNINonLinear//Results/tfMRI_WM/tfMRI_WM_hp200_s12_level2.feat/GrayordinatesStats/cope18.feat/zflame1lowertstat1.dtseries.nii","PxjhEbnjpGa1ihxRs3XInA11cJQ1yUjj"
"s3://hcp-openaccess/HCP_1200/506234/MNINonLinear/Results/tfMRI_WM/tfMRI_WM_hp200_s12_level2.feat/GrayordinatesStats/cope18.feat/zflame1uppertstat1.dtseries.nii","506234","MNINonLinear//Results/tfMRI_WM/tfMRI_WM_hp200_s12_level2.feat/GrayordinatesStats/cope18.feat/zflame1uppertstat1.dtseries.nii","z.Z8AXA9T4YvuRDtFOIB3vq9t__f1.Z7"
"s3://hcp-openaccess/HCP_1200/506234/MNINonLinear/Results/tfMRI_WM/tfMRI_WM_hp200_s12_level2.feat/GrayordinatesStats/cope18.feat/zstat1.dtseries.nii","506234","MNINonLinear//Results/tfMRI_WM/tfMRI_WM_hp200_s12_level2.feat/GrayordinatesStats/cope18.feat/zstat1.dtseries.nii","OegqNhy_dzx09VsjHi5lUvaXg5dv91zI"
"s3://hcp-openaccess/HCP_1200/506234/MNINonLinear/Results/tfMRI_WM/tfMRI_WM_hp200_s12_level2.feat/GrayordinatesStats/cope19.feat/cope1.dtseries.nii","506234","MNINonLinear//Results/tfMRI_WM/tfMRI_WM_hp200_s12_level2.feat/GrayordinatesStats/cope19.feat/cope1.dtseries.nii","2U6mfiSGMYCSAzh5hv2MRf8kzIGTxX7U"
"s3://hcp-openaccess/HCP_1200/506234/MNINonLinear/Results/tfMRI_WM/tfMRI_WM_hp200_s12_level2.feat/GrayordinatesStats/cope19.feat/logfile","506234","MNINonLinear//Results/tfMRI_WM/tfMRI_WM_hp200_s12_level2.feat/GrayordinatesStats/cope19.feat/logfile","IaghaTk2A78qDkZgxniLbbYqc7HHDK0L"
"s3://hcp-openaccess/HCP_1200/506234/MNINonLinear/Results/tfMRI_WM/tfMRI_WM_hp200_s12_level2.feat/GrayordinatesStats/cope19.feat/mask.dtseries.nii","506234","MNINonLinear//Results/tfMRI_WM/tfMRI_WM_hp200_s12_level2.feat/GrayordinatesStats/cope19.feat/mask.dtseries.nii","vIUnvUpjStLqOlHAabXUdmtDXt3OOlMB"
"s3://hcp-openaccess/HCP_1200/506234/MNINonLinear/Results/tfMRI_WM/tfMRI_WM_hp200_s12_level2.feat/GrayordinatesStats/cope19.feat/mean_random_effects_var1.dtseries.nii","506234","MNINonLinear//Results/tfMRI_WM/tfMRI_WM_hp200_s12_level2.feat/GrayordinatesStats/cope19.feat/mean_random_effects_var1.dtseries.nii","5JukvQLEVbU49.ostJx0hQCH9NAS4taq"
"s3://hcp-openaccess/HCP_1200/506234/MNINonLinear/Results/tfMRI_WM/tfMRI_WM_hp200_s12_level2.feat/GrayordinatesStats/cope19.feat/pe1.dtseries.nii","506234","MNINonLinear//Results/tfMRI_WM/tfMRI_WM_hp200_s12_level2.feat/GrayordinatesStats/cope19.feat/pe1.dtseries.nii","EHEDbanHKnhF16vrokSqRtqaeeh1ftrW"
"s3://hcp-openaccess/HCP_1200/506234/MNINonLinear/Results/tfMRI_WM/tfMRI_WM_hp200_s12_level2.feat/GrayordinatesStats/cope19.feat/res4d.dtseries.nii","506234","MNINonLinear//Results/tfMRI_WM/tfMRI_WM_hp200_s12_level2.feat/GrayordinatesStats/cope19.feat/res4d.dtseries.nii","_.cVxPqpZMlTqH_MX2Zltu01PGpVBAvX"
"s3://hcp-openaccess/HCP_1200/506234/MNINonLinear/Results/tfMRI_WM/tfMRI_WM_hp200_s12_level2.feat/GrayordinatesStats/cope19.feat/tdof_t1.dtseries.nii","506234","MNINonLinear//Results/tfMRI_WM/tfMRI_WM_hp200_s12_level2.feat/GrayordinatesStats/cope19.feat/tdof_t1.dtseries.nii","8OHJAHLTRgu3Uqh13rJ6oHrAgCVFrwD3"
"s3://hcp-openaccess/HCP_1200/506234/MNINonLinear/Results/tfMRI_WM/tfMRI_WM_hp200_s12_level2.feat/GrayordinatesStats/cope19.feat/tstat1.dtseries.nii","506234","MNINonLinear//Results/tfMRI_WM/tfMRI_WM_hp200_s12_level2.feat/GrayordinatesStats/cope19.feat/tstat1.dtseries.nii","ccaIObDwRz2hpo53.we0T1ZMuQadbcmQ"
"s3://hcp-openaccess/HCP_1200/506234/MNINonLinear/Results/tfMRI_WM/tfMRI_WM_hp200_s12_level2.feat/GrayordinatesStats/cope19.feat/varcope1.dtseries.nii","506234","MNINonLinear//Results/tfMRI_WM/tfMRI_WM_hp200_s12_level2.feat/GrayordinatesStats/cope19.feat/varcope1.dtseries.nii",".SXTfgDE0KZ2uumv6jTJzZyvFkUr2xE_"
"s3://hcp-openaccess/HCP_1200/506234/MNINonLinear/Results/tfMRI_WM/tfMRI_WM_hp200_s12_level2.feat/GrayordinatesStats/cope19.feat/weights1.dtseries.nii","506234","MNINonLinear//Results/tfMRI_WM/tfMRI_WM_hp200_s12_level2.feat/GrayordinatesStats/cope19.feat/weights1.dtseries.nii","udD9fOeslL4jET3B1b1.xUPTZSZzm1Ae"
"s3://hcp-openaccess/HCP_1200/506234/MNINonLinear/Results/tfMRI_WM/tfMRI_WM_hp200_s12_level2.feat/GrayordinatesStats/cope19.feat/zflame1lowertstat1.dtseries.nii","506234","MNINonLinear//Results/tfMRI_WM/tfMRI_WM_hp200_s12_level2.feat/GrayordinatesStats/cope19.feat/zflame1lowertstat1.dtseries.nii","MlvR.BHHkEdGSC2cRH5kua6oGQzzHTLf"
"s3://hcp-openaccess/HCP_1200/506234/MNINonLinear/Results/tfMRI_WM/tfMRI_WM_hp200_s12_level2.feat/GrayordinatesStats/cope19.feat/zflame1uppertstat1.dtseries.nii","506234","MNINonLinear//Results/tfMRI_WM/tfMRI_WM_hp200_s12_level2.feat/GrayordinatesStats/cope19.feat/zflame1uppertstat1.dtseries.nii","2Se8Vg1l8iWER.6WBDXq65_d2PUH89Pg"
"s3://hcp-openaccess/HCP_1200/506234/MNINonLinear/Results/tfMRI_WM/tfMRI_WM_hp200_s12_level2.feat/GrayordinatesStats/cope19.feat/zstat1.dtseries.nii","506234","MNINonLinear//Results/tfMRI_WM/tfMRI_WM_hp200_s12_level2.feat/GrayordinatesStats/cope19.feat/zstat1.dtseries.nii","Wx5gZq3R2doP9EPbuVmUCLZA8v062q_q"
"s3://hcp-openaccess/HCP_1200/506234/MNINonLinear/Results/tfMRI_WM/tfMRI_WM_hp200_s12_level2.feat/GrayordinatesStats/cope2.feat/cope1.dtseries.nii","506234","MNINonLinear//Results/tfMRI_WM/tfMRI_WM_hp200_s12_level2.feat/GrayordinatesStats/cope2.feat/cope1.dtseries.nii","mUWXhl4xDtMlal0yCVVv.5o6B2QOvkgI"
"s3://hcp-openaccess/HCP_1200/506234/MNINonLinear/Results/tfMRI_WM/tfMRI_WM_hp200_s12_level2.feat/GrayordinatesStats/cope2.feat/logfile","506234","MNINonLinear//Results/tfMRI_WM/tfMRI_WM_hp200_s12_level2.feat/GrayordinatesStats/cope2.feat/logfile","blflT0W1tWGh3_0nIV.r8nF3KPqwJGyz"
"s3://hcp-openaccess/HCP_1200/506234/MNINonLinear/Results/tfMRI_WM/tfMRI_WM_hp200_s12_level2.feat/GrayordinatesStats/cope2.feat/mask.dtseries.nii","506234","MNINonLinear//Results/tfMRI_WM/tfMRI_WM_hp200_s12_level2.feat/GrayordinatesStats/cope2.feat/mask.dtseries.nii","wQwl9yK.cZWNzXQ68rsw.Czu2Njx0OM6"
"s3://hcp-openaccess/HCP_1200/506234/MNINonLinear/Results/tfMRI_WM/tfMRI_WM_hp200_s12_level2.feat/GrayordinatesStats/cope2.feat/mean_random_effects_var1.dtseries.nii","506234","MNINonLinear//Results/tfMRI_WM/tfMRI_WM_hp200_s12_level2.feat/GrayordinatesStats/cope2.feat/mean_random_effects_var1.dtseries.nii","19aY.bNqS9ml.b1YdcVgH33IXpKyUwop"
"s3://hcp-openaccess/HCP_1200/506234/MNINonLinear/Results/tfMRI_WM/tfMRI_WM_hp200_s12_level2.feat/GrayordinatesStats/cope2.feat/pe1.dtseries.nii","506234","MNINonLinear//Results/tfMRI_WM/tfMRI_WM_hp200_s12_level2.feat/GrayordinatesStats/cope2.feat/pe1.dtseries.nii","rzH5lLvLu9EWnc2p3Zw2jUq142Af7rVD"
"s3://hcp-openaccess/HCP_1200/506234/MNINonLinear/Results/tfMRI_WM/tfMRI_WM_hp200_s12_level2.feat/GrayordinatesStats/cope2.feat/res4d.dtseries.nii","506234","MNINonLinear//Results/tfMRI_WM/tfMRI_WM_hp200_s12_level2.feat/GrayordinatesStats/cope2.feat/res4d.dtseries.nii","5yIjaSDHQ3L.ub1VCKxfCBDt.u6Iv_pu"
"s3://hcp-openaccess/HCP_1200/506234/MNINonLinear/Results/tfMRI_WM/tfMRI_WM_hp200_s12_level2.feat/GrayordinatesStats/cope2.feat/tdof_t1.dtseries.nii","506234","MNINonLinear//Results/tfMRI_WM/tfMRI_WM_hp200_s12_level2.feat/GrayordinatesStats/cope2.feat/tdof_t1.dtseries.nii","lHR0VVzU0PbQhfql.wV5so6TQEqaCTsV"
"s3://hcp-openaccess/HCP_1200/506234/MNINonLinear/Results/tfMRI_WM/tfMRI_WM_hp200_s12_level2.feat/GrayordinatesStats/cope2.feat/tstat1.dtseries.nii","506234","MNINonLinear//Results/tfMRI_WM/tfMRI_WM_hp200_s12_level2.feat/GrayordinatesStats/cope2.feat/tstat1.dtseries.nii","1l7VKNyjXtn776BwbRJQU.9tUhcIIrQC"
"s3://hcp-openaccess/HCP_1200/506234/MNINonLinear/Results/tfMRI_WM/tfMRI_WM_hp200_s12_level2.feat/GrayordinatesStats/cope2.feat/varcope1.dtseries.nii","506234","MNINonLinear//Results/tfMRI_WM/tfMRI_WM_hp200_s12_level2.feat/GrayordinatesStats/cope2.feat/varcope1.dtseries.nii","0lx410HaWzfiEo3fOkzzPwOYeeL3_5Y7"
"s3://hcp-openaccess/HCP_1200/506234/MNINonLinear/Results/tfMRI_WM/tfMRI_WM_hp200_s12_level2.feat/GrayordinatesStats/cope2.feat/weights1.dtseries.nii","506234","MNINonLinear//Results/tfMRI_WM/tfMRI_WM_hp200_s12_level2.feat/GrayordinatesStats/cope2.feat/weights1.dtseries.nii","tzfCozjwjFa340GYYjF_F7VB4ArojLdX"
"s3://hcp-openaccess/HCP_1200/506234/MNINonLinear/Results/tfMRI_WM/tfMRI_WM_hp200_s12_level2.feat/GrayordinatesStats/cope2.feat/zflame1lowertstat1.dtseries.nii","506234","MNINonLinear//Results/tfMRI_WM/tfMRI_WM_hp200_s12_level2.feat/GrayordinatesStats/cope2.feat/zflame1lowertstat1.dtseries.nii","9XLgtgM8jm5KF_u.Iap05legHNKKt2KJ"
"s3://hcp-openaccess/HCP_1200/506234/MNINonLinear/Results/tfMRI_WM/tfMRI_WM_hp200_s12_level2.feat/GrayordinatesStats/cope2.feat/zflame1uppertstat1.dtseries.nii","506234","MNINonLinear//Results/tfMRI_WM/tfMRI_WM_hp200_s12_level2.feat/GrayordinatesStats/cope2.feat/zflame1uppertstat1.dtseries.nii","A6YrSmwFHi5OORD79UbCgtFsJlxSAAvn"
"s3://hcp-openaccess/HCP_1200/506234/MNINonLinear/Results/tfMRI_WM/tfMRI_WM_hp200_s12_level2.feat/GrayordinatesStats/cope2.feat/zstat1.dtseries.nii","506234","MNINonLinear//Results/tfMRI_WM/tfMRI_WM_hp200_s12_level2.feat/GrayordinatesStats/cope2.feat/zstat1.dtseries.nii","H__nJRR.lr0kLM2ehkquV5KBcvcd8wN_"
"s3://hcp-openaccess/HCP_1200/506234/MNINonLinear/Results/tfMRI_WM/tfMRI_WM_hp200_s12_level2.feat/GrayordinatesStats/cope20.feat/cope1.dtseries.nii","506234","MNINonLinear//Results/tfMRI_WM/tfMRI_WM_hp200_s12_level2.feat/GrayordinatesStats/cope20.feat/cope1.dtseries.nii","kKXjVgPgEGeF5TdXJdqnySpAsmYKPFh9"
"s3://hcp-openaccess/HCP_1200/506234/MNINonLinear/Results/tfMRI_WM/tfMRI_WM_hp200_s12_level2.feat/GrayordinatesStats/cope20.feat/logfile","506234","MNINonLinear//Results/tfMRI_WM/tfMRI_WM_hp200_s12_level2.feat/GrayordinatesStats/cope20.feat/logfile","CggAp9rvttwYYH7le1jYUGD73sP4udgX"
"s3://hcp-openaccess/HCP_1200/506234/MNINonLinear/Results/tfMRI_WM/tfMRI_WM_hp200_s12_level2.feat/GrayordinatesStats/cope20.feat/mask.dtseries.nii","506234","MNINonLinear//Results/tfMRI_WM/tfMRI_WM_hp200_s12_level2.feat/GrayordinatesStats/cope20.feat/mask.dtseries.nii","q4NikRGYtf_C3yh5AwF3BlLVwNe769MC"
"s3://hcp-openaccess/HCP_1200/506234/MNINonLinear/Results/tfMRI_WM/tfMRI_WM_hp200_s12_level2.feat/GrayordinatesStats/cope20.feat/mean_random_effects_var1.dtseries.nii","506234","MNINonLinear//Results/tfMRI_WM/tfMRI_WM_hp200_s12_level2.feat/GrayordinatesStats/cope20.feat/mean_random_effects_var1.dtseries.nii","OVCnKK6MFIKtE1D8Y3j3df6rK2wKwsFM"
"s3://hcp-openaccess/HCP_1200/506234/MNINonLinear/Results/tfMRI_WM/tfMRI_WM_hp200_s12_level2.feat/GrayordinatesStats/cope20.feat/pe1.dtseries.nii","506234","MNINonLinear//Results/tfMRI_WM/tfMRI_WM_hp200_s12_level2.feat/GrayordinatesStats/cope20.feat/pe1.dtseries.nii","29CVSF0yvjRP_sSVQ4tuBnLDgK9r4R2P"
"s3://hcp-openaccess/HCP_1200/506234/MNINonLinear/Results/tfMRI_WM/tfMRI_WM_hp200_s12_level2.feat/GrayordinatesStats/cope20.feat/res4d.dtseries.nii","506234","MNINonLinear//Results/tfMRI_WM/tfMRI_WM_hp200_s12_level2.feat/GrayordinatesStats/cope20.feat/res4d.dtseries.nii","BjA8gUu0QCHdgB3qBoGXITF5SdJJUdAT"
"s3://hcp-openaccess/HCP_1200/506234/MNINonLinear/Results/tfMRI_WM/tfMRI_WM_hp200_s12_level2.feat/GrayordinatesStats/cope20.feat/tdof_t1.dtseries.nii","506234","MNINonLinear//Results/tfMRI_WM/tfMRI_WM_hp200_s12_level2.feat/GrayordinatesStats/cope20.feat/tdof_t1.dtseries.nii","WWtv3P94BZwsq9fCYvZiRRfvO032nDFD"
"s3://hcp-openaccess/HCP_1200/506234/MNINonLinear/Results/tfMRI_WM/tfMRI_WM_hp200_s12_level2.feat/GrayordinatesStats/cope20.feat/tstat1.dtseries.nii","506234","MNINonLinear//Results/tfMRI_WM/tfMRI_WM_hp200_s12_level2.feat/GrayordinatesStats/cope20.feat/tstat1.dtseries.nii","sJiXpgruTdJlf2T..1nGCOJMOmHvBnNy"
"s3://hcp-openaccess/HCP_1200/506234/MNINonLinear/Results/tfMRI_WM/tfMRI_WM_hp200_s12_level2.feat/GrayordinatesStats/cope20.feat/varcope1.dtseries.nii","506234","MNINonLinear//Results/tfMRI_WM/tfMRI_WM_hp200_s12_level2.feat/GrayordinatesStats/cope20.feat/varcope1.dtseries.nii","KQ14bG8yszJF2L6reqCUuYoV7XumtS07"
"s3://hcp-openaccess/HCP_1200/506234/MNINonLinear/Results/tfMRI_WM/tfMRI_WM_hp200_s12_level2.feat/GrayordinatesStats/cope20.feat/weights1.dtseries.nii","506234","MNINonLinear//Results/tfMRI_WM/tfMRI_WM_hp200_s12_level2.feat/GrayordinatesStats/cope20.feat/weights1.dtseries.nii","6nTQLsY1lf6pKEgORNlCVyePn31cx_d6"
"s3://hcp-openaccess/HCP_1200/506234/MNINonLinear/Results/tfMRI_WM/tfMRI_WM_hp200_s12_level2.feat/GrayordinatesStats/cope20.feat/zflame1lowertstat1.dtseries.nii","506234","MNINonLinear//Results/tfMRI_WM/tfMRI_WM_hp200_s12_level2.feat/GrayordinatesStats/cope20.feat/zflame1lowertstat1.dtseries.nii","5foT76AgHp43hqipjashRvBvYH2RhAXy"
"s3://hcp-openaccess/HCP_1200/506234/MNINonLinear/Results/tfMRI_WM/tfMRI_WM_hp200_s12_level2.feat/GrayordinatesStats/cope20.feat/zflame1uppertstat1.dtseries.nii","506234","MNINonLinear//Results/tfMRI_WM/tfMRI_WM_hp200_s12_level2.feat/GrayordinatesStats/cope20.feat/zflame1uppertstat1.dtseries.nii","N4R.4gpY1f18vPgWkupa5hlT1wrOudCh"
"s3://hcp-openaccess/HCP_1200/506234/MNINonLinear/Results/tfMRI_WM/tfMRI_WM_hp200_s12_level2.feat/GrayordinatesStats/cope20.feat/zstat1.dtseries.nii","506234","MNINonLinear//Results/tfMRI_WM/tfMRI_WM_hp200_s12_level2.feat/GrayordinatesStats/cope20.feat/zstat1.dtseries.nii","NVaSWKqH7VU.2P3T_11OxpDFElrDGQyO"
"s3://hcp-openaccess/HCP_1200/506234/MNINonLinear/Results/tfMRI_WM/tfMRI_WM_hp200_s12_level2.feat/GrayordinatesStats/cope21.feat/cope1.dtseries.nii","506234","MNINonLinear//Results/tfMRI_WM/tfMRI_WM_hp200_s12_level2.feat/GrayordinatesStats/cope21.feat/cope1.dtseries.nii","QE69XiCj0rthXmGh5TykS63.qRyN3Zcj"
"s3://hcp-openaccess/HCP_1200/506234/MNINonLinear/Results/tfMRI_WM/tfMRI_WM_hp200_s12_level2.feat/GrayordinatesStats/cope21.feat/logfile","506234","MNINonLinear//Results/tfMRI_WM/tfMRI_WM_hp200_s12_level2.feat/GrayordinatesStats/cope21.feat/logfile","ndbQEdUG7MGPcGmI3VQ8b3_a6NBjOMDF"
"s3://hcp-openaccess/HCP_1200/506234/MNINonLinear/Results/tfMRI_WM/tfMRI_WM_hp200_s12_level2.feat/GrayordinatesStats/cope21.feat/mask.dtseries.nii","506234","MNINonLinear//Results/tfMRI_WM/tfMRI_WM_hp200_s12_level2.feat/GrayordinatesStats/cope21.feat/mask.dtseries.nii","VE9.SdgEi9H13HpKQlFd_64Mai3lZTv4"
"s3://hcp-openaccess/HCP_1200/506234/MNINonLinear/Results/tfMRI_WM/tfMRI_WM_hp200_s12_level2.feat/GrayordinatesStats/cope21.feat/mean_random_effects_var1.dtseries.nii","506234","MNINonLinear//Results/tfMRI_WM/tfMRI_WM_hp200_s12_level2.feat/GrayordinatesStats/cope21.feat/mean_random_effects_var1.dtseries.nii","9LuNnNvZJlnPQOAZEzcBoaKdowaoOaLY"
"s3://hcp-openaccess/HCP_1200/506234/MNINonLinear/Results/tfMRI_WM/tfMRI_WM_hp200_s12_level2.feat/GrayordinatesStats/cope21.feat/pe1.dtseries.nii","506234","MNINonLinear//Results/tfMRI_WM/tfMRI_WM_hp200_s12_level2.feat/GrayordinatesStats/cope21.feat/pe1.dtseries.nii","7IC7AgqjNCIhmLM3Q.0dHYNVqcPsJhUs"
"s3://hcp-openaccess/HCP_1200/506234/MNINonLinear/Results/tfMRI_WM/tfMRI_WM_hp200_s12_level2.feat/GrayordinatesStats/cope21.feat/res4d.dtseries.nii","506234","MNINonLinear//Results/tfMRI_WM/tfMRI_WM_hp200_s12_level2.feat/GrayordinatesStats/cope21.feat/res4d.dtseries.nii","rJ5JULB4CemicLP8muc2zZKkt0LgK7IQ"
"s3://hcp-openaccess/HCP_1200/506234/MNINonLinear/Results/tfMRI_WM/tfMRI_WM_hp200_s12_level2.feat/GrayordinatesStats/cope21.feat/tdof_t1.dtseries.nii","506234","MNINonLinear//Results/tfMRI_WM/tfMRI_WM_hp200_s12_level2.feat/GrayordinatesStats/cope21.feat/tdof_t1.dtseries.nii","3NB6X0W62IE4Ipbi.WXp10hxQYtPR_Y7"
"s3://hcp-openaccess/HCP_1200/506234/MNINonLinear/Results/tfMRI_WM/tfMRI_WM_hp200_s12_level2.feat/GrayordinatesStats/cope21.feat/tstat1.dtseries.nii","506234","MNINonLinear//Results/tfMRI_WM/tfMRI_WM_hp200_s12_level2.feat/GrayordinatesStats/cope21.feat/tstat1.dtseries.nii","EJk5fSY0Y8Mt34PDKoVXOPrzDeDh1tUz"
"s3://hcp-openaccess/HCP_1200/506234/MNINonLinear/Results/tfMRI_WM/tfMRI_WM_hp200_s12_level2.feat/GrayordinatesStats/cope21.feat/varcope1.dtseries.nii","506234","MNINonLinear//Results/tfMRI_WM/tfMRI_WM_hp200_s12_level2.feat/GrayordinatesStats/cope21.feat/varcope1.dtseries.nii","8NARwwMYQXZEQPOZ1ThIvYI_JFEXQjP7"
"s3://hcp-openaccess/HCP_1200/506234/MNINonLinear/Results/tfMRI_WM/tfMRI_WM_hp200_s12_level2.feat/GrayordinatesStats/cope21.feat/weights1.dtseries.nii","506234","MNINonLinear//Results/tfMRI_WM/tfMRI_WM_hp200_s12_level2.feat/GrayordinatesStats/cope21.feat/weights1.dtseries.nii","y3oYMOh57ovwbm_QAQup.zcNLEFSbPQa"
"s3://hcp-openaccess/HCP_1200/506234/MNINonLinear/Results/tfMRI_WM/tfMRI_WM_hp200_s12_level2.feat/GrayordinatesStats/cope21.feat/zflame1lowertstat1.dtseries.nii","506234","MNINonLinear//Results/tfMRI_WM/tfMRI_WM_hp200_s12_level2.feat/GrayordinatesStats/cope21.feat/zflame1lowertstat1.dtseries.nii","th0G6OLszfP5czlykvnJuOGxzfWWxKN."
"s3://hcp-openaccess/HCP_1200/506234/MNINonLinear/Results/tfMRI_WM/tfMRI_WM_hp200_s12_level2.feat/GrayordinatesStats/cope21.feat/zflame1uppertstat1.dtseries.nii","506234","MNINonLinear//Results/tfMRI_WM/tfMRI_WM_hp200_s12_level2.feat/GrayordinatesStats/cope21.feat/zflame1uppertstat1.dtseries.nii","O6DTRfaUxh.o21eozcRSVv0iddyrFNe3"
"s3://hcp-openaccess/HCP_1200/506234/MNINonLinear/Results/tfMRI_WM/tfMRI_WM_hp200_s12_level2.feat/GrayordinatesStats/cope21.feat/zstat1.dtseries.nii","506234","MNINonLinear//Results/tfMRI_WM/tfMRI_WM_hp200_s12_level2.feat/GrayordinatesStats/cope21.feat/zstat1.dtseries.nii","JcesHVXkGGNNUsbq3UEo5pt9gR.z6hgP"
"s3://hcp-openaccess/HCP_1200/506234/MNINonLinear/Results/tfMRI_WM/tfMRI_WM_hp200_s12_level2.feat/GrayordinatesStats/cope22.feat/cope1.dtseries.nii","506234","MNINonLinear//Results/tfMRI_WM/tfMRI_WM_hp200_s12_level2.feat/GrayordinatesStats/cope22.feat/cope1.dtseries.nii","k7Q2r3b.23aTfROwEzZlE0KJIqsJxztt"
"s3://hcp-openaccess/HCP_1200/506234/MNINonLinear/Results/tfMRI_WM/tfMRI_WM_hp200_s12_level2.feat/GrayordinatesStats/cope22.feat/logfile","506234","MNINonLinear//Results/tfMRI_WM/tfMRI_WM_hp200_s12_level2.feat/GrayordinatesStats/cope22.feat/logfile","DjD8GaEnn97sUM7tDsijADEAatxoNtzN"
"s3://hcp-openaccess/HCP_1200/506234/MNINonLinear/Results/tfMRI_WM/tfMRI_WM_hp200_s12_level2.feat/GrayordinatesStats/cope22.feat/mask.dtseries.nii","506234","MNINonLinear//Results/tfMRI_WM/tfMRI_WM_hp200_s12_level2.feat/GrayordinatesStats/cope22.feat/mask.dtseries.nii","jsc.x9DDyatOqMWj2de0NG_3ykUXO5WR"
"s3://hcp-openaccess/HCP_1200/506234/MNINonLinear/Results/tfMRI_WM/tfMRI_WM_hp200_s12_level2.feat/GrayordinatesStats/cope22.feat/mean_random_effects_var1.dtseries.nii","506234","MNINonLinear//Results/tfMRI_WM/tfMRI_WM_hp200_s12_level2.feat/GrayordinatesStats/cope22.feat/mean_random_effects_var1.dtseries.nii","BX7qcyYBir8Kh5M2GTuapy2X.YCAlI0B"
"s3://hcp-openaccess/HCP_1200/506234/MNINonLinear/Results/tfMRI_WM/tfMRI_WM_hp200_s12_level2.feat/GrayordinatesStats/cope22.feat/pe1.dtseries.nii","506234","MNINonLinear//Results/tfMRI_WM/tfMRI_WM_hp200_s12_level2.feat/GrayordinatesStats/cope22.feat/pe1.dtseries.nii","FXOtuqdzThCQpx04P0YyMHXUKEhrVbAC"
"s3://hcp-openaccess/HCP_1200/506234/MNINonLinear/Results/tfMRI_WM/tfMRI_WM_hp200_s12_level2.feat/GrayordinatesStats/cope22.feat/res4d.dtseries.nii","506234","MNINonLinear//Results/tfMRI_WM/tfMRI_WM_hp200_s12_level2.feat/GrayordinatesStats/cope22.feat/res4d.dtseries.nii","Ntn3KADl1AF7FLnBbYdtaWfLKPCcsCOd"
"s3://hcp-openaccess/HCP_1200/506234/MNINonLinear/Results/tfMRI_WM/tfMRI_WM_hp200_s12_level2.feat/GrayordinatesStats/cope22.feat/tdof_t1.dtseries.nii","506234","MNINonLinear//Results/tfMRI_WM/tfMRI_WM_hp200_s12_level2.feat/GrayordinatesStats/cope22.feat/tdof_t1.dtseries.nii","S8RWzXcQpNp3yIoqJy5mfY1BF80F4XRA"
"s3://hcp-openaccess/HCP_1200/506234/MNINonLinear/Results/tfMRI_WM/tfMRI_WM_hp200_s12_level2.feat/GrayordinatesStats/cope22.feat/tstat1.dtseries.nii","506234","MNINonLinear//Results/tfMRI_WM/tfMRI_WM_hp200_s12_level2.feat/GrayordinatesStats/cope22.feat/tstat1.dtseries.nii","jlF88EIXMpXMxAkXkUircSsGMU5n71lF"
"s3://hcp-openaccess/HCP_1200/506234/MNINonLinear/Results/tfMRI_WM/tfMRI_WM_hp200_s12_level2.feat/GrayordinatesStats/cope22.feat/varcope1.dtseries.nii","506234","MNINonLinear//Results/tfMRI_WM/tfMRI_WM_hp200_s12_level2.feat/GrayordinatesStats/cope22.feat/varcope1.dtseries.nii","uf29tMy6AOpB1jrUMWMPv_dOhh.3NMFC"
"s3://hcp-openaccess/HCP_1200/506234/MNINonLinear/Results/tfMRI_WM/tfMRI_WM_hp200_s12_level2.feat/GrayordinatesStats/cope22.feat/weights1.dtseries.nii","506234","MNINonLinear//Results/tfMRI_WM/tfMRI_WM_hp200_s12_level2.feat/GrayordinatesStats/cope22.feat/weights1.dtseries.nii","HjKQQMHnzOG8gKvovXyOLuFoGJki2ncn"
"s3://hcp-openaccess/HCP_1200/506234/MNINonLinear/Results/tfMRI_WM/tfMRI_WM_hp200_s12_level2.feat/GrayordinatesStats/cope22.feat/zflame1lowertstat1.dtseries.nii","506234","MNINonLinear//Results/tfMRI_WM/tfMRI_WM_hp200_s12_level2.feat/GrayordinatesStats/cope22.feat/zflame1lowertstat1.dtseries.nii","ds1S.24S3h8On4mIq4a3gCjkeu2kV2dQ"
"s3://hcp-openaccess/HCP_1200/506234/MNINonLinear/Results/tfMRI_WM/tfMRI_WM_hp200_s12_level2.feat/GrayordinatesStats/cope22.feat/zflame1uppertstat1.dtseries.nii","506234","MNINonLinear//Results/tfMRI_WM/tfMRI_WM_hp200_s12_level2.feat/GrayordinatesStats/cope22.feat/zflame1uppertstat1.dtseries.nii","Rn78O_sajNOh_ckPqhtSTZOtsxu_dyWj"
"s3://hcp-openaccess/HCP_1200/506234/MNINonLinear/Results/tfMRI_WM/tfMRI_WM_hp200_s12_level2.feat/GrayordinatesStats/cope22.feat/zstat1.dtseries.nii","506234","MNINonLinear//Results/tfMRI_WM/tfMRI_WM_hp200_s12_level2.feat/GrayordinatesStats/cope22.feat/zstat1.dtseries.nii","xB_WHP05sNUf3XcugnQC3tvXzxEFlM22"
"s3://hcp-openaccess/HCP_1200/506234/MNINonLinear/Results/tfMRI_WM/tfMRI_WM_hp200_s12_level2.feat/GrayordinatesStats/cope23.feat/cope1.dtseries.nii","506234","MNINonLinear//Results/tfMRI_WM/tfMRI_WM_hp200_s12_level2.feat/GrayordinatesStats/cope23.feat/cope1.dtseries.nii","o.znqg.FpK9ukjbcgGcT1tmLLua1OsnP"
"s3://hcp-openaccess/HCP_1200/506234/MNINonLinear/Results/tfMRI_WM/tfMRI_WM_hp200_s12_level2.feat/GrayordinatesStats/cope23.feat/logfile","506234","MNINonLinear//Results/tfMRI_WM/tfMRI_WM_hp200_s12_level2.feat/GrayordinatesStats/cope23.feat/logfile","epD8DwWn35htXyH3AQgAN0VLul46hw3K"
"s3://hcp-openaccess/HCP_1200/506234/MNINonLinear/Results/tfMRI_WM/tfMRI_WM_hp200_s12_level2.feat/GrayordinatesStats/cope23.feat/mask.dtseries.nii","506234","MNINonLinear//Results/tfMRI_WM/tfMRI_WM_hp200_s12_level2.feat/GrayordinatesStats/cope23.feat/mask.dtseries.nii","6W1QQt1nEwPltEgc2eQTU883anK3QhR."
"s3://hcp-openaccess/HCP_1200/506234/MNINonLinear/Results/tfMRI_WM/tfMRI_WM_hp200_s12_level2.feat/GrayordinatesStats/cope23.feat/mean_random_effects_var1.dtseries.nii","506234","MNINonLinear//Results/tfMRI_WM/tfMRI_WM_hp200_s12_level2.feat/GrayordinatesStats/cope23.feat/mean_random_effects_var1.dtseries.nii","xZMYtHTcGEO34.JXTuktP8P_.PFbUJoT"
"s3://hcp-openaccess/HCP_1200/506234/MNINonLinear/Results/tfMRI_WM/tfMRI_WM_hp200_s12_level2.feat/GrayordinatesStats/cope23.feat/pe1.dtseries.nii","506234","MNINonLinear//Results/tfMRI_WM/tfMRI_WM_hp200_s12_level2.feat/GrayordinatesStats/cope23.feat/pe1.dtseries.nii","CHRVC4BKrBv69G5M0_32i3y_4JihgJV0"
"s3://hcp-openaccess/HCP_1200/506234/MNINonLinear/Results/tfMRI_WM/tfMRI_WM_hp200_s12_level2.feat/GrayordinatesStats/cope23.feat/res4d.dtseries.nii","506234","MNINonLinear//Results/tfMRI_WM/tfMRI_WM_hp200_s12_level2.feat/GrayordinatesStats/cope23.feat/res4d.dtseries.nii","rYsGl1JICnHgWF3Bn1ca.5RIGec3QzU."
"s3://hcp-openaccess/HCP_1200/506234/MNINonLinear/Results/tfMRI_WM/tfMRI_WM_hp200_s12_level2.feat/GrayordinatesStats/cope23.feat/tdof_t1.dtseries.nii","506234","MNINonLinear//Results/tfMRI_WM/tfMRI_WM_hp200_s12_level2.feat/GrayordinatesStats/cope23.feat/tdof_t1.dtseries.nii","MTOU_aviRowXdb_NcammLoy23IyV_dKn"
"s3://hcp-openaccess/HCP_1200/506234/MNINonLinear/Results/tfMRI_WM/tfMRI_WM_hp200_s12_level2.feat/GrayordinatesStats/cope23.feat/tstat1.dtseries.nii","506234","MNINonLinear//Results/tfMRI_WM/tfMRI_WM_hp200_s12_level2.feat/GrayordinatesStats/cope23.feat/tstat1.dtseries.nii",".WXUFcyy0woqx5slZG6U5esjaMSFwx0H"
"s3://hcp-openaccess/HCP_1200/506234/MNINonLinear/Results/tfMRI_WM/tfMRI_WM_hp200_s12_level2.feat/GrayordinatesStats/cope23.feat/varcope1.dtseries.nii","506234","MNINonLinear//Results/tfMRI_WM/tfMRI_WM_hp200_s12_level2.feat/GrayordinatesStats/cope23.feat/varcope1.dtseries.nii","JNDi.UbQVx04k14s7EE1.CUIeyoqJ.Cc"
"s3://hcp-openaccess/HCP_1200/506234/MNINonLinear/Results/tfMRI_WM/tfMRI_WM_hp200_s12_level2.feat/GrayordinatesStats/cope23.feat/weights1.dtseries.nii","506234","MNINonLinear//Results/tfMRI_WM/tfMRI_WM_hp200_s12_level2.feat/GrayordinatesStats/cope23.feat/weights1.dtseries.nii","npfzsYys3v86Sr7jTEsAOGD3jpdC3Y0x"
"s3://hcp-openaccess/HCP_1200/506234/MNINonLinear/Results/tfMRI_WM/tfMRI_WM_hp200_s12_level2.feat/GrayordinatesStats/cope23.feat/zflame1lowertstat1.dtseries.nii","506234","MNINonLinear//Results/tfMRI_WM/tfMRI_WM_hp200_s12_level2.feat/GrayordinatesStats/cope23.feat/zflame1lowertstat1.dtseries.nii","t_Wx.gdDWpUOopz0muKvz9FxanCxS5nW"
"s3://hcp-openaccess/HCP_1200/506234/MNINonLinear/Results/tfMRI_WM/tfMRI_WM_hp200_s12_level2.feat/GrayordinatesStats/cope23.feat/zflame1uppertstat1.dtseries.nii","506234","MNINonLinear//Results/tfMRI_WM/tfMRI_WM_hp200_s12_level2.feat/GrayordinatesStats/cope23.feat/zflame1uppertstat1.dtseries.nii","Q0783wUgGjxS2rl9n6py40w5Z59of.xG"
"s3://hcp-openaccess/HCP_1200/506234/MNINonLinear/Results/tfMRI_WM/tfMRI_WM_hp200_s12_level2.feat/GrayordinatesStats/cope23.feat/zstat1.dtseries.nii","506234","MNINonLinear//Results/tfMRI_WM/tfMRI_WM_hp200_s12_level2.feat/GrayordinatesStats/cope23.feat/zstat1.dtseries.nii","akg9hOqlV3ZTuW_qnxbYuqFjIh9UEtl7"
"s3://hcp-openaccess/HCP_1200/506234/MNINonLinear/Results/tfMRI_WM/tfMRI_WM_hp200_s12_level2.feat/GrayordinatesStats/cope24.feat/cope1.dtseries.nii","506234","MNINonLinear//Results/tfMRI_WM/tfMRI_WM_hp200_s12_level2.feat/GrayordinatesStats/cope24.feat/cope1.dtseries.nii","YUdmkI8SAAV9gJ6FA1WgbmPkuMVSnMT_"
"s3://hcp-openaccess/HCP_1200/506234/MNINonLinear/Results/tfMRI_WM/tfMRI_WM_hp200_s12_level2.feat/GrayordinatesStats/cope24.feat/logfile","506234","MNINonLinear//Results/tfMRI_WM/tfMRI_WM_hp200_s12_level2.feat/GrayordinatesStats/cope24.feat/logfile","Azp2NHlyVc8HPhPTSJk9H7CKwqMkz.kx"
"s3://hcp-openaccess/HCP_1200/506234/MNINonLinear/Results/tfMRI_WM/tfMRI_WM_hp200_s12_level2.feat/GrayordinatesStats/cope24.feat/mask.dtseries.nii","506234","MNINonLinear//Results/tfMRI_WM/tfMRI_WM_hp200_s12_level2.feat/GrayordinatesStats/cope24.feat/mask.dtseries.nii","9l._zZKuK2su63uiobCf1DnDbx9B6meh"
"s3://hcp-openaccess/HCP_1200/506234/MNINonLinear/Results/tfMRI_WM/tfMRI_WM_hp200_s12_level2.feat/GrayordinatesStats/cope24.feat/mean_random_effects_var1.dtseries.nii","506234","MNINonLinear//Results/tfMRI_WM/tfMRI_WM_hp200_s12_level2.feat/GrayordinatesStats/cope24.feat/mean_random_effects_var1.dtseries.nii","dy8ZfGl3vg9CGufwlkj0cttDgS_pXGEm"
"s3://hcp-openaccess/HCP_1200/506234/MNINonLinear/Results/tfMRI_WM/tfMRI_WM_hp200_s12_level2.feat/GrayordinatesStats/cope24.feat/pe1.dtseries.nii","506234","MNINonLinear//Results/tfMRI_WM/tfMRI_WM_hp200_s12_level2.feat/GrayordinatesStats/cope24.feat/pe1.dtseries.nii","BtO8Btvz2TvrJdA5w.nRY8xjl_TzCvYf"
"s3://hcp-openaccess/HCP_1200/506234/MNINonLinear/Results/tfMRI_WM/tfMRI_WM_hp200_s12_level2.feat/GrayordinatesStats/cope24.feat/res4d.dtseries.nii","506234","MNINonLinear//Results/tfMRI_WM/tfMRI_WM_hp200_s12_level2.feat/GrayordinatesStats/cope24.feat/res4d.dtseries.nii","WsjKfkyYgmIovLTYJaPv6PJL6fNCkwKq"
"s3://hcp-openaccess/HCP_1200/506234/MNINonLinear/Results/tfMRI_WM/tfMRI_WM_hp200_s12_level2.feat/GrayordinatesStats/cope24.feat/tdof_t1.dtseries.nii","506234","MNINonLinear//Results/tfMRI_WM/tfMRI_WM_hp200_s12_level2.feat/GrayordinatesStats/cope24.feat/tdof_t1.dtseries.nii","EVjFthwRK5ZAV9IOUo.CBQjiOFBM1jGz"
"s3://hcp-openaccess/HCP_1200/506234/MNINonLinear/Results/tfMRI_WM/tfMRI_WM_hp200_s12_level2.feat/GrayordinatesStats/cope24.feat/tstat1.dtseries.nii","506234","MNINonLinear//Results/tfMRI_WM/tfMRI_WM_hp200_s12_level2.feat/GrayordinatesStats/cope24.feat/tstat1.dtseries.nii","VCpd38Qv.74psp4jR4YAQaQVeALI1s0w"
"s3://hcp-openaccess/HCP_1200/506234/MNINonLinear/Results/tfMRI_WM/tfMRI_WM_hp200_s12_level2.feat/GrayordinatesStats/cope24.feat/varcope1.dtseries.nii","506234","MNINonLinear//Results/tfMRI_WM/tfMRI_WM_hp200_s12_level2.feat/GrayordinatesStats/cope24.feat/varcope1.dtseries.nii","aHuAN9VG8sgvbD4WoPOZ825KlEQRj6Kh"
"s3://hcp-openaccess/HCP_1200/506234/MNINonLinear/Results/tfMRI_WM/tfMRI_WM_hp200_s12_level2.feat/GrayordinatesStats/cope24.feat/weights1.dtseries.nii","506234","MNINonLinear//Results/tfMRI_WM/tfMRI_WM_hp200_s12_level2.feat/GrayordinatesStats/cope24.feat/weights1.dtseries.nii","dRw._3htveCdUoHCkIkPQl5Y7nodYDFr"
"s3://hcp-openaccess/HCP_1200/506234/MNINonLinear/Results/tfMRI_WM/tfMRI_WM_hp200_s12_level2.feat/GrayordinatesStats/cope24.feat/zflame1lowertstat1.dtseries.nii","506234","MNINonLinear//Results/tfMRI_WM/tfMRI_WM_hp200_s12_level2.feat/GrayordinatesStats/cope24.feat/zflame1lowertstat1.dtseries.nii","uVAGSiHYak8P4zsZ9KRGrufrZ_rGPmZ2"
"s3://hcp-openaccess/HCP_1200/506234/MNINonLinear/Results/tfMRI_WM/tfMRI_WM_hp200_s12_level2.feat/GrayordinatesStats/cope24.feat/zflame1uppertstat1.dtseries.nii","506234","MNINonLinear//Results/tfMRI_WM/tfMRI_WM_hp200_s12_level2.feat/GrayordinatesStats/cope24.feat/zflame1uppertstat1.dtseries.nii","mebnoDpM8d9ifi0tVuacuZu1IuDzBFMH"
"s3://hcp-openaccess/HCP_1200/506234/MNINonLinear/Results/tfMRI_WM/tfMRI_WM_hp200_s12_level2.feat/GrayordinatesStats/cope24.feat/zstat1.dtseries.nii","506234","MNINonLinear//Results/tfMRI_WM/tfMRI_WM_hp200_s12_level2.feat/GrayordinatesStats/cope24.feat/zstat1.dtseries.nii","Sy0Y1cgjS_Wv8Bv0gA0d.dNYzfxczErq"
"s3://hcp-openaccess/HCP_1200/506234/MNINonLinear/Results/tfMRI_WM/tfMRI_WM_hp200_s12_level2.feat/GrayordinatesStats/cope25.feat/cope1.dtseries.nii","506234","MNINonLinear//Results/tfMRI_WM/tfMRI_WM_hp200_s12_level2.feat/GrayordinatesStats/cope25.feat/cope1.dtseries.nii","bX1Z0PD8pLOiAc9IZcmnZCKvhBzFVZTk"
"s3://hcp-openaccess/HCP_1200/506234/MNINonLinear/Results/tfMRI_WM/tfMRI_WM_hp200_s12_level2.feat/GrayordinatesStats/cope25.feat/logfile","506234","MNINonLinear//Results/tfMRI_WM/tfMRI_WM_hp200_s12_level2.feat/GrayordinatesStats/cope25.feat/logfile","RV8ZA312QcWRuyvzPmkc1X15SzXbg0rz"
"s3://hcp-openaccess/HCP_1200/506234/MNINonLinear/Results/tfMRI_WM/tfMRI_WM_hp200_s12_level2.feat/GrayordinatesStats/cope25.feat/mask.dtseries.nii","506234","MNINonLinear//Results/tfMRI_WM/tfMRI_WM_hp200_s12_level2.feat/GrayordinatesStats/cope25.feat/mask.dtseries.nii","xpI8rywLkSnIF.UpXYWhvQB_NtCQlAtP"
"s3://hcp-openaccess/HCP_1200/506234/MNINonLinear/Results/tfMRI_WM/tfMRI_WM_hp200_s12_level2.feat/GrayordinatesStats/cope25.feat/mean_random_effects_var1.dtseries.nii","506234","MNINonLinear//Results/tfMRI_WM/tfMRI_WM_hp200_s12_level2.feat/GrayordinatesStats/cope25.feat/mean_random_effects_var1.dtseries.nii","1F2gCOWuXLrGvBntXjky.703HE30jHoV"
"s3://hcp-openaccess/HCP_1200/506234/MNINonLinear/Results/tfMRI_WM/tfMRI_WM_hp200_s12_level2.feat/GrayordinatesStats/cope25.feat/pe1.dtseries.nii","506234","MNINonLinear//Results/tfMRI_WM/tfMRI_WM_hp200_s12_level2.feat/GrayordinatesStats/cope25.feat/pe1.dtseries.nii","TG8uXQU.tYwvvLS_WtFjVGiy77grYVGY"
"s3://hcp-openaccess/HCP_1200/506234/MNINonLinear/Results/tfMRI_WM/tfMRI_WM_hp200_s12_level2.feat/GrayordinatesStats/cope25.feat/res4d.dtseries.nii","506234","MNINonLinear//Results/tfMRI_WM/tfMRI_WM_hp200_s12_level2.feat/GrayordinatesStats/cope25.feat/res4d.dtseries.nii","Z0d68ReqRVtD4BPHjFQOGnCjXmDypR_3"
"s3://hcp-openaccess/HCP_1200/506234/MNINonLinear/Results/tfMRI_WM/tfMRI_WM_hp200_s12_level2.feat/GrayordinatesStats/cope25.feat/tdof_t1.dtseries.nii","506234","MNINonLinear//Results/tfMRI_WM/tfMRI_WM_hp200_s12_level2.feat/GrayordinatesStats/cope25.feat/tdof_t1.dtseries.nii","CltivEDPunnxWxCl0G850UnvQYHKjeOV"
"s3://hcp-openaccess/HCP_1200/506234/MNINonLinear/Results/tfMRI_WM/tfMRI_WM_hp200_s12_level2.feat/GrayordinatesStats/cope25.feat/tstat1.dtseries.nii","506234","MNINonLinear//Results/tfMRI_WM/tfMRI_WM_hp200_s12_level2.feat/GrayordinatesStats/cope25.feat/tstat1.dtseries.nii","ukNcsyUvZc84muLUuQCc99ZrzTr.qb8R"
"s3://hcp-openaccess/HCP_1200/506234/MNINonLinear/Results/tfMRI_WM/tfMRI_WM_hp200_s12_level2.feat/GrayordinatesStats/cope25.feat/varcope1.dtseries.nii","506234","MNINonLinear//Results/tfMRI_WM/tfMRI_WM_hp200_s12_level2.feat/GrayordinatesStats/cope25.feat/varcope1.dtseries.nii","BpCfNQTPOTvlRuhCb9Rrj.ieF_iUmPmV"
"s3://hcp-openaccess/HCP_1200/506234/MNINonLinear/Results/tfMRI_WM/tfMRI_WM_hp200_s12_level2.feat/GrayordinatesStats/cope25.feat/weights1.dtseries.nii","506234","MNINonLinear//Results/tfMRI_WM/tfMRI_WM_hp200_s12_level2.feat/GrayordinatesStats/cope25.feat/weights1.dtseries.nii","bUccxx2kIOwmdWQCeOCQH_t1lVG1jWVd"
"s3://hcp-openaccess/HCP_1200/506234/MNINonLinear/Results/tfMRI_WM/tfMRI_WM_hp200_s12_level2.feat/GrayordinatesStats/cope25.feat/zflame1lowertstat1.dtseries.nii","506234","MNINonLinear//Results/tfMRI_WM/tfMRI_WM_hp200_s12_level2.feat/GrayordinatesStats/cope25.feat/zflame1lowertstat1.dtseries.nii","uQklWAzTYRlwqFe48tI3WbHc.PDpL3Ub"
"s3://hcp-openaccess/HCP_1200/506234/MNINonLinear/Results/tfMRI_WM/tfMRI_WM_hp200_s12_level2.feat/GrayordinatesStats/cope25.feat/zflame1uppertstat1.dtseries.nii","506234","MNINonLinear//Results/tfMRI_WM/tfMRI_WM_hp200_s12_level2.feat/GrayordinatesStats/cope25.feat/zflame1uppertstat1.dtseries.nii","3.etbXy0CwURAMb95N.Y0qrRXMoS9pPT"
"s3://hcp-openaccess/HCP_1200/506234/MNINonLinear/Results/tfMRI_WM/tfMRI_WM_hp200_s12_level2.feat/GrayordinatesStats/cope25.feat/zstat1.dtseries.nii","506234","MNINonLinear//Results/tfMRI_WM/tfMRI_WM_hp200_s12_level2.feat/GrayordinatesStats/cope25.feat/zstat1.dtseries.nii","v2AU3SE4bAZ5CqQWakC9BFn_rRekAoha"
"s3://hcp-openaccess/HCP_1200/506234/MNINonLinear/Results/tfMRI_WM/tfMRI_WM_hp200_s12_level2.feat/GrayordinatesStats/cope26.feat/cope1.dtseries.nii","506234","MNINonLinear//Results/tfMRI_WM/tfMRI_WM_hp200_s12_level2.feat/GrayordinatesStats/cope26.feat/cope1.dtseries.nii","N.fhURIejz0BCzw8.jJ4_hYL5PxnGn.4"
"s3://hcp-openaccess/HCP_1200/506234/MNINonLinear/Results/tfMRI_WM/tfMRI_WM_hp200_s12_level2.feat/GrayordinatesStats/cope26.feat/logfile","506234","MNINonLinear//Results/tfMRI_WM/tfMRI_WM_hp200_s12_level2.feat/GrayordinatesStats/cope26.feat/logfile","s4RJ_riD7Ts7ScU3.btVny2lODLGgLEE"
"s3://hcp-openaccess/HCP_1200/506234/MNINonLinear/Results/tfMRI_WM/tfMRI_WM_hp200_s12_level2.feat/GrayordinatesStats/cope26.feat/mask.dtseries.nii","506234","MNINonLinear//Results/tfMRI_WM/tfMRI_WM_hp200_s12_level2.feat/GrayordinatesStats/cope26.feat/mask.dtseries.nii","wto7yRn5lY1EwfypJy7_fdtARyejfr3_"
"s3://hcp-openaccess/HCP_1200/506234/MNINonLinear/Results/tfMRI_WM/tfMRI_WM_hp200_s12_level2.feat/GrayordinatesStats/cope26.feat/mean_random_effects_var1.dtseries.nii","506234","MNINonLinear//Results/tfMRI_WM/tfMRI_WM_hp200_s12_level2.feat/GrayordinatesStats/cope26.feat/mean_random_effects_var1.dtseries.nii","U8r5v8Y._r131G5HXsGdRs5F6Zkl1k9g"
"s3://hcp-openaccess/HCP_1200/506234/MNINonLinear/Results/tfMRI_WM/tfMRI_WM_hp200_s12_level2.feat/GrayordinatesStats/cope26.feat/pe1.dtseries.nii","506234","MNINonLinear//Results/tfMRI_WM/tfMRI_WM_hp200_s12_level2.feat/GrayordinatesStats/cope26.feat/pe1.dtseries.nii","m3k_POGc_4FtxQloLnE8YAQJKB9p_iy."
"s3://hcp-openaccess/HCP_1200/506234/MNINonLinear/Results/tfMRI_WM/tfMRI_WM_hp200_s12_level2.feat/GrayordinatesStats/cope26.feat/res4d.dtseries.nii","506234","MNINonLinear//Results/tfMRI_WM/tfMRI_WM_hp200_s12_level2.feat/GrayordinatesStats/cope26.feat/res4d.dtseries.nii","ADMVA0C07xOi4dwWGW9_1Pjx7qPc6WAz"
"s3://hcp-openaccess/HCP_1200/506234/MNINonLinear/Results/tfMRI_WM/tfMRI_WM_hp200_s12_level2.feat/GrayordinatesStats/cope26.feat/tdof_t1.dtseries.nii","506234","MNINonLinear//Results/tfMRI_WM/tfMRI_WM_hp200_s12_level2.feat/GrayordinatesStats/cope26.feat/tdof_t1.dtseries.nii","jv7zABdgGbkwNZhrbww7Aukj85AciQkh"
"s3://hcp-openaccess/HCP_1200/506234/MNINonLinear/Results/tfMRI_WM/tfMRI_WM_hp200_s12_level2.feat/GrayordinatesStats/cope26.feat/tstat1.dtseries.nii","506234","MNINonLinear//Results/tfMRI_WM/tfMRI_WM_hp200_s12_level2.feat/GrayordinatesStats/cope26.feat/tstat1.dtseries.nii","JB7XcF3OAQOVndxs6Z7_3m8DRLeZVHLu"
"s3://hcp-openaccess/HCP_1200/506234/MNINonLinear/Results/tfMRI_WM/tfMRI_WM_hp200_s12_level2.feat/GrayordinatesStats/cope26.feat/varcope1.dtseries.nii","506234","MNINonLinear//Results/tfMRI_WM/tfMRI_WM_hp200_s12_level2.feat/GrayordinatesStats/cope26.feat/varcope1.dtseries.nii","dc2.IXRpVs4ydBIRuF_VlKzfzGkTpcKC"
"s3://hcp-openaccess/HCP_1200/506234/MNINonLinear/Results/tfMRI_WM/tfMRI_WM_hp200_s12_level2.feat/GrayordinatesStats/cope26.feat/weights1.dtseries.nii","506234","MNINonLinear//Results/tfMRI_WM/tfMRI_WM_hp200_s12_level2.feat/GrayordinatesStats/cope26.feat/weights1.dtseries.nii","3ATQ9.JJQLHca6PoCtiMfFzuik.SYuaH"
"s3://hcp-openaccess/HCP_1200/506234/MNINonLinear/Results/tfMRI_WM/tfMRI_WM_hp200_s12_level2.feat/GrayordinatesStats/cope26.feat/zflame1lowertstat1.dtseries.nii","506234","MNINonLinear//Results/tfMRI_WM/tfMRI_WM_hp200_s12_level2.feat/GrayordinatesStats/cope26.feat/zflame1lowertstat1.dtseries.nii","R41bSXw29Lcd63Cwca0_dmbMNbIVrhVs"
"s3://hcp-openaccess/HCP_1200/506234/MNINonLinear/Results/tfMRI_WM/tfMRI_WM_hp200_s12_level2.feat/GrayordinatesStats/cope26.feat/zflame1uppertstat1.dtseries.nii","506234","MNINonLinear//Results/tfMRI_WM/tfMRI_WM_hp200_s12_level2.feat/GrayordinatesStats/cope26.feat/zflame1uppertstat1.dtseries.nii","Lqo8rz_Mpmv.cC7AZNtaHj9shTIfxGVR"
"s3://hcp-openaccess/HCP_1200/506234/MNINonLinear/Results/tfMRI_WM/tfMRI_WM_hp200_s12_level2.feat/GrayordinatesStats/cope26.feat/zstat1.dtseries.nii","506234","MNINonLinear//Results/tfMRI_WM/tfMRI_WM_hp200_s12_level2.feat/GrayordinatesStats/cope26.feat/zstat1.dtseries.nii","NT4IgHep8Nm6sODeUTEysiR3122VThtF"
"s3://hcp-openaccess/HCP_1200/506234/MNINonLinear/Results/tfMRI_WM/tfMRI_WM_hp200_s12_level2.feat/GrayordinatesStats/cope27.feat/cope1.dtseries.nii","506234","MNINonLinear//Results/tfMRI_WM/tfMRI_WM_hp200_s12_level2.feat/GrayordinatesStats/cope27.feat/cope1.dtseries.nii","1ReXkGgumDtubtxoCZ6et.Z45b3jCNsJ"
"s3://hcp-openaccess/HCP_1200/506234/MNINonLinear/Results/tfMRI_WM/tfMRI_WM_hp200_s12_level2.feat/GrayordinatesStats/cope27.feat/logfile","506234","MNINonLinear//Results/tfMRI_WM/tfMRI_WM_hp200_s12_level2.feat/GrayordinatesStats/cope27.feat/logfile","IyPaFFHPZkLpE5fip4evnlnOUtKcRwsi"
"s3://hcp-openaccess/HCP_1200/506234/MNINonLinear/Results/tfMRI_WM/tfMRI_WM_hp200_s12_level2.feat/GrayordinatesStats/cope27.feat/mask.dtseries.nii","506234","MNINonLinear//Results/tfMRI_WM/tfMRI_WM_hp200_s12_level2.feat/GrayordinatesStats/cope27.feat/mask.dtseries.nii","hfWVuy.JvdPt1u4zyDlEsWUbYHZyuErP"
"s3://hcp-openaccess/HCP_1200/506234/MNINonLinear/Results/tfMRI_WM/tfMRI_WM_hp200_s12_level2.feat/GrayordinatesStats/cope27.feat/mean_random_effects_var1.dtseries.nii","506234","MNINonLinear//Results/tfMRI_WM/tfMRI_WM_hp200_s12_level2.feat/GrayordinatesStats/cope27.feat/mean_random_effects_var1.dtseries.nii","zYJYOsWqbGg7PzwIHBokGdXrLGhyWLiJ"
"s3://hcp-openaccess/HCP_1200/506234/MNINonLinear/Results/tfMRI_WM/tfMRI_WM_hp200_s12_level2.feat/GrayordinatesStats/cope27.feat/pe1.dtseries.nii","506234","MNINonLinear//Results/tfMRI_WM/tfMRI_WM_hp200_s12_level2.feat/GrayordinatesStats/cope27.feat/pe1.dtseries.nii","n4Ju5im84FQ3q1olRlkyTMerzWGviSi9"
"s3://hcp-openaccess/HCP_1200/506234/MNINonLinear/Results/tfMRI_WM/tfMRI_WM_hp200_s12_level2.feat/GrayordinatesStats/cope27.feat/res4d.dtseries.nii","506234","MNINonLinear//Results/tfMRI_WM/tfMRI_WM_hp200_s12_level2.feat/GrayordinatesStats/cope27.feat/res4d.dtseries.nii","wQLDZHhK8fD0BErM54cFKrYUUym8B1SJ"
"s3://hcp-openaccess/HCP_1200/506234/MNINonLinear/Results/tfMRI_WM/tfMRI_WM_hp200_s12_level2.feat/GrayordinatesStats/cope27.feat/tdof_t1.dtseries.nii","506234","MNINonLinear//Results/tfMRI_WM/tfMRI_WM_hp200_s12_level2.feat/GrayordinatesStats/cope27.feat/tdof_t1.dtseries.nii","BKQXQgm1FUHlEvvhFf.Ag41seKj2vQNO"
"s3://hcp-openaccess/HCP_1200/506234/MNINonLinear/Results/tfMRI_WM/tfMRI_WM_hp200_s12_level2.feat/GrayordinatesStats/cope27.feat/tstat1.dtseries.nii","506234","MNINonLinear//Results/tfMRI_WM/tfMRI_WM_hp200_s12_level2.feat/GrayordinatesStats/cope27.feat/tstat1.dtseries.nii","408rVc25LyMIo70Y.A2xMvEDBlKlCW79"
"s3://hcp-openaccess/HCP_1200/506234/MNINonLinear/Results/tfMRI_WM/tfMRI_WM_hp200_s12_level2.feat/GrayordinatesStats/cope27.feat/varcope1.dtseries.nii","506234","MNINonLinear//Results/tfMRI_WM/tfMRI_WM_hp200_s12_level2.feat/GrayordinatesStats/cope27.feat/varcope1.dtseries.nii","pDPCC1k_9yg2ODRJywIHfeRiSvEcxF1I"
"s3://hcp-openaccess/HCP_1200/506234/MNINonLinear/Results/tfMRI_WM/tfMRI_WM_hp200_s12_level2.feat/GrayordinatesStats/cope27.feat/weights1.dtseries.nii","506234","MNINonLinear//Results/tfMRI_WM/tfMRI_WM_hp200_s12_level2.feat/GrayordinatesStats/cope27.feat/weights1.dtseries.nii","ZVTwUyIBBQOpE4RJySlph3qw7bKQIHwb"
"s3://hcp-openaccess/HCP_1200/506234/MNINonLinear/Results/tfMRI_WM/tfMRI_WM_hp200_s12_level2.feat/GrayordinatesStats/cope27.feat/zflame1lowertstat1.dtseries.nii","506234","MNINonLinear//Results/tfMRI_WM/tfMRI_WM_hp200_s12_level2.feat/GrayordinatesStats/cope27.feat/zflame1lowertstat1.dtseries.nii","rINH5p5lkrRCWUq1bVMckzmAWSHkdW5V"
"s3://hcp-openaccess/HCP_1200/506234/MNINonLinear/Results/tfMRI_WM/tfMRI_WM_hp200_s12_level2.feat/GrayordinatesStats/cope27.feat/zflame1uppertstat1.dtseries.nii","506234","MNINonLinear//Results/tfMRI_WM/tfMRI_WM_hp200_s12_level2.feat/GrayordinatesStats/cope27.feat/zflame1uppertstat1.dtseries.nii","l6BtEL4R5LMxGYFMBxw5qmNHbpj1c3oW"
"s3://hcp-openaccess/HCP_1200/506234/MNINonLinear/Results/tfMRI_WM/tfMRI_WM_hp200_s12_level2.feat/GrayordinatesStats/cope27.feat/zstat1.dtseries.nii","506234","MNINonLinear//Results/tfMRI_WM/tfMRI_WM_hp200_s12_level2.feat/GrayordinatesStats/cope27.feat/zstat1.dtseries.nii","3BRMpIq7Zfy91sQ_KIMM.CrDOydCogrV"
"s3://hcp-openaccess/HCP_1200/506234/MNINonLinear/Results/tfMRI_WM/tfMRI_WM_hp200_s12_level2.feat/GrayordinatesStats/cope28.feat/cope1.dtseries.nii","506234","MNINonLinear//Results/tfMRI_WM/tfMRI_WM_hp200_s12_level2.feat/GrayordinatesStats/cope28.feat/cope1.dtseries.nii","KInaJ1j4HTfz7UaIc0J4kzRNBtYPum9C"
"s3://hcp-openaccess/HCP_1200/506234/MNINonLinear/Results/tfMRI_WM/tfMRI_WM_hp200_s12_level2.feat/GrayordinatesStats/cope28.feat/logfile","506234","MNINonLinear//Results/tfMRI_WM/tfMRI_WM_hp200_s12_level2.feat/GrayordinatesStats/cope28.feat/logfile","3ffS97KbU3FKNwD9GMHOgWXR3O87htGu"
"s3://hcp-openaccess/HCP_1200/506234/MNINonLinear/Results/tfMRI_WM/tfMRI_WM_hp200_s12_level2.feat/GrayordinatesStats/cope28.feat/mask.dtseries.nii","506234","MNINonLinear//Results/tfMRI_WM/tfMRI_WM_hp200_s12_level2.feat/GrayordinatesStats/cope28.feat/mask.dtseries.nii","0iDoOzmKbHt8AQ1vTsLx5ykoGdUq2s4r"
"s3://hcp-openaccess/HCP_1200/506234/MNINonLinear/Results/tfMRI_WM/tfMRI_WM_hp200_s12_level2.feat/GrayordinatesStats/cope28.feat/mean_random_effects_var1.dtseries.nii","506234","MNINonLinear//Results/tfMRI_WM/tfMRI_WM_hp200_s12_level2.feat/GrayordinatesStats/cope28.feat/mean_random_effects_var1.dtseries.nii","u_NTSMMFVGHZiIvqOMZUUSf3reDDKibt"
"s3://hcp-openaccess/HCP_1200/506234/MNINonLinear/Results/tfMRI_WM/tfMRI_WM_hp200_s12_level2.feat/GrayordinatesStats/cope28.feat/pe1.dtseries.nii","506234","MNINonLinear//Results/tfMRI_WM/tfMRI_WM_hp200_s12_level2.feat/GrayordinatesStats/cope28.feat/pe1.dtseries.nii","hxfv4b91RsrLlgcSU.kDWU6wrtIM2MMo"
"s3://hcp-openaccess/HCP_1200/506234/MNINonLinear/Results/tfMRI_WM/tfMRI_WM_hp200_s12_level2.feat/GrayordinatesStats/cope28.feat/res4d.dtseries.nii","506234","MNINonLinear//Results/tfMRI_WM/tfMRI_WM_hp200_s12_level2.feat/GrayordinatesStats/cope28.feat/res4d.dtseries.nii","To3R.8WgKD2ALRj0LbUuxbqX9fq6OPOA"
"s3://hcp-openaccess/HCP_1200/506234/MNINonLinear/Results/tfMRI_WM/tfMRI_WM_hp200_s12_level2.feat/GrayordinatesStats/cope28.feat/tdof_t1.dtseries.nii","506234","MNINonLinear//Results/tfMRI_WM/tfMRI_WM_hp200_s12_level2.feat/GrayordinatesStats/cope28.feat/tdof_t1.dtseries.nii","LExmwtuyWi1bfPFm9rqlXVl2ePaXuuk8"
"s3://hcp-openaccess/HCP_1200/506234/MNINonLinear/Results/tfMRI_WM/tfMRI_WM_hp200_s12_level2.feat/GrayordinatesStats/cope28.feat/tstat1.dtseries.nii","506234","MNINonLinear//Results/tfMRI_WM/tfMRI_WM_hp200_s12_level2.feat/GrayordinatesStats/cope28.feat/tstat1.dtseries.nii","OetQRmWuCzFSbI80R5H.qc86cn0wfymD"
"s3://hcp-openaccess/HCP_1200/506234/MNINonLinear/Results/tfMRI_WM/tfMRI_WM_hp200_s12_level2.feat/GrayordinatesStats/cope28.feat/varcope1.dtseries.nii","506234","MNINonLinear//Results/tfMRI_WM/tfMRI_WM_hp200_s12_level2.feat/GrayordinatesStats/cope28.feat/varcope1.dtseries.nii","OVyWcMSIRcku05CGQcfyNA51hAsAQVnR"
"s3://hcp-openaccess/HCP_1200/506234/MNINonLinear/Results/tfMRI_WM/tfMRI_WM_hp200_s12_level2.feat/GrayordinatesStats/cope28.feat/weights1.dtseries.nii","506234","MNINonLinear//Results/tfMRI_WM/tfMRI_WM_hp200_s12_level2.feat/GrayordinatesStats/cope28.feat/weights1.dtseries.nii","H7Nd5ZtNhuuXK775HuNZWzJ0eaw5ib4G"
"s3://hcp-openaccess/HCP_1200/506234/MNINonLinear/Results/tfMRI_WM/tfMRI_WM_hp200_s12_level2.feat/GrayordinatesStats/cope28.feat/zflame1lowertstat1.dtseries.nii","506234","MNINonLinear//Results/tfMRI_WM/tfMRI_WM_hp200_s12_level2.feat/GrayordinatesStats/cope28.feat/zflame1lowertstat1.dtseries.nii","AX705GmR_2ny1b9uOGc06DIsSgTdB2pa"
"s3://hcp-openaccess/HCP_1200/506234/MNINonLinear/Results/tfMRI_WM/tfMRI_WM_hp200_s12_level2.feat/GrayordinatesStats/cope28.feat/zflame1uppertstat1.dtseries.nii","506234","MNINonLinear//Results/tfMRI_WM/tfMRI_WM_hp200_s12_level2.feat/GrayordinatesStats/cope28.feat/zflame1uppertstat1.dtseries.nii",".7poK9m8npG1HFrDBjzXR2VJr01WYK_6"
"s3://hcp-openaccess/HCP_1200/506234/MNINonLinear/Results/tfMRI_WM/tfMRI_WM_hp200_s12_level2.feat/GrayordinatesStats/cope28.feat/zstat1.dtseries.nii","506234","MNINonLinear//Results/tfMRI_WM/tfMRI_WM_hp200_s12_level2.feat/GrayordinatesStats/cope28.feat/zstat1.dtseries.nii","QSsfbu18c6nkQu_OG4sOgx6NNcgRJ9hF"
"s3://hcp-openaccess/HCP_1200/506234/MNINonLinear/Results/tfMRI_WM/tfMRI_WM_hp200_s12_level2.feat/GrayordinatesStats/cope29.feat/cope1.dtseries.nii","506234","MNINonLinear//Results/tfMRI_WM/tfMRI_WM_hp200_s12_level2.feat/GrayordinatesStats/cope29.feat/cope1.dtseries.nii","6bmM.1k3Cy5FlwieteTbMDPMqm4Nz9G1"
"s3://hcp-openaccess/HCP_1200/506234/MNINonLinear/Results/tfMRI_WM/tfMRI_WM_hp200_s12_level2.feat/GrayordinatesStats/cope29.feat/logfile","506234","MNINonLinear//Results/tfMRI_WM/tfMRI_WM_hp200_s12_level2.feat/GrayordinatesStats/cope29.feat/logfile","hNkkNZj7abcxpgwC4A4wi8ebS71_Krmh"
"s3://hcp-openaccess/HCP_1200/506234/MNINonLinear/Results/tfMRI_WM/tfMRI_WM_hp200_s12_level2.feat/GrayordinatesStats/cope29.feat/mask.dtseries.nii","506234","MNINonLinear//Results/tfMRI_WM/tfMRI_WM_hp200_s12_level2.feat/GrayordinatesStats/cope29.feat/mask.dtseries.nii","746lKvOpMeJQglrtOyp_DCSlYvyD5.Ei"
"s3://hcp-openaccess/HCP_1200/506234/MNINonLinear/Results/tfMRI_WM/tfMRI_WM_hp200_s12_level2.feat/GrayordinatesStats/cope29.feat/mean_random_effects_var1.dtseries.nii","506234","MNINonLinear//Results/tfMRI_WM/tfMRI_WM_hp200_s12_level2.feat/GrayordinatesStats/cope29.feat/mean_random_effects_var1.dtseries.nii","TdJzJ4pw_28nhC42urO0gW7KJQ3fdWkO"
"s3://hcp-openaccess/HCP_1200/506234/MNINonLinear/Results/tfMRI_WM/tfMRI_WM_hp200_s12_level2.feat/GrayordinatesStats/cope29.feat/pe1.dtseries.nii","506234","MNINonLinear//Results/tfMRI_WM/tfMRI_WM_hp200_s12_level2.feat/GrayordinatesStats/cope29.feat/pe1.dtseries.nii","GJtkyJHVq38A85cICOOZi7aTPI_JZ2U3"
"s3://hcp-openaccess/HCP_1200/506234/MNINonLinear/Results/tfMRI_WM/tfMRI_WM_hp200_s12_level2.feat/GrayordinatesStats/cope29.feat/res4d.dtseries.nii","506234","MNINonLinear//Results/tfMRI_WM/tfMRI_WM_hp200_s12_level2.feat/GrayordinatesStats/cope29.feat/res4d.dtseries.nii","XqZGNeUI1Yh9rMEL.9OGke6KGIifInVe"
"s3://hcp-openaccess/HCP_1200/506234/MNINonLinear/Results/tfMRI_WM/tfMRI_WM_hp200_s12_level2.feat/GrayordinatesStats/cope29.feat/tdof_t1.dtseries.nii","506234","MNINonLinear//Results/tfMRI_WM/tfMRI_WM_hp200_s12_level2.feat/GrayordinatesStats/cope29.feat/tdof_t1.dtseries.nii","99b.YnOUwnKzeFI9.RzmwnFVm01j6kcb"
"s3://hcp-openaccess/HCP_1200/506234/MNINonLinear/Results/tfMRI_WM/tfMRI_WM_hp200_s12_level2.feat/GrayordinatesStats/cope29.feat/tstat1.dtseries.nii","506234","MNINonLinear//Results/tfMRI_WM/tfMRI_WM_hp200_s12_level2.feat/GrayordinatesStats/cope29.feat/tstat1.dtseries.nii","_cMDO23W_bxW6t64uGV6bl07aAuGG7wV"
"s3://hcp-openaccess/HCP_1200/506234/MNINonLinear/Results/tfMRI_WM/tfMRI_WM_hp200_s12_level2.feat/GrayordinatesStats/cope29.feat/varcope1.dtseries.nii","506234","MNINonLinear//Results/tfMRI_WM/tfMRI_WM_hp200_s12_level2.feat/GrayordinatesStats/cope29.feat/varcope1.dtseries.nii","xcT6eD6LKWBVgdEMJQYfrqMF.hPVaFHZ"
"s3://hcp-openaccess/HCP_1200/506234/MNINonLinear/Results/tfMRI_WM/tfMRI_WM_hp200_s12_level2.feat/GrayordinatesStats/cope29.feat/weights1.dtseries.nii","506234","MNINonLinear//Results/tfMRI_WM/tfMRI_WM_hp200_s12_level2.feat/GrayordinatesStats/cope29.feat/weights1.dtseries.nii","Z73_7nyYj5gmAEBHyuYSdhf8c6zd6VhE"
"s3://hcp-openaccess/HCP_1200/506234/MNINonLinear/Results/tfMRI_WM/tfMRI_WM_hp200_s12_level2.feat/GrayordinatesStats/cope29.feat/zflame1lowertstat1.dtseries.nii","506234","MNINonLinear//Results/tfMRI_WM/tfMRI_WM_hp200_s12_level2.feat/GrayordinatesStats/cope29.feat/zflame1lowertstat1.dtseries.nii","0QDKSWxjbdkEPJxgpLLWZViIma5rcuvC"
"s3://hcp-openaccess/HCP_1200/506234/MNINonLinear/Results/tfMRI_WM/tfMRI_WM_hp200_s12_level2.feat/GrayordinatesStats/cope29.feat/zflame1uppertstat1.dtseries.nii","506234","MNINonLinear//Results/tfMRI_WM/tfMRI_WM_hp200_s12_level2.feat/GrayordinatesStats/cope29.feat/zflame1uppertstat1.dtseries.nii","hLE6p2y43tKDVJpjLOpZnXxJfq2ld3OG"
"s3://hcp-openaccess/HCP_1200/506234/MNINonLinear/Results/tfMRI_WM/tfMRI_WM_hp200_s12_level2.feat/GrayordinatesStats/cope29.feat/zstat1.dtseries.nii","506234","MNINonLinear//Results/tfMRI_WM/tfMRI_WM_hp200_s12_level2.feat/GrayordinatesStats/cope29.feat/zstat1.dtseries.nii","NbYtWtLqwxyt2nBTYiJD0OTn2g4CZ4v5"
"s3://hcp-openaccess/HCP_1200/506234/MNINonLinear/Results/tfMRI_WM/tfMRI_WM_hp200_s12_level2.feat/GrayordinatesStats/cope3.feat/cope1.dtseries.nii","506234","MNINonLinear//Results/tfMRI_WM/tfMRI_WM_hp200_s12_level2.feat/GrayordinatesStats/cope3.feat/cope1.dtseries.nii","ZPCOjKKaBMWoZbntf9_tuvo2eJGR.LBk"
"s3://hcp-openaccess/HCP_1200/506234/MNINonLinear/Results/tfMRI_WM/tfMRI_WM_hp200_s12_level2.feat/GrayordinatesStats/cope3.feat/logfile","506234","MNINonLinear//Results/tfMRI_WM/tfMRI_WM_hp200_s12_level2.feat/GrayordinatesStats/cope3.feat/logfile","03wj3Ibe0WqC5p9loQjDtudKOD5P5cnz"
"s3://hcp-openaccess/HCP_1200/506234/MNINonLinear/Results/tfMRI_WM/tfMRI_WM_hp200_s12_level2.feat/GrayordinatesStats/cope3.feat/mask.dtseries.nii","506234","MNINonLinear//Results/tfMRI_WM/tfMRI_WM_hp200_s12_level2.feat/GrayordinatesStats/cope3.feat/mask.dtseries.nii","p4YcSdREKzcNBqtRx3cBi789Y3KxSRf8"
"s3://hcp-openaccess/HCP_1200/506234/MNINonLinear/Results/tfMRI_WM/tfMRI_WM_hp200_s12_level2.feat/GrayordinatesStats/cope3.feat/mean_random_effects_var1.dtseries.nii","506234","MNINonLinear//Results/tfMRI_WM/tfMRI_WM_hp200_s12_level2.feat/GrayordinatesStats/cope3.feat/mean_random_effects_var1.dtseries.nii","ou_f9Y8b13vDlObGsS4hzm0VOfdT8UiZ"
"s3://hcp-openaccess/HCP_1200/506234/MNINonLinear/Results/tfMRI_WM/tfMRI_WM_hp200_s12_level2.feat/GrayordinatesStats/cope3.feat/pe1.dtseries.nii","506234","MNINonLinear//Results/tfMRI_WM/tfMRI_WM_hp200_s12_level2.feat/GrayordinatesStats/cope3.feat/pe1.dtseries.nii","oEXntvdWUrKnqFBWseVD9ACpVu0Rromv"
"s3://hcp-openaccess/HCP_1200/506234/MNINonLinear/Results/tfMRI_WM/tfMRI_WM_hp200_s12_level2.feat/GrayordinatesStats/cope3.feat/res4d.dtseries.nii","506234","MNINonLinear//Results/tfMRI_WM/tfMRI_WM_hp200_s12_level2.feat/GrayordinatesStats/cope3.feat/res4d.dtseries.nii","XILGLSXpkb2_Y_VzRSjU2vEnylnV26On"
"s3://hcp-openaccess/HCP_1200/506234/MNINonLinear/Results/tfMRI_WM/tfMRI_WM_hp200_s12_level2.feat/GrayordinatesStats/cope3.feat/tdof_t1.dtseries.nii","506234","MNINonLinear//Results/tfMRI_WM/tfMRI_WM_hp200_s12_level2.feat/GrayordinatesStats/cope3.feat/tdof_t1.dtseries.nii","ESn8rE7Rd_GJ2sz8IUKJGy3ItXdi2Q9M"
"s3://hcp-openaccess/HCP_1200/506234/MNINonLinear/Results/tfMRI_WM/tfMRI_WM_hp200_s12_level2.feat/GrayordinatesStats/cope3.feat/tstat1.dtseries.nii","506234","MNINonLinear//Results/tfMRI_WM/tfMRI_WM_hp200_s12_level2.feat/GrayordinatesStats/cope3.feat/tstat1.dtseries.nii","rMhSZAA_.yS2QhCGvF.36R.hKZfaApzC"
"s3://hcp-openaccess/HCP_1200/506234/MNINonLinear/Results/tfMRI_WM/tfMRI_WM_hp200_s12_level2.feat/GrayordinatesStats/cope3.feat/varcope1.dtseries.nii","506234","MNINonLinear//Results/tfMRI_WM/tfMRI_WM_hp200_s12_level2.feat/GrayordinatesStats/cope3.feat/varcope1.dtseries.nii","KZDnT5nApUW3a43ZRavsY0cfy0K_RDAf"
"s3://hcp-openaccess/HCP_1200/506234/MNINonLinear/Results/tfMRI_WM/tfMRI_WM_hp200_s12_level2.feat/GrayordinatesStats/cope3.feat/weights1.dtseries.nii","506234","MNINonLinear//Results/tfMRI_WM/tfMRI_WM_hp200_s12_level2.feat/GrayordinatesStats/cope3.feat/weights1.dtseries.nii","ov0BTXmfQFNAshi5af5aJrkGJPk.DRMW"
"s3://hcp-openaccess/HCP_1200/506234/MNINonLinear/Results/tfMRI_WM/tfMRI_WM_hp200_s12_level2.feat/GrayordinatesStats/cope3.feat/zflame1lowertstat1.dtseries.nii","506234","MNINonLinear//Results/tfMRI_WM/tfMRI_WM_hp200_s12_level2.feat/GrayordinatesStats/cope3.feat/zflame1lowertstat1.dtseries.nii","P0xObVg.qLjWR_zWhxkbbvdFHCU_KLiM"
"s3://hcp-openaccess/HCP_1200/506234/MNINonLinear/Results/tfMRI_WM/tfMRI_WM_hp200_s12_level2.feat/GrayordinatesStats/cope3.feat/zflame1uppertstat1.dtseries.nii","506234","MNINonLinear//Results/tfMRI_WM/tfMRI_WM_hp200_s12_level2.feat/GrayordinatesStats/cope3.feat/zflame1uppertstat1.dtseries.nii","l.IgKuxBGXlwrEQObWDAJYgTd9PhKF3N"
"s3://hcp-openaccess/HCP_1200/506234/MNINonLinear/Results/tfMRI_WM/tfMRI_WM_hp200_s12_level2.feat/GrayordinatesStats/cope3.feat/zstat1.dtseries.nii","506234","MNINonLinear//Results/tfMRI_WM/tfMRI_WM_hp200_s12_level2.feat/GrayordinatesStats/cope3.feat/zstat1.dtseries.nii","g5Dn6Y.Nsvi3JuPVYQ9KwKCDmlCo75jI"
"s3://hcp-openaccess/HCP_1200/506234/MNINonLinear/Results/tfMRI_WM/tfMRI_WM_hp200_s12_level2.feat/GrayordinatesStats/cope30.feat/cope1.dtseries.nii","506234","MNINonLinear//Results/tfMRI_WM/tfMRI_WM_hp200_s12_level2.feat/GrayordinatesStats/cope30.feat/cope1.dtseries.nii","wVcJ5QZFx2qQbpTPGNprjrj2MQya5Sey"
"s3://hcp-openaccess/HCP_1200/506234/MNINonLinear/Results/tfMRI_WM/tfMRI_WM_hp200_s12_level2.feat/GrayordinatesStats/cope30.feat/logfile","506234","MNINonLinear//Results/tfMRI_WM/tfMRI_WM_hp200_s12_level2.feat/GrayordinatesStats/cope30.feat/logfile","eMpbwOytG_JM.5xSp7ba8rJc9XwIEXxc"
"s3://hcp-openaccess/HCP_1200/506234/MNINonLinear/Results/tfMRI_WM/tfMRI_WM_hp200_s12_level2.feat/GrayordinatesStats/cope30.feat/mask.dtseries.nii","506234","MNINonLinear//Results/tfMRI_WM/tfMRI_WM_hp200_s12_level2.feat/GrayordinatesStats/cope30.feat/mask.dtseries.nii","1cn3jqmCM5sxglgX9W5rISD7Qh5hgqop"
"s3://hcp-openaccess/HCP_1200/506234/MNINonLinear/Results/tfMRI_WM/tfMRI_WM_hp200_s12_level2.feat/GrayordinatesStats/cope30.feat/mean_random_effects_var1.dtseries.nii","506234","MNINonLinear//Results/tfMRI_WM/tfMRI_WM_hp200_s12_level2.feat/GrayordinatesStats/cope30.feat/mean_random_effects_var1.dtseries.nii","..xARIw3aRTf_YPq.SyfVDrQe.qraG3u"
"s3://hcp-openaccess/HCP_1200/506234/MNINonLinear/Results/tfMRI_WM/tfMRI_WM_hp200_s12_level2.feat/GrayordinatesStats/cope30.feat/pe1.dtseries.nii","506234","MNINonLinear//Results/tfMRI_WM/tfMRI_WM_hp200_s12_level2.feat/GrayordinatesStats/cope30.feat/pe1.dtseries.nii","EqAj1UDlRd8dTT8QFxeOjtpIm066rvyc"
"s3://hcp-openaccess/HCP_1200/506234/MNINonLinear/Results/tfMRI_WM/tfMRI_WM_hp200_s12_level2.feat/GrayordinatesStats/cope30.feat/res4d.dtseries.nii","506234","MNINonLinear//Results/tfMRI_WM/tfMRI_WM_hp200_s12_level2.feat/GrayordinatesStats/cope30.feat/res4d.dtseries.nii","0__FA6gha_MPmfcLdOy3TThVUEZyQQ1k"
"s3://hcp-openaccess/HCP_1200/506234/MNINonLinear/Results/tfMRI_WM/tfMRI_WM_hp200_s12_level2.feat/GrayordinatesStats/cope30.feat/tdof_t1.dtseries.nii","506234","MNINonLinear//Results/tfMRI_WM/tfMRI_WM_hp200_s12_level2.feat/GrayordinatesStats/cope30.feat/tdof_t1.dtseries.nii","QXsfP2w77euiB2iX1Q1MKF4V3dFKhYoj"
"s3://hcp-openaccess/HCP_1200/506234/MNINonLinear/Results/tfMRI_WM/tfMRI_WM_hp200_s12_level2.feat/GrayordinatesStats/cope30.feat/tstat1.dtseries.nii","506234","MNINonLinear//Results/tfMRI_WM/tfMRI_WM_hp200_s12_level2.feat/GrayordinatesStats/cope30.feat/tstat1.dtseries.nii","00mN8VyHJtbBhw9QHvavRbgkZDbvICwk"
"s3://hcp-openaccess/HCP_1200/506234/MNINonLinear/Results/tfMRI_WM/tfMRI_WM_hp200_s12_level2.feat/GrayordinatesStats/cope30.feat/varcope1.dtseries.nii","506234","MNINonLinear//Results/tfMRI_WM/tfMRI_WM_hp200_s12_level2.feat/GrayordinatesStats/cope30.feat/varcope1.dtseries.nii","BF1lOb8u_NSlVkLP2I0UpYHE5GD51AJc"
"s3://hcp-openaccess/HCP_1200/506234/MNINonLinear/Results/tfMRI_WM/tfMRI_WM_hp200_s12_level2.feat/GrayordinatesStats/cope30.feat/weights1.dtseries.nii","506234","MNINonLinear//Results/tfMRI_WM/tfMRI_WM_hp200_s12_level2.feat/GrayordinatesStats/cope30.feat/weights1.dtseries.nii","pnxd17xZ.rLwgWFEAGdUhz18eNyeBgaP"
"s3://hcp-openaccess/HCP_1200/506234/MNINonLinear/Results/tfMRI_WM/tfMRI_WM_hp200_s12_level2.feat/GrayordinatesStats/cope30.feat/zflame1lowertstat1.dtseries.nii","506234","MNINonLinear//Results/tfMRI_WM/tfMRI_WM_hp200_s12_level2.feat/GrayordinatesStats/cope30.feat/zflame1lowertstat1.dtseries.nii","s.s_eOMNkslyt5VTrMh2rHushkS7GW63"
"s3://hcp-openaccess/HCP_1200/506234/MNINonLinear/Results/tfMRI_WM/tfMRI_WM_hp200_s12_level2.feat/GrayordinatesStats/cope30.feat/zflame1uppertstat1.dtseries.nii","506234","MNINonLinear//Results/tfMRI_WM/tfMRI_WM_hp200_s12_level2.feat/GrayordinatesStats/cope30.feat/zflame1uppertstat1.dtseries.nii","K51ktgRdz2t_PQQ4N7SweWrv.3v710Lk"
"s3://hcp-openaccess/HCP_1200/506234/MNINonLinear/Results/tfMRI_WM/tfMRI_WM_hp200_s12_level2.feat/GrayordinatesStats/cope30.feat/zstat1.dtseries.nii","506234","MNINonLinear//Results/tfMRI_WM/tfMRI_WM_hp200_s12_level2.feat/GrayordinatesStats/cope30.feat/zstat1.dtseries.nii","hXMqp5INHEMTh1F2uGXzXo5KurRL3IiG"
"s3://hcp-openaccess/HCP_1200/506234/MNINonLinear/Results/tfMRI_WM/tfMRI_WM_hp200_s12_level2.feat/GrayordinatesStats/cope4.feat/cope1.dtseries.nii","506234","MNINonLinear//Results/tfMRI_WM/tfMRI_WM_hp200_s12_level2.feat/GrayordinatesStats/cope4.feat/cope1.dtseries.nii","S7FkqaLN73jwnUkyF55ivW7EAAOCQU2k"
"s3://hcp-openaccess/HCP_1200/506234/MNINonLinear/Results/tfMRI_WM/tfMRI_WM_hp200_s12_level2.feat/GrayordinatesStats/cope4.feat/logfile","506234","MNINonLinear//Results/tfMRI_WM/tfMRI_WM_hp200_s12_level2.feat/GrayordinatesStats/cope4.feat/logfile","NV5nSGs6MocUQNFtKRPvaItKDafpJS2v"
"s3://hcp-openaccess/HCP_1200/506234/MNINonLinear/Results/tfMRI_WM/tfMRI_WM_hp200_s12_level2.feat/GrayordinatesStats/cope4.feat/mask.dtseries.nii","506234","MNINonLinear//Results/tfMRI_WM/tfMRI_WM_hp200_s12_level2.feat/GrayordinatesStats/cope4.feat/mask.dtseries.nii","VSAT5aiNXWVWtKj7WNVtd1UAs8Z86B0s"
"s3://hcp-openaccess/HCP_1200/506234/MNINonLinear/Results/tfMRI_WM/tfMRI_WM_hp200_s12_level2.feat/GrayordinatesStats/cope4.feat/mean_random_effects_var1.dtseries.nii","506234","MNINonLinear//Results/tfMRI_WM/tfMRI_WM_hp200_s12_level2.feat/GrayordinatesStats/cope4.feat/mean_random_effects_var1.dtseries.nii","jQ1zI9lKCdyhyr1GhPwhgRZFCtGKxW.4"
"s3://hcp-openaccess/HCP_1200/506234/MNINonLinear/Results/tfMRI_WM/tfMRI_WM_hp200_s12_level2.feat/GrayordinatesStats/cope4.feat/pe1.dtseries.nii","506234","MNINonLinear//Results/tfMRI_WM/tfMRI_WM_hp200_s12_level2.feat/GrayordinatesStats/cope4.feat/pe1.dtseries.nii","haT3vtzU932jZf99L8_Kbv8tglau53SH"
"s3://hcp-openaccess/HCP_1200/506234/MNINonLinear/Results/tfMRI_WM/tfMRI_WM_hp200_s12_level2.feat/GrayordinatesStats/cope4.feat/res4d.dtseries.nii","506234","MNINonLinear//Results/tfMRI_WM/tfMRI_WM_hp200_s12_level2.feat/GrayordinatesStats/cope4.feat/res4d.dtseries.nii","X.9yqaRAVGetipwGJ.98X_2xgWgCkNVm"
"s3://hcp-openaccess/HCP_1200/506234/MNINonLinear/Results/tfMRI_WM/tfMRI_WM_hp200_s12_level2.feat/GrayordinatesStats/cope4.feat/tdof_t1.dtseries.nii","506234","MNINonLinear//Results/tfMRI_WM/tfMRI_WM_hp200_s12_level2.feat/GrayordinatesStats/cope4.feat/tdof_t1.dtseries.nii","8UNFviEP9YBCIdRjhOF9aG3OaPRv2JeF"
"s3://hcp-openaccess/HCP_1200/506234/MNINonLinear/Results/tfMRI_WM/tfMRI_WM_hp200_s12_level2.feat/GrayordinatesStats/cope4.feat/tstat1.dtseries.nii","506234","MNINonLinear//Results/tfMRI_WM/tfMRI_WM_hp200_s12_level2.feat/GrayordinatesStats/cope4.feat/tstat1.dtseries.nii","fyUil4asdAZF.ViyChMaEy5zY3gCD3xj"
"s3://hcp-openaccess/HCP_1200/506234/MNINonLinear/Results/tfMRI_WM/tfMRI_WM_hp200_s12_level2.feat/GrayordinatesStats/cope4.feat/varcope1.dtseries.nii","506234","MNINonLinear//Results/tfMRI_WM/tfMRI_WM_hp200_s12_level2.feat/GrayordinatesStats/cope4.feat/varcope1.dtseries.nii","R_qJsHCQl9eXR3bMLO8qaGkLDVIP3aXK"
"s3://hcp-openaccess/HCP_1200/506234/MNINonLinear/Results/tfMRI_WM/tfMRI_WM_hp200_s12_level2.feat/GrayordinatesStats/cope4.feat/weights1.dtseries.nii","506234","MNINonLinear//Results/tfMRI_WM/tfMRI_WM_hp200_s12_level2.feat/GrayordinatesStats/cope4.feat/weights1.dtseries.nii","6hzNGfsRq3l4UbrRVMX_R6WbiVJgqeM0"
"s3://hcp-openaccess/HCP_1200/506234/MNINonLinear/Results/tfMRI_WM/tfMRI_WM_hp200_s12_level2.feat/GrayordinatesStats/cope4.feat/zflame1lowertstat1.dtseries.nii","506234","MNINonLinear//Results/tfMRI_WM/tfMRI_WM_hp200_s12_level2.feat/GrayordinatesStats/cope4.feat/zflame1lowertstat1.dtseries.nii","2a9TMoPZmjpS6Qf0yl6fUucNE1RAiSFa"
"s3://hcp-openaccess/HCP_1200/506234/MNINonLinear/Results/tfMRI_WM/tfMRI_WM_hp200_s12_level2.feat/GrayordinatesStats/cope4.feat/zflame1uppertstat1.dtseries.nii","506234","MNINonLinear//Results/tfMRI_WM/tfMRI_WM_hp200_s12_level2.feat/GrayordinatesStats/cope4.feat/zflame1uppertstat1.dtseries.nii","tQ01Cvd9NPqQmk3UHoeDC9pbd1o04m.h"
"s3://hcp-openaccess/HCP_1200/506234/MNINonLinear/Results/tfMRI_WM/tfMRI_WM_hp200_s12_level2.feat/GrayordinatesStats/cope4.feat/zstat1.dtseries.nii","506234","MNINonLinear//Results/tfMRI_WM/tfMRI_WM_hp200_s12_level2.feat/GrayordinatesStats/cope4.feat/zstat1.dtseries.nii","NyYQrdcVuA929Q2pmAxYCF64A6Nc2iKK"
"s3://hcp-openaccess/HCP_1200/506234/MNINonLinear/Results/tfMRI_WM/tfMRI_WM_hp200_s12_level2.feat/GrayordinatesStats/cope5.feat/cope1.dtseries.nii","506234","MNINonLinear//Results/tfMRI_WM/tfMRI_WM_hp200_s12_level2.feat/GrayordinatesStats/cope5.feat/cope1.dtseries.nii","GpWqwcwwFWcM7NxR07viW85p4PKyuL6x"
"s3://hcp-openaccess/HCP_1200/506234/MNINonLinear/Results/tfMRI_WM/tfMRI_WM_hp200_s12_level2.feat/GrayordinatesStats/cope5.feat/logfile","506234","MNINonLinear//Results/tfMRI_WM/tfMRI_WM_hp200_s12_level2.feat/GrayordinatesStats/cope5.feat/logfile","y0AGCuLWdyN09S_2X7qrGgEDgwE0XEwc"
"s3://hcp-openaccess/HCP_1200/506234/MNINonLinear/Results/tfMRI_WM/tfMRI_WM_hp200_s12_level2.feat/GrayordinatesStats/cope5.feat/mask.dtseries.nii","506234","MNINonLinear//Results/tfMRI_WM/tfMRI_WM_hp200_s12_level2.feat/GrayordinatesStats/cope5.feat/mask.dtseries.nii","DFF8gyuipYCW0tKFmA5HXGVTzufD9CDc"
"s3://hcp-openaccess/HCP_1200/506234/MNINonLinear/Results/tfMRI_WM/tfMRI_WM_hp200_s12_level2.feat/GrayordinatesStats/cope5.feat/mean_random_effects_var1.dtseries.nii","506234","MNINonLinear//Results/tfMRI_WM/tfMRI_WM_hp200_s12_level2.feat/GrayordinatesStats/cope5.feat/mean_random_effects_var1.dtseries.nii","PpLOdFcfJT7Ss18kJaW3uEQ9RdZELYgd"
"s3://hcp-openaccess/HCP_1200/506234/MNINonLinear/Results/tfMRI_WM/tfMRI_WM_hp200_s12_level2.feat/GrayordinatesStats/cope5.feat/pe1.dtseries.nii","506234","MNINonLinear//Results/tfMRI_WM/tfMRI_WM_hp200_s12_level2.feat/GrayordinatesStats/cope5.feat/pe1.dtseries.nii","7dBWO8ESH_XWZnrN_g5d4CxllWd7rYva"
"s3://hcp-openaccess/HCP_1200/506234/MNINonLinear/Results/tfMRI_WM/tfMRI_WM_hp200_s12_level2.feat/GrayordinatesStats/cope5.feat/res4d.dtseries.nii","506234","MNINonLinear//Results/tfMRI_WM/tfMRI_WM_hp200_s12_level2.feat/GrayordinatesStats/cope5.feat/res4d.dtseries.nii","9wFoUVHjpJmvYfdjlMwRRkFJ4hcauV7I"
"s3://hcp-openaccess/HCP_1200/506234/MNINonLinear/Results/tfMRI_WM/tfMRI_WM_hp200_s12_level2.feat/GrayordinatesStats/cope5.feat/tdof_t1.dtseries.nii","506234","MNINonLinear//Results/tfMRI_WM/tfMRI_WM_hp200_s12_level2.feat/GrayordinatesStats/cope5.feat/tdof_t1.dtseries.nii","5.eVVXuXsitoFcQd8ZexK3wWmAZgcKrs"
"s3://hcp-openaccess/HCP_1200/506234/MNINonLinear/Results/tfMRI_WM/tfMRI_WM_hp200_s12_level2.feat/GrayordinatesStats/cope5.feat/tstat1.dtseries.nii","506234","MNINonLinear//Results/tfMRI_WM/tfMRI_WM_hp200_s12_level2.feat/GrayordinatesStats/cope5.feat/tstat1.dtseries.nii","ETtsF1.Qwz5_vq2Z92rZF4gceP8Dv7g3"
"s3://hcp-openaccess/HCP_1200/506234/MNINonLinear/Results/tfMRI_WM/tfMRI_WM_hp200_s12_level2.feat/GrayordinatesStats/cope5.feat/varcope1.dtseries.nii","506234","MNINonLinear//Results/tfMRI_WM/tfMRI_WM_hp200_s12_level2.feat/GrayordinatesStats/cope5.feat/varcope1.dtseries.nii","Z_QfwEZZpoTgXmOA9UaOlJp5kiofZsrK"
"s3://hcp-openaccess/HCP_1200/506234/MNINonLinear/Results/tfMRI_WM/tfMRI_WM_hp200_s12_level2.feat/GrayordinatesStats/cope5.feat/weights1.dtseries.nii","506234","MNINonLinear//Results/tfMRI_WM/tfMRI_WM_hp200_s12_level2.feat/GrayordinatesStats/cope5.feat/weights1.dtseries.nii","qS6Ou3i5SZ8I76cK_AXlGIv7y_LRwaW1"
"s3://hcp-openaccess/HCP_1200/506234/MNINonLinear/Results/tfMRI_WM/tfMRI_WM_hp200_s12_level2.feat/GrayordinatesStats/cope5.feat/zflame1lowertstat1.dtseries.nii","506234","MNINonLinear//Results/tfMRI_WM/tfMRI_WM_hp200_s12_level2.feat/GrayordinatesStats/cope5.feat/zflame1lowertstat1.dtseries.nii","MIT9pqrkwQGz8oNbGpadccn5IhkTyRb6"
"s3://hcp-openaccess/HCP_1200/506234/MNINonLinear/Results/tfMRI_WM/tfMRI_WM_hp200_s12_level2.feat/GrayordinatesStats/cope5.feat/zflame1uppertstat1.dtseries.nii","506234","MNINonLinear//Results/tfMRI_WM/tfMRI_WM_hp200_s12_level2.feat/GrayordinatesStats/cope5.feat/zflame1uppertstat1.dtseries.nii","aOJH_pz88zSHZhhvEC96rAtN.aKnN2dd"
"s3://hcp-openaccess/HCP_1200/506234/MNINonLinear/Results/tfMRI_WM/tfMRI_WM_hp200_s12_level2.feat/GrayordinatesStats/cope5.feat/zstat1.dtseries.nii","506234","MNINonLinear//Results/tfMRI_WM/tfMRI_WM_hp200_s12_level2.feat/GrayordinatesStats/cope5.feat/zstat1.dtseries.nii","oZ0hmgb8a6NyEIrns9BJkIUUmbHYvQgI"
"s3://hcp-openaccess/HCP_1200/506234/MNINonLinear/Results/tfMRI_WM/tfMRI_WM_hp200_s12_level2.feat/GrayordinatesStats/cope6.feat/cope1.dtseries.nii","506234","MNINonLinear//Results/tfMRI_WM/tfMRI_WM_hp200_s12_level2.feat/GrayordinatesStats/cope6.feat/cope1.dtseries.nii","nbGezJAOTAP7C9vEWOLdReVOM3hoCXpq"
"s3://hcp-openaccess/HCP_1200/506234/MNINonLinear/Results/tfMRI_WM/tfMRI_WM_hp200_s12_level2.feat/GrayordinatesStats/cope6.feat/logfile","506234","MNINonLinear//Results/tfMRI_WM/tfMRI_WM_hp200_s12_level2.feat/GrayordinatesStats/cope6.feat/logfile","4c5dHL4m1Vsm8peeCahWl1Ftfn1hIUBK"
"s3://hcp-openaccess/HCP_1200/506234/MNINonLinear/Results/tfMRI_WM/tfMRI_WM_hp200_s12_level2.feat/GrayordinatesStats/cope6.feat/mask.dtseries.nii","506234","MNINonLinear//Results/tfMRI_WM/tfMRI_WM_hp200_s12_level2.feat/GrayordinatesStats/cope6.feat/mask.dtseries.nii","whFZpbcVIa98NM1cq31Bttapag3O6vKH"
"s3://hcp-openaccess/HCP_1200/506234/MNINonLinear/Results/tfMRI_WM/tfMRI_WM_hp200_s12_level2.feat/GrayordinatesStats/cope6.feat/mean_random_effects_var1.dtseries.nii","506234","MNINonLinear//Results/tfMRI_WM/tfMRI_WM_hp200_s12_level2.feat/GrayordinatesStats/cope6.feat/mean_random_effects_var1.dtseries.nii","R29tGE01kIQmrHb1nw29psbSt6A.xuWJ"
"s3://hcp-openaccess/HCP_1200/506234/MNINonLinear/Results/tfMRI_WM/tfMRI_WM_hp200_s12_level2.feat/GrayordinatesStats/cope6.feat/pe1.dtseries.nii","506234","MNINonLinear//Results/tfMRI_WM/tfMRI_WM_hp200_s12_level2.feat/GrayordinatesStats/cope6.feat/pe1.dtseries.nii","XCdBgT.cOTXfkbQnvQN6mThx6D.7_t9r"
"s3://hcp-openaccess/HCP_1200/506234/MNINonLinear/Results/tfMRI_WM/tfMRI_WM_hp200_s12_level2.feat/GrayordinatesStats/cope6.feat/res4d.dtseries.nii","506234","MNINonLinear//Results/tfMRI_WM/tfMRI_WM_hp200_s12_level2.feat/GrayordinatesStats/cope6.feat/res4d.dtseries.nii","FVkK91uRjMxpqGJ8LL9YsznpHgkaMoVN"
"s3://hcp-openaccess/HCP_1200/506234/MNINonLinear/Results/tfMRI_WM/tfMRI_WM_hp200_s12_level2.feat/GrayordinatesStats/cope6.feat/tdof_t1.dtseries.nii","506234","MNINonLinear//Results/tfMRI_WM/tfMRI_WM_hp200_s12_level2.feat/GrayordinatesStats/cope6.feat/tdof_t1.dtseries.nii","IwW5VU4_c7eIDumDDFZpvXtOteqf7qMn"
"s3://hcp-openaccess/HCP_1200/506234/MNINonLinear/Results/tfMRI_WM/tfMRI_WM_hp200_s12_level2.feat/GrayordinatesStats/cope6.feat/tstat1.dtseries.nii","506234","MNINonLinear//Results/tfMRI_WM/tfMRI_WM_hp200_s12_level2.feat/GrayordinatesStats/cope6.feat/tstat1.dtseries.nii","vSnAOluuqqa4Y1hcEtIfc.skwmiG1Ovj"
"s3://hcp-openaccess/HCP_1200/506234/MNINonLinear/Results/tfMRI_WM/tfMRI_WM_hp200_s12_level2.feat/GrayordinatesStats/cope6.feat/varcope1.dtseries.nii","506234","MNINonLinear//Results/tfMRI_WM/tfMRI_WM_hp200_s12_level2.feat/GrayordinatesStats/cope6.feat/varcope1.dtseries.nii","w0fXHxPA8yToUut2EMxW8CU6HwTqEKf0"
"s3://hcp-openaccess/HCP_1200/506234/MNINonLinear/Results/tfMRI_WM/tfMRI_WM_hp200_s12_level2.feat/GrayordinatesStats/cope6.feat/weights1.dtseries.nii","506234","MNINonLinear//Results/tfMRI_WM/tfMRI_WM_hp200_s12_level2.feat/GrayordinatesStats/cope6.feat/weights1.dtseries.nii","nqFi9RhGzFswU0zxbiuicoNt87bFwb7G"
"s3://hcp-openaccess/HCP_1200/506234/MNINonLinear/Results/tfMRI_WM/tfMRI_WM_hp200_s12_level2.feat/GrayordinatesStats/cope6.feat/zflame1lowertstat1.dtseries.nii","506234","MNINonLinear//Results/tfMRI_WM/tfMRI_WM_hp200_s12_level2.feat/GrayordinatesStats/cope6.feat/zflame1lowertstat1.dtseries.nii","W8_mJSG8YkeyPYONdldRYVmbuL9FgWqd"
"s3://hcp-openaccess/HCP_1200/506234/MNINonLinear/Results/tfMRI_WM/tfMRI_WM_hp200_s12_level2.feat/GrayordinatesStats/cope6.feat/zflame1uppertstat1.dtseries.nii","506234","MNINonLinear//Results/tfMRI_WM/tfMRI_WM_hp200_s12_level2.feat/GrayordinatesStats/cope6.feat/zflame1uppertstat1.dtseries.nii","kaZgxH78RYRsBQbSQpgOafmBpjrVTvKR"
"s3://hcp-openaccess/HCP_1200/506234/MNINonLinear/Results/tfMRI_WM/tfMRI_WM_hp200_s12_level2.feat/GrayordinatesStats/cope6.feat/zstat1.dtseries.nii","506234","MNINonLinear//Results/tfMRI_WM/tfMRI_WM_hp200_s12_level2.feat/GrayordinatesStats/cope6.feat/zstat1.dtseries.nii","dfodsgfzNnLKJGZssHwukGybfC7JYIxi"
"s3://hcp-openaccess/HCP_1200/506234/MNINonLinear/Results/tfMRI_WM/tfMRI_WM_hp200_s12_level2.feat/GrayordinatesStats/cope7.feat/cope1.dtseries.nii","506234","MNINonLinear//Results/tfMRI_WM/tfMRI_WM_hp200_s12_level2.feat/GrayordinatesStats/cope7.feat/cope1.dtseries.nii","tj37F6I7mlR_txb4LqwVuFjrqrGwpktE"
"s3://hcp-openaccess/HCP_1200/506234/MNINonLinear/Results/tfMRI_WM/tfMRI_WM_hp200_s12_level2.feat/GrayordinatesStats/cope7.feat/logfile","506234","MNINonLinear//Results/tfMRI_WM/tfMRI_WM_hp200_s12_level2.feat/GrayordinatesStats/cope7.feat/logfile","Zm_rIG32i.iRx.px4qFDnbddgPwTMsbm"
"s3://hcp-openaccess/HCP_1200/506234/MNINonLinear/Results/tfMRI_WM/tfMRI_WM_hp200_s12_level2.feat/GrayordinatesStats/cope7.feat/mask.dtseries.nii","506234","MNINonLinear//Results/tfMRI_WM/tfMRI_WM_hp200_s12_level2.feat/GrayordinatesStats/cope7.feat/mask.dtseries.nii","jNcvWyzpqtp1DML4Pg0Edz1T9wQgiIGc"
"s3://hcp-openaccess/HCP_1200/506234/MNINonLinear/Results/tfMRI_WM/tfMRI_WM_hp200_s12_level2.feat/GrayordinatesStats/cope7.feat/mean_random_effects_var1.dtseries.nii","506234","MNINonLinear//Results/tfMRI_WM/tfMRI_WM_hp200_s12_level2.feat/GrayordinatesStats/cope7.feat/mean_random_effects_var1.dtseries.nii","AeT04QNJESoXwfeZA2Sxl9P7kcFmOFVA"
"s3://hcp-openaccess/HCP_1200/506234/MNINonLinear/Results/tfMRI_WM/tfMRI_WM_hp200_s12_level2.feat/GrayordinatesStats/cope7.feat/pe1.dtseries.nii","506234","MNINonLinear//Results/tfMRI_WM/tfMRI_WM_hp200_s12_level2.feat/GrayordinatesStats/cope7.feat/pe1.dtseries.nii","TQUKaOPwttwymZoBJXe0eg62ul7d8QI0"
"s3://hcp-openaccess/HCP_1200/506234/MNINonLinear/Results/tfMRI_WM/tfMRI_WM_hp200_s12_level2.feat/GrayordinatesStats/cope7.feat/res4d.dtseries.nii","506234","MNINonLinear//Results/tfMRI_WM/tfMRI_WM_hp200_s12_level2.feat/GrayordinatesStats/cope7.feat/res4d.dtseries.nii",".utOXbmunbscQioSqM0bcvgQhaS7X3kG"
"s3://hcp-openaccess/HCP_1200/506234/MNINonLinear/Results/tfMRI_WM/tfMRI_WM_hp200_s12_level2.feat/GrayordinatesStats/cope7.feat/tdof_t1.dtseries.nii","506234","MNINonLinear//Results/tfMRI_WM/tfMRI_WM_hp200_s12_level2.feat/GrayordinatesStats/cope7.feat/tdof_t1.dtseries.nii","DOXXi9YDf_9spWM6qf2bWewvcAIyg2z2"
"s3://hcp-openaccess/HCP_1200/506234/MNINonLinear/Results/tfMRI_WM/tfMRI_WM_hp200_s12_level2.feat/GrayordinatesStats/cope7.feat/tstat1.dtseries.nii","506234","MNINonLinear//Results/tfMRI_WM/tfMRI_WM_hp200_s12_level2.feat/GrayordinatesStats/cope7.feat/tstat1.dtseries.nii","sNoGOmoXUHxn5TqOBTqgA6YZvGuqm5hQ"
"s3://hcp-openaccess/HCP_1200/506234/MNINonLinear/Results/tfMRI_WM/tfMRI_WM_hp200_s12_level2.feat/GrayordinatesStats/cope7.feat/varcope1.dtseries.nii","506234","MNINonLinear//Results/tfMRI_WM/tfMRI_WM_hp200_s12_level2.feat/GrayordinatesStats/cope7.feat/varcope1.dtseries.nii","qjlXlTnq0yOFh4.MGJbQ1EYv_RlxJgZs"
"s3://hcp-openaccess/HCP_1200/506234/MNINonLinear/Results/tfMRI_WM/tfMRI_WM_hp200_s12_level2.feat/GrayordinatesStats/cope7.feat/weights1.dtseries.nii","506234","MNINonLinear//Results/tfMRI_WM/tfMRI_WM_hp200_s12_level2.feat/GrayordinatesStats/cope7.feat/weights1.dtseries.nii","z_Ca1lkbnk.TARoDGLdsHJxTOULjfPet"
"s3://hcp-openaccess/HCP_1200/506234/MNINonLinear/Results/tfMRI_WM/tfMRI_WM_hp200_s12_level2.feat/GrayordinatesStats/cope7.feat/zflame1lowertstat1.dtseries.nii","506234","MNINonLinear//Results/tfMRI_WM/tfMRI_WM_hp200_s12_level2.feat/GrayordinatesStats/cope7.feat/zflame1lowertstat1.dtseries.nii","WHXiSgHEWiNyMlHUVgRTTVkAgs2GPUfy"
"s3://hcp-openaccess/HCP_1200/506234/MNINonLinear/Results/tfMRI_WM/tfMRI_WM_hp200_s12_level2.feat/GrayordinatesStats/cope7.feat/zflame1uppertstat1.dtseries.nii","506234","MNINonLinear//Results/tfMRI_WM/tfMRI_WM_hp200_s12_level2.feat/GrayordinatesStats/cope7.feat/zflame1uppertstat1.dtseries.nii","s.v4Itq.J6NI6Vra4QeZ4sVxqQoVSXK2"
"s3://hcp-openaccess/HCP_1200/506234/MNINonLinear/Results/tfMRI_WM/tfMRI_WM_hp200_s12_level2.feat/GrayordinatesStats/cope7.feat/zstat1.dtseries.nii","506234","MNINonLinear//Results/tfMRI_WM/tfMRI_WM_hp200_s12_level2.feat/GrayordinatesStats/cope7.feat/zstat1.dtseries.nii","zeP0unZM8Pc6uk5yGHXdqF_waO7HLB9T"
"s3://hcp-openaccess/HCP_1200/506234/MNINonLinear/Results/tfMRI_WM/tfMRI_WM_hp200_s12_level2.feat/GrayordinatesStats/cope8.feat/cope1.dtseries.nii","506234","MNINonLinear//Results/tfMRI_WM/tfMRI_WM_hp200_s12_level2.feat/GrayordinatesStats/cope8.feat/cope1.dtseries.nii","LRoblKCITqK_dcU9UBGlDiko.C2DP7y0"
"s3://hcp-openaccess/HCP_1200/506234/MNINonLinear/Results/tfMRI_WM/tfMRI_WM_hp200_s12_level2.feat/GrayordinatesStats/cope8.feat/logfile","506234","MNINonLinear//Results/tfMRI_WM/tfMRI_WM_hp200_s12_level2.feat/GrayordinatesStats/cope8.feat/logfile","1D3gdWCNM8GCH0UCjy4JJWF50aDoZpYr"
"s3://hcp-openaccess/HCP_1200/506234/MNINonLinear/Results/tfMRI_WM/tfMRI_WM_hp200_s12_level2.feat/GrayordinatesStats/cope8.feat/mask.dtseries.nii","506234","MNINonLinear//Results/tfMRI_WM/tfMRI_WM_hp200_s12_level2.feat/GrayordinatesStats/cope8.feat/mask.dtseries.nii","azLXo68heUP9cMmCjAK4Ji._x6O.pFE6"
"s3://hcp-openaccess/HCP_1200/506234/MNINonLinear/Results/tfMRI_WM/tfMRI_WM_hp200_s12_level2.feat/GrayordinatesStats/cope8.feat/mean_random_effects_var1.dtseries.nii","506234","MNINonLinear//Results/tfMRI_WM/tfMRI_WM_hp200_s12_level2.feat/GrayordinatesStats/cope8.feat/mean_random_effects_var1.dtseries.nii","6XVwlew56qg5wgjDbXz4xMT2TiJxnvnD"
"s3://hcp-openaccess/HCP_1200/506234/MNINonLinear/Results/tfMRI_WM/tfMRI_WM_hp200_s12_level2.feat/GrayordinatesStats/cope8.feat/pe1.dtseries.nii","506234","MNINonLinear//Results/tfMRI_WM/tfMRI_WM_hp200_s12_level2.feat/GrayordinatesStats/cope8.feat/pe1.dtseries.nii","PrfkOQsgOw3vZkbvJldjDp59KLIAq1m1"
"s3://hcp-openaccess/HCP_1200/506234/MNINonLinear/Results/tfMRI_WM/tfMRI_WM_hp200_s12_level2.feat/GrayordinatesStats/cope8.feat/res4d.dtseries.nii","506234","MNINonLinear//Results/tfMRI_WM/tfMRI_WM_hp200_s12_level2.feat/GrayordinatesStats/cope8.feat/res4d.dtseries.nii","2vJKXKXxhMUozH.4xGmp079PKaNqs5nO"
"s3://hcp-openaccess/HCP_1200/506234/MNINonLinear/Results/tfMRI_WM/tfMRI_WM_hp200_s12_level2.feat/GrayordinatesStats/cope8.feat/tdof_t1.dtseries.nii","506234","MNINonLinear//Results/tfMRI_WM/tfMRI_WM_hp200_s12_level2.feat/GrayordinatesStats/cope8.feat/tdof_t1.dtseries.nii","huDLTjKIVzDX4YWl3Ux3Lh_amuIrFJtm"
"s3://hcp-openaccess/HCP_1200/506234/MNINonLinear/Results/tfMRI_WM/tfMRI_WM_hp200_s12_level2.feat/GrayordinatesStats/cope8.feat/tstat1.dtseries.nii","506234","MNINonLinear//Results/tfMRI_WM/tfMRI_WM_hp200_s12_level2.feat/GrayordinatesStats/cope8.feat/tstat1.dtseries.nii","dz7SW0d5IWjP7JF97SfC4qSExj7c0zcw"
"s3://hcp-openaccess/HCP_1200/506234/MNINonLinear/Results/tfMRI_WM/tfMRI_WM_hp200_s12_level2.feat/GrayordinatesStats/cope8.feat/varcope1.dtseries.nii","506234","MNINonLinear//Results/tfMRI_WM/tfMRI_WM_hp200_s12_level2.feat/GrayordinatesStats/cope8.feat/varcope1.dtseries.nii","OkG408o1ttpjivSELmSK1DKZupFbZuTh"
"s3://hcp-openaccess/HCP_1200/506234/MNINonLinear/Results/tfMRI_WM/tfMRI_WM_hp200_s12_level2.feat/GrayordinatesStats/cope8.feat/weights1.dtseries.nii","506234","MNINonLinear//Results/tfMRI_WM/tfMRI_WM_hp200_s12_level2.feat/GrayordinatesStats/cope8.feat/weights1.dtseries.nii","WsjOc4CoIM764.DSBxxYJBN7KFY_ryIp"
"s3://hcp-openaccess/HCP_1200/506234/MNINonLinear/Results/tfMRI_WM/tfMRI_WM_hp200_s12_level2.feat/GrayordinatesStats/cope8.feat/zflame1lowertstat1.dtseries.nii","506234","MNINonLinear//Results/tfMRI_WM/tfMRI_WM_hp200_s12_level2.feat/GrayordinatesStats/cope8.feat/zflame1lowertstat1.dtseries.nii","WsW.sNOnsnhMjAkM7r3nHc5vVQHeWW54"
"s3://hcp-openaccess/HCP_1200/506234/MNINonLinear/Results/tfMRI_WM/tfMRI_WM_hp200_s12_level2.feat/GrayordinatesStats/cope8.feat/zflame1uppertstat1.dtseries.nii","506234","MNINonLinear//Results/tfMRI_WM/tfMRI_WM_hp200_s12_level2.feat/GrayordinatesStats/cope8.feat/zflame1uppertstat1.dtseries.nii","UR8pNEbwmgMbexzKIc77lXYpXdaJVgyC"
"s3://hcp-openaccess/HCP_1200/506234/MNINonLinear/Results/tfMRI_WM/tfMRI_WM_hp200_s12_level2.feat/GrayordinatesStats/cope8.feat/zstat1.dtseries.nii","506234","MNINonLinear//Results/tfMRI_WM/tfMRI_WM_hp200_s12_level2.feat/GrayordinatesStats/cope8.feat/zstat1.dtseries.nii","o6BabpfDSVtwh8T_PeyOA_nJc7xB1ued"
"s3://hcp-openaccess/HCP_1200/506234/MNINonLinear/Results/tfMRI_WM/tfMRI_WM_hp200_s12_level2.feat/GrayordinatesStats/cope9.feat/cope1.dtseries.nii","506234","MNINonLinear//Results/tfMRI_WM/tfMRI_WM_hp200_s12_level2.feat/GrayordinatesStats/cope9.feat/cope1.dtseries.nii","A7PJDzNkHVieGYo6YA0h0ln9srNB3mOy"
"s3://hcp-openaccess/HCP_1200/506234/MNINonLinear/Results/tfMRI_WM/tfMRI_WM_hp200_s12_level2.feat/GrayordinatesStats/cope9.feat/logfile","506234","MNINonLinear//Results/tfMRI_WM/tfMRI_WM_hp200_s12_level2.feat/GrayordinatesStats/cope9.feat/logfile","Mgt4hPp0TufVm8N0x_fVNMKevOivnen7"
"s3://hcp-openaccess/HCP_1200/506234/MNINonLinear/Results/tfMRI_WM/tfMRI_WM_hp200_s12_level2.feat/GrayordinatesStats/cope9.feat/mask.dtseries.nii","506234","MNINonLinear//Results/tfMRI_WM/tfMRI_WM_hp200_s12_level2.feat/GrayordinatesStats/cope9.feat/mask.dtseries.nii","fE58loegJ1VVyIFUI.RAEGIGT4Lm92Yo"
"s3://hcp-openaccess/HCP_1200/506234/MNINonLinear/Results/tfMRI_WM/tfMRI_WM_hp200_s12_level2.feat/GrayordinatesStats/cope9.feat/mean_random_effects_var1.dtseries.nii","506234","MNINonLinear//Results/tfMRI_WM/tfMRI_WM_hp200_s12_level2.feat/GrayordinatesStats/cope9.feat/mean_random_effects_var1.dtseries.nii","dZ5D4P_orHE1An5rAkYuBCb0dfbgeUto"
"s3://hcp-openaccess/HCP_1200/506234/MNINonLinear/Results/tfMRI_WM/tfMRI_WM_hp200_s12_level2.feat/GrayordinatesStats/cope9.feat/pe1.dtseries.nii","506234","MNINonLinear//Results/tfMRI_WM/tfMRI_WM_hp200_s12_level2.feat/GrayordinatesStats/cope9.feat/pe1.dtseries.nii","uREFshL20Kc2pjN4b8ISb_1jOyISXBku"
"s3://hcp-openaccess/HCP_1200/506234/MNINonLinear/Results/tfMRI_WM/tfMRI_WM_hp200_s12_level2.feat/GrayordinatesStats/cope9.feat/res4d.dtseries.nii","506234","MNINonLinear//Results/tfMRI_WM/tfMRI_WM_hp200_s12_level2.feat/GrayordinatesStats/cope9.feat/res4d.dtseries.nii","6aoB4iq78vBSCOxiJNhWSNJdMBxi3mCZ"
"s3://hcp-openaccess/HCP_1200/506234/MNINonLinear/Results/tfMRI_WM/tfMRI_WM_hp200_s12_level2.feat/GrayordinatesStats/cope9.feat/tdof_t1.dtseries.nii","506234","MNINonLinear//Results/tfMRI_WM/tfMRI_WM_hp200_s12_level2.feat/GrayordinatesStats/cope9.feat/tdof_t1.dtseries.nii","r.T5WCuAlviuytgvdlJ7kT2SkpfxgfGf"
"s3://hcp-openaccess/HCP_1200/506234/MNINonLinear/Results/tfMRI_WM/tfMRI_WM_hp200_s12_level2.feat/GrayordinatesStats/cope9.feat/tstat1.dtseries.nii","506234","MNINonLinear//Results/tfMRI_WM/tfMRI_WM_hp200_s12_level2.feat/GrayordinatesStats/cope9.feat/tstat1.dtseries.nii","rTfAqIIx27e_PyeFjpEReqjbF655ces1"
"s3://hcp-openaccess/HCP_1200/506234/MNINonLinear/Results/tfMRI_WM/tfMRI_WM_hp200_s12_level2.feat/GrayordinatesStats/cope9.feat/varcope1.dtseries.nii","506234","MNINonLinear//Results/tfMRI_WM/tfMRI_WM_hp200_s12_level2.feat/GrayordinatesStats/cope9.feat/varcope1.dtseries.nii","EDjXrcyHmWIOU9__FQriwmVGe5sSeqCM"
"s3://hcp-openaccess/HCP_1200/506234/MNINonLinear/Results/tfMRI_WM/tfMRI_WM_hp200_s12_level2.feat/GrayordinatesStats/cope9.feat/weights1.dtseries.nii","506234","MNINonLinear//Results/tfMRI_WM/tfMRI_WM_hp200_s12_level2.feat/GrayordinatesStats/cope9.feat/weights1.dtseries.nii","sxtPDh6D_SU1hmuVMmrXtStzMyL69ymI"
"s3://hcp-openaccess/HCP_1200/506234/MNINonLinear/Results/tfMRI_WM/tfMRI_WM_hp200_s12_level2.feat/GrayordinatesStats/cope9.feat/zflame1lowertstat1.dtseries.nii","506234","MNINonLinear//Results/tfMRI_WM/tfMRI_WM_hp200_s12_level2.feat/GrayordinatesStats/cope9.feat/zflame1lowertstat1.dtseries.nii","HM8GFL4GFuRiPSH1ADVIXDg4ahcmu4d5"
"s3://hcp-openaccess/HCP_1200/506234/MNINonLinear/Results/tfMRI_WM/tfMRI_WM_hp200_s12_level2.feat/GrayordinatesStats/cope9.feat/zflame1uppertstat1.dtseries.nii","506234","MNINonLinear//Results/tfMRI_WM/tfMRI_WM_hp200_s12_level2.feat/GrayordinatesStats/cope9.feat/zflame1uppertstat1.dtseries.nii","BMqjuBq1DqsHuGVPV3OPY5erDqji7vLB"
"s3://hcp-openaccess/HCP_1200/506234/MNINonLinear/Results/tfMRI_WM/tfMRI_WM_hp200_s12_level2.feat/GrayordinatesStats/cope9.feat/zstat1.dtseries.nii","506234","MNINonLinear//Results/tfMRI_WM/tfMRI_WM_hp200_s12_level2.feat/GrayordinatesStats/cope9.feat/zstat1.dtseries.nii","O9PsHTmDlHhDe3wShnmkXPqqwdKeDaTy"
"s3://hcp-openaccess/HCP_1200/506234/MNINonLinear/Results/tfMRI_WM/tfMRI_WM_hp200_s12_level2.feat/design.con","506234","MNINonLinear//Results/tfMRI_WM/tfMRI_WM_hp200_s12_level2.feat/design.con","lvtvsIyei35O4emX.FESY4YhDUsmEWBG"
"s3://hcp-openaccess/HCP_1200/506234/MNINonLinear/Results/tfMRI_WM/tfMRI_WM_hp200_s12_level2.feat/design.fsf","506234","MNINonLinear//Results/tfMRI_WM/tfMRI_WM_hp200_s12_level2.feat/design.fsf","37B_FByOuuF1gI0i1XSy00VHXIWInWDD"
"s3://hcp-openaccess/HCP_1200/506234/MNINonLinear/Results/tfMRI_WM/tfMRI_WM_hp200_s12_level2.feat/design.grp","506234","MNINonLinear//Results/tfMRI_WM/tfMRI_WM_hp200_s12_level2.feat/design.grp","WgC_3psbw8uKgnBJXm1KkEGpxG_4wSRh"
"s3://hcp-openaccess/HCP_1200/506234/MNINonLinear/Results/tfMRI_WM/tfMRI_WM_hp200_s12_level2.feat/design.mat","506234","MNINonLinear//Results/tfMRI_WM/tfMRI_WM_hp200_s12_level2.feat/design.mat","1PLC5oSTCcZn2kOn2iOnqaFZ7Um53xLL"
"s3://hcp-openaccess/HCP_1200/506234/MNINonLinear/Results/tfMRI_WM/tfMRI_WM_hp200_s12_level2.feat/design.png","506234","MNINonLinear//Results/tfMRI_WM/tfMRI_WM_hp200_s12_level2.feat/design.png","NsCZbZB5y8WnouiuEnZMvN5A.6U2EgCP"
"s3://hcp-openaccess/HCP_1200/506234/MNINonLinear/Results/tfMRI_WM/tfMRI_WM_hp200_s12_level2.feat/design.ppm","506234","MNINonLinear//Results/tfMRI_WM/tfMRI_WM_hp200_s12_level2.feat/design.ppm",".hNOwA.plRxBm8ySPqSaNc0uwxKeUVpf"
"s3://hcp-openaccess/HCP_1200/506234/MNINonLinear/Results/tfMRI_WM/tfMRI_WM_hp200_s12_level2.feat/design_cov.png","506234","MNINonLinear//Results/tfMRI_WM/tfMRI_WM_hp200_s12_level2.feat/design_cov.png","EwqZhNTv3L_PqZuBCcgDaw23tMVY_rGL"
"s3://hcp-openaccess/HCP_1200/506234/MNINonLinear/Results/tfMRI_WM/tfMRI_WM_hp200_s12_level2.feat/design_cov.ppm","506234","MNINonLinear//Results/tfMRI_WM/tfMRI_WM_hp200_s12_level2.feat/design_cov.ppm","oM8nWved2kjOOquC.TxOMSEVbzE2uano"
"s3://hcp-openaccess/HCP_1200/506234/MNINonLinear/Results/tfMRI_WM/tfMRI_WM_hp200_s2_level2.feat/506234_tfMRI_WM_level2_hp200_s2.dscalar.nii","506234","MNINonLinear//Results/tfMRI_WM/tfMRI_WM_hp200_s2_level2.feat/506234_tfMRI_WM_level2_hp200_s2.dscalar.nii","LKNrcRgxhiuFuvSXYvahJUlAAAYJmXbZ"
"s3://hcp-openaccess/HCP_1200/506234/MNINonLinear/Results/tfMRI_WM/tfMRI_WM_hp200_s2_level2.feat/Contrasts.txt","506234","MNINonLinear//Results/tfMRI_WM/tfMRI_WM_hp200_s2_level2.feat/Contrasts.txt","CnETFZndFjeasXSQiGPhbMpbJpWleU3."
"s3://hcp-openaccess/HCP_1200/506234/MNINonLinear/Results/tfMRI_WM/tfMRI_WM_hp200_s2_level2.feat/GrayordinatesStats/cope1.feat/cope1.dtseries.nii","506234","MNINonLinear//Results/tfMRI_WM/tfMRI_WM_hp200_s2_level2.feat/GrayordinatesStats/cope1.feat/cope1.dtseries.nii","lqWz3CBgyvcMnqolYY0UyyCO2TpiRs4f"
"s3://hcp-openaccess/HCP_1200/506234/MNINonLinear/Results/tfMRI_WM/tfMRI_WM_hp200_s2_level2.feat/GrayordinatesStats/cope1.feat/logfile","506234","MNINonLinear//Results/tfMRI_WM/tfMRI_WM_hp200_s2_level2.feat/GrayordinatesStats/cope1.feat/logfile","x6sYYEODF.DMRfESAGxJjt87H9A71ROU"
"s3://hcp-openaccess/HCP_1200/506234/MNINonLinear/Results/tfMRI_WM/tfMRI_WM_hp200_s2_level2.feat/GrayordinatesStats/cope1.feat/mask.dtseries.nii","506234","MNINonLinear//Results/tfMRI_WM/tfMRI_WM_hp200_s2_level2.feat/GrayordinatesStats/cope1.feat/mask.dtseries.nii","7IrRJ5a2cWuHUHQ_wh.dmEtzWDW89_mo"
"s3://hcp-openaccess/HCP_1200/506234/MNINonLinear/Results/tfMRI_WM/tfMRI_WM_hp200_s2_level2.feat/GrayordinatesStats/cope1.feat/mean_random_effects_var1.dtseries.nii","506234","MNINonLinear//Results/tfMRI_WM/tfMRI_WM_hp200_s2_level2.feat/GrayordinatesStats/cope1.feat/mean_random_effects_var1.dtseries.nii","m9ytzIdhUvEyprT.Nn9bh3nT1fwSL0hW"
"s3://hcp-openaccess/HCP_1200/506234/MNINonLinear/Results/tfMRI_WM/tfMRI_WM_hp200_s2_level2.feat/GrayordinatesStats/cope1.feat/pe1.dtseries.nii","506234","MNINonLinear//Results/tfMRI_WM/tfMRI_WM_hp200_s2_level2.feat/GrayordinatesStats/cope1.feat/pe1.dtseries.nii","C2Qnmhfyb5IyMxkM8JgIBSem4g_S1cYh"
"s3://hcp-openaccess/HCP_1200/506234/MNINonLinear/Results/tfMRI_WM/tfMRI_WM_hp200_s2_level2.feat/GrayordinatesStats/cope1.feat/res4d.dtseries.nii","506234","MNINonLinear//Results/tfMRI_WM/tfMRI_WM_hp200_s2_level2.feat/GrayordinatesStats/cope1.feat/res4d.dtseries.nii","BdtGy3Bb_rhSdrf_jLLLQzMvOIN53Zn6"
"s3://hcp-openaccess/HCP_1200/506234/MNINonLinear/Results/tfMRI_WM/tfMRI_WM_hp200_s2_level2.feat/GrayordinatesStats/cope1.feat/tdof_t1.dtseries.nii","506234","MNINonLinear//Results/tfMRI_WM/tfMRI_WM_hp200_s2_level2.feat/GrayordinatesStats/cope1.feat/tdof_t1.dtseries.nii","CUAZGD8LSNL4RzYqr_ooTW74DASFQ6a9"
"s3://hcp-openaccess/HCP_1200/506234/MNINonLinear/Results/tfMRI_WM/tfMRI_WM_hp200_s2_level2.feat/GrayordinatesStats/cope1.feat/tstat1.dtseries.nii","506234","MNINonLinear//Results/tfMRI_WM/tfMRI_WM_hp200_s2_level2.feat/GrayordinatesStats/cope1.feat/tstat1.dtseries.nii","M_91nmHNL6mZHZVbKEaEY8jW3ku2LyHu"
"s3://hcp-openaccess/HCP_1200/506234/MNINonLinear/Results/tfMRI_WM/tfMRI_WM_hp200_s2_level2.feat/GrayordinatesStats/cope1.feat/varcope1.dtseries.nii","506234","MNINonLinear//Results/tfMRI_WM/tfMRI_WM_hp200_s2_level2.feat/GrayordinatesStats/cope1.feat/varcope1.dtseries.nii","QAjpMGtsSBtqk2IBQ5Rjdmui.6wvo7ir"
"s3://hcp-openaccess/HCP_1200/506234/MNINonLinear/Results/tfMRI_WM/tfMRI_WM_hp200_s2_level2.feat/GrayordinatesStats/cope1.feat/weights1.dtseries.nii","506234","MNINonLinear//Results/tfMRI_WM/tfMRI_WM_hp200_s2_level2.feat/GrayordinatesStats/cope1.feat/weights1.dtseries.nii","3oxqv7iQx887n5Arsa8pi..vtlmEbVz1"
"s3://hcp-openaccess/HCP_1200/506234/MNINonLinear/Results/tfMRI_WM/tfMRI_WM_hp200_s2_level2.feat/GrayordinatesStats/cope1.feat/zflame1lowertstat1.dtseries.nii","506234","MNINonLinear//Results/tfMRI_WM/tfMRI_WM_hp200_s2_level2.feat/GrayordinatesStats/cope1.feat/zflame1lowertstat1.dtseries.nii","AW0FNG9XLcKy7QRKwgjn3yLRwSat1gvP"
"s3://hcp-openaccess/HCP_1200/506234/MNINonLinear/Results/tfMRI_WM/tfMRI_WM_hp200_s2_level2.feat/GrayordinatesStats/cope1.feat/zflame1uppertstat1.dtseries.nii","506234","MNINonLinear//Results/tfMRI_WM/tfMRI_WM_hp200_s2_level2.feat/GrayordinatesStats/cope1.feat/zflame1uppertstat1.dtseries.nii","0vyfpSa8QDgs.PXg.U1rMbt8wpe8qBq4"
"s3://hcp-openaccess/HCP_1200/506234/MNINonLinear/Results/tfMRI_WM/tfMRI_WM_hp200_s2_level2.feat/GrayordinatesStats/cope1.feat/zstat1.dtseries.nii","506234","MNINonLinear//Results/tfMRI_WM/tfMRI_WM_hp200_s2_level2.feat/GrayordinatesStats/cope1.feat/zstat1.dtseries.nii","AhWYm6r2F.WhVNXA1MoUFa4c29.CFnOe"
"s3://hcp-openaccess/HCP_1200/506234/MNINonLinear/Results/tfMRI_WM/tfMRI_WM_hp200_s2_level2.feat/GrayordinatesStats/cope10.feat/cope1.dtseries.nii","506234","MNINonLinear//Results/tfMRI_WM/tfMRI_WM_hp200_s2_level2.feat/GrayordinatesStats/cope10.feat/cope1.dtseries.nii","h1ixxbagcmeRua1fS.I6DD7qGYOTFcrE"
"s3://hcp-openaccess/HCP_1200/506234/MNINonLinear/Results/tfMRI_WM/tfMRI_WM_hp200_s2_level2.feat/GrayordinatesStats/cope10.feat/logfile","506234","MNINonLinear//Results/tfMRI_WM/tfMRI_WM_hp200_s2_level2.feat/GrayordinatesStats/cope10.feat/logfile","nc0oVjLttUvKQYtSpEGDbGfwbswCzy8x"
"s3://hcp-openaccess/HCP_1200/506234/MNINonLinear/Results/tfMRI_WM/tfMRI_WM_hp200_s2_level2.feat/GrayordinatesStats/cope10.feat/mask.dtseries.nii","506234","MNINonLinear//Results/tfMRI_WM/tfMRI_WM_hp200_s2_level2.feat/GrayordinatesStats/cope10.feat/mask.dtseries.nii","LsGxAQJoolxD6YeF7o.VPsBKrFBTJTuK"
"s3://hcp-openaccess/HCP_1200/506234/MNINonLinear/Results/tfMRI_WM/tfMRI_WM_hp200_s2_level2.feat/GrayordinatesStats/cope10.feat/mean_random_effects_var1.dtseries.nii","506234","MNINonLinear//Results/tfMRI_WM/tfMRI_WM_hp200_s2_level2.feat/GrayordinatesStats/cope10.feat/mean_random_effects_var1.dtseries.nii","banZ.AHZ5KfBbzvZ6yXs1XjrpDx2Yjz1"
"s3://hcp-openaccess/HCP_1200/506234/MNINonLinear/Results/tfMRI_WM/tfMRI_WM_hp200_s2_level2.feat/GrayordinatesStats/cope10.feat/pe1.dtseries.nii","506234","MNINonLinear//Results/tfMRI_WM/tfMRI_WM_hp200_s2_level2.feat/GrayordinatesStats/cope10.feat/pe1.dtseries.nii","zS.D9hKMtbJagAXYTJ1uKcpdd9Ga5IpT"
"s3://hcp-openaccess/HCP_1200/506234/MNINonLinear/Results/tfMRI_WM/tfMRI_WM_hp200_s2_level2.feat/GrayordinatesStats/cope10.feat/res4d.dtseries.nii","506234","MNINonLinear//Results/tfMRI_WM/tfMRI_WM_hp200_s2_level2.feat/GrayordinatesStats/cope10.feat/res4d.dtseries.nii","SanHbZR_wLWYME3w_Qd0gIFWc6eWAHfM"
"s3://hcp-openaccess/HCP_1200/506234/MNINonLinear/Results/tfMRI_WM/tfMRI_WM_hp200_s2_level2.feat/GrayordinatesStats/cope10.feat/tdof_t1.dtseries.nii","506234","MNINonLinear//Results/tfMRI_WM/tfMRI_WM_hp200_s2_level2.feat/GrayordinatesStats/cope10.feat/tdof_t1.dtseries.nii","j3Q8drqLDMNlm4MJNrGzsWp1OnzCsECG"
"s3://hcp-openaccess/HCP_1200/506234/MNINonLinear/Results/tfMRI_WM/tfMRI_WM_hp200_s2_level2.feat/GrayordinatesStats/cope10.feat/tstat1.dtseries.nii","506234","MNINonLinear//Results/tfMRI_WM/tfMRI_WM_hp200_s2_level2.feat/GrayordinatesStats/cope10.feat/tstat1.dtseries.nii","tlF7lHE5v96WhD8rZV7SyOr9_eErhjJL"
"s3://hcp-openaccess/HCP_1200/506234/MNINonLinear/Results/tfMRI_WM/tfMRI_WM_hp200_s2_level2.feat/GrayordinatesStats/cope10.feat/varcope1.dtseries.nii","506234","MNINonLinear//Results/tfMRI_WM/tfMRI_WM_hp200_s2_level2.feat/GrayordinatesStats/cope10.feat/varcope1.dtseries.nii","ddlzlD25_Elf9XQKYuoKgKo.Mj4S_x2."
"s3://hcp-openaccess/HCP_1200/506234/MNINonLinear/Results/tfMRI_WM/tfMRI_WM_hp200_s2_level2.feat/GrayordinatesStats/cope10.feat/weights1.dtseries.nii","506234","MNINonLinear//Results/tfMRI_WM/tfMRI_WM_hp200_s2_level2.feat/GrayordinatesStats/cope10.feat/weights1.dtseries.nii","ftZXn0wwjsZllQfsAy4EeSlhg0l7H2Dy"
"s3://hcp-openaccess/HCP_1200/506234/MNINonLinear/Results/tfMRI_WM/tfMRI_WM_hp200_s2_level2.feat/GrayordinatesStats/cope10.feat/zflame1lowertstat1.dtseries.nii","506234","MNINonLinear//Results/tfMRI_WM/tfMRI_WM_hp200_s2_level2.feat/GrayordinatesStats/cope10.feat/zflame1lowertstat1.dtseries.nii","UcfRl6VFIzOyNI33KTKwSgVJOnNpRfz9"
"s3://hcp-openaccess/HCP_1200/506234/MNINonLinear/Results/tfMRI_WM/tfMRI_WM_hp200_s2_level2.feat/GrayordinatesStats/cope10.feat/zflame1uppertstat1.dtseries.nii","506234","MNINonLinear//Results/tfMRI_WM/tfMRI_WM_hp200_s2_level2.feat/GrayordinatesStats/cope10.feat/zflame1uppertstat1.dtseries.nii","GmtuWlXG7KAKdbD3qHN.DpFTRiLeEYte"
"s3://hcp-openaccess/HCP_1200/506234/MNINonLinear/Results/tfMRI_WM/tfMRI_WM_hp200_s2_level2.feat/GrayordinatesStats/cope10.feat/zstat1.dtseries.nii","506234","MNINonLinear//Results/tfMRI_WM/tfMRI_WM_hp200_s2_level2.feat/GrayordinatesStats/cope10.feat/zstat1.dtseries.nii","DDuyXWOnlwpzVRz4YYEAFrF9sOZlnIQE"
"s3://hcp-openaccess/HCP_1200/506234/MNINonLinear/Results/tfMRI_WM/tfMRI_WM_hp200_s2_level2.feat/GrayordinatesStats/cope11.feat/cope1.dtseries.nii","506234","MNINonLinear//Results/tfMRI_WM/tfMRI_WM_hp200_s2_level2.feat/GrayordinatesStats/cope11.feat/cope1.dtseries.nii","bs82Rl8X3CW2Hji.rfwGg1.jnBJO6uV9"
"s3://hcp-openaccess/HCP_1200/506234/MNINonLinear/Results/tfMRI_WM/tfMRI_WM_hp200_s2_level2.feat/GrayordinatesStats/cope11.feat/logfile","506234","MNINonLinear//Results/tfMRI_WM/tfMRI_WM_hp200_s2_level2.feat/GrayordinatesStats/cope11.feat/logfile",".ygJQmE2V.iGLJoLOhlmqVtFjbpWZWMu"
"s3://hcp-openaccess/HCP_1200/506234/MNINonLinear/Results/tfMRI_WM/tfMRI_WM_hp200_s2_level2.feat/GrayordinatesStats/cope11.feat/mask.dtseries.nii","506234","MNINonLinear//Results/tfMRI_WM/tfMRI_WM_hp200_s2_level2.feat/GrayordinatesStats/cope11.feat/mask.dtseries.nii","GFuWRvBm29apv2SGSoHOJVPVk_.ULaht"
"s3://hcp-openaccess/HCP_1200/506234/MNINonLinear/Results/tfMRI_WM/tfMRI_WM_hp200_s2_level2.feat/GrayordinatesStats/cope11.feat/mean_random_effects_var1.dtseries.nii","506234","MNINonLinear//Results/tfMRI_WM/tfMRI_WM_hp200_s2_level2.feat/GrayordinatesStats/cope11.feat/mean_random_effects_var1.dtseries.nii","aECI6C4jHPUJgOdwzyONDLFQlaOb_z7G"
"s3://hcp-openaccess/HCP_1200/506234/MNINonLinear/Results/tfMRI_WM/tfMRI_WM_hp200_s2_level2.feat/GrayordinatesStats/cope11.feat/pe1.dtseries.nii","506234","MNINonLinear//Results/tfMRI_WM/tfMRI_WM_hp200_s2_level2.feat/GrayordinatesStats/cope11.feat/pe1.dtseries.nii","eBZY.FzFz6y9PTwkZ3PU3mUhyOXcbb_4"
"s3://hcp-openaccess/HCP_1200/506234/MNINonLinear/Results/tfMRI_WM/tfMRI_WM_hp200_s2_level2.feat/GrayordinatesStats/cope11.feat/res4d.dtseries.nii","506234","MNINonLinear//Results/tfMRI_WM/tfMRI_WM_hp200_s2_level2.feat/GrayordinatesStats/cope11.feat/res4d.dtseries.nii","2b6qT11C7J0b8o7SRPsW9ivKpKYbVbRL"
"s3://hcp-openaccess/HCP_1200/506234/MNINonLinear/Results/tfMRI_WM/tfMRI_WM_hp200_s2_level2.feat/GrayordinatesStats/cope11.feat/tdof_t1.dtseries.nii","506234","MNINonLinear//Results/tfMRI_WM/tfMRI_WM_hp200_s2_level2.feat/GrayordinatesStats/cope11.feat/tdof_t1.dtseries.nii","2KmdLATXU3X0HGpmpiRGv8DXiN0r.QiL"
"s3://hcp-openaccess/HCP_1200/506234/MNINonLinear/Results/tfMRI_WM/tfMRI_WM_hp200_s2_level2.feat/GrayordinatesStats/cope11.feat/tstat1.dtseries.nii","506234","MNINonLinear//Results/tfMRI_WM/tfMRI_WM_hp200_s2_level2.feat/GrayordinatesStats/cope11.feat/tstat1.dtseries.nii","OygLpnXS.m0f3w79neFdemXzag2ulzQL"
"s3://hcp-openaccess/HCP_1200/506234/MNINonLinear/Results/tfMRI_WM/tfMRI_WM_hp200_s2_level2.feat/GrayordinatesStats/cope11.feat/varcope1.dtseries.nii","506234","MNINonLinear//Results/tfMRI_WM/tfMRI_WM_hp200_s2_level2.feat/GrayordinatesStats/cope11.feat/varcope1.dtseries.nii","HepnaFousWyOO4tqMG9397tYB9HqKcqC"
"s3://hcp-openaccess/HCP_1200/506234/MNINonLinear/Results/tfMRI_WM/tfMRI_WM_hp200_s2_level2.feat/GrayordinatesStats/cope11.feat/weights1.dtseries.nii","506234","MNINonLinear//Results/tfMRI_WM/tfMRI_WM_hp200_s2_level2.feat/GrayordinatesStats/cope11.feat/weights1.dtseries.nii","0uLiDoZTj7TuyLiuYLj7I98Kfm5xAjFx"
"s3://hcp-openaccess/HCP_1200/506234/MNINonLinear/Results/tfMRI_WM/tfMRI_WM_hp200_s2_level2.feat/GrayordinatesStats/cope11.feat/zflame1lowertstat1.dtseries.nii","506234","MNINonLinear//Results/tfMRI_WM/tfMRI_WM_hp200_s2_level2.feat/GrayordinatesStats/cope11.feat/zflame1lowertstat1.dtseries.nii","1NxG_fN9XetsmLl87oZREC0V9lc06Fmm"
"s3://hcp-openaccess/HCP_1200/506234/MNINonLinear/Results/tfMRI_WM/tfMRI_WM_hp200_s2_level2.feat/GrayordinatesStats/cope11.feat/zflame1uppertstat1.dtseries.nii","506234","MNINonLinear//Results/tfMRI_WM/tfMRI_WM_hp200_s2_level2.feat/GrayordinatesStats/cope11.feat/zflame1uppertstat1.dtseries.nii","Sqz1tmtFhcdO9awKGxDlL8mQK5xbPA._"
"s3://hcp-openaccess/HCP_1200/506234/MNINonLinear/Results/tfMRI_WM/tfMRI_WM_hp200_s2_level2.feat/GrayordinatesStats/cope11.feat/zstat1.dtseries.nii","506234","MNINonLinear//Results/tfMRI_WM/tfMRI_WM_hp200_s2_level2.feat/GrayordinatesStats/cope11.feat/zstat1.dtseries.nii","k14YMXaD2sGPISJZMLBfE3rNdsTitwyi"
"s3://hcp-openaccess/HCP_1200/506234/MNINonLinear/Results/tfMRI_WM/tfMRI_WM_hp200_s2_level2.feat/GrayordinatesStats/cope12.feat/cope1.dtseries.nii","506234","MNINonLinear//Results/tfMRI_WM/tfMRI_WM_hp200_s2_level2.feat/GrayordinatesStats/cope12.feat/cope1.dtseries.nii","FQ.vwh_VpRa0tvvojRABODrxvsoXIQqs"
"s3://hcp-openaccess/HCP_1200/506234/MNINonLinear/Results/tfMRI_WM/tfMRI_WM_hp200_s2_level2.feat/GrayordinatesStats/cope12.feat/logfile","506234","MNINonLinear//Results/tfMRI_WM/tfMRI_WM_hp200_s2_level2.feat/GrayordinatesStats/cope12.feat/logfile","YH2Afiz6eRkaB7wpjJA7qIpHqo50NEuX"
"s3://hcp-openaccess/HCP_1200/506234/MNINonLinear/Results/tfMRI_WM/tfMRI_WM_hp200_s2_level2.feat/GrayordinatesStats/cope12.feat/mask.dtseries.nii","506234","MNINonLinear//Results/tfMRI_WM/tfMRI_WM_hp200_s2_level2.feat/GrayordinatesStats/cope12.feat/mask.dtseries.nii","c2a2lSlEU7nDdvfHdsehlxD9CX.hKu8c"
"s3://hcp-openaccess/HCP_1200/506234/MNINonLinear/Results/tfMRI_WM/tfMRI_WM_hp200_s2_level2.feat/GrayordinatesStats/cope12.feat/mean_random_effects_var1.dtseries.nii","506234","MNINonLinear//Results/tfMRI_WM/tfMRI_WM_hp200_s2_level2.feat/GrayordinatesStats/cope12.feat/mean_random_effects_var1.dtseries.nii","HoPOP5QMZcelC0riXJ078RtCn0M8LLV5"
"s3://hcp-openaccess/HCP_1200/506234/MNINonLinear/Results/tfMRI_WM/tfMRI_WM_hp200_s2_level2.feat/GrayordinatesStats/cope12.feat/pe1.dtseries.nii","506234","MNINonLinear//Results/tfMRI_WM/tfMRI_WM_hp200_s2_level2.feat/GrayordinatesStats/cope12.feat/pe1.dtseries.nii","wXAZ_0jdXIcw6aOxc7y5Ie5LqqcI.z5B"
"s3://hcp-openaccess/HCP_1200/506234/MNINonLinear/Results/tfMRI_WM/tfMRI_WM_hp200_s2_level2.feat/GrayordinatesStats/cope12.feat/res4d.dtseries.nii","506234","MNINonLinear//Results/tfMRI_WM/tfMRI_WM_hp200_s2_level2.feat/GrayordinatesStats/cope12.feat/res4d.dtseries.nii","H5mXGwJu8yBx1MLdnrX0RxgsnZE1IdWB"
"s3://hcp-openaccess/HCP_1200/506234/MNINonLinear/Results/tfMRI_WM/tfMRI_WM_hp200_s2_level2.feat/GrayordinatesStats/cope12.feat/tdof_t1.dtseries.nii","506234","MNINonLinear//Results/tfMRI_WM/tfMRI_WM_hp200_s2_level2.feat/GrayordinatesStats/cope12.feat/tdof_t1.dtseries.nii","codmTUf3IsBdpve1mEOOraO0A8A7p7Dy"
"s3://hcp-openaccess/HCP_1200/506234/MNINonLinear/Results/tfMRI_WM/tfMRI_WM_hp200_s2_level2.feat/GrayordinatesStats/cope12.feat/tstat1.dtseries.nii","506234","MNINonLinear//Results/tfMRI_WM/tfMRI_WM_hp200_s2_level2.feat/GrayordinatesStats/cope12.feat/tstat1.dtseries.nii","mylh_f0Pw08_zKVb3wg67rnCLSfq7mOj"
"s3://hcp-openaccess/HCP_1200/506234/MNINonLinear/Results/tfMRI_WM/tfMRI_WM_hp200_s2_level2.feat/GrayordinatesStats/cope12.feat/varcope1.dtseries.nii","506234","MNINonLinear//Results/tfMRI_WM/tfMRI_WM_hp200_s2_level2.feat/GrayordinatesStats/cope12.feat/varcope1.dtseries.nii","zPXmSqjhSxjSVKINf8q0774EledP7Tt6"
"s3://hcp-openaccess/HCP_1200/506234/MNINonLinear/Results/tfMRI_WM/tfMRI_WM_hp200_s2_level2.feat/GrayordinatesStats/cope12.feat/weights1.dtseries.nii","506234","MNINonLinear//Results/tfMRI_WM/tfMRI_WM_hp200_s2_level2.feat/GrayordinatesStats/cope12.feat/weights1.dtseries.nii","1MeqYhi50dyVBadxOzBNCjs6NOu_DGSo"
"s3://hcp-openaccess/HCP_1200/506234/MNINonLinear/Results/tfMRI_WM/tfMRI_WM_hp200_s2_level2.feat/GrayordinatesStats/cope12.feat/zflame1lowertstat1.dtseries.nii","506234","MNINonLinear//Results/tfMRI_WM/tfMRI_WM_hp200_s2_level2.feat/GrayordinatesStats/cope12.feat/zflame1lowertstat1.dtseries.nii","YzRZm33jTxwhMPOP.CGesefbHyTe1PZt"
"s3://hcp-openaccess/HCP_1200/506234/MNINonLinear/Results/tfMRI_WM/tfMRI_WM_hp200_s2_level2.feat/GrayordinatesStats/cope12.feat/zflame1uppertstat1.dtseries.nii","506234","MNINonLinear//Results/tfMRI_WM/tfMRI_WM_hp200_s2_level2.feat/GrayordinatesStats/cope12.feat/zflame1uppertstat1.dtseries.nii","IgdJ6cLTTpJJ0zo.40A21_UPi9mK._Qv"
"s3://hcp-openaccess/HCP_1200/506234/MNINonLinear/Results/tfMRI_WM/tfMRI_WM_hp200_s2_level2.feat/GrayordinatesStats/cope12.feat/zstat1.dtseries.nii","506234","MNINonLinear//Results/tfMRI_WM/tfMRI_WM_hp200_s2_level2.feat/GrayordinatesStats/cope12.feat/zstat1.dtseries.nii","XTLWEhpu03a428iRZUAqD2MoR5VCV6Tu"
"s3://hcp-openaccess/HCP_1200/506234/MNINonLinear/Results/tfMRI_WM/tfMRI_WM_hp200_s2_level2.feat/GrayordinatesStats/cope13.feat/cope1.dtseries.nii","506234","MNINonLinear//Results/tfMRI_WM/tfMRI_WM_hp200_s2_level2.feat/GrayordinatesStats/cope13.feat/cope1.dtseries.nii","6hgYVVA1eyiieA.cfTJFx60tceuOrUGs"
"s3://hcp-openaccess/HCP_1200/506234/MNINonLinear/Results/tfMRI_WM/tfMRI_WM_hp200_s2_level2.feat/GrayordinatesStats/cope13.feat/logfile","506234","MNINonLinear//Results/tfMRI_WM/tfMRI_WM_hp200_s2_level2.feat/GrayordinatesStats/cope13.feat/logfile","2lD_gSmVXTfS2tQLt4HWcw0dOD8HtA04"
"s3://hcp-openaccess/HCP_1200/506234/MNINonLinear/Results/tfMRI_WM/tfMRI_WM_hp200_s2_level2.feat/GrayordinatesStats/cope13.feat/mask.dtseries.nii","506234","MNINonLinear//Results/tfMRI_WM/tfMRI_WM_hp200_s2_level2.feat/GrayordinatesStats/cope13.feat/mask.dtseries.nii","AggrVGbITOm.PUTJDDJgBehX38JjFzZP"
"s3://hcp-openaccess/HCP_1200/506234/MNINonLinear/Results/tfMRI_WM/tfMRI_WM_hp200_s2_level2.feat/GrayordinatesStats/cope13.feat/mean_random_effects_var1.dtseries.nii","506234","MNINonLinear//Results/tfMRI_WM/tfMRI_WM_hp200_s2_level2.feat/GrayordinatesStats/cope13.feat/mean_random_effects_var1.dtseries.nii","8RIyVNBmgmmU9DIs.2nClmJsRkq3k.t3"
"s3://hcp-openaccess/HCP_1200/506234/MNINonLinear/Results/tfMRI_WM/tfMRI_WM_hp200_s2_level2.feat/GrayordinatesStats/cope13.feat/pe1.dtseries.nii","506234","MNINonLinear//Results/tfMRI_WM/tfMRI_WM_hp200_s2_level2.feat/GrayordinatesStats/cope13.feat/pe1.dtseries.nii","MLcsPagSjE91ZqhXl0qKMmwTM1l3WHgo"
"s3://hcp-openaccess/HCP_1200/506234/MNINonLinear/Results/tfMRI_WM/tfMRI_WM_hp200_s2_level2.feat/GrayordinatesStats/cope13.feat/res4d.dtseries.nii","506234","MNINonLinear//Results/tfMRI_WM/tfMRI_WM_hp200_s2_level2.feat/GrayordinatesStats/cope13.feat/res4d.dtseries.nii","8jrMwju7YiDXQT3O8nFMV3AgY5HYEFNT"
"s3://hcp-openaccess/HCP_1200/506234/MNINonLinear/Results/tfMRI_WM/tfMRI_WM_hp200_s2_level2.feat/GrayordinatesStats/cope13.feat/tdof_t1.dtseries.nii","506234","MNINonLinear//Results/tfMRI_WM/tfMRI_WM_hp200_s2_level2.feat/GrayordinatesStats/cope13.feat/tdof_t1.dtseries.nii","_Di07G1X3NSOKcrgdk.3OPLj65HFG4Bq"
"s3://hcp-openaccess/HCP_1200/506234/MNINonLinear/Results/tfMRI_WM/tfMRI_WM_hp200_s2_level2.feat/GrayordinatesStats/cope13.feat/tstat1.dtseries.nii","506234","MNINonLinear//Results/tfMRI_WM/tfMRI_WM_hp200_s2_level2.feat/GrayordinatesStats/cope13.feat/tstat1.dtseries.nii","i2WsXdeXoUn530B8CuGa8cW.3URqbFHJ"
"s3://hcp-openaccess/HCP_1200/506234/MNINonLinear/Results/tfMRI_WM/tfMRI_WM_hp200_s2_level2.feat/GrayordinatesStats/cope13.feat/varcope1.dtseries.nii","506234","MNINonLinear//Results/tfMRI_WM/tfMRI_WM_hp200_s2_level2.feat/GrayordinatesStats/cope13.feat/varcope1.dtseries.nii",".amh3pDHk5BttZqXrC2NkK9n7cqsylRa"
"s3://hcp-openaccess/HCP_1200/506234/MNINonLinear/Results/tfMRI_WM/tfMRI_WM_hp200_s2_level2.feat/GrayordinatesStats/cope13.feat/weights1.dtseries.nii","506234","MNINonLinear//Results/tfMRI_WM/tfMRI_WM_hp200_s2_level2.feat/GrayordinatesStats/cope13.feat/weights1.dtseries.nii","BRNB7BazP_WsirNbKIi.x9q_3S1Q03Rm"
"s3://hcp-openaccess/HCP_1200/506234/MNINonLinear/Results/tfMRI_WM/tfMRI_WM_hp200_s2_level2.feat/GrayordinatesStats/cope13.feat/zflame1lowertstat1.dtseries.nii","506234","MNINonLinear//Results/tfMRI_WM/tfMRI_WM_hp200_s2_level2.feat/GrayordinatesStats/cope13.feat/zflame1lowertstat1.dtseries.nii","czDqyqMJodtvkRdM_XICBdIPQwUFbUxE"
"s3://hcp-openaccess/HCP_1200/506234/MNINonLinear/Results/tfMRI_WM/tfMRI_WM_hp200_s2_level2.feat/GrayordinatesStats/cope13.feat/zflame1uppertstat1.dtseries.nii","506234","MNINonLinear//Results/tfMRI_WM/tfMRI_WM_hp200_s2_level2.feat/GrayordinatesStats/cope13.feat/zflame1uppertstat1.dtseries.nii","jdw8_P1DbfWLEL3gm__aTNSBI9LcUBJO"
"s3://hcp-openaccess/HCP_1200/506234/MNINonLinear/Results/tfMRI_WM/tfMRI_WM_hp200_s2_level2.feat/GrayordinatesStats/cope13.feat/zstat1.dtseries.nii","506234","MNINonLinear//Results/tfMRI_WM/tfMRI_WM_hp200_s2_level2.feat/GrayordinatesStats/cope13.feat/zstat1.dtseries.nii","7jB6mGOvxb0fAA3GiEr_jKXRl2T3fvGV"
"s3://hcp-openaccess/HCP_1200/506234/MNINonLinear/Results/tfMRI_WM/tfMRI_WM_hp200_s2_level2.feat/GrayordinatesStats/cope14.feat/cope1.dtseries.nii","506234","MNINonLinear//Results/tfMRI_WM/tfMRI_WM_hp200_s2_level2.feat/GrayordinatesStats/cope14.feat/cope1.dtseries.nii","_Itegg82o7o7lepMXFFqbeD.wNYdSuPJ"
"s3://hcp-openaccess/HCP_1200/506234/MNINonLinear/Results/tfMRI_WM/tfMRI_WM_hp200_s2_level2.feat/GrayordinatesStats/cope14.feat/logfile","506234","MNINonLinear//Results/tfMRI_WM/tfMRI_WM_hp200_s2_level2.feat/GrayordinatesStats/cope14.feat/logfile","XFkBA7Oob8OzwCGhinvUP3umtW6L0hup"
"s3://hcp-openaccess/HCP_1200/506234/MNINonLinear/Results/tfMRI_WM/tfMRI_WM_hp200_s2_level2.feat/GrayordinatesStats/cope14.feat/mask.dtseries.nii","506234","MNINonLinear//Results/tfMRI_WM/tfMRI_WM_hp200_s2_level2.feat/GrayordinatesStats/cope14.feat/mask.dtseries.nii","VdAOg8N7UFr31Qu951Do45TOeHgYB8Lt"
"s3://hcp-openaccess/HCP_1200/506234/MNINonLinear/Results/tfMRI_WM/tfMRI_WM_hp200_s2_level2.feat/GrayordinatesStats/cope14.feat/mean_random_effects_var1.dtseries.nii","506234","MNINonLinear//Results/tfMRI_WM/tfMRI_WM_hp200_s2_level2.feat/GrayordinatesStats/cope14.feat/mean_random_effects_var1.dtseries.nii","7x_w3jiwvIPDM7PTFGtEPqbUIW_39wOd"
"s3://hcp-openaccess/HCP_1200/506234/MNINonLinear/Results/tfMRI_WM/tfMRI_WM_hp200_s2_level2.feat/GrayordinatesStats/cope14.feat/pe1.dtseries.nii","506234","MNINonLinear//Results/tfMRI_WM/tfMRI_WM_hp200_s2_level2.feat/GrayordinatesStats/cope14.feat/pe1.dtseries.nii","1KUJyvBLO_EesMwJUvZUAcF46tlxFcbf"
"s3://hcp-openaccess/HCP_1200/506234/MNINonLinear/Results/tfMRI_WM/tfMRI_WM_hp200_s2_level2.feat/GrayordinatesStats/cope14.feat/res4d.dtseries.nii","506234","MNINonLinear//Results/tfMRI_WM/tfMRI_WM_hp200_s2_level2.feat/GrayordinatesStats/cope14.feat/res4d.dtseries.nii","MUj3sDOrt_vWN614NgKrM9UeidH3.nPd"
"s3://hcp-openaccess/HCP_1200/506234/MNINonLinear/Results/tfMRI_WM/tfMRI_WM_hp200_s2_level2.feat/GrayordinatesStats/cope14.feat/tdof_t1.dtseries.nii","506234","MNINonLinear//Results/tfMRI_WM/tfMRI_WM_hp200_s2_level2.feat/GrayordinatesStats/cope14.feat/tdof_t1.dtseries.nii","5SGMXKBab0lC.97cwwPpA4w6JDniq6Nc"
"s3://hcp-openaccess/HCP_1200/506234/MNINonLinear/Results/tfMRI_WM/tfMRI_WM_hp200_s2_level2.feat/GrayordinatesStats/cope14.feat/tstat1.dtseries.nii","506234","MNINonLinear//Results/tfMRI_WM/tfMRI_WM_hp200_s2_level2.feat/GrayordinatesStats/cope14.feat/tstat1.dtseries.nii","E_VX8JDCfBz.qLqX2Bpfg6kJPYdBr_MG"
"s3://hcp-openaccess/HCP_1200/506234/MNINonLinear/Results/tfMRI_WM/tfMRI_WM_hp200_s2_level2.feat/GrayordinatesStats/cope14.feat/varcope1.dtseries.nii","506234","MNINonLinear//Results/tfMRI_WM/tfMRI_WM_hp200_s2_level2.feat/GrayordinatesStats/cope14.feat/varcope1.dtseries.nii","XVOVSVI4OFuHmNe4u1g3ZUUG_SGT9OUs"
"s3://hcp-openaccess/HCP_1200/506234/MNINonLinear/Results/tfMRI_WM/tfMRI_WM_hp200_s2_level2.feat/GrayordinatesStats/cope14.feat/weights1.dtseries.nii","506234","MNINonLinear//Results/tfMRI_WM/tfMRI_WM_hp200_s2_level2.feat/GrayordinatesStats/cope14.feat/weights1.dtseries.nii","bnO3tmFaW8.KOBZLn1f5gTeaCRo9bLXV"
"s3://hcp-openaccess/HCP_1200/506234/MNINonLinear/Results/tfMRI_WM/tfMRI_WM_hp200_s2_level2.feat/GrayordinatesStats/cope14.feat/zflame1lowertstat1.dtseries.nii","506234","MNINonLinear//Results/tfMRI_WM/tfMRI_WM_hp200_s2_level2.feat/GrayordinatesStats/cope14.feat/zflame1lowertstat1.dtseries.nii","QVT4XOXiRQKFySGhtlJFELzOt3xi6tt_"
"s3://hcp-openaccess/HCP_1200/506234/MNINonLinear/Results/tfMRI_WM/tfMRI_WM_hp200_s2_level2.feat/GrayordinatesStats/cope14.feat/zflame1uppertstat1.dtseries.nii","506234","MNINonLinear//Results/tfMRI_WM/tfMRI_WM_hp200_s2_level2.feat/GrayordinatesStats/cope14.feat/zflame1uppertstat1.dtseries.nii","4nrSI8GI55gJJwDYq.T0A8EF66IH3fgE"
"s3://hcp-openaccess/HCP_1200/506234/MNINonLinear/Results/tfMRI_WM/tfMRI_WM_hp200_s2_level2.feat/GrayordinatesStats/cope14.feat/zstat1.dtseries.nii","506234","MNINonLinear//Results/tfMRI_WM/tfMRI_WM_hp200_s2_level2.feat/GrayordinatesStats/cope14.feat/zstat1.dtseries.nii","iG9OjrBgvP_cJzkuWP2WAcWWphYEuxAi"
"s3://hcp-openaccess/HCP_1200/506234/MNINonLinear/Results/tfMRI_WM/tfMRI_WM_hp200_s2_level2.feat/GrayordinatesStats/cope15.feat/cope1.dtseries.nii","506234","MNINonLinear//Results/tfMRI_WM/tfMRI_WM_hp200_s2_level2.feat/GrayordinatesStats/cope15.feat/cope1.dtseries.nii","EulqxaEa3BPRDlXJrTRd2p0AVuwiASCY"
"s3://hcp-openaccess/HCP_1200/506234/MNINonLinear/Results/tfMRI_WM/tfMRI_WM_hp200_s2_level2.feat/GrayordinatesStats/cope15.feat/logfile","506234","MNINonLinear//Results/tfMRI_WM/tfMRI_WM_hp200_s2_level2.feat/GrayordinatesStats/cope15.feat/logfile","my7HoOhTv35.O348Gtl99._5O16xvVjT"
"s3://hcp-openaccess/HCP_1200/506234/MNINonLinear/Results/tfMRI_WM/tfMRI_WM_hp200_s2_level2.feat/GrayordinatesStats/cope15.feat/mask.dtseries.nii","506234","MNINonLinear//Results/tfMRI_WM/tfMRI_WM_hp200_s2_level2.feat/GrayordinatesStats/cope15.feat/mask.dtseries.nii","rBWRO1v994tNfHDUQDjZfSZnQ9Xu3ouF"
"s3://hcp-openaccess/HCP_1200/506234/MNINonLinear/Results/tfMRI_WM/tfMRI_WM_hp200_s2_level2.feat/GrayordinatesStats/cope15.feat/mean_random_effects_var1.dtseries.nii","506234","MNINonLinear//Results/tfMRI_WM/tfMRI_WM_hp200_s2_level2.feat/GrayordinatesStats/cope15.feat/mean_random_effects_var1.dtseries.nii","ouCJniz7NOP4diO3H03U91qdSR3GQ05P"
"s3://hcp-openaccess/HCP_1200/506234/MNINonLinear/Results/tfMRI_WM/tfMRI_WM_hp200_s2_level2.feat/GrayordinatesStats/cope15.feat/pe1.dtseries.nii","506234","MNINonLinear//Results/tfMRI_WM/tfMRI_WM_hp200_s2_level2.feat/GrayordinatesStats/cope15.feat/pe1.dtseries.nii","Z1ndXQ.6Tsr6XRVBuCp4Z0kRVUvMMz7C"
"s3://hcp-openaccess/HCP_1200/506234/MNINonLinear/Results/tfMRI_WM/tfMRI_WM_hp200_s2_level2.feat/GrayordinatesStats/cope15.feat/res4d.dtseries.nii","506234","MNINonLinear//Results/tfMRI_WM/tfMRI_WM_hp200_s2_level2.feat/GrayordinatesStats/cope15.feat/res4d.dtseries.nii","xbVJxPlfgROBzKmH8T0aw4xxiMDLeKQg"
"s3://hcp-openaccess/HCP_1200/506234/MNINonLinear/Results/tfMRI_WM/tfMRI_WM_hp200_s2_level2.feat/GrayordinatesStats/cope15.feat/tdof_t1.dtseries.nii","506234","MNINonLinear//Results/tfMRI_WM/tfMRI_WM_hp200_s2_level2.feat/GrayordinatesStats/cope15.feat/tdof_t1.dtseries.nii","uoWOW5J2xn4wMDsA3pXS704kDOkn95PP"
"s3://hcp-openaccess/HCP_1200/506234/MNINonLinear/Results/tfMRI_WM/tfMRI_WM_hp200_s2_level2.feat/GrayordinatesStats/cope15.feat/tstat1.dtseries.nii","506234","MNINonLinear//Results/tfMRI_WM/tfMRI_WM_hp200_s2_level2.feat/GrayordinatesStats/cope15.feat/tstat1.dtseries.nii","sfo3pVxV8LWPGUgWxce9ar1om3zmcP3d"
"s3://hcp-openaccess/HCP_1200/506234/MNINonLinear/Results/tfMRI_WM/tfMRI_WM_hp200_s2_level2.feat/GrayordinatesStats/cope15.feat/varcope1.dtseries.nii","506234","MNINonLinear//Results/tfMRI_WM/tfMRI_WM_hp200_s2_level2.feat/GrayordinatesStats/cope15.feat/varcope1.dtseries.nii","HcOTA1nXWfEaVhQEu0iWPqrN3i3iOGVj"
"s3://hcp-openaccess/HCP_1200/506234/MNINonLinear/Results/tfMRI_WM/tfMRI_WM_hp200_s2_level2.feat/GrayordinatesStats/cope15.feat/weights1.dtseries.nii","506234","MNINonLinear//Results/tfMRI_WM/tfMRI_WM_hp200_s2_level2.feat/GrayordinatesStats/cope15.feat/weights1.dtseries.nii","xVv2i0.Ep8f3.ccP2OytzPAJVCNEhNTE"
"s3://hcp-openaccess/HCP_1200/506234/MNINonLinear/Results/tfMRI_WM/tfMRI_WM_hp200_s2_level2.feat/GrayordinatesStats/cope15.feat/zflame1lowertstat1.dtseries.nii","506234","MNINonLinear//Results/tfMRI_WM/tfMRI_WM_hp200_s2_level2.feat/GrayordinatesStats/cope15.feat/zflame1lowertstat1.dtseries.nii","ZLn.0sngtEuHaRfsamCVuSOYA.Hixh1X"
"s3://hcp-openaccess/HCP_1200/506234/MNINonLinear/Results/tfMRI_WM/tfMRI_WM_hp200_s2_level2.feat/GrayordinatesStats/cope15.feat/zflame1uppertstat1.dtseries.nii","506234","MNINonLinear//Results/tfMRI_WM/tfMRI_WM_hp200_s2_level2.feat/GrayordinatesStats/cope15.feat/zflame1uppertstat1.dtseries.nii","tODr909st1io1RvMfBr_qXiMug4IHQtx"
"s3://hcp-openaccess/HCP_1200/506234/MNINonLinear/Results/tfMRI_WM/tfMRI_WM_hp200_s2_level2.feat/GrayordinatesStats/cope15.feat/zstat1.dtseries.nii","506234","MNINonLinear//Results/tfMRI_WM/tfMRI_WM_hp200_s2_level2.feat/GrayordinatesStats/cope15.feat/zstat1.dtseries.nii","A3RWgBGMFV4nFVwHPnFAYcYeuizoFJpv"
"s3://hcp-openaccess/HCP_1200/506234/MNINonLinear/Results/tfMRI_WM/tfMRI_WM_hp200_s2_level2.feat/GrayordinatesStats/cope16.feat/cope1.dtseries.nii","506234","MNINonLinear//Results/tfMRI_WM/tfMRI_WM_hp200_s2_level2.feat/GrayordinatesStats/cope16.feat/cope1.dtseries.nii","BRGemwmHsyxcRbM0O9GAjehU4jb8cQvI"
"s3://hcp-openaccess/HCP_1200/506234/MNINonLinear/Results/tfMRI_WM/tfMRI_WM_hp200_s2_level2.feat/GrayordinatesStats/cope16.feat/logfile","506234","MNINonLinear//Results/tfMRI_WM/tfMRI_WM_hp200_s2_level2.feat/GrayordinatesStats/cope16.feat/logfile","b2by.3niF9q9_f58vefO_QYnzry3fbLJ"
"s3://hcp-openaccess/HCP_1200/506234/MNINonLinear/Results/tfMRI_WM/tfMRI_WM_hp200_s2_level2.feat/GrayordinatesStats/cope16.feat/mask.dtseries.nii","506234","MNINonLinear//Results/tfMRI_WM/tfMRI_WM_hp200_s2_level2.feat/GrayordinatesStats/cope16.feat/mask.dtseries.nii","1.fqhQWMOyRe58fbPI1NBWZv_wlnQctM"
"s3://hcp-openaccess/HCP_1200/506234/MNINonLinear/Results/tfMRI_WM/tfMRI_WM_hp200_s2_level2.feat/GrayordinatesStats/cope16.feat/mean_random_effects_var1.dtseries.nii","506234","MNINonLinear//Results/tfMRI_WM/tfMRI_WM_hp200_s2_level2.feat/GrayordinatesStats/cope16.feat/mean_random_effects_var1.dtseries.nii","KIrpLlrXdTSK2nf85o35iOjKLVc8yd8n"
"s3://hcp-openaccess/HCP_1200/506234/MNINonLinear/Results/tfMRI_WM/tfMRI_WM_hp200_s2_level2.feat/GrayordinatesStats/cope16.feat/pe1.dtseries.nii","506234","MNINonLinear//Results/tfMRI_WM/tfMRI_WM_hp200_s2_level2.feat/GrayordinatesStats/cope16.feat/pe1.dtseries.nii","wCcO_NTGnw95KXLMIM7B6zZN1xGyTWIV"
"s3://hcp-openaccess/HCP_1200/506234/MNINonLinear/Results/tfMRI_WM/tfMRI_WM_hp200_s2_level2.feat/GrayordinatesStats/cope16.feat/res4d.dtseries.nii","506234","MNINonLinear//Results/tfMRI_WM/tfMRI_WM_hp200_s2_level2.feat/GrayordinatesStats/cope16.feat/res4d.dtseries.nii","kLXzqddw9teTHSfoJDAjvtEmU0.jmuXJ"
"s3://hcp-openaccess/HCP_1200/506234/MNINonLinear/Results/tfMRI_WM/tfMRI_WM_hp200_s2_level2.feat/GrayordinatesStats/cope16.feat/tdof_t1.dtseries.nii","506234","MNINonLinear//Results/tfMRI_WM/tfMRI_WM_hp200_s2_level2.feat/GrayordinatesStats/cope16.feat/tdof_t1.dtseries.nii","6IrU0QJoIVxE4QOXyE9AV9IgXP2nR4BT"
"s3://hcp-openaccess/HCP_1200/506234/MNINonLinear/Results/tfMRI_WM/tfMRI_WM_hp200_s2_level2.feat/GrayordinatesStats/cope16.feat/tstat1.dtseries.nii","506234","MNINonLinear//Results/tfMRI_WM/tfMRI_WM_hp200_s2_level2.feat/GrayordinatesStats/cope16.feat/tstat1.dtseries.nii","GAUTsz9fAlJ_To5q9RgW9xWzw8St9f8w"
"s3://hcp-openaccess/HCP_1200/506234/MNINonLinear/Results/tfMRI_WM/tfMRI_WM_hp200_s2_level2.feat/GrayordinatesStats/cope16.feat/varcope1.dtseries.nii","506234","MNINonLinear//Results/tfMRI_WM/tfMRI_WM_hp200_s2_level2.feat/GrayordinatesStats/cope16.feat/varcope1.dtseries.nii","ghRH21sUjIA3bODhYfOk98eUvfWPaMuL"
"s3://hcp-openaccess/HCP_1200/506234/MNINonLinear/Results/tfMRI_WM/tfMRI_WM_hp200_s2_level2.feat/GrayordinatesStats/cope16.feat/weights1.dtseries.nii","506234","MNINonLinear//Results/tfMRI_WM/tfMRI_WM_hp200_s2_level2.feat/GrayordinatesStats/cope16.feat/weights1.dtseries.nii","IJVzLk8.eZyhrvtTDV0pbZ.GnS4UTFAj"
"s3://hcp-openaccess/HCP_1200/506234/MNINonLinear/Results/tfMRI_WM/tfMRI_WM_hp200_s2_level2.feat/GrayordinatesStats/cope16.feat/zflame1lowertstat1.dtseries.nii","506234","MNINonLinear//Results/tfMRI_WM/tfMRI_WM_hp200_s2_level2.feat/GrayordinatesStats/cope16.feat/zflame1lowertstat1.dtseries.nii","CVmQpXCb5B2bAuEaUgmVel.awr9rvA7Z"
"s3://hcp-openaccess/HCP_1200/506234/MNINonLinear/Results/tfMRI_WM/tfMRI_WM_hp200_s2_level2.feat/GrayordinatesStats/cope16.feat/zflame1uppertstat1.dtseries.nii","506234","MNINonLinear//Results/tfMRI_WM/tfMRI_WM_hp200_s2_level2.feat/GrayordinatesStats/cope16.feat/zflame1uppertstat1.dtseries.nii","GvLV1EzR5uExsA5MKuYH733zFkHyfsUu"
"s3://hcp-openaccess/HCP_1200/506234/MNINonLinear/Results/tfMRI_WM/tfMRI_WM_hp200_s2_level2.feat/GrayordinatesStats/cope16.feat/zstat1.dtseries.nii","506234","MNINonLinear//Results/tfMRI_WM/tfMRI_WM_hp200_s2_level2.feat/GrayordinatesStats/cope16.feat/zstat1.dtseries.nii","u.Ee.fZE8nsbR0ewIlouAvPEv_Bf5Lfd"
"s3://hcp-openaccess/HCP_1200/506234/MNINonLinear/Results/tfMRI_WM/tfMRI_WM_hp200_s2_level2.feat/GrayordinatesStats/cope17.feat/cope1.dtseries.nii","506234","MNINonLinear//Results/tfMRI_WM/tfMRI_WM_hp200_s2_level2.feat/GrayordinatesStats/cope17.feat/cope1.dtseries.nii","2HxoiPz57jStYS0TN04UABkU9UcEnNjL"
"s3://hcp-openaccess/HCP_1200/506234/MNINonLinear/Results/tfMRI_WM/tfMRI_WM_hp200_s2_level2.feat/GrayordinatesStats/cope17.feat/logfile","506234","MNINonLinear//Results/tfMRI_WM/tfMRI_WM_hp200_s2_level2.feat/GrayordinatesStats/cope17.feat/logfile","BYpO3O_FvKJTVfO6Nls86f_9BheEurpq"
"s3://hcp-openaccess/HCP_1200/506234/MNINonLinear/Results/tfMRI_WM/tfMRI_WM_hp200_s2_level2.feat/GrayordinatesStats/cope17.feat/mask.dtseries.nii","506234","MNINonLinear//Results/tfMRI_WM/tfMRI_WM_hp200_s2_level2.feat/GrayordinatesStats/cope17.feat/mask.dtseries.nii","l1Y4PakCwgVioGM_qgFSPHFEj4IhICd3"
"s3://hcp-openaccess/HCP_1200/506234/MNINonLinear/Results/tfMRI_WM/tfMRI_WM_hp200_s2_level2.feat/GrayordinatesStats/cope17.feat/mean_random_effects_var1.dtseries.nii","506234","MNINonLinear//Results/tfMRI_WM/tfMRI_WM_hp200_s2_level2.feat/GrayordinatesStats/cope17.feat/mean_random_effects_var1.dtseries.nii","zgNZmZ_8xIH0LUNn_JLT7gYxx0Ybeap."
"s3://hcp-openaccess/HCP_1200/506234/MNINonLinear/Results/tfMRI_WM/tfMRI_WM_hp200_s2_level2.feat/GrayordinatesStats/cope17.feat/pe1.dtseries.nii","506234","MNINonLinear//Results/tfMRI_WM/tfMRI_WM_hp200_s2_level2.feat/GrayordinatesStats/cope17.feat/pe1.dtseries.nii","IWAHVtEq.GGRPEdDfDERI4ThgX3TSty9"
"s3://hcp-openaccess/HCP_1200/506234/MNINonLinear/Results/tfMRI_WM/tfMRI_WM_hp200_s2_level2.feat/GrayordinatesStats/cope17.feat/res4d.dtseries.nii","506234","MNINonLinear//Results/tfMRI_WM/tfMRI_WM_hp200_s2_level2.feat/GrayordinatesStats/cope17.feat/res4d.dtseries.nii","bj.zBOlbC1bAhGQCA2U.uHU7zxgu_L0I"
"s3://hcp-openaccess/HCP_1200/506234/MNINonLinear/Results/tfMRI_WM/tfMRI_WM_hp200_s2_level2.feat/GrayordinatesStats/cope17.feat/tdof_t1.dtseries.nii","506234","MNINonLinear//Results/tfMRI_WM/tfMRI_WM_hp200_s2_level2.feat/GrayordinatesStats/cope17.feat/tdof_t1.dtseries.nii","igo.psYh1SIwz8xggX1vfGsFjI6my_TJ"
"s3://hcp-openaccess/HCP_1200/506234/MNINonLinear/Results/tfMRI_WM/tfMRI_WM_hp200_s2_level2.feat/GrayordinatesStats/cope17.feat/tstat1.dtseries.nii","506234","MNINonLinear//Results/tfMRI_WM/tfMRI_WM_hp200_s2_level2.feat/GrayordinatesStats/cope17.feat/tstat1.dtseries.nii","mFHZEidHu8evyEr7fO4x9mJ2oI0Xe5E7"
"s3://hcp-openaccess/HCP_1200/506234/MNINonLinear/Results/tfMRI_WM/tfMRI_WM_hp200_s2_level2.feat/GrayordinatesStats/cope17.feat/varcope1.dtseries.nii","506234","MNINonLinear//Results/tfMRI_WM/tfMRI_WM_hp200_s2_level2.feat/GrayordinatesStats/cope17.feat/varcope1.dtseries.nii","wRfkCed..9iFIC43uuBG5pfprYyN9pPJ"
"s3://hcp-openaccess/HCP_1200/506234/MNINonLinear/Results/tfMRI_WM/tfMRI_WM_hp200_s2_level2.feat/GrayordinatesStats/cope17.feat/weights1.dtseries.nii","506234","MNINonLinear//Results/tfMRI_WM/tfMRI_WM_hp200_s2_level2.feat/GrayordinatesStats/cope17.feat/weights1.dtseries.nii","qtiNJob3PdDP5NTmwFaWFwelFx.Yt9uA"
"s3://hcp-openaccess/HCP_1200/506234/MNINonLinear/Results/tfMRI_WM/tfMRI_WM_hp200_s2_level2.feat/GrayordinatesStats/cope17.feat/zflame1lowertstat1.dtseries.nii","506234","MNINonLinear//Results/tfMRI_WM/tfMRI_WM_hp200_s2_level2.feat/GrayordinatesStats/cope17.feat/zflame1lowertstat1.dtseries.nii","WXn4WJ2NuQB5uZkEMXHTQ7VwCnbvwPom"
"s3://hcp-openaccess/HCP_1200/506234/MNINonLinear/Results/tfMRI_WM/tfMRI_WM_hp200_s2_level2.feat/GrayordinatesStats/cope17.feat/zflame1uppertstat1.dtseries.nii","506234","MNINonLinear//Results/tfMRI_WM/tfMRI_WM_hp200_s2_level2.feat/GrayordinatesStats/cope17.feat/zflame1uppertstat1.dtseries.nii","wsQ43NH7F69RgJmxhYyUK5rV32mYw9Ps"
"s3://hcp-openaccess/HCP_1200/506234/MNINonLinear/Results/tfMRI_WM/tfMRI_WM_hp200_s2_level2.feat/GrayordinatesStats/cope17.feat/zstat1.dtseries.nii","506234","MNINonLinear//Results/tfMRI_WM/tfMRI_WM_hp200_s2_level2.feat/GrayordinatesStats/cope17.feat/zstat1.dtseries.nii","6EiIHavii3gfMx2XNWXJvnL9ekH3kXhz"
"s3://hcp-openaccess/HCP_1200/506234/MNINonLinear/Results/tfMRI_WM/tfMRI_WM_hp200_s2_level2.feat/GrayordinatesStats/cope18.feat/cope1.dtseries.nii","506234","MNINonLinear//Results/tfMRI_WM/tfMRI_WM_hp200_s2_level2.feat/GrayordinatesStats/cope18.feat/cope1.dtseries.nii","mh9BEZuN2MmiaZ18lV0X91zCRS9v8PfB"
"s3://hcp-openaccess/HCP_1200/506234/MNINonLinear/Results/tfMRI_WM/tfMRI_WM_hp200_s2_level2.feat/GrayordinatesStats/cope18.feat/logfile","506234","MNINonLinear//Results/tfMRI_WM/tfMRI_WM_hp200_s2_level2.feat/GrayordinatesStats/cope18.feat/logfile","0_TXyAgPg3f6eTngQg6RweZJO775tnBF"
"s3://hcp-openaccess/HCP_1200/506234/MNINonLinear/Results/tfMRI_WM/tfMRI_WM_hp200_s2_level2.feat/GrayordinatesStats/cope18.feat/mask.dtseries.nii","506234","MNINonLinear//Results/tfMRI_WM/tfMRI_WM_hp200_s2_level2.feat/GrayordinatesStats/cope18.feat/mask.dtseries.nii","N5osO4R9Zhaq2hIHAvkVffnMouwTx1ya"
"s3://hcp-openaccess/HCP_1200/506234/MNINonLinear/Results/tfMRI_WM/tfMRI_WM_hp200_s2_level2.feat/GrayordinatesStats/cope18.feat/mean_random_effects_var1.dtseries.nii","506234","MNINonLinear//Results/tfMRI_WM/tfMRI_WM_hp200_s2_level2.feat/GrayordinatesStats/cope18.feat/mean_random_effects_var1.dtseries.nii","6DcxPBf4.wYUdnpl3MG67ZbDjD5emdzY"
"s3://hcp-openaccess/HCP_1200/506234/MNINonLinear/Results/tfMRI_WM/tfMRI_WM_hp200_s2_level2.feat/GrayordinatesStats/cope18.feat/pe1.dtseries.nii","506234","MNINonLinear//Results/tfMRI_WM/tfMRI_WM_hp200_s2_level2.feat/GrayordinatesStats/cope18.feat/pe1.dtseries.nii","8zeH2YgUlkHXQOOEe_c.MzyXOdTK9mqe"
"s3://hcp-openaccess/HCP_1200/506234/MNINonLinear/Results/tfMRI_WM/tfMRI_WM_hp200_s2_level2.feat/GrayordinatesStats/cope18.feat/res4d.dtseries.nii","506234","MNINonLinear//Results/tfMRI_WM/tfMRI_WM_hp200_s2_level2.feat/GrayordinatesStats/cope18.feat/res4d.dtseries.nii","Y_GSsjQQAxWKwY3Ej4IBxaFYa.A8ATZB"
"s3://hcp-openaccess/HCP_1200/506234/MNINonLinear/Results/tfMRI_WM/tfMRI_WM_hp200_s2_level2.feat/GrayordinatesStats/cope18.feat/tdof_t1.dtseries.nii","506234","MNINonLinear//Results/tfMRI_WM/tfMRI_WM_hp200_s2_level2.feat/GrayordinatesStats/cope18.feat/tdof_t1.dtseries.nii","y18QFsvX78TFOQX3NUOddZrnJLkld_yi"
"s3://hcp-openaccess/HCP_1200/506234/MNINonLinear/Results/tfMRI_WM/tfMRI_WM_hp200_s2_level2.feat/GrayordinatesStats/cope18.feat/tstat1.dtseries.nii","506234","MNINonLinear//Results/tfMRI_WM/tfMRI_WM_hp200_s2_level2.feat/GrayordinatesStats/cope18.feat/tstat1.dtseries.nii","5fdMuB.4RXA_3jhWToDu8fyogN1GHhpu"
"s3://hcp-openaccess/HCP_1200/506234/MNINonLinear/Results/tfMRI_WM/tfMRI_WM_hp200_s2_level2.feat/GrayordinatesStats/cope18.feat/varcope1.dtseries.nii","506234","MNINonLinear//Results/tfMRI_WM/tfMRI_WM_hp200_s2_level2.feat/GrayordinatesStats/cope18.feat/varcope1.dtseries.nii","C51ZQ07Ap9WKaN1duTx86lueqajWgnD1"
"s3://hcp-openaccess/HCP_1200/506234/MNINonLinear/Results/tfMRI_WM/tfMRI_WM_hp200_s2_level2.feat/GrayordinatesStats/cope18.feat/weights1.dtseries.nii","506234","MNINonLinear//Results/tfMRI_WM/tfMRI_WM_hp200_s2_level2.feat/GrayordinatesStats/cope18.feat/weights1.dtseries.nii","8o3vreS9kmVO04H1xciBnBDLn7zy9Yxz"
"s3://hcp-openaccess/HCP_1200/506234/MNINonLinear/Results/tfMRI_WM/tfMRI_WM_hp200_s2_level2.feat/GrayordinatesStats/cope18.feat/zflame1lowertstat1.dtseries.nii","506234","MNINonLinear//Results/tfMRI_WM/tfMRI_WM_hp200_s2_level2.feat/GrayordinatesStats/cope18.feat/zflame1lowertstat1.dtseries.nii","xX6dSZCruMguZaw0Jg3xJxJ0X8qbKlU5"
"s3://hcp-openaccess/HCP_1200/506234/MNINonLinear/Results/tfMRI_WM/tfMRI_WM_hp200_s2_level2.feat/GrayordinatesStats/cope18.feat/zflame1uppertstat1.dtseries.nii","506234","MNINonLinear//Results/tfMRI_WM/tfMRI_WM_hp200_s2_level2.feat/GrayordinatesStats/cope18.feat/zflame1uppertstat1.dtseries.nii","5jSBDjBtUR4U0g1kpRA.gxg9R38EAxeY"
"s3://hcp-openaccess/HCP_1200/506234/MNINonLinear/Results/tfMRI_WM/tfMRI_WM_hp200_s2_level2.feat/GrayordinatesStats/cope18.feat/zstat1.dtseries.nii","506234","MNINonLinear//Results/tfMRI_WM/tfMRI_WM_hp200_s2_level2.feat/GrayordinatesStats/cope18.feat/zstat1.dtseries.nii","r0sXyiJaF8o_2m6KP_Ve2UBCYyY6Bw_v"
"s3://hcp-openaccess/HCP_1200/506234/MNINonLinear/Results/tfMRI_WM/tfMRI_WM_hp200_s2_level2.feat/GrayordinatesStats/cope19.feat/cope1.dtseries.nii","506234","MNINonLinear//Results/tfMRI_WM/tfMRI_WM_hp200_s2_level2.feat/GrayordinatesStats/cope19.feat/cope1.dtseries.nii","t7zeh96rZCVHdJ9w_AcqVg8TdLIYNHyc"
"s3://hcp-openaccess/HCP_1200/506234/MNINonLinear/Results/tfMRI_WM/tfMRI_WM_hp200_s2_level2.feat/GrayordinatesStats/cope19.feat/logfile","506234","MNINonLinear//Results/tfMRI_WM/tfMRI_WM_hp200_s2_level2.feat/GrayordinatesStats/cope19.feat/logfile","yu3y1GvGb56U7ufjUVYfh97dm4yhUj4t"
"s3://hcp-openaccess/HCP_1200/506234/MNINonLinear/Results/tfMRI_WM/tfMRI_WM_hp200_s2_level2.feat/GrayordinatesStats/cope19.feat/mask.dtseries.nii","506234","MNINonLinear//Results/tfMRI_WM/tfMRI_WM_hp200_s2_level2.feat/GrayordinatesStats/cope19.feat/mask.dtseries.nii","ZOWMa1hEfc2PkFi33ysJhbcgzXnYKKPF"
"s3://hcp-openaccess/HCP_1200/506234/MNINonLinear/Results/tfMRI_WM/tfMRI_WM_hp200_s2_level2.feat/GrayordinatesStats/cope19.feat/mean_random_effects_var1.dtseries.nii","506234","MNINonLinear//Results/tfMRI_WM/tfMRI_WM_hp200_s2_level2.feat/GrayordinatesStats/cope19.feat/mean_random_effects_var1.dtseries.nii","vGI53NzhYzwbgtDAsBRlOJaWOmfXOEx6"
"s3://hcp-openaccess/HCP_1200/506234/MNINonLinear/Results/tfMRI_WM/tfMRI_WM_hp200_s2_level2.feat/GrayordinatesStats/cope19.feat/pe1.dtseries.nii","506234","MNINonLinear//Results/tfMRI_WM/tfMRI_WM_hp200_s2_level2.feat/GrayordinatesStats/cope19.feat/pe1.dtseries.nii","mcPd0ExORinOyZPKlmJ6Eyib.IEUpzXn"
"s3://hcp-openaccess/HCP_1200/506234/MNINonLinear/Results/tfMRI_WM/tfMRI_WM_hp200_s2_level2.feat/GrayordinatesStats/cope19.feat/res4d.dtseries.nii","506234","MNINonLinear//Results/tfMRI_WM/tfMRI_WM_hp200_s2_level2.feat/GrayordinatesStats/cope19.feat/res4d.dtseries.nii","pzEjYkUVdY_CRXwstEXx33SN0tAMF001"
"s3://hcp-openaccess/HCP_1200/506234/MNINonLinear/Results/tfMRI_WM/tfMRI_WM_hp200_s2_level2.feat/GrayordinatesStats/cope19.feat/tdof_t1.dtseries.nii","506234","MNINonLinear//Results/tfMRI_WM/tfMRI_WM_hp200_s2_level2.feat/GrayordinatesStats/cope19.feat/tdof_t1.dtseries.nii","77q5eB57GfkmIJHEKA6SYPiw4pcWs5uB"
"s3://hcp-openaccess/HCP_1200/506234/MNINonLinear/Results/tfMRI_WM/tfMRI_WM_hp200_s2_level2.feat/GrayordinatesStats/cope19.feat/tstat1.dtseries.nii","506234","MNINonLinear//Results/tfMRI_WM/tfMRI_WM_hp200_s2_level2.feat/GrayordinatesStats/cope19.feat/tstat1.dtseries.nii","CrO2K77Yj49ElR07V1sT2qr3BhtqbgfF"
"s3://hcp-openaccess/HCP_1200/506234/MNINonLinear/Results/tfMRI_WM/tfMRI_WM_hp200_s2_level2.feat/GrayordinatesStats/cope19.feat/varcope1.dtseries.nii","506234","MNINonLinear//Results/tfMRI_WM/tfMRI_WM_hp200_s2_level2.feat/GrayordinatesStats/cope19.feat/varcope1.dtseries.nii","gwmotKvKbw3vLpu5Q44ZVPiei2B7raVL"
"s3://hcp-openaccess/HCP_1200/506234/MNINonLinear/Results/tfMRI_WM/tfMRI_WM_hp200_s2_level2.feat/GrayordinatesStats/cope19.feat/weights1.dtseries.nii","506234","MNINonLinear//Results/tfMRI_WM/tfMRI_WM_hp200_s2_level2.feat/GrayordinatesStats/cope19.feat/weights1.dtseries.nii","9MsvpCA4ZrSdVdZynEdE.f80hOomhECW"
"s3://hcp-openaccess/HCP_1200/506234/MNINonLinear/Results/tfMRI_WM/tfMRI_WM_hp200_s2_level2.feat/GrayordinatesStats/cope19.feat/zflame1lowertstat1.dtseries.nii","506234","MNINonLinear//Results/tfMRI_WM/tfMRI_WM_hp200_s2_level2.feat/GrayordinatesStats/cope19.feat/zflame1lowertstat1.dtseries.nii","oYVHHnoxa8fvGfoH43x2RCVdLtlf23Lb"
"s3://hcp-openaccess/HCP_1200/506234/MNINonLinear/Results/tfMRI_WM/tfMRI_WM_hp200_s2_level2.feat/GrayordinatesStats/cope19.feat/zflame1uppertstat1.dtseries.nii","506234","MNINonLinear//Results/tfMRI_WM/tfMRI_WM_hp200_s2_level2.feat/GrayordinatesStats/cope19.feat/zflame1uppertstat1.dtseries.nii","gTGRa78vS.jY.wuV8I0GkWeN2AZso84p"
"s3://hcp-openaccess/HCP_1200/506234/MNINonLinear/Results/tfMRI_WM/tfMRI_WM_hp200_s2_level2.feat/GrayordinatesStats/cope19.feat/zstat1.dtseries.nii","506234","MNINonLinear//Results/tfMRI_WM/tfMRI_WM_hp200_s2_level2.feat/GrayordinatesStats/cope19.feat/zstat1.dtseries.nii","X8XNgxs9hv55j1dqIk0X93DsosU4.Vzw"
"s3://hcp-openaccess/HCP_1200/506234/MNINonLinear/Results/tfMRI_WM/tfMRI_WM_hp200_s2_level2.feat/GrayordinatesStats/cope2.feat/cope1.dtseries.nii","506234","MNINonLinear//Results/tfMRI_WM/tfMRI_WM_hp200_s2_level2.feat/GrayordinatesStats/cope2.feat/cope1.dtseries.nii","QDaOESaTe1Xe4sF.LM.BX_E8gs_AXzgB"
"s3://hcp-openaccess/HCP_1200/506234/MNINonLinear/Results/tfMRI_WM/tfMRI_WM_hp200_s2_level2.feat/GrayordinatesStats/cope2.feat/logfile","506234","MNINonLinear//Results/tfMRI_WM/tfMRI_WM_hp200_s2_level2.feat/GrayordinatesStats/cope2.feat/logfile","yd8q6vSt1I_KaKyzufr7cxMIdSvzkwsT"
"s3://hcp-openaccess/HCP_1200/506234/MNINonLinear/Results/tfMRI_WM/tfMRI_WM_hp200_s2_level2.feat/GrayordinatesStats/cope2.feat/mask.dtseries.nii","506234","MNINonLinear//Results/tfMRI_WM/tfMRI_WM_hp200_s2_level2.feat/GrayordinatesStats/cope2.feat/mask.dtseries.nii","XsROVof8Z53qAVV5Ermc..i3QJBtrCC0"
"s3://hcp-openaccess/HCP_1200/506234/MNINonLinear/Results/tfMRI_WM/tfMRI_WM_hp200_s2_level2.feat/GrayordinatesStats/cope2.feat/mean_random_effects_var1.dtseries.nii","506234","MNINonLinear//Results/tfMRI_WM/tfMRI_WM_hp200_s2_level2.feat/GrayordinatesStats/cope2.feat/mean_random_effects_var1.dtseries.nii","Qj32d6sWY1wmkxxtIDcUSutGU5g_m1JB"
"s3://hcp-openaccess/HCP_1200/506234/MNINonLinear/Results/tfMRI_WM/tfMRI_WM_hp200_s2_level2.feat/GrayordinatesStats/cope2.feat/pe1.dtseries.nii","506234","MNINonLinear//Results/tfMRI_WM/tfMRI_WM_hp200_s2_level2.feat/GrayordinatesStats/cope2.feat/pe1.dtseries.nii","qxW5L_AywsOIsQd_8q11bqvvLQa.l.AN"
"s3://hcp-openaccess/HCP_1200/506234/MNINonLinear/Results/tfMRI_WM/tfMRI_WM_hp200_s2_level2.feat/GrayordinatesStats/cope2.feat/res4d.dtseries.nii","506234","MNINonLinear//Results/tfMRI_WM/tfMRI_WM_hp200_s2_level2.feat/GrayordinatesStats/cope2.feat/res4d.dtseries.nii","Ji_tW2MUMt2pd9YRgv8X8w6wVG.T7bqE"
"s3://hcp-openaccess/HCP_1200/506234/MNINonLinear/Results/tfMRI_WM/tfMRI_WM_hp200_s2_level2.feat/GrayordinatesStats/cope2.feat/tdof_t1.dtseries.nii","506234","MNINonLinear//Results/tfMRI_WM/tfMRI_WM_hp200_s2_level2.feat/GrayordinatesStats/cope2.feat/tdof_t1.dtseries.nii","hQpa0kVYe1hHTbGpxszS8qPzD2fAOr.Z"
"s3://hcp-openaccess/HCP_1200/506234/MNINonLinear/Results/tfMRI_WM/tfMRI_WM_hp200_s2_level2.feat/GrayordinatesStats/cope2.feat/tstat1.dtseries.nii","506234","MNINonLinear//Results/tfMRI_WM/tfMRI_WM_hp200_s2_level2.feat/GrayordinatesStats/cope2.feat/tstat1.dtseries.nii","5CnDrDIYmNunD4ptlQBCis_L8iecVK5R"
"s3://hcp-openaccess/HCP_1200/506234/MNINonLinear/Results/tfMRI_WM/tfMRI_WM_hp200_s2_level2.feat/GrayordinatesStats/cope2.feat/varcope1.dtseries.nii","506234","MNINonLinear//Results/tfMRI_WM/tfMRI_WM_hp200_s2_level2.feat/GrayordinatesStats/cope2.feat/varcope1.dtseries.nii","uZL6rlDzbmqQbZmBABGVqvfQkynldviW"
"s3://hcp-openaccess/HCP_1200/506234/MNINonLinear/Results/tfMRI_WM/tfMRI_WM_hp200_s2_level2.feat/GrayordinatesStats/cope2.feat/weights1.dtseries.nii","506234","MNINonLinear//Results/tfMRI_WM/tfMRI_WM_hp200_s2_level2.feat/GrayordinatesStats/cope2.feat/weights1.dtseries.nii","bMIjDfsskfmw2WFyMDR4k4eCvjrEyjFU"
"s3://hcp-openaccess/HCP_1200/506234/MNINonLinear/Results/tfMRI_WM/tfMRI_WM_hp200_s2_level2.feat/GrayordinatesStats/cope2.feat/zflame1lowertstat1.dtseries.nii","506234","MNINonLinear//Results/tfMRI_WM/tfMRI_WM_hp200_s2_level2.feat/GrayordinatesStats/cope2.feat/zflame1lowertstat1.dtseries.nii","qEqizBf3aOOjJmgACEgmhb1zjA_UuDRr"
"s3://hcp-openaccess/HCP_1200/506234/MNINonLinear/Results/tfMRI_WM/tfMRI_WM_hp200_s2_level2.feat/GrayordinatesStats/cope2.feat/zflame1uppertstat1.dtseries.nii","506234","MNINonLinear//Results/tfMRI_WM/tfMRI_WM_hp200_s2_level2.feat/GrayordinatesStats/cope2.feat/zflame1uppertstat1.dtseries.nii","eOiIy8vbLefjYUltPDOVIDzC8cKofmLO"
"s3://hcp-openaccess/HCP_1200/506234/MNINonLinear/Results/tfMRI_WM/tfMRI_WM_hp200_s2_level2.feat/GrayordinatesStats/cope2.feat/zstat1.dtseries.nii","506234","MNINonLinear//Results/tfMRI_WM/tfMRI_WM_hp200_s2_level2.feat/GrayordinatesStats/cope2.feat/zstat1.dtseries.nii","vlhSzUTHryxr4HM4n02pYlx_YnzC3cUZ"
"s3://hcp-openaccess/HCP_1200/506234/MNINonLinear/Results/tfMRI_WM/tfMRI_WM_hp200_s2_level2.feat/GrayordinatesStats/cope20.feat/cope1.dtseries.nii","506234","MNINonLinear//Results/tfMRI_WM/tfMRI_WM_hp200_s2_level2.feat/GrayordinatesStats/cope20.feat/cope1.dtseries.nii","IXev.uC7dUJvkIM158zDnSxbMNPwOWKw"
"s3://hcp-openaccess/HCP_1200/506234/MNINonLinear/Results/tfMRI_WM/tfMRI_WM_hp200_s2_level2.feat/GrayordinatesStats/cope20.feat/logfile","506234","MNINonLinear//Results/tfMRI_WM/tfMRI_WM_hp200_s2_level2.feat/GrayordinatesStats/cope20.feat/logfile","6F48pu86u6Ul1uPrJ0bbqphOTfbRI1zc"
"s3://hcp-openaccess/HCP_1200/506234/MNINonLinear/Results/tfMRI_WM/tfMRI_WM_hp200_s2_level2.feat/GrayordinatesStats/cope20.feat/mask.dtseries.nii","506234","MNINonLinear//Results/tfMRI_WM/tfMRI_WM_hp200_s2_level2.feat/GrayordinatesStats/cope20.feat/mask.dtseries.nii","R8YMScZls8f1t0Wk3Gn5DaUitcpq4xhO"
"s3://hcp-openaccess/HCP_1200/506234/MNINonLinear/Results/tfMRI_WM/tfMRI_WM_hp200_s2_level2.feat/GrayordinatesStats/cope20.feat/mean_random_effects_var1.dtseries.nii","506234","MNINonLinear//Results/tfMRI_WM/tfMRI_WM_hp200_s2_level2.feat/GrayordinatesStats/cope20.feat/mean_random_effects_var1.dtseries.nii","ne0.d1L.QG79wfgdgmb8FLBWemHQP4Zx"
"s3://hcp-openaccess/HCP_1200/506234/MNINonLinear/Results/tfMRI_WM/tfMRI_WM_hp200_s2_level2.feat/GrayordinatesStats/cope20.feat/pe1.dtseries.nii","506234","MNINonLinear//Results/tfMRI_WM/tfMRI_WM_hp200_s2_level2.feat/GrayordinatesStats/cope20.feat/pe1.dtseries.nii","EmttldmgOAZjfUiH8cXk9vd9oWIkK0iP"
"s3://hcp-openaccess/HCP_1200/506234/MNINonLinear/Results/tfMRI_WM/tfMRI_WM_hp200_s2_level2.feat/GrayordinatesStats/cope20.feat/res4d.dtseries.nii","506234","MNINonLinear//Results/tfMRI_WM/tfMRI_WM_hp200_s2_level2.feat/GrayordinatesStats/cope20.feat/res4d.dtseries.nii","PdVcgJxYZkIcufS5EV2KMyKq_8QMV52S"
"s3://hcp-openaccess/HCP_1200/506234/MNINonLinear/Results/tfMRI_WM/tfMRI_WM_hp200_s2_level2.feat/GrayordinatesStats/cope20.feat/tdof_t1.dtseries.nii","506234","MNINonLinear//Results/tfMRI_WM/tfMRI_WM_hp200_s2_level2.feat/GrayordinatesStats/cope20.feat/tdof_t1.dtseries.nii","sEwgsRKLeXrlSVdMd.xesDRZgzL0i0no"
"s3://hcp-openaccess/HCP_1200/506234/MNINonLinear/Results/tfMRI_WM/tfMRI_WM_hp200_s2_level2.feat/GrayordinatesStats/cope20.feat/tstat1.dtseries.nii","506234","MNINonLinear//Results/tfMRI_WM/tfMRI_WM_hp200_s2_level2.feat/GrayordinatesStats/cope20.feat/tstat1.dtseries.nii",".teaBpclYgT_JDbxhfkdg84nYK7g5J2v"
"s3://hcp-openaccess/HCP_1200/506234/MNINonLinear/Results/tfMRI_WM/tfMRI_WM_hp200_s2_level2.feat/GrayordinatesStats/cope20.feat/varcope1.dtseries.nii","506234","MNINonLinear//Results/tfMRI_WM/tfMRI_WM_hp200_s2_level2.feat/GrayordinatesStats/cope20.feat/varcope1.dtseries.nii","1GBDpy3rkt.STQywsD.17B5GMgHc_u6M"
"s3://hcp-openaccess/HCP_1200/506234/MNINonLinear/Results/tfMRI_WM/tfMRI_WM_hp200_s2_level2.feat/GrayordinatesStats/cope20.feat/weights1.dtseries.nii","506234","MNINonLinear//Results/tfMRI_WM/tfMRI_WM_hp200_s2_level2.feat/GrayordinatesStats/cope20.feat/weights1.dtseries.nii","EY__SSKYKPgbbu0MhggY8AmP28omWR7d"
"s3://hcp-openaccess/HCP_1200/506234/MNINonLinear/Results/tfMRI_WM/tfMRI_WM_hp200_s2_level2.feat/GrayordinatesStats/cope20.feat/zflame1lowertstat1.dtseries.nii","506234","MNINonLinear//Results/tfMRI_WM/tfMRI_WM_hp200_s2_level2.feat/GrayordinatesStats/cope20.feat/zflame1lowertstat1.dtseries.nii","MjEcy1UGQc1RpsXKhib.oNsqInzcyE_O"
"s3://hcp-openaccess/HCP_1200/506234/MNINonLinear/Results/tfMRI_WM/tfMRI_WM_hp200_s2_level2.feat/GrayordinatesStats/cope20.feat/zflame1uppertstat1.dtseries.nii","506234","MNINonLinear//Results/tfMRI_WM/tfMRI_WM_hp200_s2_level2.feat/GrayordinatesStats/cope20.feat/zflame1uppertstat1.dtseries.nii","oa5t0jxYRzq3xg2zexsxV2hqhvyL0p7r"
"s3://hcp-openaccess/HCP_1200/506234/MNINonLinear/Results/tfMRI_WM/tfMRI_WM_hp200_s2_level2.feat/GrayordinatesStats/cope20.feat/zstat1.dtseries.nii","506234","MNINonLinear//Results/tfMRI_WM/tfMRI_WM_hp200_s2_level2.feat/GrayordinatesStats/cope20.feat/zstat1.dtseries.nii","yJ5s8gM_a1BcPwr5N7H0Nehv3ZZgbAzQ"
"s3://hcp-openaccess/HCP_1200/506234/MNINonLinear/Results/tfMRI_WM/tfMRI_WM_hp200_s2_level2.feat/GrayordinatesStats/cope21.feat/cope1.dtseries.nii","506234","MNINonLinear//Results/tfMRI_WM/tfMRI_WM_hp200_s2_level2.feat/GrayordinatesStats/cope21.feat/cope1.dtseries.nii","_fZizk.TYqnC6U714fLn6TzH5bTa4KbB"
"s3://hcp-openaccess/HCP_1200/506234/MNINonLinear/Results/tfMRI_WM/tfMRI_WM_hp200_s2_level2.feat/GrayordinatesStats/cope21.feat/logfile","506234","MNINonLinear//Results/tfMRI_WM/tfMRI_WM_hp200_s2_level2.feat/GrayordinatesStats/cope21.feat/logfile","U2sQe0n6iPKBl5L83yGpAlqepxKHUMQ6"
"s3://hcp-openaccess/HCP_1200/506234/MNINonLinear/Results/tfMRI_WM/tfMRI_WM_hp200_s2_level2.feat/GrayordinatesStats/cope21.feat/mask.dtseries.nii","506234","MNINonLinear//Results/tfMRI_WM/tfMRI_WM_hp200_s2_level2.feat/GrayordinatesStats/cope21.feat/mask.dtseries.nii","0BlGjxdbstHAhBzR7nWcBsTP0A.fQPIw"
"s3://hcp-openaccess/HCP_1200/506234/MNINonLinear/Results/tfMRI_WM/tfMRI_WM_hp200_s2_level2.feat/GrayordinatesStats/cope21.feat/mean_random_effects_var1.dtseries.nii","506234","MNINonLinear//Results/tfMRI_WM/tfMRI_WM_hp200_s2_level2.feat/GrayordinatesStats/cope21.feat/mean_random_effects_var1.dtseries.nii","Ju0pQekWhph_2iBZ9MQhH.KWEn978kKX"
"s3://hcp-openaccess/HCP_1200/506234/MNINonLinear/Results/tfMRI_WM/tfMRI_WM_hp200_s2_level2.feat/GrayordinatesStats/cope21.feat/pe1.dtseries.nii","506234","MNINonLinear//Results/tfMRI_WM/tfMRI_WM_hp200_s2_level2.feat/GrayordinatesStats/cope21.feat/pe1.dtseries.nii","DqzLeFDD.pTrPojf15rWm.ucHFlfZpwb"
"s3://hcp-openaccess/HCP_1200/506234/MNINonLinear/Results/tfMRI_WM/tfMRI_WM_hp200_s2_level2.feat/GrayordinatesStats/cope21.feat/res4d.dtseries.nii","506234","MNINonLinear//Results/tfMRI_WM/tfMRI_WM_hp200_s2_level2.feat/GrayordinatesStats/cope21.feat/res4d.dtseries.nii","k9dVHFDaTabVQi.IjHY5T_RoLHjVBwRn"
"s3://hcp-openaccess/HCP_1200/506234/MNINonLinear/Results/tfMRI_WM/tfMRI_WM_hp200_s2_level2.feat/GrayordinatesStats/cope21.feat/tdof_t1.dtseries.nii","506234","MNINonLinear//Results/tfMRI_WM/tfMRI_WM_hp200_s2_level2.feat/GrayordinatesStats/cope21.feat/tdof_t1.dtseries.nii","zK5oUU3o14mQFTaP4D6kWMpvyI0lzIaA"
"s3://hcp-openaccess/HCP_1200/506234/MNINonLinear/Results/tfMRI_WM/tfMRI_WM_hp200_s2_level2.feat/GrayordinatesStats/cope21.feat/tstat1.dtseries.nii","506234","MNINonLinear//Results/tfMRI_WM/tfMRI_WM_hp200_s2_level2.feat/GrayordinatesStats/cope21.feat/tstat1.dtseries.nii","Cgd1t7jsWOBKCF4AkwjnujyREuEJ3oAc"
"s3://hcp-openaccess/HCP_1200/506234/MNINonLinear/Results/tfMRI_WM/tfMRI_WM_hp200_s2_level2.feat/GrayordinatesStats/cope21.feat/varcope1.dtseries.nii","506234","MNINonLinear//Results/tfMRI_WM/tfMRI_WM_hp200_s2_level2.feat/GrayordinatesStats/cope21.feat/varcope1.dtseries.nii","rdDthjRRgwREymkweJvmQZmDyRITRz3k"
"s3://hcp-openaccess/HCP_1200/506234/MNINonLinear/Results/tfMRI_WM/tfMRI_WM_hp200_s2_level2.feat/GrayordinatesStats/cope21.feat/weights1.dtseries.nii","506234","MNINonLinear//Results/tfMRI_WM/tfMRI_WM_hp200_s2_level2.feat/GrayordinatesStats/cope21.feat/weights1.dtseries.nii","BoBD0IYYoDyyaIygxZOPEu5azoyPN5.r"
"s3://hcp-openaccess/HCP_1200/506234/MNINonLinear/Results/tfMRI_WM/tfMRI_WM_hp200_s2_level2.feat/GrayordinatesStats/cope21.feat/zflame1lowertstat1.dtseries.nii","506234","MNINonLinear//Results/tfMRI_WM/tfMRI_WM_hp200_s2_level2.feat/GrayordinatesStats/cope21.feat/zflame1lowertstat1.dtseries.nii","NPfmsQeuY5nPmJEYBldDsUtjvfRJpZDq"
"s3://hcp-openaccess/HCP_1200/506234/MNINonLinear/Results/tfMRI_WM/tfMRI_WM_hp200_s2_level2.feat/GrayordinatesStats/cope21.feat/zflame1uppertstat1.dtseries.nii","506234","MNINonLinear//Results/tfMRI_WM/tfMRI_WM_hp200_s2_level2.feat/GrayordinatesStats/cope21.feat/zflame1uppertstat1.dtseries.nii","rbdCMxCXJiCpzTxk_t_qvMoQ52BdD4Az"
"s3://hcp-openaccess/HCP_1200/506234/MNINonLinear/Results/tfMRI_WM/tfMRI_WM_hp200_s2_level2.feat/GrayordinatesStats/cope21.feat/zstat1.dtseries.nii","506234","MNINonLinear//Results/tfMRI_WM/tfMRI_WM_hp200_s2_level2.feat/GrayordinatesStats/cope21.feat/zstat1.dtseries.nii","ZgxzikbWVxUXeTHP6jpHmkz16f5BYzUg"
"s3://hcp-openaccess/HCP_1200/506234/MNINonLinear/Results/tfMRI_WM/tfMRI_WM_hp200_s2_level2.feat/GrayordinatesStats/cope22.feat/cope1.dtseries.nii","506234","MNINonLinear//Results/tfMRI_WM/tfMRI_WM_hp200_s2_level2.feat/GrayordinatesStats/cope22.feat/cope1.dtseries.nii","frMYVUcrw6s.rx5F4kOy4jtXH57vFdbL"
"s3://hcp-openaccess/HCP_1200/506234/MNINonLinear/Results/tfMRI_WM/tfMRI_WM_hp200_s2_level2.feat/GrayordinatesStats/cope22.feat/logfile","506234","MNINonLinear//Results/tfMRI_WM/tfMRI_WM_hp200_s2_level2.feat/GrayordinatesStats/cope22.feat/logfile","KiU3Vcjt6ptMdaZ_xhxJhZEoUj5PvfBc"
"s3://hcp-openaccess/HCP_1200/506234/MNINonLinear/Results/tfMRI_WM/tfMRI_WM_hp200_s2_level2.feat/GrayordinatesStats/cope22.feat/mask.dtseries.nii","506234","MNINonLinear//Results/tfMRI_WM/tfMRI_WM_hp200_s2_level2.feat/GrayordinatesStats/cope22.feat/mask.dtseries.nii","srzRwSUdn.V3uphg519OpT9sJJEIXMfa"
"s3://hcp-openaccess/HCP_1200/506234/MNINonLinear/Results/tfMRI_WM/tfMRI_WM_hp200_s2_level2.feat/GrayordinatesStats/cope22.feat/mean_random_effects_var1.dtseries.nii","506234","MNINonLinear//Results/tfMRI_WM/tfMRI_WM_hp200_s2_level2.feat/GrayordinatesStats/cope22.feat/mean_random_effects_var1.dtseries.nii","tjbvflTzCHv4Xwibft5SrcLQSwve7V0G"
"s3://hcp-openaccess/HCP_1200/506234/MNINonLinear/Results/tfMRI_WM/tfMRI_WM_hp200_s2_level2.feat/GrayordinatesStats/cope22.feat/pe1.dtseries.nii","506234","MNINonLinear//Results/tfMRI_WM/tfMRI_WM_hp200_s2_level2.feat/GrayordinatesStats/cope22.feat/pe1.dtseries.nii","Zo7Fd4rkEHedcyAZncaqB1pnwsauZnkF"
"s3://hcp-openaccess/HCP_1200/506234/MNINonLinear/Results/tfMRI_WM/tfMRI_WM_hp200_s2_level2.feat/GrayordinatesStats/cope22.feat/res4d.dtseries.nii","506234","MNINonLinear//Results/tfMRI_WM/tfMRI_WM_hp200_s2_level2.feat/GrayordinatesStats/cope22.feat/res4d.dtseries.nii","81KP34rzCoGu1avB2P3bC4.9cW56NZ0w"
"s3://hcp-openaccess/HCP_1200/506234/MNINonLinear/Results/tfMRI_WM/tfMRI_WM_hp200_s2_level2.feat/GrayordinatesStats/cope22.feat/tdof_t1.dtseries.nii","506234","MNINonLinear//Results/tfMRI_WM/tfMRI_WM_hp200_s2_level2.feat/GrayordinatesStats/cope22.feat/tdof_t1.dtseries.nii","wtngbZmptj8B_tCCEyD2FhNSl4slVaCD"
"s3://hcp-openaccess/HCP_1200/506234/MNINonLinear/Results/tfMRI_WM/tfMRI_WM_hp200_s2_level2.feat/GrayordinatesStats/cope22.feat/tstat1.dtseries.nii","506234","MNINonLinear//Results/tfMRI_WM/tfMRI_WM_hp200_s2_level2.feat/GrayordinatesStats/cope22.feat/tstat1.dtseries.nii","t0VDuSsuU9jbsV333RWTyzX3vaFCRB7G"
"s3://hcp-openaccess/HCP_1200/506234/MNINonLinear/Results/tfMRI_WM/tfMRI_WM_hp200_s2_level2.feat/GrayordinatesStats/cope22.feat/varcope1.dtseries.nii","506234","MNINonLinear//Results/tfMRI_WM/tfMRI_WM_hp200_s2_level2.feat/GrayordinatesStats/cope22.feat/varcope1.dtseries.nii","YyfoPkXjd.SQqBaUwgb2WxLlvbXzhOXX"
"s3://hcp-openaccess/HCP_1200/506234/MNINonLinear/Results/tfMRI_WM/tfMRI_WM_hp200_s2_level2.feat/GrayordinatesStats/cope22.feat/weights1.dtseries.nii","506234","MNINonLinear//Results/tfMRI_WM/tfMRI_WM_hp200_s2_level2.feat/GrayordinatesStats/cope22.feat/weights1.dtseries.nii","IEUvRE4HgLmIrIlyFkkhEabPw.GVZrOP"
"s3://hcp-openaccess/HCP_1200/506234/MNINonLinear/Results/tfMRI_WM/tfMRI_WM_hp200_s2_level2.feat/GrayordinatesStats/cope22.feat/zflame1lowertstat1.dtseries.nii","506234","MNINonLinear//Results/tfMRI_WM/tfMRI_WM_hp200_s2_level2.feat/GrayordinatesStats/cope22.feat/zflame1lowertstat1.dtseries.nii","3oFPo14J6sihstZAnqajqR36GpQNJWyI"
"s3://hcp-openaccess/HCP_1200/506234/MNINonLinear/Results/tfMRI_WM/tfMRI_WM_hp200_s2_level2.feat/GrayordinatesStats/cope22.feat/zflame1uppertstat1.dtseries.nii","506234","MNINonLinear//Results/tfMRI_WM/tfMRI_WM_hp200_s2_level2.feat/GrayordinatesStats/cope22.feat/zflame1uppertstat1.dtseries.nii","4Z1xSW4Dm4PEvfAJPWFV4kdZ_R53iksf"
"s3://hcp-openaccess/HCP_1200/506234/MNINonLinear/Results/tfMRI_WM/tfMRI_WM_hp200_s2_level2.feat/GrayordinatesStats/cope22.feat/zstat1.dtseries.nii","506234","MNINonLinear//Results/tfMRI_WM/tfMRI_WM_hp200_s2_level2.feat/GrayordinatesStats/cope22.feat/zstat1.dtseries.nii","jtsW_rOZqEWUfFBzdudSKLuZwDaQ2HI8"
"s3://hcp-openaccess/HCP_1200/506234/MNINonLinear/Results/tfMRI_WM/tfMRI_WM_hp200_s2_level2.feat/GrayordinatesStats/cope23.feat/cope1.dtseries.nii","506234","MNINonLinear//Results/tfMRI_WM/tfMRI_WM_hp200_s2_level2.feat/GrayordinatesStats/cope23.feat/cope1.dtseries.nii","qWI8EiioMi5PDgA8JC8CH01GKJkxHi4S"
"s3://hcp-openaccess/HCP_1200/506234/MNINonLinear/Results/tfMRI_WM/tfMRI_WM_hp200_s2_level2.feat/GrayordinatesStats/cope23.feat/logfile","506234","MNINonLinear//Results/tfMRI_WM/tfMRI_WM_hp200_s2_level2.feat/GrayordinatesStats/cope23.feat/logfile","3xxSAjaxFmb3o33SPvo9lt_y.YDe2OKS"
"s3://hcp-openaccess/HCP_1200/506234/MNINonLinear/Results/tfMRI_WM/tfMRI_WM_hp200_s2_level2.feat/GrayordinatesStats/cope23.feat/mask.dtseries.nii","506234","MNINonLinear//Results/tfMRI_WM/tfMRI_WM_hp200_s2_level2.feat/GrayordinatesStats/cope23.feat/mask.dtseries.nii","USDVyo1lA3hqlMbpO07EyVJTVo1tIBq1"
"s3://hcp-openaccess/HCP_1200/506234/MNINonLinear/Results/tfMRI_WM/tfMRI_WM_hp200_s2_level2.feat/GrayordinatesStats/cope23.feat/mean_random_effects_var1.dtseries.nii","506234","MNINonLinear//Results/tfMRI_WM/tfMRI_WM_hp200_s2_level2.feat/GrayordinatesStats/cope23.feat/mean_random_effects_var1.dtseries.nii","p0ORWe1y1E954HsptsszYNwrfcAFoxQS"
"s3://hcp-openaccess/HCP_1200/506234/MNINonLinear/Results/tfMRI_WM/tfMRI_WM_hp200_s2_level2.feat/GrayordinatesStats/cope23.feat/pe1.dtseries.nii","506234","MNINonLinear//Results/tfMRI_WM/tfMRI_WM_hp200_s2_level2.feat/GrayordinatesStats/cope23.feat/pe1.dtseries.nii","A9B7014CNrU5XBJtW089n2rsXqL3MUPx"
"s3://hcp-openaccess/HCP_1200/506234/MNINonLinear/Results/tfMRI_WM/tfMRI_WM_hp200_s2_level2.feat/GrayordinatesStats/cope23.feat/res4d.dtseries.nii","506234","MNINonLinear//Results/tfMRI_WM/tfMRI_WM_hp200_s2_level2.feat/GrayordinatesStats/cope23.feat/res4d.dtseries.nii","z9G.x2ngwyKVbZwAB7GNiLrJaAovRHL6"
"s3://hcp-openaccess/HCP_1200/506234/MNINonLinear/Results/tfMRI_WM/tfMRI_WM_hp200_s2_level2.feat/GrayordinatesStats/cope23.feat/tdof_t1.dtseries.nii","506234","MNINonLinear//Results/tfMRI_WM/tfMRI_WM_hp200_s2_level2.feat/GrayordinatesStats/cope23.feat/tdof_t1.dtseries.nii","4XBy3AQkhW6IPtfoLHqHcRqTx216200n"
"s3://hcp-openaccess/HCP_1200/506234/MNINonLinear/Results/tfMRI_WM/tfMRI_WM_hp200_s2_level2.feat/GrayordinatesStats/cope23.feat/tstat1.dtseries.nii","506234","MNINonLinear//Results/tfMRI_WM/tfMRI_WM_hp200_s2_level2.feat/GrayordinatesStats/cope23.feat/tstat1.dtseries.nii","KWJQod2NC1i7YM0qfiIs5LpbnxjINv_z"
"s3://hcp-openaccess/HCP_1200/506234/MNINonLinear/Results/tfMRI_WM/tfMRI_WM_hp200_s2_level2.feat/GrayordinatesStats/cope23.feat/varcope1.dtseries.nii","506234","MNINonLinear//Results/tfMRI_WM/tfMRI_WM_hp200_s2_level2.feat/GrayordinatesStats/cope23.feat/varcope1.dtseries.nii","u8gOq2p_6tfIM6Je7AbWDkHD4672IvP9"
"s3://hcp-openaccess/HCP_1200/506234/MNINonLinear/Results/tfMRI_WM/tfMRI_WM_hp200_s2_level2.feat/GrayordinatesStats/cope23.feat/weights1.dtseries.nii","506234","MNINonLinear//Results/tfMRI_WM/tfMRI_WM_hp200_s2_level2.feat/GrayordinatesStats/cope23.feat/weights1.dtseries.nii","dgG2WLStadsK1xy9P9RKCPHOPg7Himdf"
"s3://hcp-openaccess/HCP_1200/506234/MNINonLinear/Results/tfMRI_WM/tfMRI_WM_hp200_s2_level2.feat/GrayordinatesStats/cope23.feat/zflame1lowertstat1.dtseries.nii","506234","MNINonLinear//Results/tfMRI_WM/tfMRI_WM_hp200_s2_level2.feat/GrayordinatesStats/cope23.feat/zflame1lowertstat1.dtseries.nii","C8RXsRgFeFxL5vO4tDWjTMulxczBHSiN"
"s3://hcp-openaccess/HCP_1200/506234/MNINonLinear/Results/tfMRI_WM/tfMRI_WM_hp200_s2_level2.feat/GrayordinatesStats/cope23.feat/zflame1uppertstat1.dtseries.nii","506234","MNINonLinear//Results/tfMRI_WM/tfMRI_WM_hp200_s2_level2.feat/GrayordinatesStats/cope23.feat/zflame1uppertstat1.dtseries.nii","nsrjjyaEA.CIoPYl9uc1CSyeJCWV5YHn"
"s3://hcp-openaccess/HCP_1200/506234/MNINonLinear/Results/tfMRI_WM/tfMRI_WM_hp200_s2_level2.feat/GrayordinatesStats/cope23.feat/zstat1.dtseries.nii","506234","MNINonLinear//Results/tfMRI_WM/tfMRI_WM_hp200_s2_level2.feat/GrayordinatesStats/cope23.feat/zstat1.dtseries.nii","l_ld8X7lcJLcs.oWuJClwDGSLE2yZTjZ"
"s3://hcp-openaccess/HCP_1200/506234/MNINonLinear/Results/tfMRI_WM/tfMRI_WM_hp200_s2_level2.feat/GrayordinatesStats/cope24.feat/cope1.dtseries.nii","506234","MNINonLinear//Results/tfMRI_WM/tfMRI_WM_hp200_s2_level2.feat/GrayordinatesStats/cope24.feat/cope1.dtseries.nii","EP4sOd1XlsYJ2lE9oJmsO5a57rtvASUh"
"s3://hcp-openaccess/HCP_1200/506234/MNINonLinear/Results/tfMRI_WM/tfMRI_WM_hp200_s2_level2.feat/GrayordinatesStats/cope24.feat/logfile","506234","MNINonLinear//Results/tfMRI_WM/tfMRI_WM_hp200_s2_level2.feat/GrayordinatesStats/cope24.feat/logfile","z94pYAZwquzTbATGZvKRu74NS4lt1nck"
"s3://hcp-openaccess/HCP_1200/506234/MNINonLinear/Results/tfMRI_WM/tfMRI_WM_hp200_s2_level2.feat/GrayordinatesStats/cope24.feat/mask.dtseries.nii","506234","MNINonLinear//Results/tfMRI_WM/tfMRI_WM_hp200_s2_level2.feat/GrayordinatesStats/cope24.feat/mask.dtseries.nii","RNDiKailb1YVLDI0kOw2zYan7wzwWlbh"
"s3://hcp-openaccess/HCP_1200/506234/MNINonLinear/Results/tfMRI_WM/tfMRI_WM_hp200_s2_level2.feat/GrayordinatesStats/cope24.feat/mean_random_effects_var1.dtseries.nii","506234","MNINonLinear//Results/tfMRI_WM/tfMRI_WM_hp200_s2_level2.feat/GrayordinatesStats/cope24.feat/mean_random_effects_var1.dtseries.nii","Hlb43Wi6ggHsR_wyDwGFfsU4qzTDav8C"
"s3://hcp-openaccess/HCP_1200/506234/MNINonLinear/Results/tfMRI_WM/tfMRI_WM_hp200_s2_level2.feat/GrayordinatesStats/cope24.feat/pe1.dtseries.nii","506234","MNINonLinear//Results/tfMRI_WM/tfMRI_WM_hp200_s2_level2.feat/GrayordinatesStats/cope24.feat/pe1.dtseries.nii","Le9tJ5mWerlsXmNkFf9rCayBryLqJKde"
"s3://hcp-openaccess/HCP_1200/506234/MNINonLinear/Results/tfMRI_WM/tfMRI_WM_hp200_s2_level2.feat/GrayordinatesStats/cope24.feat/res4d.dtseries.nii","506234","MNINonLinear//Results/tfMRI_WM/tfMRI_WM_hp200_s2_level2.feat/GrayordinatesStats/cope24.feat/res4d.dtseries.nii","PvXd.PJc9dqIgrv63Q_6TaeVuWU1TlOd"
"s3://hcp-openaccess/HCP_1200/506234/MNINonLinear/Results/tfMRI_WM/tfMRI_WM_hp200_s2_level2.feat/GrayordinatesStats/cope24.feat/tdof_t1.dtseries.nii","506234","MNINonLinear//Results/tfMRI_WM/tfMRI_WM_hp200_s2_level2.feat/GrayordinatesStats/cope24.feat/tdof_t1.dtseries.nii","hOUp07MxykLpro7Rd.rfci2HGvCMfca3"
"s3://hcp-openaccess/HCP_1200/506234/MNINonLinear/Results/tfMRI_WM/tfMRI_WM_hp200_s2_level2.feat/GrayordinatesStats/cope24.feat/tstat1.dtseries.nii","506234","MNINonLinear//Results/tfMRI_WM/tfMRI_WM_hp200_s2_level2.feat/GrayordinatesStats/cope24.feat/tstat1.dtseries.nii","u4uAbWsJ5oKlqhf1Ov8_5b3wCXI1LSr9"
"s3://hcp-openaccess/HCP_1200/506234/MNINonLinear/Results/tfMRI_WM/tfMRI_WM_hp200_s2_level2.feat/GrayordinatesStats/cope24.feat/varcope1.dtseries.nii","506234","MNINonLinear//Results/tfMRI_WM/tfMRI_WM_hp200_s2_level2.feat/GrayordinatesStats/cope24.feat/varcope1.dtseries.nii","_0U7om4NVib2vAEMktPIyghOtMjZI7Bd"
"s3://hcp-openaccess/HCP_1200/506234/MNINonLinear/Results/tfMRI_WM/tfMRI_WM_hp200_s2_level2.feat/GrayordinatesStats/cope24.feat/weights1.dtseries.nii","506234","MNINonLinear//Results/tfMRI_WM/tfMRI_WM_hp200_s2_level2.feat/GrayordinatesStats/cope24.feat/weights1.dtseries.nii","LZh3wK7kA2njONu7bzl7KWDWAScmys_B"
"s3://hcp-openaccess/HCP_1200/506234/MNINonLinear/Results/tfMRI_WM/tfMRI_WM_hp200_s2_level2.feat/GrayordinatesStats/cope24.feat/zflame1lowertstat1.dtseries.nii","506234","MNINonLinear//Results/tfMRI_WM/tfMRI_WM_hp200_s2_level2.feat/GrayordinatesStats/cope24.feat/zflame1lowertstat1.dtseries.nii","dfmcEI2_TfVhGOedJpDe0tSydWtwtm0m"
"s3://hcp-openaccess/HCP_1200/506234/MNINonLinear/Results/tfMRI_WM/tfMRI_WM_hp200_s2_level2.feat/GrayordinatesStats/cope24.feat/zflame1uppertstat1.dtseries.nii","506234","MNINonLinear//Results/tfMRI_WM/tfMRI_WM_hp200_s2_level2.feat/GrayordinatesStats/cope24.feat/zflame1uppertstat1.dtseries.nii","wfUtLKmEvrRNlaQi2I1X7jZgzweI4lZW"
"s3://hcp-openaccess/HCP_1200/506234/MNINonLinear/Results/tfMRI_WM/tfMRI_WM_hp200_s2_level2.feat/GrayordinatesStats/cope24.feat/zstat1.dtseries.nii","506234","MNINonLinear//Results/tfMRI_WM/tfMRI_WM_hp200_s2_level2.feat/GrayordinatesStats/cope24.feat/zstat1.dtseries.nii","AjgxpQZUNfNb8ZdJaENuQUYYj1_8teYf"
"s3://hcp-openaccess/HCP_1200/506234/MNINonLinear/Results/tfMRI_WM/tfMRI_WM_hp200_s2_level2.feat/GrayordinatesStats/cope25.feat/cope1.dtseries.nii","506234","MNINonLinear//Results/tfMRI_WM/tfMRI_WM_hp200_s2_level2.feat/GrayordinatesStats/cope25.feat/cope1.dtseries.nii","OYqSBU4QaS9dQt7KTwmVVk1VS6CZTFFc"
"s3://hcp-openaccess/HCP_1200/506234/MNINonLinear/Results/tfMRI_WM/tfMRI_WM_hp200_s2_level2.feat/GrayordinatesStats/cope25.feat/logfile","506234","MNINonLinear//Results/tfMRI_WM/tfMRI_WM_hp200_s2_level2.feat/GrayordinatesStats/cope25.feat/logfile","qVkUXI8Zm5M_y3ilmEAYVCBPY3XA1BjF"
"s3://hcp-openaccess/HCP_1200/506234/MNINonLinear/Results/tfMRI_WM/tfMRI_WM_hp200_s2_level2.feat/GrayordinatesStats/cope25.feat/mask.dtseries.nii","506234","MNINonLinear//Results/tfMRI_WM/tfMRI_WM_hp200_s2_level2.feat/GrayordinatesStats/cope25.feat/mask.dtseries.nii","qaWx5irjThlk.J6hvoVcObLP7qn2gNea"
"s3://hcp-openaccess/HCP_1200/506234/MNINonLinear/Results/tfMRI_WM/tfMRI_WM_hp200_s2_level2.feat/GrayordinatesStats/cope25.feat/mean_random_effects_var1.dtseries.nii","506234","MNINonLinear//Results/tfMRI_WM/tfMRI_WM_hp200_s2_level2.feat/GrayordinatesStats/cope25.feat/mean_random_effects_var1.dtseries.nii","dEwEZfSQz.a9ULYcZ0qIlx3VIsaurNcw"
"s3://hcp-openaccess/HCP_1200/506234/MNINonLinear/Results/tfMRI_WM/tfMRI_WM_hp200_s2_level2.feat/GrayordinatesStats/cope25.feat/pe1.dtseries.nii","506234","MNINonLinear//Results/tfMRI_WM/tfMRI_WM_hp200_s2_level2.feat/GrayordinatesStats/cope25.feat/pe1.dtseries.nii","X9DY8Fb3v8QQ0nclCytZhrzx_xG5hacg"
"s3://hcp-openaccess/HCP_1200/506234/MNINonLinear/Results/tfMRI_WM/tfMRI_WM_hp200_s2_level2.feat/GrayordinatesStats/cope25.feat/res4d.dtseries.nii","506234","MNINonLinear//Results/tfMRI_WM/tfMRI_WM_hp200_s2_level2.feat/GrayordinatesStats/cope25.feat/res4d.dtseries.nii","DKsER0.aQeY3w3n2q8OieGdcgi5gvREf"
"s3://hcp-openaccess/HCP_1200/506234/MNINonLinear/Results/tfMRI_WM/tfMRI_WM_hp200_s2_level2.feat/GrayordinatesStats/cope25.feat/tdof_t1.dtseries.nii","506234","MNINonLinear//Results/tfMRI_WM/tfMRI_WM_hp200_s2_level2.feat/GrayordinatesStats/cope25.feat/tdof_t1.dtseries.nii","5kHyi3nkuDqElvhf4NofWggorBQNL.9b"
"s3://hcp-openaccess/HCP_1200/506234/MNINonLinear/Results/tfMRI_WM/tfMRI_WM_hp200_s2_level2.feat/GrayordinatesStats/cope25.feat/tstat1.dtseries.nii","506234","MNINonLinear//Results/tfMRI_WM/tfMRI_WM_hp200_s2_level2.feat/GrayordinatesStats/cope25.feat/tstat1.dtseries.nii","pE9g3nzj.DN2EqfKCPAm7ysxjAkz1cf2"
"s3://hcp-openaccess/HCP_1200/506234/MNINonLinear/Results/tfMRI_WM/tfMRI_WM_hp200_s2_level2.feat/GrayordinatesStats/cope25.feat/varcope1.dtseries.nii","506234","MNINonLinear//Results/tfMRI_WM/tfMRI_WM_hp200_s2_level2.feat/GrayordinatesStats/cope25.feat/varcope1.dtseries.nii","MT02MLP6rlRSmT.n3VSKDBR9bw8C6mnq"
"s3://hcp-openaccess/HCP_1200/506234/MNINonLinear/Results/tfMRI_WM/tfMRI_WM_hp200_s2_level2.feat/GrayordinatesStats/cope25.feat/weights1.dtseries.nii","506234","MNINonLinear//Results/tfMRI_WM/tfMRI_WM_hp200_s2_level2.feat/GrayordinatesStats/cope25.feat/weights1.dtseries.nii","u9BIJA4bFukoe1w9CPo7.DINV11oLwuP"
"s3://hcp-openaccess/HCP_1200/506234/MNINonLinear/Results/tfMRI_WM/tfMRI_WM_hp200_s2_level2.feat/GrayordinatesStats/cope25.feat/zflame1lowertstat1.dtseries.nii","506234","MNINonLinear//Results/tfMRI_WM/tfMRI_WM_hp200_s2_level2.feat/GrayordinatesStats/cope25.feat/zflame1lowertstat1.dtseries.nii","WMbM8SSuaeHd6fPrbp539Vgy55NjWIAN"
"s3://hcp-openaccess/HCP_1200/506234/MNINonLinear/Results/tfMRI_WM/tfMRI_WM_hp200_s2_level2.feat/GrayordinatesStats/cope25.feat/zflame1uppertstat1.dtseries.nii","506234","MNINonLinear//Results/tfMRI_WM/tfMRI_WM_hp200_s2_level2.feat/GrayordinatesStats/cope25.feat/zflame1uppertstat1.dtseries.nii","MgbISx8SFAwHQTlR2zmxIo5Zg4.lDdVL"
"s3://hcp-openaccess/HCP_1200/506234/MNINonLinear/Results/tfMRI_WM/tfMRI_WM_hp200_s2_level2.feat/GrayordinatesStats/cope25.feat/zstat1.dtseries.nii","506234","MNINonLinear//Results/tfMRI_WM/tfMRI_WM_hp200_s2_level2.feat/GrayordinatesStats/cope25.feat/zstat1.dtseries.nii","lzgIHng1fnl1msIh1RTI1dG4S0ZuFp1T"
"s3://hcp-openaccess/HCP_1200/506234/MNINonLinear/Results/tfMRI_WM/tfMRI_WM_hp200_s2_level2.feat/GrayordinatesStats/cope26.feat/cope1.dtseries.nii","506234","MNINonLinear//Results/tfMRI_WM/tfMRI_WM_hp200_s2_level2.feat/GrayordinatesStats/cope26.feat/cope1.dtseries.nii","nHnCKJ.3JXljj1eYhbO0gSwHW4lTbHPh"
"s3://hcp-openaccess/HCP_1200/506234/MNINonLinear/Results/tfMRI_WM/tfMRI_WM_hp200_s2_level2.feat/GrayordinatesStats/cope26.feat/logfile","506234","MNINonLinear//Results/tfMRI_WM/tfMRI_WM_hp200_s2_level2.feat/GrayordinatesStats/cope26.feat/logfile","t7a5JxFcALr.8K30yI831VyfeuqbvyEj"
"s3://hcp-openaccess/HCP_1200/506234/MNINonLinear/Results/tfMRI_WM/tfMRI_WM_hp200_s2_level2.feat/GrayordinatesStats/cope26.feat/mask.dtseries.nii","506234","MNINonLinear//Results/tfMRI_WM/tfMRI_WM_hp200_s2_level2.feat/GrayordinatesStats/cope26.feat/mask.dtseries.nii","qcLpttKlggR._5h_qNio1xD.8i323vlV"
"s3://hcp-openaccess/HCP_1200/506234/MNINonLinear/Results/tfMRI_WM/tfMRI_WM_hp200_s2_level2.feat/GrayordinatesStats/cope26.feat/mean_random_effects_var1.dtseries.nii","506234","MNINonLinear//Results/tfMRI_WM/tfMRI_WM_hp200_s2_level2.feat/GrayordinatesStats/cope26.feat/mean_random_effects_var1.dtseries.nii","qml_W_vJCzUCgBFDKoFu2OlLwmmo31jw"
"s3://hcp-openaccess/HCP_1200/506234/MNINonLinear/Results/tfMRI_WM/tfMRI_WM_hp200_s2_level2.feat/GrayordinatesStats/cope26.feat/pe1.dtseries.nii","506234","MNINonLinear//Results/tfMRI_WM/tfMRI_WM_hp200_s2_level2.feat/GrayordinatesStats/cope26.feat/pe1.dtseries.nii","0JzwbdM25RvtWebmq3lYnsEvNZqQ1KtD"
"s3://hcp-openaccess/HCP_1200/506234/MNINonLinear/Results/tfMRI_WM/tfMRI_WM_hp200_s2_level2.feat/GrayordinatesStats/cope26.feat/res4d.dtseries.nii","506234","MNINonLinear//Results/tfMRI_WM/tfMRI_WM_hp200_s2_level2.feat/GrayordinatesStats/cope26.feat/res4d.dtseries.nii","YTnYxXlLip5itBlSgC.evVMRL2qPogCu"
"s3://hcp-openaccess/HCP_1200/506234/MNINonLinear/Results/tfMRI_WM/tfMRI_WM_hp200_s2_level2.feat/GrayordinatesStats/cope26.feat/tdof_t1.dtseries.nii","506234","MNINonLinear//Results/tfMRI_WM/tfMRI_WM_hp200_s2_level2.feat/GrayordinatesStats/cope26.feat/tdof_t1.dtseries.nii","v1Cu_gW.xrjnqMPkfIGrKJClIm3OD6q."
"s3://hcp-openaccess/HCP_1200/506234/MNINonLinear/Results/tfMRI_WM/tfMRI_WM_hp200_s2_level2.feat/GrayordinatesStats/cope26.feat/tstat1.dtseries.nii","506234","MNINonLinear//Results/tfMRI_WM/tfMRI_WM_hp200_s2_level2.feat/GrayordinatesStats/cope26.feat/tstat1.dtseries.nii","AmmVhdt8hFiKtX6WaEI_WOD5wTqlEb_e"
"s3://hcp-openaccess/HCP_1200/506234/MNINonLinear/Results/tfMRI_WM/tfMRI_WM_hp200_s2_level2.feat/GrayordinatesStats/cope26.feat/varcope1.dtseries.nii","506234","MNINonLinear//Results/tfMRI_WM/tfMRI_WM_hp200_s2_level2.feat/GrayordinatesStats/cope26.feat/varcope1.dtseries.nii","2aHnWSqaUU3yV.HbpluxFBLKp5IFBLAV"
"s3://hcp-openaccess/HCP_1200/506234/MNINonLinear/Results/tfMRI_WM/tfMRI_WM_hp200_s2_level2.feat/GrayordinatesStats/cope26.feat/weights1.dtseries.nii","506234","MNINonLinear//Results/tfMRI_WM/tfMRI_WM_hp200_s2_level2.feat/GrayordinatesStats/cope26.feat/weights1.dtseries.nii","i6A84wl8oAW4Ag1I24YM0xiy_22SGeY4"
"s3://hcp-openaccess/HCP_1200/506234/MNINonLinear/Results/tfMRI_WM/tfMRI_WM_hp200_s2_level2.feat/GrayordinatesStats/cope26.feat/zflame1lowertstat1.dtseries.nii","506234","MNINonLinear//Results/tfMRI_WM/tfMRI_WM_hp200_s2_level2.feat/GrayordinatesStats/cope26.feat/zflame1lowertstat1.dtseries.nii","aWLkzTuzyKF3pAVIOAG8PVkZCUFRmy6m"
"s3://hcp-openaccess/HCP_1200/506234/MNINonLinear/Results/tfMRI_WM/tfMRI_WM_hp200_s2_level2.feat/GrayordinatesStats/cope26.feat/zflame1uppertstat1.dtseries.nii","506234","MNINonLinear//Results/tfMRI_WM/tfMRI_WM_hp200_s2_level2.feat/GrayordinatesStats/cope26.feat/zflame1uppertstat1.dtseries.nii","X_ej4Xopq2.EUvJZaxT_uoPq8xrYlPOO"
"s3://hcp-openaccess/HCP_1200/506234/MNINonLinear/Results/tfMRI_WM/tfMRI_WM_hp200_s2_level2.feat/GrayordinatesStats/cope26.feat/zstat1.dtseries.nii","506234","MNINonLinear//Results/tfMRI_WM/tfMRI_WM_hp200_s2_level2.feat/GrayordinatesStats/cope26.feat/zstat1.dtseries.nii",".xWkSYAYC4g49DdMMag7h.nqr79G2ulg"
"s3://hcp-openaccess/HCP_1200/506234/MNINonLinear/Results/tfMRI_WM/tfMRI_WM_hp200_s2_level2.feat/GrayordinatesStats/cope27.feat/cope1.dtseries.nii","506234","MNINonLinear//Results/tfMRI_WM/tfMRI_WM_hp200_s2_level2.feat/GrayordinatesStats/cope27.feat/cope1.dtseries.nii","tgQssD3s9FwLvSIFe2ungBHbbxxWIEp6"
"s3://hcp-openaccess/HCP_1200/506234/MNINonLinear/Results/tfMRI_WM/tfMRI_WM_hp200_s2_level2.feat/GrayordinatesStats/cope27.feat/logfile","506234","MNINonLinear//Results/tfMRI_WM/tfMRI_WM_hp200_s2_level2.feat/GrayordinatesStats/cope27.feat/logfile","p0QzzxUnlyp4YUPfgZihZEK33LON4ulx"
"s3://hcp-openaccess/HCP_1200/506234/MNINonLinear/Results/tfMRI_WM/tfMRI_WM_hp200_s2_level2.feat/GrayordinatesStats/cope27.feat/mask.dtseries.nii","506234","MNINonLinear//Results/tfMRI_WM/tfMRI_WM_hp200_s2_level2.feat/GrayordinatesStats/cope27.feat/mask.dtseries.nii","iyPT126cjVh5JOgM8_KCEKM4oLN5Wlcr"
"s3://hcp-openaccess/HCP_1200/506234/MNINonLinear/Results/tfMRI_WM/tfMRI_WM_hp200_s2_level2.feat/GrayordinatesStats/cope27.feat/mean_random_effects_var1.dtseries.nii","506234","MNINonLinear//Results/tfMRI_WM/tfMRI_WM_hp200_s2_level2.feat/GrayordinatesStats/cope27.feat/mean_random_effects_var1.dtseries.nii","zAY7zMYAflPPvFwZ0khzWMXuzP41zmLE"
"s3://hcp-openaccess/HCP_1200/506234/MNINonLinear/Results/tfMRI_WM/tfMRI_WM_hp200_s2_level2.feat/GrayordinatesStats/cope27.feat/pe1.dtseries.nii","506234","MNINonLinear//Results/tfMRI_WM/tfMRI_WM_hp200_s2_level2.feat/GrayordinatesStats/cope27.feat/pe1.dtseries.nii","CUyu0VLBVQe4ENW9NlFO1AzU9ilCpC2Y"
"s3://hcp-openaccess/HCP_1200/506234/MNINonLinear/Results/tfMRI_WM/tfMRI_WM_hp200_s2_level2.feat/GrayordinatesStats/cope27.feat/res4d.dtseries.nii","506234","MNINonLinear//Results/tfMRI_WM/tfMRI_WM_hp200_s2_level2.feat/GrayordinatesStats/cope27.feat/res4d.dtseries.nii","rxTliyMMIO9ZuJZ1QNNj6ueUQ4dtDs_D"
"s3://hcp-openaccess/HCP_1200/506234/MNINonLinear/Results/tfMRI_WM/tfMRI_WM_hp200_s2_level2.feat/GrayordinatesStats/cope27.feat/tdof_t1.dtseries.nii","506234","MNINonLinear//Results/tfMRI_WM/tfMRI_WM_hp200_s2_level2.feat/GrayordinatesStats/cope27.feat/tdof_t1.dtseries.nii","Lgher8NrGcMJ.65VlxlPZpNGZumUaZ0j"
"s3://hcp-openaccess/HCP_1200/506234/MNINonLinear/Results/tfMRI_WM/tfMRI_WM_hp200_s2_level2.feat/GrayordinatesStats/cope27.feat/tstat1.dtseries.nii","506234","MNINonLinear//Results/tfMRI_WM/tfMRI_WM_hp200_s2_level2.feat/GrayordinatesStats/cope27.feat/tstat1.dtseries.nii","tb1kb28UbeJjzOpK8qL_COW0xEZMYrFI"
"s3://hcp-openaccess/HCP_1200/506234/MNINonLinear/Results/tfMRI_WM/tfMRI_WM_hp200_s2_level2.feat/GrayordinatesStats/cope27.feat/varcope1.dtseries.nii","506234","MNINonLinear//Results/tfMRI_WM/tfMRI_WM_hp200_s2_level2.feat/GrayordinatesStats/cope27.feat/varcope1.dtseries.nii","z5htonZTng_nrvEA.Wy0Q_BpKDXf547j"
"s3://hcp-openaccess/HCP_1200/506234/MNINonLinear/Results/tfMRI_WM/tfMRI_WM_hp200_s2_level2.feat/GrayordinatesStats/cope27.feat/weights1.dtseries.nii","506234","MNINonLinear//Results/tfMRI_WM/tfMRI_WM_hp200_s2_level2.feat/GrayordinatesStats/cope27.feat/weights1.dtseries.nii","plbGm_UTJsJD0a_Y_.ouRkuO8KgE2Gh2"
"s3://hcp-openaccess/HCP_1200/506234/MNINonLinear/Results/tfMRI_WM/tfMRI_WM_hp200_s2_level2.feat/GrayordinatesStats/cope27.feat/zflame1lowertstat1.dtseries.nii","506234","MNINonLinear//Results/tfMRI_WM/tfMRI_WM_hp200_s2_level2.feat/GrayordinatesStats/cope27.feat/zflame1lowertstat1.dtseries.nii","vBV5_WG017uxh3Om3PMUnfVJPI5nzUD0"
"s3://hcp-openaccess/HCP_1200/506234/MNINonLinear/Results/tfMRI_WM/tfMRI_WM_hp200_s2_level2.feat/GrayordinatesStats/cope27.feat/zflame1uppertstat1.dtseries.nii","506234","MNINonLinear//Results/tfMRI_WM/tfMRI_WM_hp200_s2_level2.feat/GrayordinatesStats/cope27.feat/zflame1uppertstat1.dtseries.nii","8hJ7rwCdOh5q3KHNIPkbCzCtSRHkh2FO"
"s3://hcp-openaccess/HCP_1200/506234/MNINonLinear/Results/tfMRI_WM/tfMRI_WM_hp200_s2_level2.feat/GrayordinatesStats/cope27.feat/zstat1.dtseries.nii","506234","MNINonLinear//Results/tfMRI_WM/tfMRI_WM_hp200_s2_level2.feat/GrayordinatesStats/cope27.feat/zstat1.dtseries.nii","etNHK_slg_XYYpSlPW0Hmb9FFmzZ8F65"
"s3://hcp-openaccess/HCP_1200/506234/MNINonLinear/Results/tfMRI_WM/tfMRI_WM_hp200_s2_level2.feat/GrayordinatesStats/cope28.feat/cope1.dtseries.nii","506234","MNINonLinear//Results/tfMRI_WM/tfMRI_WM_hp200_s2_level2.feat/GrayordinatesStats/cope28.feat/cope1.dtseries.nii","4_w7uOJwO2rLA0PhCzOlg_ByXhgJJrh9"
"s3://hcp-openaccess/HCP_1200/506234/MNINonLinear/Results/tfMRI_WM/tfMRI_WM_hp200_s2_level2.feat/GrayordinatesStats/cope28.feat/logfile","506234","MNINonLinear//Results/tfMRI_WM/tfMRI_WM_hp200_s2_level2.feat/GrayordinatesStats/cope28.feat/logfile","MeQJNwfsgVLN1.govuV9lj6JrXIq8ERM"
"s3://hcp-openaccess/HCP_1200/506234/MNINonLinear/Results/tfMRI_WM/tfMRI_WM_hp200_s2_level2.feat/GrayordinatesStats/cope28.feat/mask.dtseries.nii","506234","MNINonLinear//Results/tfMRI_WM/tfMRI_WM_hp200_s2_level2.feat/GrayordinatesStats/cope28.feat/mask.dtseries.nii","Nx3AM.lLPOmBYL8sVlrO7gkozKFrkSq."
"s3://hcp-openaccess/HCP_1200/506234/MNINonLinear/Results/tfMRI_WM/tfMRI_WM_hp200_s2_level2.feat/GrayordinatesStats/cope28.feat/mean_random_effects_var1.dtseries.nii","506234","MNINonLinear//Results/tfMRI_WM/tfMRI_WM_hp200_s2_level2.feat/GrayordinatesStats/cope28.feat/mean_random_effects_var1.dtseries.nii","EBo79oR2E.xqKyygzkL1oHOFg06D0fYv"
"s3://hcp-openaccess/HCP_1200/506234/MNINonLinear/Results/tfMRI_WM/tfMRI_WM_hp200_s2_level2.feat/GrayordinatesStats/cope28.feat/pe1.dtseries.nii","506234","MNINonLinear//Results/tfMRI_WM/tfMRI_WM_hp200_s2_level2.feat/GrayordinatesStats/cope28.feat/pe1.dtseries.nii","RRNvtHeuBldvWhEx06iKsufu3Fek_9RJ"
"s3://hcp-openaccess/HCP_1200/506234/MNINonLinear/Results/tfMRI_WM/tfMRI_WM_hp200_s2_level2.feat/GrayordinatesStats/cope28.feat/res4d.dtseries.nii","506234","MNINonLinear//Results/tfMRI_WM/tfMRI_WM_hp200_s2_level2.feat/GrayordinatesStats/cope28.feat/res4d.dtseries.nii","Vh_xqJb2uNx6DOgc37AgxbjhN4Np0zQD"
"s3://hcp-openaccess/HCP_1200/506234/MNINonLinear/Results/tfMRI_WM/tfMRI_WM_hp200_s2_level2.feat/GrayordinatesStats/cope28.feat/tdof_t1.dtseries.nii","506234","MNINonLinear//Results/tfMRI_WM/tfMRI_WM_hp200_s2_level2.feat/GrayordinatesStats/cope28.feat/tdof_t1.dtseries.nii","7l6.x2dmkEFK.227Q.L_5Q7J9bnrExlv"
"s3://hcp-openaccess/HCP_1200/506234/MNINonLinear/Results/tfMRI_WM/tfMRI_WM_hp200_s2_level2.feat/GrayordinatesStats/cope28.feat/tstat1.dtseries.nii","506234","MNINonLinear//Results/tfMRI_WM/tfMRI_WM_hp200_s2_level2.feat/GrayordinatesStats/cope28.feat/tstat1.dtseries.nii","HqAKJHnzEVFnFWnfV8Ef68Y4NuqRrsfa"
"s3://hcp-openaccess/HCP_1200/506234/MNINonLinear/Results/tfMRI_WM/tfMRI_WM_hp200_s2_level2.feat/GrayordinatesStats/cope28.feat/varcope1.dtseries.nii","506234","MNINonLinear//Results/tfMRI_WM/tfMRI_WM_hp200_s2_level2.feat/GrayordinatesStats/cope28.feat/varcope1.dtseries.nii","fBislQW0fQvvaZknzXu..Vfo4lYLyce7"
"s3://hcp-openaccess/HCP_1200/506234/MNINonLinear/Results/tfMRI_WM/tfMRI_WM_hp200_s2_level2.feat/GrayordinatesStats/cope28.feat/weights1.dtseries.nii","506234","MNINonLinear//Results/tfMRI_WM/tfMRI_WM_hp200_s2_level2.feat/GrayordinatesStats/cope28.feat/weights1.dtseries.nii","P8Q6cKtu_.hmdxpL8xTrNsNkIhiDHMGN"
"s3://hcp-openaccess/HCP_1200/506234/MNINonLinear/Results/tfMRI_WM/tfMRI_WM_hp200_s2_level2.feat/GrayordinatesStats/cope28.feat/zflame1lowertstat1.dtseries.nii","506234","MNINonLinear//Results/tfMRI_WM/tfMRI_WM_hp200_s2_level2.feat/GrayordinatesStats/cope28.feat/zflame1lowertstat1.dtseries.nii","nzsPwTipey4hLtGmNXeavNPpitfH6NTe"
"s3://hcp-openaccess/HCP_1200/506234/MNINonLinear/Results/tfMRI_WM/tfMRI_WM_hp200_s2_level2.feat/GrayordinatesStats/cope28.feat/zflame1uppertstat1.dtseries.nii","506234","MNINonLinear//Results/tfMRI_WM/tfMRI_WM_hp200_s2_level2.feat/GrayordinatesStats/cope28.feat/zflame1uppertstat1.dtseries.nii","_mrvWpk8MaDeDQLuOFvLhfrp6Oi76Jgs"
"s3://hcp-openaccess/HCP_1200/506234/MNINonLinear/Results/tfMRI_WM/tfMRI_WM_hp200_s2_level2.feat/GrayordinatesStats/cope28.feat/zstat1.dtseries.nii","506234","MNINonLinear//Results/tfMRI_WM/tfMRI_WM_hp200_s2_level2.feat/GrayordinatesStats/cope28.feat/zstat1.dtseries.nii","BzdsGfquvg0MU2XhVHdh7fxT.XoIi6TO"
"s3://hcp-openaccess/HCP_1200/506234/MNINonLinear/Results/tfMRI_WM/tfMRI_WM_hp200_s2_level2.feat/GrayordinatesStats/cope29.feat/cope1.dtseries.nii","506234","MNINonLinear//Results/tfMRI_WM/tfMRI_WM_hp200_s2_level2.feat/GrayordinatesStats/cope29.feat/cope1.dtseries.nii","KuLLAP2cFNO5GHld3GFsKnEOtn0xok5b"
"s3://hcp-openaccess/HCP_1200/506234/MNINonLinear/Results/tfMRI_WM/tfMRI_WM_hp200_s2_level2.feat/GrayordinatesStats/cope29.feat/logfile","506234","MNINonLinear//Results/tfMRI_WM/tfMRI_WM_hp200_s2_level2.feat/GrayordinatesStats/cope29.feat/logfile","CxJ09FU_GTg.wRLsLXStVKzZHsthQBfX"
"s3://hcp-openaccess/HCP_1200/506234/MNINonLinear/Results/tfMRI_WM/tfMRI_WM_hp200_s2_level2.feat/GrayordinatesStats/cope29.feat/mask.dtseries.nii","506234","MNINonLinear//Results/tfMRI_WM/tfMRI_WM_hp200_s2_level2.feat/GrayordinatesStats/cope29.feat/mask.dtseries.nii","lR0FK52WfGgiMJ9opAStoHvO_mmRnlxJ"
"s3://hcp-openaccess/HCP_1200/506234/MNINonLinear/Results/tfMRI_WM/tfMRI_WM_hp200_s2_level2.feat/GrayordinatesStats/cope29.feat/mean_random_effects_var1.dtseries.nii","506234","MNINonLinear//Results/tfMRI_WM/tfMRI_WM_hp200_s2_level2.feat/GrayordinatesStats/cope29.feat/mean_random_effects_var1.dtseries.nii","hWuzwEsiS2.X52y0m0CT8POg9gMiLH6N"
"s3://hcp-openaccess/HCP_1200/506234/MNINonLinear/Results/tfMRI_WM/tfMRI_WM_hp200_s2_level2.feat/GrayordinatesStats/cope29.feat/pe1.dtseries.nii","506234","MNINonLinear//Results/tfMRI_WM/tfMRI_WM_hp200_s2_level2.feat/GrayordinatesStats/cope29.feat/pe1.dtseries.nii","UUz5rsatJ6H.zxQwYEyes9kURckS5ae5"
"s3://hcp-openaccess/HCP_1200/506234/MNINonLinear/Results/tfMRI_WM/tfMRI_WM_hp200_s2_level2.feat/GrayordinatesStats/cope29.feat/res4d.dtseries.nii","506234","MNINonLinear//Results/tfMRI_WM/tfMRI_WM_hp200_s2_level2.feat/GrayordinatesStats/cope29.feat/res4d.dtseries.nii","HnsOLyJU8uWFuJqYwsgNHHTbVyvFCtdC"
"s3://hcp-openaccess/HCP_1200/506234/MNINonLinear/Results/tfMRI_WM/tfMRI_WM_hp200_s2_level2.feat/GrayordinatesStats/cope29.feat/tdof_t1.dtseries.nii","506234","MNINonLinear//Results/tfMRI_WM/tfMRI_WM_hp200_s2_level2.feat/GrayordinatesStats/cope29.feat/tdof_t1.dtseries.nii","_30AuuuSnzleHB2UVlCkKI9.Jz023wCy"
"s3://hcp-openaccess/HCP_1200/506234/MNINonLinear/Results/tfMRI_WM/tfMRI_WM_hp200_s2_level2.feat/GrayordinatesStats/cope29.feat/tstat1.dtseries.nii","506234","MNINonLinear//Results/tfMRI_WM/tfMRI_WM_hp200_s2_level2.feat/GrayordinatesStats/cope29.feat/tstat1.dtseries.nii","NIEXGQYLsGc7VE7LSG8KFeTJx4FERdKU"
"s3://hcp-openaccess/HCP_1200/506234/MNINonLinear/Results/tfMRI_WM/tfMRI_WM_hp200_s2_level2.feat/GrayordinatesStats/cope29.feat/varcope1.dtseries.nii","506234","MNINonLinear//Results/tfMRI_WM/tfMRI_WM_hp200_s2_level2.feat/GrayordinatesStats/cope29.feat/varcope1.dtseries.nii","KcDFPuWPiuHKYQjg4jXFk1vMeLzJ4HG."
"s3://hcp-openaccess/HCP_1200/506234/MNINonLinear/Results/tfMRI_WM/tfMRI_WM_hp200_s2_level2.feat/GrayordinatesStats/cope29.feat/weights1.dtseries.nii","506234","MNINonLinear//Results/tfMRI_WM/tfMRI_WM_hp200_s2_level2.feat/GrayordinatesStats/cope29.feat/weights1.dtseries.nii","JhOpVv9wrqTAy5pQ51FKUotcnYTu8pXt"
"s3://hcp-openaccess/HCP_1200/506234/MNINonLinear/Results/tfMRI_WM/tfMRI_WM_hp200_s2_level2.feat/GrayordinatesStats/cope29.feat/zflame1lowertstat1.dtseries.nii","506234","MNINonLinear//Results/tfMRI_WM/tfMRI_WM_hp200_s2_level2.feat/GrayordinatesStats/cope29.feat/zflame1lowertstat1.dtseries.nii","cBIkXOzZgyQkqWGrJQ6iUHy8YZf_ngAy"
"s3://hcp-openaccess/HCP_1200/506234/MNINonLinear/Results/tfMRI_WM/tfMRI_WM_hp200_s2_level2.feat/GrayordinatesStats/cope29.feat/zflame1uppertstat1.dtseries.nii","506234","MNINonLinear//Results/tfMRI_WM/tfMRI_WM_hp200_s2_level2.feat/GrayordinatesStats/cope29.feat/zflame1uppertstat1.dtseries.nii","WrhRNahwUL5GdYaMoRMvRvzy8FKKU5QV"
"s3://hcp-openaccess/HCP_1200/506234/MNINonLinear/Results/tfMRI_WM/tfMRI_WM_hp200_s2_level2.feat/GrayordinatesStats/cope29.feat/zstat1.dtseries.nii","506234","MNINonLinear//Results/tfMRI_WM/tfMRI_WM_hp200_s2_level2.feat/GrayordinatesStats/cope29.feat/zstat1.dtseries.nii",".myixAViARjxIowl23gqHdRDTHoQJD4Z"
"s3://hcp-openaccess/HCP_1200/506234/MNINonLinear/Results/tfMRI_WM/tfMRI_WM_hp200_s2_level2.feat/GrayordinatesStats/cope3.feat/cope1.dtseries.nii","506234","MNINonLinear//Results/tfMRI_WM/tfMRI_WM_hp200_s2_level2.feat/GrayordinatesStats/cope3.feat/cope1.dtseries.nii","PHs8vEIcSiSURqDCZ6xKmomDBg0ocKMd"
"s3://hcp-openaccess/HCP_1200/506234/MNINonLinear/Results/tfMRI_WM/tfMRI_WM_hp200_s2_level2.feat/GrayordinatesStats/cope3.feat/logfile","506234","MNINonLinear//Results/tfMRI_WM/tfMRI_WM_hp200_s2_level2.feat/GrayordinatesStats/cope3.feat/logfile","cZiur5rMvdOcsQZ6lhj_kUMmJJSRmjHo"
"s3://hcp-openaccess/HCP_1200/506234/MNINonLinear/Results/tfMRI_WM/tfMRI_WM_hp200_s2_level2.feat/GrayordinatesStats/cope3.feat/mask.dtseries.nii","506234","MNINonLinear//Results/tfMRI_WM/tfMRI_WM_hp200_s2_level2.feat/GrayordinatesStats/cope3.feat/mask.dtseries.nii","Ricv_bgH4o_pAaqG6SGi1ASzQCNfN9BN"
"s3://hcp-openaccess/HCP_1200/506234/MNINonLinear/Results/tfMRI_WM/tfMRI_WM_hp200_s2_level2.feat/GrayordinatesStats/cope3.feat/mean_random_effects_var1.dtseries.nii","506234","MNINonLinear//Results/tfMRI_WM/tfMRI_WM_hp200_s2_level2.feat/GrayordinatesStats/cope3.feat/mean_random_effects_var1.dtseries.nii","zLK_.XvVK0dILwvqGVvMd6c3FW5c5CZn"
"s3://hcp-openaccess/HCP_1200/506234/MNINonLinear/Results/tfMRI_WM/tfMRI_WM_hp200_s2_level2.feat/GrayordinatesStats/cope3.feat/pe1.dtseries.nii","506234","MNINonLinear//Results/tfMRI_WM/tfMRI_WM_hp200_s2_level2.feat/GrayordinatesStats/cope3.feat/pe1.dtseries.nii","Ghwqo.q07S4oN9klsER1UFKOHRiOAdg4"
"s3://hcp-openaccess/HCP_1200/506234/MNINonLinear/Results/tfMRI_WM/tfMRI_WM_hp200_s2_level2.feat/GrayordinatesStats/cope3.feat/res4d.dtseries.nii","506234","MNINonLinear//Results/tfMRI_WM/tfMRI_WM_hp200_s2_level2.feat/GrayordinatesStats/cope3.feat/res4d.dtseries.nii","HCx1d0dCD8UhLCNv3CP1e4uXuBCw7ycZ"
"s3://hcp-openaccess/HCP_1200/506234/MNINonLinear/Results/tfMRI_WM/tfMRI_WM_hp200_s2_level2.feat/GrayordinatesStats/cope3.feat/tdof_t1.dtseries.nii","506234","MNINonLinear//Results/tfMRI_WM/tfMRI_WM_hp200_s2_level2.feat/GrayordinatesStats/cope3.feat/tdof_t1.dtseries.nii","f3dY3N.e9aCzqlq39ChVMeSBVFg.xLuQ"
"s3://hcp-openaccess/HCP_1200/506234/MNINonLinear/Results/tfMRI_WM/tfMRI_WM_hp200_s2_level2.feat/GrayordinatesStats/cope3.feat/tstat1.dtseries.nii","506234","MNINonLinear//Results/tfMRI_WM/tfMRI_WM_hp200_s2_level2.feat/GrayordinatesStats/cope3.feat/tstat1.dtseries.nii","qQlMWhNAp1467oAm5v5HR5nH3_UB5bNm"
"s3://hcp-openaccess/HCP_1200/506234/MNINonLinear/Results/tfMRI_WM/tfMRI_WM_hp200_s2_level2.feat/GrayordinatesStats/cope3.feat/varcope1.dtseries.nii","506234","MNINonLinear//Results/tfMRI_WM/tfMRI_WM_hp200_s2_level2.feat/GrayordinatesStats/cope3.feat/varcope1.dtseries.nii","UfA7ie9fjLATXXYYMqlMFYK2OP1_RkrV"
"s3://hcp-openaccess/HCP_1200/506234/MNINonLinear/Results/tfMRI_WM/tfMRI_WM_hp200_s2_level2.feat/GrayordinatesStats/cope3.feat/weights1.dtseries.nii","506234","MNINonLinear//Results/tfMRI_WM/tfMRI_WM_hp200_s2_level2.feat/GrayordinatesStats/cope3.feat/weights1.dtseries.nii","_2Z9F84wwQ8gorxRhwwGFK6yovMBQrkg"
"s3://hcp-openaccess/HCP_1200/506234/MNINonLinear/Results/tfMRI_WM/tfMRI_WM_hp200_s2_level2.feat/GrayordinatesStats/cope3.feat/zflame1lowertstat1.dtseries.nii","506234","MNINonLinear//Results/tfMRI_WM/tfMRI_WM_hp200_s2_level2.feat/GrayordinatesStats/cope3.feat/zflame1lowertstat1.dtseries.nii","XKDLTv0IceevWt7T_8ORvA0H6ZmVZ65k"
"s3://hcp-openaccess/HCP_1200/506234/MNINonLinear/Results/tfMRI_WM/tfMRI_WM_hp200_s2_level2.feat/GrayordinatesStats/cope3.feat/zflame1uppertstat1.dtseries.nii","506234","MNINonLinear//Results/tfMRI_WM/tfMRI_WM_hp200_s2_level2.feat/GrayordinatesStats/cope3.feat/zflame1uppertstat1.dtseries.nii","0YKcWGVHydC.YD3yokI8iyOi8C9PXEHU"
"s3://hcp-openaccess/HCP_1200/506234/MNINonLinear/Results/tfMRI_WM/tfMRI_WM_hp200_s2_level2.feat/GrayordinatesStats/cope3.feat/zstat1.dtseries.nii","506234","MNINonLinear//Results/tfMRI_WM/tfMRI_WM_hp200_s2_level2.feat/GrayordinatesStats/cope3.feat/zstat1.dtseries.nii","KcTHfwUEd4M2Y4clx_abA6J9y_O0JcD6"
"s3://hcp-openaccess/HCP_1200/506234/MNINonLinear/Results/tfMRI_WM/tfMRI_WM_hp200_s2_level2.feat/GrayordinatesStats/cope30.feat/cope1.dtseries.nii","506234","MNINonLinear//Results/tfMRI_WM/tfMRI_WM_hp200_s2_level2.feat/GrayordinatesStats/cope30.feat/cope1.dtseries.nii","MVLj26Sg2R.Rf12ZxarLQ2cyzxZH8tKO"
"s3://hcp-openaccess/HCP_1200/506234/MNINonLinear/Results/tfMRI_WM/tfMRI_WM_hp200_s2_level2.feat/GrayordinatesStats/cope30.feat/logfile","506234","MNINonLinear//Results/tfMRI_WM/tfMRI_WM_hp200_s2_level2.feat/GrayordinatesStats/cope30.feat/logfile","NiGPxEI.xtITPwvb.Z1aX2nx.vmX61m6"
"s3://hcp-openaccess/HCP_1200/506234/MNINonLinear/Results/tfMRI_WM/tfMRI_WM_hp200_s2_level2.feat/GrayordinatesStats/cope30.feat/mask.dtseries.nii","506234","MNINonLinear//Results/tfMRI_WM/tfMRI_WM_hp200_s2_level2.feat/GrayordinatesStats/cope30.feat/mask.dtseries.nii","X0b2jdSL7kZ1h4dvNnu4nt6XqhKMBhOj"
"s3://hcp-openaccess/HCP_1200/506234/MNINonLinear/Results/tfMRI_WM/tfMRI_WM_hp200_s2_level2.feat/GrayordinatesStats/cope30.feat/mean_random_effects_var1.dtseries.nii","506234","MNINonLinear//Results/tfMRI_WM/tfMRI_WM_hp200_s2_level2.feat/GrayordinatesStats/cope30.feat/mean_random_effects_var1.dtseries.nii","adSSWVIoF54eDfTFQzwldifi03JtaVw6"
"s3://hcp-openaccess/HCP_1200/506234/MNINonLinear/Results/tfMRI_WM/tfMRI_WM_hp200_s2_level2.feat/GrayordinatesStats/cope30.feat/pe1.dtseries.nii","506234","MNINonLinear//Results/tfMRI_WM/tfMRI_WM_hp200_s2_level2.feat/GrayordinatesStats/cope30.feat/pe1.dtseries.nii","ApPoTUojpT_YAQnn2HSZjUdkg3rjqMPW"
"s3://hcp-openaccess/HCP_1200/506234/MNINonLinear/Results/tfMRI_WM/tfMRI_WM_hp200_s2_level2.feat/GrayordinatesStats/cope30.feat/res4d.dtseries.nii","506234","MNINonLinear//Results/tfMRI_WM/tfMRI_WM_hp200_s2_level2.feat/GrayordinatesStats/cope30.feat/res4d.dtseries.nii","GOEMuF8zHKs.swhaG4SPNeMUdwDB_lBD"
"s3://hcp-openaccess/HCP_1200/506234/MNINonLinear/Results/tfMRI_WM/tfMRI_WM_hp200_s2_level2.feat/GrayordinatesStats/cope30.feat/tdof_t1.dtseries.nii","506234","MNINonLinear//Results/tfMRI_WM/tfMRI_WM_hp200_s2_level2.feat/GrayordinatesStats/cope30.feat/tdof_t1.dtseries.nii","5uzmWPxHBQzK088jIrbP1tZ7K3uFj5u5"
"s3://hcp-openaccess/HCP_1200/506234/MNINonLinear/Results/tfMRI_WM/tfMRI_WM_hp200_s2_level2.feat/GrayordinatesStats/cope30.feat/tstat1.dtseries.nii","506234","MNINonLinear//Results/tfMRI_WM/tfMRI_WM_hp200_s2_level2.feat/GrayordinatesStats/cope30.feat/tstat1.dtseries.nii","na6Oc7onG7QYszZw8FEPBAM.rZkqFYk7"
"s3://hcp-openaccess/HCP_1200/506234/MNINonLinear/Results/tfMRI_WM/tfMRI_WM_hp200_s2_level2.feat/GrayordinatesStats/cope30.feat/varcope1.dtseries.nii","506234","MNINonLinear//Results/tfMRI_WM/tfMRI_WM_hp200_s2_level2.feat/GrayordinatesStats/cope30.feat/varcope1.dtseries.nii","eth7sjY0pGGOB3a3HHE.D4WN47_sRYBd"
"s3://hcp-openaccess/HCP_1200/506234/MNINonLinear/Results/tfMRI_WM/tfMRI_WM_hp200_s2_level2.feat/GrayordinatesStats/cope30.feat/weights1.dtseries.nii","506234","MNINonLinear//Results/tfMRI_WM/tfMRI_WM_hp200_s2_level2.feat/GrayordinatesStats/cope30.feat/weights1.dtseries.nii","eAq4Q_dh_SthMnqKF9orO6b9PzAftBZw"
"s3://hcp-openaccess/HCP_1200/506234/MNINonLinear/Results/tfMRI_WM/tfMRI_WM_hp200_s2_level2.feat/GrayordinatesStats/cope30.feat/zflame1lowertstat1.dtseries.nii","506234","MNINonLinear//Results/tfMRI_WM/tfMRI_WM_hp200_s2_level2.feat/GrayordinatesStats/cope30.feat/zflame1lowertstat1.dtseries.nii","sWRb2dOeq_7UBGZ9EtgrVIUv4LKbxpgB"
"s3://hcp-openaccess/HCP_1200/506234/MNINonLinear/Results/tfMRI_WM/tfMRI_WM_hp200_s2_level2.feat/GrayordinatesStats/cope30.feat/zflame1uppertstat1.dtseries.nii","506234","MNINonLinear//Results/tfMRI_WM/tfMRI_WM_hp200_s2_level2.feat/GrayordinatesStats/cope30.feat/zflame1uppertstat1.dtseries.nii","xp7W29ur53EGzvVlYE3HOf.RtvWa3EUV"
"s3://hcp-openaccess/HCP_1200/506234/MNINonLinear/Results/tfMRI_WM/tfMRI_WM_hp200_s2_level2.feat/GrayordinatesStats/cope30.feat/zstat1.dtseries.nii","506234","MNINonLinear//Results/tfMRI_WM/tfMRI_WM_hp200_s2_level2.feat/GrayordinatesStats/cope30.feat/zstat1.dtseries.nii","R3c4K8rPCmajmq1U1rlRM.5yn7iVhoo5"
"s3://hcp-openaccess/HCP_1200/506234/MNINonLinear/Results/tfMRI_WM/tfMRI_WM_hp200_s2_level2.feat/GrayordinatesStats/cope4.feat/cope1.dtseries.nii","506234","MNINonLinear//Results/tfMRI_WM/tfMRI_WM_hp200_s2_level2.feat/GrayordinatesStats/cope4.feat/cope1.dtseries.nii","TzWo4RTNG4oeL7v85ddx3J9K7.VSFIEe"
"s3://hcp-openaccess/HCP_1200/506234/MNINonLinear/Results/tfMRI_WM/tfMRI_WM_hp200_s2_level2.feat/GrayordinatesStats/cope4.feat/logfile","506234","MNINonLinear//Results/tfMRI_WM/tfMRI_WM_hp200_s2_level2.feat/GrayordinatesStats/cope4.feat/logfile","7aQCg7p__.nogYMP2HVT4xVj1875rZPh"
"s3://hcp-openaccess/HCP_1200/506234/MNINonLinear/Results/tfMRI_WM/tfMRI_WM_hp200_s2_level2.feat/GrayordinatesStats/cope4.feat/mask.dtseries.nii","506234","MNINonLinear//Results/tfMRI_WM/tfMRI_WM_hp200_s2_level2.feat/GrayordinatesStats/cope4.feat/mask.dtseries.nii","Qy_nQUbGW46ESrjq56EbXbiRpNM4NXtO"
"s3://hcp-openaccess/HCP_1200/506234/MNINonLinear/Results/tfMRI_WM/tfMRI_WM_hp200_s2_level2.feat/GrayordinatesStats/cope4.feat/mean_random_effects_var1.dtseries.nii","506234","MNINonLinear//Results/tfMRI_WM/tfMRI_WM_hp200_s2_level2.feat/GrayordinatesStats/cope4.feat/mean_random_effects_var1.dtseries.nii",".l1GmIe4l80XDrtlBFmVn.J8pai_PvGp"
"s3://hcp-openaccess/HCP_1200/506234/MNINonLinear/Results/tfMRI_WM/tfMRI_WM_hp200_s2_level2.feat/GrayordinatesStats/cope4.feat/pe1.dtseries.nii","506234","MNINonLinear//Results/tfMRI_WM/tfMRI_WM_hp200_s2_level2.feat/GrayordinatesStats/cope4.feat/pe1.dtseries.nii","FWAklTd6HW_oyEyrAyB0jChe_gpKpyW3"
"s3://hcp-openaccess/HCP_1200/506234/MNINonLinear/Results/tfMRI_WM/tfMRI_WM_hp200_s2_level2.feat/GrayordinatesStats/cope4.feat/res4d.dtseries.nii","506234","MNINonLinear//Results/tfMRI_WM/tfMRI_WM_hp200_s2_level2.feat/GrayordinatesStats/cope4.feat/res4d.dtseries.nii","snfKnRvolBFdXn0iuYSnvcr8_d.QoOjt"
"s3://hcp-openaccess/HCP_1200/506234/MNINonLinear/Results/tfMRI_WM/tfMRI_WM_hp200_s2_level2.feat/GrayordinatesStats/cope4.feat/tdof_t1.dtseries.nii","506234","MNINonLinear//Results/tfMRI_WM/tfMRI_WM_hp200_s2_level2.feat/GrayordinatesStats/cope4.feat/tdof_t1.dtseries.nii","ibREb14mDigB1XvdOuDasAm_OwOJ3MqC"
"s3://hcp-openaccess/HCP_1200/506234/MNINonLinear/Results/tfMRI_WM/tfMRI_WM_hp200_s2_level2.feat/GrayordinatesStats/cope4.feat/tstat1.dtseries.nii","506234","MNINonLinear//Results/tfMRI_WM/tfMRI_WM_hp200_s2_level2.feat/GrayordinatesStats/cope4.feat/tstat1.dtseries.nii","TjK1bnDKECSBR53ucrpYxJUSJMoMM8A2"
"s3://hcp-openaccess/HCP_1200/506234/MNINonLinear/Results/tfMRI_WM/tfMRI_WM_hp200_s2_level2.feat/GrayordinatesStats/cope4.feat/varcope1.dtseries.nii","506234","MNINonLinear//Results/tfMRI_WM/tfMRI_WM_hp200_s2_level2.feat/GrayordinatesStats/cope4.feat/varcope1.dtseries.nii","ubMSwvh2ENimzKkVNrq6XdhJ_VNMp07f"
"s3://hcp-openaccess/HCP_1200/506234/MNINonLinear/Results/tfMRI_WM/tfMRI_WM_hp200_s2_level2.feat/GrayordinatesStats/cope4.feat/weights1.dtseries.nii","506234","MNINonLinear//Results/tfMRI_WM/tfMRI_WM_hp200_s2_level2.feat/GrayordinatesStats/cope4.feat/weights1.dtseries.nii","jrUg8emPOXiPTKGV.7n2StgP37_FT5zg"
"s3://hcp-openaccess/HCP_1200/506234/MNINonLinear/Results/tfMRI_WM/tfMRI_WM_hp200_s2_level2.feat/GrayordinatesStats/cope4.feat/zflame1lowertstat1.dtseries.nii","506234","MNINonLinear//Results/tfMRI_WM/tfMRI_WM_hp200_s2_level2.feat/GrayordinatesStats/cope4.feat/zflame1lowertstat1.dtseries.nii","OYFNI..aepcujLwLFb3EJRaPtUp8BfuP"
"s3://hcp-openaccess/HCP_1200/506234/MNINonLinear/Results/tfMRI_WM/tfMRI_WM_hp200_s2_level2.feat/GrayordinatesStats/cope4.feat/zflame1uppertstat1.dtseries.nii","506234","MNINonLinear//Results/tfMRI_WM/tfMRI_WM_hp200_s2_level2.feat/GrayordinatesStats/cope4.feat/zflame1uppertstat1.dtseries.nii","L3hcIt.ZJGaDaAiYns_bd_tcjn16zHM3"
"s3://hcp-openaccess/HCP_1200/506234/MNINonLinear/Results/tfMRI_WM/tfMRI_WM_hp200_s2_level2.feat/GrayordinatesStats/cope4.feat/zstat1.dtseries.nii","506234","MNINonLinear//Results/tfMRI_WM/tfMRI_WM_hp200_s2_level2.feat/GrayordinatesStats/cope4.feat/zstat1.dtseries.nii","OnyHnaZtL4JtwtePJZz742s8vCiTudGM"
"s3://hcp-openaccess/HCP_1200/506234/MNINonLinear/Results/tfMRI_WM/tfMRI_WM_hp200_s2_level2.feat/GrayordinatesStats/cope5.feat/cope1.dtseries.nii","506234","MNINonLinear//Results/tfMRI_WM/tfMRI_WM_hp200_s2_level2.feat/GrayordinatesStats/cope5.feat/cope1.dtseries.nii","EgUCx7O_OTeIRJ76Aw1D0hKPZIKA9QdA"
"s3://hcp-openaccess/HCP_1200/506234/MNINonLinear/Results/tfMRI_WM/tfMRI_WM_hp200_s2_level2.feat/GrayordinatesStats/cope5.feat/logfile","506234","MNINonLinear//Results/tfMRI_WM/tfMRI_WM_hp200_s2_level2.feat/GrayordinatesStats/cope5.feat/logfile","xZRLTU9dx_eLCJnlWzyajQ3wAuA.joUB"
"s3://hcp-openaccess/HCP_1200/506234/MNINonLinear/Results/tfMRI_WM/tfMRI_WM_hp200_s2_level2.feat/GrayordinatesStats/cope5.feat/mask.dtseries.nii","506234","MNINonLinear//Results/tfMRI_WM/tfMRI_WM_hp200_s2_level2.feat/GrayordinatesStats/cope5.feat/mask.dtseries.nii","dx45IzuZbMp83pLRT4Mio3ZKfcdFJqGC"
"s3://hcp-openaccess/HCP_1200/506234/MNINonLinear/Results/tfMRI_WM/tfMRI_WM_hp200_s2_level2.feat/GrayordinatesStats/cope5.feat/mean_random_effects_var1.dtseries.nii","506234","MNINonLinear//Results/tfMRI_WM/tfMRI_WM_hp200_s2_level2.feat/GrayordinatesStats/cope5.feat/mean_random_effects_var1.dtseries.nii","J.j04M8j_N6QRiDU3jOcp9h.n8_tg2LD"
"s3://hcp-openaccess/HCP_1200/506234/MNINonLinear/Results/tfMRI_WM/tfMRI_WM_hp200_s2_level2.feat/GrayordinatesStats/cope5.feat/pe1.dtseries.nii","506234","MNINonLinear//Results/tfMRI_WM/tfMRI_WM_hp200_s2_level2.feat/GrayordinatesStats/cope5.feat/pe1.dtseries.nii","6VlqCqANqC7XMfiDQuadxaWau4SX3wNu"
"s3://hcp-openaccess/HCP_1200/506234/MNINonLinear/Results/tfMRI_WM/tfMRI_WM_hp200_s2_level2.feat/GrayordinatesStats/cope5.feat/res4d.dtseries.nii","506234","MNINonLinear//Results/tfMRI_WM/tfMRI_WM_hp200_s2_level2.feat/GrayordinatesStats/cope5.feat/res4d.dtseries.nii","t5OnY8k86TbCUrj.CQ3YEXmA83_AOAlA"
"s3://hcp-openaccess/HCP_1200/506234/MNINonLinear/Results/tfMRI_WM/tfMRI_WM_hp200_s2_level2.feat/GrayordinatesStats/cope5.feat/tdof_t1.dtseries.nii","506234","MNINonLinear//Results/tfMRI_WM/tfMRI_WM_hp200_s2_level2.feat/GrayordinatesStats/cope5.feat/tdof_t1.dtseries.nii","gFuGbyssbqSXOoeslSaa9c6zO0ESu5D9"
"s3://hcp-openaccess/HCP_1200/506234/MNINonLinear/Results/tfMRI_WM/tfMRI_WM_hp200_s2_level2.feat/GrayordinatesStats/cope5.feat/tstat1.dtseries.nii","506234","MNINonLinear//Results/tfMRI_WM/tfMRI_WM_hp200_s2_level2.feat/GrayordinatesStats/cope5.feat/tstat1.dtseries.nii","kA.uuRqt_mihuU7z5Es.kDtk2.7U7_.z"
"s3://hcp-openaccess/HCP_1200/506234/MNINonLinear/Results/tfMRI_WM/tfMRI_WM_hp200_s2_level2.feat/GrayordinatesStats/cope5.feat/varcope1.dtseries.nii","506234","MNINonLinear//Results/tfMRI_WM/tfMRI_WM_hp200_s2_level2.feat/GrayordinatesStats/cope5.feat/varcope1.dtseries.nii","vUR2bGn9tS9VFrh7EzrcbOQZsYtGt2E6"
"s3://hcp-openaccess/HCP_1200/506234/MNINonLinear/Results/tfMRI_WM/tfMRI_WM_hp200_s2_level2.feat/GrayordinatesStats/cope5.feat/weights1.dtseries.nii","506234","MNINonLinear//Results/tfMRI_WM/tfMRI_WM_hp200_s2_level2.feat/GrayordinatesStats/cope5.feat/weights1.dtseries.nii","2RE6GQ4A5Vpv7I.26exCEiEMAk_s2tmD"
"s3://hcp-openaccess/HCP_1200/506234/MNINonLinear/Results/tfMRI_WM/tfMRI_WM_hp200_s2_level2.feat/GrayordinatesStats/cope5.feat/zflame1lowertstat1.dtseries.nii","506234","MNINonLinear//Results/tfMRI_WM/tfMRI_WM_hp200_s2_level2.feat/GrayordinatesStats/cope5.feat/zflame1lowertstat1.dtseries.nii","QxsCcI_c5W7HgKrkUq5vZv7Ki9P7w.qC"
"s3://hcp-openaccess/HCP_1200/506234/MNINonLinear/Results/tfMRI_WM/tfMRI_WM_hp200_s2_level2.feat/GrayordinatesStats/cope5.feat/zflame1uppertstat1.dtseries.nii","506234","MNINonLinear//Results/tfMRI_WM/tfMRI_WM_hp200_s2_level2.feat/GrayordinatesStats/cope5.feat/zflame1uppertstat1.dtseries.nii","QJyqC7lgtYLNY5xN4K3OVGjalU4UNoaH"
"s3://hcp-openaccess/HCP_1200/506234/MNINonLinear/Results/tfMRI_WM/tfMRI_WM_hp200_s2_level2.feat/GrayordinatesStats/cope5.feat/zstat1.dtseries.nii","506234","MNINonLinear//Results/tfMRI_WM/tfMRI_WM_hp200_s2_level2.feat/GrayordinatesStats/cope5.feat/zstat1.dtseries.nii","osXx.q9sLpB.j3ENhSv08ifIsaqICl6r"
"s3://hcp-openaccess/HCP_1200/506234/MNINonLinear/Results/tfMRI_WM/tfMRI_WM_hp200_s2_level2.feat/GrayordinatesStats/cope6.feat/cope1.dtseries.nii","506234","MNINonLinear//Results/tfMRI_WM/tfMRI_WM_hp200_s2_level2.feat/GrayordinatesStats/cope6.feat/cope1.dtseries.nii","hHOyqxPOGbC9Q2EbToqYyktbLnQfBUhT"
"s3://hcp-openaccess/HCP_1200/506234/MNINonLinear/Results/tfMRI_WM/tfMRI_WM_hp200_s2_level2.feat/GrayordinatesStats/cope6.feat/logfile","506234","MNINonLinear//Results/tfMRI_WM/tfMRI_WM_hp200_s2_level2.feat/GrayordinatesStats/cope6.feat/logfile","8q.kqIUtzsi48jJED1MfZrHDStnqUYsp"
"s3://hcp-openaccess/HCP_1200/506234/MNINonLinear/Results/tfMRI_WM/tfMRI_WM_hp200_s2_level2.feat/GrayordinatesStats/cope6.feat/mask.dtseries.nii","506234","MNINonLinear//Results/tfMRI_WM/tfMRI_WM_hp200_s2_level2.feat/GrayordinatesStats/cope6.feat/mask.dtseries.nii","NoJCbXodNKzO9wp8y6Yk2dEGvLKWzZfF"
"s3://hcp-openaccess/HCP_1200/506234/MNINonLinear/Results/tfMRI_WM/tfMRI_WM_hp200_s2_level2.feat/GrayordinatesStats/cope6.feat/mean_random_effects_var1.dtseries.nii","506234","MNINonLinear//Results/tfMRI_WM/tfMRI_WM_hp200_s2_level2.feat/GrayordinatesStats/cope6.feat/mean_random_effects_var1.dtseries.nii","MFZdfc7VewRnuenNFULzognMS1SbTaV4"
"s3://hcp-openaccess/HCP_1200/506234/MNINonLinear/Results/tfMRI_WM/tfMRI_WM_hp200_s2_level2.feat/GrayordinatesStats/cope6.feat/pe1.dtseries.nii","506234","MNINonLinear//Results/tfMRI_WM/tfMRI_WM_hp200_s2_level2.feat/GrayordinatesStats/cope6.feat/pe1.dtseries.nii","kwaZrXU1wxI5rf1p8raMcnD0vtUC.DX1"
"s3://hcp-openaccess/HCP_1200/506234/MNINonLinear/Results/tfMRI_WM/tfMRI_WM_hp200_s2_level2.feat/GrayordinatesStats/cope6.feat/res4d.dtseries.nii","506234","MNINonLinear//Results/tfMRI_WM/tfMRI_WM_hp200_s2_level2.feat/GrayordinatesStats/cope6.feat/res4d.dtseries.nii","WI3d30b1fFGBgT81hrFhUi8Z9a6eQSmL"
"s3://hcp-openaccess/HCP_1200/506234/MNINonLinear/Results/tfMRI_WM/tfMRI_WM_hp200_s2_level2.feat/GrayordinatesStats/cope6.feat/tdof_t1.dtseries.nii","506234","MNINonLinear//Results/tfMRI_WM/tfMRI_WM_hp200_s2_level2.feat/GrayordinatesStats/cope6.feat/tdof_t1.dtseries.nii","y5kQ_4QKgZnYaGtoHzY.6mXt1ofRhPfb"
"s3://hcp-openaccess/HCP_1200/506234/MNINonLinear/Results/tfMRI_WM/tfMRI_WM_hp200_s2_level2.feat/GrayordinatesStats/cope6.feat/tstat1.dtseries.nii","506234","MNINonLinear//Results/tfMRI_WM/tfMRI_WM_hp200_s2_level2.feat/GrayordinatesStats/cope6.feat/tstat1.dtseries.nii","6ca2lN_uipAx5zzbVOURjrOvHE4pGjJV"
"s3://hcp-openaccess/HCP_1200/506234/MNINonLinear/Results/tfMRI_WM/tfMRI_WM_hp200_s2_level2.feat/GrayordinatesStats/cope6.feat/varcope1.dtseries.nii","506234","MNINonLinear//Results/tfMRI_WM/tfMRI_WM_hp200_s2_level2.feat/GrayordinatesStats/cope6.feat/varcope1.dtseries.nii","2xL.dD22cws8ys5BLwkjgNxY6DcIlH2V"
"s3://hcp-openaccess/HCP_1200/506234/MNINonLinear/Results/tfMRI_WM/tfMRI_WM_hp200_s2_level2.feat/GrayordinatesStats/cope6.feat/weights1.dtseries.nii","506234","MNINonLinear//Results/tfMRI_WM/tfMRI_WM_hp200_s2_level2.feat/GrayordinatesStats/cope6.feat/weights1.dtseries.nii","s2AaU8dG1z.NPduKYcHPbl.dXbiP8vHo"
"s3://hcp-openaccess/HCP_1200/506234/MNINonLinear/Results/tfMRI_WM/tfMRI_WM_hp200_s2_level2.feat/GrayordinatesStats/cope6.feat/zflame1lowertstat1.dtseries.nii","506234","MNINonLinear//Results/tfMRI_WM/tfMRI_WM_hp200_s2_level2.feat/GrayordinatesStats/cope6.feat/zflame1lowertstat1.dtseries.nii","p50eIEmRPdeDruaEjeGBCxlDgdax_q2n"
"s3://hcp-openaccess/HCP_1200/506234/MNINonLinear/Results/tfMRI_WM/tfMRI_WM_hp200_s2_level2.feat/GrayordinatesStats/cope6.feat/zflame1uppertstat1.dtseries.nii","506234","MNINonLinear//Results/tfMRI_WM/tfMRI_WM_hp200_s2_level2.feat/GrayordinatesStats/cope6.feat/zflame1uppertstat1.dtseries.nii","W1NBqGosdvIgo7AJBa7GqGyaotTi4e_3"
"s3://hcp-openaccess/HCP_1200/506234/MNINonLinear/Results/tfMRI_WM/tfMRI_WM_hp200_s2_level2.feat/GrayordinatesStats/cope6.feat/zstat1.dtseries.nii","506234","MNINonLinear//Results/tfMRI_WM/tfMRI_WM_hp200_s2_level2.feat/GrayordinatesStats/cope6.feat/zstat1.dtseries.nii","ibaSnlzMeneG.ErixRbSf7n12_BOjAD6"
"s3://hcp-openaccess/HCP_1200/506234/MNINonLinear/Results/tfMRI_WM/tfMRI_WM_hp200_s2_level2.feat/GrayordinatesStats/cope7.feat/cope1.dtseries.nii","506234","MNINonLinear//Results/tfMRI_WM/tfMRI_WM_hp200_s2_level2.feat/GrayordinatesStats/cope7.feat/cope1.dtseries.nii","n9QTnTx8FowX8anUx2aNPXm_jRqYkl_4"
"s3://hcp-openaccess/HCP_1200/506234/MNINonLinear/Results/tfMRI_WM/tfMRI_WM_hp200_s2_level2.feat/GrayordinatesStats/cope7.feat/logfile","506234","MNINonLinear//Results/tfMRI_WM/tfMRI_WM_hp200_s2_level2.feat/GrayordinatesStats/cope7.feat/logfile","S1KQ7Gzj04yXIiap7ER1RuKKywoVTrHT"
"s3://hcp-openaccess/HCP_1200/506234/MNINonLinear/Results/tfMRI_WM/tfMRI_WM_hp200_s2_level2.feat/GrayordinatesStats/cope7.feat/mask.dtseries.nii","506234","MNINonLinear//Results/tfMRI_WM/tfMRI_WM_hp200_s2_level2.feat/GrayordinatesStats/cope7.feat/mask.dtseries.nii","mRHfV8hfB4slgy3FY.w03jL6gidtn4Il"
"s3://hcp-openaccess/HCP_1200/506234/MNINonLinear/Results/tfMRI_WM/tfMRI_WM_hp200_s2_level2.feat/GrayordinatesStats/cope7.feat/mean_random_effects_var1.dtseries.nii","506234","MNINonLinear//Results/tfMRI_WM/tfMRI_WM_hp200_s2_level2.feat/GrayordinatesStats/cope7.feat/mean_random_effects_var1.dtseries.nii","jb8IJztjzzjEFQ0eduJqwZXYMn8ejOXx"
"s3://hcp-openaccess/HCP_1200/506234/MNINonLinear/Results/tfMRI_WM/tfMRI_WM_hp200_s2_level2.feat/GrayordinatesStats/cope7.feat/pe1.dtseries.nii","506234","MNINonLinear//Results/tfMRI_WM/tfMRI_WM_hp200_s2_level2.feat/GrayordinatesStats/cope7.feat/pe1.dtseries.nii","SJUzxlRDvYGozdna9r4tECYmUmLFrc1S"
"s3://hcp-openaccess/HCP_1200/506234/MNINonLinear/Results/tfMRI_WM/tfMRI_WM_hp200_s2_level2.feat/GrayordinatesStats/cope7.feat/res4d.dtseries.nii","506234","MNINonLinear//Results/tfMRI_WM/tfMRI_WM_hp200_s2_level2.feat/GrayordinatesStats/cope7.feat/res4d.dtseries.nii","8lDB.RJqhN.NmSWkg4uYad4GAvo8vpPQ"
"s3://hcp-openaccess/HCP_1200/506234/MNINonLinear/Results/tfMRI_WM/tfMRI_WM_hp200_s2_level2.feat/GrayordinatesStats/cope7.feat/tdof_t1.dtseries.nii","506234","MNINonLinear//Results/tfMRI_WM/tfMRI_WM_hp200_s2_level2.feat/GrayordinatesStats/cope7.feat/tdof_t1.dtseries.nii","ngczhVQoS38GReIcLwMgGyDZQqOaqzEV"
"s3://hcp-openaccess/HCP_1200/506234/MNINonLinear/Results/tfMRI_WM/tfMRI_WM_hp200_s2_level2.feat/GrayordinatesStats/cope7.feat/tstat1.dtseries.nii","506234","MNINonLinear//Results/tfMRI_WM/tfMRI_WM_hp200_s2_level2.feat/GrayordinatesStats/cope7.feat/tstat1.dtseries.nii","J2Ucm5s2z6ioqxCvHG_0MEuGkYIdZG19"
"s3://hcp-openaccess/HCP_1200/506234/MNINonLinear/Results/tfMRI_WM/tfMRI_WM_hp200_s2_level2.feat/GrayordinatesStats/cope7.feat/varcope1.dtseries.nii","506234","MNINonLinear//Results/tfMRI_WM/tfMRI_WM_hp200_s2_level2.feat/GrayordinatesStats/cope7.feat/varcope1.dtseries.nii","07Y59sIhLau3QuE..LQas8iWf7eLghmD"
"s3://hcp-openaccess/HCP_1200/506234/MNINonLinear/Results/tfMRI_WM/tfMRI_WM_hp200_s2_level2.feat/GrayordinatesStats/cope7.feat/weights1.dtseries.nii","506234","MNINonLinear//Results/tfMRI_WM/tfMRI_WM_hp200_s2_level2.feat/GrayordinatesStats/cope7.feat/weights1.dtseries.nii","xfLa9BHKo0iTmDJZlr6WTZUQX0eaL.DI"
"s3://hcp-openaccess/HCP_1200/506234/MNINonLinear/Results/tfMRI_WM/tfMRI_WM_hp200_s2_level2.feat/GrayordinatesStats/cope7.feat/zflame1lowertstat1.dtseries.nii","506234","MNINonLinear//Results/tfMRI_WM/tfMRI_WM_hp200_s2_level2.feat/GrayordinatesStats/cope7.feat/zflame1lowertstat1.dtseries.nii","8.N9s9KZjSBTyf4JuzgAYXb6KFJ6amZC"
"s3://hcp-openaccess/HCP_1200/506234/MNINonLinear/Results/tfMRI_WM/tfMRI_WM_hp200_s2_level2.feat/GrayordinatesStats/cope7.feat/zflame1uppertstat1.dtseries.nii","506234","MNINonLinear//Results/tfMRI_WM/tfMRI_WM_hp200_s2_level2.feat/GrayordinatesStats/cope7.feat/zflame1uppertstat1.dtseries.nii","NT3OSRMWmJhNX4YvOa3PjRW.ioxseqcy"
"s3://hcp-openaccess/HCP_1200/506234/MNINonLinear/Results/tfMRI_WM/tfMRI_WM_hp200_s2_level2.feat/GrayordinatesStats/cope7.feat/zstat1.dtseries.nii","506234","MNINonLinear//Results/tfMRI_WM/tfMRI_WM_hp200_s2_level2.feat/GrayordinatesStats/cope7.feat/zstat1.dtseries.nii","jieMNgKNFBmNyEnxdHUco0MJvVmsUAXh"
"s3://hcp-openaccess/HCP_1200/506234/MNINonLinear/Results/tfMRI_WM/tfMRI_WM_hp200_s2_level2.feat/GrayordinatesStats/cope8.feat/cope1.dtseries.nii","506234","MNINonLinear//Results/tfMRI_WM/tfMRI_WM_hp200_s2_level2.feat/GrayordinatesStats/cope8.feat/cope1.dtseries.nii","m7R9JLjgpaAtVEKN3h4WTJGqTSfjFaRB"
"s3://hcp-openaccess/HCP_1200/506234/MNINonLinear/Results/tfMRI_WM/tfMRI_WM_hp200_s2_level2.feat/GrayordinatesStats/cope8.feat/logfile","506234","MNINonLinear//Results/tfMRI_WM/tfMRI_WM_hp200_s2_level2.feat/GrayordinatesStats/cope8.feat/logfile","0UYpMMHMc5wWHcmpWQrCLgsfnWr7VCxL"
"s3://hcp-openaccess/HCP_1200/506234/MNINonLinear/Results/tfMRI_WM/tfMRI_WM_hp200_s2_level2.feat/GrayordinatesStats/cope8.feat/mask.dtseries.nii","506234","MNINonLinear//Results/tfMRI_WM/tfMRI_WM_hp200_s2_level2.feat/GrayordinatesStats/cope8.feat/mask.dtseries.nii","ER.fQJu02gJSY97ZdLppkbLy9PRimdMM"
"s3://hcp-openaccess/HCP_1200/506234/MNINonLinear/Results/tfMRI_WM/tfMRI_WM_hp200_s2_level2.feat/GrayordinatesStats/cope8.feat/mean_random_effects_var1.dtseries.nii","506234","MNINonLinear//Results/tfMRI_WM/tfMRI_WM_hp200_s2_level2.feat/GrayordinatesStats/cope8.feat/mean_random_effects_var1.dtseries.nii","VvJH2CdoTlj.1bUxUS5Htc3MXaanR2nI"
"s3://hcp-openaccess/HCP_1200/506234/MNINonLinear/Results/tfMRI_WM/tfMRI_WM_hp200_s2_level2.feat/GrayordinatesStats/cope8.feat/pe1.dtseries.nii","506234","MNINonLinear//Results/tfMRI_WM/tfMRI_WM_hp200_s2_level2.feat/GrayordinatesStats/cope8.feat/pe1.dtseries.nii","QJmBr7m4Stp_KSFwF9o3kOca4Cb5vgd0"
"s3://hcp-openaccess/HCP_1200/506234/MNINonLinear/Results/tfMRI_WM/tfMRI_WM_hp200_s2_level2.feat/GrayordinatesStats/cope8.feat/res4d.dtseries.nii","506234","MNINonLinear//Results/tfMRI_WM/tfMRI_WM_hp200_s2_level2.feat/GrayordinatesStats/cope8.feat/res4d.dtseries.nii","P1YEN57vaeN.j2Ua22Z829O1uYk6tP4c"
"s3://hcp-openaccess/HCP_1200/506234/MNINonLinear/Results/tfMRI_WM/tfMRI_WM_hp200_s2_level2.feat/GrayordinatesStats/cope8.feat/tdof_t1.dtseries.nii","506234","MNINonLinear//Results/tfMRI_WM/tfMRI_WM_hp200_s2_level2.feat/GrayordinatesStats/cope8.feat/tdof_t1.dtseries.nii","P6Uo4hn2S5FWEp3UCFvH43zj3_WrPrZL"
"s3://hcp-openaccess/HCP_1200/506234/MNINonLinear/Results/tfMRI_WM/tfMRI_WM_hp200_s2_level2.feat/GrayordinatesStats/cope8.feat/tstat1.dtseries.nii","506234","MNINonLinear//Results/tfMRI_WM/tfMRI_WM_hp200_s2_level2.feat/GrayordinatesStats/cope8.feat/tstat1.dtseries.nii","TUYdIkC5pcGPo9sdoZPJnwwoksUGVWI9"
"s3://hcp-openaccess/HCP_1200/506234/MNINonLinear/Results/tfMRI_WM/tfMRI_WM_hp200_s2_level2.feat/GrayordinatesStats/cope8.feat/varcope1.dtseries.nii","506234","MNINonLinear//Results/tfMRI_WM/tfMRI_WM_hp200_s2_level2.feat/GrayordinatesStats/cope8.feat/varcope1.dtseries.nii","2H3rku9BFaKIxCROhbbZkmB2q00qQHKt"
"s3://hcp-openaccess/HCP_1200/506234/MNINonLinear/Results/tfMRI_WM/tfMRI_WM_hp200_s2_level2.feat/GrayordinatesStats/cope8.feat/weights1.dtseries.nii","506234","MNINonLinear//Results/tfMRI_WM/tfMRI_WM_hp200_s2_level2.feat/GrayordinatesStats/cope8.feat/weights1.dtseries.nii","U.wVJDFzQLAPq5CiA.rDSJs6BA5UBw5L"
"s3://hcp-openaccess/HCP_1200/506234/MNINonLinear/Results/tfMRI_WM/tfMRI_WM_hp200_s2_level2.feat/GrayordinatesStats/cope8.feat/zflame1lowertstat1.dtseries.nii","506234","MNINonLinear//Results/tfMRI_WM/tfMRI_WM_hp200_s2_level2.feat/GrayordinatesStats/cope8.feat/zflame1lowertstat1.dtseries.nii","cOO7Mfl986xoRRWr1iXp9NUI0fGwv5gB"
"s3://hcp-openaccess/HCP_1200/506234/MNINonLinear/Results/tfMRI_WM/tfMRI_WM_hp200_s2_level2.feat/GrayordinatesStats/cope8.feat/zflame1uppertstat1.dtseries.nii","506234","MNINonLinear//Results/tfMRI_WM/tfMRI_WM_hp200_s2_level2.feat/GrayordinatesStats/cope8.feat/zflame1uppertstat1.dtseries.nii","3UiVLPUl8znxdJls.cM.2cJrERASp5jg"
"s3://hcp-openaccess/HCP_1200/506234/MNINonLinear/Results/tfMRI_WM/tfMRI_WM_hp200_s2_level2.feat/GrayordinatesStats/cope8.feat/zstat1.dtseries.nii","506234","MNINonLinear//Results/tfMRI_WM/tfMRI_WM_hp200_s2_level2.feat/GrayordinatesStats/cope8.feat/zstat1.dtseries.nii","Na4D0lwYh1Vj8eOzOWnO5fYfwZLapJzT"
"s3://hcp-openaccess/HCP_1200/506234/MNINonLinear/Results/tfMRI_WM/tfMRI_WM_hp200_s2_level2.feat/GrayordinatesStats/cope9.feat/cope1.dtseries.nii","506234","MNINonLinear//Results/tfMRI_WM/tfMRI_WM_hp200_s2_level2.feat/GrayordinatesStats/cope9.feat/cope1.dtseries.nii","D7KZRTwFPk_kkZu9Se1hVDKiWOCSe_ux"
"s3://hcp-openaccess/HCP_1200/506234/MNINonLinear/Results/tfMRI_WM/tfMRI_WM_hp200_s2_level2.feat/GrayordinatesStats/cope9.feat/logfile","506234","MNINonLinear//Results/tfMRI_WM/tfMRI_WM_hp200_s2_level2.feat/GrayordinatesStats/cope9.feat/logfile","oUfFX38xlqLeVbRnL6wDZJ77RXeQ37H7"
"s3://hcp-openaccess/HCP_1200/506234/MNINonLinear/Results/tfMRI_WM/tfMRI_WM_hp200_s2_level2.feat/GrayordinatesStats/cope9.feat/mask.dtseries.nii","506234","MNINonLinear//Results/tfMRI_WM/tfMRI_WM_hp200_s2_level2.feat/GrayordinatesStats/cope9.feat/mask.dtseries.nii","HzCftkLdG8TL11yywggGJXlRzh4BisMY"
"s3://hcp-openaccess/HCP_1200/506234/MNINonLinear/Results/tfMRI_WM/tfMRI_WM_hp200_s2_level2.feat/GrayordinatesStats/cope9.feat/mean_random_effects_var1.dtseries.nii","506234","MNINonLinear//Results/tfMRI_WM/tfMRI_WM_hp200_s2_level2.feat/GrayordinatesStats/cope9.feat/mean_random_effects_var1.dtseries.nii","yA3frs30UOSPMk8HOc5_.E12_VZhzmFp"
"s3://hcp-openaccess/HCP_1200/506234/MNINonLinear/Results/tfMRI_WM/tfMRI_WM_hp200_s2_level2.feat/GrayordinatesStats/cope9.feat/pe1.dtseries.nii","506234","MNINonLinear//Results/tfMRI_WM/tfMRI_WM_hp200_s2_level2.feat/GrayordinatesStats/cope9.feat/pe1.dtseries.nii","4LO3rF_koVCoUi9EsBQ1skqi6LOJ.Ubl"
"s3://hcp-openaccess/HCP_1200/506234/MNINonLinear/Results/tfMRI_WM/tfMRI_WM_hp200_s2_level2.feat/GrayordinatesStats/cope9.feat/res4d.dtseries.nii","506234","MNINonLinear//Results/tfMRI_WM/tfMRI_WM_hp200_s2_level2.feat/GrayordinatesStats/cope9.feat/res4d.dtseries.nii","Jid_BfNx91prlijRpHOgoICHrnTgd6fz"
"s3://hcp-openaccess/HCP_1200/506234/MNINonLinear/Results/tfMRI_WM/tfMRI_WM_hp200_s2_level2.feat/GrayordinatesStats/cope9.feat/tdof_t1.dtseries.nii","506234","MNINonLinear//Results/tfMRI_WM/tfMRI_WM_hp200_s2_level2.feat/GrayordinatesStats/cope9.feat/tdof_t1.dtseries.nii","PfYhZa7CvVl9.7YWpqbGCXNYtKP3mkip"
"s3://hcp-openaccess/HCP_1200/506234/MNINonLinear/Results/tfMRI_WM/tfMRI_WM_hp200_s2_level2.feat/GrayordinatesStats/cope9.feat/tstat1.dtseries.nii","506234","MNINonLinear//Results/tfMRI_WM/tfMRI_WM_hp200_s2_level2.feat/GrayordinatesStats/cope9.feat/tstat1.dtseries.nii","a8Db1ZNnLU9nIT5RShsdgCVe5iFkWo10"
"s3://hcp-openaccess/HCP_1200/506234/MNINonLinear/Results/tfMRI_WM/tfMRI_WM_hp200_s2_level2.feat/GrayordinatesStats/cope9.feat/varcope1.dtseries.nii","506234","MNINonLinear//Results/tfMRI_WM/tfMRI_WM_hp200_s2_level2.feat/GrayordinatesStats/cope9.feat/varcope1.dtseries.nii","EuIGp5cBWP5ohbKB5hElnT5eOVgkQjnW"
"s3://hcp-openaccess/HCP_1200/506234/MNINonLinear/Results/tfMRI_WM/tfMRI_WM_hp200_s2_level2.feat/GrayordinatesStats/cope9.feat/weights1.dtseries.nii","506234","MNINonLinear//Results/tfMRI_WM/tfMRI_WM_hp200_s2_level2.feat/GrayordinatesStats/cope9.feat/weights1.dtseries.nii","HVdOsuTFO.jeoeIk0G56s3lHCEhyaNLs"
"s3://hcp-openaccess/HCP_1200/506234/MNINonLinear/Results/tfMRI_WM/tfMRI_WM_hp200_s2_level2.feat/GrayordinatesStats/cope9.feat/zflame1lowertstat1.dtseries.nii","506234","MNINonLinear//Results/tfMRI_WM/tfMRI_WM_hp200_s2_level2.feat/GrayordinatesStats/cope9.feat/zflame1lowertstat1.dtseries.nii","CvYAfCJ4_3_.9A6LwmRzEvCujNjoE7fj"
"s3://hcp-openaccess/HCP_1200/506234/MNINonLinear/Results/tfMRI_WM/tfMRI_WM_hp200_s2_level2.feat/GrayordinatesStats/cope9.feat/zflame1uppertstat1.dtseries.nii","506234","MNINonLinear//Results/tfMRI_WM/tfMRI_WM_hp200_s2_level2.feat/GrayordinatesStats/cope9.feat/zflame1uppertstat1.dtseries.nii",".v2dnR6_QgNrHNZX47pCmQJyEcU9c7Hg"
"s3://hcp-openaccess/HCP_1200/506234/MNINonLinear/Results/tfMRI_WM/tfMRI_WM_hp200_s2_level2.feat/GrayordinatesStats/cope9.feat/zstat1.dtseries.nii","506234","MNINonLinear//Results/tfMRI_WM/tfMRI_WM_hp200_s2_level2.feat/GrayordinatesStats/cope9.feat/zstat1.dtseries.nii","knNE5evqG6qJQ3HFw0wnTRZLaT4DLnT3"
"s3://hcp-openaccess/HCP_1200/506234/MNINonLinear/Results/tfMRI_WM/tfMRI_WM_hp200_s2_level2.feat/design.con","506234","MNINonLinear//Results/tfMRI_WM/tfMRI_WM_hp200_s2_level2.feat/design.con","aIvgJV76UlIDsujgcz2IbToeCZrjMWve"
"s3://hcp-openaccess/HCP_1200/506234/MNINonLinear/Results/tfMRI_WM/tfMRI_WM_hp200_s2_level2.feat/design.fsf","506234","MNINonLinear//Results/tfMRI_WM/tfMRI_WM_hp200_s2_level2.feat/design.fsf",".TgGI2A0rGmhMT7T66wyGt1mRumETQFd"
"s3://hcp-openaccess/HCP_1200/506234/MNINonLinear/Results/tfMRI_WM/tfMRI_WM_hp200_s2_level2.feat/design.grp","506234","MNINonLinear//Results/tfMRI_WM/tfMRI_WM_hp200_s2_level2.feat/design.grp","HMjoT8zH1Q1Be.eR95iWMHG01s9tHM6v"
"s3://hcp-openaccess/HCP_1200/506234/MNINonLinear/Results/tfMRI_WM/tfMRI_WM_hp200_s2_level2.feat/design.mat","506234","MNINonLinear//Results/tfMRI_WM/tfMRI_WM_hp200_s2_level2.feat/design.mat","nOezIUy3HgRalkkGlD2eCZgKrkx1IyZ6"
"s3://hcp-openaccess/HCP_1200/506234/MNINonLinear/Results/tfMRI_WM/tfMRI_WM_hp200_s2_level2.feat/design.png","506234","MNINonLinear//Results/tfMRI_WM/tfMRI_WM_hp200_s2_level2.feat/design.png","f5uHqGbmiPAiGNus8MRd12utp7XZ2_FW"
"s3://hcp-openaccess/HCP_1200/506234/MNINonLinear/Results/tfMRI_WM/tfMRI_WM_hp200_s2_level2.feat/design.ppm","506234","MNINonLinear//Results/tfMRI_WM/tfMRI_WM_hp200_s2_level2.feat/design.ppm","5zUHTNXYcr.pzhvActiDyNF7MIUfoHNg"
"s3://hcp-openaccess/HCP_1200/506234/MNINonLinear/Results/tfMRI_WM/tfMRI_WM_hp200_s2_level2.feat/design_cov.png","506234","MNINonLinear//Results/tfMRI_WM/tfMRI_WM_hp200_s2_level2.feat/design_cov.png","ZZV5JqLLzOdGHtyuOPGBFppug7W41f4T"
"s3://hcp-openaccess/HCP_1200/506234/MNINonLinear/Results/tfMRI_WM/tfMRI_WM_hp200_s2_level2.feat/design_cov.ppm","506234","MNINonLinear//Results/tfMRI_WM/tfMRI_WM_hp200_s2_level2.feat/design_cov.ppm","Y7u0wnD1.WeVTrXHiwwJe_HabHU.miiP"
"s3://hcp-openaccess/HCP_1200/506234/MNINonLinear/Results/tfMRI_WM/tfMRI_WM_hp200_s2_level2_MSMAll.feat/506234_tfMRI_WM_level2_hp200_s2_MSMAll.dscalar.nii","506234","MNINonLinear//Results/tfMRI_WM/tfMRI_WM_hp200_s2_level2_MSMAll.feat/506234_tfMRI_WM_level2_hp200_s2_MSMAll.dscalar.nii","PUGMldfRRD5Fot52Q2.G0C_LskvSzHOs"
"s3://hcp-openaccess/HCP_1200/506234/MNINonLinear/Results/tfMRI_WM/tfMRI_WM_hp200_s2_level2_MSMAll.feat/Contrasts.txt","506234","MNINonLinear//Results/tfMRI_WM/tfMRI_WM_hp200_s2_level2_MSMAll.feat/Contrasts.txt","P1eIrg3NosjgXmGtbWzeqOsNMdkesk.x"
"s3://hcp-openaccess/HCP_1200/506234/MNINonLinear/Results/tfMRI_WM/tfMRI_WM_hp200_s2_level2_MSMAll.feat/GrayordinatesStats/cope1.feat/cope1.dtseries.nii","506234","MNINonLinear//Results/tfMRI_WM/tfMRI_WM_hp200_s2_level2_MSMAll.feat/GrayordinatesStats/cope1.feat/cope1.dtseries.nii","HNz7bQcfhCMfqEt4Ya9xpqYWWVFLWmPd"
"s3://hcp-openaccess/HCP_1200/506234/MNINonLinear/Results/tfMRI_WM/tfMRI_WM_hp200_s2_level2_MSMAll.feat/GrayordinatesStats/cope1.feat/logfile","506234","MNINonLinear//Results/tfMRI_WM/tfMRI_WM_hp200_s2_level2_MSMAll.feat/GrayordinatesStats/cope1.feat/logfile","zc4Bfk1mAMs9v.fk1.VkW8SyeYrffLFv"
"s3://hcp-openaccess/HCP_1200/506234/MNINonLinear/Results/tfMRI_WM/tfMRI_WM_hp200_s2_level2_MSMAll.feat/GrayordinatesStats/cope1.feat/mask.dtseries.nii","506234","MNINonLinear//Results/tfMRI_WM/tfMRI_WM_hp200_s2_level2_MSMAll.feat/GrayordinatesStats/cope1.feat/mask.dtseries.nii","JmcOUdxvx_oE3wG5HLGQq96MpQoJr5.C"
"s3://hcp-openaccess/HCP_1200/506234/MNINonLinear/Results/tfMRI_WM/tfMRI_WM_hp200_s2_level2_MSMAll.feat/GrayordinatesStats/cope1.feat/mean_random_effects_var1.dtseries.nii","506234","MNINonLinear//Results/tfMRI_WM/tfMRI_WM_hp200_s2_level2_MSMAll.feat/GrayordinatesStats/cope1.feat/mean_random_effects_var1.dtseries.nii","ziEUSpO7khGJEbCgGZcjTziYMA.oQnBd"
"s3://hcp-openaccess/HCP_1200/506234/MNINonLinear/Results/tfMRI_WM/tfMRI_WM_hp200_s2_level2_MSMAll.feat/GrayordinatesStats/cope1.feat/pe1.dtseries.nii","506234","MNINonLinear//Results/tfMRI_WM/tfMRI_WM_hp200_s2_level2_MSMAll.feat/GrayordinatesStats/cope1.feat/pe1.dtseries.nii","0HsWfukFwMw49C5uRO7_PtR26BgB8Cva"
"s3://hcp-openaccess/HCP_1200/506234/MNINonLinear/Results/tfMRI_WM/tfMRI_WM_hp200_s2_level2_MSMAll.feat/GrayordinatesStats/cope1.feat/res4d.dtseries.nii","506234","MNINonLinear//Results/tfMRI_WM/tfMRI_WM_hp200_s2_level2_MSMAll.feat/GrayordinatesStats/cope1.feat/res4d.dtseries.nii","XGoh7CPZOZfaryCO_2mqkrNl.LI.GmBu"
"s3://hcp-openaccess/HCP_1200/506234/MNINonLinear/Results/tfMRI_WM/tfMRI_WM_hp200_s2_level2_MSMAll.feat/GrayordinatesStats/cope1.feat/tdof_t1.dtseries.nii","506234","MNINonLinear//Results/tfMRI_WM/tfMRI_WM_hp200_s2_level2_MSMAll.feat/GrayordinatesStats/cope1.feat/tdof_t1.dtseries.nii","9k10OWl_vh6TK_k8bXbMnfrbaQ.Ra5se"
"s3://hcp-openaccess/HCP_1200/506234/MNINonLinear/Results/tfMRI_WM/tfMRI_WM_hp200_s2_level2_MSMAll.feat/GrayordinatesStats/cope1.feat/tstat1.dtseries.nii","506234","MNINonLinear//Results/tfMRI_WM/tfMRI_WM_hp200_s2_level2_MSMAll.feat/GrayordinatesStats/cope1.feat/tstat1.dtseries.nii","w2ihW86396CBzJx4zNa1.Lw5FvYh2Pr2"
"s3://hcp-openaccess/HCP_1200/506234/MNINonLinear/Results/tfMRI_WM/tfMRI_WM_hp200_s2_level2_MSMAll.feat/GrayordinatesStats/cope1.feat/varcope1.dtseries.nii","506234","MNINonLinear//Results/tfMRI_WM/tfMRI_WM_hp200_s2_level2_MSMAll.feat/GrayordinatesStats/cope1.feat/varcope1.dtseries.nii","QiRuM7DlIvKSBN9HMw47X_y.hJo0nvjZ"
"s3://hcp-openaccess/HCP_1200/506234/MNINonLinear/Results/tfMRI_WM/tfMRI_WM_hp200_s2_level2_MSMAll.feat/GrayordinatesStats/cope1.feat/weights1.dtseries.nii","506234","MNINonLinear//Results/tfMRI_WM/tfMRI_WM_hp200_s2_level2_MSMAll.feat/GrayordinatesStats/cope1.feat/weights1.dtseries.nii","5Cali1Qx2imJNxDhIUZl6fI8cZp0m5Py"
"s3://hcp-openaccess/HCP_1200/506234/MNINonLinear/Results/tfMRI_WM/tfMRI_WM_hp200_s2_level2_MSMAll.feat/GrayordinatesStats/cope1.feat/zflame1lowertstat1.dtseries.nii","506234","MNINonLinear//Results/tfMRI_WM/tfMRI_WM_hp200_s2_level2_MSMAll.feat/GrayordinatesStats/cope1.feat/zflame1lowertstat1.dtseries.nii","d0Zzmrf9RMhZoCZcsjryldjGBMLLGVID"
"s3://hcp-openaccess/HCP_1200/506234/MNINonLinear/Results/tfMRI_WM/tfMRI_WM_hp200_s2_level2_MSMAll.feat/GrayordinatesStats/cope1.feat/zflame1uppertstat1.dtseries.nii","506234","MNINonLinear//Results/tfMRI_WM/tfMRI_WM_hp200_s2_level2_MSMAll.feat/GrayordinatesStats/cope1.feat/zflame1uppertstat1.dtseries.nii","64PoHtwpWxNRx1tkx8ENy2w1MYnWkXi5"
"s3://hcp-openaccess/HCP_1200/506234/MNINonLinear/Results/tfMRI_WM/tfMRI_WM_hp200_s2_level2_MSMAll.feat/GrayordinatesStats/cope1.feat/zstat1.dtseries.nii","506234","MNINonLinear//Results/tfMRI_WM/tfMRI_WM_hp200_s2_level2_MSMAll.feat/GrayordinatesStats/cope1.feat/zstat1.dtseries.nii","h2.yC.E70tgxE0EsM5RNCjCbMzrL1sZ."
"s3://hcp-openaccess/HCP_1200/506234/MNINonLinear/Results/tfMRI_WM/tfMRI_WM_hp200_s2_level2_MSMAll.feat/GrayordinatesStats/cope10.feat/cope1.dtseries.nii","506234","MNINonLinear//Results/tfMRI_WM/tfMRI_WM_hp200_s2_level2_MSMAll.feat/GrayordinatesStats/cope10.feat/cope1.dtseries.nii","zK5ODM7OwTfC7qAHR_LYaRfVmJJFndhZ"
"s3://hcp-openaccess/HCP_1200/506234/MNINonLinear/Results/tfMRI_WM/tfMRI_WM_hp200_s2_level2_MSMAll.feat/GrayordinatesStats/cope10.feat/logfile","506234","MNINonLinear//Results/tfMRI_WM/tfMRI_WM_hp200_s2_level2_MSMAll.feat/GrayordinatesStats/cope10.feat/logfile","tiG0TvMnDRQl_tJ.Yk9a.7aDqOmP4xg1"
"s3://hcp-openaccess/HCP_1200/506234/MNINonLinear/Results/tfMRI_WM/tfMRI_WM_hp200_s2_level2_MSMAll.feat/GrayordinatesStats/cope10.feat/mask.dtseries.nii","506234","MNINonLinear//Results/tfMRI_WM/tfMRI_WM_hp200_s2_level2_MSMAll.feat/GrayordinatesStats/cope10.feat/mask.dtseries.nii","HR3qX_w.AIhQ1doh3LHDj0Z7DwYY0fdn"
"s3://hcp-openaccess/HCP_1200/506234/MNINonLinear/Results/tfMRI_WM/tfMRI_WM_hp200_s2_level2_MSMAll.feat/GrayordinatesStats/cope10.feat/mean_random_effects_var1.dtseries.nii","506234","MNINonLinear//Results/tfMRI_WM/tfMRI_WM_hp200_s2_level2_MSMAll.feat/GrayordinatesStats/cope10.feat/mean_random_effects_var1.dtseries.nii","kRaeT8GmtQavFRk9zc5GauJqPDHQ5_du"
"s3://hcp-openaccess/HCP_1200/506234/MNINonLinear/Results/tfMRI_WM/tfMRI_WM_hp200_s2_level2_MSMAll.feat/GrayordinatesStats/cope10.feat/pe1.dtseries.nii","506234","MNINonLinear//Results/tfMRI_WM/tfMRI_WM_hp200_s2_level2_MSMAll.feat/GrayordinatesStats/cope10.feat/pe1.dtseries.nii","z2CAmfFxew40VTwPfbNlzjhRsw7rJOZu"
"s3://hcp-openaccess/HCP_1200/506234/MNINonLinear/Results/tfMRI_WM/tfMRI_WM_hp200_s2_level2_MSMAll.feat/GrayordinatesStats/cope10.feat/res4d.dtseries.nii","506234","MNINonLinear//Results/tfMRI_WM/tfMRI_WM_hp200_s2_level2_MSMAll.feat/GrayordinatesStats/cope10.feat/res4d.dtseries.nii","6kby0oQE_nxpHSnUOa8fdLHzFme29_vT"
"s3://hcp-openaccess/HCP_1200/506234/MNINonLinear/Results/tfMRI_WM/tfMRI_WM_hp200_s2_level2_MSMAll.feat/GrayordinatesStats/cope10.feat/tdof_t1.dtseries.nii","506234","MNINonLinear//Results/tfMRI_WM/tfMRI_WM_hp200_s2_level2_MSMAll.feat/GrayordinatesStats/cope10.feat/tdof_t1.dtseries.nii","oBRz3wSjgTdkjwQVy3dL5sH01U5UvI7L"
"s3://hcp-openaccess/HCP_1200/506234/MNINonLinear/Results/tfMRI_WM/tfMRI_WM_hp200_s2_level2_MSMAll.feat/GrayordinatesStats/cope10.feat/tstat1.dtseries.nii","506234","MNINonLinear//Results/tfMRI_WM/tfMRI_WM_hp200_s2_level2_MSMAll.feat/GrayordinatesStats/cope10.feat/tstat1.dtseries.nii","aDowPmYE88FlkkuNdDl_ifOhzswj8Wab"
"s3://hcp-openaccess/HCP_1200/506234/MNINonLinear/Results/tfMRI_WM/tfMRI_WM_hp200_s2_level2_MSMAll.feat/GrayordinatesStats/cope10.feat/varcope1.dtseries.nii","506234","MNINonLinear//Results/tfMRI_WM/tfMRI_WM_hp200_s2_level2_MSMAll.feat/GrayordinatesStats/cope10.feat/varcope1.dtseries.nii","0ai6t1YWDs0rVK6FZqc1HbtRHmLNuBlI"
"s3://hcp-openaccess/HCP_1200/506234/MNINonLinear/Results/tfMRI_WM/tfMRI_WM_hp200_s2_level2_MSMAll.feat/GrayordinatesStats/cope10.feat/weights1.dtseries.nii","506234","MNINonLinear//Results/tfMRI_WM/tfMRI_WM_hp200_s2_level2_MSMAll.feat/GrayordinatesStats/cope10.feat/weights1.dtseries.nii","eCWPchBNz3qwfXSK3LL23jDZzGZiDv_s"
"s3://hcp-openaccess/HCP_1200/506234/MNINonLinear/Results/tfMRI_WM/tfMRI_WM_hp200_s2_level2_MSMAll.feat/GrayordinatesStats/cope10.feat/zflame1lowertstat1.dtseries.nii","506234","MNINonLinear//Results/tfMRI_WM/tfMRI_WM_hp200_s2_level2_MSMAll.feat/GrayordinatesStats/cope10.feat/zflame1lowertstat1.dtseries.nii","fiomsu2_9VOMz8HpQlZpmQBzsI62VEY7"
"s3://hcp-openaccess/HCP_1200/506234/MNINonLinear/Results/tfMRI_WM/tfMRI_WM_hp200_s2_level2_MSMAll.feat/GrayordinatesStats/cope10.feat/zflame1uppertstat1.dtseries.nii","506234","MNINonLinear//Results/tfMRI_WM/tfMRI_WM_hp200_s2_level2_MSMAll.feat/GrayordinatesStats/cope10.feat/zflame1uppertstat1.dtseries.nii","L.W1auerRBzFq9TxF0qyMYD6._ZT9RkA"
"s3://hcp-openaccess/HCP_1200/506234/MNINonLinear/Results/tfMRI_WM/tfMRI_WM_hp200_s2_level2_MSMAll.feat/GrayordinatesStats/cope10.feat/zstat1.dtseries.nii","506234","MNINonLinear//Results/tfMRI_WM/tfMRI_WM_hp200_s2_level2_MSMAll.feat/GrayordinatesStats/cope10.feat/zstat1.dtseries.nii","wHhAQ8EGPKcb5d9x60RKZ3kCl1Mge4c7"
"s3://hcp-openaccess/HCP_1200/506234/MNINonLinear/Results/tfMRI_WM/tfMRI_WM_hp200_s2_level2_MSMAll.feat/GrayordinatesStats/cope11.feat/cope1.dtseries.nii","506234","MNINonLinear//Results/tfMRI_WM/tfMRI_WM_hp200_s2_level2_MSMAll.feat/GrayordinatesStats/cope11.feat/cope1.dtseries.nii","LNx3xonO70mRRVbEfG0SmA3.Sbce1qNG"
"s3://hcp-openaccess/HCP_1200/506234/MNINonLinear/Results/tfMRI_WM/tfMRI_WM_hp200_s2_level2_MSMAll.feat/GrayordinatesStats/cope11.feat/logfile","506234","MNINonLinear//Results/tfMRI_WM/tfMRI_WM_hp200_s2_level2_MSMAll.feat/GrayordinatesStats/cope11.feat/logfile","rg4D2xpS1Fd2W2phDSGtzDcJlSiHehdO"
"s3://hcp-openaccess/HCP_1200/506234/MNINonLinear/Results/tfMRI_WM/tfMRI_WM_hp200_s2_level2_MSMAll.feat/GrayordinatesStats/cope11.feat/mask.dtseries.nii","506234","MNINonLinear//Results/tfMRI_WM/tfMRI_WM_hp200_s2_level2_MSMAll.feat/GrayordinatesStats/cope11.feat/mask.dtseries.nii","vmoMt0hReTUpX_iQ_sOlAFq0NCTNcB_q"
"s3://hcp-openaccess/HCP_1200/506234/MNINonLinear/Results/tfMRI_WM/tfMRI_WM_hp200_s2_level2_MSMAll.feat/GrayordinatesStats/cope11.feat/mean_random_effects_var1.dtseries.nii","506234","MNINonLinear//Results/tfMRI_WM/tfMRI_WM_hp200_s2_level2_MSMAll.feat/GrayordinatesStats/cope11.feat/mean_random_effects_var1.dtseries.nii","ZOz9dy.BqjE7Nl1ZbYqUvRWbZ4QuWtO8"
"s3://hcp-openaccess/HCP_1200/506234/MNINonLinear/Results/tfMRI_WM/tfMRI_WM_hp200_s2_level2_MSMAll.feat/GrayordinatesStats/cope11.feat/pe1.dtseries.nii","506234","MNINonLinear//Results/tfMRI_WM/tfMRI_WM_hp200_s2_level2_MSMAll.feat/GrayordinatesStats/cope11.feat/pe1.dtseries.nii","La7.MBcjo..00nwkk0JTkhg9.cyqQ8a0"
"s3://hcp-openaccess/HCP_1200/506234/MNINonLinear/Results/tfMRI_WM/tfMRI_WM_hp200_s2_level2_MSMAll.feat/GrayordinatesStats/cope11.feat/res4d.dtseries.nii","506234","MNINonLinear//Results/tfMRI_WM/tfMRI_WM_hp200_s2_level2_MSMAll.feat/GrayordinatesStats/cope11.feat/res4d.dtseries.nii","mcmaLKGpT_hDxrTwjfVltfsnTcPTLoYD"
"s3://hcp-openaccess/HCP_1200/506234/MNINonLinear/Results/tfMRI_WM/tfMRI_WM_hp200_s2_level2_MSMAll.feat/GrayordinatesStats/cope11.feat/tdof_t1.dtseries.nii","506234","MNINonLinear//Results/tfMRI_WM/tfMRI_WM_hp200_s2_level2_MSMAll.feat/GrayordinatesStats/cope11.feat/tdof_t1.dtseries.nii","5c7a1j8D0_PsGRMsg.N8w8kQbz_i0UNV"
"s3://hcp-openaccess/HCP_1200/506234/MNINonLinear/Results/tfMRI_WM/tfMRI_WM_hp200_s2_level2_MSMAll.feat/GrayordinatesStats/cope11.feat/tstat1.dtseries.nii","506234","MNINonLinear//Results/tfMRI_WM/tfMRI_WM_hp200_s2_level2_MSMAll.feat/GrayordinatesStats/cope11.feat/tstat1.dtseries.nii","cI.l_bCj6Hq6LsHWJRa.IPNGi3X.GP7O"
"s3://hcp-openaccess/HCP_1200/506234/MNINonLinear/Results/tfMRI_WM/tfMRI_WM_hp200_s2_level2_MSMAll.feat/GrayordinatesStats/cope11.feat/varcope1.dtseries.nii","506234","MNINonLinear//Results/tfMRI_WM/tfMRI_WM_hp200_s2_level2_MSMAll.feat/GrayordinatesStats/cope11.feat/varcope1.dtseries.nii","C77szTBjgMcFCRWf2FToHO4NKQuT1bSt"
"s3://hcp-openaccess/HCP_1200/506234/MNINonLinear/Results/tfMRI_WM/tfMRI_WM_hp200_s2_level2_MSMAll.feat/GrayordinatesStats/cope11.feat/weights1.dtseries.nii","506234","MNINonLinear//Results/tfMRI_WM/tfMRI_WM_hp200_s2_level2_MSMAll.feat/GrayordinatesStats/cope11.feat/weights1.dtseries.nii","gGRU2r67zFZQrgrvneyk70tjHp_7oqsU"
"s3://hcp-openaccess/HCP_1200/506234/MNINonLinear/Results/tfMRI_WM/tfMRI_WM_hp200_s2_level2_MSMAll.feat/GrayordinatesStats/cope11.feat/zflame1lowertstat1.dtseries.nii","506234","MNINonLinear//Results/tfMRI_WM/tfMRI_WM_hp200_s2_level2_MSMAll.feat/GrayordinatesStats/cope11.feat/zflame1lowertstat1.dtseries.nii","D7r7DvmssKduSB5pKa79CLcqYLf2DcyG"
"s3://hcp-openaccess/HCP_1200/506234/MNINonLinear/Results/tfMRI_WM/tfMRI_WM_hp200_s2_level2_MSMAll.feat/GrayordinatesStats/cope11.feat/zflame1uppertstat1.dtseries.nii","506234","MNINonLinear//Results/tfMRI_WM/tfMRI_WM_hp200_s2_level2_MSMAll.feat/GrayordinatesStats/cope11.feat/zflame1uppertstat1.dtseries.nii","ME6FtdlA_NWK4DONZsaTtoxe9EPCT75F"
"s3://hcp-openaccess/HCP_1200/506234/MNINonLinear/Results/tfMRI_WM/tfMRI_WM_hp200_s2_level2_MSMAll.feat/GrayordinatesStats/cope11.feat/zstat1.dtseries.nii","506234","MNINonLinear//Results/tfMRI_WM/tfMRI_WM_hp200_s2_level2_MSMAll.feat/GrayordinatesStats/cope11.feat/zstat1.dtseries.nii","4a2HnAWtHIFy1uQ5JVMZFXaHfZPM5UJf"
"s3://hcp-openaccess/HCP_1200/506234/MNINonLinear/Results/tfMRI_WM/tfMRI_WM_hp200_s2_level2_MSMAll.feat/GrayordinatesStats/cope12.feat/cope1.dtseries.nii","506234","MNINonLinear//Results/tfMRI_WM/tfMRI_WM_hp200_s2_level2_MSMAll.feat/GrayordinatesStats/cope12.feat/cope1.dtseries.nii","PGfyHl5y1e.B_buFnE4YIN2w2OwGf.8n"
"s3://hcp-openaccess/HCP_1200/506234/MNINonLinear/Results/tfMRI_WM/tfMRI_WM_hp200_s2_level2_MSMAll.feat/GrayordinatesStats/cope12.feat/logfile","506234","MNINonLinear//Results/tfMRI_WM/tfMRI_WM_hp200_s2_level2_MSMAll.feat/GrayordinatesStats/cope12.feat/logfile","MoN8aNHIBLDFDAaYFXy5HxFauVcNvsNe"
"s3://hcp-openaccess/HCP_1200/506234/MNINonLinear/Results/tfMRI_WM/tfMRI_WM_hp200_s2_level2_MSMAll.feat/GrayordinatesStats/cope12.feat/mask.dtseries.nii","506234","MNINonLinear//Results/tfMRI_WM/tfMRI_WM_hp200_s2_level2_MSMAll.feat/GrayordinatesStats/cope12.feat/mask.dtseries.nii","L257c7bi2CLzg9BezZ5jfxqxMzI_5trr"
"s3://hcp-openaccess/HCP_1200/506234/MNINonLinear/Results/tfMRI_WM/tfMRI_WM_hp200_s2_level2_MSMAll.feat/GrayordinatesStats/cope12.feat/mean_random_effects_var1.dtseries.nii","506234","MNINonLinear//Results/tfMRI_WM/tfMRI_WM_hp200_s2_level2_MSMAll.feat/GrayordinatesStats/cope12.feat/mean_random_effects_var1.dtseries.nii","sfw6Al7ScOmdzmyG177NAoOakbpI_0r6"
"s3://hcp-openaccess/HCP_1200/506234/MNINonLinear/Results/tfMRI_WM/tfMRI_WM_hp200_s2_level2_MSMAll.feat/GrayordinatesStats/cope12.feat/pe1.dtseries.nii","506234","MNINonLinear//Results/tfMRI_WM/tfMRI_WM_hp200_s2_level2_MSMAll.feat/GrayordinatesStats/cope12.feat/pe1.dtseries.nii","iN3520mT1TuNISy1ngTI_k7wgWJO1nrw"
"s3://hcp-openaccess/HCP_1200/506234/MNINonLinear/Results/tfMRI_WM/tfMRI_WM_hp200_s2_level2_MSMAll.feat/GrayordinatesStats/cope12.feat/res4d.dtseries.nii","506234","MNINonLinear//Results/tfMRI_WM/tfMRI_WM_hp200_s2_level2_MSMAll.feat/GrayordinatesStats/cope12.feat/res4d.dtseries.nii","CZCgJx6HCKKU7lyFnRDg0r2jyXUPQHg1"
"s3://hcp-openaccess/HCP_1200/506234/MNINonLinear/Results/tfMRI_WM/tfMRI_WM_hp200_s2_level2_MSMAll.feat/GrayordinatesStats/cope12.feat/tdof_t1.dtseries.nii","506234","MNINonLinear//Results/tfMRI_WM/tfMRI_WM_hp200_s2_level2_MSMAll.feat/GrayordinatesStats/cope12.feat/tdof_t1.dtseries.nii","sPD._kknBgKWoZusG5Dq4Meern5TnJaQ"
"s3://hcp-openaccess/HCP_1200/506234/MNINonLinear/Results/tfMRI_WM/tfMRI_WM_hp200_s2_level2_MSMAll.feat/GrayordinatesStats/cope12.feat/tstat1.dtseries.nii","506234","MNINonLinear//Results/tfMRI_WM/tfMRI_WM_hp200_s2_level2_MSMAll.feat/GrayordinatesStats/cope12.feat/tstat1.dtseries.nii","tyZUIk.rzQzxmYxfFS49OC1yUU5ybwTy"
"s3://hcp-openaccess/HCP_1200/506234/MNINonLinear/Results/tfMRI_WM/tfMRI_WM_hp200_s2_level2_MSMAll.feat/GrayordinatesStats/cope12.feat/varcope1.dtseries.nii","506234","MNINonLinear//Results/tfMRI_WM/tfMRI_WM_hp200_s2_level2_MSMAll.feat/GrayordinatesStats/cope12.feat/varcope1.dtseries.nii","fQzR.9GsN4NmIHn24HilCfSjYl79feR."
"s3://hcp-openaccess/HCP_1200/506234/MNINonLinear/Results/tfMRI_WM/tfMRI_WM_hp200_s2_level2_MSMAll.feat/GrayordinatesStats/cope12.feat/weights1.dtseries.nii","506234","MNINonLinear//Results/tfMRI_WM/tfMRI_WM_hp200_s2_level2_MSMAll.feat/GrayordinatesStats/cope12.feat/weights1.dtseries.nii","1_jgB_VTzPxtHMIguEWt6vZlGlaV0YWd"
"s3://hcp-openaccess/HCP_1200/506234/MNINonLinear/Results/tfMRI_WM/tfMRI_WM_hp200_s2_level2_MSMAll.feat/GrayordinatesStats/cope12.feat/zflame1lowertstat1.dtseries.nii","506234","MNINonLinear//Results/tfMRI_WM/tfMRI_WM_hp200_s2_level2_MSMAll.feat/GrayordinatesStats/cope12.feat/zflame1lowertstat1.dtseries.nii","36kIEwIlD_cstmW8QUZqQ4qjS2azuDYe"
"s3://hcp-openaccess/HCP_1200/506234/MNINonLinear/Results/tfMRI_WM/tfMRI_WM_hp200_s2_level2_MSMAll.feat/GrayordinatesStats/cope12.feat/zflame1uppertstat1.dtseries.nii","506234","MNINonLinear//Results/tfMRI_WM/tfMRI_WM_hp200_s2_level2_MSMAll.feat/GrayordinatesStats/cope12.feat/zflame1uppertstat1.dtseries.nii","phi0EQxEXOxWnvMJBgaNSQO0Nbyhfr5P"
"s3://hcp-openaccess/HCP_1200/506234/MNINonLinear/Results/tfMRI_WM/tfMRI_WM_hp200_s2_level2_MSMAll.feat/GrayordinatesStats/cope12.feat/zstat1.dtseries.nii","506234","MNINonLinear//Results/tfMRI_WM/tfMRI_WM_hp200_s2_level2_MSMAll.feat/GrayordinatesStats/cope12.feat/zstat1.dtseries.nii","jG6ljm6Wj_jJ8jIvr5Sir0EA4K34OAcd"
"s3://hcp-openaccess/HCP_1200/506234/MNINonLinear/Results/tfMRI_WM/tfMRI_WM_hp200_s2_level2_MSMAll.feat/GrayordinatesStats/cope13.feat/cope1.dtseries.nii","506234","MNINonLinear//Results/tfMRI_WM/tfMRI_WM_hp200_s2_level2_MSMAll.feat/GrayordinatesStats/cope13.feat/cope1.dtseries.nii","xoLLY_lDJQmRFtgXynGixS2ozEveyOmK"
"s3://hcp-openaccess/HCP_1200/506234/MNINonLinear/Results/tfMRI_WM/tfMRI_WM_hp200_s2_level2_MSMAll.feat/GrayordinatesStats/cope13.feat/logfile","506234","MNINonLinear//Results/tfMRI_WM/tfMRI_WM_hp200_s2_level2_MSMAll.feat/GrayordinatesStats/cope13.feat/logfile","FZEgodQd1TyEXDDo6wjl4vkDqjBiAp3z"
"s3://hcp-openaccess/HCP_1200/506234/MNINonLinear/Results/tfMRI_WM/tfMRI_WM_hp200_s2_level2_MSMAll.feat/GrayordinatesStats/cope13.feat/mask.dtseries.nii","506234","MNINonLinear//Results/tfMRI_WM/tfMRI_WM_hp200_s2_level2_MSMAll.feat/GrayordinatesStats/cope13.feat/mask.dtseries.nii","EYmoPDmNPIqCoqNLmDnZL3rj3NekBBXq"
"s3://hcp-openaccess/HCP_1200/506234/MNINonLinear/Results/tfMRI_WM/tfMRI_WM_hp200_s2_level2_MSMAll.feat/GrayordinatesStats/cope13.feat/mean_random_effects_var1.dtseries.nii","506234","MNINonLinear//Results/tfMRI_WM/tfMRI_WM_hp200_s2_level2_MSMAll.feat/GrayordinatesStats/cope13.feat/mean_random_effects_var1.dtseries.nii","SvNgElbcLZiIJqdIXYzNezZth2DfJ30S"
"s3://hcp-openaccess/HCP_1200/506234/MNINonLinear/Results/tfMRI_WM/tfMRI_WM_hp200_s2_level2_MSMAll.feat/GrayordinatesStats/cope13.feat/pe1.dtseries.nii","506234","MNINonLinear//Results/tfMRI_WM/tfMRI_WM_hp200_s2_level2_MSMAll.feat/GrayordinatesStats/cope13.feat/pe1.dtseries.nii","RZPCMZLbsEhz1T5S.ep.EnbNz69wg7d8"
"s3://hcp-openaccess/HCP_1200/506234/MNINonLinear/Results/tfMRI_WM/tfMRI_WM_hp200_s2_level2_MSMAll.feat/GrayordinatesStats/cope13.feat/res4d.dtseries.nii","506234","MNINonLinear//Results/tfMRI_WM/tfMRI_WM_hp200_s2_level2_MSMAll.feat/GrayordinatesStats/cope13.feat/res4d.dtseries.nii","umehq.b8EiixEUR0TRD2ByUNrbjoVCET"
"s3://hcp-openaccess/HCP_1200/506234/MNINonLinear/Results/tfMRI_WM/tfMRI_WM_hp200_s2_level2_MSMAll.feat/GrayordinatesStats/cope13.feat/tdof_t1.dtseries.nii","506234","MNINonLinear//Results/tfMRI_WM/tfMRI_WM_hp200_s2_level2_MSMAll.feat/GrayordinatesStats/cope13.feat/tdof_t1.dtseries.nii","Q3t2qeGcZZ.9lZgCsmr.ifqLiutviT3e"
"s3://hcp-openaccess/HCP_1200/506234/MNINonLinear/Results/tfMRI_WM/tfMRI_WM_hp200_s2_level2_MSMAll.feat/GrayordinatesStats/cope13.feat/tstat1.dtseries.nii","506234","MNINonLinear//Results/tfMRI_WM/tfMRI_WM_hp200_s2_level2_MSMAll.feat/GrayordinatesStats/cope13.feat/tstat1.dtseries.nii","adPE11suFL_2t_IjtWZGURxRAC5TOKCf"
"s3://hcp-openaccess/HCP_1200/506234/MNINonLinear/Results/tfMRI_WM/tfMRI_WM_hp200_s2_level2_MSMAll.feat/GrayordinatesStats/cope13.feat/varcope1.dtseries.nii","506234","MNINonLinear//Results/tfMRI_WM/tfMRI_WM_hp200_s2_level2_MSMAll.feat/GrayordinatesStats/cope13.feat/varcope1.dtseries.nii","furqrPjvFvf.Ghuk85QjrHFJgLoyWYKu"
"s3://hcp-openaccess/HCP_1200/506234/MNINonLinear/Results/tfMRI_WM/tfMRI_WM_hp200_s2_level2_MSMAll.feat/GrayordinatesStats/cope13.feat/weights1.dtseries.nii","506234","MNINonLinear//Results/tfMRI_WM/tfMRI_WM_hp200_s2_level2_MSMAll.feat/GrayordinatesStats/cope13.feat/weights1.dtseries.nii","thO05CwMabb_kgycydh6kte309DgBQlx"
"s3://hcp-openaccess/HCP_1200/506234/MNINonLinear/Results/tfMRI_WM/tfMRI_WM_hp200_s2_level2_MSMAll.feat/GrayordinatesStats/cope13.feat/zflame1lowertstat1.dtseries.nii","506234","MNINonLinear//Results/tfMRI_WM/tfMRI_WM_hp200_s2_level2_MSMAll.feat/GrayordinatesStats/cope13.feat/zflame1lowertstat1.dtseries.nii","cOHKsdstVtw.AaHoixnqPIt3a96rwZWB"
"s3://hcp-openaccess/HCP_1200/506234/MNINonLinear/Results/tfMRI_WM/tfMRI_WM_hp200_s2_level2_MSMAll.feat/GrayordinatesStats/cope13.feat/zflame1uppertstat1.dtseries.nii","506234","MNINonLinear//Results/tfMRI_WM/tfMRI_WM_hp200_s2_level2_MSMAll.feat/GrayordinatesStats/cope13.feat/zflame1uppertstat1.dtseries.nii","EjvL6lb2HwI9F6G12MXQvW.m8OS.4n6I"
"s3://hcp-openaccess/HCP_1200/506234/MNINonLinear/Results/tfMRI_WM/tfMRI_WM_hp200_s2_level2_MSMAll.feat/GrayordinatesStats/cope13.feat/zstat1.dtseries.nii","506234","MNINonLinear//Results/tfMRI_WM/tfMRI_WM_hp200_s2_level2_MSMAll.feat/GrayordinatesStats/cope13.feat/zstat1.dtseries.nii","0Q0gMcB_P8MSIVsxdS0w7Zygfii.29y9"
"s3://hcp-openaccess/HCP_1200/506234/MNINonLinear/Results/tfMRI_WM/tfMRI_WM_hp200_s2_level2_MSMAll.feat/GrayordinatesStats/cope14.feat/cope1.dtseries.nii","506234","MNINonLinear//Results/tfMRI_WM/tfMRI_WM_hp200_s2_level2_MSMAll.feat/GrayordinatesStats/cope14.feat/cope1.dtseries.nii","ZfZOSHU9rwgQTQv5iugDN2k6SwHQ_izU"
"s3://hcp-openaccess/HCP_1200/506234/MNINonLinear/Results/tfMRI_WM/tfMRI_WM_hp200_s2_level2_MSMAll.feat/GrayordinatesStats/cope14.feat/logfile","506234","MNINonLinear//Results/tfMRI_WM/tfMRI_WM_hp200_s2_level2_MSMAll.feat/GrayordinatesStats/cope14.feat/logfile","W6lRotKBpb8cS9pstuqg9c8jwcKK2roX"
"s3://hcp-openaccess/HCP_1200/506234/MNINonLinear/Results/tfMRI_WM/tfMRI_WM_hp200_s2_level2_MSMAll.feat/GrayordinatesStats/cope14.feat/mask.dtseries.nii","506234","MNINonLinear//Results/tfMRI_WM/tfMRI_WM_hp200_s2_level2_MSMAll.feat/GrayordinatesStats/cope14.feat/mask.dtseries.nii","mDH64d1VaD8_WO4h1qigokghutTtoifP"
"s3://hcp-openaccess/HCP_1200/506234/MNINonLinear/Results/tfMRI_WM/tfMRI_WM_hp200_s2_level2_MSMAll.feat/GrayordinatesStats/cope14.feat/mean_random_effects_var1.dtseries.nii","506234","MNINonLinear//Results/tfMRI_WM/tfMRI_WM_hp200_s2_level2_MSMAll.feat/GrayordinatesStats/cope14.feat/mean_random_effects_var1.dtseries.nii","Ob_t3tFj0hDjgKULkWHhDvZdcrXDKnn9"
"s3://hcp-openaccess/HCP_1200/506234/MNINonLinear/Results/tfMRI_WM/tfMRI_WM_hp200_s2_level2_MSMAll.feat/GrayordinatesStats/cope14.feat/pe1.dtseries.nii","506234","MNINonLinear//Results/tfMRI_WM/tfMRI_WM_hp200_s2_level2_MSMAll.feat/GrayordinatesStats/cope14.feat/pe1.dtseries.nii","1JBmrw_QDaS0b9DH7BJtU4DAidtGh5IH"
"s3://hcp-openaccess/HCP_1200/506234/MNINonLinear/Results/tfMRI_WM/tfMRI_WM_hp200_s2_level2_MSMAll.feat/GrayordinatesStats/cope14.feat/res4d.dtseries.nii","506234","MNINonLinear//Results/tfMRI_WM/tfMRI_WM_hp200_s2_level2_MSMAll.feat/GrayordinatesStats/cope14.feat/res4d.dtseries.nii","1sZLbQ_2jOne21kHAb4sz8H_URaCxEEj"
"s3://hcp-openaccess/HCP_1200/506234/MNINonLinear/Results/tfMRI_WM/tfMRI_WM_hp200_s2_level2_MSMAll.feat/GrayordinatesStats/cope14.feat/tdof_t1.dtseries.nii","506234","MNINonLinear//Results/tfMRI_WM/tfMRI_WM_hp200_s2_level2_MSMAll.feat/GrayordinatesStats/cope14.feat/tdof_t1.dtseries.nii","wy7Zbdb541vJz2Ftx1y5943u7C1bXTL7"
"s3://hcp-openaccess/HCP_1200/506234/MNINonLinear/Results/tfMRI_WM/tfMRI_WM_hp200_s2_level2_MSMAll.feat/GrayordinatesStats/cope14.feat/tstat1.dtseries.nii","506234","MNINonLinear//Results/tfMRI_WM/tfMRI_WM_hp200_s2_level2_MSMAll.feat/GrayordinatesStats/cope14.feat/tstat1.dtseries.nii","W6Dipz9Ky7ePtQbfWXE8ExSliqoKtX9X"
"s3://hcp-openaccess/HCP_1200/506234/MNINonLinear/Results/tfMRI_WM/tfMRI_WM_hp200_s2_level2_MSMAll.feat/GrayordinatesStats/cope14.feat/varcope1.dtseries.nii","506234","MNINonLinear//Results/tfMRI_WM/tfMRI_WM_hp200_s2_level2_MSMAll.feat/GrayordinatesStats/cope14.feat/varcope1.dtseries.nii","hERS6.HInOVYhkI57wzA_nsPKQ.aidax"
"s3://hcp-openaccess/HCP_1200/506234/MNINonLinear/Results/tfMRI_WM/tfMRI_WM_hp200_s2_level2_MSMAll.feat/GrayordinatesStats/cope14.feat/weights1.dtseries.nii","506234","MNINonLinear//Results/tfMRI_WM/tfMRI_WM_hp200_s2_level2_MSMAll.feat/GrayordinatesStats/cope14.feat/weights1.dtseries.nii","QLfVO43H8beNgSxmM2OzJhbP.JadCbOO"
"s3://hcp-openaccess/HCP_1200/506234/MNINonLinear/Results/tfMRI_WM/tfMRI_WM_hp200_s2_level2_MSMAll.feat/GrayordinatesStats/cope14.feat/zflame1lowertstat1.dtseries.nii","506234","MNINonLinear//Results/tfMRI_WM/tfMRI_WM_hp200_s2_level2_MSMAll.feat/GrayordinatesStats/cope14.feat/zflame1lowertstat1.dtseries.nii","xRqhGM68Pus.lfxs5KGmgi2kXdgokoi5"
"s3://hcp-openaccess/HCP_1200/506234/MNINonLinear/Results/tfMRI_WM/tfMRI_WM_hp200_s2_level2_MSMAll.feat/GrayordinatesStats/cope14.feat/zflame1uppertstat1.dtseries.nii","506234","MNINonLinear//Results/tfMRI_WM/tfMRI_WM_hp200_s2_level2_MSMAll.feat/GrayordinatesStats/cope14.feat/zflame1uppertstat1.dtseries.nii","bg.OjJww4WmRJBX7MLqPANusIVUKB1Jz"
"s3://hcp-openaccess/HCP_1200/506234/MNINonLinear/Results/tfMRI_WM/tfMRI_WM_hp200_s2_level2_MSMAll.feat/GrayordinatesStats/cope14.feat/zstat1.dtseries.nii","506234","MNINonLinear//Results/tfMRI_WM/tfMRI_WM_hp200_s2_level2_MSMAll.feat/GrayordinatesStats/cope14.feat/zstat1.dtseries.nii","h5wAOfYXF_tCyCgGDZhHJOoprNwate23"
"s3://hcp-openaccess/HCP_1200/506234/MNINonLinear/Results/tfMRI_WM/tfMRI_WM_hp200_s2_level2_MSMAll.feat/GrayordinatesStats/cope15.feat/cope1.dtseries.nii","506234","MNINonLinear//Results/tfMRI_WM/tfMRI_WM_hp200_s2_level2_MSMAll.feat/GrayordinatesStats/cope15.feat/cope1.dtseries.nii","dUzt5jTp1QFY1QZn7KcAXVccnaIOpHuT"
"s3://hcp-openaccess/HCP_1200/506234/MNINonLinear/Results/tfMRI_WM/tfMRI_WM_hp200_s2_level2_MSMAll.feat/GrayordinatesStats/cope15.feat/logfile","506234","MNINonLinear//Results/tfMRI_WM/tfMRI_WM_hp200_s2_level2_MSMAll.feat/GrayordinatesStats/cope15.feat/logfile",".IZTL6cfo55zT4YJd6tZ4UqFr2HHhU1Y"
"s3://hcp-openaccess/HCP_1200/506234/MNINonLinear/Results/tfMRI_WM/tfMRI_WM_hp200_s2_level2_MSMAll.feat/GrayordinatesStats/cope15.feat/mask.dtseries.nii","506234","MNINonLinear//Results/tfMRI_WM/tfMRI_WM_hp200_s2_level2_MSMAll.feat/GrayordinatesStats/cope15.feat/mask.dtseries.nii","OrCx0OayPj5nrXE.Qj54cLV8rwGwdyIp"
"s3://hcp-openaccess/HCP_1200/506234/MNINonLinear/Results/tfMRI_WM/tfMRI_WM_hp200_s2_level2_MSMAll.feat/GrayordinatesStats/cope15.feat/mean_random_effects_var1.dtseries.nii","506234","MNINonLinear//Results/tfMRI_WM/tfMRI_WM_hp200_s2_level2_MSMAll.feat/GrayordinatesStats/cope15.feat/mean_random_effects_var1.dtseries.nii","BLZSjK9ISWFdMYbF9vgTIT48mrwfhqc."
"s3://hcp-openaccess/HCP_1200/506234/MNINonLinear/Results/tfMRI_WM/tfMRI_WM_hp200_s2_level2_MSMAll.feat/GrayordinatesStats/cope15.feat/pe1.dtseries.nii","506234","MNINonLinear//Results/tfMRI_WM/tfMRI_WM_hp200_s2_level2_MSMAll.feat/GrayordinatesStats/cope15.feat/pe1.dtseries.nii","LwY1D9Hs__tgb9NLgikNEZZmA5WZDrz9"
"s3://hcp-openaccess/HCP_1200/506234/MNINonLinear/Results/tfMRI_WM/tfMRI_WM_hp200_s2_level2_MSMAll.feat/GrayordinatesStats/cope15.feat/res4d.dtseries.nii","506234","MNINonLinear//Results/tfMRI_WM/tfMRI_WM_hp200_s2_level2_MSMAll.feat/GrayordinatesStats/cope15.feat/res4d.dtseries.nii","7JSZM2gNLoi.qnDueUbygLn72vSxBOZG"
"s3://hcp-openaccess/HCP_1200/506234/MNINonLinear/Results/tfMRI_WM/tfMRI_WM_hp200_s2_level2_MSMAll.feat/GrayordinatesStats/cope15.feat/tdof_t1.dtseries.nii","506234","MNINonLinear//Results/tfMRI_WM/tfMRI_WM_hp200_s2_level2_MSMAll.feat/GrayordinatesStats/cope15.feat/tdof_t1.dtseries.nii","SFBVlmajcVphSdVz3gpVqEOgzR6DutEu"
"s3://hcp-openaccess/HCP_1200/506234/MNINonLinear/Results/tfMRI_WM/tfMRI_WM_hp200_s2_level2_MSMAll.feat/GrayordinatesStats/cope15.feat/tstat1.dtseries.nii","506234","MNINonLinear//Results/tfMRI_WM/tfMRI_WM_hp200_s2_level2_MSMAll.feat/GrayordinatesStats/cope15.feat/tstat1.dtseries.nii","v3p.Fyas1RjQ2u.RLzDab61FIGFuih2f"
"s3://hcp-openaccess/HCP_1200/506234/MNINonLinear/Results/tfMRI_WM/tfMRI_WM_hp200_s2_level2_MSMAll.feat/GrayordinatesStats/cope15.feat/varcope1.dtseries.nii","506234","MNINonLinear//Results/tfMRI_WM/tfMRI_WM_hp200_s2_level2_MSMAll.feat/GrayordinatesStats/cope15.feat/varcope1.dtseries.nii","4Pgrg3dQVehrRNV.HT6zcY6ziu0NTRdC"
"s3://hcp-openaccess/HCP_1200/506234/MNINonLinear/Results/tfMRI_WM/tfMRI_WM_hp200_s2_level2_MSMAll.feat/GrayordinatesStats/cope15.feat/weights1.dtseries.nii","506234","MNINonLinear//Results/tfMRI_WM/tfMRI_WM_hp200_s2_level2_MSMAll.feat/GrayordinatesStats/cope15.feat/weights1.dtseries.nii","giDiFP15DRANTP6DWxuFtEzwA0kULz9o"
"s3://hcp-openaccess/HCP_1200/506234/MNINonLinear/Results/tfMRI_WM/tfMRI_WM_hp200_s2_level2_MSMAll.feat/GrayordinatesStats/cope15.feat/zflame1lowertstat1.dtseries.nii","506234","MNINonLinear//Results/tfMRI_WM/tfMRI_WM_hp200_s2_level2_MSMAll.feat/GrayordinatesStats/cope15.feat/zflame1lowertstat1.dtseries.nii",".SHvZtNqjK3u1uGJrUqjHLAgzu1jFS49"
"s3://hcp-openaccess/HCP_1200/506234/MNINonLinear/Results/tfMRI_WM/tfMRI_WM_hp200_s2_level2_MSMAll.feat/GrayordinatesStats/cope15.feat/zflame1uppertstat1.dtseries.nii","506234","MNINonLinear//Results/tfMRI_WM/tfMRI_WM_hp200_s2_level2_MSMAll.feat/GrayordinatesStats/cope15.feat/zflame1uppertstat1.dtseries.nii","UcV6G7IN9CSaQ.xJsQ5raTQk7geEh7Vr"
"s3://hcp-openaccess/HCP_1200/506234/MNINonLinear/Results/tfMRI_WM/tfMRI_WM_hp200_s2_level2_MSMAll.feat/GrayordinatesStats/cope15.feat/zstat1.dtseries.nii","506234","MNINonLinear//Results/tfMRI_WM/tfMRI_WM_hp200_s2_level2_MSMAll.feat/GrayordinatesStats/cope15.feat/zstat1.dtseries.nii","IYzP.r8vnUGZC1DT2AvKialhSJtweD8Q"
"s3://hcp-openaccess/HCP_1200/506234/MNINonLinear/Results/tfMRI_WM/tfMRI_WM_hp200_s2_level2_MSMAll.feat/GrayordinatesStats/cope16.feat/cope1.dtseries.nii","506234","MNINonLinear//Results/tfMRI_WM/tfMRI_WM_hp200_s2_level2_MSMAll.feat/GrayordinatesStats/cope16.feat/cope1.dtseries.nii","lnUbOaPyK4jh3Zq8QO2knDzlbSFs2ocs"
"s3://hcp-openaccess/HCP_1200/506234/MNINonLinear/Results/tfMRI_WM/tfMRI_WM_hp200_s2_level2_MSMAll.feat/GrayordinatesStats/cope16.feat/logfile","506234","MNINonLinear//Results/tfMRI_WM/tfMRI_WM_hp200_s2_level2_MSMAll.feat/GrayordinatesStats/cope16.feat/logfile","5QwOtXsepzQ7IT8FkIVnGzDuFZ04Mida"
"s3://hcp-openaccess/HCP_1200/506234/MNINonLinear/Results/tfMRI_WM/tfMRI_WM_hp200_s2_level2_MSMAll.feat/GrayordinatesStats/cope16.feat/mask.dtseries.nii","506234","MNINonLinear//Results/tfMRI_WM/tfMRI_WM_hp200_s2_level2_MSMAll.feat/GrayordinatesStats/cope16.feat/mask.dtseries.nii","y5_6lt5itdzN2Xb5isv5NDnJFoe.I2_v"
"s3://hcp-openaccess/HCP_1200/506234/MNINonLinear/Results/tfMRI_WM/tfMRI_WM_hp200_s2_level2_MSMAll.feat/GrayordinatesStats/cope16.feat/mean_random_effects_var1.dtseries.nii","506234","MNINonLinear//Results/tfMRI_WM/tfMRI_WM_hp200_s2_level2_MSMAll.feat/GrayordinatesStats/cope16.feat/mean_random_effects_var1.dtseries.nii","TAqns4QG752Ht9R20D947CtID1Qikv5l"
"s3://hcp-openaccess/HCP_1200/506234/MNINonLinear/Results/tfMRI_WM/tfMRI_WM_hp200_s2_level2_MSMAll.feat/GrayordinatesStats/cope16.feat/pe1.dtseries.nii","506234","MNINonLinear//Results/tfMRI_WM/tfMRI_WM_hp200_s2_level2_MSMAll.feat/GrayordinatesStats/cope16.feat/pe1.dtseries.nii","aDQfrri2ff0fvSd7jlUsl72V7Lz3IJrn"
"s3://hcp-openaccess/HCP_1200/506234/MNINonLinear/Results/tfMRI_WM/tfMRI_WM_hp200_s2_level2_MSMAll.feat/GrayordinatesStats/cope16.feat/res4d.dtseries.nii","506234","MNINonLinear//Results/tfMRI_WM/tfMRI_WM_hp200_s2_level2_MSMAll.feat/GrayordinatesStats/cope16.feat/res4d.dtseries.nii","2n_4cJZ13gMOq_5a.fsV_ck6ENl7b2_n"
"s3://hcp-openaccess/HCP_1200/506234/MNINonLinear/Results/tfMRI_WM/tfMRI_WM_hp200_s2_level2_MSMAll.feat/GrayordinatesStats/cope16.feat/tdof_t1.dtseries.nii","506234","MNINonLinear//Results/tfMRI_WM/tfMRI_WM_hp200_s2_level2_MSMAll.feat/GrayordinatesStats/cope16.feat/tdof_t1.dtseries.nii","QH97TZn7mBRgbW0IR6JG60lFfmuZzbjt"
"s3://hcp-openaccess/HCP_1200/506234/MNINonLinear/Results/tfMRI_WM/tfMRI_WM_hp200_s2_level2_MSMAll.feat/GrayordinatesStats/cope16.feat/tstat1.dtseries.nii","506234","MNINonLinear//Results/tfMRI_WM/tfMRI_WM_hp200_s2_level2_MSMAll.feat/GrayordinatesStats/cope16.feat/tstat1.dtseries.nii","W9TVHG7d7oJE_3q5Ps1dMiid.FJnSVdf"
"s3://hcp-openaccess/HCP_1200/506234/MNINonLinear/Results/tfMRI_WM/tfMRI_WM_hp200_s2_level2_MSMAll.feat/GrayordinatesStats/cope16.feat/varcope1.dtseries.nii","506234","MNINonLinear//Results/tfMRI_WM/tfMRI_WM_hp200_s2_level2_MSMAll.feat/GrayordinatesStats/cope16.feat/varcope1.dtseries.nii","HlTybeKsINhj7J5X0pzD90ku2cjXY.mj"
"s3://hcp-openaccess/HCP_1200/506234/MNINonLinear/Results/tfMRI_WM/tfMRI_WM_hp200_s2_level2_MSMAll.feat/GrayordinatesStats/cope16.feat/weights1.dtseries.nii","506234","MNINonLinear//Results/tfMRI_WM/tfMRI_WM_hp200_s2_level2_MSMAll.feat/GrayordinatesStats/cope16.feat/weights1.dtseries.nii","u2JpV96txBmbYh8aO1MT6PLY9AcOeHRC"
"s3://hcp-openaccess/HCP_1200/506234/MNINonLinear/Results/tfMRI_WM/tfMRI_WM_hp200_s2_level2_MSMAll.feat/GrayordinatesStats/cope16.feat/zflame1lowertstat1.dtseries.nii","506234","MNINonLinear//Results/tfMRI_WM/tfMRI_WM_hp200_s2_level2_MSMAll.feat/GrayordinatesStats/cope16.feat/zflame1lowertstat1.dtseries.nii","LiuMBuTgaBZsG0wC8FlVGH1PTlAFokw1"
"s3://hcp-openaccess/HCP_1200/506234/MNINonLinear/Results/tfMRI_WM/tfMRI_WM_hp200_s2_level2_MSMAll.feat/GrayordinatesStats/cope16.feat/zflame1uppertstat1.dtseries.nii","506234","MNINonLinear//Results/tfMRI_WM/tfMRI_WM_hp200_s2_level2_MSMAll.feat/GrayordinatesStats/cope16.feat/zflame1uppertstat1.dtseries.nii",".nv6ZzCKRit7z7cj6F73C1w3R_Xc1Qvb"
"s3://hcp-openaccess/HCP_1200/506234/MNINonLinear/Results/tfMRI_WM/tfMRI_WM_hp200_s2_level2_MSMAll.feat/GrayordinatesStats/cope16.feat/zstat1.dtseries.nii","506234","MNINonLinear//Results/tfMRI_WM/tfMRI_WM_hp200_s2_level2_MSMAll.feat/GrayordinatesStats/cope16.feat/zstat1.dtseries.nii","XZizC31.FwMCOet_6EdFGmR2Ui.B5q6e"
"s3://hcp-openaccess/HCP_1200/506234/MNINonLinear/Results/tfMRI_WM/tfMRI_WM_hp200_s2_level2_MSMAll.feat/GrayordinatesStats/cope17.feat/cope1.dtseries.nii","506234","MNINonLinear//Results/tfMRI_WM/tfMRI_WM_hp200_s2_level2_MSMAll.feat/GrayordinatesStats/cope17.feat/cope1.dtseries.nii","cbh70xuKsKt.8St45t5dKF9kUVZ1NuVA"
"s3://hcp-openaccess/HCP_1200/506234/MNINonLinear/Results/tfMRI_WM/tfMRI_WM_hp200_s2_level2_MSMAll.feat/GrayordinatesStats/cope17.feat/logfile","506234","MNINonLinear//Results/tfMRI_WM/tfMRI_WM_hp200_s2_level2_MSMAll.feat/GrayordinatesStats/cope17.feat/logfile","yh5HWuGSbFFpSuLDozJ.j_0Q9ljiZOhy"
"s3://hcp-openaccess/HCP_1200/506234/MNINonLinear/Results/tfMRI_WM/tfMRI_WM_hp200_s2_level2_MSMAll.feat/GrayordinatesStats/cope17.feat/mask.dtseries.nii","506234","MNINonLinear//Results/tfMRI_WM/tfMRI_WM_hp200_s2_level2_MSMAll.feat/GrayordinatesStats/cope17.feat/mask.dtseries.nii","rOEXm7JzxRf.VXnGO_gCh2YnJQ4STEEm"
"s3://hcp-openaccess/HCP_1200/506234/MNINonLinear/Results/tfMRI_WM/tfMRI_WM_hp200_s2_level2_MSMAll.feat/GrayordinatesStats/cope17.feat/mean_random_effects_var1.dtseries.nii","506234","MNINonLinear//Results/tfMRI_WM/tfMRI_WM_hp200_s2_level2_MSMAll.feat/GrayordinatesStats/cope17.feat/mean_random_effects_var1.dtseries.nii","vnyaDJeqZmOEnlSrGDlMrrsnrEhRg8qn"
"s3://hcp-openaccess/HCP_1200/506234/MNINonLinear/Results/tfMRI_WM/tfMRI_WM_hp200_s2_level2_MSMAll.feat/GrayordinatesStats/cope17.feat/pe1.dtseries.nii","506234","MNINonLinear//Results/tfMRI_WM/tfMRI_WM_hp200_s2_level2_MSMAll.feat/GrayordinatesStats/cope17.feat/pe1.dtseries.nii","ZWqz1dUeloOvv5hgAKGVODWlaah8QMY5"
"s3://hcp-openaccess/HCP_1200/506234/MNINonLinear/Results/tfMRI_WM/tfMRI_WM_hp200_s2_level2_MSMAll.feat/GrayordinatesStats/cope17.feat/res4d.dtseries.nii","506234","MNINonLinear//Results/tfMRI_WM/tfMRI_WM_hp200_s2_level2_MSMAll.feat/GrayordinatesStats/cope17.feat/res4d.dtseries.nii","wM7RUvSUucg4mvCQA.sYnGjESEp5y_Uv"
"s3://hcp-openaccess/HCP_1200/506234/MNINonLinear/Results/tfMRI_WM/tfMRI_WM_hp200_s2_level2_MSMAll.feat/GrayordinatesStats/cope17.feat/tdof_t1.dtseries.nii","506234","MNINonLinear//Results/tfMRI_WM/tfMRI_WM_hp200_s2_level2_MSMAll.feat/GrayordinatesStats/cope17.feat/tdof_t1.dtseries.nii","sTuQpkUFdT.WWLgnAzaV65fMlPYPZ34b"
"s3://hcp-openaccess/HCP_1200/506234/MNINonLinear/Results/tfMRI_WM/tfMRI_WM_hp200_s2_level2_MSMAll.feat/GrayordinatesStats/cope17.feat/tstat1.dtseries.nii","506234","MNINonLinear//Results/tfMRI_WM/tfMRI_WM_hp200_s2_level2_MSMAll.feat/GrayordinatesStats/cope17.feat/tstat1.dtseries.nii","pLD3c.4RCFoq1A8NB4jDwH3CKHMtuqkR"
"s3://hcp-openaccess/HCP_1200/506234/MNINonLinear/Results/tfMRI_WM/tfMRI_WM_hp200_s2_level2_MSMAll.feat/GrayordinatesStats/cope17.feat/varcope1.dtseries.nii","506234","MNINonLinear//Results/tfMRI_WM/tfMRI_WM_hp200_s2_level2_MSMAll.feat/GrayordinatesStats/cope17.feat/varcope1.dtseries.nii","ha6oxF1IMZk6HZzDwFfMscB1MzNUibET"
"s3://hcp-openaccess/HCP_1200/506234/MNINonLinear/Results/tfMRI_WM/tfMRI_WM_hp200_s2_level2_MSMAll.feat/GrayordinatesStats/cope17.feat/weights1.dtseries.nii","506234","MNINonLinear//Results/tfMRI_WM/tfMRI_WM_hp200_s2_level2_MSMAll.feat/GrayordinatesStats/cope17.feat/weights1.dtseries.nii","r2EfL8VlUPSXwDO5NUtZgsMjPcdjPSL3"
"s3://hcp-openaccess/HCP_1200/506234/MNINonLinear/Results/tfMRI_WM/tfMRI_WM_hp200_s2_level2_MSMAll.feat/GrayordinatesStats/cope17.feat/zflame1lowertstat1.dtseries.nii","506234","MNINonLinear//Results/tfMRI_WM/tfMRI_WM_hp200_s2_level2_MSMAll.feat/GrayordinatesStats/cope17.feat/zflame1lowertstat1.dtseries.nii","SplJIX5ZG65xpyxG7Nk4ejl5HUlwVVRV"
"s3://hcp-openaccess/HCP_1200/506234/MNINonLinear/Results/tfMRI_WM/tfMRI_WM_hp200_s2_level2_MSMAll.feat/GrayordinatesStats/cope17.feat/zflame1uppertstat1.dtseries.nii","506234","MNINonLinear//Results/tfMRI_WM/tfMRI_WM_hp200_s2_level2_MSMAll.feat/GrayordinatesStats/cope17.feat/zflame1uppertstat1.dtseries.nii","z0pXpUYGWfu84FVzOy_BSnq80O6gOGrI"
"s3://hcp-openaccess/HCP_1200/506234/MNINonLinear/Results/tfMRI_WM/tfMRI_WM_hp200_s2_level2_MSMAll.feat/GrayordinatesStats/cope17.feat/zstat1.dtseries.nii","506234","MNINonLinear//Results/tfMRI_WM/tfMRI_WM_hp200_s2_level2_MSMAll.feat/GrayordinatesStats/cope17.feat/zstat1.dtseries.nii","8qMTxQqHQZSZImPn2RNAhM8jH.DxS8pP"
"s3://hcp-openaccess/HCP_1200/506234/MNINonLinear/Results/tfMRI_WM/tfMRI_WM_hp200_s2_level2_MSMAll.feat/GrayordinatesStats/cope18.feat/cope1.dtseries.nii","506234","MNINonLinear//Results/tfMRI_WM/tfMRI_WM_hp200_s2_level2_MSMAll.feat/GrayordinatesStats/cope18.feat/cope1.dtseries.nii","6gHySimByBDDhNaGTGbnLX0MBOPc1ivc"
"s3://hcp-openaccess/HCP_1200/506234/MNINonLinear/Results/tfMRI_WM/tfMRI_WM_hp200_s2_level2_MSMAll.feat/GrayordinatesStats/cope18.feat/logfile","506234","MNINonLinear//Results/tfMRI_WM/tfMRI_WM_hp200_s2_level2_MSMAll.feat/GrayordinatesStats/cope18.feat/logfile","hql19FRA9oks.4JuAM5yrdvCUP6IhzXR"
"s3://hcp-openaccess/HCP_1200/506234/MNINonLinear/Results/tfMRI_WM/tfMRI_WM_hp200_s2_level2_MSMAll.feat/GrayordinatesStats/cope18.feat/mask.dtseries.nii","506234","MNINonLinear//Results/tfMRI_WM/tfMRI_WM_hp200_s2_level2_MSMAll.feat/GrayordinatesStats/cope18.feat/mask.dtseries.nii","907WkaM_Ii4y_quxKJQ_xSZm7nz5zQK8"
"s3://hcp-openaccess/HCP_1200/506234/MNINonLinear/Results/tfMRI_WM/tfMRI_WM_hp200_s2_level2_MSMAll.feat/GrayordinatesStats/cope18.feat/mean_random_effects_var1.dtseries.nii","506234","MNINonLinear//Results/tfMRI_WM/tfMRI_WM_hp200_s2_level2_MSMAll.feat/GrayordinatesStats/cope18.feat/mean_random_effects_var1.dtseries.nii","t40gKrdlrIz5wdm6kDPs2UhFXJhFkId_"
"s3://hcp-openaccess/HCP_1200/506234/MNINonLinear/Results/tfMRI_WM/tfMRI_WM_hp200_s2_level2_MSMAll.feat/GrayordinatesStats/cope18.feat/pe1.dtseries.nii","506234","MNINonLinear//Results/tfMRI_WM/tfMRI_WM_hp200_s2_level2_MSMAll.feat/GrayordinatesStats/cope18.feat/pe1.dtseries.nii","s97b6nXcTi5JvRS.ORbf.4bLWCbkgNfy"
"s3://hcp-openaccess/HCP_1200/506234/MNINonLinear/Results/tfMRI_WM/tfMRI_WM_hp200_s2_level2_MSMAll.feat/GrayordinatesStats/cope18.feat/res4d.dtseries.nii","506234","MNINonLinear//Results/tfMRI_WM/tfMRI_WM_hp200_s2_level2_MSMAll.feat/GrayordinatesStats/cope18.feat/res4d.dtseries.nii","i257kMrnjAR2ztUqSYl6u4kFgFgt1FBT"
"s3://hcp-openaccess/HCP_1200/506234/MNINonLinear/Results/tfMRI_WM/tfMRI_WM_hp200_s2_level2_MSMAll.feat/GrayordinatesStats/cope18.feat/tdof_t1.dtseries.nii","506234","MNINonLinear//Results/tfMRI_WM/tfMRI_WM_hp200_s2_level2_MSMAll.feat/GrayordinatesStats/cope18.feat/tdof_t1.dtseries.nii","Zf30DeYO1O2pwvOYoey_SrF68VMPI_RJ"
"s3://hcp-openaccess/HCP_1200/506234/MNINonLinear/Results/tfMRI_WM/tfMRI_WM_hp200_s2_level2_MSMAll.feat/GrayordinatesStats/cope18.feat/tstat1.dtseries.nii","506234","MNINonLinear//Results/tfMRI_WM/tfMRI_WM_hp200_s2_level2_MSMAll.feat/GrayordinatesStats/cope18.feat/tstat1.dtseries.nii","AXHn1_fHULfNowpNyKi.663a3P47R8UD"
"s3://hcp-openaccess/HCP_1200/506234/MNINonLinear/Results/tfMRI_WM/tfMRI_WM_hp200_s2_level2_MSMAll.feat/GrayordinatesStats/cope18.feat/varcope1.dtseries.nii","506234","MNINonLinear//Results/tfMRI_WM/tfMRI_WM_hp200_s2_level2_MSMAll.feat/GrayordinatesStats/cope18.feat/varcope1.dtseries.nii","tRN0U3si4hvatSeTclD9JJOjzJAsE3zG"
"s3://hcp-openaccess/HCP_1200/506234/MNINonLinear/Results/tfMRI_WM/tfMRI_WM_hp200_s2_level2_MSMAll.feat/GrayordinatesStats/cope18.feat/weights1.dtseries.nii","506234","MNINonLinear//Results/tfMRI_WM/tfMRI_WM_hp200_s2_level2_MSMAll.feat/GrayordinatesStats/cope18.feat/weights1.dtseries.nii","DE9Ver6MBUS0kxXptiVK9W9.pcGflXvA"
"s3://hcp-openaccess/HCP_1200/506234/MNINonLinear/Results/tfMRI_WM/tfMRI_WM_hp200_s2_level2_MSMAll.feat/GrayordinatesStats/cope18.feat/zflame1lowertstat1.dtseries.nii","506234","MNINonLinear//Results/tfMRI_WM/tfMRI_WM_hp200_s2_level2_MSMAll.feat/GrayordinatesStats/cope18.feat/zflame1lowertstat1.dtseries.nii","q3byi0d9E8I_ap87aUQPIphjnA100u2n"
"s3://hcp-openaccess/HCP_1200/506234/MNINonLinear/Results/tfMRI_WM/tfMRI_WM_hp200_s2_level2_MSMAll.feat/GrayordinatesStats/cope18.feat/zflame1uppertstat1.dtseries.nii","506234","MNINonLinear//Results/tfMRI_WM/tfMRI_WM_hp200_s2_level2_MSMAll.feat/GrayordinatesStats/cope18.feat/zflame1uppertstat1.dtseries.nii","diF1yqnqX1JIH_j1k8qwA_miXTiySHrO"
"s3://hcp-openaccess/HCP_1200/506234/MNINonLinear/Results/tfMRI_WM/tfMRI_WM_hp200_s2_level2_MSMAll.feat/GrayordinatesStats/cope18.feat/zstat1.dtseries.nii","506234","MNINonLinear//Results/tfMRI_WM/tfMRI_WM_hp200_s2_level2_MSMAll.feat/GrayordinatesStats/cope18.feat/zstat1.dtseries.nii","datQq5ZHXK7Vw5HHYZ3AKU6z8z8ll1TF"
"s3://hcp-openaccess/HCP_1200/506234/MNINonLinear/Results/tfMRI_WM/tfMRI_WM_hp200_s2_level2_MSMAll.feat/GrayordinatesStats/cope19.feat/cope1.dtseries.nii","506234","MNINonLinear//Results/tfMRI_WM/tfMRI_WM_hp200_s2_level2_MSMAll.feat/GrayordinatesStats/cope19.feat/cope1.dtseries.nii","B8oXOlVapm5o0tahkIp2ZflwUJ4QkP2n"
"s3://hcp-openaccess/HCP_1200/506234/MNINonLinear/Results/tfMRI_WM/tfMRI_WM_hp200_s2_level2_MSMAll.feat/GrayordinatesStats/cope19.feat/logfile","506234","MNINonLinear//Results/tfMRI_WM/tfMRI_WM_hp200_s2_level2_MSMAll.feat/GrayordinatesStats/cope19.feat/logfile","IFfU5YCb4s7.rCqLieFhQlHEXdfvhJ4O"
"s3://hcp-openaccess/HCP_1200/506234/MNINonLinear/Results/tfMRI_WM/tfMRI_WM_hp200_s2_level2_MSMAll.feat/GrayordinatesStats/cope19.feat/mask.dtseries.nii","506234","MNINonLinear//Results/tfMRI_WM/tfMRI_WM_hp200_s2_level2_MSMAll.feat/GrayordinatesStats/cope19.feat/mask.dtseries.nii","qSGVDYIcPnf9MnkkJpjC3fLbut05a_WY"
"s3://hcp-openaccess/HCP_1200/506234/MNINonLinear/Results/tfMRI_WM/tfMRI_WM_hp200_s2_level2_MSMAll.feat/GrayordinatesStats/cope19.feat/mean_random_effects_var1.dtseries.nii","506234","MNINonLinear//Results/tfMRI_WM/tfMRI_WM_hp200_s2_level2_MSMAll.feat/GrayordinatesStats/cope19.feat/mean_random_effects_var1.dtseries.nii","gIXdVsiCY5LNbwOz_VG2AiE8JyJddvuX"
"s3://hcp-openaccess/HCP_1200/506234/MNINonLinear/Results/tfMRI_WM/tfMRI_WM_hp200_s2_level2_MSMAll.feat/GrayordinatesStats/cope19.feat/pe1.dtseries.nii","506234","MNINonLinear//Results/tfMRI_WM/tfMRI_WM_hp200_s2_level2_MSMAll.feat/GrayordinatesStats/cope19.feat/pe1.dtseries.nii","URqvtW6QI0SKNZTP9Hj4i1vv5ZQ9tSNT"
"s3://hcp-openaccess/HCP_1200/506234/MNINonLinear/Results/tfMRI_WM/tfMRI_WM_hp200_s2_level2_MSMAll.feat/GrayordinatesStats/cope19.feat/res4d.dtseries.nii","506234","MNINonLinear//Results/tfMRI_WM/tfMRI_WM_hp200_s2_level2_MSMAll.feat/GrayordinatesStats/cope19.feat/res4d.dtseries.nii","H2ymY5XhjNHD27YaLUJV5eVAIw3cRok5"
"s3://hcp-openaccess/HCP_1200/506234/MNINonLinear/Results/tfMRI_WM/tfMRI_WM_hp200_s2_level2_MSMAll.feat/GrayordinatesStats/cope19.feat/tdof_t1.dtseries.nii","506234","MNINonLinear//Results/tfMRI_WM/tfMRI_WM_hp200_s2_level2_MSMAll.feat/GrayordinatesStats/cope19.feat/tdof_t1.dtseries.nii","7O_LOS4FS9Pfpt7T1bbtOC_m_OApyRL1"
"s3://hcp-openaccess/HCP_1200/506234/MNINonLinear/Results/tfMRI_WM/tfMRI_WM_hp200_s2_level2_MSMAll.feat/GrayordinatesStats/cope19.feat/tstat1.dtseries.nii","506234","MNINonLinear//Results/tfMRI_WM/tfMRI_WM_hp200_s2_level2_MSMAll.feat/GrayordinatesStats/cope19.feat/tstat1.dtseries.nii","m3ubQi7_h2POnex.9Vl0Hzz7Ww83pl58"
"s3://hcp-openaccess/HCP_1200/506234/MNINonLinear/Results/tfMRI_WM/tfMRI_WM_hp200_s2_level2_MSMAll.feat/GrayordinatesStats/cope19.feat/varcope1.dtseries.nii","506234","MNINonLinear//Results/tfMRI_WM/tfMRI_WM_hp200_s2_level2_MSMAll.feat/GrayordinatesStats/cope19.feat/varcope1.dtseries.nii","QxCPlcbyYKw9jRf52d9x9J5z1zmeQxw2"
"s3://hcp-openaccess/HCP_1200/506234/MNINonLinear/Results/tfMRI_WM/tfMRI_WM_hp200_s2_level2_MSMAll.feat/GrayordinatesStats/cope19.feat/weights1.dtseries.nii","506234","MNINonLinear//Results/tfMRI_WM/tfMRI_WM_hp200_s2_level2_MSMAll.feat/GrayordinatesStats/cope19.feat/weights1.dtseries.nii","eMsLIU6hR4MptEG8jqIMrfeSFsEAsL6R"
"s3://hcp-openaccess/HCP_1200/506234/MNINonLinear/Results/tfMRI_WM/tfMRI_WM_hp200_s2_level2_MSMAll.feat/GrayordinatesStats/cope19.feat/zflame1lowertstat1.dtseries.nii","506234","MNINonLinear//Results/tfMRI_WM/tfMRI_WM_hp200_s2_level2_MSMAll.feat/GrayordinatesStats/cope19.feat/zflame1lowertstat1.dtseries.nii","8fZsUepGDusKWHLSlrgVs6CJogZ1Kkq7"
"s3://hcp-openaccess/HCP_1200/506234/MNINonLinear/Results/tfMRI_WM/tfMRI_WM_hp200_s2_level2_MSMAll.feat/GrayordinatesStats/cope19.feat/zflame1uppertstat1.dtseries.nii","506234","MNINonLinear//Results/tfMRI_WM/tfMRI_WM_hp200_s2_level2_MSMAll.feat/GrayordinatesStats/cope19.feat/zflame1uppertstat1.dtseries.nii","2caNr7KSPtvM20Mb7J5vwRvZI5tZk.CG"
"s3://hcp-openaccess/HCP_1200/506234/MNINonLinear/Results/tfMRI_WM/tfMRI_WM_hp200_s2_level2_MSMAll.feat/GrayordinatesStats/cope19.feat/zstat1.dtseries.nii","506234","MNINonLinear//Results/tfMRI_WM/tfMRI_WM_hp200_s2_level2_MSMAll.feat/GrayordinatesStats/cope19.feat/zstat1.dtseries.nii","b5dVlcQ3IDzYEuPsPYix.tuV5w49HgRJ"
"s3://hcp-openaccess/HCP_1200/506234/MNINonLinear/Results/tfMRI_WM/tfMRI_WM_hp200_s2_level2_MSMAll.feat/GrayordinatesStats/cope2.feat/cope1.dtseries.nii","506234","MNINonLinear//Results/tfMRI_WM/tfMRI_WM_hp200_s2_level2_MSMAll.feat/GrayordinatesStats/cope2.feat/cope1.dtseries.nii","o7z6OOrdh7cGvmq1G7dt4r2higT4eRlY"
"s3://hcp-openaccess/HCP_1200/506234/MNINonLinear/Results/tfMRI_WM/tfMRI_WM_hp200_s2_level2_MSMAll.feat/GrayordinatesStats/cope2.feat/logfile","506234","MNINonLinear//Results/tfMRI_WM/tfMRI_WM_hp200_s2_level2_MSMAll.feat/GrayordinatesStats/cope2.feat/logfile","ikaRk_z.EVmVD3Va.Tb..JDZeuE_w2Ym"
"s3://hcp-openaccess/HCP_1200/506234/MNINonLinear/Results/tfMRI_WM/tfMRI_WM_hp200_s2_level2_MSMAll.feat/GrayordinatesStats/cope2.feat/mask.dtseries.nii","506234","MNINonLinear//Results/tfMRI_WM/tfMRI_WM_hp200_s2_level2_MSMAll.feat/GrayordinatesStats/cope2.feat/mask.dtseries.nii","j1fVChhKNgT2GLl.E6ZEtX9NGp5R9s9Z"
"s3://hcp-openaccess/HCP_1200/506234/MNINonLinear/Results/tfMRI_WM/tfMRI_WM_hp200_s2_level2_MSMAll.feat/GrayordinatesStats/cope2.feat/mean_random_effects_var1.dtseries.nii","506234","MNINonLinear//Results/tfMRI_WM/tfMRI_WM_hp200_s2_level2_MSMAll.feat/GrayordinatesStats/cope2.feat/mean_random_effects_var1.dtseries.nii","Lgw5FyEODCQWIG00ioUWJbXwUMKs7yN8"
"s3://hcp-openaccess/HCP_1200/506234/MNINonLinear/Results/tfMRI_WM/tfMRI_WM_hp200_s2_level2_MSMAll.feat/GrayordinatesStats/cope2.feat/pe1.dtseries.nii","506234","MNINonLinear//Results/tfMRI_WM/tfMRI_WM_hp200_s2_level2_MSMAll.feat/GrayordinatesStats/cope2.feat/pe1.dtseries.nii","zg9hjgIn3RBguBI8X_HyRCfIS8zlyuZu"
"s3://hcp-openaccess/HCP_1200/506234/MNINonLinear/Results/tfMRI_WM/tfMRI_WM_hp200_s2_level2_MSMAll.feat/GrayordinatesStats/cope2.feat/res4d.dtseries.nii","506234","MNINonLinear//Results/tfMRI_WM/tfMRI_WM_hp200_s2_level2_MSMAll.feat/GrayordinatesStats/cope2.feat/res4d.dtseries.nii","XM9PpZvviN725nWtKrQj5Iwtm6fVS..J"
"s3://hcp-openaccess/HCP_1200/506234/MNINonLinear/Results/tfMRI_WM/tfMRI_WM_hp200_s2_level2_MSMAll.feat/GrayordinatesStats/cope2.feat/tdof_t1.dtseries.nii","506234","MNINonLinear//Results/tfMRI_WM/tfMRI_WM_hp200_s2_level2_MSMAll.feat/GrayordinatesStats/cope2.feat/tdof_t1.dtseries.nii","OpE_HQi4VL59cY0MBnEOMJllQHfS379t"
"s3://hcp-openaccess/HCP_1200/506234/MNINonLinear/Results/tfMRI_WM/tfMRI_WM_hp200_s2_level2_MSMAll.feat/GrayordinatesStats/cope2.feat/tstat1.dtseries.nii","506234","MNINonLinear//Results/tfMRI_WM/tfMRI_WM_hp200_s2_level2_MSMAll.feat/GrayordinatesStats/cope2.feat/tstat1.dtseries.nii","BQi1o7ihtnSzWQBlNgf3iAzP7sAZpBAv"
"s3://hcp-openaccess/HCP_1200/506234/MNINonLinear/Results/tfMRI_WM/tfMRI_WM_hp200_s2_level2_MSMAll.feat/GrayordinatesStats/cope2.feat/varcope1.dtseries.nii","506234","MNINonLinear//Results/tfMRI_WM/tfMRI_WM_hp200_s2_level2_MSMAll.feat/GrayordinatesStats/cope2.feat/varcope1.dtseries.nii","YSwHkQrPmordyCNKYzH9S7Y1j1I13jMZ"
"s3://hcp-openaccess/HCP_1200/506234/MNINonLinear/Results/tfMRI_WM/tfMRI_WM_hp200_s2_level2_MSMAll.feat/GrayordinatesStats/cope2.feat/weights1.dtseries.nii","506234","MNINonLinear//Results/tfMRI_WM/tfMRI_WM_hp200_s2_level2_MSMAll.feat/GrayordinatesStats/cope2.feat/weights1.dtseries.nii","X5hsS93jsGqlLCQmTaFC5dfWWIj9zEx2"
"s3://hcp-openaccess/HCP_1200/506234/MNINonLinear/Results/tfMRI_WM/tfMRI_WM_hp200_s2_level2_MSMAll.feat/GrayordinatesStats/cope2.feat/zflame1lowertstat1.dtseries.nii","506234","MNINonLinear//Results/tfMRI_WM/tfMRI_WM_hp200_s2_level2_MSMAll.feat/GrayordinatesStats/cope2.feat/zflame1lowertstat1.dtseries.nii","D8lTJtDAju6c9I9RPgivAeoVKayz6KWm"
"s3://hcp-openaccess/HCP_1200/506234/MNINonLinear/Results/tfMRI_WM/tfMRI_WM_hp200_s2_level2_MSMAll.feat/GrayordinatesStats/cope2.feat/zflame1uppertstat1.dtseries.nii","506234","MNINonLinear//Results/tfMRI_WM/tfMRI_WM_hp200_s2_level2_MSMAll.feat/GrayordinatesStats/cope2.feat/zflame1uppertstat1.dtseries.nii","3v2063MJu0v4L.alNY48MLJQlyj3s9P_"
"s3://hcp-openaccess/HCP_1200/506234/MNINonLinear/Results/tfMRI_WM/tfMRI_WM_hp200_s2_level2_MSMAll.feat/GrayordinatesStats/cope2.feat/zstat1.dtseries.nii","506234","MNINonLinear//Results/tfMRI_WM/tfMRI_WM_hp200_s2_level2_MSMAll.feat/GrayordinatesStats/cope2.feat/zstat1.dtseries.nii","n6gpbSfNqR.QGnoTYKslLlUW6exLfHvH"
"s3://hcp-openaccess/HCP_1200/506234/MNINonLinear/Results/tfMRI_WM/tfMRI_WM_hp200_s2_level2_MSMAll.feat/GrayordinatesStats/cope20.feat/cope1.dtseries.nii","506234","MNINonLinear//Results/tfMRI_WM/tfMRI_WM_hp200_s2_level2_MSMAll.feat/GrayordinatesStats/cope20.feat/cope1.dtseries.nii","Olfw.mUoh9Rc3A4ErRIpy1uNZfw.NeTQ"
"s3://hcp-openaccess/HCP_1200/506234/MNINonLinear/Results/tfMRI_WM/tfMRI_WM_hp200_s2_level2_MSMAll.feat/GrayordinatesStats/cope20.feat/logfile","506234","MNINonLinear//Results/tfMRI_WM/tfMRI_WM_hp200_s2_level2_MSMAll.feat/GrayordinatesStats/cope20.feat/logfile","3d80Ti1P76knZoEDATMn6r_VJzhDNHFm"
"s3://hcp-openaccess/HCP_1200/506234/MNINonLinear/Results/tfMRI_WM/tfMRI_WM_hp200_s2_level2_MSMAll.feat/GrayordinatesStats/cope20.feat/mask.dtseries.nii","506234","MNINonLinear//Results/tfMRI_WM/tfMRI_WM_hp200_s2_level2_MSMAll.feat/GrayordinatesStats/cope20.feat/mask.dtseries.nii","mqcdm65zP_2FHGkeQcIG8acymCE1kKZ4"
"s3://hcp-openaccess/HCP_1200/506234/MNINonLinear/Results/tfMRI_WM/tfMRI_WM_hp200_s2_level2_MSMAll.feat/GrayordinatesStats/cope20.feat/mean_random_effects_var1.dtseries.nii","506234","MNINonLinear//Results/tfMRI_WM/tfMRI_WM_hp200_s2_level2_MSMAll.feat/GrayordinatesStats/cope20.feat/mean_random_effects_var1.dtseries.nii","9tpgfeBGPkWWKPcxyNoD3K_X8ReRGMD8"
"s3://hcp-openaccess/HCP_1200/506234/MNINonLinear/Results/tfMRI_WM/tfMRI_WM_hp200_s2_level2_MSMAll.feat/GrayordinatesStats/cope20.feat/pe1.dtseries.nii","506234","MNINonLinear//Results/tfMRI_WM/tfMRI_WM_hp200_s2_level2_MSMAll.feat/GrayordinatesStats/cope20.feat/pe1.dtseries.nii","zWccyDQnPY7L1ptApW2_VfpPBdrkKLcZ"
"s3://hcp-openaccess/HCP_1200/506234/MNINonLinear/Results/tfMRI_WM/tfMRI_WM_hp200_s2_level2_MSMAll.feat/GrayordinatesStats/cope20.feat/res4d.dtseries.nii","506234","MNINonLinear//Results/tfMRI_WM/tfMRI_WM_hp200_s2_level2_MSMAll.feat/GrayordinatesStats/cope20.feat/res4d.dtseries.nii","Fw5DlWSonXJil98bTMRgeEBkc4unFXzz"
"s3://hcp-openaccess/HCP_1200/506234/MNINonLinear/Results/tfMRI_WM/tfMRI_WM_hp200_s2_level2_MSMAll.feat/GrayordinatesStats/cope20.feat/tdof_t1.dtseries.nii","506234","MNINonLinear//Results/tfMRI_WM/tfMRI_WM_hp200_s2_level2_MSMAll.feat/GrayordinatesStats/cope20.feat/tdof_t1.dtseries.nii","WE9mfoI0LXCSXppyW4WXE5MNQL2T9aV8"
"s3://hcp-openaccess/HCP_1200/506234/MNINonLinear/Results/tfMRI_WM/tfMRI_WM_hp200_s2_level2_MSMAll.feat/GrayordinatesStats/cope20.feat/tstat1.dtseries.nii","506234","MNINonLinear//Results/tfMRI_WM/tfMRI_WM_hp200_s2_level2_MSMAll.feat/GrayordinatesStats/cope20.feat/tstat1.dtseries.nii","fZ6stq.OJ4AYH_fYzH.Ozm0lXf.d4nIL"
"s3://hcp-openaccess/HCP_1200/506234/MNINonLinear/Results/tfMRI_WM/tfMRI_WM_hp200_s2_level2_MSMAll.feat/GrayordinatesStats/cope20.feat/varcope1.dtseries.nii","506234","MNINonLinear//Results/tfMRI_WM/tfMRI_WM_hp200_s2_level2_MSMAll.feat/GrayordinatesStats/cope20.feat/varcope1.dtseries.nii","NcC6jlrwkdRfaZSchBtS_tCQYipwDhhT"
"s3://hcp-openaccess/HCP_1200/506234/MNINonLinear/Results/tfMRI_WM/tfMRI_WM_hp200_s2_level2_MSMAll.feat/GrayordinatesStats/cope20.feat/weights1.dtseries.nii","506234","MNINonLinear//Results/tfMRI_WM/tfMRI_WM_hp200_s2_level2_MSMAll.feat/GrayordinatesStats/cope20.feat/weights1.dtseries.nii","aayRXyfr9ieQkIfamUqXDyxmhdGoQs6b"
"s3://hcp-openaccess/HCP_1200/506234/MNINonLinear/Results/tfMRI_WM/tfMRI_WM_hp200_s2_level2_MSMAll.feat/GrayordinatesStats/cope20.feat/zflame1lowertstat1.dtseries.nii","506234","MNINonLinear//Results/tfMRI_WM/tfMRI_WM_hp200_s2_level2_MSMAll.feat/GrayordinatesStats/cope20.feat/zflame1lowertstat1.dtseries.nii","pm8kkkl8I2pTHTN5wJ.pFsFYivqVqaLF"
"s3://hcp-openaccess/HCP_1200/506234/MNINonLinear/Results/tfMRI_WM/tfMRI_WM_hp200_s2_level2_MSMAll.feat/GrayordinatesStats/cope20.feat/zflame1uppertstat1.dtseries.nii","506234","MNINonLinear//Results/tfMRI_WM/tfMRI_WM_hp200_s2_level2_MSMAll.feat/GrayordinatesStats/cope20.feat/zflame1uppertstat1.dtseries.nii","ih5hK6d95Otz0xAL_SdPKxYs0cv37NHh"
"s3://hcp-openaccess/HCP_1200/506234/MNINonLinear/Results/tfMRI_WM/tfMRI_WM_hp200_s2_level2_MSMAll.feat/GrayordinatesStats/cope20.feat/zstat1.dtseries.nii","506234","MNINonLinear//Results/tfMRI_WM/tfMRI_WM_hp200_s2_level2_MSMAll.feat/GrayordinatesStats/cope20.feat/zstat1.dtseries.nii","N0mRn1nMvUK.pQ7UVrTNOpn.SdqiLMQw"
"s3://hcp-openaccess/HCP_1200/506234/MNINonLinear/Results/tfMRI_WM/tfMRI_WM_hp200_s2_level2_MSMAll.feat/GrayordinatesStats/cope21.feat/cope1.dtseries.nii","506234","MNINonLinear//Results/tfMRI_WM/tfMRI_WM_hp200_s2_level2_MSMAll.feat/GrayordinatesStats/cope21.feat/cope1.dtseries.nii","K00WKjr7tnsTt0VGZADpkq1oFMZIkC2v"
"s3://hcp-openaccess/HCP_1200/506234/MNINonLinear/Results/tfMRI_WM/tfMRI_WM_hp200_s2_level2_MSMAll.feat/GrayordinatesStats/cope21.feat/logfile","506234","MNINonLinear//Results/tfMRI_WM/tfMRI_WM_hp200_s2_level2_MSMAll.feat/GrayordinatesStats/cope21.feat/logfile","Kl91xb_92wJ1zlFyU9VMcJaobv224YbD"
"s3://hcp-openaccess/HCP_1200/506234/MNINonLinear/Results/tfMRI_WM/tfMRI_WM_hp200_s2_level2_MSMAll.feat/GrayordinatesStats/cope21.feat/mask.dtseries.nii","506234","MNINonLinear//Results/tfMRI_WM/tfMRI_WM_hp200_s2_level2_MSMAll.feat/GrayordinatesStats/cope21.feat/mask.dtseries.nii","6rjujmB0SRU9ixJgzF21BtDEdSXF7zEd"
"s3://hcp-openaccess/HCP_1200/506234/MNINonLinear/Results/tfMRI_WM/tfMRI_WM_hp200_s2_level2_MSMAll.feat/GrayordinatesStats/cope21.feat/mean_random_effects_var1.dtseries.nii","506234","MNINonLinear//Results/tfMRI_WM/tfMRI_WM_hp200_s2_level2_MSMAll.feat/GrayordinatesStats/cope21.feat/mean_random_effects_var1.dtseries.nii","g2oF_skXJc8s7vXNP.C2wUiJ3xdQ1E.Q"
"s3://hcp-openaccess/HCP_1200/506234/MNINonLinear/Results/tfMRI_WM/tfMRI_WM_hp200_s2_level2_MSMAll.feat/GrayordinatesStats/cope21.feat/pe1.dtseries.nii","506234","MNINonLinear//Results/tfMRI_WM/tfMRI_WM_hp200_s2_level2_MSMAll.feat/GrayordinatesStats/cope21.feat/pe1.dtseries.nii","4Hdh163wHM.GQakjIy7sUiS7.RHG8x9R"
"s3://hcp-openaccess/HCP_1200/506234/MNINonLinear/Results/tfMRI_WM/tfMRI_WM_hp200_s2_level2_MSMAll.feat/GrayordinatesStats/cope21.feat/res4d.dtseries.nii","506234","MNINonLinear//Results/tfMRI_WM/tfMRI_WM_hp200_s2_level2_MSMAll.feat/GrayordinatesStats/cope21.feat/res4d.dtseries.nii","MhntSjp56dk7zVjJ7GbzdP2jzj9RufxZ"
"s3://hcp-openaccess/HCP_1200/506234/MNINonLinear/Results/tfMRI_WM/tfMRI_WM_hp200_s2_level2_MSMAll.feat/GrayordinatesStats/cope21.feat/tdof_t1.dtseries.nii","506234","MNINonLinear//Results/tfMRI_WM/tfMRI_WM_hp200_s2_level2_MSMAll.feat/GrayordinatesStats/cope21.feat/tdof_t1.dtseries.nii","VKkkiO45UsF4af.jTqyUZPwnpaf0jbxP"
"s3://hcp-openaccess/HCP_1200/506234/MNINonLinear/Results/tfMRI_WM/tfMRI_WM_hp200_s2_level2_MSMAll.feat/GrayordinatesStats/cope21.feat/tstat1.dtseries.nii","506234","MNINonLinear//Results/tfMRI_WM/tfMRI_WM_hp200_s2_level2_MSMAll.feat/GrayordinatesStats/cope21.feat/tstat1.dtseries.nii","LYraCS.lM0LAJKt8xETUrHV43B99_4hX"
"s3://hcp-openaccess/HCP_1200/506234/MNINonLinear/Results/tfMRI_WM/tfMRI_WM_hp200_s2_level2_MSMAll.feat/GrayordinatesStats/cope21.feat/varcope1.dtseries.nii","506234","MNINonLinear//Results/tfMRI_WM/tfMRI_WM_hp200_s2_level2_MSMAll.feat/GrayordinatesStats/cope21.feat/varcope1.dtseries.nii","omd0xaFGD9YtxrNLblwiPkzXMFJY0P8Z"
"s3://hcp-openaccess/HCP_1200/506234/MNINonLinear/Results/tfMRI_WM/tfMRI_WM_hp200_s2_level2_MSMAll.feat/GrayordinatesStats/cope21.feat/weights1.dtseries.nii","506234","MNINonLinear//Results/tfMRI_WM/tfMRI_WM_hp200_s2_level2_MSMAll.feat/GrayordinatesStats/cope21.feat/weights1.dtseries.nii","gQ2ZJOcluihQyv.V4qOEEIKGkynABIDP"
"s3://hcp-openaccess/HCP_1200/506234/MNINonLinear/Results/tfMRI_WM/tfMRI_WM_hp200_s2_level2_MSMAll.feat/GrayordinatesStats/cope21.feat/zflame1lowertstat1.dtseries.nii","506234","MNINonLinear//Results/tfMRI_WM/tfMRI_WM_hp200_s2_level2_MSMAll.feat/GrayordinatesStats/cope21.feat/zflame1lowertstat1.dtseries.nii","vBcjsQtPZ3L_VssaEj7TClHXjyPI7qAw"
"s3://hcp-openaccess/HCP_1200/506234/MNINonLinear/Results/tfMRI_WM/tfMRI_WM_hp200_s2_level2_MSMAll.feat/GrayordinatesStats/cope21.feat/zflame1uppertstat1.dtseries.nii","506234","MNINonLinear//Results/tfMRI_WM/tfMRI_WM_hp200_s2_level2_MSMAll.feat/GrayordinatesStats/cope21.feat/zflame1uppertstat1.dtseries.nii","QO1E1eEkrsl.oqFN2_Cd4UVF3EXdjW2E"
"s3://hcp-openaccess/HCP_1200/506234/MNINonLinear/Results/tfMRI_WM/tfMRI_WM_hp200_s2_level2_MSMAll.feat/GrayordinatesStats/cope21.feat/zstat1.dtseries.nii","506234","MNINonLinear//Results/tfMRI_WM/tfMRI_WM_hp200_s2_level2_MSMAll.feat/GrayordinatesStats/cope21.feat/zstat1.dtseries.nii","AuYf6kQ4INobKuHbw3Tu3Dubmd3FCvqv"
"s3://hcp-openaccess/HCP_1200/506234/MNINonLinear/Results/tfMRI_WM/tfMRI_WM_hp200_s2_level2_MSMAll.feat/GrayordinatesStats/cope22.feat/cope1.dtseries.nii","506234","MNINonLinear//Results/tfMRI_WM/tfMRI_WM_hp200_s2_level2_MSMAll.feat/GrayordinatesStats/cope22.feat/cope1.dtseries.nii","BFEml7pSriV8eV0r3FrZWd40fYMOHmcm"
"s3://hcp-openaccess/HCP_1200/506234/MNINonLinear/Results/tfMRI_WM/tfMRI_WM_hp200_s2_level2_MSMAll.feat/GrayordinatesStats/cope22.feat/logfile","506234","MNINonLinear//Results/tfMRI_WM/tfMRI_WM_hp200_s2_level2_MSMAll.feat/GrayordinatesStats/cope22.feat/logfile","euuGvnlOju5loCLPcMhB.JMwdz_VlHM1"
"s3://hcp-openaccess/HCP_1200/506234/MNINonLinear/Results/tfMRI_WM/tfMRI_WM_hp200_s2_level2_MSMAll.feat/GrayordinatesStats/cope22.feat/mask.dtseries.nii","506234","MNINonLinear//Results/tfMRI_WM/tfMRI_WM_hp200_s2_level2_MSMAll.feat/GrayordinatesStats/cope22.feat/mask.dtseries.nii","zRwnCpjcjR58IMQGj.Hm7mxFOxKN1A9O"
"s3://hcp-openaccess/HCP_1200/506234/MNINonLinear/Results/tfMRI_WM/tfMRI_WM_hp200_s2_level2_MSMAll.feat/GrayordinatesStats/cope22.feat/mean_random_effects_var1.dtseries.nii","506234","MNINonLinear//Results/tfMRI_WM/tfMRI_WM_hp200_s2_level2_MSMAll.feat/GrayordinatesStats/cope22.feat/mean_random_effects_var1.dtseries.nii","1N2Zs2SmYwjBPymNC5H6UohjxJyaFLSu"
"s3://hcp-openaccess/HCP_1200/506234/MNINonLinear/Results/tfMRI_WM/tfMRI_WM_hp200_s2_level2_MSMAll.feat/GrayordinatesStats/cope22.feat/pe1.dtseries.nii","506234","MNINonLinear//Results/tfMRI_WM/tfMRI_WM_hp200_s2_level2_MSMAll.feat/GrayordinatesStats/cope22.feat/pe1.dtseries.nii","lis7ZLyndUGMYBSnOgEVlGA2Wi2Ror4D"
"s3://hcp-openaccess/HCP_1200/506234/MNINonLinear/Results/tfMRI_WM/tfMRI_WM_hp200_s2_level2_MSMAll.feat/GrayordinatesStats/cope22.feat/res4d.dtseries.nii","506234","MNINonLinear//Results/tfMRI_WM/tfMRI_WM_hp200_s2_level2_MSMAll.feat/GrayordinatesStats/cope22.feat/res4d.dtseries.nii","Tp3gmttWjh6_jX868HYwXqJ1NrVfbJYK"
"s3://hcp-openaccess/HCP_1200/506234/MNINonLinear/Results/tfMRI_WM/tfMRI_WM_hp200_s2_level2_MSMAll.feat/GrayordinatesStats/cope22.feat/tdof_t1.dtseries.nii","506234","MNINonLinear//Results/tfMRI_WM/tfMRI_WM_hp200_s2_level2_MSMAll.feat/GrayordinatesStats/cope22.feat/tdof_t1.dtseries.nii","7khEqqIh_3sJOlM1r81t8vjI_5DqQYbQ"
"s3://hcp-openaccess/HCP_1200/506234/MNINonLinear/Results/tfMRI_WM/tfMRI_WM_hp200_s2_level2_MSMAll.feat/GrayordinatesStats/cope22.feat/tstat1.dtseries.nii","506234","MNINonLinear//Results/tfMRI_WM/tfMRI_WM_hp200_s2_level2_MSMAll.feat/GrayordinatesStats/cope22.feat/tstat1.dtseries.nii","skr5BpeR44jdjTEBL92yQfAmKkkxcLAR"
"s3://hcp-openaccess/HCP_1200/506234/MNINonLinear/Results/tfMRI_WM/tfMRI_WM_hp200_s2_level2_MSMAll.feat/GrayordinatesStats/cope22.feat/varcope1.dtseries.nii","506234","MNINonLinear//Results/tfMRI_WM/tfMRI_WM_hp200_s2_level2_MSMAll.feat/GrayordinatesStats/cope22.feat/varcope1.dtseries.nii","Ryrl5YF4z5vLo5k6Td0ktlC_0_2opSrZ"
"s3://hcp-openaccess/HCP_1200/506234/MNINonLinear/Results/tfMRI_WM/tfMRI_WM_hp200_s2_level2_MSMAll.feat/GrayordinatesStats/cope22.feat/weights1.dtseries.nii","506234","MNINonLinear//Results/tfMRI_WM/tfMRI_WM_hp200_s2_level2_MSMAll.feat/GrayordinatesStats/cope22.feat/weights1.dtseries.nii","SOpwGlxeS_8OTY7LO8KFSebpQVOuRVqu"
"s3://hcp-openaccess/HCP_1200/506234/MNINonLinear/Results/tfMRI_WM/tfMRI_WM_hp200_s2_level2_MSMAll.feat/GrayordinatesStats/cope22.feat/zflame1lowertstat1.dtseries.nii","506234","MNINonLinear//Results/tfMRI_WM/tfMRI_WM_hp200_s2_level2_MSMAll.feat/GrayordinatesStats/cope22.feat/zflame1lowertstat1.dtseries.nii","MyiO3wwi5EoQJtZu65xnYvge.v3pbarQ"
"s3://hcp-openaccess/HCP_1200/506234/MNINonLinear/Results/tfMRI_WM/tfMRI_WM_hp200_s2_level2_MSMAll.feat/GrayordinatesStats/cope22.feat/zflame1uppertstat1.dtseries.nii","506234","MNINonLinear//Results/tfMRI_WM/tfMRI_WM_hp200_s2_level2_MSMAll.feat/GrayordinatesStats/cope22.feat/zflame1uppertstat1.dtseries.nii","vMK8IIjVk1UnZcfRUvOjfRrBD90MM60R"
"s3://hcp-openaccess/HCP_1200/506234/MNINonLinear/Results/tfMRI_WM/tfMRI_WM_hp200_s2_level2_MSMAll.feat/GrayordinatesStats/cope22.feat/zstat1.dtseries.nii","506234","MNINonLinear//Results/tfMRI_WM/tfMRI_WM_hp200_s2_level2_MSMAll.feat/GrayordinatesStats/cope22.feat/zstat1.dtseries.nii","U7odmBywcoifSUm3fR9VcNivygZCNtuH"
"s3://hcp-openaccess/HCP_1200/506234/MNINonLinear/Results/tfMRI_WM/tfMRI_WM_hp200_s2_level2_MSMAll.feat/GrayordinatesStats/cope23.feat/cope1.dtseries.nii","506234","MNINonLinear//Results/tfMRI_WM/tfMRI_WM_hp200_s2_level2_MSMAll.feat/GrayordinatesStats/cope23.feat/cope1.dtseries.nii","DHE.L_t.ATrYk_gtCNbZXpeY05DxShYq"
"s3://hcp-openaccess/HCP_1200/506234/MNINonLinear/Results/tfMRI_WM/tfMRI_WM_hp200_s2_level2_MSMAll.feat/GrayordinatesStats/cope23.feat/logfile","506234","MNINonLinear//Results/tfMRI_WM/tfMRI_WM_hp200_s2_level2_MSMAll.feat/GrayordinatesStats/cope23.feat/logfile","QMon1jh.cRemTf.VfEWACcq3ecYHsPOP"
"s3://hcp-openaccess/HCP_1200/506234/MNINonLinear/Results/tfMRI_WM/tfMRI_WM_hp200_s2_level2_MSMAll.feat/GrayordinatesStats/cope23.feat/mask.dtseries.nii","506234","MNINonLinear//Results/tfMRI_WM/tfMRI_WM_hp200_s2_level2_MSMAll.feat/GrayordinatesStats/cope23.feat/mask.dtseries.nii","kxS0O2PzQ1RI4OtsHVh6VqTiBUqB0GlA"
"s3://hcp-openaccess/HCP_1200/506234/MNINonLinear/Results/tfMRI_WM/tfMRI_WM_hp200_s2_level2_MSMAll.feat/GrayordinatesStats/cope23.feat/mean_random_effects_var1.dtseries.nii","506234","MNINonLinear//Results/tfMRI_WM/tfMRI_WM_hp200_s2_level2_MSMAll.feat/GrayordinatesStats/cope23.feat/mean_random_effects_var1.dtseries.nii","Wxj7cLeb8GQEdZqhlTT3JTE8VaIawpCs"
"s3://hcp-openaccess/HCP_1200/506234/MNINonLinear/Results/tfMRI_WM/tfMRI_WM_hp200_s2_level2_MSMAll.feat/GrayordinatesStats/cope23.feat/pe1.dtseries.nii","506234","MNINonLinear//Results/tfMRI_WM/tfMRI_WM_hp200_s2_level2_MSMAll.feat/GrayordinatesStats/cope23.feat/pe1.dtseries.nii","ohRdr45Lkb6mWbbngXoIBtYJ27cBZOw5"
"s3://hcp-openaccess/HCP_1200/506234/MNINonLinear/Results/tfMRI_WM/tfMRI_WM_hp200_s2_level2_MSMAll.feat/GrayordinatesStats/cope23.feat/res4d.dtseries.nii","506234","MNINonLinear//Results/tfMRI_WM/tfMRI_WM_hp200_s2_level2_MSMAll.feat/GrayordinatesStats/cope23.feat/res4d.dtseries.nii","b2ul1yN1YrbcB_Pue3dR2gzJYduAxW9X"
"s3://hcp-openaccess/HCP_1200/506234/MNINonLinear/Results/tfMRI_WM/tfMRI_WM_hp200_s2_level2_MSMAll.feat/GrayordinatesStats/cope23.feat/tdof_t1.dtseries.nii","506234","MNINonLinear//Results/tfMRI_WM/tfMRI_WM_hp200_s2_level2_MSMAll.feat/GrayordinatesStats/cope23.feat/tdof_t1.dtseries.nii","4r_GNauZ88GDNb6jI99YPGUUHWOSnwgf"
"s3://hcp-openaccess/HCP_1200/506234/MNINonLinear/Results/tfMRI_WM/tfMRI_WM_hp200_s2_level2_MSMAll.feat/GrayordinatesStats/cope23.feat/tstat1.dtseries.nii","506234","MNINonLinear//Results/tfMRI_WM/tfMRI_WM_hp200_s2_level2_MSMAll.feat/GrayordinatesStats/cope23.feat/tstat1.dtseries.nii","kVbFqa.gsTscB2nqBTPNsBc23LCWfKHu"
"s3://hcp-openaccess/HCP_1200/506234/MNINonLinear/Results/tfMRI_WM/tfMRI_WM_hp200_s2_level2_MSMAll.feat/GrayordinatesStats/cope23.feat/varcope1.dtseries.nii","506234","MNINonLinear//Results/tfMRI_WM/tfMRI_WM_hp200_s2_level2_MSMAll.feat/GrayordinatesStats/cope23.feat/varcope1.dtseries.nii","52BcbVNG575Xp68nlNUh0qBrpeT2tvxn"
"s3://hcp-openaccess/HCP_1200/506234/MNINonLinear/Results/tfMRI_WM/tfMRI_WM_hp200_s2_level2_MSMAll.feat/GrayordinatesStats/cope23.feat/weights1.dtseries.nii","506234","MNINonLinear//Results/tfMRI_WM/tfMRI_WM_hp200_s2_level2_MSMAll.feat/GrayordinatesStats/cope23.feat/weights1.dtseries.nii","nYgzT94Yq1cH0KqUiOeaTIGyqhEqq7l6"
"s3://hcp-openaccess/HCP_1200/506234/MNINonLinear/Results/tfMRI_WM/tfMRI_WM_hp200_s2_level2_MSMAll.feat/GrayordinatesStats/cope23.feat/zflame1lowertstat1.dtseries.nii","506234","MNINonLinear//Results/tfMRI_WM/tfMRI_WM_hp200_s2_level2_MSMAll.feat/GrayordinatesStats/cope23.feat/zflame1lowertstat1.dtseries.nii","x5evKZEDjZmk0dI2zE1J83IsAFcjoRHl"
"s3://hcp-openaccess/HCP_1200/506234/MNINonLinear/Results/tfMRI_WM/tfMRI_WM_hp200_s2_level2_MSMAll.feat/GrayordinatesStats/cope23.feat/zflame1uppertstat1.dtseries.nii","506234","MNINonLinear//Results/tfMRI_WM/tfMRI_WM_hp200_s2_level2_MSMAll.feat/GrayordinatesStats/cope23.feat/zflame1uppertstat1.dtseries.nii","X1OMoxt.3pS4IaIGMDkyZO3_LylbIHRQ"
"s3://hcp-openaccess/HCP_1200/506234/MNINonLinear/Results/tfMRI_WM/tfMRI_WM_hp200_s2_level2_MSMAll.feat/GrayordinatesStats/cope23.feat/zstat1.dtseries.nii","506234","MNINonLinear//Results/tfMRI_WM/tfMRI_WM_hp200_s2_level2_MSMAll.feat/GrayordinatesStats/cope23.feat/zstat1.dtseries.nii","rkvE0g4l1x7I.5vQArN2JTc2rH0TcOgJ"
"s3://hcp-openaccess/HCP_1200/506234/MNINonLinear/Results/tfMRI_WM/tfMRI_WM_hp200_s2_level2_MSMAll.feat/GrayordinatesStats/cope24.feat/cope1.dtseries.nii","506234","MNINonLinear//Results/tfMRI_WM/tfMRI_WM_hp200_s2_level2_MSMAll.feat/GrayordinatesStats/cope24.feat/cope1.dtseries.nii","IYqtx3L56I3tuhLCZknE1Gw9_rAWcRVI"
"s3://hcp-openaccess/HCP_1200/506234/MNINonLinear/Results/tfMRI_WM/tfMRI_WM_hp200_s2_level2_MSMAll.feat/GrayordinatesStats/cope24.feat/logfile","506234","MNINonLinear//Results/tfMRI_WM/tfMRI_WM_hp200_s2_level2_MSMAll.feat/GrayordinatesStats/cope24.feat/logfile","PZXA9jw64ReMkwJCiXgHClavJqVLjCHz"
"s3://hcp-openaccess/HCP_1200/506234/MNINonLinear/Results/tfMRI_WM/tfMRI_WM_hp200_s2_level2_MSMAll.feat/GrayordinatesStats/cope24.feat/mask.dtseries.nii","506234","MNINonLinear//Results/tfMRI_WM/tfMRI_WM_hp200_s2_level2_MSMAll.feat/GrayordinatesStats/cope24.feat/mask.dtseries.nii","JzJP8wLLcoap5H.sty80an6Qy_gHJRqY"
"s3://hcp-openaccess/HCP_1200/506234/MNINonLinear/Results/tfMRI_WM/tfMRI_WM_hp200_s2_level2_MSMAll.feat/GrayordinatesStats/cope24.feat/mean_random_effects_var1.dtseries.nii","506234","MNINonLinear//Results/tfMRI_WM/tfMRI_WM_hp200_s2_level2_MSMAll.feat/GrayordinatesStats/cope24.feat/mean_random_effects_var1.dtseries.nii","lAbv9av.SFWRF3WNuj.2aVs2BgwzWvd5"
"s3://hcp-openaccess/HCP_1200/506234/MNINonLinear/Results/tfMRI_WM/tfMRI_WM_hp200_s2_level2_MSMAll.feat/GrayordinatesStats/cope24.feat/pe1.dtseries.nii","506234","MNINonLinear//Results/tfMRI_WM/tfMRI_WM_hp200_s2_level2_MSMAll.feat/GrayordinatesStats/cope24.feat/pe1.dtseries.nii","gZBdUazPx6S.H..TBnImYZLqro5qlTbN"
"s3://hcp-openaccess/HCP_1200/506234/MNINonLinear/Results/tfMRI_WM/tfMRI_WM_hp200_s2_level2_MSMAll.feat/GrayordinatesStats/cope24.feat/res4d.dtseries.nii","506234","MNINonLinear//Results/tfMRI_WM/tfMRI_WM_hp200_s2_level2_MSMAll.feat/GrayordinatesStats/cope24.feat/res4d.dtseries.nii","aV6zRty5Wy7FT1YQcCmL0LsrDb_8gdC7"
"s3://hcp-openaccess/HCP_1200/506234/MNINonLinear/Results/tfMRI_WM/tfMRI_WM_hp200_s2_level2_MSMAll.feat/GrayordinatesStats/cope24.feat/tdof_t1.dtseries.nii","506234","MNINonLinear//Results/tfMRI_WM/tfMRI_WM_hp200_s2_level2_MSMAll.feat/GrayordinatesStats/cope24.feat/tdof_t1.dtseries.nii","F3BQBCsR1wFUPzT57CZwydcFLLb_AHC1"
"s3://hcp-openaccess/HCP_1200/506234/MNINonLinear/Results/tfMRI_WM/tfMRI_WM_hp200_s2_level2_MSMAll.feat/GrayordinatesStats/cope24.feat/tstat1.dtseries.nii","506234","MNINonLinear//Results/tfMRI_WM/tfMRI_WM_hp200_s2_level2_MSMAll.feat/GrayordinatesStats/cope24.feat/tstat1.dtseries.nii","X7JOBYAxR8POCpoeJfear_y.Cemb.sM1"
"s3://hcp-openaccess/HCP_1200/506234/MNINonLinear/Results/tfMRI_WM/tfMRI_WM_hp200_s2_level2_MSMAll.feat/GrayordinatesStats/cope24.feat/varcope1.dtseries.nii","506234","MNINonLinear//Results/tfMRI_WM/tfMRI_WM_hp200_s2_level2_MSMAll.feat/GrayordinatesStats/cope24.feat/varcope1.dtseries.nii","MZDvroDoNfQo6Wr28CoRtH96KhiHSS_N"
"s3://hcp-openaccess/HCP_1200/506234/MNINonLinear/Results/tfMRI_WM/tfMRI_WM_hp200_s2_level2_MSMAll.feat/GrayordinatesStats/cope24.feat/weights1.dtseries.nii","506234","MNINonLinear//Results/tfMRI_WM/tfMRI_WM_hp200_s2_level2_MSMAll.feat/GrayordinatesStats/cope24.feat/weights1.dtseries.nii","gg4YVRpVb6zY93fxkmt_B9znRzBurHvz"
"s3://hcp-openaccess/HCP_1200/506234/MNINonLinear/Results/tfMRI_WM/tfMRI_WM_hp200_s2_level2_MSMAll.feat/GrayordinatesStats/cope24.feat/zflame1lowertstat1.dtseries.nii","506234","MNINonLinear//Results/tfMRI_WM/tfMRI_WM_hp200_s2_level2_MSMAll.feat/GrayordinatesStats/cope24.feat/zflame1lowertstat1.dtseries.nii","cdogywWptCmWnNCQMS5p2rGYcj3LAwUe"
"s3://hcp-openaccess/HCP_1200/506234/MNINonLinear/Results/tfMRI_WM/tfMRI_WM_hp200_s2_level2_MSMAll.feat/GrayordinatesStats/cope24.feat/zflame1uppertstat1.dtseries.nii","506234","MNINonLinear//Results/tfMRI_WM/tfMRI_WM_hp200_s2_level2_MSMAll.feat/GrayordinatesStats/cope24.feat/zflame1uppertstat1.dtseries.nii","tyVBSGkyjFMr5z4gRr40a4bTYQK5vxp8"
"s3://hcp-openaccess/HCP_1200/506234/MNINonLinear/Results/tfMRI_WM/tfMRI_WM_hp200_s2_level2_MSMAll.feat/GrayordinatesStats/cope24.feat/zstat1.dtseries.nii","506234","MNINonLinear//Results/tfMRI_WM/tfMRI_WM_hp200_s2_level2_MSMAll.feat/GrayordinatesStats/cope24.feat/zstat1.dtseries.nii","tulLWmGVstEHcTBIki4tUx.rW.IDRj7z"
"s3://hcp-openaccess/HCP_1200/506234/MNINonLinear/Results/tfMRI_WM/tfMRI_WM_hp200_s2_level2_MSMAll.feat/GrayordinatesStats/cope25.feat/cope1.dtseries.nii","506234","MNINonLinear//Results/tfMRI_WM/tfMRI_WM_hp200_s2_level2_MSMAll.feat/GrayordinatesStats/cope25.feat/cope1.dtseries.nii","5.tcTnRQfOsIY8qvbe3anT2GRD8biEYV"
"s3://hcp-openaccess/HCP_1200/506234/MNINonLinear/Results/tfMRI_WM/tfMRI_WM_hp200_s2_level2_MSMAll.feat/GrayordinatesStats/cope25.feat/logfile","506234","MNINonLinear//Results/tfMRI_WM/tfMRI_WM_hp200_s2_level2_MSMAll.feat/GrayordinatesStats/cope25.feat/logfile","K7ZEGsnl5YmftZfyUap9Ia0p9a_Y2Dqa"
"s3://hcp-openaccess/HCP_1200/506234/MNINonLinear/Results/tfMRI_WM/tfMRI_WM_hp200_s2_level2_MSMAll.feat/GrayordinatesStats/cope25.feat/mask.dtseries.nii","506234","MNINonLinear//Results/tfMRI_WM/tfMRI_WM_hp200_s2_level2_MSMAll.feat/GrayordinatesStats/cope25.feat/mask.dtseries.nii","HxnXpUsihFA3ACwrw.cQhy637lKj5f5s"
"s3://hcp-openaccess/HCP_1200/506234/MNINonLinear/Results/tfMRI_WM/tfMRI_WM_hp200_s2_level2_MSMAll.feat/GrayordinatesStats/cope25.feat/mean_random_effects_var1.dtseries.nii","506234","MNINonLinear//Results/tfMRI_WM/tfMRI_WM_hp200_s2_level2_MSMAll.feat/GrayordinatesStats/cope25.feat/mean_random_effects_var1.dtseries.nii","iPBvh5x3G4_oCV6QKxDehKhh.HbBycU3"
"s3://hcp-openaccess/HCP_1200/506234/MNINonLinear/Results/tfMRI_WM/tfMRI_WM_hp200_s2_level2_MSMAll.feat/GrayordinatesStats/cope25.feat/pe1.dtseries.nii","506234","MNINonLinear//Results/tfMRI_WM/tfMRI_WM_hp200_s2_level2_MSMAll.feat/GrayordinatesStats/cope25.feat/pe1.dtseries.nii","gkRb9xW8yg06IvAJ47LTxWLNkmEy9M73"
"s3://hcp-openaccess/HCP_1200/506234/MNINonLinear/Results/tfMRI_WM/tfMRI_WM_hp200_s2_level2_MSMAll.feat/GrayordinatesStats/cope25.feat/res4d.dtseries.nii","506234","MNINonLinear//Results/tfMRI_WM/tfMRI_WM_hp200_s2_level2_MSMAll.feat/GrayordinatesStats/cope25.feat/res4d.dtseries.nii","cMHNs9Nr01uzMfa9d7CDuPMGoWwiaaD4"
"s3://hcp-openaccess/HCP_1200/506234/MNINonLinear/Results/tfMRI_WM/tfMRI_WM_hp200_s2_level2_MSMAll.feat/GrayordinatesStats/cope25.feat/tdof_t1.dtseries.nii","506234","MNINonLinear//Results/tfMRI_WM/tfMRI_WM_hp200_s2_level2_MSMAll.feat/GrayordinatesStats/cope25.feat/tdof_t1.dtseries.nii","ko.oCOgBPk6qTJLea.oDd.VsB3OmXyzf"
"s3://hcp-openaccess/HCP_1200/506234/MNINonLinear/Results/tfMRI_WM/tfMRI_WM_hp200_s2_level2_MSMAll.feat/GrayordinatesStats/cope25.feat/tstat1.dtseries.nii","506234","MNINonLinear//Results/tfMRI_WM/tfMRI_WM_hp200_s2_level2_MSMAll.feat/GrayordinatesStats/cope25.feat/tstat1.dtseries.nii","26Yh2dSnW1cqMIJRm7Bx_rzLAO3I9LgX"
"s3://hcp-openaccess/HCP_1200/506234/MNINonLinear/Results/tfMRI_WM/tfMRI_WM_hp200_s2_level2_MSMAll.feat/GrayordinatesStats/cope25.feat/varcope1.dtseries.nii","506234","MNINonLinear//Results/tfMRI_WM/tfMRI_WM_hp200_s2_level2_MSMAll.feat/GrayordinatesStats/cope25.feat/varcope1.dtseries.nii","Tr0sQV99PYYdszCoE3GUsh6nAAM_laWg"
"s3://hcp-openaccess/HCP_1200/506234/MNINonLinear/Results/tfMRI_WM/tfMRI_WM_hp200_s2_level2_MSMAll.feat/GrayordinatesStats/cope25.feat/weights1.dtseries.nii","506234","MNINonLinear//Results/tfMRI_WM/tfMRI_WM_hp200_s2_level2_MSMAll.feat/GrayordinatesStats/cope25.feat/weights1.dtseries.nii",".EJT.2q_mD9_h6UgvzcbJf1G5b0vaTdI"
"s3://hcp-openaccess/HCP_1200/506234/MNINonLinear/Results/tfMRI_WM/tfMRI_WM_hp200_s2_level2_MSMAll.feat/GrayordinatesStats/cope25.feat/zflame1lowertstat1.dtseries.nii","506234","MNINonLinear//Results/tfMRI_WM/tfMRI_WM_hp200_s2_level2_MSMAll.feat/GrayordinatesStats/cope25.feat/zflame1lowertstat1.dtseries.nii","mSZ91ZebZUfCfInkPbcs6rQ7KAliyI_t"
"s3://hcp-openaccess/HCP_1200/506234/MNINonLinear/Results/tfMRI_WM/tfMRI_WM_hp200_s2_level2_MSMAll.feat/GrayordinatesStats/cope25.feat/zflame1uppertstat1.dtseries.nii","506234","MNINonLinear//Results/tfMRI_WM/tfMRI_WM_hp200_s2_level2_MSMAll.feat/GrayordinatesStats/cope25.feat/zflame1uppertstat1.dtseries.nii","oIetjBVmU4fAkA5GygdFc_P9S6Tquveo"
"s3://hcp-openaccess/HCP_1200/506234/MNINonLinear/Results/tfMRI_WM/tfMRI_WM_hp200_s2_level2_MSMAll.feat/GrayordinatesStats/cope25.feat/zstat1.dtseries.nii","506234","MNINonLinear//Results/tfMRI_WM/tfMRI_WM_hp200_s2_level2_MSMAll.feat/GrayordinatesStats/cope25.feat/zstat1.dtseries.nii","i7WTJqUQa1nzMcnaBY5evDOKcdduA1pG"
"s3://hcp-openaccess/HCP_1200/506234/MNINonLinear/Results/tfMRI_WM/tfMRI_WM_hp200_s2_level2_MSMAll.feat/GrayordinatesStats/cope26.feat/cope1.dtseries.nii","506234","MNINonLinear//Results/tfMRI_WM/tfMRI_WM_hp200_s2_level2_MSMAll.feat/GrayordinatesStats/cope26.feat/cope1.dtseries.nii","UFN4G_VUOYfeQSpaycMnmiwRQk7DUh0z"
"s3://hcp-openaccess/HCP_1200/506234/MNINonLinear/Results/tfMRI_WM/tfMRI_WM_hp200_s2_level2_MSMAll.feat/GrayordinatesStats/cope26.feat/logfile","506234","MNINonLinear//Results/tfMRI_WM/tfMRI_WM_hp200_s2_level2_MSMAll.feat/GrayordinatesStats/cope26.feat/logfile","OiCAIbbZ8qWfGURfSbFy_XBumwQ5BhuZ"
"s3://hcp-openaccess/HCP_1200/506234/MNINonLinear/Results/tfMRI_WM/tfMRI_WM_hp200_s2_level2_MSMAll.feat/GrayordinatesStats/cope26.feat/mask.dtseries.nii","506234","MNINonLinear//Results/tfMRI_WM/tfMRI_WM_hp200_s2_level2_MSMAll.feat/GrayordinatesStats/cope26.feat/mask.dtseries.nii","clYPEGiXQ4e4cs6.FEKcOg.OF8YMe9jQ"
"s3://hcp-openaccess/HCP_1200/506234/MNINonLinear/Results/tfMRI_WM/tfMRI_WM_hp200_s2_level2_MSMAll.feat/GrayordinatesStats/cope26.feat/mean_random_effects_var1.dtseries.nii","506234","MNINonLinear//Results/tfMRI_WM/tfMRI_WM_hp200_s2_level2_MSMAll.feat/GrayordinatesStats/cope26.feat/mean_random_effects_var1.dtseries.nii","FcdCe_v46aPgP1CJboIGTe79PWTUvcVp"
"s3://hcp-openaccess/HCP_1200/506234/MNINonLinear/Results/tfMRI_WM/tfMRI_WM_hp200_s2_level2_MSMAll.feat/GrayordinatesStats/cope26.feat/pe1.dtseries.nii","506234","MNINonLinear//Results/tfMRI_WM/tfMRI_WM_hp200_s2_level2_MSMAll.feat/GrayordinatesStats/cope26.feat/pe1.dtseries.nii","JnvugsLbMSXwGpdNsyEjt_3A7uyvYWJd"
"s3://hcp-openaccess/HCP_1200/506234/MNINonLinear/Results/tfMRI_WM/tfMRI_WM_hp200_s2_level2_MSMAll.feat/GrayordinatesStats/cope26.feat/res4d.dtseries.nii","506234","MNINonLinear//Results/tfMRI_WM/tfMRI_WM_hp200_s2_level2_MSMAll.feat/GrayordinatesStats/cope26.feat/res4d.dtseries.nii","lWbvndDXQZbhP2lAfJvk60oqyn48_xFX"
"s3://hcp-openaccess/HCP_1200/506234/MNINonLinear/Results/tfMRI_WM/tfMRI_WM_hp200_s2_level2_MSMAll.feat/GrayordinatesStats/cope26.feat/tdof_t1.dtseries.nii","506234","MNINonLinear//Results/tfMRI_WM/tfMRI_WM_hp200_s2_level2_MSMAll.feat/GrayordinatesStats/cope26.feat/tdof_t1.dtseries.nii","sTt3_AgNb.zN.Vdp6TEY1MYIpSJpGaak"
"s3://hcp-openaccess/HCP_1200/506234/MNINonLinear/Results/tfMRI_WM/tfMRI_WM_hp200_s2_level2_MSMAll.feat/GrayordinatesStats/cope26.feat/tstat1.dtseries.nii","506234","MNINonLinear//Results/tfMRI_WM/tfMRI_WM_hp200_s2_level2_MSMAll.feat/GrayordinatesStats/cope26.feat/tstat1.dtseries.nii","iRvm8jtBjlq37wOs0AfbTDw5fgR_kQ0L"
"s3://hcp-openaccess/HCP_1200/506234/MNINonLinear/Results/tfMRI_WM/tfMRI_WM_hp200_s2_level2_MSMAll.feat/GrayordinatesStats/cope26.feat/varcope1.dtseries.nii","506234","MNINonLinear//Results/tfMRI_WM/tfMRI_WM_hp200_s2_level2_MSMAll.feat/GrayordinatesStats/cope26.feat/varcope1.dtseries.nii","en1QYp9WwpmeRybUnssRyG2v7sUndpQx"
"s3://hcp-openaccess/HCP_1200/506234/MNINonLinear/Results/tfMRI_WM/tfMRI_WM_hp200_s2_level2_MSMAll.feat/GrayordinatesStats/cope26.feat/weights1.dtseries.nii","506234","MNINonLinear//Results/tfMRI_WM/tfMRI_WM_hp200_s2_level2_MSMAll.feat/GrayordinatesStats/cope26.feat/weights1.dtseries.nii","Y0akVkYNQMDc52kEwLZsxhT3cYKjgpmS"
"s3://hcp-openaccess/HCP_1200/506234/MNINonLinear/Results/tfMRI_WM/tfMRI_WM_hp200_s2_level2_MSMAll.feat/GrayordinatesStats/cope26.feat/zflame1lowertstat1.dtseries.nii","506234","MNINonLinear//Results/tfMRI_WM/tfMRI_WM_hp200_s2_level2_MSMAll.feat/GrayordinatesStats/cope26.feat/zflame1lowertstat1.dtseries.nii","QdadJ_DLUroQ8w0_mUBPxUk0Li8RrRSV"
"s3://hcp-openaccess/HCP_1200/506234/MNINonLinear/Results/tfMRI_WM/tfMRI_WM_hp200_s2_level2_MSMAll.feat/GrayordinatesStats/cope26.feat/zflame1uppertstat1.dtseries.nii","506234","MNINonLinear//Results/tfMRI_WM/tfMRI_WM_hp200_s2_level2_MSMAll.feat/GrayordinatesStats/cope26.feat/zflame1uppertstat1.dtseries.nii","b9MWgwEka7FdDU6s9Bd3VBRa18wYaztI"
"s3://hcp-openaccess/HCP_1200/506234/MNINonLinear/Results/tfMRI_WM/tfMRI_WM_hp200_s2_level2_MSMAll.feat/GrayordinatesStats/cope26.feat/zstat1.dtseries.nii","506234","MNINonLinear//Results/tfMRI_WM/tfMRI_WM_hp200_s2_level2_MSMAll.feat/GrayordinatesStats/cope26.feat/zstat1.dtseries.nii","00mGUwmOqWkjXuKOgWzt.Af3eWHvDU.I"
"s3://hcp-openaccess/HCP_1200/506234/MNINonLinear/Results/tfMRI_WM/tfMRI_WM_hp200_s2_level2_MSMAll.feat/GrayordinatesStats/cope27.feat/cope1.dtseries.nii","506234","MNINonLinear//Results/tfMRI_WM/tfMRI_WM_hp200_s2_level2_MSMAll.feat/GrayordinatesStats/cope27.feat/cope1.dtseries.nii","Ea32ZGh6JHjb1ZQOSfdoEHbxyibj8vFx"
"s3://hcp-openaccess/HCP_1200/506234/MNINonLinear/Results/tfMRI_WM/tfMRI_WM_hp200_s2_level2_MSMAll.feat/GrayordinatesStats/cope27.feat/logfile","506234","MNINonLinear//Results/tfMRI_WM/tfMRI_WM_hp200_s2_level2_MSMAll.feat/GrayordinatesStats/cope27.feat/logfile","95dvB24sqiQ1zIVr1Hw8HyNGmZhJtEoo"
"s3://hcp-openaccess/HCP_1200/506234/MNINonLinear/Results/tfMRI_WM/tfMRI_WM_hp200_s2_level2_MSMAll.feat/GrayordinatesStats/cope27.feat/mask.dtseries.nii","506234","MNINonLinear//Results/tfMRI_WM/tfMRI_WM_hp200_s2_level2_MSMAll.feat/GrayordinatesStats/cope27.feat/mask.dtseries.nii","TKhkuawVbnJFhbLzUjhtJEVAPNSKrJs2"
"s3://hcp-openaccess/HCP_1200/506234/MNINonLinear/Results/tfMRI_WM/tfMRI_WM_hp200_s2_level2_MSMAll.feat/GrayordinatesStats/cope27.feat/mean_random_effects_var1.dtseries.nii","506234","MNINonLinear//Results/tfMRI_WM/tfMRI_WM_hp200_s2_level2_MSMAll.feat/GrayordinatesStats/cope27.feat/mean_random_effects_var1.dtseries.nii","G4f7nbL5DGAnUxZuVkWkW0vAVv2MizHR"
"s3://hcp-openaccess/HCP_1200/506234/MNINonLinear/Results/tfMRI_WM/tfMRI_WM_hp200_s2_level2_MSMAll.feat/GrayordinatesStats/cope27.feat/pe1.dtseries.nii","506234","MNINonLinear//Results/tfMRI_WM/tfMRI_WM_hp200_s2_level2_MSMAll.feat/GrayordinatesStats/cope27.feat/pe1.dtseries.nii","hj1K7Yvll86DIOGMxiBrcgKQJA_ezfJf"
"s3://hcp-openaccess/HCP_1200/506234/MNINonLinear/Results/tfMRI_WM/tfMRI_WM_hp200_s2_level2_MSMAll.feat/GrayordinatesStats/cope27.feat/res4d.dtseries.nii","506234","MNINonLinear//Results/tfMRI_WM/tfMRI_WM_hp200_s2_level2_MSMAll.feat/GrayordinatesStats/cope27.feat/res4d.dtseries.nii","vMrRbDSdcIVG7.vOnWePmhWp4y8AhfSN"
"s3://hcp-openaccess/HCP_1200/506234/MNINonLinear/Results/tfMRI_WM/tfMRI_WM_hp200_s2_level2_MSMAll.feat/GrayordinatesStats/cope27.feat/tdof_t1.dtseries.nii","506234","MNINonLinear//Results/tfMRI_WM/tfMRI_WM_hp200_s2_level2_MSMAll.feat/GrayordinatesStats/cope27.feat/tdof_t1.dtseries.nii","wg2w_f3oThAm8AwjZhkRqU1wvzpqTkdA"
"s3://hcp-openaccess/HCP_1200/506234/MNINonLinear/Results/tfMRI_WM/tfMRI_WM_hp200_s2_level2_MSMAll.feat/GrayordinatesStats/cope27.feat/tstat1.dtseries.nii","506234","MNINonLinear//Results/tfMRI_WM/tfMRI_WM_hp200_s2_level2_MSMAll.feat/GrayordinatesStats/cope27.feat/tstat1.dtseries.nii","ykSDEWT.VtGH0filJoTpVB..v3GElW7Z"
"s3://hcp-openaccess/HCP_1200/506234/MNINonLinear/Results/tfMRI_WM/tfMRI_WM_hp200_s2_level2_MSMAll.feat/GrayordinatesStats/cope27.feat/varcope1.dtseries.nii","506234","MNINonLinear//Results/tfMRI_WM/tfMRI_WM_hp200_s2_level2_MSMAll.feat/GrayordinatesStats/cope27.feat/varcope1.dtseries.nii","tetga5Girxzq13myxFAXxCnjEeIHcTEa"
"s3://hcp-openaccess/HCP_1200/506234/MNINonLinear/Results/tfMRI_WM/tfMRI_WM_hp200_s2_level2_MSMAll.feat/GrayordinatesStats/cope27.feat/weights1.dtseries.nii","506234","MNINonLinear//Results/tfMRI_WM/tfMRI_WM_hp200_s2_level2_MSMAll.feat/GrayordinatesStats/cope27.feat/weights1.dtseries.nii","93Pv.uo._1Bg5MuSvXAgaFyatbpMAAhx"
"s3://hcp-openaccess/HCP_1200/506234/MNINonLinear/Results/tfMRI_WM/tfMRI_WM_hp200_s2_level2_MSMAll.feat/GrayordinatesStats/cope27.feat/zflame1lowertstat1.dtseries.nii","506234","MNINonLinear//Results/tfMRI_WM/tfMRI_WM_hp200_s2_level2_MSMAll.feat/GrayordinatesStats/cope27.feat/zflame1lowertstat1.dtseries.nii","TrtS6ZI9eZy3oMsDtfqzC0b8ywOBKMon"
"s3://hcp-openaccess/HCP_1200/506234/MNINonLinear/Results/tfMRI_WM/tfMRI_WM_hp200_s2_level2_MSMAll.feat/GrayordinatesStats/cope27.feat/zflame1uppertstat1.dtseries.nii","506234","MNINonLinear//Results/tfMRI_WM/tfMRI_WM_hp200_s2_level2_MSMAll.feat/GrayordinatesStats/cope27.feat/zflame1uppertstat1.dtseries.nii","EHp5feqZZaKAoBJg2g62mIRVPyC3tslP"
"s3://hcp-openaccess/HCP_1200/506234/MNINonLinear/Results/tfMRI_WM/tfMRI_WM_hp200_s2_level2_MSMAll.feat/GrayordinatesStats/cope27.feat/zstat1.dtseries.nii","506234","MNINonLinear//Results/tfMRI_WM/tfMRI_WM_hp200_s2_level2_MSMAll.feat/GrayordinatesStats/cope27.feat/zstat1.dtseries.nii","h4rxbsbeH5mEgfthvY60Kno7Cn2GWE6W"
"s3://hcp-openaccess/HCP_1200/506234/MNINonLinear/Results/tfMRI_WM/tfMRI_WM_hp200_s2_level2_MSMAll.feat/GrayordinatesStats/cope28.feat/cope1.dtseries.nii","506234","MNINonLinear//Results/tfMRI_WM/tfMRI_WM_hp200_s2_level2_MSMAll.feat/GrayordinatesStats/cope28.feat/cope1.dtseries.nii","o7PP3SCHv4rjNjAlEa_x4P0Ak7_sJgc."
"s3://hcp-openaccess/HCP_1200/506234/MNINonLinear/Results/tfMRI_WM/tfMRI_WM_hp200_s2_level2_MSMAll.feat/GrayordinatesStats/cope28.feat/logfile","506234","MNINonLinear//Results/tfMRI_WM/tfMRI_WM_hp200_s2_level2_MSMAll.feat/GrayordinatesStats/cope28.feat/logfile","MTeimBQL1zGJQ._CDvwps7DHavb6hXOp"
"s3://hcp-openaccess/HCP_1200/506234/MNINonLinear/Results/tfMRI_WM/tfMRI_WM_hp200_s2_level2_MSMAll.feat/GrayordinatesStats/cope28.feat/mask.dtseries.nii","506234","MNINonLinear//Results/tfMRI_WM/tfMRI_WM_hp200_s2_level2_MSMAll.feat/GrayordinatesStats/cope28.feat/mask.dtseries.nii","xAz7nCcS7EoTKJHxsLEEZ7gM1AJXC6Hs"
"s3://hcp-openaccess/HCP_1200/506234/MNINonLinear/Results/tfMRI_WM/tfMRI_WM_hp200_s2_level2_MSMAll.feat/GrayordinatesStats/cope28.feat/mean_random_effects_var1.dtseries.nii","506234","MNINonLinear//Results/tfMRI_WM/tfMRI_WM_hp200_s2_level2_MSMAll.feat/GrayordinatesStats/cope28.feat/mean_random_effects_var1.dtseries.nii","Dl_sTNzRCPy6wiJUpRAFPcK2GMrjAw6t"
"s3://hcp-openaccess/HCP_1200/506234/MNINonLinear/Results/tfMRI_WM/tfMRI_WM_hp200_s2_level2_MSMAll.feat/GrayordinatesStats/cope28.feat/pe1.dtseries.nii","506234","MNINonLinear//Results/tfMRI_WM/tfMRI_WM_hp200_s2_level2_MSMAll.feat/GrayordinatesStats/cope28.feat/pe1.dtseries.nii","SLXYVTcMzr4H9ttHgS8yfC8sguxokgMx"
"s3://hcp-openaccess/HCP_1200/506234/MNINonLinear/Results/tfMRI_WM/tfMRI_WM_hp200_s2_level2_MSMAll.feat/GrayordinatesStats/cope28.feat/res4d.dtseries.nii","506234","MNINonLinear//Results/tfMRI_WM/tfMRI_WM_hp200_s2_level2_MSMAll.feat/GrayordinatesStats/cope28.feat/res4d.dtseries.nii","b9bpPFsnkdNmVL.cQcBngHma3ry2a7uv"
"s3://hcp-openaccess/HCP_1200/506234/MNINonLinear/Results/tfMRI_WM/tfMRI_WM_hp200_s2_level2_MSMAll.feat/GrayordinatesStats/cope28.feat/tdof_t1.dtseries.nii","506234","MNINonLinear//Results/tfMRI_WM/tfMRI_WM_hp200_s2_level2_MSMAll.feat/GrayordinatesStats/cope28.feat/tdof_t1.dtseries.nii","3f39bik8gp9FeCiVK8Gq_iI.Rg7qlPwl"
"s3://hcp-openaccess/HCP_1200/506234/MNINonLinear/Results/tfMRI_WM/tfMRI_WM_hp200_s2_level2_MSMAll.feat/GrayordinatesStats/cope28.feat/tstat1.dtseries.nii","506234","MNINonLinear//Results/tfMRI_WM/tfMRI_WM_hp200_s2_level2_MSMAll.feat/GrayordinatesStats/cope28.feat/tstat1.dtseries.nii","ZhJ9SneMka_G0uS2lhu0AsenPo5DqIbW"
"s3://hcp-openaccess/HCP_1200/506234/MNINonLinear/Results/tfMRI_WM/tfMRI_WM_hp200_s2_level2_MSMAll.feat/GrayordinatesStats/cope28.feat/varcope1.dtseries.nii","506234","MNINonLinear//Results/tfMRI_WM/tfMRI_WM_hp200_s2_level2_MSMAll.feat/GrayordinatesStats/cope28.feat/varcope1.dtseries.nii","oNEqPjnx1yBA9KTcrUgUFquUURf8N_R1"
"s3://hcp-openaccess/HCP_1200/506234/MNINonLinear/Results/tfMRI_WM/tfMRI_WM_hp200_s2_level2_MSMAll.feat/GrayordinatesStats/cope28.feat/weights1.dtseries.nii","506234","MNINonLinear//Results/tfMRI_WM/tfMRI_WM_hp200_s2_level2_MSMAll.feat/GrayordinatesStats/cope28.feat/weights1.dtseries.nii","PMoaABRRXq8hNsK.AT7GcSQ49XYuzBbA"
"s3://hcp-openaccess/HCP_1200/506234/MNINonLinear/Results/tfMRI_WM/tfMRI_WM_hp200_s2_level2_MSMAll.feat/GrayordinatesStats/cope28.feat/zflame1lowertstat1.dtseries.nii","506234","MNINonLinear//Results/tfMRI_WM/tfMRI_WM_hp200_s2_level2_MSMAll.feat/GrayordinatesStats/cope28.feat/zflame1lowertstat1.dtseries.nii","5a3_C338tCEhmn1G1cHW3O8_VfiTgC9f"
"s3://hcp-openaccess/HCP_1200/506234/MNINonLinear/Results/tfMRI_WM/tfMRI_WM_hp200_s2_level2_MSMAll.feat/GrayordinatesStats/cope28.feat/zflame1uppertstat1.dtseries.nii","506234","MNINonLinear//Results/tfMRI_WM/tfMRI_WM_hp200_s2_level2_MSMAll.feat/GrayordinatesStats/cope28.feat/zflame1uppertstat1.dtseries.nii","tVg8pznRfcOiDTILlslG51Wn7uVdRES8"
"s3://hcp-openaccess/HCP_1200/506234/MNINonLinear/Results/tfMRI_WM/tfMRI_WM_hp200_s2_level2_MSMAll.feat/GrayordinatesStats/cope28.feat/zstat1.dtseries.nii","506234","MNINonLinear//Results/tfMRI_WM/tfMRI_WM_hp200_s2_level2_MSMAll.feat/GrayordinatesStats/cope28.feat/zstat1.dtseries.nii","63v16tUh_fouObIXVHq_0Utm3s8orRLi"
"s3://hcp-openaccess/HCP_1200/506234/MNINonLinear/Results/tfMRI_WM/tfMRI_WM_hp200_s2_level2_MSMAll.feat/GrayordinatesStats/cope29.feat/cope1.dtseries.nii","506234","MNINonLinear//Results/tfMRI_WM/tfMRI_WM_hp200_s2_level2_MSMAll.feat/GrayordinatesStats/cope29.feat/cope1.dtseries.nii","416akItvdJD2ZUzj2KZH72cxHnALWIHq"
"s3://hcp-openaccess/HCP_1200/506234/MNINonLinear/Results/tfMRI_WM/tfMRI_WM_hp200_s2_level2_MSMAll.feat/GrayordinatesStats/cope29.feat/logfile","506234","MNINonLinear//Results/tfMRI_WM/tfMRI_WM_hp200_s2_level2_MSMAll.feat/GrayordinatesStats/cope29.feat/logfile","smyiqEX3hR6fMNNPX0iFkl1YPp5LENxQ"
"s3://hcp-openaccess/HCP_1200/506234/MNINonLinear/Results/tfMRI_WM/tfMRI_WM_hp200_s2_level2_MSMAll.feat/GrayordinatesStats/cope29.feat/mask.dtseries.nii","506234","MNINonLinear//Results/tfMRI_WM/tfMRI_WM_hp200_s2_level2_MSMAll.feat/GrayordinatesStats/cope29.feat/mask.dtseries.nii","zk2OwnjY.SEu5ODvAMo9T8oJDFMxdoJa"
"s3://hcp-openaccess/HCP_1200/506234/MNINonLinear/Results/tfMRI_WM/tfMRI_WM_hp200_s2_level2_MSMAll.feat/GrayordinatesStats/cope29.feat/mean_random_effects_var1.dtseries.nii","506234","MNINonLinear//Results/tfMRI_WM/tfMRI_WM_hp200_s2_level2_MSMAll.feat/GrayordinatesStats/cope29.feat/mean_random_effects_var1.dtseries.nii","aWGOr5dSg3.rMq8mlCC4HGEs_73LfLrL"
"s3://hcp-openaccess/HCP_1200/506234/MNINonLinear/Results/tfMRI_WM/tfMRI_WM_hp200_s2_level2_MSMAll.feat/GrayordinatesStats/cope29.feat/pe1.dtseries.nii","506234","MNINonLinear//Results/tfMRI_WM/tfMRI_WM_hp200_s2_level2_MSMAll.feat/GrayordinatesStats/cope29.feat/pe1.dtseries.nii","Zu_Jx5i.KMJk0h7pjldm9IQM1grc_6kf"
"s3://hcp-openaccess/HCP_1200/506234/MNINonLinear/Results/tfMRI_WM/tfMRI_WM_hp200_s2_level2_MSMAll.feat/GrayordinatesStats/cope29.feat/res4d.dtseries.nii","506234","MNINonLinear//Results/tfMRI_WM/tfMRI_WM_hp200_s2_level2_MSMAll.feat/GrayordinatesStats/cope29.feat/res4d.dtseries.nii","GVUK_VyRzuWsoCDq5Fk.ANeBy4jPQeLK"
"s3://hcp-openaccess/HCP_1200/506234/MNINonLinear/Results/tfMRI_WM/tfMRI_WM_hp200_s2_level2_MSMAll.feat/GrayordinatesStats/cope29.feat/tdof_t1.dtseries.nii","506234","MNINonLinear//Results/tfMRI_WM/tfMRI_WM_hp200_s2_level2_MSMAll.feat/GrayordinatesStats/cope29.feat/tdof_t1.dtseries.nii","3epmIgPBmxvFhsh2Q_lU.dk0dU0KKxOK"
"s3://hcp-openaccess/HCP_1200/506234/MNINonLinear/Results/tfMRI_WM/tfMRI_WM_hp200_s2_level2_MSMAll.feat/GrayordinatesStats/cope29.feat/tstat1.dtseries.nii","506234","MNINonLinear//Results/tfMRI_WM/tfMRI_WM_hp200_s2_level2_MSMAll.feat/GrayordinatesStats/cope29.feat/tstat1.dtseries.nii","qFaFoUnl34ircewWCiipxXkZy5whN5ID"
"s3://hcp-openaccess/HCP_1200/506234/MNINonLinear/Results/tfMRI_WM/tfMRI_WM_hp200_s2_level2_MSMAll.feat/GrayordinatesStats/cope29.feat/varcope1.dtseries.nii","506234","MNINonLinear//Results/tfMRI_WM/tfMRI_WM_hp200_s2_level2_MSMAll.feat/GrayordinatesStats/cope29.feat/varcope1.dtseries.nii","f2IGNMWLT8aNNX8QLqd8cz6MRKTGnI2_"
"s3://hcp-openaccess/HCP_1200/506234/MNINonLinear/Results/tfMRI_WM/tfMRI_WM_hp200_s2_level2_MSMAll.feat/GrayordinatesStats/cope29.feat/weights1.dtseries.nii","506234","MNINonLinear//Results/tfMRI_WM/tfMRI_WM_hp200_s2_level2_MSMAll.feat/GrayordinatesStats/cope29.feat/weights1.dtseries.nii","vXxA9ht_rlCEbblxU3s78ZWysSTZBvKL"
"s3://hcp-openaccess/HCP_1200/506234/MNINonLinear/Results/tfMRI_WM/tfMRI_WM_hp200_s2_level2_MSMAll.feat/GrayordinatesStats/cope29.feat/zflame1lowertstat1.dtseries.nii","506234","MNINonLinear//Results/tfMRI_WM/tfMRI_WM_hp200_s2_level2_MSMAll.feat/GrayordinatesStats/cope29.feat/zflame1lowertstat1.dtseries.nii","KVHWmiuxw9FWIK4vJI41FbMkF8FsiAK2"
"s3://hcp-openaccess/HCP_1200/506234/MNINonLinear/Results/tfMRI_WM/tfMRI_WM_hp200_s2_level2_MSMAll.feat/GrayordinatesStats/cope29.feat/zflame1uppertstat1.dtseries.nii","506234","MNINonLinear//Results/tfMRI_WM/tfMRI_WM_hp200_s2_level2_MSMAll.feat/GrayordinatesStats/cope29.feat/zflame1uppertstat1.dtseries.nii","RJStc4Jrq0gpHC.CeVRv5eayOPXv1rPd"
"s3://hcp-openaccess/HCP_1200/506234/MNINonLinear/Results/tfMRI_WM/tfMRI_WM_hp200_s2_level2_MSMAll.feat/GrayordinatesStats/cope29.feat/zstat1.dtseries.nii","506234","MNINonLinear//Results/tfMRI_WM/tfMRI_WM_hp200_s2_level2_MSMAll.feat/GrayordinatesStats/cope29.feat/zstat1.dtseries.nii","4jJsDey0xrVFtm82hcveMrL0W7XdsIs3"
"s3://hcp-openaccess/HCP_1200/506234/MNINonLinear/Results/tfMRI_WM/tfMRI_WM_hp200_s2_level2_MSMAll.feat/GrayordinatesStats/cope3.feat/cope1.dtseries.nii","506234","MNINonLinear//Results/tfMRI_WM/tfMRI_WM_hp200_s2_level2_MSMAll.feat/GrayordinatesStats/cope3.feat/cope1.dtseries.nii","zmt6OglPHYSOrzxtHWoI3W3UErPMsL2M"
"s3://hcp-openaccess/HCP_1200/506234/MNINonLinear/Results/tfMRI_WM/tfMRI_WM_hp200_s2_level2_MSMAll.feat/GrayordinatesStats/cope3.feat/logfile","506234","MNINonLinear//Results/tfMRI_WM/tfMRI_WM_hp200_s2_level2_MSMAll.feat/GrayordinatesStats/cope3.feat/logfile","W1k5WFsK4jq6ENVFI6dT8cfhdzmUrF7j"
"s3://hcp-openaccess/HCP_1200/506234/MNINonLinear/Results/tfMRI_WM/tfMRI_WM_hp200_s2_level2_MSMAll.feat/GrayordinatesStats/cope3.feat/mask.dtseries.nii","506234","MNINonLinear//Results/tfMRI_WM/tfMRI_WM_hp200_s2_level2_MSMAll.feat/GrayordinatesStats/cope3.feat/mask.dtseries.nii","oYfAcPQ62FV.f6TF2Fu2SlXOMCGFuPTN"
"s3://hcp-openaccess/HCP_1200/506234/MNINonLinear/Results/tfMRI_WM/tfMRI_WM_hp200_s2_level2_MSMAll.feat/GrayordinatesStats/cope3.feat/mean_random_effects_var1.dtseries.nii","506234","MNINonLinear//Results/tfMRI_WM/tfMRI_WM_hp200_s2_level2_MSMAll.feat/GrayordinatesStats/cope3.feat/mean_random_effects_var1.dtseries.nii","pDxsMHMXiQF_A6ajkNi5QQQWa4V_SLE."
"s3://hcp-openaccess/HCP_1200/506234/MNINonLinear/Results/tfMRI_WM/tfMRI_WM_hp200_s2_level2_MSMAll.feat/GrayordinatesStats/cope3.feat/pe1.dtseries.nii","506234","MNINonLinear//Results/tfMRI_WM/tfMRI_WM_hp200_s2_level2_MSMAll.feat/GrayordinatesStats/cope3.feat/pe1.dtseries.nii","zRmSK1MD3N8l7XFfwiqsndN7qUzmMTNB"
"s3://hcp-openaccess/HCP_1200/506234/MNINonLinear/Results/tfMRI_WM/tfMRI_WM_hp200_s2_level2_MSMAll.feat/GrayordinatesStats/cope3.feat/res4d.dtseries.nii","506234","MNINonLinear//Results/tfMRI_WM/tfMRI_WM_hp200_s2_level2_MSMAll.feat/GrayordinatesStats/cope3.feat/res4d.dtseries.nii","wmr6s.Zhhz7qnWR9aA1xw1XTWaPMLmOq"
"s3://hcp-openaccess/HCP_1200/506234/MNINonLinear/Results/tfMRI_WM/tfMRI_WM_hp200_s2_level2_MSMAll.feat/GrayordinatesStats/cope3.feat/tdof_t1.dtseries.nii","506234","MNINonLinear//Results/tfMRI_WM/tfMRI_WM_hp200_s2_level2_MSMAll.feat/GrayordinatesStats/cope3.feat/tdof_t1.dtseries.nii","4C5kPEHkH4MK3s3zwkpzNuwCoDmVrkTk"
"s3://hcp-openaccess/HCP_1200/506234/MNINonLinear/Results/tfMRI_WM/tfMRI_WM_hp200_s2_level2_MSMAll.feat/GrayordinatesStats/cope3.feat/tstat1.dtseries.nii","506234","MNINonLinear//Results/tfMRI_WM/tfMRI_WM_hp200_s2_level2_MSMAll.feat/GrayordinatesStats/cope3.feat/tstat1.dtseries.nii","nJwc0OqOvjIcRrpRGPN2fKTwEVZDIDNn"
"s3://hcp-openaccess/HCP_1200/506234/MNINonLinear/Results/tfMRI_WM/tfMRI_WM_hp200_s2_level2_MSMAll.feat/GrayordinatesStats/cope3.feat/varcope1.dtseries.nii","506234","MNINonLinear//Results/tfMRI_WM/tfMRI_WM_hp200_s2_level2_MSMAll.feat/GrayordinatesStats/cope3.feat/varcope1.dtseries.nii","SIYKIkFQDuBAPQk7jx0F.gX71nuEIBU."
"s3://hcp-openaccess/HCP_1200/506234/MNINonLinear/Results/tfMRI_WM/tfMRI_WM_hp200_s2_level2_MSMAll.feat/GrayordinatesStats/cope3.feat/weights1.dtseries.nii","506234","MNINonLinear//Results/tfMRI_WM/tfMRI_WM_hp200_s2_level2_MSMAll.feat/GrayordinatesStats/cope3.feat/weights1.dtseries.nii","VBR8A6Ff4XxiTtvwgfZSOuirAxTKnzsv"
"s3://hcp-openaccess/HCP_1200/506234/MNINonLinear/Results/tfMRI_WM/tfMRI_WM_hp200_s2_level2_MSMAll.feat/GrayordinatesStats/cope3.feat/zflame1lowertstat1.dtseries.nii","506234","MNINonLinear//Results/tfMRI_WM/tfMRI_WM_hp200_s2_level2_MSMAll.feat/GrayordinatesStats/cope3.feat/zflame1lowertstat1.dtseries.nii","Ty58FEvCNZoaFqAytqhUau1XhrGimGZv"
"s3://hcp-openaccess/HCP_1200/506234/MNINonLinear/Results/tfMRI_WM/tfMRI_WM_hp200_s2_level2_MSMAll.feat/GrayordinatesStats/cope3.feat/zflame1uppertstat1.dtseries.nii","506234","MNINonLinear//Results/tfMRI_WM/tfMRI_WM_hp200_s2_level2_MSMAll.feat/GrayordinatesStats/cope3.feat/zflame1uppertstat1.dtseries.nii","X5Sl0z_x93p5mmzB_WWty4wCeHXCgHLy"
"s3://hcp-openaccess/HCP_1200/506234/MNINonLinear/Results/tfMRI_WM/tfMRI_WM_hp200_s2_level2_MSMAll.feat/GrayordinatesStats/cope3.feat/zstat1.dtseries.nii","506234","MNINonLinear//Results/tfMRI_WM/tfMRI_WM_hp200_s2_level2_MSMAll.feat/GrayordinatesStats/cope3.feat/zstat1.dtseries.nii","j7Ig0z47FhCfN7Xfb_K2sadMxXCWBy8e"
"s3://hcp-openaccess/HCP_1200/506234/MNINonLinear/Results/tfMRI_WM/tfMRI_WM_hp200_s2_level2_MSMAll.feat/GrayordinatesStats/cope30.feat/cope1.dtseries.nii","506234","MNINonLinear//Results/tfMRI_WM/tfMRI_WM_hp200_s2_level2_MSMAll.feat/GrayordinatesStats/cope30.feat/cope1.dtseries.nii","ZrLsFpp4lpZ2lXop0BZSywHarQbWAtd0"
"s3://hcp-openaccess/HCP_1200/506234/MNINonLinear/Results/tfMRI_WM/tfMRI_WM_hp200_s2_level2_MSMAll.feat/GrayordinatesStats/cope30.feat/logfile","506234","MNINonLinear//Results/tfMRI_WM/tfMRI_WM_hp200_s2_level2_MSMAll.feat/GrayordinatesStats/cope30.feat/logfile","0hjys0ueJonR2GXUdSc8D5NxpeotR9VW"
"s3://hcp-openaccess/HCP_1200/506234/MNINonLinear/Results/tfMRI_WM/tfMRI_WM_hp200_s2_level2_MSMAll.feat/GrayordinatesStats/cope30.feat/mask.dtseries.nii","506234","MNINonLinear//Results/tfMRI_WM/tfMRI_WM_hp200_s2_level2_MSMAll.feat/GrayordinatesStats/cope30.feat/mask.dtseries.nii","5oWAoj_dnRshOKmGOWjGqzZMZRowi7K5"
"s3://hcp-openaccess/HCP_1200/506234/MNINonLinear/Results/tfMRI_WM/tfMRI_WM_hp200_s2_level2_MSMAll.feat/GrayordinatesStats/cope30.feat/mean_random_effects_var1.dtseries.nii","506234","MNINonLinear//Results/tfMRI_WM/tfMRI_WM_hp200_s2_level2_MSMAll.feat/GrayordinatesStats/cope30.feat/mean_random_effects_var1.dtseries.nii","TGuZtsVEMPkCmsCZfpjqmSjU3jkNelEN"
"s3://hcp-openaccess/HCP_1200/506234/MNINonLinear/Results/tfMRI_WM/tfMRI_WM_hp200_s2_level2_MSMAll.feat/GrayordinatesStats/cope30.feat/pe1.dtseries.nii","506234","MNINonLinear//Results/tfMRI_WM/tfMRI_WM_hp200_s2_level2_MSMAll.feat/GrayordinatesStats/cope30.feat/pe1.dtseries.nii","y9TA6oJnZ4xoYgZ0YAfIF29GnVMV0Pg6"
"s3://hcp-openaccess/HCP_1200/506234/MNINonLinear/Results/tfMRI_WM/tfMRI_WM_hp200_s2_level2_MSMAll.feat/GrayordinatesStats/cope30.feat/res4d.dtseries.nii","506234","MNINonLinear//Results/tfMRI_WM/tfMRI_WM_hp200_s2_level2_MSMAll.feat/GrayordinatesStats/cope30.feat/res4d.dtseries.nii","VX.l7hoVD3Y6XTh5tv.OOQ0qckImDmHL"
"s3://hcp-openaccess/HCP_1200/506234/MNINonLinear/Results/tfMRI_WM/tfMRI_WM_hp200_s2_level2_MSMAll.feat/GrayordinatesStats/cope30.feat/tdof_t1.dtseries.nii","506234","MNINonLinear//Results/tfMRI_WM/tfMRI_WM_hp200_s2_level2_MSMAll.feat/GrayordinatesStats/cope30.feat/tdof_t1.dtseries.nii","JAHmvYeboQp.V7WN6uHXyoSvv3lrAFtP"
"s3://hcp-openaccess/HCP_1200/506234/MNINonLinear/Results/tfMRI_WM/tfMRI_WM_hp200_s2_level2_MSMAll.feat/GrayordinatesStats/cope30.feat/tstat1.dtseries.nii","506234","MNINonLinear//Results/tfMRI_WM/tfMRI_WM_hp200_s2_level2_MSMAll.feat/GrayordinatesStats/cope30.feat/tstat1.dtseries.nii","DniCzQXT2yuNL0bvKQNUGyTYNfyAmKqJ"
"s3://hcp-openaccess/HCP_1200/506234/MNINonLinear/Results/tfMRI_WM/tfMRI_WM_hp200_s2_level2_MSMAll.feat/GrayordinatesStats/cope30.feat/varcope1.dtseries.nii","506234","MNINonLinear//Results/tfMRI_WM/tfMRI_WM_hp200_s2_level2_MSMAll.feat/GrayordinatesStats/cope30.feat/varcope1.dtseries.nii","Cp_8Sr6zxW3TJ1h19rxQcb_pmtGOKNfU"
"s3://hcp-openaccess/HCP_1200/506234/MNINonLinear/Results/tfMRI_WM/tfMRI_WM_hp200_s2_level2_MSMAll.feat/GrayordinatesStats/cope30.feat/weights1.dtseries.nii","506234","MNINonLinear//Results/tfMRI_WM/tfMRI_WM_hp200_s2_level2_MSMAll.feat/GrayordinatesStats/cope30.feat/weights1.dtseries.nii","BGj433iJbROYmktueEZsDajJ3RE2OGLc"
"s3://hcp-openaccess/HCP_1200/506234/MNINonLinear/Results/tfMRI_WM/tfMRI_WM_hp200_s2_level2_MSMAll.feat/GrayordinatesStats/cope30.feat/zflame1lowertstat1.dtseries.nii","506234","MNINonLinear//Results/tfMRI_WM/tfMRI_WM_hp200_s2_level2_MSMAll.feat/GrayordinatesStats/cope30.feat/zflame1lowertstat1.dtseries.nii","TU19F_GyTb7VeOTvfLklueESisCif9VM"
"s3://hcp-openaccess/HCP_1200/506234/MNINonLinear/Results/tfMRI_WM/tfMRI_WM_hp200_s2_level2_MSMAll.feat/GrayordinatesStats/cope30.feat/zflame1uppertstat1.dtseries.nii","506234","MNINonLinear//Results/tfMRI_WM/tfMRI_WM_hp200_s2_level2_MSMAll.feat/GrayordinatesStats/cope30.feat/zflame1uppertstat1.dtseries.nii","m0lRKJ0yRNanpWByoUgst5BIX9kw3Niy"
"s3://hcp-openaccess/HCP_1200/506234/MNINonLinear/Results/tfMRI_WM/tfMRI_WM_hp200_s2_level2_MSMAll.feat/GrayordinatesStats/cope30.feat/zstat1.dtseries.nii","506234","MNINonLinear//Results/tfMRI_WM/tfMRI_WM_hp200_s2_level2_MSMAll.feat/GrayordinatesStats/cope30.feat/zstat1.dtseries.nii","PxMUUn1Yr22l0YGIJaVz2DyWhslnQ7hx"
"s3://hcp-openaccess/HCP_1200/506234/MNINonLinear/Results/tfMRI_WM/tfMRI_WM_hp200_s2_level2_MSMAll.feat/GrayordinatesStats/cope4.feat/cope1.dtseries.nii","506234","MNINonLinear//Results/tfMRI_WM/tfMRI_WM_hp200_s2_level2_MSMAll.feat/GrayordinatesStats/cope4.feat/cope1.dtseries.nii","35Ba6zUTn3kp1FEAHrS0GBsp.vQvN6Op"
"s3://hcp-openaccess/HCP_1200/506234/MNINonLinear/Results/tfMRI_WM/tfMRI_WM_hp200_s2_level2_MSMAll.feat/GrayordinatesStats/cope4.feat/logfile","506234","MNINonLinear//Results/tfMRI_WM/tfMRI_WM_hp200_s2_level2_MSMAll.feat/GrayordinatesStats/cope4.feat/logfile","kSphrwZ8o2teOk0Ef2JTXEpHqCxDdvsi"
"s3://hcp-openaccess/HCP_1200/506234/MNINonLinear/Results/tfMRI_WM/tfMRI_WM_hp200_s2_level2_MSMAll.feat/GrayordinatesStats/cope4.feat/mask.dtseries.nii","506234","MNINonLinear//Results/tfMRI_WM/tfMRI_WM_hp200_s2_level2_MSMAll.feat/GrayordinatesStats/cope4.feat/mask.dtseries.nii","25fsQeMwrkBXEjCUhNsV17jxjaMVvNq5"
"s3://hcp-openaccess/HCP_1200/506234/MNINonLinear/Results/tfMRI_WM/tfMRI_WM_hp200_s2_level2_MSMAll.feat/GrayordinatesStats/cope4.feat/mean_random_effects_var1.dtseries.nii","506234","MNINonLinear//Results/tfMRI_WM/tfMRI_WM_hp200_s2_level2_MSMAll.feat/GrayordinatesStats/cope4.feat/mean_random_effects_var1.dtseries.nii","PQs9gFlLz6DC88fftdOaBzJqt1MRDbsy"
"s3://hcp-openaccess/HCP_1200/506234/MNINonLinear/Results/tfMRI_WM/tfMRI_WM_hp200_s2_level2_MSMAll.feat/GrayordinatesStats/cope4.feat/pe1.dtseries.nii","506234","MNINonLinear//Results/tfMRI_WM/tfMRI_WM_hp200_s2_level2_MSMAll.feat/GrayordinatesStats/cope4.feat/pe1.dtseries.nii","dATrNwgcBsWONSjsp54JttaueDnUlUiB"
"s3://hcp-openaccess/HCP_1200/506234/MNINonLinear/Results/tfMRI_WM/tfMRI_WM_hp200_s2_level2_MSMAll.feat/GrayordinatesStats/cope4.feat/res4d.dtseries.nii","506234","MNINonLinear//Results/tfMRI_WM/tfMRI_WM_hp200_s2_level2_MSMAll.feat/GrayordinatesStats/cope4.feat/res4d.dtseries.nii","trnyNgHDvfS_QFJdp3ncxcIrS2MhzZsc"
"s3://hcp-openaccess/HCP_1200/506234/MNINonLinear/Results/tfMRI_WM/tfMRI_WM_hp200_s2_level2_MSMAll.feat/GrayordinatesStats/cope4.feat/tdof_t1.dtseries.nii","506234","MNINonLinear//Results/tfMRI_WM/tfMRI_WM_hp200_s2_level2_MSMAll.feat/GrayordinatesStats/cope4.feat/tdof_t1.dtseries.nii","KK.0F.oqNcpbzBdp7BlTG0T51zzyIKdg"
"s3://hcp-openaccess/HCP_1200/506234/MNINonLinear/Results/tfMRI_WM/tfMRI_WM_hp200_s2_level2_MSMAll.feat/GrayordinatesStats/cope4.feat/tstat1.dtseries.nii","506234","MNINonLinear//Results/tfMRI_WM/tfMRI_WM_hp200_s2_level2_MSMAll.feat/GrayordinatesStats/cope4.feat/tstat1.dtseries.nii","oFDA2poJLDg3T8_PEQvX2o5iekpt4Zey"
"s3://hcp-openaccess/HCP_1200/506234/MNINonLinear/Results/tfMRI_WM/tfMRI_WM_hp200_s2_level2_MSMAll.feat/GrayordinatesStats/cope4.feat/varcope1.dtseries.nii","506234","MNINonLinear//Results/tfMRI_WM/tfMRI_WM_hp200_s2_level2_MSMAll.feat/GrayordinatesStats/cope4.feat/varcope1.dtseries.nii","Tr8Da8GQuPlGJjNXQvxT_Zv5XI21aTcm"
"s3://hcp-openaccess/HCP_1200/506234/MNINonLinear/Results/tfMRI_WM/tfMRI_WM_hp200_s2_level2_MSMAll.feat/GrayordinatesStats/cope4.feat/weights1.dtseries.nii","506234","MNINonLinear//Results/tfMRI_WM/tfMRI_WM_hp200_s2_level2_MSMAll.feat/GrayordinatesStats/cope4.feat/weights1.dtseries.nii","dq1HUzxnv3.._S3WAgj_oMiCKnRNtgEY"
"s3://hcp-openaccess/HCP_1200/506234/MNINonLinear/Results/tfMRI_WM/tfMRI_WM_hp200_s2_level2_MSMAll.feat/GrayordinatesStats/cope4.feat/zflame1lowertstat1.dtseries.nii","506234","MNINonLinear//Results/tfMRI_WM/tfMRI_WM_hp200_s2_level2_MSMAll.feat/GrayordinatesStats/cope4.feat/zflame1lowertstat1.dtseries.nii","mt2QYpMr4jxGOVA6NP3pwk5T9teBz9FP"
"s3://hcp-openaccess/HCP_1200/506234/MNINonLinear/Results/tfMRI_WM/tfMRI_WM_hp200_s2_level2_MSMAll.feat/GrayordinatesStats/cope4.feat/zflame1uppertstat1.dtseries.nii","506234","MNINonLinear//Results/tfMRI_WM/tfMRI_WM_hp200_s2_level2_MSMAll.feat/GrayordinatesStats/cope4.feat/zflame1uppertstat1.dtseries.nii","15o6V.pYRxKtqzWFisYd0KfVboyBki6c"
"s3://hcp-openaccess/HCP_1200/506234/MNINonLinear/Results/tfMRI_WM/tfMRI_WM_hp200_s2_level2_MSMAll.feat/GrayordinatesStats/cope4.feat/zstat1.dtseries.nii","506234","MNINonLinear//Results/tfMRI_WM/tfMRI_WM_hp200_s2_level2_MSMAll.feat/GrayordinatesStats/cope4.feat/zstat1.dtseries.nii","o_krxFKHFC8n9Ou0CJNkpq8vuiXAQS_P"
"s3://hcp-openaccess/HCP_1200/506234/MNINonLinear/Results/tfMRI_WM/tfMRI_WM_hp200_s2_level2_MSMAll.feat/GrayordinatesStats/cope5.feat/cope1.dtseries.nii","506234","MNINonLinear//Results/tfMRI_WM/tfMRI_WM_hp200_s2_level2_MSMAll.feat/GrayordinatesStats/cope5.feat/cope1.dtseries.nii","6ykGMCphKP1zqBeAJK87oygFY6kf4NDj"
"s3://hcp-openaccess/HCP_1200/506234/MNINonLinear/Results/tfMRI_WM/tfMRI_WM_hp200_s2_level2_MSMAll.feat/GrayordinatesStats/cope5.feat/logfile","506234","MNINonLinear//Results/tfMRI_WM/tfMRI_WM_hp200_s2_level2_MSMAll.feat/GrayordinatesStats/cope5.feat/logfile","OIvbuQyIkue2Hp_6igggLBAKdDwr2iHe"
"s3://hcp-openaccess/HCP_1200/506234/MNINonLinear/Results/tfMRI_WM/tfMRI_WM_hp200_s2_level2_MSMAll.feat/GrayordinatesStats/cope5.feat/mask.dtseries.nii","506234","MNINonLinear//Results/tfMRI_WM/tfMRI_WM_hp200_s2_level2_MSMAll.feat/GrayordinatesStats/cope5.feat/mask.dtseries.nii","K3i4Am53ZxB0y.Icg0dRQHkATiyW9Rfu"
"s3://hcp-openaccess/HCP_1200/506234/MNINonLinear/Results/tfMRI_WM/tfMRI_WM_hp200_s2_level2_MSMAll.feat/GrayordinatesStats/cope5.feat/mean_random_effects_var1.dtseries.nii","506234","MNINonLinear//Results/tfMRI_WM/tfMRI_WM_hp200_s2_level2_MSMAll.feat/GrayordinatesStats/cope5.feat/mean_random_effects_var1.dtseries.nii","Ymo2lZd2xMwhzZ.H1WEzczQXr11AGnIB"
"s3://hcp-openaccess/HCP_1200/506234/MNINonLinear/Results/tfMRI_WM/tfMRI_WM_hp200_s2_level2_MSMAll.feat/GrayordinatesStats/cope5.feat/pe1.dtseries.nii","506234","MNINonLinear//Results/tfMRI_WM/tfMRI_WM_hp200_s2_level2_MSMAll.feat/GrayordinatesStats/cope5.feat/pe1.dtseries.nii","W8pVvW84o6V82gbE5nctYfrSv7RiJoyb"
"s3://hcp-openaccess/HCP_1200/506234/MNINonLinear/Results/tfMRI_WM/tfMRI_WM_hp200_s2_level2_MSMAll.feat/GrayordinatesStats/cope5.feat/res4d.dtseries.nii","506234","MNINonLinear//Results/tfMRI_WM/tfMRI_WM_hp200_s2_level2_MSMAll.feat/GrayordinatesStats/cope5.feat/res4d.dtseries.nii","MqIVgKboxJZ5.nnFYGOW13StGdrGB.NS"
"s3://hcp-openaccess/HCP_1200/506234/MNINonLinear/Results/tfMRI_WM/tfMRI_WM_hp200_s2_level2_MSMAll.feat/GrayordinatesStats/cope5.feat/tdof_t1.dtseries.nii","506234","MNINonLinear//Results/tfMRI_WM/tfMRI_WM_hp200_s2_level2_MSMAll.feat/GrayordinatesStats/cope5.feat/tdof_t1.dtseries.nii","5zASOPJ3Er1N9e.V1cMkkwQ8jVKGNQud"
"s3://hcp-openaccess/HCP_1200/506234/MNINonLinear/Results/tfMRI_WM/tfMRI_WM_hp200_s2_level2_MSMAll.feat/GrayordinatesStats/cope5.feat/tstat1.dtseries.nii","506234","MNINonLinear//Results/tfMRI_WM/tfMRI_WM_hp200_s2_level2_MSMAll.feat/GrayordinatesStats/cope5.feat/tstat1.dtseries.nii","zvhpr0kBKdqeZGLJy9B0BJ7ex.4NbIZ0"
"s3://hcp-openaccess/HCP_1200/506234/MNINonLinear/Results/tfMRI_WM/tfMRI_WM_hp200_s2_level2_MSMAll.feat/GrayordinatesStats/cope5.feat/varcope1.dtseries.nii","506234","MNINonLinear//Results/tfMRI_WM/tfMRI_WM_hp200_s2_level2_MSMAll.feat/GrayordinatesStats/cope5.feat/varcope1.dtseries.nii","VdsEOFdnEJh06xYFfcJ43W6cun.kSJrI"
"s3://hcp-openaccess/HCP_1200/506234/MNINonLinear/Results/tfMRI_WM/tfMRI_WM_hp200_s2_level2_MSMAll.feat/GrayordinatesStats/cope5.feat/weights1.dtseries.nii","506234","MNINonLinear//Results/tfMRI_WM/tfMRI_WM_hp200_s2_level2_MSMAll.feat/GrayordinatesStats/cope5.feat/weights1.dtseries.nii","P5xlWWrgrN43Z1zq7tGipWlu3rKYY9Kt"
"s3://hcp-openaccess/HCP_1200/506234/MNINonLinear/Results/tfMRI_WM/tfMRI_WM_hp200_s2_level2_MSMAll.feat/GrayordinatesStats/cope5.feat/zflame1lowertstat1.dtseries.nii","506234","MNINonLinear//Results/tfMRI_WM/tfMRI_WM_hp200_s2_level2_MSMAll.feat/GrayordinatesStats/cope5.feat/zflame1lowertstat1.dtseries.nii","X3lEurRpIyRJTtkIMGQRQuE80PDb8nKV"
"s3://hcp-openaccess/HCP_1200/506234/MNINonLinear/Results/tfMRI_WM/tfMRI_WM_hp200_s2_level2_MSMAll.feat/GrayordinatesStats/cope5.feat/zflame1uppertstat1.dtseries.nii","506234","MNINonLinear//Results/tfMRI_WM/tfMRI_WM_hp200_s2_level2_MSMAll.feat/GrayordinatesStats/cope5.feat/zflame1uppertstat1.dtseries.nii","HH.yCgW1JTq.Alr844ah3CWrOm8QB.f9"
"s3://hcp-openaccess/HCP_1200/506234/MNINonLinear/Results/tfMRI_WM/tfMRI_WM_hp200_s2_level2_MSMAll.feat/GrayordinatesStats/cope5.feat/zstat1.dtseries.nii","506234","MNINonLinear//Results/tfMRI_WM/tfMRI_WM_hp200_s2_level2_MSMAll.feat/GrayordinatesStats/cope5.feat/zstat1.dtseries.nii","aN0kMQmwyc05WPti20nATH4dkZ1BKdf_"
"s3://hcp-openaccess/HCP_1200/506234/MNINonLinear/Results/tfMRI_WM/tfMRI_WM_hp200_s2_level2_MSMAll.feat/GrayordinatesStats/cope6.feat/cope1.dtseries.nii","506234","MNINonLinear//Results/tfMRI_WM/tfMRI_WM_hp200_s2_level2_MSMAll.feat/GrayordinatesStats/cope6.feat/cope1.dtseries.nii","UNfTGPXPGsBej53cTFFQ5pMm17vBzKCP"
"s3://hcp-openaccess/HCP_1200/506234/MNINonLinear/Results/tfMRI_WM/tfMRI_WM_hp200_s2_level2_MSMAll.feat/GrayordinatesStats/cope6.feat/logfile","506234","MNINonLinear//Results/tfMRI_WM/tfMRI_WM_hp200_s2_level2_MSMAll.feat/GrayordinatesStats/cope6.feat/logfile","E5hABUfhCxw5bTgOeofLqNwyoCcz4O6M"
"s3://hcp-openaccess/HCP_1200/506234/MNINonLinear/Results/tfMRI_WM/tfMRI_WM_hp200_s2_level2_MSMAll.feat/GrayordinatesStats/cope6.feat/mask.dtseries.nii","506234","MNINonLinear//Results/tfMRI_WM/tfMRI_WM_hp200_s2_level2_MSMAll.feat/GrayordinatesStats/cope6.feat/mask.dtseries.nii","pDsLPvih2XXP20OkYJVJQ0OXGfh9tjHR"
"s3://hcp-openaccess/HCP_1200/506234/MNINonLinear/Results/tfMRI_WM/tfMRI_WM_hp200_s2_level2_MSMAll.feat/GrayordinatesStats/cope6.feat/mean_random_effects_var1.dtseries.nii","506234","MNINonLinear//Results/tfMRI_WM/tfMRI_WM_hp200_s2_level2_MSMAll.feat/GrayordinatesStats/cope6.feat/mean_random_effects_var1.dtseries.nii","Ph_6LMhUzyMlUi5eC3XLh7RdGoYNin7O"
"s3://hcp-openaccess/HCP_1200/506234/MNINonLinear/Results/tfMRI_WM/tfMRI_WM_hp200_s2_level2_MSMAll.feat/GrayordinatesStats/cope6.feat/pe1.dtseries.nii","506234","MNINonLinear//Results/tfMRI_WM/tfMRI_WM_hp200_s2_level2_MSMAll.feat/GrayordinatesStats/cope6.feat/pe1.dtseries.nii","C6h5fpc7Q2IusAjH2ZI95ufKF_aVp_sR"
"s3://hcp-openaccess/HCP_1200/506234/MNINonLinear/Results/tfMRI_WM/tfMRI_WM_hp200_s2_level2_MSMAll.feat/GrayordinatesStats/cope6.feat/res4d.dtseries.nii","506234","MNINonLinear//Results/tfMRI_WM/tfMRI_WM_hp200_s2_level2_MSMAll.feat/GrayordinatesStats/cope6.feat/res4d.dtseries.nii","arEKwQac2Bd00dY9dFleHveoNFshtsby"
"s3://hcp-openaccess/HCP_1200/506234/MNINonLinear/Results/tfMRI_WM/tfMRI_WM_hp200_s2_level2_MSMAll.feat/GrayordinatesStats/cope6.feat/tdof_t1.dtseries.nii","506234","MNINonLinear//Results/tfMRI_WM/tfMRI_WM_hp200_s2_level2_MSMAll.feat/GrayordinatesStats/cope6.feat/tdof_t1.dtseries.nii","Re9iqua4CzWuVy.2BMCkK6.GtSBVUwWU"
"s3://hcp-openaccess/HCP_1200/506234/MNINonLinear/Results/tfMRI_WM/tfMRI_WM_hp200_s2_level2_MSMAll.feat/GrayordinatesStats/cope6.feat/tstat1.dtseries.nii","506234","MNINonLinear//Results/tfMRI_WM/tfMRI_WM_hp200_s2_level2_MSMAll.feat/GrayordinatesStats/cope6.feat/tstat1.dtseries.nii","plQ7M.Av25_uzfdktiUgZjnbdC6c7yXd"
"s3://hcp-openaccess/HCP_1200/506234/MNINonLinear/Results/tfMRI_WM/tfMRI_WM_hp200_s2_level2_MSMAll.feat/GrayordinatesStats/cope6.feat/varcope1.dtseries.nii","506234","MNINonLinear//Results/tfMRI_WM/tfMRI_WM_hp200_s2_level2_MSMAll.feat/GrayordinatesStats/cope6.feat/varcope1.dtseries.nii","KDsSOmh4PPVr4kRkaL8HxZ_XhX6mXTDY"
"s3://hcp-openaccess/HCP_1200/506234/MNINonLinear/Results/tfMRI_WM/tfMRI_WM_hp200_s2_level2_MSMAll.feat/GrayordinatesStats/cope6.feat/weights1.dtseries.nii","506234","MNINonLinear//Results/tfMRI_WM/tfMRI_WM_hp200_s2_level2_MSMAll.feat/GrayordinatesStats/cope6.feat/weights1.dtseries.nii","T5JSRDfGDfXAA2HO1_yctMF9CQIVJK4n"
"s3://hcp-openaccess/HCP_1200/506234/MNINonLinear/Results/tfMRI_WM/tfMRI_WM_hp200_s2_level2_MSMAll.feat/GrayordinatesStats/cope6.feat/zflame1lowertstat1.dtseries.nii","506234","MNINonLinear//Results/tfMRI_WM/tfMRI_WM_hp200_s2_level2_MSMAll.feat/GrayordinatesStats/cope6.feat/zflame1lowertstat1.dtseries.nii","s9cXT6hFBl0K1ElSRRAyTOwXuMCMMWlJ"
"s3://hcp-openaccess/HCP_1200/506234/MNINonLinear/Results/tfMRI_WM/tfMRI_WM_hp200_s2_level2_MSMAll.feat/GrayordinatesStats/cope6.feat/zflame1uppertstat1.dtseries.nii","506234","MNINonLinear//Results/tfMRI_WM/tfMRI_WM_hp200_s2_level2_MSMAll.feat/GrayordinatesStats/cope6.feat/zflame1uppertstat1.dtseries.nii","08QHLJtO9Yw3x7nonwy89MpI9La.MlBv"
"s3://hcp-openaccess/HCP_1200/506234/MNINonLinear/Results/tfMRI_WM/tfMRI_WM_hp200_s2_level2_MSMAll.feat/GrayordinatesStats/cope6.feat/zstat1.dtseries.nii","506234","MNINonLinear//Results/tfMRI_WM/tfMRI_WM_hp200_s2_level2_MSMAll.feat/GrayordinatesStats/cope6.feat/zstat1.dtseries.nii","fN8D.W0jUeOuzGzADIpPuRyCMCaatROw"
"s3://hcp-openaccess/HCP_1200/506234/MNINonLinear/Results/tfMRI_WM/tfMRI_WM_hp200_s2_level2_MSMAll.feat/GrayordinatesStats/cope7.feat/cope1.dtseries.nii","506234","MNINonLinear//Results/tfMRI_WM/tfMRI_WM_hp200_s2_level2_MSMAll.feat/GrayordinatesStats/cope7.feat/cope1.dtseries.nii","MJiVmmtnyYuc3CTdMmbPo5ldG5bP6Og6"
"s3://hcp-openaccess/HCP_1200/506234/MNINonLinear/Results/tfMRI_WM/tfMRI_WM_hp200_s2_level2_MSMAll.feat/GrayordinatesStats/cope7.feat/logfile","506234","MNINonLinear//Results/tfMRI_WM/tfMRI_WM_hp200_s2_level2_MSMAll.feat/GrayordinatesStats/cope7.feat/logfile","qPb9hFu6kjZ_0Q0simU.6LIZXGN3zdpE"
"s3://hcp-openaccess/HCP_1200/506234/MNINonLinear/Results/tfMRI_WM/tfMRI_WM_hp200_s2_level2_MSMAll.feat/GrayordinatesStats/cope7.feat/mask.dtseries.nii","506234","MNINonLinear//Results/tfMRI_WM/tfMRI_WM_hp200_s2_level2_MSMAll.feat/GrayordinatesStats/cope7.feat/mask.dtseries.nii","7xtyIqIMvzxs.Qy_BlW05_bQDFcNgRPm"
"s3://hcp-openaccess/HCP_1200/506234/MNINonLinear/Results/tfMRI_WM/tfMRI_WM_hp200_s2_level2_MSMAll.feat/GrayordinatesStats/cope7.feat/mean_random_effects_var1.dtseries.nii","506234","MNINonLinear//Results/tfMRI_WM/tfMRI_WM_hp200_s2_level2_MSMAll.feat/GrayordinatesStats/cope7.feat/mean_random_effects_var1.dtseries.nii","enQJPIOK6j57xAodKMMSBQwMlkg0F6Pl"
"s3://hcp-openaccess/HCP_1200/506234/MNINonLinear/Results/tfMRI_WM/tfMRI_WM_hp200_s2_level2_MSMAll.feat/GrayordinatesStats/cope7.feat/pe1.dtseries.nii","506234","MNINonLinear//Results/tfMRI_WM/tfMRI_WM_hp200_s2_level2_MSMAll.feat/GrayordinatesStats/cope7.feat/pe1.dtseries.nii","mhEU6oRMWY5egGfinA1dTZaxLBamVE.T"
"s3://hcp-openaccess/HCP_1200/506234/MNINonLinear/Results/tfMRI_WM/tfMRI_WM_hp200_s2_level2_MSMAll.feat/GrayordinatesStats/cope7.feat/res4d.dtseries.nii","506234","MNINonLinear//Results/tfMRI_WM/tfMRI_WM_hp200_s2_level2_MSMAll.feat/GrayordinatesStats/cope7.feat/res4d.dtseries.nii","0EmklgoTzETZHo7gxZNRi5F8IwI.yDYG"
"s3://hcp-openaccess/HCP_1200/506234/MNINonLinear/Results/tfMRI_WM/tfMRI_WM_hp200_s2_level2_MSMAll.feat/GrayordinatesStats/cope7.feat/tdof_t1.dtseries.nii","506234","MNINonLinear//Results/tfMRI_WM/tfMRI_WM_hp200_s2_level2_MSMAll.feat/GrayordinatesStats/cope7.feat/tdof_t1.dtseries.nii","l.8_qzIvVlQbGkjbtfTa.6_9AVxn1Mrp"
"s3://hcp-openaccess/HCP_1200/506234/MNINonLinear/Results/tfMRI_WM/tfMRI_WM_hp200_s2_level2_MSMAll.feat/GrayordinatesStats/cope7.feat/tstat1.dtseries.nii","506234","MNINonLinear//Results/tfMRI_WM/tfMRI_WM_hp200_s2_level2_MSMAll.feat/GrayordinatesStats/cope7.feat/tstat1.dtseries.nii","ExyWAWaLj_w0CzOFeIwikvEQyvAinC_o"
"s3://hcp-openaccess/HCP_1200/506234/MNINonLinear/Results/tfMRI_WM/tfMRI_WM_hp200_s2_level2_MSMAll.feat/GrayordinatesStats/cope7.feat/varcope1.dtseries.nii","506234","MNINonLinear//Results/tfMRI_WM/tfMRI_WM_hp200_s2_level2_MSMAll.feat/GrayordinatesStats/cope7.feat/varcope1.dtseries.nii","pyKz8pjhR0Vt5XQZu1GXL._71biNW5_A"
"s3://hcp-openaccess/HCP_1200/506234/MNINonLinear/Results/tfMRI_WM/tfMRI_WM_hp200_s2_level2_MSMAll.feat/GrayordinatesStats/cope7.feat/weights1.dtseries.nii","506234","MNINonLinear//Results/tfMRI_WM/tfMRI_WM_hp200_s2_level2_MSMAll.feat/GrayordinatesStats/cope7.feat/weights1.dtseries.nii","hZO4tw7kbTmI9_nMQ.PV1VsraUSpllVf"
"s3://hcp-openaccess/HCP_1200/506234/MNINonLinear/Results/tfMRI_WM/tfMRI_WM_hp200_s2_level2_MSMAll.feat/GrayordinatesStats/cope7.feat/zflame1lowertstat1.dtseries.nii","506234","MNINonLinear//Results/tfMRI_WM/tfMRI_WM_hp200_s2_level2_MSMAll.feat/GrayordinatesStats/cope7.feat/zflame1lowertstat1.dtseries.nii","nH3qK5s9_yHR9FDIJosHOkxofm3YU2ly"
"s3://hcp-openaccess/HCP_1200/506234/MNINonLinear/Results/tfMRI_WM/tfMRI_WM_hp200_s2_level2_MSMAll.feat/GrayordinatesStats/cope7.feat/zflame1uppertstat1.dtseries.nii","506234","MNINonLinear//Results/tfMRI_WM/tfMRI_WM_hp200_s2_level2_MSMAll.feat/GrayordinatesStats/cope7.feat/zflame1uppertstat1.dtseries.nii","NEIhvWp4Va2F3_bdBC2FOmw1EA0Lf8qh"
"s3://hcp-openaccess/HCP_1200/506234/MNINonLinear/Results/tfMRI_WM/tfMRI_WM_hp200_s2_level2_MSMAll.feat/GrayordinatesStats/cope7.feat/zstat1.dtseries.nii","506234","MNINonLinear//Results/tfMRI_WM/tfMRI_WM_hp200_s2_level2_MSMAll.feat/GrayordinatesStats/cope7.feat/zstat1.dtseries.nii","Sh_cr5oa_yWIDUbHggFGkIjR0iw2AojJ"
"s3://hcp-openaccess/HCP_1200/506234/MNINonLinear/Results/tfMRI_WM/tfMRI_WM_hp200_s2_level2_MSMAll.feat/GrayordinatesStats/cope8.feat/cope1.dtseries.nii","506234","MNINonLinear//Results/tfMRI_WM/tfMRI_WM_hp200_s2_level2_MSMAll.feat/GrayordinatesStats/cope8.feat/cope1.dtseries.nii","sDx3vEKa6QcM95N358GyYRQyrDAFt56p"
"s3://hcp-openaccess/HCP_1200/506234/MNINonLinear/Results/tfMRI_WM/tfMRI_WM_hp200_s2_level2_MSMAll.feat/GrayordinatesStats/cope8.feat/logfile","506234","MNINonLinear//Results/tfMRI_WM/tfMRI_WM_hp200_s2_level2_MSMAll.feat/GrayordinatesStats/cope8.feat/logfile","JAOmIuCB5I3a9fIpmAlJ_ngGBHGSegFV"
"s3://hcp-openaccess/HCP_1200/506234/MNINonLinear/Results/tfMRI_WM/tfMRI_WM_hp200_s2_level2_MSMAll.feat/GrayordinatesStats/cope8.feat/mask.dtseries.nii","506234","MNINonLinear//Results/tfMRI_WM/tfMRI_WM_hp200_s2_level2_MSMAll.feat/GrayordinatesStats/cope8.feat/mask.dtseries.nii","CaGZp9Dwx8Wq4.C9CtzwV_UKyNpbtb4N"
"s3://hcp-openaccess/HCP_1200/506234/MNINonLinear/Results/tfMRI_WM/tfMRI_WM_hp200_s2_level2_MSMAll.feat/GrayordinatesStats/cope8.feat/mean_random_effects_var1.dtseries.nii","506234","MNINonLinear//Results/tfMRI_WM/tfMRI_WM_hp200_s2_level2_MSMAll.feat/GrayordinatesStats/cope8.feat/mean_random_effects_var1.dtseries.nii","im6vNYU8P6bHvnDFMTXaCkwkV1Z7hDGW"
"s3://hcp-openaccess/HCP_1200/506234/MNINonLinear/Results/tfMRI_WM/tfMRI_WM_hp200_s2_level2_MSMAll.feat/GrayordinatesStats/cope8.feat/pe1.dtseries.nii","506234","MNINonLinear//Results/tfMRI_WM/tfMRI_WM_hp200_s2_level2_MSMAll.feat/GrayordinatesStats/cope8.feat/pe1.dtseries.nii","Q4iNI.diJVdgQjLa7hmTdUbpy2e5ANh2"
"s3://hcp-openaccess/HCP_1200/506234/MNINonLinear/Results/tfMRI_WM/tfMRI_WM_hp200_s2_level2_MSMAll.feat/GrayordinatesStats/cope8.feat/res4d.dtseries.nii","506234","MNINonLinear//Results/tfMRI_WM/tfMRI_WM_hp200_s2_level2_MSMAll.feat/GrayordinatesStats/cope8.feat/res4d.dtseries.nii","FixoHcFXD5PpzP8wpbo16vkY4o6obHUr"
"s3://hcp-openaccess/HCP_1200/506234/MNINonLinear/Results/tfMRI_WM/tfMRI_WM_hp200_s2_level2_MSMAll.feat/GrayordinatesStats/cope8.feat/tdof_t1.dtseries.nii","506234","MNINonLinear//Results/tfMRI_WM/tfMRI_WM_hp200_s2_level2_MSMAll.feat/GrayordinatesStats/cope8.feat/tdof_t1.dtseries.nii","2PwMYSMWR_VA.gIyFUujHwnS.9jGawOC"
"s3://hcp-openaccess/HCP_1200/506234/MNINonLinear/Results/tfMRI_WM/tfMRI_WM_hp200_s2_level2_MSMAll.feat/GrayordinatesStats/cope8.feat/tstat1.dtseries.nii","506234","MNINonLinear//Results/tfMRI_WM/tfMRI_WM_hp200_s2_level2_MSMAll.feat/GrayordinatesStats/cope8.feat/tstat1.dtseries.nii","HwpsnF2AQbEcpnt4T9WUwSA2T4dP0IBc"
"s3://hcp-openaccess/HCP_1200/506234/MNINonLinear/Results/tfMRI_WM/tfMRI_WM_hp200_s2_level2_MSMAll.feat/GrayordinatesStats/cope8.feat/varcope1.dtseries.nii","506234","MNINonLinear//Results/tfMRI_WM/tfMRI_WM_hp200_s2_level2_MSMAll.feat/GrayordinatesStats/cope8.feat/varcope1.dtseries.nii","c0bHUSR4cqTPaVznpCqDmeuZHcZi6Yh7"
"s3://hcp-openaccess/HCP_1200/506234/MNINonLinear/Results/tfMRI_WM/tfMRI_WM_hp200_s2_level2_MSMAll.feat/GrayordinatesStats/cope8.feat/weights1.dtseries.nii","506234","MNINonLinear//Results/tfMRI_WM/tfMRI_WM_hp200_s2_level2_MSMAll.feat/GrayordinatesStats/cope8.feat/weights1.dtseries.nii","BHpShISZj58_JpKIynC_e82ZbvASq2w5"
"s3://hcp-openaccess/HCP_1200/506234/MNINonLinear/Results/tfMRI_WM/tfMRI_WM_hp200_s2_level2_MSMAll.feat/GrayordinatesStats/cope8.feat/zflame1lowertstat1.dtseries.nii","506234","MNINonLinear//Results/tfMRI_WM/tfMRI_WM_hp200_s2_level2_MSMAll.feat/GrayordinatesStats/cope8.feat/zflame1lowertstat1.dtseries.nii","X5AnNjsmxQszTG0PGAlJ3eckK1dV4.Jv"
"s3://hcp-openaccess/HCP_1200/506234/MNINonLinear/Results/tfMRI_WM/tfMRI_WM_hp200_s2_level2_MSMAll.feat/GrayordinatesStats/cope8.feat/zflame1uppertstat1.dtseries.nii","506234","MNINonLinear//Results/tfMRI_WM/tfMRI_WM_hp200_s2_level2_MSMAll.feat/GrayordinatesStats/cope8.feat/zflame1uppertstat1.dtseries.nii","uswkJFdHGUdEFYR4BpMbSq11BrkZlbwN"
"s3://hcp-openaccess/HCP_1200/506234/MNINonLinear/Results/tfMRI_WM/tfMRI_WM_hp200_s2_level2_MSMAll.feat/GrayordinatesStats/cope8.feat/zstat1.dtseries.nii","506234","MNINonLinear//Results/tfMRI_WM/tfMRI_WM_hp200_s2_level2_MSMAll.feat/GrayordinatesStats/cope8.feat/zstat1.dtseries.nii","hgTl1RrU7bFglJePUCTGzQ4j8SbAEyAM"
"s3://hcp-openaccess/HCP_1200/506234/MNINonLinear/Results/tfMRI_WM/tfMRI_WM_hp200_s2_level2_MSMAll.feat/GrayordinatesStats/cope9.feat/cope1.dtseries.nii","506234","MNINonLinear//Results/tfMRI_WM/tfMRI_WM_hp200_s2_level2_MSMAll.feat/GrayordinatesStats/cope9.feat/cope1.dtseries.nii","YLjrMGC9Ot9VY6jdjJ5x2QQCdBl7YgqR"
"s3://hcp-openaccess/HCP_1200/506234/MNINonLinear/Results/tfMRI_WM/tfMRI_WM_hp200_s2_level2_MSMAll.feat/GrayordinatesStats/cope9.feat/logfile","506234","MNINonLinear//Results/tfMRI_WM/tfMRI_WM_hp200_s2_level2_MSMAll.feat/GrayordinatesStats/cope9.feat/logfile","P1geuQFOFGS9SM0zcT.87wAH9Xl3ff09"
"s3://hcp-openaccess/HCP_1200/506234/MNINonLinear/Results/tfMRI_WM/tfMRI_WM_hp200_s2_level2_MSMAll.feat/GrayordinatesStats/cope9.feat/mask.dtseries.nii","506234","MNINonLinear//Results/tfMRI_WM/tfMRI_WM_hp200_s2_level2_MSMAll.feat/GrayordinatesStats/cope9.feat/mask.dtseries.nii","W1XuKJvkRGskgcNdnerXeNMJ6RDIL7n4"
"s3://hcp-openaccess/HCP_1200/506234/MNINonLinear/Results/tfMRI_WM/tfMRI_WM_hp200_s2_level2_MSMAll.feat/GrayordinatesStats/cope9.feat/mean_random_effects_var1.dtseries.nii","506234","MNINonLinear//Results/tfMRI_WM/tfMRI_WM_hp200_s2_level2_MSMAll.feat/GrayordinatesStats/cope9.feat/mean_random_effects_var1.dtseries.nii","7tURZj5QVMKwxsUqRC_Od_QHylclFRqF"
"s3://hcp-openaccess/HCP_1200/506234/MNINonLinear/Results/tfMRI_WM/tfMRI_WM_hp200_s2_level2_MSMAll.feat/GrayordinatesStats/cope9.feat/pe1.dtseries.nii","506234","MNINonLinear//Results/tfMRI_WM/tfMRI_WM_hp200_s2_level2_MSMAll.feat/GrayordinatesStats/cope9.feat/pe1.dtseries.nii","nxS0V8aCbgRJPD3FNeu0ncPcfhpAkGBq"
"s3://hcp-openaccess/HCP_1200/506234/MNINonLinear/Results/tfMRI_WM/tfMRI_WM_hp200_s2_level2_MSMAll.feat/GrayordinatesStats/cope9.feat/res4d.dtseries.nii","506234","MNINonLinear//Results/tfMRI_WM/tfMRI_WM_hp200_s2_level2_MSMAll.feat/GrayordinatesStats/cope9.feat/res4d.dtseries.nii","lnJlnIKh1LvDyL4dPDmNwALPYSIKGuz2"
"s3://hcp-openaccess/HCP_1200/506234/MNINonLinear/Results/tfMRI_WM/tfMRI_WM_hp200_s2_level2_MSMAll.feat/GrayordinatesStats/cope9.feat/tdof_t1.dtseries.nii","506234","MNINonLinear//Results/tfMRI_WM/tfMRI_WM_hp200_s2_level2_MSMAll.feat/GrayordinatesStats/cope9.feat/tdof_t1.dtseries.nii","QMqW0MCNHiJjeQmH1Z7_FylhNEYUQSlt"
"s3://hcp-openaccess/HCP_1200/506234/MNINonLinear/Results/tfMRI_WM/tfMRI_WM_hp200_s2_level2_MSMAll.feat/GrayordinatesStats/cope9.feat/tstat1.dtseries.nii","506234","MNINonLinear//Results/tfMRI_WM/tfMRI_WM_hp200_s2_level2_MSMAll.feat/GrayordinatesStats/cope9.feat/tstat1.dtseries.nii","ErKLs5q5VyUepshgj.T.qfHAZGF.bSq0"
"s3://hcp-openaccess/HCP_1200/506234/MNINonLinear/Results/tfMRI_WM/tfMRI_WM_hp200_s2_level2_MSMAll.feat/GrayordinatesStats/cope9.feat/varcope1.dtseries.nii","506234","MNINonLinear//Results/tfMRI_WM/tfMRI_WM_hp200_s2_level2_MSMAll.feat/GrayordinatesStats/cope9.feat/varcope1.dtseries.nii","OawQIl7mVjzcNN5.GTIBxQA_2836k2P6"
"s3://hcp-openaccess/HCP_1200/506234/MNINonLinear/Results/tfMRI_WM/tfMRI_WM_hp200_s2_level2_MSMAll.feat/GrayordinatesStats/cope9.feat/weights1.dtseries.nii","506234","MNINonLinear//Results/tfMRI_WM/tfMRI_WM_hp200_s2_level2_MSMAll.feat/GrayordinatesStats/cope9.feat/weights1.dtseries.nii","d2g5eSqeEZP3Xx7wzEhLW_OxmpIl58Z2"
"s3://hcp-openaccess/HCP_1200/506234/MNINonLinear/Results/tfMRI_WM/tfMRI_WM_hp200_s2_level2_MSMAll.feat/GrayordinatesStats/cope9.feat/zflame1lowertstat1.dtseries.nii","506234","MNINonLinear//Results/tfMRI_WM/tfMRI_WM_hp200_s2_level2_MSMAll.feat/GrayordinatesStats/cope9.feat/zflame1lowertstat1.dtseries.nii","Qvg5VGdPXcNdlu3nfj4zXjEUvyy_Cvgr"
"s3://hcp-openaccess/HCP_1200/506234/MNINonLinear/Results/tfMRI_WM/tfMRI_WM_hp200_s2_level2_MSMAll.feat/GrayordinatesStats/cope9.feat/zflame1uppertstat1.dtseries.nii","506234","MNINonLinear//Results/tfMRI_WM/tfMRI_WM_hp200_s2_level2_MSMAll.feat/GrayordinatesStats/cope9.feat/zflame1uppertstat1.dtseries.nii","2D8tTEji.S27L14iiZluh.w3wzHfPsoK"
"s3://hcp-openaccess/HCP_1200/506234/MNINonLinear/Results/tfMRI_WM/tfMRI_WM_hp200_s2_level2_MSMAll.feat/GrayordinatesStats/cope9.feat/zstat1.dtseries.nii","506234","MNINonLinear//Results/tfMRI_WM/tfMRI_WM_hp200_s2_level2_MSMAll.feat/GrayordinatesStats/cope9.feat/zstat1.dtseries.nii",".ao3zdY2IAI2Kyqjfe30xW4mwS3RpYU5"
"s3://hcp-openaccess/HCP_1200/506234/MNINonLinear/Results/tfMRI_WM/tfMRI_WM_hp200_s2_level2_MSMAll.feat/design.con","506234","MNINonLinear//Results/tfMRI_WM/tfMRI_WM_hp200_s2_level2_MSMAll.feat/design.con","eMqjX9awMZWxT7uYBo38sqC5LZLHJuqu"
"s3://hcp-openaccess/HCP_1200/506234/MNINonLinear/Results/tfMRI_WM/tfMRI_WM_hp200_s2_level2_MSMAll.feat/design.fsf","506234","MNINonLinear//Results/tfMRI_WM/tfMRI_WM_hp200_s2_level2_MSMAll.feat/design.fsf","4Z6NpPTJWWyyS1n3eNt6mnnEulLjZZCU"
"s3://hcp-openaccess/HCP_1200/506234/MNINonLinear/Results/tfMRI_WM/tfMRI_WM_hp200_s2_level2_MSMAll.feat/design.grp","506234","MNINonLinear//Results/tfMRI_WM/tfMRI_WM_hp200_s2_level2_MSMAll.feat/design.grp","7QAtr3WjKo7PoHopuKBjNmbmRdorrz37"
"s3://hcp-openaccess/HCP_1200/506234/MNINonLinear/Results/tfMRI_WM/tfMRI_WM_hp200_s2_level2_MSMAll.feat/design.mat","506234","MNINonLinear//Results/tfMRI_WM/tfMRI_WM_hp200_s2_level2_MSMAll.feat/design.mat","VHah8szTqKVx66BWpMzP5PO5e0eF3WL5"
"s3://hcp-openaccess/HCP_1200/506234/MNINonLinear/Results/tfMRI_WM/tfMRI_WM_hp200_s2_level2_MSMAll.feat/design.png","506234","MNINonLinear//Results/tfMRI_WM/tfMRI_WM_hp200_s2_level2_MSMAll.feat/design.png","w0EJdSi1SvSSLul2Qk4ib745gJRNInd9"
"s3://hcp-openaccess/HCP_1200/506234/MNINonLinear/Results/tfMRI_WM/tfMRI_WM_hp200_s2_level2_MSMAll.feat/design.ppm","506234","MNINonLinear//Results/tfMRI_WM/tfMRI_WM_hp200_s2_level2_MSMAll.feat/design.ppm","Gm9jt3KUooxB6vuoLr_WfNVWCnb_wlD9"
"s3://hcp-openaccess/HCP_1200/506234/MNINonLinear/Results/tfMRI_WM/tfMRI_WM_hp200_s2_level2_MSMAll.feat/design_cov.png","506234","MNINonLinear//Results/tfMRI_WM/tfMRI_WM_hp200_s2_level2_MSMAll.feat/design_cov.png","TlI.qXo5udO1AT3phvPyGCiAoWbzrjKe"
"s3://hcp-openaccess/HCP_1200/506234/MNINonLinear/Results/tfMRI_WM/tfMRI_WM_hp200_s2_level2_MSMAll.feat/design_cov.ppm","506234","MNINonLinear//Results/tfMRI_WM/tfMRI_WM_hp200_s2_level2_MSMAll.feat/design_cov.ppm","KGULKPl.HFqyllj3a5TZLZ5UNID0vtaf"
"s3://hcp-openaccess/HCP_1200/506234/MNINonLinear/Results/tfMRI_WM/tfMRI_WM_hp200_s4_level2.feat/506234_tfMRI_WM_level2_hp200_s4.dscalar.nii","506234","MNINonLinear//Results/tfMRI_WM/tfMRI_WM_hp200_s4_level2.feat/506234_tfMRI_WM_level2_hp200_s4.dscalar.nii","tRkei0nxfxPT5SWySAPbda3TcRRN3BaU"
"s3://hcp-openaccess/HCP_1200/506234/MNINonLinear/Results/tfMRI_WM/tfMRI_WM_hp200_s4_level2.feat/Contrasts.txt","506234","MNINonLinear//Results/tfMRI_WM/tfMRI_WM_hp200_s4_level2.feat/Contrasts.txt","wpED.l9DocR3lVEsr.FtXOuYUUP0fSRd"
"s3://hcp-openaccess/HCP_1200/506234/MNINonLinear/Results/tfMRI_WM/tfMRI_WM_hp200_s4_level2.feat/GrayordinatesStats/cope1.feat/cope1.dtseries.nii","506234","MNINonLinear//Results/tfMRI_WM/tfMRI_WM_hp200_s4_level2.feat/GrayordinatesStats/cope1.feat/cope1.dtseries.nii","rovBpXJowRs5YFpvT9dUOEPvlzCTVCG_"
"s3://hcp-openaccess/HCP_1200/506234/MNINonLinear/Results/tfMRI_WM/tfMRI_WM_hp200_s4_level2.feat/GrayordinatesStats/cope1.feat/logfile","506234","MNINonLinear//Results/tfMRI_WM/tfMRI_WM_hp200_s4_level2.feat/GrayordinatesStats/cope1.feat/logfile","WELoE0DKSwXW16rXmwDa0Ala3wvoR1Hg"
"s3://hcp-openaccess/HCP_1200/506234/MNINonLinear/Results/tfMRI_WM/tfMRI_WM_hp200_s4_level2.feat/GrayordinatesStats/cope1.feat/mask.dtseries.nii","506234","MNINonLinear//Results/tfMRI_WM/tfMRI_WM_hp200_s4_level2.feat/GrayordinatesStats/cope1.feat/mask.dtseries.nii","e_2graGJnLuVxeZnaVBUZEmc5Xqtojfg"
"s3://hcp-openaccess/HCP_1200/506234/MNINonLinear/Results/tfMRI_WM/tfMRI_WM_hp200_s4_level2.feat/GrayordinatesStats/cope1.feat/mean_random_effects_var1.dtseries.nii","506234","MNINonLinear//Results/tfMRI_WM/tfMRI_WM_hp200_s4_level2.feat/GrayordinatesStats/cope1.feat/mean_random_effects_var1.dtseries.nii","R1iMywWnvQlWaS70LWlxHap.EW0zJ.hR"
"s3://hcp-openaccess/HCP_1200/506234/MNINonLinear/Results/tfMRI_WM/tfMRI_WM_hp200_s4_level2.feat/GrayordinatesStats/cope1.feat/pe1.dtseries.nii","506234","MNINonLinear//Results/tfMRI_WM/tfMRI_WM_hp200_s4_level2.feat/GrayordinatesStats/cope1.feat/pe1.dtseries.nii","Ho8vKS2HqjBUyjPHvxl77zQpM0e4o2DL"
"s3://hcp-openaccess/HCP_1200/506234/MNINonLinear/Results/tfMRI_WM/tfMRI_WM_hp200_s4_level2.feat/GrayordinatesStats/cope1.feat/res4d.dtseries.nii","506234","MNINonLinear//Results/tfMRI_WM/tfMRI_WM_hp200_s4_level2.feat/GrayordinatesStats/cope1.feat/res4d.dtseries.nii","tqDozMolPy7vAKA5u5J9ceJM3pEvP1vP"
"s3://hcp-openaccess/HCP_1200/506234/MNINonLinear/Results/tfMRI_WM/tfMRI_WM_hp200_s4_level2.feat/GrayordinatesStats/cope1.feat/tdof_t1.dtseries.nii","506234","MNINonLinear//Results/tfMRI_WM/tfMRI_WM_hp200_s4_level2.feat/GrayordinatesStats/cope1.feat/tdof_t1.dtseries.nii","WlODW6G8JxUogDtxHIQGMR6GPRgG_tbg"
"s3://hcp-openaccess/HCP_1200/506234/MNINonLinear/Results/tfMRI_WM/tfMRI_WM_hp200_s4_level2.feat/GrayordinatesStats/cope1.feat/tstat1.dtseries.nii","506234","MNINonLinear//Results/tfMRI_WM/tfMRI_WM_hp200_s4_level2.feat/GrayordinatesStats/cope1.feat/tstat1.dtseries.nii","NvmhA1ItrWReosJelDhwWdCWQ0yAtIof"
"s3://hcp-openaccess/HCP_1200/506234/MNINonLinear/Results/tfMRI_WM/tfMRI_WM_hp200_s4_level2.feat/GrayordinatesStats/cope1.feat/varcope1.dtseries.nii","506234","MNINonLinear//Results/tfMRI_WM/tfMRI_WM_hp200_s4_level2.feat/GrayordinatesStats/cope1.feat/varcope1.dtseries.nii","Q8hThCL517saVDwG9xp31jsde1Yb8Wgd"
"s3://hcp-openaccess/HCP_1200/506234/MNINonLinear/Results/tfMRI_WM/tfMRI_WM_hp200_s4_level2.feat/GrayordinatesStats/cope1.feat/weights1.dtseries.nii","506234","MNINonLinear//Results/tfMRI_WM/tfMRI_WM_hp200_s4_level2.feat/GrayordinatesStats/cope1.feat/weights1.dtseries.nii","0suMBFl8WXbHwJZPVwWRbfD3Q.VpK.56"
"s3://hcp-openaccess/HCP_1200/506234/MNINonLinear/Results/tfMRI_WM/tfMRI_WM_hp200_s4_level2.feat/GrayordinatesStats/cope1.feat/zflame1lowertstat1.dtseries.nii","506234","MNINonLinear//Results/tfMRI_WM/tfMRI_WM_hp200_s4_level2.feat/GrayordinatesStats/cope1.feat/zflame1lowertstat1.dtseries.nii","nX4C_qbrwhcElc6HAlCxKlBbUJCb.8NG"
"s3://hcp-openaccess/HCP_1200/506234/MNINonLinear/Results/tfMRI_WM/tfMRI_WM_hp200_s4_level2.feat/GrayordinatesStats/cope1.feat/zflame1uppertstat1.dtseries.nii","506234","MNINonLinear//Results/tfMRI_WM/tfMRI_WM_hp200_s4_level2.feat/GrayordinatesStats/cope1.feat/zflame1uppertstat1.dtseries.nii","OrqNi79yIHHh17vk0KM3MMJTkbjM0ha."
"s3://hcp-openaccess/HCP_1200/506234/MNINonLinear/Results/tfMRI_WM/tfMRI_WM_hp200_s4_level2.feat/GrayordinatesStats/cope1.feat/zstat1.dtseries.nii","506234","MNINonLinear//Results/tfMRI_WM/tfMRI_WM_hp200_s4_level2.feat/GrayordinatesStats/cope1.feat/zstat1.dtseries.nii","zy9dEX7xFEyGdKRpjmu_l3O5Q7iek_UV"
"s3://hcp-openaccess/HCP_1200/506234/MNINonLinear/Results/tfMRI_WM/tfMRI_WM_hp200_s4_level2.feat/GrayordinatesStats/cope10.feat/cope1.dtseries.nii","506234","MNINonLinear//Results/tfMRI_WM/tfMRI_WM_hp200_s4_level2.feat/GrayordinatesStats/cope10.feat/cope1.dtseries.nii","oowWME1K50o1Nti6FMzmNW1CLQx3.XDJ"
"s3://hcp-openaccess/HCP_1200/506234/MNINonLinear/Results/tfMRI_WM/tfMRI_WM_hp200_s4_level2.feat/GrayordinatesStats/cope10.feat/logfile","506234","MNINonLinear//Results/tfMRI_WM/tfMRI_WM_hp200_s4_level2.feat/GrayordinatesStats/cope10.feat/logfile","ct0ywS4z6lRhs3fPJOFZycbHMEyr6ZGy"
"s3://hcp-openaccess/HCP_1200/506234/MNINonLinear/Results/tfMRI_WM/tfMRI_WM_hp200_s4_level2.feat/GrayordinatesStats/cope10.feat/mask.dtseries.nii","506234","MNINonLinear//Results/tfMRI_WM/tfMRI_WM_hp200_s4_level2.feat/GrayordinatesStats/cope10.feat/mask.dtseries.nii","AtbnGvWc75BScJ.2Pa3cz7TSHNYU5Y1I"
"s3://hcp-openaccess/HCP_1200/506234/MNINonLinear/Results/tfMRI_WM/tfMRI_WM_hp200_s4_level2.feat/GrayordinatesStats/cope10.feat/mean_random_effects_var1.dtseries.nii","506234","MNINonLinear//Results/tfMRI_WM/tfMRI_WM_hp200_s4_level2.feat/GrayordinatesStats/cope10.feat/mean_random_effects_var1.dtseries.nii","JxjxHkZYGzx9qQxg3l.EfU1.bdsQ18yq"
"s3://hcp-openaccess/HCP_1200/506234/MNINonLinear/Results/tfMRI_WM/tfMRI_WM_hp200_s4_level2.feat/GrayordinatesStats/cope10.feat/pe1.dtseries.nii","506234","MNINonLinear//Results/tfMRI_WM/tfMRI_WM_hp200_s4_level2.feat/GrayordinatesStats/cope10.feat/pe1.dtseries.nii","6p6KPt5UgvAIp32P6V.Oj2AGh60c0Hyp"
"s3://hcp-openaccess/HCP_1200/506234/MNINonLinear/Results/tfMRI_WM/tfMRI_WM_hp200_s4_level2.feat/GrayordinatesStats/cope10.feat/res4d.dtseries.nii","506234","MNINonLinear//Results/tfMRI_WM/tfMRI_WM_hp200_s4_level2.feat/GrayordinatesStats/cope10.feat/res4d.dtseries.nii","A16nMsRG6ItVlE2CRm19.ZLQypxl3tGG"
"s3://hcp-openaccess/HCP_1200/506234/MNINonLinear/Results/tfMRI_WM/tfMRI_WM_hp200_s4_level2.feat/GrayordinatesStats/cope10.feat/tdof_t1.dtseries.nii","506234","MNINonLinear//Results/tfMRI_WM/tfMRI_WM_hp200_s4_level2.feat/GrayordinatesStats/cope10.feat/tdof_t1.dtseries.nii","C_gja7US7JYBml1PVMYJM6LuLjGCT.dy"
"s3://hcp-openaccess/HCP_1200/506234/MNINonLinear/Results/tfMRI_WM/tfMRI_WM_hp200_s4_level2.feat/GrayordinatesStats/cope10.feat/tstat1.dtseries.nii","506234","MNINonLinear//Results/tfMRI_WM/tfMRI_WM_hp200_s4_level2.feat/GrayordinatesStats/cope10.feat/tstat1.dtseries.nii","veZuOKxv_sSGDKFL0oEnWE2zZqJ2v3cR"
"s3://hcp-openaccess/HCP_1200/506234/MNINonLinear/Results/tfMRI_WM/tfMRI_WM_hp200_s4_level2.feat/GrayordinatesStats/cope10.feat/varcope1.dtseries.nii","506234","MNINonLinear//Results/tfMRI_WM/tfMRI_WM_hp200_s4_level2.feat/GrayordinatesStats/cope10.feat/varcope1.dtseries.nii","Eya4polWE56Sfv5fJttQJfKCyAhtUsaV"
"s3://hcp-openaccess/HCP_1200/506234/MNINonLinear/Results/tfMRI_WM/tfMRI_WM_hp200_s4_level2.feat/GrayordinatesStats/cope10.feat/weights1.dtseries.nii","506234","MNINonLinear//Results/tfMRI_WM/tfMRI_WM_hp200_s4_level2.feat/GrayordinatesStats/cope10.feat/weights1.dtseries.nii","wiSQ69pHJFnamk7YyRiUGqsEt6u7015f"
"s3://hcp-openaccess/HCP_1200/506234/MNINonLinear/Results/tfMRI_WM/tfMRI_WM_hp200_s4_level2.feat/GrayordinatesStats/cope10.feat/zflame1lowertstat1.dtseries.nii","506234","MNINonLinear//Results/tfMRI_WM/tfMRI_WM_hp200_s4_level2.feat/GrayordinatesStats/cope10.feat/zflame1lowertstat1.dtseries.nii","b.VzNEZKrYbpymUk54DMKzV.lzen6Q8R"
"s3://hcp-openaccess/HCP_1200/506234/MNINonLinear/Results/tfMRI_WM/tfMRI_WM_hp200_s4_level2.feat/GrayordinatesStats/cope10.feat/zflame1uppertstat1.dtseries.nii","506234","MNINonLinear//Results/tfMRI_WM/tfMRI_WM_hp200_s4_level2.feat/GrayordinatesStats/cope10.feat/zflame1uppertstat1.dtseries.nii","eyu.clfO7bPhPio3LExhfBIFHfWQOK7f"
"s3://hcp-openaccess/HCP_1200/506234/MNINonLinear/Results/tfMRI_WM/tfMRI_WM_hp200_s4_level2.feat/GrayordinatesStats/cope10.feat/zstat1.dtseries.nii","506234","MNINonLinear//Results/tfMRI_WM/tfMRI_WM_hp200_s4_level2.feat/GrayordinatesStats/cope10.feat/zstat1.dtseries.nii","aychzo.5c_FK.ZYr4llIQURoYI8OL2mx"
"s3://hcp-openaccess/HCP_1200/506234/MNINonLinear/Results/tfMRI_WM/tfMRI_WM_hp200_s4_level2.feat/GrayordinatesStats/cope11.feat/cope1.dtseries.nii","506234","MNINonLinear//Results/tfMRI_WM/tfMRI_WM_hp200_s4_level2.feat/GrayordinatesStats/cope11.feat/cope1.dtseries.nii","j56HwpFFvMvUsEH93.tTNXnkZB06BFmt"
"s3://hcp-openaccess/HCP_1200/506234/MNINonLinear/Results/tfMRI_WM/tfMRI_WM_hp200_s4_level2.feat/GrayordinatesStats/cope11.feat/logfile","506234","MNINonLinear//Results/tfMRI_WM/tfMRI_WM_hp200_s4_level2.feat/GrayordinatesStats/cope11.feat/logfile","5O2DUOQ1OBkmxnQCoQkh8jBIHSlsKpqU"
"s3://hcp-openaccess/HCP_1200/506234/MNINonLinear/Results/tfMRI_WM/tfMRI_WM_hp200_s4_level2.feat/GrayordinatesStats/cope11.feat/mask.dtseries.nii","506234","MNINonLinear//Results/tfMRI_WM/tfMRI_WM_hp200_s4_level2.feat/GrayordinatesStats/cope11.feat/mask.dtseries.nii","dcUaWsR0VkdKBOqImewXg69SBb.Dohsi"
"s3://hcp-openaccess/HCP_1200/506234/MNINonLinear/Results/tfMRI_WM/tfMRI_WM_hp200_s4_level2.feat/GrayordinatesStats/cope11.feat/mean_random_effects_var1.dtseries.nii","506234","MNINonLinear//Results/tfMRI_WM/tfMRI_WM_hp200_s4_level2.feat/GrayordinatesStats/cope11.feat/mean_random_effects_var1.dtseries.nii","bS3FP.Qm7p3CUCYYOy2cHBZoTQdgsQBU"
"s3://hcp-openaccess/HCP_1200/506234/MNINonLinear/Results/tfMRI_WM/tfMRI_WM_hp200_s4_level2.feat/GrayordinatesStats/cope11.feat/pe1.dtseries.nii","506234","MNINonLinear//Results/tfMRI_WM/tfMRI_WM_hp200_s4_level2.feat/GrayordinatesStats/cope11.feat/pe1.dtseries.nii","f5A2kIC81AR0PwTmPJc0gjgOIyompwMk"
"s3://hcp-openaccess/HCP_1200/506234/MNINonLinear/Results/tfMRI_WM/tfMRI_WM_hp200_s4_level2.feat/GrayordinatesStats/cope11.feat/res4d.dtseries.nii","506234","MNINonLinear//Results/tfMRI_WM/tfMRI_WM_hp200_s4_level2.feat/GrayordinatesStats/cope11.feat/res4d.dtseries.nii","dhBxdHxEUvKwWQ_5FlelCTVSnxYSBq3F"
"s3://hcp-openaccess/HCP_1200/506234/MNINonLinear/Results/tfMRI_WM/tfMRI_WM_hp200_s4_level2.feat/GrayordinatesStats/cope11.feat/tdof_t1.dtseries.nii","506234","MNINonLinear//Results/tfMRI_WM/tfMRI_WM_hp200_s4_level2.feat/GrayordinatesStats/cope11.feat/tdof_t1.dtseries.nii",".6zft9bqRtjEPXj7.CZus7yKzAixD4XK"
"s3://hcp-openaccess/HCP_1200/506234/MNINonLinear/Results/tfMRI_WM/tfMRI_WM_hp200_s4_level2.feat/GrayordinatesStats/cope11.feat/tstat1.dtseries.nii","506234","MNINonLinear//Results/tfMRI_WM/tfMRI_WM_hp200_s4_level2.feat/GrayordinatesStats/cope11.feat/tstat1.dtseries.nii","6iQiBowg7tCKY4HdkVB7bqyneUC5220F"
"s3://hcp-openaccess/HCP_1200/506234/MNINonLinear/Results/tfMRI_WM/tfMRI_WM_hp200_s4_level2.feat/GrayordinatesStats/cope11.feat/varcope1.dtseries.nii","506234","MNINonLinear//Results/tfMRI_WM/tfMRI_WM_hp200_s4_level2.feat/GrayordinatesStats/cope11.feat/varcope1.dtseries.nii","rF302CT85wUED._uI.CUQQcpFXUvvOlH"
"s3://hcp-openaccess/HCP_1200/506234/MNINonLinear/Results/tfMRI_WM/tfMRI_WM_hp200_s4_level2.feat/GrayordinatesStats/cope11.feat/weights1.dtseries.nii","506234","MNINonLinear//Results/tfMRI_WM/tfMRI_WM_hp200_s4_level2.feat/GrayordinatesStats/cope11.feat/weights1.dtseries.nii","epStMLCCf3e4p9TmYAqktGXUpS5O4M2I"
"s3://hcp-openaccess/HCP_1200/506234/MNINonLinear/Results/tfMRI_WM/tfMRI_WM_hp200_s4_level2.feat/GrayordinatesStats/cope11.feat/zflame1lowertstat1.dtseries.nii","506234","MNINonLinear//Results/tfMRI_WM/tfMRI_WM_hp200_s4_level2.feat/GrayordinatesStats/cope11.feat/zflame1lowertstat1.dtseries.nii","jom.yf8dnmDMUpBbwoipK7eA8Ae3mXuR"
"s3://hcp-openaccess/HCP_1200/506234/MNINonLinear/Results/tfMRI_WM/tfMRI_WM_hp200_s4_level2.feat/GrayordinatesStats/cope11.feat/zflame1uppertstat1.dtseries.nii","506234","MNINonLinear//Results/tfMRI_WM/tfMRI_WM_hp200_s4_level2.feat/GrayordinatesStats/cope11.feat/zflame1uppertstat1.dtseries.nii","CYsvrpGXL2PfI7VyWozzT8emPCNrvmS1"
"s3://hcp-openaccess/HCP_1200/506234/MNINonLinear/Results/tfMRI_WM/tfMRI_WM_hp200_s4_level2.feat/GrayordinatesStats/cope11.feat/zstat1.dtseries.nii","506234","MNINonLinear//Results/tfMRI_WM/tfMRI_WM_hp200_s4_level2.feat/GrayordinatesStats/cope11.feat/zstat1.dtseries.nii","8PRcb3bAfIMw3zhG45XMXDGpPYm74J1O"
"s3://hcp-openaccess/HCP_1200/506234/MNINonLinear/Results/tfMRI_WM/tfMRI_WM_hp200_s4_level2.feat/GrayordinatesStats/cope12.feat/cope1.dtseries.nii","506234","MNINonLinear//Results/tfMRI_WM/tfMRI_WM_hp200_s4_level2.feat/GrayordinatesStats/cope12.feat/cope1.dtseries.nii","5TTHi.iVbiEVgRBpOR_mXNm2h2hB8Nm0"
"s3://hcp-openaccess/HCP_1200/506234/MNINonLinear/Results/tfMRI_WM/tfMRI_WM_hp200_s4_level2.feat/GrayordinatesStats/cope12.feat/logfile","506234","MNINonLinear//Results/tfMRI_WM/tfMRI_WM_hp200_s4_level2.feat/GrayordinatesStats/cope12.feat/logfile","Tdm3TFRiVSbSu9v4JFZ4W5DkfwQNswFX"
"s3://hcp-openaccess/HCP_1200/506234/MNINonLinear/Results/tfMRI_WM/tfMRI_WM_hp200_s4_level2.feat/GrayordinatesStats/cope12.feat/mask.dtseries.nii","506234","MNINonLinear//Results/tfMRI_WM/tfMRI_WM_hp200_s4_level2.feat/GrayordinatesStats/cope12.feat/mask.dtseries.nii","PpAxcTu4uVOHJZ8DtVQpkw_i6Ez1yK.P"
"s3://hcp-openaccess/HCP_1200/506234/MNINonLinear/Results/tfMRI_WM/tfMRI_WM_hp200_s4_level2.feat/GrayordinatesStats/cope12.feat/mean_random_effects_var1.dtseries.nii","506234","MNINonLinear//Results/tfMRI_WM/tfMRI_WM_hp200_s4_level2.feat/GrayordinatesStats/cope12.feat/mean_random_effects_var1.dtseries.nii","SKR5HcJ6yKznicqYRNeUWE4d.De_o_Mh"
"s3://hcp-openaccess/HCP_1200/506234/MNINonLinear/Results/tfMRI_WM/tfMRI_WM_hp200_s4_level2.feat/GrayordinatesStats/cope12.feat/pe1.dtseries.nii","506234","MNINonLinear//Results/tfMRI_WM/tfMRI_WM_hp200_s4_level2.feat/GrayordinatesStats/cope12.feat/pe1.dtseries.nii","8XSjC4QgcGRijkb_Ev2.ejBk4P6Yh21i"
"s3://hcp-openaccess/HCP_1200/506234/MNINonLinear/Results/tfMRI_WM/tfMRI_WM_hp200_s4_level2.feat/GrayordinatesStats/cope12.feat/res4d.dtseries.nii","506234","MNINonLinear//Results/tfMRI_WM/tfMRI_WM_hp200_s4_level2.feat/GrayordinatesStats/cope12.feat/res4d.dtseries.nii","oBwz0fKITXmmul.t5l07OjpHmsbPU9Lk"
"s3://hcp-openaccess/HCP_1200/506234/MNINonLinear/Results/tfMRI_WM/tfMRI_WM_hp200_s4_level2.feat/GrayordinatesStats/cope12.feat/tdof_t1.dtseries.nii","506234","MNINonLinear//Results/tfMRI_WM/tfMRI_WM_hp200_s4_level2.feat/GrayordinatesStats/cope12.feat/tdof_t1.dtseries.nii","31sG.X3oPMZnSonHwyhl1TZ_.VNfiVn_"
"s3://hcp-openaccess/HCP_1200/506234/MNINonLinear/Results/tfMRI_WM/tfMRI_WM_hp200_s4_level2.feat/GrayordinatesStats/cope12.feat/tstat1.dtseries.nii","506234","MNINonLinear//Results/tfMRI_WM/tfMRI_WM_hp200_s4_level2.feat/GrayordinatesStats/cope12.feat/tstat1.dtseries.nii","RxPM8_GnQmjtI0hwcraAOGCipdTuyO0X"
"s3://hcp-openaccess/HCP_1200/506234/MNINonLinear/Results/tfMRI_WM/tfMRI_WM_hp200_s4_level2.feat/GrayordinatesStats/cope12.feat/varcope1.dtseries.nii","506234","MNINonLinear//Results/tfMRI_WM/tfMRI_WM_hp200_s4_level2.feat/GrayordinatesStats/cope12.feat/varcope1.dtseries.nii","Tmg_1jS18o4mwbE_lf9UyW0j4Ke9AFEQ"
"s3://hcp-openaccess/HCP_1200/506234/MNINonLinear/Results/tfMRI_WM/tfMRI_WM_hp200_s4_level2.feat/GrayordinatesStats/cope12.feat/weights1.dtseries.nii","506234","MNINonLinear//Results/tfMRI_WM/tfMRI_WM_hp200_s4_level2.feat/GrayordinatesStats/cope12.feat/weights1.dtseries.nii","Oy.uVDyKeV_Hr2t5cj.CPAD9HzfR4ofs"
"s3://hcp-openaccess/HCP_1200/506234/MNINonLinear/Results/tfMRI_WM/tfMRI_WM_hp200_s4_level2.feat/GrayordinatesStats/cope12.feat/zflame1lowertstat1.dtseries.nii","506234","MNINonLinear//Results/tfMRI_WM/tfMRI_WM_hp200_s4_level2.feat/GrayordinatesStats/cope12.feat/zflame1lowertstat1.dtseries.nii","ejcVc7nytMe.D4pERSAxZc.seBIJR9_X"
"s3://hcp-openaccess/HCP_1200/506234/MNINonLinear/Results/tfMRI_WM/tfMRI_WM_hp200_s4_level2.feat/GrayordinatesStats/cope12.feat/zflame1uppertstat1.dtseries.nii","506234","MNINonLinear//Results/tfMRI_WM/tfMRI_WM_hp200_s4_level2.feat/GrayordinatesStats/cope12.feat/zflame1uppertstat1.dtseries.nii","X3dmg8hE0FqtIxKXiGty.t3IlqgKZU4e"
"s3://hcp-openaccess/HCP_1200/506234/MNINonLinear/Results/tfMRI_WM/tfMRI_WM_hp200_s4_level2.feat/GrayordinatesStats/cope12.feat/zstat1.dtseries.nii","506234","MNINonLinear//Results/tfMRI_WM/tfMRI_WM_hp200_s4_level2.feat/GrayordinatesStats/cope12.feat/zstat1.dtseries.nii","bFznlX8lCtqfc7XwwHFaE8xQZ7XCOl0o"
"s3://hcp-openaccess/HCP_1200/506234/MNINonLinear/Results/tfMRI_WM/tfMRI_WM_hp200_s4_level2.feat/GrayordinatesStats/cope13.feat/cope1.dtseries.nii","506234","MNINonLinear//Results/tfMRI_WM/tfMRI_WM_hp200_s4_level2.feat/GrayordinatesStats/cope13.feat/cope1.dtseries.nii","y_934IBGdd.6awQcun6lDjg5wI8_xu6M"
"s3://hcp-openaccess/HCP_1200/506234/MNINonLinear/Results/tfMRI_WM/tfMRI_WM_hp200_s4_level2.feat/GrayordinatesStats/cope13.feat/logfile","506234","MNINonLinear//Results/tfMRI_WM/tfMRI_WM_hp200_s4_level2.feat/GrayordinatesStats/cope13.feat/logfile","o5ojmBeivJaVwWW0TVmKqKECm0z_g0Fh"
"s3://hcp-openaccess/HCP_1200/506234/MNINonLinear/Results/tfMRI_WM/tfMRI_WM_hp200_s4_level2.feat/GrayordinatesStats/cope13.feat/mask.dtseries.nii","506234","MNINonLinear//Results/tfMRI_WM/tfMRI_WM_hp200_s4_level2.feat/GrayordinatesStats/cope13.feat/mask.dtseries.nii","dU_yD8JRdc3cw_rNyshmlHCmK5JxqKS1"
"s3://hcp-openaccess/HCP_1200/506234/MNINonLinear/Results/tfMRI_WM/tfMRI_WM_hp200_s4_level2.feat/GrayordinatesStats/cope13.feat/mean_random_effects_var1.dtseries.nii","506234","MNINonLinear//Results/tfMRI_WM/tfMRI_WM_hp200_s4_level2.feat/GrayordinatesStats/cope13.feat/mean_random_effects_var1.dtseries.nii","ldZSvr3XQ0c1YBsAyQldY_NXL5AA42sP"
"s3://hcp-openaccess/HCP_1200/506234/MNINonLinear/Results/tfMRI_WM/tfMRI_WM_hp200_s4_level2.feat/GrayordinatesStats/cope13.feat/pe1.dtseries.nii","506234","MNINonLinear//Results/tfMRI_WM/tfMRI_WM_hp200_s4_level2.feat/GrayordinatesStats/cope13.feat/pe1.dtseries.nii","zzPElAcQZCiIDEWnRqX2s8TMgm0t0.FC"
"s3://hcp-openaccess/HCP_1200/506234/MNINonLinear/Results/tfMRI_WM/tfMRI_WM_hp200_s4_level2.feat/GrayordinatesStats/cope13.feat/res4d.dtseries.nii","506234","MNINonLinear//Results/tfMRI_WM/tfMRI_WM_hp200_s4_level2.feat/GrayordinatesStats/cope13.feat/res4d.dtseries.nii","WIVwL0aY.8FzbQNgRPZa7Gc5TdMaYK5T"
"s3://hcp-openaccess/HCP_1200/506234/MNINonLinear/Results/tfMRI_WM/tfMRI_WM_hp200_s4_level2.feat/GrayordinatesStats/cope13.feat/tdof_t1.dtseries.nii","506234","MNINonLinear//Results/tfMRI_WM/tfMRI_WM_hp200_s4_level2.feat/GrayordinatesStats/cope13.feat/tdof_t1.dtseries.nii","XdrIzu5Fk5Vk6H5wp.oHGoYjnc0vb5ME"
"s3://hcp-openaccess/HCP_1200/506234/MNINonLinear/Results/tfMRI_WM/tfMRI_WM_hp200_s4_level2.feat/GrayordinatesStats/cope13.feat/tstat1.dtseries.nii","506234","MNINonLinear//Results/tfMRI_WM/tfMRI_WM_hp200_s4_level2.feat/GrayordinatesStats/cope13.feat/tstat1.dtseries.nii","ZTBCKg.k6qh4h1FYlbMY.cVQqQLBoKyd"
"s3://hcp-openaccess/HCP_1200/506234/MNINonLinear/Results/tfMRI_WM/tfMRI_WM_hp200_s4_level2.feat/GrayordinatesStats/cope13.feat/varcope1.dtseries.nii","506234","MNINonLinear//Results/tfMRI_WM/tfMRI_WM_hp200_s4_level2.feat/GrayordinatesStats/cope13.feat/varcope1.dtseries.nii","HCLLU95D2tiB1jIiYlLEZe7ps5Y6K6gq"
"s3://hcp-openaccess/HCP_1200/506234/MNINonLinear/Results/tfMRI_WM/tfMRI_WM_hp200_s4_level2.feat/GrayordinatesStats/cope13.feat/weights1.dtseries.nii","506234","MNINonLinear//Results/tfMRI_WM/tfMRI_WM_hp200_s4_level2.feat/GrayordinatesStats/cope13.feat/weights1.dtseries.nii","tKDxGeuycz48dck36Ccaf23UZf83D0jl"
"s3://hcp-openaccess/HCP_1200/506234/MNINonLinear/Results/tfMRI_WM/tfMRI_WM_hp200_s4_level2.feat/GrayordinatesStats/cope13.feat/zflame1lowertstat1.dtseries.nii","506234","MNINonLinear//Results/tfMRI_WM/tfMRI_WM_hp200_s4_level2.feat/GrayordinatesStats/cope13.feat/zflame1lowertstat1.dtseries.nii","M3sk.x49xQ4KZKBqRph7r.JC9o.6jLD8"
"s3://hcp-openaccess/HCP_1200/506234/MNINonLinear/Results/tfMRI_WM/tfMRI_WM_hp200_s4_level2.feat/GrayordinatesStats/cope13.feat/zflame1uppertstat1.dtseries.nii","506234","MNINonLinear//Results/tfMRI_WM/tfMRI_WM_hp200_s4_level2.feat/GrayordinatesStats/cope13.feat/zflame1uppertstat1.dtseries.nii","t95dM_xSvo6wED6SX9.0763hco3.xhBF"
"s3://hcp-openaccess/HCP_1200/506234/MNINonLinear/Results/tfMRI_WM/tfMRI_WM_hp200_s4_level2.feat/GrayordinatesStats/cope13.feat/zstat1.dtseries.nii","506234","MNINonLinear//Results/tfMRI_WM/tfMRI_WM_hp200_s4_level2.feat/GrayordinatesStats/cope13.feat/zstat1.dtseries.nii",".g4AjdcCTeGackuIiea5iYzOt5lPWTx2"
"s3://hcp-openaccess/HCP_1200/506234/MNINonLinear/Results/tfMRI_WM/tfMRI_WM_hp200_s4_level2.feat/GrayordinatesStats/cope14.feat/cope1.dtseries.nii","506234","MNINonLinear//Results/tfMRI_WM/tfMRI_WM_hp200_s4_level2.feat/GrayordinatesStats/cope14.feat/cope1.dtseries.nii","leIkEikyUOwicgKrFV2vb9XAKXr39qMF"
"s3://hcp-openaccess/HCP_1200/506234/MNINonLinear/Results/tfMRI_WM/tfMRI_WM_hp200_s4_level2.feat/GrayordinatesStats/cope14.feat/logfile","506234","MNINonLinear//Results/tfMRI_WM/tfMRI_WM_hp200_s4_level2.feat/GrayordinatesStats/cope14.feat/logfile","m9.x4GP_oFDQmrOE8tQd1IbDcGXqlxYg"
"s3://hcp-openaccess/HCP_1200/506234/MNINonLinear/Results/tfMRI_WM/tfMRI_WM_hp200_s4_level2.feat/GrayordinatesStats/cope14.feat/mask.dtseries.nii","506234","MNINonLinear//Results/tfMRI_WM/tfMRI_WM_hp200_s4_level2.feat/GrayordinatesStats/cope14.feat/mask.dtseries.nii","3OrVDAF_nkB5ihW9dY2K0JbCBYiNqOH7"
"s3://hcp-openaccess/HCP_1200/506234/MNINonLinear/Results/tfMRI_WM/tfMRI_WM_hp200_s4_level2.feat/GrayordinatesStats/cope14.feat/mean_random_effects_var1.dtseries.nii","506234","MNINonLinear//Results/tfMRI_WM/tfMRI_WM_hp200_s4_level2.feat/GrayordinatesStats/cope14.feat/mean_random_effects_var1.dtseries.nii","CvinDZt0DtPS7CVdazIs5q0vUivjquU."
"s3://hcp-openaccess/HCP_1200/506234/MNINonLinear/Results/tfMRI_WM/tfMRI_WM_hp200_s4_level2.feat/GrayordinatesStats/cope14.feat/pe1.dtseries.nii","506234","MNINonLinear//Results/tfMRI_WM/tfMRI_WM_hp200_s4_level2.feat/GrayordinatesStats/cope14.feat/pe1.dtseries.nii","29JCbpdfpxPlX5UaBzD2XBXZUrmPsz5B"
"s3://hcp-openaccess/HCP_1200/506234/MNINonLinear/Results/tfMRI_WM/tfMRI_WM_hp200_s4_level2.feat/GrayordinatesStats/cope14.feat/res4d.dtseries.nii","506234","MNINonLinear//Results/tfMRI_WM/tfMRI_WM_hp200_s4_level2.feat/GrayordinatesStats/cope14.feat/res4d.dtseries.nii","3QEy4QsmrqLeNuQ7f.I19xRBoJvGTWkP"
"s3://hcp-openaccess/HCP_1200/506234/MNINonLinear/Results/tfMRI_WM/tfMRI_WM_hp200_s4_level2.feat/GrayordinatesStats/cope14.feat/tdof_t1.dtseries.nii","506234","MNINonLinear//Results/tfMRI_WM/tfMRI_WM_hp200_s4_level2.feat/GrayordinatesStats/cope14.feat/tdof_t1.dtseries.nii","mo3byj65ZNVEyVWqH_QFIGC73Tj5Bq0K"
"s3://hcp-openaccess/HCP_1200/506234/MNINonLinear/Results/tfMRI_WM/tfMRI_WM_hp200_s4_level2.feat/GrayordinatesStats/cope14.feat/tstat1.dtseries.nii","506234","MNINonLinear//Results/tfMRI_WM/tfMRI_WM_hp200_s4_level2.feat/GrayordinatesStats/cope14.feat/tstat1.dtseries.nii","3AtcjjIfQLDdMhXAHyHT.c1jlD1wYmz0"
"s3://hcp-openaccess/HCP_1200/506234/MNINonLinear/Results/tfMRI_WM/tfMRI_WM_hp200_s4_level2.feat/GrayordinatesStats/cope14.feat/varcope1.dtseries.nii","506234","MNINonLinear//Results/tfMRI_WM/tfMRI_WM_hp200_s4_level2.feat/GrayordinatesStats/cope14.feat/varcope1.dtseries.nii","0zVTa3yub04gaxXYPmncUTSavIcyv9Yn"
"s3://hcp-openaccess/HCP_1200/506234/MNINonLinear/Results/tfMRI_WM/tfMRI_WM_hp200_s4_level2.feat/GrayordinatesStats/cope14.feat/weights1.dtseries.nii","506234","MNINonLinear//Results/tfMRI_WM/tfMRI_WM_hp200_s4_level2.feat/GrayordinatesStats/cope14.feat/weights1.dtseries.nii","fidHkVFd8mnEykFgBdq.ALETqSyQtQhI"
"s3://hcp-openaccess/HCP_1200/506234/MNINonLinear/Results/tfMRI_WM/tfMRI_WM_hp200_s4_level2.feat/GrayordinatesStats/cope14.feat/zflame1lowertstat1.dtseries.nii","506234","MNINonLinear//Results/tfMRI_WM/tfMRI_WM_hp200_s4_level2.feat/GrayordinatesStats/cope14.feat/zflame1lowertstat1.dtseries.nii","WmiRPP4er3gKt8OiNRurn1nG9xIMWFxd"
"s3://hcp-openaccess/HCP_1200/506234/MNINonLinear/Results/tfMRI_WM/tfMRI_WM_hp200_s4_level2.feat/GrayordinatesStats/cope14.feat/zflame1uppertstat1.dtseries.nii","506234","MNINonLinear//Results/tfMRI_WM/tfMRI_WM_hp200_s4_level2.feat/GrayordinatesStats/cope14.feat/zflame1uppertstat1.dtseries.nii","sb_BmlcWtB63Mq8Y_5jm7QPOyM8giE74"
"s3://hcp-openaccess/HCP_1200/506234/MNINonLinear/Results/tfMRI_WM/tfMRI_WM_hp200_s4_level2.feat/GrayordinatesStats/cope14.feat/zstat1.dtseries.nii","506234","MNINonLinear//Results/tfMRI_WM/tfMRI_WM_hp200_s4_level2.feat/GrayordinatesStats/cope14.feat/zstat1.dtseries.nii","YdwTJKuH5lbCEGKtGeXXyCzczyi6v4hN"
"s3://hcp-openaccess/HCP_1200/506234/MNINonLinear/Results/tfMRI_WM/tfMRI_WM_hp200_s4_level2.feat/GrayordinatesStats/cope15.feat/cope1.dtseries.nii","506234","MNINonLinear//Results/tfMRI_WM/tfMRI_WM_hp200_s4_level2.feat/GrayordinatesStats/cope15.feat/cope1.dtseries.nii","QRds_y0Ghj._xDHAXZDofnyBvXprVlp5"
"s3://hcp-openaccess/HCP_1200/506234/MNINonLinear/Results/tfMRI_WM/tfMRI_WM_hp200_s4_level2.feat/GrayordinatesStats/cope15.feat/logfile","506234","MNINonLinear//Results/tfMRI_WM/tfMRI_WM_hp200_s4_level2.feat/GrayordinatesStats/cope15.feat/logfile","dnFGE4yIr0IEVJQnj18Hiw21Vfl3pTFf"
"s3://hcp-openaccess/HCP_1200/506234/MNINonLinear/Results/tfMRI_WM/tfMRI_WM_hp200_s4_level2.feat/GrayordinatesStats/cope15.feat/mask.dtseries.nii","506234","MNINonLinear//Results/tfMRI_WM/tfMRI_WM_hp200_s4_level2.feat/GrayordinatesStats/cope15.feat/mask.dtseries.nii","jUivK.6VxdpDupat1xjO.V_lo872r17F"
"s3://hcp-openaccess/HCP_1200/506234/MNINonLinear/Results/tfMRI_WM/tfMRI_WM_hp200_s4_level2.feat/GrayordinatesStats/cope15.feat/mean_random_effects_var1.dtseries.nii","506234","MNINonLinear//Results/tfMRI_WM/tfMRI_WM_hp200_s4_level2.feat/GrayordinatesStats/cope15.feat/mean_random_effects_var1.dtseries.nii","JtwNhLhmupvRW1gzSHh9AqxDQxLYs1o7"
"s3://hcp-openaccess/HCP_1200/506234/MNINonLinear/Results/tfMRI_WM/tfMRI_WM_hp200_s4_level2.feat/GrayordinatesStats/cope15.feat/pe1.dtseries.nii","506234","MNINonLinear//Results/tfMRI_WM/tfMRI_WM_hp200_s4_level2.feat/GrayordinatesStats/cope15.feat/pe1.dtseries.nii","Afo4ykhUHsLaJeuW8AQM7gEnU1xuhyK9"
"s3://hcp-openaccess/HCP_1200/506234/MNINonLinear/Results/tfMRI_WM/tfMRI_WM_hp200_s4_level2.feat/GrayordinatesStats/cope15.feat/res4d.dtseries.nii","506234","MNINonLinear//Results/tfMRI_WM/tfMRI_WM_hp200_s4_level2.feat/GrayordinatesStats/cope15.feat/res4d.dtseries.nii","GCRcCzbQoQNgn.7vrSbPKfMw0Orjs6nc"
"s3://hcp-openaccess/HCP_1200/506234/MNINonLinear/Results/tfMRI_WM/tfMRI_WM_hp200_s4_level2.feat/GrayordinatesStats/cope15.feat/tdof_t1.dtseries.nii","506234","MNINonLinear//Results/tfMRI_WM/tfMRI_WM_hp200_s4_level2.feat/GrayordinatesStats/cope15.feat/tdof_t1.dtseries.nii","ABIC3Bz3fARh.rVf25SuypNeuPeHDcqL"
"s3://hcp-openaccess/HCP_1200/506234/MNINonLinear/Results/tfMRI_WM/tfMRI_WM_hp200_s4_level2.feat/GrayordinatesStats/cope15.feat/tstat1.dtseries.nii","506234","MNINonLinear//Results/tfMRI_WM/tfMRI_WM_hp200_s4_level2.feat/GrayordinatesStats/cope15.feat/tstat1.dtseries.nii","guMPMCkyJXVM3dSXYER4Z8JePasPdvc0"
"s3://hcp-openaccess/HCP_1200/506234/MNINonLinear/Results/tfMRI_WM/tfMRI_WM_hp200_s4_level2.feat/GrayordinatesStats/cope15.feat/varcope1.dtseries.nii","506234","MNINonLinear//Results/tfMRI_WM/tfMRI_WM_hp200_s4_level2.feat/GrayordinatesStats/cope15.feat/varcope1.dtseries.nii","STCGVeeL3c3qArdbXXlfZDAFJV_IG.ey"
"s3://hcp-openaccess/HCP_1200/506234/MNINonLinear/Results/tfMRI_WM/tfMRI_WM_hp200_s4_level2.feat/GrayordinatesStats/cope15.feat/weights1.dtseries.nii","506234","MNINonLinear//Results/tfMRI_WM/tfMRI_WM_hp200_s4_level2.feat/GrayordinatesStats/cope15.feat/weights1.dtseries.nii","0wns2gQ3eWQbSQFcOibpCHqCscfJ78GZ"
"s3://hcp-openaccess/HCP_1200/506234/MNINonLinear/Results/tfMRI_WM/tfMRI_WM_hp200_s4_level2.feat/GrayordinatesStats/cope15.feat/zflame1lowertstat1.dtseries.nii","506234","MNINonLinear//Results/tfMRI_WM/tfMRI_WM_hp200_s4_level2.feat/GrayordinatesStats/cope15.feat/zflame1lowertstat1.dtseries.nii","2vnd00XSAIlyA08xHJo4OZSnWWvjpHK0"
"s3://hcp-openaccess/HCP_1200/506234/MNINonLinear/Results/tfMRI_WM/tfMRI_WM_hp200_s4_level2.feat/GrayordinatesStats/cope15.feat/zflame1uppertstat1.dtseries.nii","506234","MNINonLinear//Results/tfMRI_WM/tfMRI_WM_hp200_s4_level2.feat/GrayordinatesStats/cope15.feat/zflame1uppertstat1.dtseries.nii","CEy_iQ8drpyt2tjIL_qfDa1LxMm72.8_"
"s3://hcp-openaccess/HCP_1200/506234/MNINonLinear/Results/tfMRI_WM/tfMRI_WM_hp200_s4_level2.feat/GrayordinatesStats/cope15.feat/zstat1.dtseries.nii","506234","MNINonLinear//Results/tfMRI_WM/tfMRI_WM_hp200_s4_level2.feat/GrayordinatesStats/cope15.feat/zstat1.dtseries.nii","vzLQpJq.TKz2PPoaPgS_88QD7w9p.LlV"
"s3://hcp-openaccess/HCP_1200/506234/MNINonLinear/Results/tfMRI_WM/tfMRI_WM_hp200_s4_level2.feat/GrayordinatesStats/cope16.feat/cope1.dtseries.nii","506234","MNINonLinear//Results/tfMRI_WM/tfMRI_WM_hp200_s4_level2.feat/GrayordinatesStats/cope16.feat/cope1.dtseries.nii","BzLhCSauaAooiQnwJsYIp57C0n5oSCur"
"s3://hcp-openaccess/HCP_1200/506234/MNINonLinear/Results/tfMRI_WM/tfMRI_WM_hp200_s4_level2.feat/GrayordinatesStats/cope16.feat/logfile","506234","MNINonLinear//Results/tfMRI_WM/tfMRI_WM_hp200_s4_level2.feat/GrayordinatesStats/cope16.feat/logfile","RCXayff4h1lgXIGjc0No1cdabF0vxWx."
"s3://hcp-openaccess/HCP_1200/506234/MNINonLinear/Results/tfMRI_WM/tfMRI_WM_hp200_s4_level2.feat/GrayordinatesStats/cope16.feat/mask.dtseries.nii","506234","MNINonLinear//Results/tfMRI_WM/tfMRI_WM_hp200_s4_level2.feat/GrayordinatesStats/cope16.feat/mask.dtseries.nii","TD5UXSgzkct_6U_Q_UcGgOn2hC8Bgd1G"
"s3://hcp-openaccess/HCP_1200/506234/MNINonLinear/Results/tfMRI_WM/tfMRI_WM_hp200_s4_level2.feat/GrayordinatesStats/cope16.feat/mean_random_effects_var1.dtseries.nii","506234","MNINonLinear//Results/tfMRI_WM/tfMRI_WM_hp200_s4_level2.feat/GrayordinatesStats/cope16.feat/mean_random_effects_var1.dtseries.nii","hiu5j3B8ybETX2LJAswh23ZmbaAZok6_"
"s3://hcp-openaccess/HCP_1200/506234/MNINonLinear/Results/tfMRI_WM/tfMRI_WM_hp200_s4_level2.feat/GrayordinatesStats/cope16.feat/pe1.dtseries.nii","506234","MNINonLinear//Results/tfMRI_WM/tfMRI_WM_hp200_s4_level2.feat/GrayordinatesStats/cope16.feat/pe1.dtseries.nii","QzF3CbOp9fvRGXLz8Bhv4a2JKPSdnIjz"
"s3://hcp-openaccess/HCP_1200/506234/MNINonLinear/Results/tfMRI_WM/tfMRI_WM_hp200_s4_level2.feat/GrayordinatesStats/cope16.feat/res4d.dtseries.nii","506234","MNINonLinear//Results/tfMRI_WM/tfMRI_WM_hp200_s4_level2.feat/GrayordinatesStats/cope16.feat/res4d.dtseries.nii","13X3Lk16lwAHEOYQ7mSPMN4QQG6cyDK2"
"s3://hcp-openaccess/HCP_1200/506234/MNINonLinear/Results/tfMRI_WM/tfMRI_WM_hp200_s4_level2.feat/GrayordinatesStats/cope16.feat/tdof_t1.dtseries.nii","506234","MNINonLinear//Results/tfMRI_WM/tfMRI_WM_hp200_s4_level2.feat/GrayordinatesStats/cope16.feat/tdof_t1.dtseries.nii","JqqpQu0J5BLBYf54XLUtz9eiJTSfMRV4"
"s3://hcp-openaccess/HCP_1200/506234/MNINonLinear/Results/tfMRI_WM/tfMRI_WM_hp200_s4_level2.feat/GrayordinatesStats/cope16.feat/tstat1.dtseries.nii","506234","MNINonLinear//Results/tfMRI_WM/tfMRI_WM_hp200_s4_level2.feat/GrayordinatesStats/cope16.feat/tstat1.dtseries.nii","LQuSGFV_fDkfI_iYplimXmMg_cThIBjG"
"s3://hcp-openaccess/HCP_1200/506234/MNINonLinear/Results/tfMRI_WM/tfMRI_WM_hp200_s4_level2.feat/GrayordinatesStats/cope16.feat/varcope1.dtseries.nii","506234","MNINonLinear//Results/tfMRI_WM/tfMRI_WM_hp200_s4_level2.feat/GrayordinatesStats/cope16.feat/varcope1.dtseries.nii","h.Hnl8d4.4f_ZdzDs9iVt1oKLQP6x10f"
"s3://hcp-openaccess/HCP_1200/506234/MNINonLinear/Results/tfMRI_WM/tfMRI_WM_hp200_s4_level2.feat/GrayordinatesStats/cope16.feat/weights1.dtseries.nii","506234","MNINonLinear//Results/tfMRI_WM/tfMRI_WM_hp200_s4_level2.feat/GrayordinatesStats/cope16.feat/weights1.dtseries.nii","eg5pMfElmRnvu6Me_6VUjVE6H1.TOMbo"
"s3://hcp-openaccess/HCP_1200/506234/MNINonLinear/Results/tfMRI_WM/tfMRI_WM_hp200_s4_level2.feat/GrayordinatesStats/cope16.feat/zflame1lowertstat1.dtseries.nii","506234","MNINonLinear//Results/tfMRI_WM/tfMRI_WM_hp200_s4_level2.feat/GrayordinatesStats/cope16.feat/zflame1lowertstat1.dtseries.nii","Y2tDm_fN4W89h4Id3WWY2LNbup4pjpW_"
"s3://hcp-openaccess/HCP_1200/506234/MNINonLinear/Results/tfMRI_WM/tfMRI_WM_hp200_s4_level2.feat/GrayordinatesStats/cope16.feat/zflame1uppertstat1.dtseries.nii","506234","MNINonLinear//Results/tfMRI_WM/tfMRI_WM_hp200_s4_level2.feat/GrayordinatesStats/cope16.feat/zflame1uppertstat1.dtseries.nii","dL1tJqH9KXdhiaHBOkpl8NLWRIud56NX"
"s3://hcp-openaccess/HCP_1200/506234/MNINonLinear/Results/tfMRI_WM/tfMRI_WM_hp200_s4_level2.feat/GrayordinatesStats/cope16.feat/zstat1.dtseries.nii","506234","MNINonLinear//Results/tfMRI_WM/tfMRI_WM_hp200_s4_level2.feat/GrayordinatesStats/cope16.feat/zstat1.dtseries.nii","Qw3BVeell3FHWBxicuWIq4RPS4Z1SlOC"
"s3://hcp-openaccess/HCP_1200/506234/MNINonLinear/Results/tfMRI_WM/tfMRI_WM_hp200_s4_level2.feat/GrayordinatesStats/cope17.feat/cope1.dtseries.nii","506234","MNINonLinear//Results/tfMRI_WM/tfMRI_WM_hp200_s4_level2.feat/GrayordinatesStats/cope17.feat/cope1.dtseries.nii","lV9L5q_FYSrS1YEhotIskg1_na0TETYw"
"s3://hcp-openaccess/HCP_1200/506234/MNINonLinear/Results/tfMRI_WM/tfMRI_WM_hp200_s4_level2.feat/GrayordinatesStats/cope17.feat/logfile","506234","MNINonLinear//Results/tfMRI_WM/tfMRI_WM_hp200_s4_level2.feat/GrayordinatesStats/cope17.feat/logfile","rdK1uYkH_7w3Yum1xrazIpmMLWJrTsuS"
"s3://hcp-openaccess/HCP_1200/506234/MNINonLinear/Results/tfMRI_WM/tfMRI_WM_hp200_s4_level2.feat/GrayordinatesStats/cope17.feat/mask.dtseries.nii","506234","MNINonLinear//Results/tfMRI_WM/tfMRI_WM_hp200_s4_level2.feat/GrayordinatesStats/cope17.feat/mask.dtseries.nii","4M4VVV8OU3B_1.0I7y16bUjfKfjsxiEu"
"s3://hcp-openaccess/HCP_1200/506234/MNINonLinear/Results/tfMRI_WM/tfMRI_WM_hp200_s4_level2.feat/GrayordinatesStats/cope17.feat/mean_random_effects_var1.dtseries.nii","506234","MNINonLinear//Results/tfMRI_WM/tfMRI_WM_hp200_s4_level2.feat/GrayordinatesStats/cope17.feat/mean_random_effects_var1.dtseries.nii","54GSv3fT_0CtgrtvLE181mI_ZopY2K2T"
"s3://hcp-openaccess/HCP_1200/506234/MNINonLinear/Results/tfMRI_WM/tfMRI_WM_hp200_s4_level2.feat/GrayordinatesStats/cope17.feat/pe1.dtseries.nii","506234","MNINonLinear//Results/tfMRI_WM/tfMRI_WM_hp200_s4_level2.feat/GrayordinatesStats/cope17.feat/pe1.dtseries.nii","qih8V8SK44TZkCPFJ_CjjQSb4trJj6W5"
"s3://hcp-openaccess/HCP_1200/506234/MNINonLinear/Results/tfMRI_WM/tfMRI_WM_hp200_s4_level2.feat/GrayordinatesStats/cope17.feat/res4d.dtseries.nii","506234","MNINonLinear//Results/tfMRI_WM/tfMRI_WM_hp200_s4_level2.feat/GrayordinatesStats/cope17.feat/res4d.dtseries.nii","QVbCgVRg79__vzJunux4jgHzXTP0G5yt"
"s3://hcp-openaccess/HCP_1200/506234/MNINonLinear/Results/tfMRI_WM/tfMRI_WM_hp200_s4_level2.feat/GrayordinatesStats/cope17.feat/tdof_t1.dtseries.nii","506234","MNINonLinear//Results/tfMRI_WM/tfMRI_WM_hp200_s4_level2.feat/GrayordinatesStats/cope17.feat/tdof_t1.dtseries.nii","oK_qZ586styUAFifzDliFPwZMr5mRPYU"
"s3://hcp-openaccess/HCP_1200/506234/MNINonLinear/Results/tfMRI_WM/tfMRI_WM_hp200_s4_level2.feat/GrayordinatesStats/cope17.feat/tstat1.dtseries.nii","506234","MNINonLinear//Results/tfMRI_WM/tfMRI_WM_hp200_s4_level2.feat/GrayordinatesStats/cope17.feat/tstat1.dtseries.nii","dB99u49FWn4VpUiF9x77.D1B8HVDPpVL"
"s3://hcp-openaccess/HCP_1200/506234/MNINonLinear/Results/tfMRI_WM/tfMRI_WM_hp200_s4_level2.feat/GrayordinatesStats/cope17.feat/varcope1.dtseries.nii","506234","MNINonLinear//Results/tfMRI_WM/tfMRI_WM_hp200_s4_level2.feat/GrayordinatesStats/cope17.feat/varcope1.dtseries.nii","YnJyY_t90GWNJTC2U0PtLSjdELJJ7WnR"
"s3://hcp-openaccess/HCP_1200/506234/MNINonLinear/Results/tfMRI_WM/tfMRI_WM_hp200_s4_level2.feat/GrayordinatesStats/cope17.feat/weights1.dtseries.nii","506234","MNINonLinear//Results/tfMRI_WM/tfMRI_WM_hp200_s4_level2.feat/GrayordinatesStats/cope17.feat/weights1.dtseries.nii","weOYYGYWnUjUvRYHhcF93hAEqz_7.ocK"
"s3://hcp-openaccess/HCP_1200/506234/MNINonLinear/Results/tfMRI_WM/tfMRI_WM_hp200_s4_level2.feat/GrayordinatesStats/cope17.feat/zflame1lowertstat1.dtseries.nii","506234","MNINonLinear//Results/tfMRI_WM/tfMRI_WM_hp200_s4_level2.feat/GrayordinatesStats/cope17.feat/zflame1lowertstat1.dtseries.nii","PWyVDtY.iWN9LK_yJ0bcWqKRRzC0PxNZ"
"s3://hcp-openaccess/HCP_1200/506234/MNINonLinear/Results/tfMRI_WM/tfMRI_WM_hp200_s4_level2.feat/GrayordinatesStats/cope17.feat/zflame1uppertstat1.dtseries.nii","506234","MNINonLinear//Results/tfMRI_WM/tfMRI_WM_hp200_s4_level2.feat/GrayordinatesStats/cope17.feat/zflame1uppertstat1.dtseries.nii","2wcny1IXIz_vmayBmR5EpQdzJZpylxMy"
"s3://hcp-openaccess/HCP_1200/506234/MNINonLinear/Results/tfMRI_WM/tfMRI_WM_hp200_s4_level2.feat/GrayordinatesStats/cope17.feat/zstat1.dtseries.nii","506234","MNINonLinear//Results/tfMRI_WM/tfMRI_WM_hp200_s4_level2.feat/GrayordinatesStats/cope17.feat/zstat1.dtseries.nii","GDqlBLaSTvL4nNbgv9jaPZUHOeom0X97"
"s3://hcp-openaccess/HCP_1200/506234/MNINonLinear/Results/tfMRI_WM/tfMRI_WM_hp200_s4_level2.feat/GrayordinatesStats/cope18.feat/cope1.dtseries.nii","506234","MNINonLinear//Results/tfMRI_WM/tfMRI_WM_hp200_s4_level2.feat/GrayordinatesStats/cope18.feat/cope1.dtseries.nii","t3yWa3b0ExwbBP2UcH60I5Mr_.o5TsIN"
"s3://hcp-openaccess/HCP_1200/506234/MNINonLinear/Results/tfMRI_WM/tfMRI_WM_hp200_s4_level2.feat/GrayordinatesStats/cope18.feat/logfile","506234","MNINonLinear//Results/tfMRI_WM/tfMRI_WM_hp200_s4_level2.feat/GrayordinatesStats/cope18.feat/logfile","GwU4yF8YRD._pK9A9IEkpczSSflLtZTt"
"s3://hcp-openaccess/HCP_1200/506234/MNINonLinear/Results/tfMRI_WM/tfMRI_WM_hp200_s4_level2.feat/GrayordinatesStats/cope18.feat/mask.dtseries.nii","506234","MNINonLinear//Results/tfMRI_WM/tfMRI_WM_hp200_s4_level2.feat/GrayordinatesStats/cope18.feat/mask.dtseries.nii","v62rWNYVyzRif1FoIzm1mi9eHpaHewNJ"
"s3://hcp-openaccess/HCP_1200/506234/MNINonLinear/Results/tfMRI_WM/tfMRI_WM_hp200_s4_level2.feat/GrayordinatesStats/cope18.feat/mean_random_effects_var1.dtseries.nii","506234","MNINonLinear//Results/tfMRI_WM/tfMRI_WM_hp200_s4_level2.feat/GrayordinatesStats/cope18.feat/mean_random_effects_var1.dtseries.nii","JKkf.wpgpwNOONRreKwJiI4ZkWQPJsLQ"
"s3://hcp-openaccess/HCP_1200/506234/MNINonLinear/Results/tfMRI_WM/tfMRI_WM_hp200_s4_level2.feat/GrayordinatesStats/cope18.feat/pe1.dtseries.nii","506234","MNINonLinear//Results/tfMRI_WM/tfMRI_WM_hp200_s4_level2.feat/GrayordinatesStats/cope18.feat/pe1.dtseries.nii","Q1o8Pl1MDdMzACcd17ibjxDnUIltw8EG"
"s3://hcp-openaccess/HCP_1200/506234/MNINonLinear/Results/tfMRI_WM/tfMRI_WM_hp200_s4_level2.feat/GrayordinatesStats/cope18.feat/res4d.dtseries.nii","506234","MNINonLinear//Results/tfMRI_WM/tfMRI_WM_hp200_s4_level2.feat/GrayordinatesStats/cope18.feat/res4d.dtseries.nii","BpN0uvND5XUNdGQtAeTZc5d2AltavpvY"
"s3://hcp-openaccess/HCP_1200/506234/MNINonLinear/Results/tfMRI_WM/tfMRI_WM_hp200_s4_level2.feat/GrayordinatesStats/cope18.feat/tdof_t1.dtseries.nii","506234","MNINonLinear//Results/tfMRI_WM/tfMRI_WM_hp200_s4_level2.feat/GrayordinatesStats/cope18.feat/tdof_t1.dtseries.nii","mO16OHVobRFKv2_7Ipt_VOnJHUj46WbB"
"s3://hcp-openaccess/HCP_1200/506234/MNINonLinear/Results/tfMRI_WM/tfMRI_WM_hp200_s4_level2.feat/GrayordinatesStats/cope18.feat/tstat1.dtseries.nii","506234","MNINonLinear//Results/tfMRI_WM/tfMRI_WM_hp200_s4_level2.feat/GrayordinatesStats/cope18.feat/tstat1.dtseries.nii","3HonSVIU29jnUmFdoV6fB0NBNcsQDgJe"
"s3://hcp-openaccess/HCP_1200/506234/MNINonLinear/Results/tfMRI_WM/tfMRI_WM_hp200_s4_level2.feat/GrayordinatesStats/cope18.feat/varcope1.dtseries.nii","506234","MNINonLinear//Results/tfMRI_WM/tfMRI_WM_hp200_s4_level2.feat/GrayordinatesStats/cope18.feat/varcope1.dtseries.nii","i8Bb9nx4L7oZ.MRDxqGA5PJl5lAy.Asx"
"s3://hcp-openaccess/HCP_1200/506234/MNINonLinear/Results/tfMRI_WM/tfMRI_WM_hp200_s4_level2.feat/GrayordinatesStats/cope18.feat/weights1.dtseries.nii","506234","MNINonLinear//Results/tfMRI_WM/tfMRI_WM_hp200_s4_level2.feat/GrayordinatesStats/cope18.feat/weights1.dtseries.nii","fj_PFNxAQtE9YJ3MhqQ2MAQE6veYNlw9"
"s3://hcp-openaccess/HCP_1200/506234/MNINonLinear/Results/tfMRI_WM/tfMRI_WM_hp200_s4_level2.feat/GrayordinatesStats/cope18.feat/zflame1lowertstat1.dtseries.nii","506234","MNINonLinear//Results/tfMRI_WM/tfMRI_WM_hp200_s4_level2.feat/GrayordinatesStats/cope18.feat/zflame1lowertstat1.dtseries.nii","Z_4T5qKbzSG1mf790xR093JzOfF7jO59"
"s3://hcp-openaccess/HCP_1200/506234/MNINonLinear/Results/tfMRI_WM/tfMRI_WM_hp200_s4_level2.feat/GrayordinatesStats/cope18.feat/zflame1uppertstat1.dtseries.nii","506234","MNINonLinear//Results/tfMRI_WM/tfMRI_WM_hp200_s4_level2.feat/GrayordinatesStats/cope18.feat/zflame1uppertstat1.dtseries.nii","uGKMGLfafGYgJ2QEK3XY_MEEasZ8nnzA"
"s3://hcp-openaccess/HCP_1200/506234/MNINonLinear/Results/tfMRI_WM/tfMRI_WM_hp200_s4_level2.feat/GrayordinatesStats/cope18.feat/zstat1.dtseries.nii","506234","MNINonLinear//Results/tfMRI_WM/tfMRI_WM_hp200_s4_level2.feat/GrayordinatesStats/cope18.feat/zstat1.dtseries.nii","67MsA9WuG7mdtWPg5CbgzA1afZY5YNiz"
"s3://hcp-openaccess/HCP_1200/506234/MNINonLinear/Results/tfMRI_WM/tfMRI_WM_hp200_s4_level2.feat/GrayordinatesStats/cope19.feat/cope1.dtseries.nii","506234","MNINonLinear//Results/tfMRI_WM/tfMRI_WM_hp200_s4_level2.feat/GrayordinatesStats/cope19.feat/cope1.dtseries.nii","c93v5afOlPLa7X5RQ9YzaK6vAkyguxu4"
"s3://hcp-openaccess/HCP_1200/506234/MNINonLinear/Results/tfMRI_WM/tfMRI_WM_hp200_s4_level2.feat/GrayordinatesStats/cope19.feat/logfile","506234","MNINonLinear//Results/tfMRI_WM/tfMRI_WM_hp200_s4_level2.feat/GrayordinatesStats/cope19.feat/logfile","EzBLmd.J7CLEa0jQBMJZcZLRDAGwVeRS"
"s3://hcp-openaccess/HCP_1200/506234/MNINonLinear/Results/tfMRI_WM/tfMRI_WM_hp200_s4_level2.feat/GrayordinatesStats/cope19.feat/mask.dtseries.nii","506234","MNINonLinear//Results/tfMRI_WM/tfMRI_WM_hp200_s4_level2.feat/GrayordinatesStats/cope19.feat/mask.dtseries.nii","lIoHcN11nlQ8iT1GPFowiAp4SxmRvRLH"
"s3://hcp-openaccess/HCP_1200/506234/MNINonLinear/Results/tfMRI_WM/tfMRI_WM_hp200_s4_level2.feat/GrayordinatesStats/cope19.feat/mean_random_effects_var1.dtseries.nii","506234","MNINonLinear//Results/tfMRI_WM/tfMRI_WM_hp200_s4_level2.feat/GrayordinatesStats/cope19.feat/mean_random_effects_var1.dtseries.nii","wR5xeEaYfq6.i6UAF7JkXRKay9V39kmQ"
"s3://hcp-openaccess/HCP_1200/506234/MNINonLinear/Results/tfMRI_WM/tfMRI_WM_hp200_s4_level2.feat/GrayordinatesStats/cope19.feat/pe1.dtseries.nii","506234","MNINonLinear//Results/tfMRI_WM/tfMRI_WM_hp200_s4_level2.feat/GrayordinatesStats/cope19.feat/pe1.dtseries.nii","SUHkmcc4smkxlj7k4AcEfuvdCe2VPkaa"
"s3://hcp-openaccess/HCP_1200/506234/MNINonLinear/Results/tfMRI_WM/tfMRI_WM_hp200_s4_level2.feat/GrayordinatesStats/cope19.feat/res4d.dtseries.nii","506234","MNINonLinear//Results/tfMRI_WM/tfMRI_WM_hp200_s4_level2.feat/GrayordinatesStats/cope19.feat/res4d.dtseries.nii","vQz7E.GAwtLu9tN00H5SQIQkiN46h7lP"
"s3://hcp-openaccess/HCP_1200/506234/MNINonLinear/Results/tfMRI_WM/tfMRI_WM_hp200_s4_level2.feat/GrayordinatesStats/cope19.feat/tdof_t1.dtseries.nii","506234","MNINonLinear//Results/tfMRI_WM/tfMRI_WM_hp200_s4_level2.feat/GrayordinatesStats/cope19.feat/tdof_t1.dtseries.nii","Pa8Se4Nmr89i3F9jfXy.ItiNjPRe1wRx"
"s3://hcp-openaccess/HCP_1200/506234/MNINonLinear/Results/tfMRI_WM/tfMRI_WM_hp200_s4_level2.feat/GrayordinatesStats/cope19.feat/tstat1.dtseries.nii","506234","MNINonLinear//Results/tfMRI_WM/tfMRI_WM_hp200_s4_level2.feat/GrayordinatesStats/cope19.feat/tstat1.dtseries.nii","Uipztc1ta98fmrA.b9GbfDL4V7s0fPWu"
"s3://hcp-openaccess/HCP_1200/506234/MNINonLinear/Results/tfMRI_WM/tfMRI_WM_hp200_s4_level2.feat/GrayordinatesStats/cope19.feat/varcope1.dtseries.nii","506234","MNINonLinear//Results/tfMRI_WM/tfMRI_WM_hp200_s4_level2.feat/GrayordinatesStats/cope19.feat/varcope1.dtseries.nii","iVF1F5EdDYb8cFXwheWDobDo88FMXguO"
"s3://hcp-openaccess/HCP_1200/506234/MNINonLinear/Results/tfMRI_WM/tfMRI_WM_hp200_s4_level2.feat/GrayordinatesStats/cope19.feat/weights1.dtseries.nii","506234","MNINonLinear//Results/tfMRI_WM/tfMRI_WM_hp200_s4_level2.feat/GrayordinatesStats/cope19.feat/weights1.dtseries.nii","bnWlEhNHDN.6aoOge_iYUELE8md_FmlI"
"s3://hcp-openaccess/HCP_1200/506234/MNINonLinear/Results/tfMRI_WM/tfMRI_WM_hp200_s4_level2.feat/GrayordinatesStats/cope19.feat/zflame1lowertstat1.dtseries.nii","506234","MNINonLinear//Results/tfMRI_WM/tfMRI_WM_hp200_s4_level2.feat/GrayordinatesStats/cope19.feat/zflame1lowertstat1.dtseries.nii",".ddjnp4zDzCfYGBgpjxkV8v1.NbkggdN"
"s3://hcp-openaccess/HCP_1200/506234/MNINonLinear/Results/tfMRI_WM/tfMRI_WM_hp200_s4_level2.feat/GrayordinatesStats/cope19.feat/zflame1uppertstat1.dtseries.nii","506234","MNINonLinear//Results/tfMRI_WM/tfMRI_WM_hp200_s4_level2.feat/GrayordinatesStats/cope19.feat/zflame1uppertstat1.dtseries.nii","T9oRExM6z7hrSnsQTgLHiFGhlCJm80jK"
"s3://hcp-openaccess/HCP_1200/506234/MNINonLinear/Results/tfMRI_WM/tfMRI_WM_hp200_s4_level2.feat/GrayordinatesStats/cope19.feat/zstat1.dtseries.nii","506234","MNINonLinear//Results/tfMRI_WM/tfMRI_WM_hp200_s4_level2.feat/GrayordinatesStats/cope19.feat/zstat1.dtseries.nii",".WU6FrcgKPmRCIqHPRJh5W1FZnhTnb.1"
"s3://hcp-openaccess/HCP_1200/506234/MNINonLinear/Results/tfMRI_WM/tfMRI_WM_hp200_s4_level2.feat/GrayordinatesStats/cope2.feat/cope1.dtseries.nii","506234","MNINonLinear//Results/tfMRI_WM/tfMRI_WM_hp200_s4_level2.feat/GrayordinatesStats/cope2.feat/cope1.dtseries.nii",".1UwNlx0HM_iH0Bf2.89ezMpbaMZ_5OP"
"s3://hcp-openaccess/HCP_1200/506234/MNINonLinear/Results/tfMRI_WM/tfMRI_WM_hp200_s4_level2.feat/GrayordinatesStats/cope2.feat/logfile","506234","MNINonLinear//Results/tfMRI_WM/tfMRI_WM_hp200_s4_level2.feat/GrayordinatesStats/cope2.feat/logfile","y4W4xLKR4gbR4bKs911vS3nxEdB1obg8"
"s3://hcp-openaccess/HCP_1200/506234/MNINonLinear/Results/tfMRI_WM/tfMRI_WM_hp200_s4_level2.feat/GrayordinatesStats/cope2.feat/mask.dtseries.nii","506234","MNINonLinear//Results/tfMRI_WM/tfMRI_WM_hp200_s4_level2.feat/GrayordinatesStats/cope2.feat/mask.dtseries.nii","W9IzapERO7D6XCn7y0mdg24wsU8KaL7c"
"s3://hcp-openaccess/HCP_1200/506234/MNINonLinear/Results/tfMRI_WM/tfMRI_WM_hp200_s4_level2.feat/GrayordinatesStats/cope2.feat/mean_random_effects_var1.dtseries.nii","506234","MNINonLinear//Results/tfMRI_WM/tfMRI_WM_hp200_s4_level2.feat/GrayordinatesStats/cope2.feat/mean_random_effects_var1.dtseries.nii","ZB7xzMuM9xPIu6PKNRsZAvv0c47rMXZv"
"s3://hcp-openaccess/HCP_1200/506234/MNINonLinear/Results/tfMRI_WM/tfMRI_WM_hp200_s4_level2.feat/GrayordinatesStats/cope2.feat/pe1.dtseries.nii","506234","MNINonLinear//Results/tfMRI_WM/tfMRI_WM_hp200_s4_level2.feat/GrayordinatesStats/cope2.feat/pe1.dtseries.nii","3tfiyzK9roawIny7BD7gsZFie3XFVvXV"
"s3://hcp-openaccess/HCP_1200/506234/MNINonLinear/Results/tfMRI_WM/tfMRI_WM_hp200_s4_level2.feat/GrayordinatesStats/cope2.feat/res4d.dtseries.nii","506234","MNINonLinear//Results/tfMRI_WM/tfMRI_WM_hp200_s4_level2.feat/GrayordinatesStats/cope2.feat/res4d.dtseries.nii","V1akUiTrMVYIqgeKzH.LvCuWKV4IGJKb"
"s3://hcp-openaccess/HCP_1200/506234/MNINonLinear/Results/tfMRI_WM/tfMRI_WM_hp200_s4_level2.feat/GrayordinatesStats/cope2.feat/tdof_t1.dtseries.nii","506234","MNINonLinear//Results/tfMRI_WM/tfMRI_WM_hp200_s4_level2.feat/GrayordinatesStats/cope2.feat/tdof_t1.dtseries.nii","HUyCYXSfRHhgAQsif5iV7eE..KTzuZ8J"
"s3://hcp-openaccess/HCP_1200/506234/MNINonLinear/Results/tfMRI_WM/tfMRI_WM_hp200_s4_level2.feat/GrayordinatesStats/cope2.feat/tstat1.dtseries.nii","506234","MNINonLinear//Results/tfMRI_WM/tfMRI_WM_hp200_s4_level2.feat/GrayordinatesStats/cope2.feat/tstat1.dtseries.nii","1gBSd5K4VJTHSeZhqjuaN5FfQw_gcg93"
"s3://hcp-openaccess/HCP_1200/506234/MNINonLinear/Results/tfMRI_WM/tfMRI_WM_hp200_s4_level2.feat/GrayordinatesStats/cope2.feat/varcope1.dtseries.nii","506234","MNINonLinear//Results/tfMRI_WM/tfMRI_WM_hp200_s4_level2.feat/GrayordinatesStats/cope2.feat/varcope1.dtseries.nii","OJl90io0lHaYu9PdGD20UnswaBCTBVsQ"
"s3://hcp-openaccess/HCP_1200/506234/MNINonLinear/Results/tfMRI_WM/tfMRI_WM_hp200_s4_level2.feat/GrayordinatesStats/cope2.feat/weights1.dtseries.nii","506234","MNINonLinear//Results/tfMRI_WM/tfMRI_WM_hp200_s4_level2.feat/GrayordinatesStats/cope2.feat/weights1.dtseries.nii","527eXqU1Fyepg33eUiMsMGe4yRCj.Wv."
"s3://hcp-openaccess/HCP_1200/506234/MNINonLinear/Results/tfMRI_WM/tfMRI_WM_hp200_s4_level2.feat/GrayordinatesStats/cope2.feat/zflame1lowertstat1.dtseries.nii","506234","MNINonLinear//Results/tfMRI_WM/tfMRI_WM_hp200_s4_level2.feat/GrayordinatesStats/cope2.feat/zflame1lowertstat1.dtseries.nii","gXsCi6ob4Q8aC5oO5B1IFsQ5CZMA17gR"
"s3://hcp-openaccess/HCP_1200/506234/MNINonLinear/Results/tfMRI_WM/tfMRI_WM_hp200_s4_level2.feat/GrayordinatesStats/cope2.feat/zflame1uppertstat1.dtseries.nii","506234","MNINonLinear//Results/tfMRI_WM/tfMRI_WM_hp200_s4_level2.feat/GrayordinatesStats/cope2.feat/zflame1uppertstat1.dtseries.nii","m_XNisH57vGeOWeeKDSqltXcYxhS.QSP"
"s3://hcp-openaccess/HCP_1200/506234/MNINonLinear/Results/tfMRI_WM/tfMRI_WM_hp200_s4_level2.feat/GrayordinatesStats/cope2.feat/zstat1.dtseries.nii","506234","MNINonLinear//Results/tfMRI_WM/tfMRI_WM_hp200_s4_level2.feat/GrayordinatesStats/cope2.feat/zstat1.dtseries.nii","PiVQ7tP8615xOBjkvoSHV4hbXyVjw8yB"
"s3://hcp-openaccess/HCP_1200/506234/MNINonLinear/Results/tfMRI_WM/tfMRI_WM_hp200_s4_level2.feat/GrayordinatesStats/cope20.feat/cope1.dtseries.nii","506234","MNINonLinear//Results/tfMRI_WM/tfMRI_WM_hp200_s4_level2.feat/GrayordinatesStats/cope20.feat/cope1.dtseries.nii","aKjNr5z05B6ZY2aT52grl7OFggPp_erp"
"s3://hcp-openaccess/HCP_1200/506234/MNINonLinear/Results/tfMRI_WM/tfMRI_WM_hp200_s4_level2.feat/GrayordinatesStats/cope20.feat/logfile","506234","MNINonLinear//Results/tfMRI_WM/tfMRI_WM_hp200_s4_level2.feat/GrayordinatesStats/cope20.feat/logfile","q3Qa5Qq1WSoOGM_PDRFpbkHn6fL8.vAn"
"s3://hcp-openaccess/HCP_1200/506234/MNINonLinear/Results/tfMRI_WM/tfMRI_WM_hp200_s4_level2.feat/GrayordinatesStats/cope20.feat/mask.dtseries.nii","506234","MNINonLinear//Results/tfMRI_WM/tfMRI_WM_hp200_s4_level2.feat/GrayordinatesStats/cope20.feat/mask.dtseries.nii","Ap4CLc7OXCr8zvSmdhejrf9BOKaI1jBH"
"s3://hcp-openaccess/HCP_1200/506234/MNINonLinear/Results/tfMRI_WM/tfMRI_WM_hp200_s4_level2.feat/GrayordinatesStats/cope20.feat/mean_random_effects_var1.dtseries.nii","506234","MNINonLinear//Results/tfMRI_WM/tfMRI_WM_hp200_s4_level2.feat/GrayordinatesStats/cope20.feat/mean_random_effects_var1.dtseries.nii","vUWHGcppA1zT.Nq3cMbbyeiCeaCu63Fj"
"s3://hcp-openaccess/HCP_1200/506234/MNINonLinear/Results/tfMRI_WM/tfMRI_WM_hp200_s4_level2.feat/GrayordinatesStats/cope20.feat/pe1.dtseries.nii","506234","MNINonLinear//Results/tfMRI_WM/tfMRI_WM_hp200_s4_level2.feat/GrayordinatesStats/cope20.feat/pe1.dtseries.nii","ajOUb5DwZE5Pz7F3XmsnV6zNlD..gmgm"
"s3://hcp-openaccess/HCP_1200/506234/MNINonLinear/Results/tfMRI_WM/tfMRI_WM_hp200_s4_level2.feat/GrayordinatesStats/cope20.feat/res4d.dtseries.nii","506234","MNINonLinear//Results/tfMRI_WM/tfMRI_WM_hp200_s4_level2.feat/GrayordinatesStats/cope20.feat/res4d.dtseries.nii","2ExL7gYVRhYPH6Sa6o7hj08UA0XJ4ksv"
"s3://hcp-openaccess/HCP_1200/506234/MNINonLinear/Results/tfMRI_WM/tfMRI_WM_hp200_s4_level2.feat/GrayordinatesStats/cope20.feat/tdof_t1.dtseries.nii","506234","MNINonLinear//Results/tfMRI_WM/tfMRI_WM_hp200_s4_level2.feat/GrayordinatesStats/cope20.feat/tdof_t1.dtseries.nii","YB8cxgOwIzWcLLV0ZDvymDcxG8SHZrPw"
"s3://hcp-openaccess/HCP_1200/506234/MNINonLinear/Results/tfMRI_WM/tfMRI_WM_hp200_s4_level2.feat/GrayordinatesStats/cope20.feat/tstat1.dtseries.nii","506234","MNINonLinear//Results/tfMRI_WM/tfMRI_WM_hp200_s4_level2.feat/GrayordinatesStats/cope20.feat/tstat1.dtseries.nii","rLe6XjQmuRO.3Dxn6A4QMqT6LlZUCgYu"
"s3://hcp-openaccess/HCP_1200/506234/MNINonLinear/Results/tfMRI_WM/tfMRI_WM_hp200_s4_level2.feat/GrayordinatesStats/cope20.feat/varcope1.dtseries.nii","506234","MNINonLinear//Results/tfMRI_WM/tfMRI_WM_hp200_s4_level2.feat/GrayordinatesStats/cope20.feat/varcope1.dtseries.nii","bRLv1Cr1satmx1DjZiDJOy5aWWOWcHD9"
"s3://hcp-openaccess/HCP_1200/506234/MNINonLinear/Results/tfMRI_WM/tfMRI_WM_hp200_s4_level2.feat/GrayordinatesStats/cope20.feat/weights1.dtseries.nii","506234","MNINonLinear//Results/tfMRI_WM/tfMRI_WM_hp200_s4_level2.feat/GrayordinatesStats/cope20.feat/weights1.dtseries.nii","Kr.ZBKWOJSqwL7HchKIyhgFO.5LZJ9h2"
"s3://hcp-openaccess/HCP_1200/506234/MNINonLinear/Results/tfMRI_WM/tfMRI_WM_hp200_s4_level2.feat/GrayordinatesStats/cope20.feat/zflame1lowertstat1.dtseries.nii","506234","MNINonLinear//Results/tfMRI_WM/tfMRI_WM_hp200_s4_level2.feat/GrayordinatesStats/cope20.feat/zflame1lowertstat1.dtseries.nii","wCxLvGdIxKYDneP7dwSafqf8LlR.Z1C."
"s3://hcp-openaccess/HCP_1200/506234/MNINonLinear/Results/tfMRI_WM/tfMRI_WM_hp200_s4_level2.feat/GrayordinatesStats/cope20.feat/zflame1uppertstat1.dtseries.nii","506234","MNINonLinear//Results/tfMRI_WM/tfMRI_WM_hp200_s4_level2.feat/GrayordinatesStats/cope20.feat/zflame1uppertstat1.dtseries.nii","hR0Ldz8olR5RkVAdV8B_bCNzGeva.2yL"
"s3://hcp-openaccess/HCP_1200/506234/MNINonLinear/Results/tfMRI_WM/tfMRI_WM_hp200_s4_level2.feat/GrayordinatesStats/cope20.feat/zstat1.dtseries.nii","506234","MNINonLinear//Results/tfMRI_WM/tfMRI_WM_hp200_s4_level2.feat/GrayordinatesStats/cope20.feat/zstat1.dtseries.nii","LT_R9SEWvya2w8y938QtnIA1Ies5HxWy"
"s3://hcp-openaccess/HCP_1200/506234/MNINonLinear/Results/tfMRI_WM/tfMRI_WM_hp200_s4_level2.feat/GrayordinatesStats/cope21.feat/cope1.dtseries.nii","506234","MNINonLinear//Results/tfMRI_WM/tfMRI_WM_hp200_s4_level2.feat/GrayordinatesStats/cope21.feat/cope1.dtseries.nii","DBD.fKkHACrfiuJtOYzsMbOF4VZKCDw9"
"s3://hcp-openaccess/HCP_1200/506234/MNINonLinear/Results/tfMRI_WM/tfMRI_WM_hp200_s4_level2.feat/GrayordinatesStats/cope21.feat/logfile","506234","MNINonLinear//Results/tfMRI_WM/tfMRI_WM_hp200_s4_level2.feat/GrayordinatesStats/cope21.feat/logfile","KZxPEeOHLraaXiRICj56xaVmLf62Wjcx"
"s3://hcp-openaccess/HCP_1200/506234/MNINonLinear/Results/tfMRI_WM/tfMRI_WM_hp200_s4_level2.feat/GrayordinatesStats/cope21.feat/mask.dtseries.nii","506234","MNINonLinear//Results/tfMRI_WM/tfMRI_WM_hp200_s4_level2.feat/GrayordinatesStats/cope21.feat/mask.dtseries.nii","Oi07eIImlyOWX0wYAtbIbXCew5427sUM"
"s3://hcp-openaccess/HCP_1200/506234/MNINonLinear/Results/tfMRI_WM/tfMRI_WM_hp200_s4_level2.feat/GrayordinatesStats/cope21.feat/mean_random_effects_var1.dtseries.nii","506234","MNINonLinear//Results/tfMRI_WM/tfMRI_WM_hp200_s4_level2.feat/GrayordinatesStats/cope21.feat/mean_random_effects_var1.dtseries.nii","JFvILGKjQiij4GXb2.SAvnLr7K5jkIc5"
"s3://hcp-openaccess/HCP_1200/506234/MNINonLinear/Results/tfMRI_WM/tfMRI_WM_hp200_s4_level2.feat/GrayordinatesStats/cope21.feat/pe1.dtseries.nii","506234","MNINonLinear//Results/tfMRI_WM/tfMRI_WM_hp200_s4_level2.feat/GrayordinatesStats/cope21.feat/pe1.dtseries.nii","OlGmaaLBbXOdiJ.z7.P9rCd0.Wyh92ve"
"s3://hcp-openaccess/HCP_1200/506234/MNINonLinear/Results/tfMRI_WM/tfMRI_WM_hp200_s4_level2.feat/GrayordinatesStats/cope21.feat/res4d.dtseries.nii","506234","MNINonLinear//Results/tfMRI_WM/tfMRI_WM_hp200_s4_level2.feat/GrayordinatesStats/cope21.feat/res4d.dtseries.nii","sJz1MqfbzbJ9nuKgMm2DvRdYI.Lm6t7q"
"s3://hcp-openaccess/HCP_1200/506234/MNINonLinear/Results/tfMRI_WM/tfMRI_WM_hp200_s4_level2.feat/GrayordinatesStats/cope21.feat/tdof_t1.dtseries.nii","506234","MNINonLinear//Results/tfMRI_WM/tfMRI_WM_hp200_s4_level2.feat/GrayordinatesStats/cope21.feat/tdof_t1.dtseries.nii","LMkaBEyPtUnyzMV0_tD7YPdFx92B.0hf"
"s3://hcp-openaccess/HCP_1200/506234/MNINonLinear/Results/tfMRI_WM/tfMRI_WM_hp200_s4_level2.feat/GrayordinatesStats/cope21.feat/tstat1.dtseries.nii","506234","MNINonLinear//Results/tfMRI_WM/tfMRI_WM_hp200_s4_level2.feat/GrayordinatesStats/cope21.feat/tstat1.dtseries.nii","bqEcBk6b7WWnmWmu903w8Qzsb_UN97_0"
"s3://hcp-openaccess/HCP_1200/506234/MNINonLinear/Results/tfMRI_WM/tfMRI_WM_hp200_s4_level2.feat/GrayordinatesStats/cope21.feat/varcope1.dtseries.nii","506234","MNINonLinear//Results/tfMRI_WM/tfMRI_WM_hp200_s4_level2.feat/GrayordinatesStats/cope21.feat/varcope1.dtseries.nii","wqWXKOqRP7DdIaGRITwnW6M.sbLhKXRS"
"s3://hcp-openaccess/HCP_1200/506234/MNINonLinear/Results/tfMRI_WM/tfMRI_WM_hp200_s4_level2.feat/GrayordinatesStats/cope21.feat/weights1.dtseries.nii","506234","MNINonLinear//Results/tfMRI_WM/tfMRI_WM_hp200_s4_level2.feat/GrayordinatesStats/cope21.feat/weights1.dtseries.nii","ElCpNPA3mRhpsxCJztHcadEKJ6TX.uhb"
"s3://hcp-openaccess/HCP_1200/506234/MNINonLinear/Results/tfMRI_WM/tfMRI_WM_hp200_s4_level2.feat/GrayordinatesStats/cope21.feat/zflame1lowertstat1.dtseries.nii","506234","MNINonLinear//Results/tfMRI_WM/tfMRI_WM_hp200_s4_level2.feat/GrayordinatesStats/cope21.feat/zflame1lowertstat1.dtseries.nii","UmfZ.eKQ_1gNWpiDF06TWrqIT3fzCXE7"
"s3://hcp-openaccess/HCP_1200/506234/MNINonLinear/Results/tfMRI_WM/tfMRI_WM_hp200_s4_level2.feat/GrayordinatesStats/cope21.feat/zflame1uppertstat1.dtseries.nii","506234","MNINonLinear//Results/tfMRI_WM/tfMRI_WM_hp200_s4_level2.feat/GrayordinatesStats/cope21.feat/zflame1uppertstat1.dtseries.nii","DXCtgw6DNQdUC_BLKmdMchqV1x4h9T.h"
"s3://hcp-openaccess/HCP_1200/506234/MNINonLinear/Results/tfMRI_WM/tfMRI_WM_hp200_s4_level2.feat/GrayordinatesStats/cope21.feat/zstat1.dtseries.nii","506234","MNINonLinear//Results/tfMRI_WM/tfMRI_WM_hp200_s4_level2.feat/GrayordinatesStats/cope21.feat/zstat1.dtseries.nii","cpY4xdjPzMoXtK0YgjUsSLn32k.Vu1Yc"
"s3://hcp-openaccess/HCP_1200/506234/MNINonLinear/Results/tfMRI_WM/tfMRI_WM_hp200_s4_level2.feat/GrayordinatesStats/cope22.feat/cope1.dtseries.nii","506234","MNINonLinear//Results/tfMRI_WM/tfMRI_WM_hp200_s4_level2.feat/GrayordinatesStats/cope22.feat/cope1.dtseries.nii","1HkQFnkMWuwiDojHppuQQodWvRsOLyn0"
"s3://hcp-openaccess/HCP_1200/506234/MNINonLinear/Results/tfMRI_WM/tfMRI_WM_hp200_s4_level2.feat/GrayordinatesStats/cope22.feat/logfile","506234","MNINonLinear//Results/tfMRI_WM/tfMRI_WM_hp200_s4_level2.feat/GrayordinatesStats/cope22.feat/logfile","GOjx6q4U2Y9z6_zz0o0IycqRntDNsWYt"
"s3://hcp-openaccess/HCP_1200/506234/MNINonLinear/Results/tfMRI_WM/tfMRI_WM_hp200_s4_level2.feat/GrayordinatesStats/cope22.feat/mask.dtseries.nii","506234","MNINonLinear//Results/tfMRI_WM/tfMRI_WM_hp200_s4_level2.feat/GrayordinatesStats/cope22.feat/mask.dtseries.nii","u3uMr5.Uym6JSAFBjGuFjEwIzsE5305l"
"s3://hcp-openaccess/HCP_1200/506234/MNINonLinear/Results/tfMRI_WM/tfMRI_WM_hp200_s4_level2.feat/GrayordinatesStats/cope22.feat/mean_random_effects_var1.dtseries.nii","506234","MNINonLinear//Results/tfMRI_WM/tfMRI_WM_hp200_s4_level2.feat/GrayordinatesStats/cope22.feat/mean_random_effects_var1.dtseries.nii","VOXy1eQXRB28Vt5XQYkfg1BxLtJHOm70"
"s3://hcp-openaccess/HCP_1200/506234/MNINonLinear/Results/tfMRI_WM/tfMRI_WM_hp200_s4_level2.feat/GrayordinatesStats/cope22.feat/pe1.dtseries.nii","506234","MNINonLinear//Results/tfMRI_WM/tfMRI_WM_hp200_s4_level2.feat/GrayordinatesStats/cope22.feat/pe1.dtseries.nii","Bjq6nydfadIMnv9w.3aYlCOHkiln4Vyx"
"s3://hcp-openaccess/HCP_1200/506234/MNINonLinear/Results/tfMRI_WM/tfMRI_WM_hp200_s4_level2.feat/GrayordinatesStats/cope22.feat/res4d.dtseries.nii","506234","MNINonLinear//Results/tfMRI_WM/tfMRI_WM_hp200_s4_level2.feat/GrayordinatesStats/cope22.feat/res4d.dtseries.nii","F5ZswwK9x8LmV_.8UL7kXPYA..M60Q3f"
"s3://hcp-openaccess/HCP_1200/506234/MNINonLinear/Results/tfMRI_WM/tfMRI_WM_hp200_s4_level2.feat/GrayordinatesStats/cope22.feat/tdof_t1.dtseries.nii","506234","MNINonLinear//Results/tfMRI_WM/tfMRI_WM_hp200_s4_level2.feat/GrayordinatesStats/cope22.feat/tdof_t1.dtseries.nii","rcug3FdktMAO2dYbsp6LlKwolQKh9MZg"
"s3://hcp-openaccess/HCP_1200/506234/MNINonLinear/Results/tfMRI_WM/tfMRI_WM_hp200_s4_level2.feat/GrayordinatesStats/cope22.feat/tstat1.dtseries.nii","506234","MNINonLinear//Results/tfMRI_WM/tfMRI_WM_hp200_s4_level2.feat/GrayordinatesStats/cope22.feat/tstat1.dtseries.nii","KvuMNF94jq.uH0gMunnVPWNTqu4u3XGC"
"s3://hcp-openaccess/HCP_1200/506234/MNINonLinear/Results/tfMRI_WM/tfMRI_WM_hp200_s4_level2.feat/GrayordinatesStats/cope22.feat/varcope1.dtseries.nii","506234","MNINonLinear//Results/tfMRI_WM/tfMRI_WM_hp200_s4_level2.feat/GrayordinatesStats/cope22.feat/varcope1.dtseries.nii","xZwbngdlvzfN5xEBz7lUi6sHkjMND0lz"
"s3://hcp-openaccess/HCP_1200/506234/MNINonLinear/Results/tfMRI_WM/tfMRI_WM_hp200_s4_level2.feat/GrayordinatesStats/cope22.feat/weights1.dtseries.nii","506234","MNINonLinear//Results/tfMRI_WM/tfMRI_WM_hp200_s4_level2.feat/GrayordinatesStats/cope22.feat/weights1.dtseries.nii","CWE9AfmZhhEG1ilipSvebHoyelr3pbPu"
"s3://hcp-openaccess/HCP_1200/506234/MNINonLinear/Results/tfMRI_WM/tfMRI_WM_hp200_s4_level2.feat/GrayordinatesStats/cope22.feat/zflame1lowertstat1.dtseries.nii","506234","MNINonLinear//Results/tfMRI_WM/tfMRI_WM_hp200_s4_level2.feat/GrayordinatesStats/cope22.feat/zflame1lowertstat1.dtseries.nii","YSEKt0O9OpjW5J3Rq7xlY8VijDZ2iqg."
"s3://hcp-openaccess/HCP_1200/506234/MNINonLinear/Results/tfMRI_WM/tfMRI_WM_hp200_s4_level2.feat/GrayordinatesStats/cope22.feat/zflame1uppertstat1.dtseries.nii","506234","MNINonLinear//Results/tfMRI_WM/tfMRI_WM_hp200_s4_level2.feat/GrayordinatesStats/cope22.feat/zflame1uppertstat1.dtseries.nii","j3mmL2W.mbqTXURU9soZIjUpFkelK8g9"
"s3://hcp-openaccess/HCP_1200/506234/MNINonLinear/Results/tfMRI_WM/tfMRI_WM_hp200_s4_level2.feat/GrayordinatesStats/cope22.feat/zstat1.dtseries.nii","506234","MNINonLinear//Results/tfMRI_WM/tfMRI_WM_hp200_s4_level2.feat/GrayordinatesStats/cope22.feat/zstat1.dtseries.nii","xo11J9SG.H1kqITbmL4Hv9lnHCePWi1D"
"s3://hcp-openaccess/HCP_1200/506234/MNINonLinear/Results/tfMRI_WM/tfMRI_WM_hp200_s4_level2.feat/GrayordinatesStats/cope23.feat/cope1.dtseries.nii","506234","MNINonLinear//Results/tfMRI_WM/tfMRI_WM_hp200_s4_level2.feat/GrayordinatesStats/cope23.feat/cope1.dtseries.nii","xcwUIwzn.GEwNttbYzBn13kgyzgnHI36"
"s3://hcp-openaccess/HCP_1200/506234/MNINonLinear/Results/tfMRI_WM/tfMRI_WM_hp200_s4_level2.feat/GrayordinatesStats/cope23.feat/logfile","506234","MNINonLinear//Results/tfMRI_WM/tfMRI_WM_hp200_s4_level2.feat/GrayordinatesStats/cope23.feat/logfile","26dPzxDwZSnsK3.ZiaW3pr7nVcmx4EKQ"
"s3://hcp-openaccess/HCP_1200/506234/MNINonLinear/Results/tfMRI_WM/tfMRI_WM_hp200_s4_level2.feat/GrayordinatesStats/cope23.feat/mask.dtseries.nii","506234","MNINonLinear//Results/tfMRI_WM/tfMRI_WM_hp200_s4_level2.feat/GrayordinatesStats/cope23.feat/mask.dtseries.nii","PZ0ZlVAH_9WvnOtc8kBD.UAkxWWVfmvD"
"s3://hcp-openaccess/HCP_1200/506234/MNINonLinear/Results/tfMRI_WM/tfMRI_WM_hp200_s4_level2.feat/GrayordinatesStats/cope23.feat/mean_random_effects_var1.dtseries.nii","506234","MNINonLinear//Results/tfMRI_WM/tfMRI_WM_hp200_s4_level2.feat/GrayordinatesStats/cope23.feat/mean_random_effects_var1.dtseries.nii","Y31SLnWr2VsLcx7bd3isHRzGppEBrA1f"
"s3://hcp-openaccess/HCP_1200/506234/MNINonLinear/Results/tfMRI_WM/tfMRI_WM_hp200_s4_level2.feat/GrayordinatesStats/cope23.feat/pe1.dtseries.nii","506234","MNINonLinear//Results/tfMRI_WM/tfMRI_WM_hp200_s4_level2.feat/GrayordinatesStats/cope23.feat/pe1.dtseries.nii","_l118l7AOhIVcSjou4v9aO.NQCiunwi2"
"s3://hcp-openaccess/HCP_1200/506234/MNINonLinear/Results/tfMRI_WM/tfMRI_WM_hp200_s4_level2.feat/GrayordinatesStats/cope23.feat/res4d.dtseries.nii","506234","MNINonLinear//Results/tfMRI_WM/tfMRI_WM_hp200_s4_level2.feat/GrayordinatesStats/cope23.feat/res4d.dtseries.nii","P8Ib3rI0aLJRpYj0OI7Kgs6fr6yz6Kjc"
"s3://hcp-openaccess/HCP_1200/506234/MNINonLinear/Results/tfMRI_WM/tfMRI_WM_hp200_s4_level2.feat/GrayordinatesStats/cope23.feat/tdof_t1.dtseries.nii","506234","MNINonLinear//Results/tfMRI_WM/tfMRI_WM_hp200_s4_level2.feat/GrayordinatesStats/cope23.feat/tdof_t1.dtseries.nii","SNlEyoOpU_i1t_d_QY1AtUWlQ0.pevLL"
"s3://hcp-openaccess/HCP_1200/506234/MNINonLinear/Results/tfMRI_WM/tfMRI_WM_hp200_s4_level2.feat/GrayordinatesStats/cope23.feat/tstat1.dtseries.nii","506234","MNINonLinear//Results/tfMRI_WM/tfMRI_WM_hp200_s4_level2.feat/GrayordinatesStats/cope23.feat/tstat1.dtseries.nii","cvrAQzRlhOaesGtbv6.78AbOIOIdd4H3"
"s3://hcp-openaccess/HCP_1200/506234/MNINonLinear/Results/tfMRI_WM/tfMRI_WM_hp200_s4_level2.feat/GrayordinatesStats/cope23.feat/varcope1.dtseries.nii","506234","MNINonLinear//Results/tfMRI_WM/tfMRI_WM_hp200_s4_level2.feat/GrayordinatesStats/cope23.feat/varcope1.dtseries.nii","OFi952iHAGuotoTrfztm5sKF5OsxppII"
"s3://hcp-openaccess/HCP_1200/506234/MNINonLinear/Results/tfMRI_WM/tfMRI_WM_hp200_s4_level2.feat/GrayordinatesStats/cope23.feat/weights1.dtseries.nii","506234","MNINonLinear//Results/tfMRI_WM/tfMRI_WM_hp200_s4_level2.feat/GrayordinatesStats/cope23.feat/weights1.dtseries.nii","wOXSP_XdYyt8ffILwOTsr1bOvGK4MzKC"
"s3://hcp-openaccess/HCP_1200/506234/MNINonLinear/Results/tfMRI_WM/tfMRI_WM_hp200_s4_level2.feat/GrayordinatesStats/cope23.feat/zflame1lowertstat1.dtseries.nii","506234","MNINonLinear//Results/tfMRI_WM/tfMRI_WM_hp200_s4_level2.feat/GrayordinatesStats/cope23.feat/zflame1lowertstat1.dtseries.nii","neg8Eoai.2SyxrQXCM2V8lCkvSqGvil4"
"s3://hcp-openaccess/HCP_1200/506234/MNINonLinear/Results/tfMRI_WM/tfMRI_WM_hp200_s4_level2.feat/GrayordinatesStats/cope23.feat/zflame1uppertstat1.dtseries.nii","506234","MNINonLinear//Results/tfMRI_WM/tfMRI_WM_hp200_s4_level2.feat/GrayordinatesStats/cope23.feat/zflame1uppertstat1.dtseries.nii","Hq2Is3PNOqKahIl7sM7junsAhDlN2o.D"
"s3://hcp-openaccess/HCP_1200/506234/MNINonLinear/Results/tfMRI_WM/tfMRI_WM_hp200_s4_level2.feat/GrayordinatesStats/cope23.feat/zstat1.dtseries.nii","506234","MNINonLinear//Results/tfMRI_WM/tfMRI_WM_hp200_s4_level2.feat/GrayordinatesStats/cope23.feat/zstat1.dtseries.nii","Xmgv5dnZwIDWPoMFVwU9uZYp1ZlH9D.5"
"s3://hcp-openaccess/HCP_1200/506234/MNINonLinear/Results/tfMRI_WM/tfMRI_WM_hp200_s4_level2.feat/GrayordinatesStats/cope24.feat/cope1.dtseries.nii","506234","MNINonLinear//Results/tfMRI_WM/tfMRI_WM_hp200_s4_level2.feat/GrayordinatesStats/cope24.feat/cope1.dtseries.nii","4VfLXGVtQXX6OHqAPZTpNdtKs2rtKsrT"
"s3://hcp-openaccess/HCP_1200/506234/MNINonLinear/Results/tfMRI_WM/tfMRI_WM_hp200_s4_level2.feat/GrayordinatesStats/cope24.feat/logfile","506234","MNINonLinear//Results/tfMRI_WM/tfMRI_WM_hp200_s4_level2.feat/GrayordinatesStats/cope24.feat/logfile","T82sgdezBHcwuhGDa0xPe9W_lc1GPSO0"
"s3://hcp-openaccess/HCP_1200/506234/MNINonLinear/Results/tfMRI_WM/tfMRI_WM_hp200_s4_level2.feat/GrayordinatesStats/cope24.feat/mask.dtseries.nii","506234","MNINonLinear//Results/tfMRI_WM/tfMRI_WM_hp200_s4_level2.feat/GrayordinatesStats/cope24.feat/mask.dtseries.nii","8djylIp9zJZYlcbmu4sXowbi53Fog53k"
"s3://hcp-openaccess/HCP_1200/506234/MNINonLinear/Results/tfMRI_WM/tfMRI_WM_hp200_s4_level2.feat/GrayordinatesStats/cope24.feat/mean_random_effects_var1.dtseries.nii","506234","MNINonLinear//Results/tfMRI_WM/tfMRI_WM_hp200_s4_level2.feat/GrayordinatesStats/cope24.feat/mean_random_effects_var1.dtseries.nii","LWGOS4lZaCdDzq.sCwiYeK_KYKnxrsJp"
"s3://hcp-openaccess/HCP_1200/506234/MNINonLinear/Results/tfMRI_WM/tfMRI_WM_hp200_s4_level2.feat/GrayordinatesStats/cope24.feat/pe1.dtseries.nii","506234","MNINonLinear//Results/tfMRI_WM/tfMRI_WM_hp200_s4_level2.feat/GrayordinatesStats/cope24.feat/pe1.dtseries.nii","um39L1U4preAX4VZL0auIKI7az2IVAr6"
"s3://hcp-openaccess/HCP_1200/506234/MNINonLinear/Results/tfMRI_WM/tfMRI_WM_hp200_s4_level2.feat/GrayordinatesStats/cope24.feat/res4d.dtseries.nii","506234","MNINonLinear//Results/tfMRI_WM/tfMRI_WM_hp200_s4_level2.feat/GrayordinatesStats/cope24.feat/res4d.dtseries.nii","to_a.adQSEscxHa7mqex2Trx7E_juIiZ"
"s3://hcp-openaccess/HCP_1200/506234/MNINonLinear/Results/tfMRI_WM/tfMRI_WM_hp200_s4_level2.feat/GrayordinatesStats/cope24.feat/tdof_t1.dtseries.nii","506234","MNINonLinear//Results/tfMRI_WM/tfMRI_WM_hp200_s4_level2.feat/GrayordinatesStats/cope24.feat/tdof_t1.dtseries.nii","hWtldQh.Vjjj21tDz7WxQgJzHOBn0y9B"
"s3://hcp-openaccess/HCP_1200/506234/MNINonLinear/Results/tfMRI_WM/tfMRI_WM_hp200_s4_level2.feat/GrayordinatesStats/cope24.feat/tstat1.dtseries.nii","506234","MNINonLinear//Results/tfMRI_WM/tfMRI_WM_hp200_s4_level2.feat/GrayordinatesStats/cope24.feat/tstat1.dtseries.nii","p_5mEG6YROFirI8BSCquu40_sIXIjA_7"
"s3://hcp-openaccess/HCP_1200/506234/MNINonLinear/Results/tfMRI_WM/tfMRI_WM_hp200_s4_level2.feat/GrayordinatesStats/cope24.feat/varcope1.dtseries.nii","506234","MNINonLinear//Results/tfMRI_WM/tfMRI_WM_hp200_s4_level2.feat/GrayordinatesStats/cope24.feat/varcope1.dtseries.nii","6HMdWwKxwis5bi85X.fafW9qsUN_d4J."
"s3://hcp-openaccess/HCP_1200/506234/MNINonLinear/Results/tfMRI_WM/tfMRI_WM_hp200_s4_level2.feat/GrayordinatesStats/cope24.feat/weights1.dtseries.nii","506234","MNINonLinear//Results/tfMRI_WM/tfMRI_WM_hp200_s4_level2.feat/GrayordinatesStats/cope24.feat/weights1.dtseries.nii","zAdfEFuMZkb3tAjz._erthHELEqMhn3d"
"s3://hcp-openaccess/HCP_1200/506234/MNINonLinear/Results/tfMRI_WM/tfMRI_WM_hp200_s4_level2.feat/GrayordinatesStats/cope24.feat/zflame1lowertstat1.dtseries.nii","506234","MNINonLinear//Results/tfMRI_WM/tfMRI_WM_hp200_s4_level2.feat/GrayordinatesStats/cope24.feat/zflame1lowertstat1.dtseries.nii","oQzcr.TxUJkJ7ytbCfMJ4l7HkLyRqg4l"
"s3://hcp-openaccess/HCP_1200/506234/MNINonLinear/Results/tfMRI_WM/tfMRI_WM_hp200_s4_level2.feat/GrayordinatesStats/cope24.feat/zflame1uppertstat1.dtseries.nii","506234","MNINonLinear//Results/tfMRI_WM/tfMRI_WM_hp200_s4_level2.feat/GrayordinatesStats/cope24.feat/zflame1uppertstat1.dtseries.nii","Uo.QwPDMX6TCVW_4EvOwwNlkCQg_Skgl"
"s3://hcp-openaccess/HCP_1200/506234/MNINonLinear/Results/tfMRI_WM/tfMRI_WM_hp200_s4_level2.feat/GrayordinatesStats/cope24.feat/zstat1.dtseries.nii","506234","MNINonLinear//Results/tfMRI_WM/tfMRI_WM_hp200_s4_level2.feat/GrayordinatesStats/cope24.feat/zstat1.dtseries.nii","glexJEpsxJdMyY4JwlgAV16Z2MnOMJJy"
"s3://hcp-openaccess/HCP_1200/506234/MNINonLinear/Results/tfMRI_WM/tfMRI_WM_hp200_s4_level2.feat/GrayordinatesStats/cope25.feat/cope1.dtseries.nii","506234","MNINonLinear//Results/tfMRI_WM/tfMRI_WM_hp200_s4_level2.feat/GrayordinatesStats/cope25.feat/cope1.dtseries.nii","xYMWebuW65SB8KA9W5tDzG0z0D1Ke5PQ"
"s3://hcp-openaccess/HCP_1200/506234/MNINonLinear/Results/tfMRI_WM/tfMRI_WM_hp200_s4_level2.feat/GrayordinatesStats/cope25.feat/logfile","506234","MNINonLinear//Results/tfMRI_WM/tfMRI_WM_hp200_s4_level2.feat/GrayordinatesStats/cope25.feat/logfile","nBHseLL2G4L6vqdMkTuIPo2WY1ZdJLgU"
"s3://hcp-openaccess/HCP_1200/506234/MNINonLinear/Results/tfMRI_WM/tfMRI_WM_hp200_s4_level2.feat/GrayordinatesStats/cope25.feat/mask.dtseries.nii","506234","MNINonLinear//Results/tfMRI_WM/tfMRI_WM_hp200_s4_level2.feat/GrayordinatesStats/cope25.feat/mask.dtseries.nii","3iovJVVaB0Ucf6Eoc36PseMBT.i7oIGY"
"s3://hcp-openaccess/HCP_1200/506234/MNINonLinear/Results/tfMRI_WM/tfMRI_WM_hp200_s4_level2.feat/GrayordinatesStats/cope25.feat/mean_random_effects_var1.dtseries.nii","506234","MNINonLinear//Results/tfMRI_WM/tfMRI_WM_hp200_s4_level2.feat/GrayordinatesStats/cope25.feat/mean_random_effects_var1.dtseries.nii","ytXp4g7Sd0JwKGbxtpqfxIJFprIZdvdV"
"s3://hcp-openaccess/HCP_1200/506234/MNINonLinear/Results/tfMRI_WM/tfMRI_WM_hp200_s4_level2.feat/GrayordinatesStats/cope25.feat/pe1.dtseries.nii","506234","MNINonLinear//Results/tfMRI_WM/tfMRI_WM_hp200_s4_level2.feat/GrayordinatesStats/cope25.feat/pe1.dtseries.nii","zc3VC_6crRyibMU8C0xRF7jxpBsXNxPc"
"s3://hcp-openaccess/HCP_1200/506234/MNINonLinear/Results/tfMRI_WM/tfMRI_WM_hp200_s4_level2.feat/GrayordinatesStats/cope25.feat/res4d.dtseries.nii","506234","MNINonLinear//Results/tfMRI_WM/tfMRI_WM_hp200_s4_level2.feat/GrayordinatesStats/cope25.feat/res4d.dtseries.nii","7WirOLNTz7hqx3_zhADmV0zOxvMSmqcK"
"s3://hcp-openaccess/HCP_1200/506234/MNINonLinear/Results/tfMRI_WM/tfMRI_WM_hp200_s4_level2.feat/GrayordinatesStats/cope25.feat/tdof_t1.dtseries.nii","506234","MNINonLinear//Results/tfMRI_WM/tfMRI_WM_hp200_s4_level2.feat/GrayordinatesStats/cope25.feat/tdof_t1.dtseries.nii","2jmpSWSN6hiZOTAyxziWFVExMp6GnpAs"
"s3://hcp-openaccess/HCP_1200/506234/MNINonLinear/Results/tfMRI_WM/tfMRI_WM_hp200_s4_level2.feat/GrayordinatesStats/cope25.feat/tstat1.dtseries.nii","506234","MNINonLinear//Results/tfMRI_WM/tfMRI_WM_hp200_s4_level2.feat/GrayordinatesStats/cope25.feat/tstat1.dtseries.nii","31xsbhc11iIVRdwklSt433ofKYhsQMKY"
"s3://hcp-openaccess/HCP_1200/506234/MNINonLinear/Results/tfMRI_WM/tfMRI_WM_hp200_s4_level2.feat/GrayordinatesStats/cope25.feat/varcope1.dtseries.nii","506234","MNINonLinear//Results/tfMRI_WM/tfMRI_WM_hp200_s4_level2.feat/GrayordinatesStats/cope25.feat/varcope1.dtseries.nii","JcAC.Mjkh0j7lbf54xv_zKIHbZB6zNOF"
"s3://hcp-openaccess/HCP_1200/506234/MNINonLinear/Results/tfMRI_WM/tfMRI_WM_hp200_s4_level2.feat/GrayordinatesStats/cope25.feat/weights1.dtseries.nii","506234","MNINonLinear//Results/tfMRI_WM/tfMRI_WM_hp200_s4_level2.feat/GrayordinatesStats/cope25.feat/weights1.dtseries.nii","6U6x7jUr9PrscZAG4zyqO3zHXIg7pCE3"
"s3://hcp-openaccess/HCP_1200/506234/MNINonLinear/Results/tfMRI_WM/tfMRI_WM_hp200_s4_level2.feat/GrayordinatesStats/cope25.feat/zflame1lowertstat1.dtseries.nii","506234","MNINonLinear//Results/tfMRI_WM/tfMRI_WM_hp200_s4_level2.feat/GrayordinatesStats/cope25.feat/zflame1lowertstat1.dtseries.nii","921gxuHTK4U0j9agkMoR402V4.jk9qh4"
"s3://hcp-openaccess/HCP_1200/506234/MNINonLinear/Results/tfMRI_WM/tfMRI_WM_hp200_s4_level2.feat/GrayordinatesStats/cope25.feat/zflame1uppertstat1.dtseries.nii","506234","MNINonLinear//Results/tfMRI_WM/tfMRI_WM_hp200_s4_level2.feat/GrayordinatesStats/cope25.feat/zflame1uppertstat1.dtseries.nii","ttAFfnKlZSQEan624bny2KqWYiKa4AnY"
"s3://hcp-openaccess/HCP_1200/506234/MNINonLinear/Results/tfMRI_WM/tfMRI_WM_hp200_s4_level2.feat/GrayordinatesStats/cope25.feat/zstat1.dtseries.nii","506234","MNINonLinear//Results/tfMRI_WM/tfMRI_WM_hp200_s4_level2.feat/GrayordinatesStats/cope25.feat/zstat1.dtseries.nii","VIW0Wqh4IGFNBWDClxQLexr0uaCnZ37D"
"s3://hcp-openaccess/HCP_1200/506234/MNINonLinear/Results/tfMRI_WM/tfMRI_WM_hp200_s4_level2.feat/GrayordinatesStats/cope26.feat/cope1.dtseries.nii","506234","MNINonLinear//Results/tfMRI_WM/tfMRI_WM_hp200_s4_level2.feat/GrayordinatesStats/cope26.feat/cope1.dtseries.nii","v.RYXTIiwUi473TZhrshqHDv0B3JCH3E"
"s3://hcp-openaccess/HCP_1200/506234/MNINonLinear/Results/tfMRI_WM/tfMRI_WM_hp200_s4_level2.feat/GrayordinatesStats/cope26.feat/logfile","506234","MNINonLinear//Results/tfMRI_WM/tfMRI_WM_hp200_s4_level2.feat/GrayordinatesStats/cope26.feat/logfile","1izFcm.TJc1x8viW9c_DyNtoMt9zJnqF"
"s3://hcp-openaccess/HCP_1200/506234/MNINonLinear/Results/tfMRI_WM/tfMRI_WM_hp200_s4_level2.feat/GrayordinatesStats/cope26.feat/mask.dtseries.nii","506234","MNINonLinear//Results/tfMRI_WM/tfMRI_WM_hp200_s4_level2.feat/GrayordinatesStats/cope26.feat/mask.dtseries.nii","fq0J2LvOaY25XL5FeNIJxxwLlR.m.zyN"
"s3://hcp-openaccess/HCP_1200/506234/MNINonLinear/Results/tfMRI_WM/tfMRI_WM_hp200_s4_level2.feat/GrayordinatesStats/cope26.feat/mean_random_effects_var1.dtseries.nii","506234","MNINonLinear//Results/tfMRI_WM/tfMRI_WM_hp200_s4_level2.feat/GrayordinatesStats/cope26.feat/mean_random_effects_var1.dtseries.nii","XJtVV64eeCL2NOMns8foG.m.s2UMuenm"
"s3://hcp-openaccess/HCP_1200/506234/MNINonLinear/Results/tfMRI_WM/tfMRI_WM_hp200_s4_level2.feat/GrayordinatesStats/cope26.feat/pe1.dtseries.nii","506234","MNINonLinear//Results/tfMRI_WM/tfMRI_WM_hp200_s4_level2.feat/GrayordinatesStats/cope26.feat/pe1.dtseries.nii","zhZ8Jqxcn0QwrR59ea3iWRYpbbUQLJTg"
"s3://hcp-openaccess/HCP_1200/506234/MNINonLinear/Results/tfMRI_WM/tfMRI_WM_hp200_s4_level2.feat/GrayordinatesStats/cope26.feat/res4d.dtseries.nii","506234","MNINonLinear//Results/tfMRI_WM/tfMRI_WM_hp200_s4_level2.feat/GrayordinatesStats/cope26.feat/res4d.dtseries.nii","5IbEyZBfWnGqj6lKp2yoThSk2rNKD07g"
"s3://hcp-openaccess/HCP_1200/506234/MNINonLinear/Results/tfMRI_WM/tfMRI_WM_hp200_s4_level2.feat/GrayordinatesStats/cope26.feat/tdof_t1.dtseries.nii","506234","MNINonLinear//Results/tfMRI_WM/tfMRI_WM_hp200_s4_level2.feat/GrayordinatesStats/cope26.feat/tdof_t1.dtseries.nii","Ff0R4fKUuta8ZGNiGv.r3Qda87qTIiHH"
"s3://hcp-openaccess/HCP_1200/506234/MNINonLinear/Results/tfMRI_WM/tfMRI_WM_hp200_s4_level2.feat/GrayordinatesStats/cope26.feat/tstat1.dtseries.nii","506234","MNINonLinear//Results/tfMRI_WM/tfMRI_WM_hp200_s4_level2.feat/GrayordinatesStats/cope26.feat/tstat1.dtseries.nii","isigqfVDJmW1j7Lu8twSOecYeG18x.Kp"
"s3://hcp-openaccess/HCP_1200/506234/MNINonLinear/Results/tfMRI_WM/tfMRI_WM_hp200_s4_level2.feat/GrayordinatesStats/cope26.feat/varcope1.dtseries.nii","506234","MNINonLinear//Results/tfMRI_WM/tfMRI_WM_hp200_s4_level2.feat/GrayordinatesStats/cope26.feat/varcope1.dtseries.nii","d3K61p_BXfLdtJiXlopsLIgicc9EJpXy"
"s3://hcp-openaccess/HCP_1200/506234/MNINonLinear/Results/tfMRI_WM/tfMRI_WM_hp200_s4_level2.feat/GrayordinatesStats/cope26.feat/weights1.dtseries.nii","506234","MNINonLinear//Results/tfMRI_WM/tfMRI_WM_hp200_s4_level2.feat/GrayordinatesStats/cope26.feat/weights1.dtseries.nii","OBf1bwYZBUEBHZ1MmTlJ.sAeP2AKOU2c"
"s3://hcp-openaccess/HCP_1200/506234/MNINonLinear/Results/tfMRI_WM/tfMRI_WM_hp200_s4_level2.feat/GrayordinatesStats/cope26.feat/zflame1lowertstat1.dtseries.nii","506234","MNINonLinear//Results/tfMRI_WM/tfMRI_WM_hp200_s4_level2.feat/GrayordinatesStats/cope26.feat/zflame1lowertstat1.dtseries.nii","sqUtIQzrO1fJZFPz53q2mGn.9IWErBZz"
"s3://hcp-openaccess/HCP_1200/506234/MNINonLinear/Results/tfMRI_WM/tfMRI_WM_hp200_s4_level2.feat/GrayordinatesStats/cope26.feat/zflame1uppertstat1.dtseries.nii","506234","MNINonLinear//Results/tfMRI_WM/tfMRI_WM_hp200_s4_level2.feat/GrayordinatesStats/cope26.feat/zflame1uppertstat1.dtseries.nii","9lLAi4bTBzl.1J1hgy6J5Y3q4.gzPeY6"
"s3://hcp-openaccess/HCP_1200/506234/MNINonLinear/Results/tfMRI_WM/tfMRI_WM_hp200_s4_level2.feat/GrayordinatesStats/cope26.feat/zstat1.dtseries.nii","506234","MNINonLinear//Results/tfMRI_WM/tfMRI_WM_hp200_s4_level2.feat/GrayordinatesStats/cope26.feat/zstat1.dtseries.nii","zBN_e5CLp7gc6zsc.X9E.z.WSho30ycD"
"s3://hcp-openaccess/HCP_1200/506234/MNINonLinear/Results/tfMRI_WM/tfMRI_WM_hp200_s4_level2.feat/GrayordinatesStats/cope27.feat/cope1.dtseries.nii","506234","MNINonLinear//Results/tfMRI_WM/tfMRI_WM_hp200_s4_level2.feat/GrayordinatesStats/cope27.feat/cope1.dtseries.nii","tKCijPEMEUyxBT1Im7dEoFT6V4v2yfWG"
"s3://hcp-openaccess/HCP_1200/506234/MNINonLinear/Results/tfMRI_WM/tfMRI_WM_hp200_s4_level2.feat/GrayordinatesStats/cope27.feat/logfile","506234","MNINonLinear//Results/tfMRI_WM/tfMRI_WM_hp200_s4_level2.feat/GrayordinatesStats/cope27.feat/logfile","kJ0PfM1SXjRm7LbkjSBnwhtFxukMmIRe"
"s3://hcp-openaccess/HCP_1200/506234/MNINonLinear/Results/tfMRI_WM/tfMRI_WM_hp200_s4_level2.feat/GrayordinatesStats/cope27.feat/mask.dtseries.nii","506234","MNINonLinear//Results/tfMRI_WM/tfMRI_WM_hp200_s4_level2.feat/GrayordinatesStats/cope27.feat/mask.dtseries.nii","6ks8bP8.QHQsxB7HQF20A_I1sN.V1ehK"
"s3://hcp-openaccess/HCP_1200/506234/MNINonLinear/Results/tfMRI_WM/tfMRI_WM_hp200_s4_level2.feat/GrayordinatesStats/cope27.feat/mean_random_effects_var1.dtseries.nii","506234","MNINonLinear//Results/tfMRI_WM/tfMRI_WM_hp200_s4_level2.feat/GrayordinatesStats/cope27.feat/mean_random_effects_var1.dtseries.nii","rJGfHWrlc9_CtyUl1Ps22M.2T00WnVQk"
"s3://hcp-openaccess/HCP_1200/506234/MNINonLinear/Results/tfMRI_WM/tfMRI_WM_hp200_s4_level2.feat/GrayordinatesStats/cope27.feat/pe1.dtseries.nii","506234","MNINonLinear//Results/tfMRI_WM/tfMRI_WM_hp200_s4_level2.feat/GrayordinatesStats/cope27.feat/pe1.dtseries.nii","n5P6F0VJZ28sZlPDPrKM6OlB4OWkD07A"
"s3://hcp-openaccess/HCP_1200/506234/MNINonLinear/Results/tfMRI_WM/tfMRI_WM_hp200_s4_level2.feat/GrayordinatesStats/cope27.feat/res4d.dtseries.nii","506234","MNINonLinear//Results/tfMRI_WM/tfMRI_WM_hp200_s4_level2.feat/GrayordinatesStats/cope27.feat/res4d.dtseries.nii","ppv6Cf8.xGkJKJo4P_t4BELczHk7RkMd"
"s3://hcp-openaccess/HCP_1200/506234/MNINonLinear/Results/tfMRI_WM/tfMRI_WM_hp200_s4_level2.feat/GrayordinatesStats/cope27.feat/tdof_t1.dtseries.nii","506234","MNINonLinear//Results/tfMRI_WM/tfMRI_WM_hp200_s4_level2.feat/GrayordinatesStats/cope27.feat/tdof_t1.dtseries.nii","fV_7cUJnin.q.DEt0i9pXN4w9Cl3l9kt"
"s3://hcp-openaccess/HCP_1200/506234/MNINonLinear/Results/tfMRI_WM/tfMRI_WM_hp200_s4_level2.feat/GrayordinatesStats/cope27.feat/tstat1.dtseries.nii","506234","MNINonLinear//Results/tfMRI_WM/tfMRI_WM_hp200_s4_level2.feat/GrayordinatesStats/cope27.feat/tstat1.dtseries.nii","NmlWlC8h5xjpBXtV6WJnXRdAINx5TBIf"
"s3://hcp-openaccess/HCP_1200/506234/MNINonLinear/Results/tfMRI_WM/tfMRI_WM_hp200_s4_level2.feat/GrayordinatesStats/cope27.feat/varcope1.dtseries.nii","506234","MNINonLinear//Results/tfMRI_WM/tfMRI_WM_hp200_s4_level2.feat/GrayordinatesStats/cope27.feat/varcope1.dtseries.nii","SAT0tTWRTDmSvDZ3QPfg_rMdkjDtjzC4"
"s3://hcp-openaccess/HCP_1200/506234/MNINonLinear/Results/tfMRI_WM/tfMRI_WM_hp200_s4_level2.feat/GrayordinatesStats/cope27.feat/weights1.dtseries.nii","506234","MNINonLinear//Results/tfMRI_WM/tfMRI_WM_hp200_s4_level2.feat/GrayordinatesStats/cope27.feat/weights1.dtseries.nii","Zp99ZtNeA5XRdZuVXYyf9VqNXmRdE2b4"
"s3://hcp-openaccess/HCP_1200/506234/MNINonLinear/Results/tfMRI_WM/tfMRI_WM_hp200_s4_level2.feat/GrayordinatesStats/cope27.feat/zflame1lowertstat1.dtseries.nii","506234","MNINonLinear//Results/tfMRI_WM/tfMRI_WM_hp200_s4_level2.feat/GrayordinatesStats/cope27.feat/zflame1lowertstat1.dtseries.nii","DOLT0_RdNJO4mvWwAMaMOmHDQJgrSnvb"
"s3://hcp-openaccess/HCP_1200/506234/MNINonLinear/Results/tfMRI_WM/tfMRI_WM_hp200_s4_level2.feat/GrayordinatesStats/cope27.feat/zflame1uppertstat1.dtseries.nii","506234","MNINonLinear//Results/tfMRI_WM/tfMRI_WM_hp200_s4_level2.feat/GrayordinatesStats/cope27.feat/zflame1uppertstat1.dtseries.nii","ctYmmwDSTXGLDl0CkMl4KJZn0ACdp2CK"
"s3://hcp-openaccess/HCP_1200/506234/MNINonLinear/Results/tfMRI_WM/tfMRI_WM_hp200_s4_level2.feat/GrayordinatesStats/cope27.feat/zstat1.dtseries.nii","506234","MNINonLinear//Results/tfMRI_WM/tfMRI_WM_hp200_s4_level2.feat/GrayordinatesStats/cope27.feat/zstat1.dtseries.nii","BKRPUqMzUNXWUFX5Zyzh7jdwzxemuQpY"
"s3://hcp-openaccess/HCP_1200/506234/MNINonLinear/Results/tfMRI_WM/tfMRI_WM_hp200_s4_level2.feat/GrayordinatesStats/cope28.feat/cope1.dtseries.nii","506234","MNINonLinear//Results/tfMRI_WM/tfMRI_WM_hp200_s4_level2.feat/GrayordinatesStats/cope28.feat/cope1.dtseries.nii","fECP7SPfsQsre83oB3vMC9dtRO4NHCEb"
"s3://hcp-openaccess/HCP_1200/506234/MNINonLinear/Results/tfMRI_WM/tfMRI_WM_hp200_s4_level2.feat/GrayordinatesStats/cope28.feat/logfile","506234","MNINonLinear//Results/tfMRI_WM/tfMRI_WM_hp200_s4_level2.feat/GrayordinatesStats/cope28.feat/logfile","0_3urcDeRwOcHknxhWYe2iA3aejcu1.r"
"s3://hcp-openaccess/HCP_1200/506234/MNINonLinear/Results/tfMRI_WM/tfMRI_WM_hp200_s4_level2.feat/GrayordinatesStats/cope28.feat/mask.dtseries.nii","506234","MNINonLinear//Results/tfMRI_WM/tfMRI_WM_hp200_s4_level2.feat/GrayordinatesStats/cope28.feat/mask.dtseries.nii","Iy2Sw2PDSkGc3Ivmtp3SoAm5zJlfCjEo"
"s3://hcp-openaccess/HCP_1200/506234/MNINonLinear/Results/tfMRI_WM/tfMRI_WM_hp200_s4_level2.feat/GrayordinatesStats/cope28.feat/mean_random_effects_var1.dtseries.nii","506234","MNINonLinear//Results/tfMRI_WM/tfMRI_WM_hp200_s4_level2.feat/GrayordinatesStats/cope28.feat/mean_random_effects_var1.dtseries.nii","V6vIM1z9TfXYZzmoz37tCH8vxBcDWciQ"
"s3://hcp-openaccess/HCP_1200/506234/MNINonLinear/Results/tfMRI_WM/tfMRI_WM_hp200_s4_level2.feat/GrayordinatesStats/cope28.feat/pe1.dtseries.nii","506234","MNINonLinear//Results/tfMRI_WM/tfMRI_WM_hp200_s4_level2.feat/GrayordinatesStats/cope28.feat/pe1.dtseries.nii","pnlJBA7iwLMnmU56nBVdsHWkFBmU5pG2"
"s3://hcp-openaccess/HCP_1200/506234/MNINonLinear/Results/tfMRI_WM/tfMRI_WM_hp200_s4_level2.feat/GrayordinatesStats/cope28.feat/res4d.dtseries.nii","506234","MNINonLinear//Results/tfMRI_WM/tfMRI_WM_hp200_s4_level2.feat/GrayordinatesStats/cope28.feat/res4d.dtseries.nii","U_1si1KKkHyYJUlwdjMF3OIzTLA1pLCP"
"s3://hcp-openaccess/HCP_1200/506234/MNINonLinear/Results/tfMRI_WM/tfMRI_WM_hp200_s4_level2.feat/GrayordinatesStats/cope28.feat/tdof_t1.dtseries.nii","506234","MNINonLinear//Results/tfMRI_WM/tfMRI_WM_hp200_s4_level2.feat/GrayordinatesStats/cope28.feat/tdof_t1.dtseries.nii","FxyTR2LQyzBclDkSx0UKpA3brajawT9F"
"s3://hcp-openaccess/HCP_1200/506234/MNINonLinear/Results/tfMRI_WM/tfMRI_WM_hp200_s4_level2.feat/GrayordinatesStats/cope28.feat/tstat1.dtseries.nii","506234","MNINonLinear//Results/tfMRI_WM/tfMRI_WM_hp200_s4_level2.feat/GrayordinatesStats/cope28.feat/tstat1.dtseries.nii","8zCxbNSZEaQCWPkn5PnCt6F9Ok8AguA9"
"s3://hcp-openaccess/HCP_1200/506234/MNINonLinear/Results/tfMRI_WM/tfMRI_WM_hp200_s4_level2.feat/GrayordinatesStats/cope28.feat/varcope1.dtseries.nii","506234","MNINonLinear//Results/tfMRI_WM/tfMRI_WM_hp200_s4_level2.feat/GrayordinatesStats/cope28.feat/varcope1.dtseries.nii","0k0OzQYeOHtslg7.xLZkTSqJ4V0wCMWj"
"s3://hcp-openaccess/HCP_1200/506234/MNINonLinear/Results/tfMRI_WM/tfMRI_WM_hp200_s4_level2.feat/GrayordinatesStats/cope28.feat/weights1.dtseries.nii","506234","MNINonLinear//Results/tfMRI_WM/tfMRI_WM_hp200_s4_level2.feat/GrayordinatesStats/cope28.feat/weights1.dtseries.nii",".uTN4lfX8eMcHaYFWoOSFFx1l4cAW2aH"
"s3://hcp-openaccess/HCP_1200/506234/MNINonLinear/Results/tfMRI_WM/tfMRI_WM_hp200_s4_level2.feat/GrayordinatesStats/cope28.feat/zflame1lowertstat1.dtseries.nii","506234","MNINonLinear//Results/tfMRI_WM/tfMRI_WM_hp200_s4_level2.feat/GrayordinatesStats/cope28.feat/zflame1lowertstat1.dtseries.nii","2pDqdOSt.IrTb981Q7HS2ASeRYFyIAs7"
"s3://hcp-openaccess/HCP_1200/506234/MNINonLinear/Results/tfMRI_WM/tfMRI_WM_hp200_s4_level2.feat/GrayordinatesStats/cope28.feat/zflame1uppertstat1.dtseries.nii","506234","MNINonLinear//Results/tfMRI_WM/tfMRI_WM_hp200_s4_level2.feat/GrayordinatesStats/cope28.feat/zflame1uppertstat1.dtseries.nii","1QwDuJT0iaVCtKhJNxBqrjj9Pmh3Rw6o"
"s3://hcp-openaccess/HCP_1200/506234/MNINonLinear/Results/tfMRI_WM/tfMRI_WM_hp200_s4_level2.feat/GrayordinatesStats/cope28.feat/zstat1.dtseries.nii","506234","MNINonLinear//Results/tfMRI_WM/tfMRI_WM_hp200_s4_level2.feat/GrayordinatesStats/cope28.feat/zstat1.dtseries.nii","ApCHCxEb58B_E3m2b3HBCsmHTgn4t6hH"
"s3://hcp-openaccess/HCP_1200/506234/MNINonLinear/Results/tfMRI_WM/tfMRI_WM_hp200_s4_level2.feat/GrayordinatesStats/cope29.feat/cope1.dtseries.nii","506234","MNINonLinear//Results/tfMRI_WM/tfMRI_WM_hp200_s4_level2.feat/GrayordinatesStats/cope29.feat/cope1.dtseries.nii","GWl7PzbyUrOOzZ9PTeIXOn9umKdHl9kO"
"s3://hcp-openaccess/HCP_1200/506234/MNINonLinear/Results/tfMRI_WM/tfMRI_WM_hp200_s4_level2.feat/GrayordinatesStats/cope29.feat/logfile","506234","MNINonLinear//Results/tfMRI_WM/tfMRI_WM_hp200_s4_level2.feat/GrayordinatesStats/cope29.feat/logfile","IMsiR55pLXIbcuM.51E4KbrUjBiOm9Te"
"s3://hcp-openaccess/HCP_1200/506234/MNINonLinear/Results/tfMRI_WM/tfMRI_WM_hp200_s4_level2.feat/GrayordinatesStats/cope29.feat/mask.dtseries.nii","506234","MNINonLinear//Results/tfMRI_WM/tfMRI_WM_hp200_s4_level2.feat/GrayordinatesStats/cope29.feat/mask.dtseries.nii","ABJX5xsigivcJMTRfTRZt5OSYe8m.bBX"
"s3://hcp-openaccess/HCP_1200/506234/MNINonLinear/Results/tfMRI_WM/tfMRI_WM_hp200_s4_level2.feat/GrayordinatesStats/cope29.feat/mean_random_effects_var1.dtseries.nii","506234","MNINonLinear//Results/tfMRI_WM/tfMRI_WM_hp200_s4_level2.feat/GrayordinatesStats/cope29.feat/mean_random_effects_var1.dtseries.nii","XNhSr4E1sLV.VAGxHHfUmFqjkuc2a04U"
"s3://hcp-openaccess/HCP_1200/506234/MNINonLinear/Results/tfMRI_WM/tfMRI_WM_hp200_s4_level2.feat/GrayordinatesStats/cope29.feat/pe1.dtseries.nii","506234","MNINonLinear//Results/tfMRI_WM/tfMRI_WM_hp200_s4_level2.feat/GrayordinatesStats/cope29.feat/pe1.dtseries.nii","SVduZGkGMXqSBQTujSgS8n6b59uXgxCZ"
"s3://hcp-openaccess/HCP_1200/506234/MNINonLinear/Results/tfMRI_WM/tfMRI_WM_hp200_s4_level2.feat/GrayordinatesStats/cope29.feat/res4d.dtseries.nii","506234","MNINonLinear//Results/tfMRI_WM/tfMRI_WM_hp200_s4_level2.feat/GrayordinatesStats/cope29.feat/res4d.dtseries.nii","RSa2.a9mDPLOqidZ_iiCDzwZq3WRxZQV"
"s3://hcp-openaccess/HCP_1200/506234/MNINonLinear/Results/tfMRI_WM/tfMRI_WM_hp200_s4_level2.feat/GrayordinatesStats/cope29.feat/tdof_t1.dtseries.nii","506234","MNINonLinear//Results/tfMRI_WM/tfMRI_WM_hp200_s4_level2.feat/GrayordinatesStats/cope29.feat/tdof_t1.dtseries.nii","nO34KBrabYKom0VxGZsuImXf1eJsdNqr"
"s3://hcp-openaccess/HCP_1200/506234/MNINonLinear/Results/tfMRI_WM/tfMRI_WM_hp200_s4_level2.feat/GrayordinatesStats/cope29.feat/tstat1.dtseries.nii","506234","MNINonLinear//Results/tfMRI_WM/tfMRI_WM_hp200_s4_level2.feat/GrayordinatesStats/cope29.feat/tstat1.dtseries.nii","wclgnkeJTi_Dj3Q6UIw3hInGOnDReQ7N"
"s3://hcp-openaccess/HCP_1200/506234/MNINonLinear/Results/tfMRI_WM/tfMRI_WM_hp200_s4_level2.feat/GrayordinatesStats/cope29.feat/varcope1.dtseries.nii","506234","MNINonLinear//Results/tfMRI_WM/tfMRI_WM_hp200_s4_level2.feat/GrayordinatesStats/cope29.feat/varcope1.dtseries.nii","XE_.HVdvqaYd8Sx7vxE1n5URcxCdEdm7"
"s3://hcp-openaccess/HCP_1200/506234/MNINonLinear/Results/tfMRI_WM/tfMRI_WM_hp200_s4_level2.feat/GrayordinatesStats/cope29.feat/weights1.dtseries.nii","506234","MNINonLinear//Results/tfMRI_WM/tfMRI_WM_hp200_s4_level2.feat/GrayordinatesStats/cope29.feat/weights1.dtseries.nii","0Xl5BHb2nfktdbtE3esFNlJ__NpNEciP"
"s3://hcp-openaccess/HCP_1200/506234/MNINonLinear/Results/tfMRI_WM/tfMRI_WM_hp200_s4_level2.feat/GrayordinatesStats/cope29.feat/zflame1lowertstat1.dtseries.nii","506234","MNINonLinear//Results/tfMRI_WM/tfMRI_WM_hp200_s4_level2.feat/GrayordinatesStats/cope29.feat/zflame1lowertstat1.dtseries.nii","Bmi6SOk85d84ohe87vwRpRxQ_WHptjkD"
"s3://hcp-openaccess/HCP_1200/506234/MNINonLinear/Results/tfMRI_WM/tfMRI_WM_hp200_s4_level2.feat/GrayordinatesStats/cope29.feat/zflame1uppertstat1.dtseries.nii","506234","MNINonLinear//Results/tfMRI_WM/tfMRI_WM_hp200_s4_level2.feat/GrayordinatesStats/cope29.feat/zflame1uppertstat1.dtseries.nii","JDfmYgB2coZd0jlPJKAqbW2haTPnkAmz"
"s3://hcp-openaccess/HCP_1200/506234/MNINonLinear/Results/tfMRI_WM/tfMRI_WM_hp200_s4_level2.feat/GrayordinatesStats/cope29.feat/zstat1.dtseries.nii","506234","MNINonLinear//Results/tfMRI_WM/tfMRI_WM_hp200_s4_level2.feat/GrayordinatesStats/cope29.feat/zstat1.dtseries.nii","95p1LwJHzxOvI2cRg1rHWSSEKVreGij1"
"s3://hcp-openaccess/HCP_1200/506234/MNINonLinear/Results/tfMRI_WM/tfMRI_WM_hp200_s4_level2.feat/GrayordinatesStats/cope3.feat/cope1.dtseries.nii","506234","MNINonLinear//Results/tfMRI_WM/tfMRI_WM_hp200_s4_level2.feat/GrayordinatesStats/cope3.feat/cope1.dtseries.nii","R4frOpIZ_y5EQZbEK2yX6TA8_caDbMXG"
"s3://hcp-openaccess/HCP_1200/506234/MNINonLinear/Results/tfMRI_WM/tfMRI_WM_hp200_s4_level2.feat/GrayordinatesStats/cope3.feat/logfile","506234","MNINonLinear//Results/tfMRI_WM/tfMRI_WM_hp200_s4_level2.feat/GrayordinatesStats/cope3.feat/logfile","NSdFBWjBHSagr58CfNUsOXLUHjwf_C2B"
"s3://hcp-openaccess/HCP_1200/506234/MNINonLinear/Results/tfMRI_WM/tfMRI_WM_hp200_s4_level2.feat/GrayordinatesStats/cope3.feat/mask.dtseries.nii","506234","MNINonLinear//Results/tfMRI_WM/tfMRI_WM_hp200_s4_level2.feat/GrayordinatesStats/cope3.feat/mask.dtseries.nii","s5xXRM5q8Lo_m5o64tUcVFTKjN87QCSG"
"s3://hcp-openaccess/HCP_1200/506234/MNINonLinear/Results/tfMRI_WM/tfMRI_WM_hp200_s4_level2.feat/GrayordinatesStats/cope3.feat/mean_random_effects_var1.dtseries.nii","506234","MNINonLinear//Results/tfMRI_WM/tfMRI_WM_hp200_s4_level2.feat/GrayordinatesStats/cope3.feat/mean_random_effects_var1.dtseries.nii","0CSzoR2fcspnBXobOZ0Zxnb49MoQO6FT"
"s3://hcp-openaccess/HCP_1200/506234/MNINonLinear/Results/tfMRI_WM/tfMRI_WM_hp200_s4_level2.feat/GrayordinatesStats/cope3.feat/pe1.dtseries.nii","506234","MNINonLinear//Results/tfMRI_WM/tfMRI_WM_hp200_s4_level2.feat/GrayordinatesStats/cope3.feat/pe1.dtseries.nii","cF9nangsPC_q5lNEOq4b6drQB5w1UuNN"
"s3://hcp-openaccess/HCP_1200/506234/MNINonLinear/Results/tfMRI_WM/tfMRI_WM_hp200_s4_level2.feat/GrayordinatesStats/cope3.feat/res4d.dtseries.nii","506234","MNINonLinear//Results/tfMRI_WM/tfMRI_WM_hp200_s4_level2.feat/GrayordinatesStats/cope3.feat/res4d.dtseries.nii","Gq3YXyfIXbRWHeNCK92uKed.k.sa_R4j"
"s3://hcp-openaccess/HCP_1200/506234/MNINonLinear/Results/tfMRI_WM/tfMRI_WM_hp200_s4_level2.feat/GrayordinatesStats/cope3.feat/tdof_t1.dtseries.nii","506234","MNINonLinear//Results/tfMRI_WM/tfMRI_WM_hp200_s4_level2.feat/GrayordinatesStats/cope3.feat/tdof_t1.dtseries.nii","IVvuLcmclgbAXDllixeRCKmvKq3jjnRf"
"s3://hcp-openaccess/HCP_1200/506234/MNINonLinear/Results/tfMRI_WM/tfMRI_WM_hp200_s4_level2.feat/GrayordinatesStats/cope3.feat/tstat1.dtseries.nii","506234","MNINonLinear//Results/tfMRI_WM/tfMRI_WM_hp200_s4_level2.feat/GrayordinatesStats/cope3.feat/tstat1.dtseries.nii","2AmIhrSEfSyOgTHxVs1KEXyI8uTm4Dra"
"s3://hcp-openaccess/HCP_1200/506234/MNINonLinear/Results/tfMRI_WM/tfMRI_WM_hp200_s4_level2.feat/GrayordinatesStats/cope3.feat/varcope1.dtseries.nii","506234","MNINonLinear//Results/tfMRI_WM/tfMRI_WM_hp200_s4_level2.feat/GrayordinatesStats/cope3.feat/varcope1.dtseries.nii","6NTK0XdGd3cTmPW4.T2F2XY_pNQyyaq5"
"s3://hcp-openaccess/HCP_1200/506234/MNINonLinear/Results/tfMRI_WM/tfMRI_WM_hp200_s4_level2.feat/GrayordinatesStats/cope3.feat/weights1.dtseries.nii","506234","MNINonLinear//Results/tfMRI_WM/tfMRI_WM_hp200_s4_level2.feat/GrayordinatesStats/cope3.feat/weights1.dtseries.nii","2G3OKaSRXr5mDlWwJ52byRzcn3RhdwOB"
"s3://hcp-openaccess/HCP_1200/506234/MNINonLinear/Results/tfMRI_WM/tfMRI_WM_hp200_s4_level2.feat/GrayordinatesStats/cope3.feat/zflame1lowertstat1.dtseries.nii","506234","MNINonLinear//Results/tfMRI_WM/tfMRI_WM_hp200_s4_level2.feat/GrayordinatesStats/cope3.feat/zflame1lowertstat1.dtseries.nii","DVWYKdhIuD9vzU0zHEbhKb2Lrh.IaQJL"
"s3://hcp-openaccess/HCP_1200/506234/MNINonLinear/Results/tfMRI_WM/tfMRI_WM_hp200_s4_level2.feat/GrayordinatesStats/cope3.feat/zflame1uppertstat1.dtseries.nii","506234","MNINonLinear//Results/tfMRI_WM/tfMRI_WM_hp200_s4_level2.feat/GrayordinatesStats/cope3.feat/zflame1uppertstat1.dtseries.nii","Xtm3lGo3VfeQ3Cg_nYGdhbk42ycxGGfS"
"s3://hcp-openaccess/HCP_1200/506234/MNINonLinear/Results/tfMRI_WM/tfMRI_WM_hp200_s4_level2.feat/GrayordinatesStats/cope3.feat/zstat1.dtseries.nii","506234","MNINonLinear//Results/tfMRI_WM/tfMRI_WM_hp200_s4_level2.feat/GrayordinatesStats/cope3.feat/zstat1.dtseries.nii","qkZxnMWKx.dgskYRvPMQdunZr1CAyUAa"
"s3://hcp-openaccess/HCP_1200/506234/MNINonLinear/Results/tfMRI_WM/tfMRI_WM_hp200_s4_level2.feat/GrayordinatesStats/cope30.feat/cope1.dtseries.nii","506234","MNINonLinear//Results/tfMRI_WM/tfMRI_WM_hp200_s4_level2.feat/GrayordinatesStats/cope30.feat/cope1.dtseries.nii","_rnD2bvrnGYQ2ukqxUWKtpyVW7.ec9e3"
"s3://hcp-openaccess/HCP_1200/506234/MNINonLinear/Results/tfMRI_WM/tfMRI_WM_hp200_s4_level2.feat/GrayordinatesStats/cope30.feat/logfile","506234","MNINonLinear//Results/tfMRI_WM/tfMRI_WM_hp200_s4_level2.feat/GrayordinatesStats/cope30.feat/logfile","1hIp8qZvvhf4WgELAXkfVq5StRAwrhnz"
"s3://hcp-openaccess/HCP_1200/506234/MNINonLinear/Results/tfMRI_WM/tfMRI_WM_hp200_s4_level2.feat/GrayordinatesStats/cope30.feat/mask.dtseries.nii","506234","MNINonLinear//Results/tfMRI_WM/tfMRI_WM_hp200_s4_level2.feat/GrayordinatesStats/cope30.feat/mask.dtseries.nii","_Zk3UFqlDPGVbTb0xqacBhmqb0K.5wsL"
"s3://hcp-openaccess/HCP_1200/506234/MNINonLinear/Results/tfMRI_WM/tfMRI_WM_hp200_s4_level2.feat/GrayordinatesStats/cope30.feat/mean_random_effects_var1.dtseries.nii","506234","MNINonLinear//Results/tfMRI_WM/tfMRI_WM_hp200_s4_level2.feat/GrayordinatesStats/cope30.feat/mean_random_effects_var1.dtseries.nii","sVOxO7OFYLNA9ydZpZzbpTNrC0SUVI4D"
"s3://hcp-openaccess/HCP_1200/506234/MNINonLinear/Results/tfMRI_WM/tfMRI_WM_hp200_s4_level2.feat/GrayordinatesStats/cope30.feat/pe1.dtseries.nii","506234","MNINonLinear//Results/tfMRI_WM/tfMRI_WM_hp200_s4_level2.feat/GrayordinatesStats/cope30.feat/pe1.dtseries.nii","FFhY43izNHbCU1vQTVmOz0tdg3wFbOmT"
"s3://hcp-openaccess/HCP_1200/506234/MNINonLinear/Results/tfMRI_WM/tfMRI_WM_hp200_s4_level2.feat/GrayordinatesStats/cope30.feat/res4d.dtseries.nii","506234","MNINonLinear//Results/tfMRI_WM/tfMRI_WM_hp200_s4_level2.feat/GrayordinatesStats/cope30.feat/res4d.dtseries.nii","rccdFV2qfOEesMOJWIe9t8VXNbe0auBW"
"s3://hcp-openaccess/HCP_1200/506234/MNINonLinear/Results/tfMRI_WM/tfMRI_WM_hp200_s4_level2.feat/GrayordinatesStats/cope30.feat/tdof_t1.dtseries.nii","506234","MNINonLinear//Results/tfMRI_WM/tfMRI_WM_hp200_s4_level2.feat/GrayordinatesStats/cope30.feat/tdof_t1.dtseries.nii","5zT2PkwhAhWoH.ODzzUaXoDsN1ldfFOC"
"s3://hcp-openaccess/HCP_1200/506234/MNINonLinear/Results/tfMRI_WM/tfMRI_WM_hp200_s4_level2.feat/GrayordinatesStats/cope30.feat/tstat1.dtseries.nii","506234","MNINonLinear//Results/tfMRI_WM/tfMRI_WM_hp200_s4_level2.feat/GrayordinatesStats/cope30.feat/tstat1.dtseries.nii","ZqBXuc8lhG0qVMbDdr9sxsn2Shkm6gha"
"s3://hcp-openaccess/HCP_1200/506234/MNINonLinear/Results/tfMRI_WM/tfMRI_WM_hp200_s4_level2.feat/GrayordinatesStats/cope30.feat/varcope1.dtseries.nii","506234","MNINonLinear//Results/tfMRI_WM/tfMRI_WM_hp200_s4_level2.feat/GrayordinatesStats/cope30.feat/varcope1.dtseries.nii","NzZJkE0mBrf0zPUXgSkTpcs9cpR8hLk5"
"s3://hcp-openaccess/HCP_1200/506234/MNINonLinear/Results/tfMRI_WM/tfMRI_WM_hp200_s4_level2.feat/GrayordinatesStats/cope30.feat/weights1.dtseries.nii","506234","MNINonLinear//Results/tfMRI_WM/tfMRI_WM_hp200_s4_level2.feat/GrayordinatesStats/cope30.feat/weights1.dtseries.nii","MqafvRvd8fjmHRnqFp8VRF9J.1BpxvJl"
"s3://hcp-openaccess/HCP_1200/506234/MNINonLinear/Results/tfMRI_WM/tfMRI_WM_hp200_s4_level2.feat/GrayordinatesStats/cope30.feat/zflame1lowertstat1.dtseries.nii","506234","MNINonLinear//Results/tfMRI_WM/tfMRI_WM_hp200_s4_level2.feat/GrayordinatesStats/cope30.feat/zflame1lowertstat1.dtseries.nii","Z8tNXSBjqAKBvMKU1GdHyWznZonGtxrK"
"s3://hcp-openaccess/HCP_1200/506234/MNINonLinear/Results/tfMRI_WM/tfMRI_WM_hp200_s4_level2.feat/GrayordinatesStats/cope30.feat/zflame1uppertstat1.dtseries.nii","506234","MNINonLinear//Results/tfMRI_WM/tfMRI_WM_hp200_s4_level2.feat/GrayordinatesStats/cope30.feat/zflame1uppertstat1.dtseries.nii","8YDVGj2q9CvFcfrHOkIwqZDOVW7ugC9K"
"s3://hcp-openaccess/HCP_1200/506234/MNINonLinear/Results/tfMRI_WM/tfMRI_WM_hp200_s4_level2.feat/GrayordinatesStats/cope30.feat/zstat1.dtseries.nii","506234","MNINonLinear//Results/tfMRI_WM/tfMRI_WM_hp200_s4_level2.feat/GrayordinatesStats/cope30.feat/zstat1.dtseries.nii","X7y3VR5xzSTcklh21Ckd6kftz1YTmexo"
"s3://hcp-openaccess/HCP_1200/506234/MNINonLinear/Results/tfMRI_WM/tfMRI_WM_hp200_s4_level2.feat/GrayordinatesStats/cope4.feat/cope1.dtseries.nii","506234","MNINonLinear//Results/tfMRI_WM/tfMRI_WM_hp200_s4_level2.feat/GrayordinatesStats/cope4.feat/cope1.dtseries.nii","pYLlb5UgBztdeuLYgItRH.3Ikr3c8aJH"
"s3://hcp-openaccess/HCP_1200/506234/MNINonLinear/Results/tfMRI_WM/tfMRI_WM_hp200_s4_level2.feat/GrayordinatesStats/cope4.feat/logfile","506234","MNINonLinear//Results/tfMRI_WM/tfMRI_WM_hp200_s4_level2.feat/GrayordinatesStats/cope4.feat/logfile","sGikM2q5JAp8hUMBXjUh0.gIRJaVpJES"
"s3://hcp-openaccess/HCP_1200/506234/MNINonLinear/Results/tfMRI_WM/tfMRI_WM_hp200_s4_level2.feat/GrayordinatesStats/cope4.feat/mask.dtseries.nii","506234","MNINonLinear//Results/tfMRI_WM/tfMRI_WM_hp200_s4_level2.feat/GrayordinatesStats/cope4.feat/mask.dtseries.nii","HM_yzk2hTe44PRF50DEteiG.5uWKoP7A"
"s3://hcp-openaccess/HCP_1200/506234/MNINonLinear/Results/tfMRI_WM/tfMRI_WM_hp200_s4_level2.feat/GrayordinatesStats/cope4.feat/mean_random_effects_var1.dtseries.nii","506234","MNINonLinear//Results/tfMRI_WM/tfMRI_WM_hp200_s4_level2.feat/GrayordinatesStats/cope4.feat/mean_random_effects_var1.dtseries.nii","6XqUOLPC8TyIR5rcqxg4Gp4y6Y3vTtW2"
"s3://hcp-openaccess/HCP_1200/506234/MNINonLinear/Results/tfMRI_WM/tfMRI_WM_hp200_s4_level2.feat/GrayordinatesStats/cope4.feat/pe1.dtseries.nii","506234","MNINonLinear//Results/tfMRI_WM/tfMRI_WM_hp200_s4_level2.feat/GrayordinatesStats/cope4.feat/pe1.dtseries.nii","CrpIzgp02s4SSJRFAv4OcsnbbI8NH3wT"
"s3://hcp-openaccess/HCP_1200/506234/MNINonLinear/Results/tfMRI_WM/tfMRI_WM_hp200_s4_level2.feat/GrayordinatesStats/cope4.feat/res4d.dtseries.nii","506234","MNINonLinear//Results/tfMRI_WM/tfMRI_WM_hp200_s4_level2.feat/GrayordinatesStats/cope4.feat/res4d.dtseries.nii","jJrlw4YdIlY_GO5hHHGmwb9aLmFFULCq"
"s3://hcp-openaccess/HCP_1200/506234/MNINonLinear/Results/tfMRI_WM/tfMRI_WM_hp200_s4_level2.feat/GrayordinatesStats/cope4.feat/tdof_t1.dtseries.nii","506234","MNINonLinear//Results/tfMRI_WM/tfMRI_WM_hp200_s4_level2.feat/GrayordinatesStats/cope4.feat/tdof_t1.dtseries.nii","O5JgXbCZQPRMKSnL2vFdAK_gRbE3RApV"
"s3://hcp-openaccess/HCP_1200/506234/MNINonLinear/Results/tfMRI_WM/tfMRI_WM_hp200_s4_level2.feat/GrayordinatesStats/cope4.feat/tstat1.dtseries.nii","506234","MNINonLinear//Results/tfMRI_WM/tfMRI_WM_hp200_s4_level2.feat/GrayordinatesStats/cope4.feat/tstat1.dtseries.nii","rYq9rbdLzg..N2FwhZ2UfHn.NDyyIF4P"
"s3://hcp-openaccess/HCP_1200/506234/MNINonLinear/Results/tfMRI_WM/tfMRI_WM_hp200_s4_level2.feat/GrayordinatesStats/cope4.feat/varcope1.dtseries.nii","506234","MNINonLinear//Results/tfMRI_WM/tfMRI_WM_hp200_s4_level2.feat/GrayordinatesStats/cope4.feat/varcope1.dtseries.nii","cBOW24g_8CmxFDeAIy6XFT352C7tSjlk"
"s3://hcp-openaccess/HCP_1200/506234/MNINonLinear/Results/tfMRI_WM/tfMRI_WM_hp200_s4_level2.feat/GrayordinatesStats/cope4.feat/weights1.dtseries.nii","506234","MNINonLinear//Results/tfMRI_WM/tfMRI_WM_hp200_s4_level2.feat/GrayordinatesStats/cope4.feat/weights1.dtseries.nii","ZvoO33IvHLNoJ48g1CuvsRRKgu6UuJcB"
"s3://hcp-openaccess/HCP_1200/506234/MNINonLinear/Results/tfMRI_WM/tfMRI_WM_hp200_s4_level2.feat/GrayordinatesStats/cope4.feat/zflame1lowertstat1.dtseries.nii","506234","MNINonLinear//Results/tfMRI_WM/tfMRI_WM_hp200_s4_level2.feat/GrayordinatesStats/cope4.feat/zflame1lowertstat1.dtseries.nii","uqAJ4_oZq6LXylM6m4tSdf.DSdSxsKjF"
"s3://hcp-openaccess/HCP_1200/506234/MNINonLinear/Results/tfMRI_WM/tfMRI_WM_hp200_s4_level2.feat/GrayordinatesStats/cope4.feat/zflame1uppertstat1.dtseries.nii","506234","MNINonLinear//Results/tfMRI_WM/tfMRI_WM_hp200_s4_level2.feat/GrayordinatesStats/cope4.feat/zflame1uppertstat1.dtseries.nii","SGAl_IDS72iF0cRVMxnhjncx6bjqxxo9"
"s3://hcp-openaccess/HCP_1200/506234/MNINonLinear/Results/tfMRI_WM/tfMRI_WM_hp200_s4_level2.feat/GrayordinatesStats/cope4.feat/zstat1.dtseries.nii","506234","MNINonLinear//Results/tfMRI_WM/tfMRI_WM_hp200_s4_level2.feat/GrayordinatesStats/cope4.feat/zstat1.dtseries.nii","e83KQ8jw2ChB2X7PP5c.WBYC.CC8GGnx"
"s3://hcp-openaccess/HCP_1200/506234/MNINonLinear/Results/tfMRI_WM/tfMRI_WM_hp200_s4_level2.feat/GrayordinatesStats/cope5.feat/cope1.dtseries.nii","506234","MNINonLinear//Results/tfMRI_WM/tfMRI_WM_hp200_s4_level2.feat/GrayordinatesStats/cope5.feat/cope1.dtseries.nii","TlqWL3Hc9TXbvDOhM6jFtsj3ueZRhCPY"
"s3://hcp-openaccess/HCP_1200/506234/MNINonLinear/Results/tfMRI_WM/tfMRI_WM_hp200_s4_level2.feat/GrayordinatesStats/cope5.feat/logfile","506234","MNINonLinear//Results/tfMRI_WM/tfMRI_WM_hp200_s4_level2.feat/GrayordinatesStats/cope5.feat/logfile","QfHGhx7pLXhj.8CYPlnM79K4xd9tYkbM"
"s3://hcp-openaccess/HCP_1200/506234/MNINonLinear/Results/tfMRI_WM/tfMRI_WM_hp200_s4_level2.feat/GrayordinatesStats/cope5.feat/mask.dtseries.nii","506234","MNINonLinear//Results/tfMRI_WM/tfMRI_WM_hp200_s4_level2.feat/GrayordinatesStats/cope5.feat/mask.dtseries.nii","JPNyPL5K6BrEmmfANJ2mnqUHzPHoxh_F"
"s3://hcp-openaccess/HCP_1200/506234/MNINonLinear/Results/tfMRI_WM/tfMRI_WM_hp200_s4_level2.feat/GrayordinatesStats/cope5.feat/mean_random_effects_var1.dtseries.nii","506234","MNINonLinear//Results/tfMRI_WM/tfMRI_WM_hp200_s4_level2.feat/GrayordinatesStats/cope5.feat/mean_random_effects_var1.dtseries.nii","mkO9YOtiPZ13hw04HW1b07XnSCsjl8s3"
"s3://hcp-openaccess/HCP_1200/506234/MNINonLinear/Results/tfMRI_WM/tfMRI_WM_hp200_s4_level2.feat/GrayordinatesStats/cope5.feat/pe1.dtseries.nii","506234","MNINonLinear//Results/tfMRI_WM/tfMRI_WM_hp200_s4_level2.feat/GrayordinatesStats/cope5.feat/pe1.dtseries.nii","RT87nPa_W9ZOLg0GC5.Ol8skd.Xm1d7J"
"s3://hcp-openaccess/HCP_1200/506234/MNINonLinear/Results/tfMRI_WM/tfMRI_WM_hp200_s4_level2.feat/GrayordinatesStats/cope5.feat/res4d.dtseries.nii","506234","MNINonLinear//Results/tfMRI_WM/tfMRI_WM_hp200_s4_level2.feat/GrayordinatesStats/cope5.feat/res4d.dtseries.nii","w0IehecT0tJ1TYk5gtuTZpWjmQxfZ7Nx"
"s3://hcp-openaccess/HCP_1200/506234/MNINonLinear/Results/tfMRI_WM/tfMRI_WM_hp200_s4_level2.feat/GrayordinatesStats/cope5.feat/tdof_t1.dtseries.nii","506234","MNINonLinear//Results/tfMRI_WM/tfMRI_WM_hp200_s4_level2.feat/GrayordinatesStats/cope5.feat/tdof_t1.dtseries.nii","vWWyvEN9pVk1yvWY_ALo84AGV7fHgNFR"
"s3://hcp-openaccess/HCP_1200/506234/MNINonLinear/Results/tfMRI_WM/tfMRI_WM_hp200_s4_level2.feat/GrayordinatesStats/cope5.feat/tstat1.dtseries.nii","506234","MNINonLinear//Results/tfMRI_WM/tfMRI_WM_hp200_s4_level2.feat/GrayordinatesStats/cope5.feat/tstat1.dtseries.nii","YPAc9QwcN_gc7C8nvgPBEAJRInVITYg5"
"s3://hcp-openaccess/HCP_1200/506234/MNINonLinear/Results/tfMRI_WM/tfMRI_WM_hp200_s4_level2.feat/GrayordinatesStats/cope5.feat/varcope1.dtseries.nii","506234","MNINonLinear//Results/tfMRI_WM/tfMRI_WM_hp200_s4_level2.feat/GrayordinatesStats/cope5.feat/varcope1.dtseries.nii","WrQ2nZHMuHacF2XyAVFQ41FME_FB2QkK"
"s3://hcp-openaccess/HCP_1200/506234/MNINonLinear/Results/tfMRI_WM/tfMRI_WM_hp200_s4_level2.feat/GrayordinatesStats/cope5.feat/weights1.dtseries.nii","506234","MNINonLinear//Results/tfMRI_WM/tfMRI_WM_hp200_s4_level2.feat/GrayordinatesStats/cope5.feat/weights1.dtseries.nii","wnY7NvSw1XRFAPfljIhzfinLtZzBZpjD"
"s3://hcp-openaccess/HCP_1200/506234/MNINonLinear/Results/tfMRI_WM/tfMRI_WM_hp200_s4_level2.feat/GrayordinatesStats/cope5.feat/zflame1lowertstat1.dtseries.nii","506234","MNINonLinear//Results/tfMRI_WM/tfMRI_WM_hp200_s4_level2.feat/GrayordinatesStats/cope5.feat/zflame1lowertstat1.dtseries.nii","hvSFCFVLJvkiOnhgBxN0yrGb0d23o1tN"
"s3://hcp-openaccess/HCP_1200/506234/MNINonLinear/Results/tfMRI_WM/tfMRI_WM_hp200_s4_level2.feat/GrayordinatesStats/cope5.feat/zflame1uppertstat1.dtseries.nii","506234","MNINonLinear//Results/tfMRI_WM/tfMRI_WM_hp200_s4_level2.feat/GrayordinatesStats/cope5.feat/zflame1uppertstat1.dtseries.nii","pNazHrDNgtSwdTEUrTJ9OAIYRlHJLtuC"
"s3://hcp-openaccess/HCP_1200/506234/MNINonLinear/Results/tfMRI_WM/tfMRI_WM_hp200_s4_level2.feat/GrayordinatesStats/cope5.feat/zstat1.dtseries.nii","506234","MNINonLinear//Results/tfMRI_WM/tfMRI_WM_hp200_s4_level2.feat/GrayordinatesStats/cope5.feat/zstat1.dtseries.nii",".0nJjc2RNcLqokBb_88dDsHCVBhWt8_4"
"s3://hcp-openaccess/HCP_1200/506234/MNINonLinear/Results/tfMRI_WM/tfMRI_WM_hp200_s4_level2.feat/GrayordinatesStats/cope6.feat/cope1.dtseries.nii","506234","MNINonLinear//Results/tfMRI_WM/tfMRI_WM_hp200_s4_level2.feat/GrayordinatesStats/cope6.feat/cope1.dtseries.nii","N1YhZSHenV4mWATwYC6I8.LqR8Gfrjta"
"s3://hcp-openaccess/HCP_1200/506234/MNINonLinear/Results/tfMRI_WM/tfMRI_WM_hp200_s4_level2.feat/GrayordinatesStats/cope6.feat/logfile","506234","MNINonLinear//Results/tfMRI_WM/tfMRI_WM_hp200_s4_level2.feat/GrayordinatesStats/cope6.feat/logfile","i0zLv6uk_2bw8Q.mTCUYwtOrnWgD2X.n"
"s3://hcp-openaccess/HCP_1200/506234/MNINonLinear/Results/tfMRI_WM/tfMRI_WM_hp200_s4_level2.feat/GrayordinatesStats/cope6.feat/mask.dtseries.nii","506234","MNINonLinear//Results/tfMRI_WM/tfMRI_WM_hp200_s4_level2.feat/GrayordinatesStats/cope6.feat/mask.dtseries.nii","1weGhTY_zMbIrRpax9Q3pmsGyPyOeksw"
"s3://hcp-openaccess/HCP_1200/506234/MNINonLinear/Results/tfMRI_WM/tfMRI_WM_hp200_s4_level2.feat/GrayordinatesStats/cope6.feat/mean_random_effects_var1.dtseries.nii","506234","MNINonLinear//Results/tfMRI_WM/tfMRI_WM_hp200_s4_level2.feat/GrayordinatesStats/cope6.feat/mean_random_effects_var1.dtseries.nii","NcCjJ1_zQharWND6AYy1phme3flP7rWe"
"s3://hcp-openaccess/HCP_1200/506234/MNINonLinear/Results/tfMRI_WM/tfMRI_WM_hp200_s4_level2.feat/GrayordinatesStats/cope6.feat/pe1.dtseries.nii","506234","MNINonLinear//Results/tfMRI_WM/tfMRI_WM_hp200_s4_level2.feat/GrayordinatesStats/cope6.feat/pe1.dtseries.nii","6b2mtW1YARNgvI0KqweZv5t1eb8sU4Tp"
"s3://hcp-openaccess/HCP_1200/506234/MNINonLinear/Results/tfMRI_WM/tfMRI_WM_hp200_s4_level2.feat/GrayordinatesStats/cope6.feat/res4d.dtseries.nii","506234","MNINonLinear//Results/tfMRI_WM/tfMRI_WM_hp200_s4_level2.feat/GrayordinatesStats/cope6.feat/res4d.dtseries.nii","AM5Bp5ERR7HdI5SF8PySJl7W0tq20zwr"
"s3://hcp-openaccess/HCP_1200/506234/MNINonLinear/Results/tfMRI_WM/tfMRI_WM_hp200_s4_level2.feat/GrayordinatesStats/cope6.feat/tdof_t1.dtseries.nii","506234","MNINonLinear//Results/tfMRI_WM/tfMRI_WM_hp200_s4_level2.feat/GrayordinatesStats/cope6.feat/tdof_t1.dtseries.nii","wpyKvwtvpb1530xOC2vGkfz7v6njEwrD"
"s3://hcp-openaccess/HCP_1200/506234/MNINonLinear/Results/tfMRI_WM/tfMRI_WM_hp200_s4_level2.feat/GrayordinatesStats/cope6.feat/tstat1.dtseries.nii","506234","MNINonLinear//Results/tfMRI_WM/tfMRI_WM_hp200_s4_level2.feat/GrayordinatesStats/cope6.feat/tstat1.dtseries.nii","X_ZO1xWEO8VJFHBU6YTyXe1ujCfjA1.Y"
"s3://hcp-openaccess/HCP_1200/506234/MNINonLinear/Results/tfMRI_WM/tfMRI_WM_hp200_s4_level2.feat/GrayordinatesStats/cope6.feat/varcope1.dtseries.nii","506234","MNINonLinear//Results/tfMRI_WM/tfMRI_WM_hp200_s4_level2.feat/GrayordinatesStats/cope6.feat/varcope1.dtseries.nii","FM18lE3r_K4YGh3olDRwkZiHULF1yAzr"
"s3://hcp-openaccess/HCP_1200/506234/MNINonLinear/Results/tfMRI_WM/tfMRI_WM_hp200_s4_level2.feat/GrayordinatesStats/cope6.feat/weights1.dtseries.nii","506234","MNINonLinear//Results/tfMRI_WM/tfMRI_WM_hp200_s4_level2.feat/GrayordinatesStats/cope6.feat/weights1.dtseries.nii","eHbaxpxzTcZQnAdPoV2Fth349rWDjd.s"
"s3://hcp-openaccess/HCP_1200/506234/MNINonLinear/Results/tfMRI_WM/tfMRI_WM_hp200_s4_level2.feat/GrayordinatesStats/cope6.feat/zflame1lowertstat1.dtseries.nii","506234","MNINonLinear//Results/tfMRI_WM/tfMRI_WM_hp200_s4_level2.feat/GrayordinatesStats/cope6.feat/zflame1lowertstat1.dtseries.nii","T1AikR0bDdPS9xq0udhlNxI4R4Q85dQ_"
"s3://hcp-openaccess/HCP_1200/506234/MNINonLinear/Results/tfMRI_WM/tfMRI_WM_hp200_s4_level2.feat/GrayordinatesStats/cope6.feat/zflame1uppertstat1.dtseries.nii","506234","MNINonLinear//Results/tfMRI_WM/tfMRI_WM_hp200_s4_level2.feat/GrayordinatesStats/cope6.feat/zflame1uppertstat1.dtseries.nii","6E3wU9wkHBUWsAuk.UKRWMLgOhgrYfLO"
"s3://hcp-openaccess/HCP_1200/506234/MNINonLinear/Results/tfMRI_WM/tfMRI_WM_hp200_s4_level2.feat/GrayordinatesStats/cope6.feat/zstat1.dtseries.nii","506234","MNINonLinear//Results/tfMRI_WM/tfMRI_WM_hp200_s4_level2.feat/GrayordinatesStats/cope6.feat/zstat1.dtseries.nii","nP8MNH7F2JcwnMlSbdZ6Swl0Eoric9H."
"s3://hcp-openaccess/HCP_1200/506234/MNINonLinear/Results/tfMRI_WM/tfMRI_WM_hp200_s4_level2.feat/GrayordinatesStats/cope7.feat/cope1.dtseries.nii","506234","MNINonLinear//Results/tfMRI_WM/tfMRI_WM_hp200_s4_level2.feat/GrayordinatesStats/cope7.feat/cope1.dtseries.nii","dSWbpFTDxB8pqf5Q0kxQ_QQqjJ3ZMwKF"
"s3://hcp-openaccess/HCP_1200/506234/MNINonLinear/Results/tfMRI_WM/tfMRI_WM_hp200_s4_level2.feat/GrayordinatesStats/cope7.feat/logfile","506234","MNINonLinear//Results/tfMRI_WM/tfMRI_WM_hp200_s4_level2.feat/GrayordinatesStats/cope7.feat/logfile","A9VnuuH3m_Hj6Bo_aJQO2eyfnTYQkJNB"
"s3://hcp-openaccess/HCP_1200/506234/MNINonLinear/Results/tfMRI_WM/tfMRI_WM_hp200_s4_level2.feat/GrayordinatesStats/cope7.feat/mask.dtseries.nii","506234","MNINonLinear//Results/tfMRI_WM/tfMRI_WM_hp200_s4_level2.feat/GrayordinatesStats/cope7.feat/mask.dtseries.nii","Ct6mf9ZafAX1yof5A.f.3AQfe2uEe5_S"
"s3://hcp-openaccess/HCP_1200/506234/MNINonLinear/Results/tfMRI_WM/tfMRI_WM_hp200_s4_level2.feat/GrayordinatesStats/cope7.feat/mean_random_effects_var1.dtseries.nii","506234","MNINonLinear//Results/tfMRI_WM/tfMRI_WM_hp200_s4_level2.feat/GrayordinatesStats/cope7.feat/mean_random_effects_var1.dtseries.nii","bMoZ.S5suFJHrRCdMRrpdLwjZPNSi80N"
"s3://hcp-openaccess/HCP_1200/506234/MNINonLinear/Results/tfMRI_WM/tfMRI_WM_hp200_s4_level2.feat/GrayordinatesStats/cope7.feat/pe1.dtseries.nii","506234","MNINonLinear//Results/tfMRI_WM/tfMRI_WM_hp200_s4_level2.feat/GrayordinatesStats/cope7.feat/pe1.dtseries.nii","9dFG0GYLv5utrTgNtAAMOZdZCviHiTHh"
"s3://hcp-openaccess/HCP_1200/506234/MNINonLinear/Results/tfMRI_WM/tfMRI_WM_hp200_s4_level2.feat/GrayordinatesStats/cope7.feat/res4d.dtseries.nii","506234","MNINonLinear//Results/tfMRI_WM/tfMRI_WM_hp200_s4_level2.feat/GrayordinatesStats/cope7.feat/res4d.dtseries.nii","I.7AjMh_rNLyaAKa1IZr9TO8zO7bnTvM"
"s3://hcp-openaccess/HCP_1200/506234/MNINonLinear/Results/tfMRI_WM/tfMRI_WM_hp200_s4_level2.feat/GrayordinatesStats/cope7.feat/tdof_t1.dtseries.nii","506234","MNINonLinear//Results/tfMRI_WM/tfMRI_WM_hp200_s4_level2.feat/GrayordinatesStats/cope7.feat/tdof_t1.dtseries.nii","p0A3AJDetJjeVK7Q3XLdsn04ysl0O7o8"
"s3://hcp-openaccess/HCP_1200/506234/MNINonLinear/Results/tfMRI_WM/tfMRI_WM_hp200_s4_level2.feat/GrayordinatesStats/cope7.feat/tstat1.dtseries.nii","506234","MNINonLinear//Results/tfMRI_WM/tfMRI_WM_hp200_s4_level2.feat/GrayordinatesStats/cope7.feat/tstat1.dtseries.nii","BI0fn_IKBy1TEgJScH7iYh79uDv7qFgp"
"s3://hcp-openaccess/HCP_1200/506234/MNINonLinear/Results/tfMRI_WM/tfMRI_WM_hp200_s4_level2.feat/GrayordinatesStats/cope7.feat/varcope1.dtseries.nii","506234","MNINonLinear//Results/tfMRI_WM/tfMRI_WM_hp200_s4_level2.feat/GrayordinatesStats/cope7.feat/varcope1.dtseries.nii","zSD2PsyYipZTjSEuDWduVur9JxQ8xfa3"
"s3://hcp-openaccess/HCP_1200/506234/MNINonLinear/Results/tfMRI_WM/tfMRI_WM_hp200_s4_level2.feat/GrayordinatesStats/cope7.feat/weights1.dtseries.nii","506234","MNINonLinear//Results/tfMRI_WM/tfMRI_WM_hp200_s4_level2.feat/GrayordinatesStats/cope7.feat/weights1.dtseries.nii","WKQdeckbK6b2u6CmLZLOPOOakY1p8qfO"
"s3://hcp-openaccess/HCP_1200/506234/MNINonLinear/Results/tfMRI_WM/tfMRI_WM_hp200_s4_level2.feat/GrayordinatesStats/cope7.feat/zflame1lowertstat1.dtseries.nii","506234","MNINonLinear//Results/tfMRI_WM/tfMRI_WM_hp200_s4_level2.feat/GrayordinatesStats/cope7.feat/zflame1lowertstat1.dtseries.nii","4LZEHIR9YhDPu70S3V.CDD9w9ax1Ckrl"
"s3://hcp-openaccess/HCP_1200/506234/MNINonLinear/Results/tfMRI_WM/tfMRI_WM_hp200_s4_level2.feat/GrayordinatesStats/cope7.feat/zflame1uppertstat1.dtseries.nii","506234","MNINonLinear//Results/tfMRI_WM/tfMRI_WM_hp200_s4_level2.feat/GrayordinatesStats/cope7.feat/zflame1uppertstat1.dtseries.nii","oOWmMSaX5ohlvK.B3MPXxtOn8QdKKe6c"
"s3://hcp-openaccess/HCP_1200/506234/MNINonLinear/Results/tfMRI_WM/tfMRI_WM_hp200_s4_level2.feat/GrayordinatesStats/cope7.feat/zstat1.dtseries.nii","506234","MNINonLinear//Results/tfMRI_WM/tfMRI_WM_hp200_s4_level2.feat/GrayordinatesStats/cope7.feat/zstat1.dtseries.nii","amPFPBdRDxriumxx4BzxiojAeLLBipfV"
"s3://hcp-openaccess/HCP_1200/506234/MNINonLinear/Results/tfMRI_WM/tfMRI_WM_hp200_s4_level2.feat/GrayordinatesStats/cope8.feat/cope1.dtseries.nii","506234","MNINonLinear//Results/tfMRI_WM/tfMRI_WM_hp200_s4_level2.feat/GrayordinatesStats/cope8.feat/cope1.dtseries.nii","NPfXslXjNMcnwbCS22mPdACSKzGx7CRl"
"s3://hcp-openaccess/HCP_1200/506234/MNINonLinear/Results/tfMRI_WM/tfMRI_WM_hp200_s4_level2.feat/GrayordinatesStats/cope8.feat/logfile","506234","MNINonLinear//Results/tfMRI_WM/tfMRI_WM_hp200_s4_level2.feat/GrayordinatesStats/cope8.feat/logfile","FZ7yF8M7aKwhylpva426hELJYAR9944s"
"s3://hcp-openaccess/HCP_1200/506234/MNINonLinear/Results/tfMRI_WM/tfMRI_WM_hp200_s4_level2.feat/GrayordinatesStats/cope8.feat/mask.dtseries.nii","506234","MNINonLinear//Results/tfMRI_WM/tfMRI_WM_hp200_s4_level2.feat/GrayordinatesStats/cope8.feat/mask.dtseries.nii","p2BDedYzu08NXByzqoHcBio0y__PKFMV"
"s3://hcp-openaccess/HCP_1200/506234/MNINonLinear/Results/tfMRI_WM/tfMRI_WM_hp200_s4_level2.feat/GrayordinatesStats/cope8.feat/mean_random_effects_var1.dtseries.nii","506234","MNINonLinear//Results/tfMRI_WM/tfMRI_WM_hp200_s4_level2.feat/GrayordinatesStats/cope8.feat/mean_random_effects_var1.dtseries.nii","9ZPbnVXdONzpt3K51iMXwcgqZtBPtJii"
"s3://hcp-openaccess/HCP_1200/506234/MNINonLinear/Results/tfMRI_WM/tfMRI_WM_hp200_s4_level2.feat/GrayordinatesStats/cope8.feat/pe1.dtseries.nii","506234","MNINonLinear//Results/tfMRI_WM/tfMRI_WM_hp200_s4_level2.feat/GrayordinatesStats/cope8.feat/pe1.dtseries.nii","wJ3M8NLi.pv4sd1JTzzN6ikRUeH5lD5Y"
"s3://hcp-openaccess/HCP_1200/506234/MNINonLinear/Results/tfMRI_WM/tfMRI_WM_hp200_s4_level2.feat/GrayordinatesStats/cope8.feat/res4d.dtseries.nii","506234","MNINonLinear//Results/tfMRI_WM/tfMRI_WM_hp200_s4_level2.feat/GrayordinatesStats/cope8.feat/res4d.dtseries.nii","VRzjx3GKIhokqXRZ.5jnKuPDNFtoNzDe"
"s3://hcp-openaccess/HCP_1200/506234/MNINonLinear/Results/tfMRI_WM/tfMRI_WM_hp200_s4_level2.feat/GrayordinatesStats/cope8.feat/tdof_t1.dtseries.nii","506234","MNINonLinear//Results/tfMRI_WM/tfMRI_WM_hp200_s4_level2.feat/GrayordinatesStats/cope8.feat/tdof_t1.dtseries.nii","FytfZ9U02EVZEtJn5MgGpRHB36XC7rdd"
"s3://hcp-openaccess/HCP_1200/506234/MNINonLinear/Results/tfMRI_WM/tfMRI_WM_hp200_s4_level2.feat/GrayordinatesStats/cope8.feat/tstat1.dtseries.nii","506234","MNINonLinear//Results/tfMRI_WM/tfMRI_WM_hp200_s4_level2.feat/GrayordinatesStats/cope8.feat/tstat1.dtseries.nii","hwH_oxLqD0VAlo9CBd4qb0Zt9et_k68K"
"s3://hcp-openaccess/HCP_1200/506234/MNINonLinear/Results/tfMRI_WM/tfMRI_WM_hp200_s4_level2.feat/GrayordinatesStats/cope8.feat/varcope1.dtseries.nii","506234","MNINonLinear//Results/tfMRI_WM/tfMRI_WM_hp200_s4_level2.feat/GrayordinatesStats/cope8.feat/varcope1.dtseries.nii","qfyOH7k9gb7LP.TxLiBJZ.SPIXY91Pml"
"s3://hcp-openaccess/HCP_1200/506234/MNINonLinear/Results/tfMRI_WM/tfMRI_WM_hp200_s4_level2.feat/GrayordinatesStats/cope8.feat/weights1.dtseries.nii","506234","MNINonLinear//Results/tfMRI_WM/tfMRI_WM_hp200_s4_level2.feat/GrayordinatesStats/cope8.feat/weights1.dtseries.nii","9JutsKKEB86_QsRd9jqlP06105WJFYt8"
"s3://hcp-openaccess/HCP_1200/506234/MNINonLinear/Results/tfMRI_WM/tfMRI_WM_hp200_s4_level2.feat/GrayordinatesStats/cope8.feat/zflame1lowertstat1.dtseries.nii","506234","MNINonLinear//Results/tfMRI_WM/tfMRI_WM_hp200_s4_level2.feat/GrayordinatesStats/cope8.feat/zflame1lowertstat1.dtseries.nii","VoODcuwDEj3kRr82aO022ucB_R5_e2.s"
"s3://hcp-openaccess/HCP_1200/506234/MNINonLinear/Results/tfMRI_WM/tfMRI_WM_hp200_s4_level2.feat/GrayordinatesStats/cope8.feat/zflame1uppertstat1.dtseries.nii","506234","MNINonLinear//Results/tfMRI_WM/tfMRI_WM_hp200_s4_level2.feat/GrayordinatesStats/cope8.feat/zflame1uppertstat1.dtseries.nii","VhaVjAoiP5cOvKvZiF8NZlPcEAWgCWEB"
"s3://hcp-openaccess/HCP_1200/506234/MNINonLinear/Results/tfMRI_WM/tfMRI_WM_hp200_s4_level2.feat/GrayordinatesStats/cope8.feat/zstat1.dtseries.nii","506234","MNINonLinear//Results/tfMRI_WM/tfMRI_WM_hp200_s4_level2.feat/GrayordinatesStats/cope8.feat/zstat1.dtseries.nii","oVnqvbNnSia7xdh.AgTExA0D6HQsv2Wh"
"s3://hcp-openaccess/HCP_1200/506234/MNINonLinear/Results/tfMRI_WM/tfMRI_WM_hp200_s4_level2.feat/GrayordinatesStats/cope9.feat/cope1.dtseries.nii","506234","MNINonLinear//Results/tfMRI_WM/tfMRI_WM_hp200_s4_level2.feat/GrayordinatesStats/cope9.feat/cope1.dtseries.nii","9msVWZP1cocc5t3FEklqVHoIpqU_B5Nr"
"s3://hcp-openaccess/HCP_1200/506234/MNINonLinear/Results/tfMRI_WM/tfMRI_WM_hp200_s4_level2.feat/GrayordinatesStats/cope9.feat/logfile","506234","MNINonLinear//Results/tfMRI_WM/tfMRI_WM_hp200_s4_level2.feat/GrayordinatesStats/cope9.feat/logfile","emE_9kx_aBNeqLXAO1rnT35kwGbTe.LN"
"s3://hcp-openaccess/HCP_1200/506234/MNINonLinear/Results/tfMRI_WM/tfMRI_WM_hp200_s4_level2.feat/GrayordinatesStats/cope9.feat/mask.dtseries.nii","506234","MNINonLinear//Results/tfMRI_WM/tfMRI_WM_hp200_s4_level2.feat/GrayordinatesStats/cope9.feat/mask.dtseries.nii","KiDznv6TdNbujeIBhrH96KTavfgVz3d4"
"s3://hcp-openaccess/HCP_1200/506234/MNINonLinear/Results/tfMRI_WM/tfMRI_WM_hp200_s4_level2.feat/GrayordinatesStats/cope9.feat/mean_random_effects_var1.dtseries.nii","506234","MNINonLinear//Results/tfMRI_WM/tfMRI_WM_hp200_s4_level2.feat/GrayordinatesStats/cope9.feat/mean_random_effects_var1.dtseries.nii","Dnmy7SRmKbDH1b8piDMM4VO30AWy17lW"
"s3://hcp-openaccess/HCP_1200/506234/MNINonLinear/Results/tfMRI_WM/tfMRI_WM_hp200_s4_level2.feat/GrayordinatesStats/cope9.feat/pe1.dtseries.nii","506234","MNINonLinear//Results/tfMRI_WM/tfMRI_WM_hp200_s4_level2.feat/GrayordinatesStats/cope9.feat/pe1.dtseries.nii","MEgzw2hcEDXFHKAfGOWz48Xpmw3LuoLB"
"s3://hcp-openaccess/HCP_1200/506234/MNINonLinear/Results/tfMRI_WM/tfMRI_WM_hp200_s4_level2.feat/GrayordinatesStats/cope9.feat/res4d.dtseries.nii","506234","MNINonLinear//Results/tfMRI_WM/tfMRI_WM_hp200_s4_level2.feat/GrayordinatesStats/cope9.feat/res4d.dtseries.nii","wZ7u2d2DCP9_ClSv4YhHpkoK6e0nQXfj"
"s3://hcp-openaccess/HCP_1200/506234/MNINonLinear/Results/tfMRI_WM/tfMRI_WM_hp200_s4_level2.feat/GrayordinatesStats/cope9.feat/tdof_t1.dtseries.nii","506234","MNINonLinear//Results/tfMRI_WM/tfMRI_WM_hp200_s4_level2.feat/GrayordinatesStats/cope9.feat/tdof_t1.dtseries.nii","rVlal_QFd7cpdVEFJxjSlzptbyig7Yjf"
"s3://hcp-openaccess/HCP_1200/506234/MNINonLinear/Results/tfMRI_WM/tfMRI_WM_hp200_s4_level2.feat/GrayordinatesStats/cope9.feat/tstat1.dtseries.nii","506234","MNINonLinear//Results/tfMRI_WM/tfMRI_WM_hp200_s4_level2.feat/GrayordinatesStats/cope9.feat/tstat1.dtseries.nii","AazVeTOtOSzJtTj48xDlS0N6sxaul4_6"
"s3://hcp-openaccess/HCP_1200/506234/MNINonLinear/Results/tfMRI_WM/tfMRI_WM_hp200_s4_level2.feat/GrayordinatesStats/cope9.feat/varcope1.dtseries.nii","506234","MNINonLinear//Results/tfMRI_WM/tfMRI_WM_hp200_s4_level2.feat/GrayordinatesStats/cope9.feat/varcope1.dtseries.nii","8hA8mOixtd8p9MSNgzNSw6gVmZ8UiRzU"
"s3://hcp-openaccess/HCP_1200/506234/MNINonLinear/Results/tfMRI_WM/tfMRI_WM_hp200_s4_level2.feat/GrayordinatesStats/cope9.feat/weights1.dtseries.nii","506234","MNINonLinear//Results/tfMRI_WM/tfMRI_WM_hp200_s4_level2.feat/GrayordinatesStats/cope9.feat/weights1.dtseries.nii","fF189gSpAG9ucNG2PaK5PiSIv4dl_VVF"
"s3://hcp-openaccess/HCP_1200/506234/MNINonLinear/Results/tfMRI_WM/tfMRI_WM_hp200_s4_level2.feat/GrayordinatesStats/cope9.feat/zflame1lowertstat1.dtseries.nii","506234","MNINonLinear//Results/tfMRI_WM/tfMRI_WM_hp200_s4_level2.feat/GrayordinatesStats/cope9.feat/zflame1lowertstat1.dtseries.nii","zikiIK1oqLntaHrKnqSPMxJ1dxdR7_sX"
"s3://hcp-openaccess/HCP_1200/506234/MNINonLinear/Results/tfMRI_WM/tfMRI_WM_hp200_s4_level2.feat/GrayordinatesStats/cope9.feat/zflame1uppertstat1.dtseries.nii","506234","MNINonLinear//Results/tfMRI_WM/tfMRI_WM_hp200_s4_level2.feat/GrayordinatesStats/cope9.feat/zflame1uppertstat1.dtseries.nii","jHcYG5i6rW1713PvFKToJMg50_Ru6slx"
"s3://hcp-openaccess/HCP_1200/506234/MNINonLinear/Results/tfMRI_WM/tfMRI_WM_hp200_s4_level2.feat/GrayordinatesStats/cope9.feat/zstat1.dtseries.nii","506234","MNINonLinear//Results/tfMRI_WM/tfMRI_WM_hp200_s4_level2.feat/GrayordinatesStats/cope9.feat/zstat1.dtseries.nii","CtyYl7U3HG8XP1yeptqpkCq5taq7Bkiy"
"s3://hcp-openaccess/HCP_1200/506234/MNINonLinear/Results/tfMRI_WM/tfMRI_WM_hp200_s4_level2.feat/design.con","506234","MNINonLinear//Results/tfMRI_WM/tfMRI_WM_hp200_s4_level2.feat/design.con","Ot938h1JGUStu9QfjyRGUQJF7QPLXy9W"
"s3://hcp-openaccess/HCP_1200/506234/MNINonLinear/Results/tfMRI_WM/tfMRI_WM_hp200_s4_level2.feat/design.fsf","506234","MNINonLinear//Results/tfMRI_WM/tfMRI_WM_hp200_s4_level2.feat/design.fsf","JaLiBhNoIaXmAwubOZVH88OJKVa_blaa"
"s3://hcp-openaccess/HCP_1200/506234/MNINonLinear/Results/tfMRI_WM/tfMRI_WM_hp200_s4_level2.feat/design.grp","506234","MNINonLinear//Results/tfMRI_WM/tfMRI_WM_hp200_s4_level2.feat/design.grp","9qv5PiXwOHJ7pDAgGfjh.qNLbtwuaqmb"
"s3://hcp-openaccess/HCP_1200/506234/MNINonLinear/Results/tfMRI_WM/tfMRI_WM_hp200_s4_level2.feat/design.mat","506234","MNINonLinear//Results/tfMRI_WM/tfMRI_WM_hp200_s4_level2.feat/design.mat","at77kBhfnRflFxiIUcailHuG0Vv9NAqI"
"s3://hcp-openaccess/HCP_1200/506234/MNINonLinear/Results/tfMRI_WM/tfMRI_WM_hp200_s4_level2.feat/design.png","506234","MNINonLinear//Results/tfMRI_WM/tfMRI_WM_hp200_s4_level2.feat/design.png","71h0EdJha0HNkDrVzZXTGVWiV.xFtzlj"
"s3://hcp-openaccess/HCP_1200/506234/MNINonLinear/Results/tfMRI_WM/tfMRI_WM_hp200_s4_level2.feat/design.ppm","506234","MNINonLinear//Results/tfMRI_WM/tfMRI_WM_hp200_s4_level2.feat/design.ppm","cIP86WNfDIveeF9AFBIHPNjCdTrqofUP"
"s3://hcp-openaccess/HCP_1200/506234/MNINonLinear/Results/tfMRI_WM/tfMRI_WM_hp200_s4_level2.feat/design_cov.png","506234","MNINonLinear//Results/tfMRI_WM/tfMRI_WM_hp200_s4_level2.feat/design_cov.png","XcFY_Mc_X5XTIbtohFGDxINBQX5EBxS6"
"s3://hcp-openaccess/HCP_1200/506234/MNINonLinear/Results/tfMRI_WM/tfMRI_WM_hp200_s4_level2.feat/design_cov.ppm","506234","MNINonLinear//Results/tfMRI_WM/tfMRI_WM_hp200_s4_level2.feat/design_cov.ppm","UyKlEuGNxL0AXrov9cY9Qmf8flvMEsmN"
"s3://hcp-openaccess/HCP_1200/506234/MNINonLinear/Results/tfMRI_WM/tfMRI_WM_hp200_s4_level2.fsf","506234","MNINonLinear//Results/tfMRI_WM/tfMRI_WM_hp200_s4_level2.fsf","zOC.7ttdkKDP_0qE9PuoyFLzOlFRrUyt"
"s3://hcp-openaccess/HCP_1200/506234/MNINonLinear/Results/tfMRI_WM/tfMRI_WM_hp200_s4_level2_MSMAll.feat/506234_tfMRI_WM_level2_hp200_s4_MSMAll.dscalar.nii","506234","MNINonLinear//Results/tfMRI_WM/tfMRI_WM_hp200_s4_level2_MSMAll.feat/506234_tfMRI_WM_level2_hp200_s4_MSMAll.dscalar.nii","aif9Nsu8Bq8xwhApv6iIa0wecXaTQfTi"
"s3://hcp-openaccess/HCP_1200/506234/MNINonLinear/Results/tfMRI_WM/tfMRI_WM_hp200_s4_level2_MSMAll.feat/Contrasts.txt","506234","MNINonLinear//Results/tfMRI_WM/tfMRI_WM_hp200_s4_level2_MSMAll.feat/Contrasts.txt","XL8.BEqK4y8h0yBnSbsm0fQTl6q7gqxp"
"s3://hcp-openaccess/HCP_1200/506234/MNINonLinear/Results/tfMRI_WM/tfMRI_WM_hp200_s4_level2_MSMAll.feat/GrayordinatesStats/cope1.feat/cope1.dtseries.nii","506234","MNINonLinear//Results/tfMRI_WM/tfMRI_WM_hp200_s4_level2_MSMAll.feat/GrayordinatesStats/cope1.feat/cope1.dtseries.nii","5QTIcniFCAi9KUSwtRF7gkykdvTY6Gbb"
"s3://hcp-openaccess/HCP_1200/506234/MNINonLinear/Results/tfMRI_WM/tfMRI_WM_hp200_s4_level2_MSMAll.feat/GrayordinatesStats/cope1.feat/logfile","506234","MNINonLinear//Results/tfMRI_WM/tfMRI_WM_hp200_s4_level2_MSMAll.feat/GrayordinatesStats/cope1.feat/logfile","QZDgpUvqK2VHckE2bU4S8RyEK14U5FSf"
"s3://hcp-openaccess/HCP_1200/506234/MNINonLinear/Results/tfMRI_WM/tfMRI_WM_hp200_s4_level2_MSMAll.feat/GrayordinatesStats/cope1.feat/mask.dtseries.nii","506234","MNINonLinear//Results/tfMRI_WM/tfMRI_WM_hp200_s4_level2_MSMAll.feat/GrayordinatesStats/cope1.feat/mask.dtseries.nii","_nZxRbMmju0YyPKFm8t6kn9ECbw6ZZZS"
"s3://hcp-openaccess/HCP_1200/506234/MNINonLinear/Results/tfMRI_WM/tfMRI_WM_hp200_s4_level2_MSMAll.feat/GrayordinatesStats/cope1.feat/mean_random_effects_var1.dtseries.nii","506234","MNINonLinear//Results/tfMRI_WM/tfMRI_WM_hp200_s4_level2_MSMAll.feat/GrayordinatesStats/cope1.feat/mean_random_effects_var1.dtseries.nii","YxSWfN2bpmVbyVsml_aeNqb.cyUQXbVw"
"s3://hcp-openaccess/HCP_1200/506234/MNINonLinear/Results/tfMRI_WM/tfMRI_WM_hp200_s4_level2_MSMAll.feat/GrayordinatesStats/cope1.feat/pe1.dtseries.nii","506234","MNINonLinear//Results/tfMRI_WM/tfMRI_WM_hp200_s4_level2_MSMAll.feat/GrayordinatesStats/cope1.feat/pe1.dtseries.nii","wfKX5ni5jmD_jC4CjvxUXQTT0h89hZta"
"s3://hcp-openaccess/HCP_1200/506234/MNINonLinear/Results/tfMRI_WM/tfMRI_WM_hp200_s4_level2_MSMAll.feat/GrayordinatesStats/cope1.feat/res4d.dtseries.nii","506234","MNINonLinear//Results/tfMRI_WM/tfMRI_WM_hp200_s4_level2_MSMAll.feat/GrayordinatesStats/cope1.feat/res4d.dtseries.nii","nPKdnV0s1cz3L.7ipIcZHlzQ2x9PI0oI"
"s3://hcp-openaccess/HCP_1200/506234/MNINonLinear/Results/tfMRI_WM/tfMRI_WM_hp200_s4_level2_MSMAll.feat/GrayordinatesStats/cope1.feat/tdof_t1.dtseries.nii","506234","MNINonLinear//Results/tfMRI_WM/tfMRI_WM_hp200_s4_level2_MSMAll.feat/GrayordinatesStats/cope1.feat/tdof_t1.dtseries.nii","eFuDi1lHIK1jl9FMa1.oy2rhhqE8sGjp"
"s3://hcp-openaccess/HCP_1200/506234/MNINonLinear/Results/tfMRI_WM/tfMRI_WM_hp200_s4_level2_MSMAll.feat/GrayordinatesStats/cope1.feat/tstat1.dtseries.nii","506234","MNINonLinear//Results/tfMRI_WM/tfMRI_WM_hp200_s4_level2_MSMAll.feat/GrayordinatesStats/cope1.feat/tstat1.dtseries.nii","Euh82p2fXJd79H5LK.n0MU0Q_RHr4FbH"
"s3://hcp-openaccess/HCP_1200/506234/MNINonLinear/Results/tfMRI_WM/tfMRI_WM_hp200_s4_level2_MSMAll.feat/GrayordinatesStats/cope1.feat/varcope1.dtseries.nii","506234","MNINonLinear//Results/tfMRI_WM/tfMRI_WM_hp200_s4_level2_MSMAll.feat/GrayordinatesStats/cope1.feat/varcope1.dtseries.nii","v5bIy.IdCVHvh69qXiCihE7q397GfuEU"
"s3://hcp-openaccess/HCP_1200/506234/MNINonLinear/Results/tfMRI_WM/tfMRI_WM_hp200_s4_level2_MSMAll.feat/GrayordinatesStats/cope1.feat/weights1.dtseries.nii","506234","MNINonLinear//Results/tfMRI_WM/tfMRI_WM_hp200_s4_level2_MSMAll.feat/GrayordinatesStats/cope1.feat/weights1.dtseries.nii","E3JNjA_gf4v9zhiI61935reg6KGX4l_e"
"s3://hcp-openaccess/HCP_1200/506234/MNINonLinear/Results/tfMRI_WM/tfMRI_WM_hp200_s4_level2_MSMAll.feat/GrayordinatesStats/cope1.feat/zflame1lowertstat1.dtseries.nii","506234","MNINonLinear//Results/tfMRI_WM/tfMRI_WM_hp200_s4_level2_MSMAll.feat/GrayordinatesStats/cope1.feat/zflame1lowertstat1.dtseries.nii","EWD.MDzy1lZqIxGwWHZ0FP1fCtCIy0Fr"
"s3://hcp-openaccess/HCP_1200/506234/MNINonLinear/Results/tfMRI_WM/tfMRI_WM_hp200_s4_level2_MSMAll.feat/GrayordinatesStats/cope1.feat/zflame1uppertstat1.dtseries.nii","506234","MNINonLinear//Results/tfMRI_WM/tfMRI_WM_hp200_s4_level2_MSMAll.feat/GrayordinatesStats/cope1.feat/zflame1uppertstat1.dtseries.nii","RqP.aMrS.uP2CpeJnk1zm63FExgNugqf"
"s3://hcp-openaccess/HCP_1200/506234/MNINonLinear/Results/tfMRI_WM/tfMRI_WM_hp200_s4_level2_MSMAll.feat/GrayordinatesStats/cope1.feat/zstat1.dtseries.nii","506234","MNINonLinear//Results/tfMRI_WM/tfMRI_WM_hp200_s4_level2_MSMAll.feat/GrayordinatesStats/cope1.feat/zstat1.dtseries.nii","EsN9gVG_3r3zegNET6WwaaSpCDlhrVQG"
"s3://hcp-openaccess/HCP_1200/506234/MNINonLinear/Results/tfMRI_WM/tfMRI_WM_hp200_s4_level2_MSMAll.feat/GrayordinatesStats/cope10.feat/cope1.dtseries.nii","506234","MNINonLinear//Results/tfMRI_WM/tfMRI_WM_hp200_s4_level2_MSMAll.feat/GrayordinatesStats/cope10.feat/cope1.dtseries.nii","ELPtocbI86LJz_rTKTkiZurdposgvdwZ"
"s3://hcp-openaccess/HCP_1200/506234/MNINonLinear/Results/tfMRI_WM/tfMRI_WM_hp200_s4_level2_MSMAll.feat/GrayordinatesStats/cope10.feat/logfile","506234","MNINonLinear//Results/tfMRI_WM/tfMRI_WM_hp200_s4_level2_MSMAll.feat/GrayordinatesStats/cope10.feat/logfile","DX6H.teN2BR8QNtPZK8B8x.yRrB1lyGA"
"s3://hcp-openaccess/HCP_1200/506234/MNINonLinear/Results/tfMRI_WM/tfMRI_WM_hp200_s4_level2_MSMAll.feat/GrayordinatesStats/cope10.feat/mask.dtseries.nii","506234","MNINonLinear//Results/tfMRI_WM/tfMRI_WM_hp200_s4_level2_MSMAll.feat/GrayordinatesStats/cope10.feat/mask.dtseries.nii","Ms3JkcsIggfQ0XgwhN4znd.FrjOLvDtW"
"s3://hcp-openaccess/HCP_1200/506234/MNINonLinear/Results/tfMRI_WM/tfMRI_WM_hp200_s4_level2_MSMAll.feat/GrayordinatesStats/cope10.feat/mean_random_effects_var1.dtseries.nii","506234","MNINonLinear//Results/tfMRI_WM/tfMRI_WM_hp200_s4_level2_MSMAll.feat/GrayordinatesStats/cope10.feat/mean_random_effects_var1.dtseries.nii","ff0u0E075sFjIihzHhnO_oIFgKM7v0z4"
"s3://hcp-openaccess/HCP_1200/506234/MNINonLinear/Results/tfMRI_WM/tfMRI_WM_hp200_s4_level2_MSMAll.feat/GrayordinatesStats/cope10.feat/pe1.dtseries.nii","506234","MNINonLinear//Results/tfMRI_WM/tfMRI_WM_hp200_s4_level2_MSMAll.feat/GrayordinatesStats/cope10.feat/pe1.dtseries.nii","H9wfdGEEakMwkmbW387YYXol1uuSCyCV"
"s3://hcp-openaccess/HCP_1200/506234/MNINonLinear/Results/tfMRI_WM/tfMRI_WM_hp200_s4_level2_MSMAll.feat/GrayordinatesStats/cope10.feat/res4d.dtseries.nii","506234","MNINonLinear//Results/tfMRI_WM/tfMRI_WM_hp200_s4_level2_MSMAll.feat/GrayordinatesStats/cope10.feat/res4d.dtseries.nii","495u4JzDS0pyO.fLhGnKUGhV30chfUNG"
"s3://hcp-openaccess/HCP_1200/506234/MNINonLinear/Results/tfMRI_WM/tfMRI_WM_hp200_s4_level2_MSMAll.feat/GrayordinatesStats/cope10.feat/tdof_t1.dtseries.nii","506234","MNINonLinear//Results/tfMRI_WM/tfMRI_WM_hp200_s4_level2_MSMAll.feat/GrayordinatesStats/cope10.feat/tdof_t1.dtseries.nii","632DMH4wFT.Do1VNC0YBUgNc2ZPaCXqA"
"s3://hcp-openaccess/HCP_1200/506234/MNINonLinear/Results/tfMRI_WM/tfMRI_WM_hp200_s4_level2_MSMAll.feat/GrayordinatesStats/cope10.feat/tstat1.dtseries.nii","506234","MNINonLinear//Results/tfMRI_WM/tfMRI_WM_hp200_s4_level2_MSMAll.feat/GrayordinatesStats/cope10.feat/tstat1.dtseries.nii","IKMYYnGoGxirklnqewI1XccrKktaO7dc"
"s3://hcp-openaccess/HCP_1200/506234/MNINonLinear/Results/tfMRI_WM/tfMRI_WM_hp200_s4_level2_MSMAll.feat/GrayordinatesStats/cope10.feat/varcope1.dtseries.nii","506234","MNINonLinear//Results/tfMRI_WM/tfMRI_WM_hp200_s4_level2_MSMAll.feat/GrayordinatesStats/cope10.feat/varcope1.dtseries.nii","QZq6GZ.KahVy53vx4.ET0Xchjzh9rn5S"
"s3://hcp-openaccess/HCP_1200/506234/MNINonLinear/Results/tfMRI_WM/tfMRI_WM_hp200_s4_level2_MSMAll.feat/GrayordinatesStats/cope10.feat/weights1.dtseries.nii","506234","MNINonLinear//Results/tfMRI_WM/tfMRI_WM_hp200_s4_level2_MSMAll.feat/GrayordinatesStats/cope10.feat/weights1.dtseries.nii","DFmjYBkQmOOSrXnGnzJXwnDPoqfQgU.a"
"s3://hcp-openaccess/HCP_1200/506234/MNINonLinear/Results/tfMRI_WM/tfMRI_WM_hp200_s4_level2_MSMAll.feat/GrayordinatesStats/cope10.feat/zflame1lowertstat1.dtseries.nii","506234","MNINonLinear//Results/tfMRI_WM/tfMRI_WM_hp200_s4_level2_MSMAll.feat/GrayordinatesStats/cope10.feat/zflame1lowertstat1.dtseries.nii","2AE00aeBK67.EbxpzDTMQzwYu6e2ot1I"
"s3://hcp-openaccess/HCP_1200/506234/MNINonLinear/Results/tfMRI_WM/tfMRI_WM_hp200_s4_level2_MSMAll.feat/GrayordinatesStats/cope10.feat/zflame1uppertstat1.dtseries.nii","506234","MNINonLinear//Results/tfMRI_WM/tfMRI_WM_hp200_s4_level2_MSMAll.feat/GrayordinatesStats/cope10.feat/zflame1uppertstat1.dtseries.nii","qj95zyjRo0KXEYuNmEM3jp7qtDO2Vivr"
"s3://hcp-openaccess/HCP_1200/506234/MNINonLinear/Results/tfMRI_WM/tfMRI_WM_hp200_s4_level2_MSMAll.feat/GrayordinatesStats/cope10.feat/zstat1.dtseries.nii","506234","MNINonLinear//Results/tfMRI_WM/tfMRI_WM_hp200_s4_level2_MSMAll.feat/GrayordinatesStats/cope10.feat/zstat1.dtseries.nii","egGRBZ5lWPdQPGT3S2p0sVN_u4xZfj6y"
"s3://hcp-openaccess/HCP_1200/506234/MNINonLinear/Results/tfMRI_WM/tfMRI_WM_hp200_s4_level2_MSMAll.feat/GrayordinatesStats/cope11.feat/cope1.dtseries.nii","506234","MNINonLinear//Results/tfMRI_WM/tfMRI_WM_hp200_s4_level2_MSMAll.feat/GrayordinatesStats/cope11.feat/cope1.dtseries.nii","YD9HugX0gOBm7jEprdoCovL1gnRlx1vV"
"s3://hcp-openaccess/HCP_1200/506234/MNINonLinear/Results/tfMRI_WM/tfMRI_WM_hp200_s4_level2_MSMAll.feat/GrayordinatesStats/cope11.feat/logfile","506234","MNINonLinear//Results/tfMRI_WM/tfMRI_WM_hp200_s4_level2_MSMAll.feat/GrayordinatesStats/cope11.feat/logfile","hG.QPgA.mTibgb_QHGfRr7mFgYCUEfqy"
"s3://hcp-openaccess/HCP_1200/506234/MNINonLinear/Results/tfMRI_WM/tfMRI_WM_hp200_s4_level2_MSMAll.feat/GrayordinatesStats/cope11.feat/mask.dtseries.nii","506234","MNINonLinear//Results/tfMRI_WM/tfMRI_WM_hp200_s4_level2_MSMAll.feat/GrayordinatesStats/cope11.feat/mask.dtseries.nii","mJjtgsnLgWWnbzQZgLwMF7EHfdkL5vi9"
"s3://hcp-openaccess/HCP_1200/506234/MNINonLinear/Results/tfMRI_WM/tfMRI_WM_hp200_s4_level2_MSMAll.feat/GrayordinatesStats/cope11.feat/mean_random_effects_var1.dtseries.nii","506234","MNINonLinear//Results/tfMRI_WM/tfMRI_WM_hp200_s4_level2_MSMAll.feat/GrayordinatesStats/cope11.feat/mean_random_effects_var1.dtseries.nii","ihLhYa1fl9aKgH5c9mfR8IIBNf43uU8e"
"s3://hcp-openaccess/HCP_1200/506234/MNINonLinear/Results/tfMRI_WM/tfMRI_WM_hp200_s4_level2_MSMAll.feat/GrayordinatesStats/cope11.feat/pe1.dtseries.nii","506234","MNINonLinear//Results/tfMRI_WM/tfMRI_WM_hp200_s4_level2_MSMAll.feat/GrayordinatesStats/cope11.feat/pe1.dtseries.nii","eTteHdyRLFUn0z6m6UUguwqFWLh7JEox"
"s3://hcp-openaccess/HCP_1200/506234/MNINonLinear/Results/tfMRI_WM/tfMRI_WM_hp200_s4_level2_MSMAll.feat/GrayordinatesStats/cope11.feat/res4d.dtseries.nii","506234","MNINonLinear//Results/tfMRI_WM/tfMRI_WM_hp200_s4_level2_MSMAll.feat/GrayordinatesStats/cope11.feat/res4d.dtseries.nii","0bgDuslQWZKaZ5DcUpNs_OwiGN_yknyf"
"s3://hcp-openaccess/HCP_1200/506234/MNINonLinear/Results/tfMRI_WM/tfMRI_WM_hp200_s4_level2_MSMAll.feat/GrayordinatesStats/cope11.feat/tdof_t1.dtseries.nii","506234","MNINonLinear//Results/tfMRI_WM/tfMRI_WM_hp200_s4_level2_MSMAll.feat/GrayordinatesStats/cope11.feat/tdof_t1.dtseries.nii","whMi75rRkArOlG4WDnP.jrkqkyK3IVW1"
"s3://hcp-openaccess/HCP_1200/506234/MNINonLinear/Results/tfMRI_WM/tfMRI_WM_hp200_s4_level2_MSMAll.feat/GrayordinatesStats/cope11.feat/tstat1.dtseries.nii","506234","MNINonLinear//Results/tfMRI_WM/tfMRI_WM_hp200_s4_level2_MSMAll.feat/GrayordinatesStats/cope11.feat/tstat1.dtseries.nii","4MmVZ0AeLUHmc6r9PbBmBOwIQfjIO72A"
"s3://hcp-openaccess/HCP_1200/506234/MNINonLinear/Results/tfMRI_WM/tfMRI_WM_hp200_s4_level2_MSMAll.feat/GrayordinatesStats/cope11.feat/varcope1.dtseries.nii","506234","MNINonLinear//Results/tfMRI_WM/tfMRI_WM_hp200_s4_level2_MSMAll.feat/GrayordinatesStats/cope11.feat/varcope1.dtseries.nii","_4G892MYmJcwPaOpFw89MvOGxGumt.7p"
"s3://hcp-openaccess/HCP_1200/506234/MNINonLinear/Results/tfMRI_WM/tfMRI_WM_hp200_s4_level2_MSMAll.feat/GrayordinatesStats/cope11.feat/weights1.dtseries.nii","506234","MNINonLinear//Results/tfMRI_WM/tfMRI_WM_hp200_s4_level2_MSMAll.feat/GrayordinatesStats/cope11.feat/weights1.dtseries.nii","v.CVP9zXvc6TQQpulEfCwwD2AC_.DZ8L"
"s3://hcp-openaccess/HCP_1200/506234/MNINonLinear/Results/tfMRI_WM/tfMRI_WM_hp200_s4_level2_MSMAll.feat/GrayordinatesStats/cope11.feat/zflame1lowertstat1.dtseries.nii","506234","MNINonLinear//Results/tfMRI_WM/tfMRI_WM_hp200_s4_level2_MSMAll.feat/GrayordinatesStats/cope11.feat/zflame1lowertstat1.dtseries.nii","gDDIaid_v7yMuNnCjlakXe_WYNEzREcK"
"s3://hcp-openaccess/HCP_1200/506234/MNINonLinear/Results/tfMRI_WM/tfMRI_WM_hp200_s4_level2_MSMAll.feat/GrayordinatesStats/cope11.feat/zflame1uppertstat1.dtseries.nii","506234","MNINonLinear//Results/tfMRI_WM/tfMRI_WM_hp200_s4_level2_MSMAll.feat/GrayordinatesStats/cope11.feat/zflame1uppertstat1.dtseries.nii","TfDUPNWSlOgI5e2WXAFevaMCTlLdiOwJ"
"s3://hcp-openaccess/HCP_1200/506234/MNINonLinear/Results/tfMRI_WM/tfMRI_WM_hp200_s4_level2_MSMAll.feat/GrayordinatesStats/cope11.feat/zstat1.dtseries.nii","506234","MNINonLinear//Results/tfMRI_WM/tfMRI_WM_hp200_s4_level2_MSMAll.feat/GrayordinatesStats/cope11.feat/zstat1.dtseries.nii","EOQLHoVcLUdi284DTtkwFxjy4_9gCX3b"
"s3://hcp-openaccess/HCP_1200/506234/MNINonLinear/Results/tfMRI_WM/tfMRI_WM_hp200_s4_level2_MSMAll.feat/GrayordinatesStats/cope12.feat/cope1.dtseries.nii","506234","MNINonLinear//Results/tfMRI_WM/tfMRI_WM_hp200_s4_level2_MSMAll.feat/GrayordinatesStats/cope12.feat/cope1.dtseries.nii","vFzWI9so1Ne8KLOE6lpTYCWTXPjfMEXB"
"s3://hcp-openaccess/HCP_1200/506234/MNINonLinear/Results/tfMRI_WM/tfMRI_WM_hp200_s4_level2_MSMAll.feat/GrayordinatesStats/cope12.feat/logfile","506234","MNINonLinear//Results/tfMRI_WM/tfMRI_WM_hp200_s4_level2_MSMAll.feat/GrayordinatesStats/cope12.feat/logfile","P4mVrJB9owqp9jvKb8TLt.ArXd_2_DlH"
"s3://hcp-openaccess/HCP_1200/506234/MNINonLinear/Results/tfMRI_WM/tfMRI_WM_hp200_s4_level2_MSMAll.feat/GrayordinatesStats/cope12.feat/mask.dtseries.nii","506234","MNINonLinear//Results/tfMRI_WM/tfMRI_WM_hp200_s4_level2_MSMAll.feat/GrayordinatesStats/cope12.feat/mask.dtseries.nii","5MpUNAqYsjmIj6GkOaMcUa9zvryZz3hT"
"s3://hcp-openaccess/HCP_1200/506234/MNINonLinear/Results/tfMRI_WM/tfMRI_WM_hp200_s4_level2_MSMAll.feat/GrayordinatesStats/cope12.feat/mean_random_effects_var1.dtseries.nii","506234","MNINonLinear//Results/tfMRI_WM/tfMRI_WM_hp200_s4_level2_MSMAll.feat/GrayordinatesStats/cope12.feat/mean_random_effects_var1.dtseries.nii","RO5w9197KLrOwjdGlbyhy5t12SZBs21S"
"s3://hcp-openaccess/HCP_1200/506234/MNINonLinear/Results/tfMRI_WM/tfMRI_WM_hp200_s4_level2_MSMAll.feat/GrayordinatesStats/cope12.feat/pe1.dtseries.nii","506234","MNINonLinear//Results/tfMRI_WM/tfMRI_WM_hp200_s4_level2_MSMAll.feat/GrayordinatesStats/cope12.feat/pe1.dtseries.nii","pmoAHkza4VNcoHHNxlUdASmvuJx_6zjp"
"s3://hcp-openaccess/HCP_1200/506234/MNINonLinear/Results/tfMRI_WM/tfMRI_WM_hp200_s4_level2_MSMAll.feat/GrayordinatesStats/cope12.feat/res4d.dtseries.nii","506234","MNINonLinear//Results/tfMRI_WM/tfMRI_WM_hp200_s4_level2_MSMAll.feat/GrayordinatesStats/cope12.feat/res4d.dtseries.nii","i4YjEp5twAzr1I6sz6D50ezdHvutCtoU"
"s3://hcp-openaccess/HCP_1200/506234/MNINonLinear/Results/tfMRI_WM/tfMRI_WM_hp200_s4_level2_MSMAll.feat/GrayordinatesStats/cope12.feat/tdof_t1.dtseries.nii","506234","MNINonLinear//Results/tfMRI_WM/tfMRI_WM_hp200_s4_level2_MSMAll.feat/GrayordinatesStats/cope12.feat/tdof_t1.dtseries.nii","wBgOmmiEFYAz6VumUqqiol.kZC8.jB8n"
"s3://hcp-openaccess/HCP_1200/506234/MNINonLinear/Results/tfMRI_WM/tfMRI_WM_hp200_s4_level2_MSMAll.feat/GrayordinatesStats/cope12.feat/tstat1.dtseries.nii","506234","MNINonLinear//Results/tfMRI_WM/tfMRI_WM_hp200_s4_level2_MSMAll.feat/GrayordinatesStats/cope12.feat/tstat1.dtseries.nii","s3ZDY9zFFJSEPGqo_uJQRlumhvSH08kP"
"s3://hcp-openaccess/HCP_1200/506234/MNINonLinear/Results/tfMRI_WM/tfMRI_WM_hp200_s4_level2_MSMAll.feat/GrayordinatesStats/cope12.feat/varcope1.dtseries.nii","506234","MNINonLinear//Results/tfMRI_WM/tfMRI_WM_hp200_s4_level2_MSMAll.feat/GrayordinatesStats/cope12.feat/varcope1.dtseries.nii","YBmR0R_PdNq50SgeAdrbYjNo32iLv7wo"
"s3://hcp-openaccess/HCP_1200/506234/MNINonLinear/Results/tfMRI_WM/tfMRI_WM_hp200_s4_level2_MSMAll.feat/GrayordinatesStats/cope12.feat/weights1.dtseries.nii","506234","MNINonLinear//Results/tfMRI_WM/tfMRI_WM_hp200_s4_level2_MSMAll.feat/GrayordinatesStats/cope12.feat/weights1.dtseries.nii","jhGSLUHVBgQkDKvfT0TSEMIbcwmyEqBQ"
"s3://hcp-openaccess/HCP_1200/506234/MNINonLinear/Results/tfMRI_WM/tfMRI_WM_hp200_s4_level2_MSMAll.feat/GrayordinatesStats/cope12.feat/zflame1lowertstat1.dtseries.nii","506234","MNINonLinear//Results/tfMRI_WM/tfMRI_WM_hp200_s4_level2_MSMAll.feat/GrayordinatesStats/cope12.feat/zflame1lowertstat1.dtseries.nii","ZVAamuo0vCgPaqlenZ.wuNrs80Oy7ZYM"
"s3://hcp-openaccess/HCP_1200/506234/MNINonLinear/Results/tfMRI_WM/tfMRI_WM_hp200_s4_level2_MSMAll.feat/GrayordinatesStats/cope12.feat/zflame1uppertstat1.dtseries.nii","506234","MNINonLinear//Results/tfMRI_WM/tfMRI_WM_hp200_s4_level2_MSMAll.feat/GrayordinatesStats/cope12.feat/zflame1uppertstat1.dtseries.nii","tXrEp_i13uZY8ejjycQEN8YyCW58mVkC"
"s3://hcp-openaccess/HCP_1200/506234/MNINonLinear/Results/tfMRI_WM/tfMRI_WM_hp200_s4_level2_MSMAll.feat/GrayordinatesStats/cope12.feat/zstat1.dtseries.nii","506234","MNINonLinear//Results/tfMRI_WM/tfMRI_WM_hp200_s4_level2_MSMAll.feat/GrayordinatesStats/cope12.feat/zstat1.dtseries.nii","M6CGIwUhoBZ5PiG3SzEw6DoVhWQv6AIW"
"s3://hcp-openaccess/HCP_1200/506234/MNINonLinear/Results/tfMRI_WM/tfMRI_WM_hp200_s4_level2_MSMAll.feat/GrayordinatesStats/cope13.feat/cope1.dtseries.nii","506234","MNINonLinear//Results/tfMRI_WM/tfMRI_WM_hp200_s4_level2_MSMAll.feat/GrayordinatesStats/cope13.feat/cope1.dtseries.nii","iF_cfRYNBSMY3cyWgDW0QPEyZFmw7VTH"
"s3://hcp-openaccess/HCP_1200/506234/MNINonLinear/Results/tfMRI_WM/tfMRI_WM_hp200_s4_level2_MSMAll.feat/GrayordinatesStats/cope13.feat/logfile","506234","MNINonLinear//Results/tfMRI_WM/tfMRI_WM_hp200_s4_level2_MSMAll.feat/GrayordinatesStats/cope13.feat/logfile","c305qUSDWWOxlbWXtGXDgy_eqXusGZt."
"s3://hcp-openaccess/HCP_1200/506234/MNINonLinear/Results/tfMRI_WM/tfMRI_WM_hp200_s4_level2_MSMAll.feat/GrayordinatesStats/cope13.feat/mask.dtseries.nii","506234","MNINonLinear//Results/tfMRI_WM/tfMRI_WM_hp200_s4_level2_MSMAll.feat/GrayordinatesStats/cope13.feat/mask.dtseries.nii","RneI9r1jgcRJzNIZSU3.wvWPkPnGTf2b"
"s3://hcp-openaccess/HCP_1200/506234/MNINonLinear/Results/tfMRI_WM/tfMRI_WM_hp200_s4_level2_MSMAll.feat/GrayordinatesStats/cope13.feat/mean_random_effects_var1.dtseries.nii","506234","MNINonLinear//Results/tfMRI_WM/tfMRI_WM_hp200_s4_level2_MSMAll.feat/GrayordinatesStats/cope13.feat/mean_random_effects_var1.dtseries.nii","5xNrFlRBkQGoBu53K_D4vHhKv4j7zNjv"
"s3://hcp-openaccess/HCP_1200/506234/MNINonLinear/Results/tfMRI_WM/tfMRI_WM_hp200_s4_level2_MSMAll.feat/GrayordinatesStats/cope13.feat/pe1.dtseries.nii","506234","MNINonLinear//Results/tfMRI_WM/tfMRI_WM_hp200_s4_level2_MSMAll.feat/GrayordinatesStats/cope13.feat/pe1.dtseries.nii","qh1cjegCRYLz2IMMn2wWd7Yt6aATvbKn"
"s3://hcp-openaccess/HCP_1200/506234/MNINonLinear/Results/tfMRI_WM/tfMRI_WM_hp200_s4_level2_MSMAll.feat/GrayordinatesStats/cope13.feat/res4d.dtseries.nii","506234","MNINonLinear//Results/tfMRI_WM/tfMRI_WM_hp200_s4_level2_MSMAll.feat/GrayordinatesStats/cope13.feat/res4d.dtseries.nii","kfdvlF02iiT3_o7OcRlRnjEk7Lkllalb"
"s3://hcp-openaccess/HCP_1200/506234/MNINonLinear/Results/tfMRI_WM/tfMRI_WM_hp200_s4_level2_MSMAll.feat/GrayordinatesStats/cope13.feat/tdof_t1.dtseries.nii","506234","MNINonLinear//Results/tfMRI_WM/tfMRI_WM_hp200_s4_level2_MSMAll.feat/GrayordinatesStats/cope13.feat/tdof_t1.dtseries.nii","05_aiDNaZOU8iVUt_lMGreOUNbi4jq65"
"s3://hcp-openaccess/HCP_1200/506234/MNINonLinear/Results/tfMRI_WM/tfMRI_WM_hp200_s4_level2_MSMAll.feat/GrayordinatesStats/cope13.feat/tstat1.dtseries.nii","506234","MNINonLinear//Results/tfMRI_WM/tfMRI_WM_hp200_s4_level2_MSMAll.feat/GrayordinatesStats/cope13.feat/tstat1.dtseries.nii","fAALqhAkDfn7smEUg.pXNq8N5HWLxLVH"
"s3://hcp-openaccess/HCP_1200/506234/MNINonLinear/Results/tfMRI_WM/tfMRI_WM_hp200_s4_level2_MSMAll.feat/GrayordinatesStats/cope13.feat/varcope1.dtseries.nii","506234","MNINonLinear//Results/tfMRI_WM/tfMRI_WM_hp200_s4_level2_MSMAll.feat/GrayordinatesStats/cope13.feat/varcope1.dtseries.nii","WDYdDLWKe4p3MjDsCU_S13kpIyZ4baEq"
"s3://hcp-openaccess/HCP_1200/506234/MNINonLinear/Results/tfMRI_WM/tfMRI_WM_hp200_s4_level2_MSMAll.feat/GrayordinatesStats/cope13.feat/weights1.dtseries.nii","506234","MNINonLinear//Results/tfMRI_WM/tfMRI_WM_hp200_s4_level2_MSMAll.feat/GrayordinatesStats/cope13.feat/weights1.dtseries.nii","nCD3iJjOXna1EAEezTPMZ9XtZcOUT3OG"
"s3://hcp-openaccess/HCP_1200/506234/MNINonLinear/Results/tfMRI_WM/tfMRI_WM_hp200_s4_level2_MSMAll.feat/GrayordinatesStats/cope13.feat/zflame1lowertstat1.dtseries.nii","506234","MNINonLinear//Results/tfMRI_WM/tfMRI_WM_hp200_s4_level2_MSMAll.feat/GrayordinatesStats/cope13.feat/zflame1lowertstat1.dtseries.nii","cA8lAXRZZvI03MNqG3X05NDdpSkdfkgR"
"s3://hcp-openaccess/HCP_1200/506234/MNINonLinear/Results/tfMRI_WM/tfMRI_WM_hp200_s4_level2_MSMAll.feat/GrayordinatesStats/cope13.feat/zflame1uppertstat1.dtseries.nii","506234","MNINonLinear//Results/tfMRI_WM/tfMRI_WM_hp200_s4_level2_MSMAll.feat/GrayordinatesStats/cope13.feat/zflame1uppertstat1.dtseries.nii","RqwfZtBnJow2qB8f2GksERznkM7f5ztI"
"s3://hcp-openaccess/HCP_1200/506234/MNINonLinear/Results/tfMRI_WM/tfMRI_WM_hp200_s4_level2_MSMAll.feat/GrayordinatesStats/cope13.feat/zstat1.dtseries.nii","506234","MNINonLinear//Results/tfMRI_WM/tfMRI_WM_hp200_s4_level2_MSMAll.feat/GrayordinatesStats/cope13.feat/zstat1.dtseries.nii","9juKXoHWfoLbHCkxnMFCWNhiuFkpM5Pa"
"s3://hcp-openaccess/HCP_1200/506234/MNINonLinear/Results/tfMRI_WM/tfMRI_WM_hp200_s4_level2_MSMAll.feat/GrayordinatesStats/cope14.feat/cope1.dtseries.nii","506234","MNINonLinear//Results/tfMRI_WM/tfMRI_WM_hp200_s4_level2_MSMAll.feat/GrayordinatesStats/cope14.feat/cope1.dtseries.nii","o88LletiphoWz0WzbcFFX7_JrlRIkkV0"
"s3://hcp-openaccess/HCP_1200/506234/MNINonLinear/Results/tfMRI_WM/tfMRI_WM_hp200_s4_level2_MSMAll.feat/GrayordinatesStats/cope14.feat/logfile","506234","MNINonLinear//Results/tfMRI_WM/tfMRI_WM_hp200_s4_level2_MSMAll.feat/GrayordinatesStats/cope14.feat/logfile","tANhAf9Tfpd7SB0lSm_hHC8N_peRRPuv"
"s3://hcp-openaccess/HCP_1200/506234/MNINonLinear/Results/tfMRI_WM/tfMRI_WM_hp200_s4_level2_MSMAll.feat/GrayordinatesStats/cope14.feat/mask.dtseries.nii","506234","MNINonLinear//Results/tfMRI_WM/tfMRI_WM_hp200_s4_level2_MSMAll.feat/GrayordinatesStats/cope14.feat/mask.dtseries.nii","d0tq9gGDynR_d4zKGk7TPf2zSdFLC_E9"
"s3://hcp-openaccess/HCP_1200/506234/MNINonLinear/Results/tfMRI_WM/tfMRI_WM_hp200_s4_level2_MSMAll.feat/GrayordinatesStats/cope14.feat/mean_random_effects_var1.dtseries.nii","506234","MNINonLinear//Results/tfMRI_WM/tfMRI_WM_hp200_s4_level2_MSMAll.feat/GrayordinatesStats/cope14.feat/mean_random_effects_var1.dtseries.nii","teY5bvD1ZJ2c3UNU_jjXhgeyf3L4pqgi"
"s3://hcp-openaccess/HCP_1200/506234/MNINonLinear/Results/tfMRI_WM/tfMRI_WM_hp200_s4_level2_MSMAll.feat/GrayordinatesStats/cope14.feat/pe1.dtseries.nii","506234","MNINonLinear//Results/tfMRI_WM/tfMRI_WM_hp200_s4_level2_MSMAll.feat/GrayordinatesStats/cope14.feat/pe1.dtseries.nii","Z9L8TVNh8e_gv8psiGVWeGebIf3FkrBF"
"s3://hcp-openaccess/HCP_1200/506234/MNINonLinear/Results/tfMRI_WM/tfMRI_WM_hp200_s4_level2_MSMAll.feat/GrayordinatesStats/cope14.feat/res4d.dtseries.nii","506234","MNINonLinear//Results/tfMRI_WM/tfMRI_WM_hp200_s4_level2_MSMAll.feat/GrayordinatesStats/cope14.feat/res4d.dtseries.nii","XO0lj_dyhim15GI4LBfOOg2125f7M0MX"
"s3://hcp-openaccess/HCP_1200/506234/MNINonLinear/Results/tfMRI_WM/tfMRI_WM_hp200_s4_level2_MSMAll.feat/GrayordinatesStats/cope14.feat/tdof_t1.dtseries.nii","506234","MNINonLinear//Results/tfMRI_WM/tfMRI_WM_hp200_s4_level2_MSMAll.feat/GrayordinatesStats/cope14.feat/tdof_t1.dtseries.nii","cESr7nBT0EaBx2wdK4Dp9mfAsOdoBmCq"
"s3://hcp-openaccess/HCP_1200/506234/MNINonLinear/Results/tfMRI_WM/tfMRI_WM_hp200_s4_level2_MSMAll.feat/GrayordinatesStats/cope14.feat/tstat1.dtseries.nii","506234","MNINonLinear//Results/tfMRI_WM/tfMRI_WM_hp200_s4_level2_MSMAll.feat/GrayordinatesStats/cope14.feat/tstat1.dtseries.nii","pvy_LmPi2URRigBcpqEniRFyngRKH4pZ"
"s3://hcp-openaccess/HCP_1200/506234/MNINonLinear/Results/tfMRI_WM/tfMRI_WM_hp200_s4_level2_MSMAll.feat/GrayordinatesStats/cope14.feat/varcope1.dtseries.nii","506234","MNINonLinear//Results/tfMRI_WM/tfMRI_WM_hp200_s4_level2_MSMAll.feat/GrayordinatesStats/cope14.feat/varcope1.dtseries.nii","KLKepwJfMSxGWhP0L8MGs_JZCvRoTsTH"
"s3://hcp-openaccess/HCP_1200/506234/MNINonLinear/Results/tfMRI_WM/tfMRI_WM_hp200_s4_level2_MSMAll.feat/GrayordinatesStats/cope14.feat/weights1.dtseries.nii","506234","MNINonLinear//Results/tfMRI_WM/tfMRI_WM_hp200_s4_level2_MSMAll.feat/GrayordinatesStats/cope14.feat/weights1.dtseries.nii","qf6ZaGojScl5_IrbEYcsvmQUqyBv7NZT"
"s3://hcp-openaccess/HCP_1200/506234/MNINonLinear/Results/tfMRI_WM/tfMRI_WM_hp200_s4_level2_MSMAll.feat/GrayordinatesStats/cope14.feat/zflame1lowertstat1.dtseries.nii","506234","MNINonLinear//Results/tfMRI_WM/tfMRI_WM_hp200_s4_level2_MSMAll.feat/GrayordinatesStats/cope14.feat/zflame1lowertstat1.dtseries.nii","2b7cqM6XE3GMoWROl.I2UAugRBP.bllL"
"s3://hcp-openaccess/HCP_1200/506234/MNINonLinear/Results/tfMRI_WM/tfMRI_WM_hp200_s4_level2_MSMAll.feat/GrayordinatesStats/cope14.feat/zflame1uppertstat1.dtseries.nii","506234","MNINonLinear//Results/tfMRI_WM/tfMRI_WM_hp200_s4_level2_MSMAll.feat/GrayordinatesStats/cope14.feat/zflame1uppertstat1.dtseries.nii","fmfsv4DeJYkIJN7O2M6qnj_XZIGRHL.p"
"s3://hcp-openaccess/HCP_1200/506234/MNINonLinear/Results/tfMRI_WM/tfMRI_WM_hp200_s4_level2_MSMAll.feat/GrayordinatesStats/cope14.feat/zstat1.dtseries.nii","506234","MNINonLinear//Results/tfMRI_WM/tfMRI_WM_hp200_s4_level2_MSMAll.feat/GrayordinatesStats/cope14.feat/zstat1.dtseries.nii","7G.VKtKyOmPxjJnyZNPcoCe0rHvIh9jJ"
"s3://hcp-openaccess/HCP_1200/506234/MNINonLinear/Results/tfMRI_WM/tfMRI_WM_hp200_s4_level2_MSMAll.feat/GrayordinatesStats/cope15.feat/cope1.dtseries.nii","506234","MNINonLinear//Results/tfMRI_WM/tfMRI_WM_hp200_s4_level2_MSMAll.feat/GrayordinatesStats/cope15.feat/cope1.dtseries.nii","PvunLgF2AO.emg1dc_o.ciZ7qoByRxcq"
"s3://hcp-openaccess/HCP_1200/506234/MNINonLinear/Results/tfMRI_WM/tfMRI_WM_hp200_s4_level2_MSMAll.feat/GrayordinatesStats/cope15.feat/logfile","506234","MNINonLinear//Results/tfMRI_WM/tfMRI_WM_hp200_s4_level2_MSMAll.feat/GrayordinatesStats/cope15.feat/logfile","bvMDqUdS7PvfjDZolA7y8chHNpEQw3cm"
"s3://hcp-openaccess/HCP_1200/506234/MNINonLinear/Results/tfMRI_WM/tfMRI_WM_hp200_s4_level2_MSMAll.feat/GrayordinatesStats/cope15.feat/mask.dtseries.nii","506234","MNINonLinear//Results/tfMRI_WM/tfMRI_WM_hp200_s4_level2_MSMAll.feat/GrayordinatesStats/cope15.feat/mask.dtseries.nii","jv50PratsLKUD6Rgn8pqEldE3d0xGJhK"
"s3://hcp-openaccess/HCP_1200/506234/MNINonLinear/Results/tfMRI_WM/tfMRI_WM_hp200_s4_level2_MSMAll.feat/GrayordinatesStats/cope15.feat/mean_random_effects_var1.dtseries.nii","506234","MNINonLinear//Results/tfMRI_WM/tfMRI_WM_hp200_s4_level2_MSMAll.feat/GrayordinatesStats/cope15.feat/mean_random_effects_var1.dtseries.nii","9aeiF94wNCXi0etMxDq5W5oRRG94ePo8"
"s3://hcp-openaccess/HCP_1200/506234/MNINonLinear/Results/tfMRI_WM/tfMRI_WM_hp200_s4_level2_MSMAll.feat/GrayordinatesStats/cope15.feat/pe1.dtseries.nii","506234","MNINonLinear//Results/tfMRI_WM/tfMRI_WM_hp200_s4_level2_MSMAll.feat/GrayordinatesStats/cope15.feat/pe1.dtseries.nii","JaZ5lj5qBS1qlvyi7VNFqjmGrsToAu5t"
"s3://hcp-openaccess/HCP_1200/506234/MNINonLinear/Results/tfMRI_WM/tfMRI_WM_hp200_s4_level2_MSMAll.feat/GrayordinatesStats/cope15.feat/res4d.dtseries.nii","506234","MNINonLinear//Results/tfMRI_WM/tfMRI_WM_hp200_s4_level2_MSMAll.feat/GrayordinatesStats/cope15.feat/res4d.dtseries.nii","M8cdVoFzkMLB2PEozKFZrH2PU_JnErHY"
"s3://hcp-openaccess/HCP_1200/506234/MNINonLinear/Results/tfMRI_WM/tfMRI_WM_hp200_s4_level2_MSMAll.feat/GrayordinatesStats/cope15.feat/tdof_t1.dtseries.nii","506234","MNINonLinear//Results/tfMRI_WM/tfMRI_WM_hp200_s4_level2_MSMAll.feat/GrayordinatesStats/cope15.feat/tdof_t1.dtseries.nii","qOARdwio8to.Eux.MIJEbKNcPM6l_ybN"
"s3://hcp-openaccess/HCP_1200/506234/MNINonLinear/Results/tfMRI_WM/tfMRI_WM_hp200_s4_level2_MSMAll.feat/GrayordinatesStats/cope15.feat/tstat1.dtseries.nii","506234","MNINonLinear//Results/tfMRI_WM/tfMRI_WM_hp200_s4_level2_MSMAll.feat/GrayordinatesStats/cope15.feat/tstat1.dtseries.nii","V13AlDJXH261nQasAnuc0SXZ9ikQ7dCr"
"s3://hcp-openaccess/HCP_1200/506234/MNINonLinear/Results/tfMRI_WM/tfMRI_WM_hp200_s4_level2_MSMAll.feat/GrayordinatesStats/cope15.feat/varcope1.dtseries.nii","506234","MNINonLinear//Results/tfMRI_WM/tfMRI_WM_hp200_s4_level2_MSMAll.feat/GrayordinatesStats/cope15.feat/varcope1.dtseries.nii","hpunOCVMVrifd015zhMe2PkGjZgHHr6i"
"s3://hcp-openaccess/HCP_1200/506234/MNINonLinear/Results/tfMRI_WM/tfMRI_WM_hp200_s4_level2_MSMAll.feat/GrayordinatesStats/cope15.feat/weights1.dtseries.nii","506234","MNINonLinear//Results/tfMRI_WM/tfMRI_WM_hp200_s4_level2_MSMAll.feat/GrayordinatesStats/cope15.feat/weights1.dtseries.nii","._C1mArNrXidg1IJiicQmEDEUxhCNXoR"
"s3://hcp-openaccess/HCP_1200/506234/MNINonLinear/Results/tfMRI_WM/tfMRI_WM_hp200_s4_level2_MSMAll.feat/GrayordinatesStats/cope15.feat/zflame1lowertstat1.dtseries.nii","506234","MNINonLinear//Results/tfMRI_WM/tfMRI_WM_hp200_s4_level2_MSMAll.feat/GrayordinatesStats/cope15.feat/zflame1lowertstat1.dtseries.nii","BBTBWqhuSWkqCrb6vUIbqS2o9h5mbjbb"
"s3://hcp-openaccess/HCP_1200/506234/MNINonLinear/Results/tfMRI_WM/tfMRI_WM_hp200_s4_level2_MSMAll.feat/GrayordinatesStats/cope15.feat/zflame1uppertstat1.dtseries.nii","506234","MNINonLinear//Results/tfMRI_WM/tfMRI_WM_hp200_s4_level2_MSMAll.feat/GrayordinatesStats/cope15.feat/zflame1uppertstat1.dtseries.nii","u3GHpPQwFPSvd3qTa1LJ5eKlODhRe85J"
"s3://hcp-openaccess/HCP_1200/506234/MNINonLinear/Results/tfMRI_WM/tfMRI_WM_hp200_s4_level2_MSMAll.feat/GrayordinatesStats/cope15.feat/zstat1.dtseries.nii","506234","MNINonLinear//Results/tfMRI_WM/tfMRI_WM_hp200_s4_level2_MSMAll.feat/GrayordinatesStats/cope15.feat/zstat1.dtseries.nii","BPDAJD0_fdqtWhDpR6RXUl9Pn3mS5HUA"
"s3://hcp-openaccess/HCP_1200/506234/MNINonLinear/Results/tfMRI_WM/tfMRI_WM_hp200_s4_level2_MSMAll.feat/GrayordinatesStats/cope16.feat/cope1.dtseries.nii","506234","MNINonLinear//Results/tfMRI_WM/tfMRI_WM_hp200_s4_level2_MSMAll.feat/GrayordinatesStats/cope16.feat/cope1.dtseries.nii","3a927kmnjuvb9xPJNwlOb6hPyJk23pJy"
"s3://hcp-openaccess/HCP_1200/506234/MNINonLinear/Results/tfMRI_WM/tfMRI_WM_hp200_s4_level2_MSMAll.feat/GrayordinatesStats/cope16.feat/logfile","506234","MNINonLinear//Results/tfMRI_WM/tfMRI_WM_hp200_s4_level2_MSMAll.feat/GrayordinatesStats/cope16.feat/logfile","GLBymul.SkdxziPW7TIteUrVPWvCW10A"
"s3://hcp-openaccess/HCP_1200/506234/MNINonLinear/Results/tfMRI_WM/tfMRI_WM_hp200_s4_level2_MSMAll.feat/GrayordinatesStats/cope16.feat/mask.dtseries.nii","506234","MNINonLinear//Results/tfMRI_WM/tfMRI_WM_hp200_s4_level2_MSMAll.feat/GrayordinatesStats/cope16.feat/mask.dtseries.nii","Xp4KocM3FeTDiA26FC9FKP83vwl3H9_S"
"s3://hcp-openaccess/HCP_1200/506234/MNINonLinear/Results/tfMRI_WM/tfMRI_WM_hp200_s4_level2_MSMAll.feat/GrayordinatesStats/cope16.feat/mean_random_effects_var1.dtseries.nii","506234","MNINonLinear//Results/tfMRI_WM/tfMRI_WM_hp200_s4_level2_MSMAll.feat/GrayordinatesStats/cope16.feat/mean_random_effects_var1.dtseries.nii","jzk2e2gzO8UEJwPFJXkiNoVT25yeKOjK"
"s3://hcp-openaccess/HCP_1200/506234/MNINonLinear/Results/tfMRI_WM/tfMRI_WM_hp200_s4_level2_MSMAll.feat/GrayordinatesStats/cope16.feat/pe1.dtseries.nii","506234","MNINonLinear//Results/tfMRI_WM/tfMRI_WM_hp200_s4_level2_MSMAll.feat/GrayordinatesStats/cope16.feat/pe1.dtseries.nii","Z.XMY7HJvDiuBhKeKOtn8yDvA3F1e85B"
"s3://hcp-openaccess/HCP_1200/506234/MNINonLinear/Results/tfMRI_WM/tfMRI_WM_hp200_s4_level2_MSMAll.feat/GrayordinatesStats/cope16.feat/res4d.dtseries.nii","506234","MNINonLinear//Results/tfMRI_WM/tfMRI_WM_hp200_s4_level2_MSMAll.feat/GrayordinatesStats/cope16.feat/res4d.dtseries.nii","A8rf2pLHenyoebmUmLTZx.jU7WED_LAN"
"s3://hcp-openaccess/HCP_1200/506234/MNINonLinear/Results/tfMRI_WM/tfMRI_WM_hp200_s4_level2_MSMAll.feat/GrayordinatesStats/cope16.feat/tdof_t1.dtseries.nii","506234","MNINonLinear//Results/tfMRI_WM/tfMRI_WM_hp200_s4_level2_MSMAll.feat/GrayordinatesStats/cope16.feat/tdof_t1.dtseries.nii","owvvMedcSTpemDEf3JkLFnV5VZgWb2hd"
"s3://hcp-openaccess/HCP_1200/506234/MNINonLinear/Results/tfMRI_WM/tfMRI_WM_hp200_s4_level2_MSMAll.feat/GrayordinatesStats/cope16.feat/tstat1.dtseries.nii","506234","MNINonLinear//Results/tfMRI_WM/tfMRI_WM_hp200_s4_level2_MSMAll.feat/GrayordinatesStats/cope16.feat/tstat1.dtseries.nii","DZsnqB7ElwTWikuzvcGJ9donTtoTVZSn"
"s3://hcp-openaccess/HCP_1200/506234/MNINonLinear/Results/tfMRI_WM/tfMRI_WM_hp200_s4_level2_MSMAll.feat/GrayordinatesStats/cope16.feat/varcope1.dtseries.nii","506234","MNINonLinear//Results/tfMRI_WM/tfMRI_WM_hp200_s4_level2_MSMAll.feat/GrayordinatesStats/cope16.feat/varcope1.dtseries.nii","oexlc_A_bFWCL.W3fXq8BQ5T8ndl7vze"
"s3://hcp-openaccess/HCP_1200/506234/MNINonLinear/Results/tfMRI_WM/tfMRI_WM_hp200_s4_level2_MSMAll.feat/GrayordinatesStats/cope16.feat/weights1.dtseries.nii","506234","MNINonLinear//Results/tfMRI_WM/tfMRI_WM_hp200_s4_level2_MSMAll.feat/GrayordinatesStats/cope16.feat/weights1.dtseries.nii","FstyPtFLk2Z1ZCa4_L7GlD0GTIaJh0ZA"
"s3://hcp-openaccess/HCP_1200/506234/MNINonLinear/Results/tfMRI_WM/tfMRI_WM_hp200_s4_level2_MSMAll.feat/GrayordinatesStats/cope16.feat/zflame1lowertstat1.dtseries.nii","506234","MNINonLinear//Results/tfMRI_WM/tfMRI_WM_hp200_s4_level2_MSMAll.feat/GrayordinatesStats/cope16.feat/zflame1lowertstat1.dtseries.nii","33jUqIfJVsd1xJ0R0fx5exSngo7a.cln"
"s3://hcp-openaccess/HCP_1200/506234/MNINonLinear/Results/tfMRI_WM/tfMRI_WM_hp200_s4_level2_MSMAll.feat/GrayordinatesStats/cope16.feat/zflame1uppertstat1.dtseries.nii","506234","MNINonLinear//Results/tfMRI_WM/tfMRI_WM_hp200_s4_level2_MSMAll.feat/GrayordinatesStats/cope16.feat/zflame1uppertstat1.dtseries.nii","_gjcDh6DovjSQ.W.TkZ2yaHci.rxY0JI"
"s3://hcp-openaccess/HCP_1200/506234/MNINonLinear/Results/tfMRI_WM/tfMRI_WM_hp200_s4_level2_MSMAll.feat/GrayordinatesStats/cope16.feat/zstat1.dtseries.nii","506234","MNINonLinear//Results/tfMRI_WM/tfMRI_WM_hp200_s4_level2_MSMAll.feat/GrayordinatesStats/cope16.feat/zstat1.dtseries.nii","DwL.0ayAt6HFEloXK1lIg.Ls4boqKEJ4"
"s3://hcp-openaccess/HCP_1200/506234/MNINonLinear/Results/tfMRI_WM/tfMRI_WM_hp200_s4_level2_MSMAll.feat/GrayordinatesStats/cope17.feat/cope1.dtseries.nii","506234","MNINonLinear//Results/tfMRI_WM/tfMRI_WM_hp200_s4_level2_MSMAll.feat/GrayordinatesStats/cope17.feat/cope1.dtseries.nii","snh82OQV7fCwaM5nor1oZX_jpPACl3qk"
"s3://hcp-openaccess/HCP_1200/506234/MNINonLinear/Results/tfMRI_WM/tfMRI_WM_hp200_s4_level2_MSMAll.feat/GrayordinatesStats/cope17.feat/logfile","506234","MNINonLinear//Results/tfMRI_WM/tfMRI_WM_hp200_s4_level2_MSMAll.feat/GrayordinatesStats/cope17.feat/logfile","xTIbTvWWvJvi2iUSGJafrNl1dGKXBOqi"
"s3://hcp-openaccess/HCP_1200/506234/MNINonLinear/Results/tfMRI_WM/tfMRI_WM_hp200_s4_level2_MSMAll.feat/GrayordinatesStats/cope17.feat/mask.dtseries.nii","506234","MNINonLinear//Results/tfMRI_WM/tfMRI_WM_hp200_s4_level2_MSMAll.feat/GrayordinatesStats/cope17.feat/mask.dtseries.nii","9KvOWK3kZdxQ94.mIrVWSpFtgGrbs6hv"
"s3://hcp-openaccess/HCP_1200/506234/MNINonLinear/Results/tfMRI_WM/tfMRI_WM_hp200_s4_level2_MSMAll.feat/GrayordinatesStats/cope17.feat/mean_random_effects_var1.dtseries.nii","506234","MNINonLinear//Results/tfMRI_WM/tfMRI_WM_hp200_s4_level2_MSMAll.feat/GrayordinatesStats/cope17.feat/mean_random_effects_var1.dtseries.nii","2SzQL1iZrmpJ_hH0qlW4aEwOxffwQr1Y"
"s3://hcp-openaccess/HCP_1200/506234/MNINonLinear/Results/tfMRI_WM/tfMRI_WM_hp200_s4_level2_MSMAll.feat/GrayordinatesStats/cope17.feat/pe1.dtseries.nii","506234","MNINonLinear//Results/tfMRI_WM/tfMRI_WM_hp200_s4_level2_MSMAll.feat/GrayordinatesStats/cope17.feat/pe1.dtseries.nii","jlzKgsijff7qeK88TQsbCHsMs20kBPFi"
"s3://hcp-openaccess/HCP_1200/506234/MNINonLinear/Results/tfMRI_WM/tfMRI_WM_hp200_s4_level2_MSMAll.feat/GrayordinatesStats/cope17.feat/res4d.dtseries.nii","506234","MNINonLinear//Results/tfMRI_WM/tfMRI_WM_hp200_s4_level2_MSMAll.feat/GrayordinatesStats/cope17.feat/res4d.dtseries.nii","ekE0D_KyDpn.ctwQr71IsQ43.45fO9Sx"
"s3://hcp-openaccess/HCP_1200/506234/MNINonLinear/Results/tfMRI_WM/tfMRI_WM_hp200_s4_level2_MSMAll.feat/GrayordinatesStats/cope17.feat/tdof_t1.dtseries.nii","506234","MNINonLinear//Results/tfMRI_WM/tfMRI_WM_hp200_s4_level2_MSMAll.feat/GrayordinatesStats/cope17.feat/tdof_t1.dtseries.nii","l1ORfFZp6q3nif94mVOOQcMsz87TRRaN"
"s3://hcp-openaccess/HCP_1200/506234/MNINonLinear/Results/tfMRI_WM/tfMRI_WM_hp200_s4_level2_MSMAll.feat/GrayordinatesStats/cope17.feat/tstat1.dtseries.nii","506234","MNINonLinear//Results/tfMRI_WM/tfMRI_WM_hp200_s4_level2_MSMAll.feat/GrayordinatesStats/cope17.feat/tstat1.dtseries.nii","KZHphNqdAqELby5vvTAzEBK.t2rpn0gZ"
"s3://hcp-openaccess/HCP_1200/506234/MNINonLinear/Results/tfMRI_WM/tfMRI_WM_hp200_s4_level2_MSMAll.feat/GrayordinatesStats/cope17.feat/varcope1.dtseries.nii","506234","MNINonLinear//Results/tfMRI_WM/tfMRI_WM_hp200_s4_level2_MSMAll.feat/GrayordinatesStats/cope17.feat/varcope1.dtseries.nii","EqDIBopiviIFshwrIhbCZ4IItIiSERhL"
"s3://hcp-openaccess/HCP_1200/506234/MNINonLinear/Results/tfMRI_WM/tfMRI_WM_hp200_s4_level2_MSMAll.feat/GrayordinatesStats/cope17.feat/weights1.dtseries.nii","506234","MNINonLinear//Results/tfMRI_WM/tfMRI_WM_hp200_s4_level2_MSMAll.feat/GrayordinatesStats/cope17.feat/weights1.dtseries.nii","mQam9DObRWoc3Fyt.Nxs0EE7EbxvzH7z"
"s3://hcp-openaccess/HCP_1200/506234/MNINonLinear/Results/tfMRI_WM/tfMRI_WM_hp200_s4_level2_MSMAll.feat/GrayordinatesStats/cope17.feat/zflame1lowertstat1.dtseries.nii","506234","MNINonLinear//Results/tfMRI_WM/tfMRI_WM_hp200_s4_level2_MSMAll.feat/GrayordinatesStats/cope17.feat/zflame1lowertstat1.dtseries.nii","ipRsImqzaJQHvLlQFG2JtgyHR3fyUa8F"
"s3://hcp-openaccess/HCP_1200/506234/MNINonLinear/Results/tfMRI_WM/tfMRI_WM_hp200_s4_level2_MSMAll.feat/GrayordinatesStats/cope17.feat/zflame1uppertstat1.dtseries.nii","506234","MNINonLinear//Results/tfMRI_WM/tfMRI_WM_hp200_s4_level2_MSMAll.feat/GrayordinatesStats/cope17.feat/zflame1uppertstat1.dtseries.nii","Zsg6YH1tAvWYlOHCmqQSRclJr1Dw8cEa"
"s3://hcp-openaccess/HCP_1200/506234/MNINonLinear/Results/tfMRI_WM/tfMRI_WM_hp200_s4_level2_MSMAll.feat/GrayordinatesStats/cope17.feat/zstat1.dtseries.nii","506234","MNINonLinear//Results/tfMRI_WM/tfMRI_WM_hp200_s4_level2_MSMAll.feat/GrayordinatesStats/cope17.feat/zstat1.dtseries.nii","2dcbldqSqWWRTWuYgm6NLPvlPVhFaoSB"
"s3://hcp-openaccess/HCP_1200/506234/MNINonLinear/Results/tfMRI_WM/tfMRI_WM_hp200_s4_level2_MSMAll.feat/GrayordinatesStats/cope18.feat/cope1.dtseries.nii","506234","MNINonLinear//Results/tfMRI_WM/tfMRI_WM_hp200_s4_level2_MSMAll.feat/GrayordinatesStats/cope18.feat/cope1.dtseries.nii","AaZctkO1oBrg0tsxQjZTFl.j97YfQLZq"
"s3://hcp-openaccess/HCP_1200/506234/MNINonLinear/Results/tfMRI_WM/tfMRI_WM_hp200_s4_level2_MSMAll.feat/GrayordinatesStats/cope18.feat/logfile","506234","MNINonLinear//Results/tfMRI_WM/tfMRI_WM_hp200_s4_level2_MSMAll.feat/GrayordinatesStats/cope18.feat/logfile","kfocBIEa.P_UVZrDn3Cwe4nuDnuxcON0"
"s3://hcp-openaccess/HCP_1200/506234/MNINonLinear/Results/tfMRI_WM/tfMRI_WM_hp200_s4_level2_MSMAll.feat/GrayordinatesStats/cope18.feat/mask.dtseries.nii","506234","MNINonLinear//Results/tfMRI_WM/tfMRI_WM_hp200_s4_level2_MSMAll.feat/GrayordinatesStats/cope18.feat/mask.dtseries.nii","DiW39jyqCLv7mHPTqQvWqiTtOp_l2PMA"
"s3://hcp-openaccess/HCP_1200/506234/MNINonLinear/Results/tfMRI_WM/tfMRI_WM_hp200_s4_level2_MSMAll.feat/GrayordinatesStats/cope18.feat/mean_random_effects_var1.dtseries.nii","506234","MNINonLinear//Results/tfMRI_WM/tfMRI_WM_hp200_s4_level2_MSMAll.feat/GrayordinatesStats/cope18.feat/mean_random_effects_var1.dtseries.nii","rTk2MglmmKHNJUfDpySLlXjsNclwZgCQ"
"s3://hcp-openaccess/HCP_1200/506234/MNINonLinear/Results/tfMRI_WM/tfMRI_WM_hp200_s4_level2_MSMAll.feat/GrayordinatesStats/cope18.feat/pe1.dtseries.nii","506234","MNINonLinear//Results/tfMRI_WM/tfMRI_WM_hp200_s4_level2_MSMAll.feat/GrayordinatesStats/cope18.feat/pe1.dtseries.nii","1QkUd5oTZ.zclpVc60XHoJtbwMq10j3v"
"s3://hcp-openaccess/HCP_1200/506234/MNINonLinear/Results/tfMRI_WM/tfMRI_WM_hp200_s4_level2_MSMAll.feat/GrayordinatesStats/cope18.feat/res4d.dtseries.nii","506234","MNINonLinear//Results/tfMRI_WM/tfMRI_WM_hp200_s4_level2_MSMAll.feat/GrayordinatesStats/cope18.feat/res4d.dtseries.nii","07cpvW5_yC59dzS5xUfvf_zJQVFr0hNS"
"s3://hcp-openaccess/HCP_1200/506234/MNINonLinear/Results/tfMRI_WM/tfMRI_WM_hp200_s4_level2_MSMAll.feat/GrayordinatesStats/cope18.feat/tdof_t1.dtseries.nii","506234","MNINonLinear//Results/tfMRI_WM/tfMRI_WM_hp200_s4_level2_MSMAll.feat/GrayordinatesStats/cope18.feat/tdof_t1.dtseries.nii","mapli94mayN0Mq1h2X1LO5ukLUazmia0"
"s3://hcp-openaccess/HCP_1200/506234/MNINonLinear/Results/tfMRI_WM/tfMRI_WM_hp200_s4_level2_MSMAll.feat/GrayordinatesStats/cope18.feat/tstat1.dtseries.nii","506234","MNINonLinear//Results/tfMRI_WM/tfMRI_WM_hp200_s4_level2_MSMAll.feat/GrayordinatesStats/cope18.feat/tstat1.dtseries.nii","KEzIeAE83BXeAmPctsWBbqGa.YXPCxMa"
"s3://hcp-openaccess/HCP_1200/506234/MNINonLinear/Results/tfMRI_WM/tfMRI_WM_hp200_s4_level2_MSMAll.feat/GrayordinatesStats/cope18.feat/varcope1.dtseries.nii","506234","MNINonLinear//Results/tfMRI_WM/tfMRI_WM_hp200_s4_level2_MSMAll.feat/GrayordinatesStats/cope18.feat/varcope1.dtseries.nii","mUsPzu4iHo6H9PV216kTR4B3eizLK0JH"
"s3://hcp-openaccess/HCP_1200/506234/MNINonLinear/Results/tfMRI_WM/tfMRI_WM_hp200_s4_level2_MSMAll.feat/GrayordinatesStats/cope18.feat/weights1.dtseries.nii","506234","MNINonLinear//Results/tfMRI_WM/tfMRI_WM_hp200_s4_level2_MSMAll.feat/GrayordinatesStats/cope18.feat/weights1.dtseries.nii","_V3WAeI1neioCERgfOPzHLvf0zPdc2Gx"
"s3://hcp-openaccess/HCP_1200/506234/MNINonLinear/Results/tfMRI_WM/tfMRI_WM_hp200_s4_level2_MSMAll.feat/GrayordinatesStats/cope18.feat/zflame1lowertstat1.dtseries.nii","506234","MNINonLinear//Results/tfMRI_WM/tfMRI_WM_hp200_s4_level2_MSMAll.feat/GrayordinatesStats/cope18.feat/zflame1lowertstat1.dtseries.nii","J3JFswzXEJwkzSRmD0jb0iXKA7zzLvrU"
"s3://hcp-openaccess/HCP_1200/506234/MNINonLinear/Results/tfMRI_WM/tfMRI_WM_hp200_s4_level2_MSMAll.feat/GrayordinatesStats/cope18.feat/zflame1uppertstat1.dtseries.nii","506234","MNINonLinear//Results/tfMRI_WM/tfMRI_WM_hp200_s4_level2_MSMAll.feat/GrayordinatesStats/cope18.feat/zflame1uppertstat1.dtseries.nii","nTfKHxap3cTNrNXkQwkKB3UqYjpwxtO1"
"s3://hcp-openaccess/HCP_1200/506234/MNINonLinear/Results/tfMRI_WM/tfMRI_WM_hp200_s4_level2_MSMAll.feat/GrayordinatesStats/cope18.feat/zstat1.dtseries.nii","506234","MNINonLinear//Results/tfMRI_WM/tfMRI_WM_hp200_s4_level2_MSMAll.feat/GrayordinatesStats/cope18.feat/zstat1.dtseries.nii","BLtmjfubDOlv1I1tqxktgrnF9Uitdt_U"
"s3://hcp-openaccess/HCP_1200/506234/MNINonLinear/Results/tfMRI_WM/tfMRI_WM_hp200_s4_level2_MSMAll.feat/GrayordinatesStats/cope19.feat/cope1.dtseries.nii","506234","MNINonLinear//Results/tfMRI_WM/tfMRI_WM_hp200_s4_level2_MSMAll.feat/GrayordinatesStats/cope19.feat/cope1.dtseries.nii","1I10uMFaJiS8L6pZ0h_hRcgrxcZudnOF"
"s3://hcp-openaccess/HCP_1200/506234/MNINonLinear/Results/tfMRI_WM/tfMRI_WM_hp200_s4_level2_MSMAll.feat/GrayordinatesStats/cope19.feat/logfile","506234","MNINonLinear//Results/tfMRI_WM/tfMRI_WM_hp200_s4_level2_MSMAll.feat/GrayordinatesStats/cope19.feat/logfile","DiEW2zueM6AkSUs65HqaPgwIpTpoSwu5"
"s3://hcp-openaccess/HCP_1200/506234/MNINonLinear/Results/tfMRI_WM/tfMRI_WM_hp200_s4_level2_MSMAll.feat/GrayordinatesStats/cope19.feat/mask.dtseries.nii","506234","MNINonLinear//Results/tfMRI_WM/tfMRI_WM_hp200_s4_level2_MSMAll.feat/GrayordinatesStats/cope19.feat/mask.dtseries.nii","qh.lMpx6avFP.fKClVFQ8TH_EDCs4GrW"
"s3://hcp-openaccess/HCP_1200/506234/MNINonLinear/Results/tfMRI_WM/tfMRI_WM_hp200_s4_level2_MSMAll.feat/GrayordinatesStats/cope19.feat/mean_random_effects_var1.dtseries.nii","506234","MNINonLinear//Results/tfMRI_WM/tfMRI_WM_hp200_s4_level2_MSMAll.feat/GrayordinatesStats/cope19.feat/mean_random_effects_var1.dtseries.nii","Wxwc5I4Stms5KuJe4o9OBW4gO4pIHDhx"
"s3://hcp-openaccess/HCP_1200/506234/MNINonLinear/Results/tfMRI_WM/tfMRI_WM_hp200_s4_level2_MSMAll.feat/GrayordinatesStats/cope19.feat/pe1.dtseries.nii","506234","MNINonLinear//Results/tfMRI_WM/tfMRI_WM_hp200_s4_level2_MSMAll.feat/GrayordinatesStats/cope19.feat/pe1.dtseries.nii","5bNk8qZy7j7m.7eNX17yQaI0Thmbq29r"
"s3://hcp-openaccess/HCP_1200/506234/MNINonLinear/Results/tfMRI_WM/tfMRI_WM_hp200_s4_level2_MSMAll.feat/GrayordinatesStats/cope19.feat/res4d.dtseries.nii","506234","MNINonLinear//Results/tfMRI_WM/tfMRI_WM_hp200_s4_level2_MSMAll.feat/GrayordinatesStats/cope19.feat/res4d.dtseries.nii",".vtxmz33ErU3n.5T4dv6aVu5MUfPr37Y"
"s3://hcp-openaccess/HCP_1200/506234/MNINonLinear/Results/tfMRI_WM/tfMRI_WM_hp200_s4_level2_MSMAll.feat/GrayordinatesStats/cope19.feat/tdof_t1.dtseries.nii","506234","MNINonLinear//Results/tfMRI_WM/tfMRI_WM_hp200_s4_level2_MSMAll.feat/GrayordinatesStats/cope19.feat/tdof_t1.dtseries.nii","9lChFN39DLiqtamndMTzJRMO0xqYcMRu"
"s3://hcp-openaccess/HCP_1200/506234/MNINonLinear/Results/tfMRI_WM/tfMRI_WM_hp200_s4_level2_MSMAll.feat/GrayordinatesStats/cope19.feat/tstat1.dtseries.nii","506234","MNINonLinear//Results/tfMRI_WM/tfMRI_WM_hp200_s4_level2_MSMAll.feat/GrayordinatesStats/cope19.feat/tstat1.dtseries.nii","DH1IDXWBP4OoqpU0UnqDY_0F8BwCvYpN"
"s3://hcp-openaccess/HCP_1200/506234/MNINonLinear/Results/tfMRI_WM/tfMRI_WM_hp200_s4_level2_MSMAll.feat/GrayordinatesStats/cope19.feat/varcope1.dtseries.nii","506234","MNINonLinear//Results/tfMRI_WM/tfMRI_WM_hp200_s4_level2_MSMAll.feat/GrayordinatesStats/cope19.feat/varcope1.dtseries.nii","sUNl9EI6fiswbhnNRcCIIB87ePSrFfX5"
"s3://hcp-openaccess/HCP_1200/506234/MNINonLinear/Results/tfMRI_WM/tfMRI_WM_hp200_s4_level2_MSMAll.feat/GrayordinatesStats/cope19.feat/weights1.dtseries.nii","506234","MNINonLinear//Results/tfMRI_WM/tfMRI_WM_hp200_s4_level2_MSMAll.feat/GrayordinatesStats/cope19.feat/weights1.dtseries.nii","xsLN.lrBsZvoJ0TrKorWOW4d8fIA30xG"
"s3://hcp-openaccess/HCP_1200/506234/MNINonLinear/Results/tfMRI_WM/tfMRI_WM_hp200_s4_level2_MSMAll.feat/GrayordinatesStats/cope19.feat/zflame1lowertstat1.dtseries.nii","506234","MNINonLinear//Results/tfMRI_WM/tfMRI_WM_hp200_s4_level2_MSMAll.feat/GrayordinatesStats/cope19.feat/zflame1lowertstat1.dtseries.nii","8fNAzL9RtpBuXJLUvvzvlkioIS_lWCyB"
"s3://hcp-openaccess/HCP_1200/506234/MNINonLinear/Results/tfMRI_WM/tfMRI_WM_hp200_s4_level2_MSMAll.feat/GrayordinatesStats/cope19.feat/zflame1uppertstat1.dtseries.nii","506234","MNINonLinear//Results/tfMRI_WM/tfMRI_WM_hp200_s4_level2_MSMAll.feat/GrayordinatesStats/cope19.feat/zflame1uppertstat1.dtseries.nii","8428H9wtqjKNxYGNT32E_E16Jch3Eoaf"
"s3://hcp-openaccess/HCP_1200/506234/MNINonLinear/Results/tfMRI_WM/tfMRI_WM_hp200_s4_level2_MSMAll.feat/GrayordinatesStats/cope19.feat/zstat1.dtseries.nii","506234","MNINonLinear//Results/tfMRI_WM/tfMRI_WM_hp200_s4_level2_MSMAll.feat/GrayordinatesStats/cope19.feat/zstat1.dtseries.nii","4I.x4zIz8yrlCyCk9qgLfWUA1l07mvgx"
"s3://hcp-openaccess/HCP_1200/506234/MNINonLinear/Results/tfMRI_WM/tfMRI_WM_hp200_s4_level2_MSMAll.feat/GrayordinatesStats/cope2.feat/cope1.dtseries.nii","506234","MNINonLinear//Results/tfMRI_WM/tfMRI_WM_hp200_s4_level2_MSMAll.feat/GrayordinatesStats/cope2.feat/cope1.dtseries.nii","dVjCH2KIuB8tJ9ixGFRg_lgTCQvCBkEy"
"s3://hcp-openaccess/HCP_1200/506234/MNINonLinear/Results/tfMRI_WM/tfMRI_WM_hp200_s4_level2_MSMAll.feat/GrayordinatesStats/cope2.feat/logfile","506234","MNINonLinear//Results/tfMRI_WM/tfMRI_WM_hp200_s4_level2_MSMAll.feat/GrayordinatesStats/cope2.feat/logfile","TuhElP9EShBkz0Y5bIU3URvU0uBE8wYu"
"s3://hcp-openaccess/HCP_1200/506234/MNINonLinear/Results/tfMRI_WM/tfMRI_WM_hp200_s4_level2_MSMAll.feat/GrayordinatesStats/cope2.feat/mask.dtseries.nii","506234","MNINonLinear//Results/tfMRI_WM/tfMRI_WM_hp200_s4_level2_MSMAll.feat/GrayordinatesStats/cope2.feat/mask.dtseries.nii","BhBexnPC7thGviVXHJuTGDlLqCUzHzb2"
"s3://hcp-openaccess/HCP_1200/506234/MNINonLinear/Results/tfMRI_WM/tfMRI_WM_hp200_s4_level2_MSMAll.feat/GrayordinatesStats/cope2.feat/mean_random_effects_var1.dtseries.nii","506234","MNINonLinear//Results/tfMRI_WM/tfMRI_WM_hp200_s4_level2_MSMAll.feat/GrayordinatesStats/cope2.feat/mean_random_effects_var1.dtseries.nii","lSn1.zUo.nAlMJ33zkyqHBtlUIburK5V"
"s3://hcp-openaccess/HCP_1200/506234/MNINonLinear/Results/tfMRI_WM/tfMRI_WM_hp200_s4_level2_MSMAll.feat/GrayordinatesStats/cope2.feat/pe1.dtseries.nii","506234","MNINonLinear//Results/tfMRI_WM/tfMRI_WM_hp200_s4_level2_MSMAll.feat/GrayordinatesStats/cope2.feat/pe1.dtseries.nii","gkhf.Gq_kAqtu2xywDO6OgoeSxflX8IZ"
"s3://hcp-openaccess/HCP_1200/506234/MNINonLinear/Results/tfMRI_WM/tfMRI_WM_hp200_s4_level2_MSMAll.feat/GrayordinatesStats/cope2.feat/res4d.dtseries.nii","506234","MNINonLinear//Results/tfMRI_WM/tfMRI_WM_hp200_s4_level2_MSMAll.feat/GrayordinatesStats/cope2.feat/res4d.dtseries.nii","w1XFQD7bZaLQbMETJWH3H6ROvjgkmGMM"
"s3://hcp-openaccess/HCP_1200/506234/MNINonLinear/Results/tfMRI_WM/tfMRI_WM_hp200_s4_level2_MSMAll.feat/GrayordinatesStats/cope2.feat/tdof_t1.dtseries.nii","506234","MNINonLinear//Results/tfMRI_WM/tfMRI_WM_hp200_s4_level2_MSMAll.feat/GrayordinatesStats/cope2.feat/tdof_t1.dtseries.nii","4zpDFquSM4gfdbjb3I7Q.XU_JSVS_qjB"
"s3://hcp-openaccess/HCP_1200/506234/MNINonLinear/Results/tfMRI_WM/tfMRI_WM_hp200_s4_level2_MSMAll.feat/GrayordinatesStats/cope2.feat/tstat1.dtseries.nii","506234","MNINonLinear//Results/tfMRI_WM/tfMRI_WM_hp200_s4_level2_MSMAll.feat/GrayordinatesStats/cope2.feat/tstat1.dtseries.nii","uTKR.PouWwSBbmm2qMm1wAATLCirHppM"
"s3://hcp-openaccess/HCP_1200/506234/MNINonLinear/Results/tfMRI_WM/tfMRI_WM_hp200_s4_level2_MSMAll.feat/GrayordinatesStats/cope2.feat/varcope1.dtseries.nii","506234","MNINonLinear//Results/tfMRI_WM/tfMRI_WM_hp200_s4_level2_MSMAll.feat/GrayordinatesStats/cope2.feat/varcope1.dtseries.nii","f4t0w9SUS6yN_VKWJOyLWX.5pUiUtSM8"
"s3://hcp-openaccess/HCP_1200/506234/MNINonLinear/Results/tfMRI_WM/tfMRI_WM_hp200_s4_level2_MSMAll.feat/GrayordinatesStats/cope2.feat/weights1.dtseries.nii","506234","MNINonLinear//Results/tfMRI_WM/tfMRI_WM_hp200_s4_level2_MSMAll.feat/GrayordinatesStats/cope2.feat/weights1.dtseries.nii","iX3H3qDL4Wi0H6d.zQXhC8MLsLLodsJd"
"s3://hcp-openaccess/HCP_1200/506234/MNINonLinear/Results/tfMRI_WM/tfMRI_WM_hp200_s4_level2_MSMAll.feat/GrayordinatesStats/cope2.feat/zflame1lowertstat1.dtseries.nii","506234","MNINonLinear//Results/tfMRI_WM/tfMRI_WM_hp200_s4_level2_MSMAll.feat/GrayordinatesStats/cope2.feat/zflame1lowertstat1.dtseries.nii","nGINDupv8OVmaPxBvH18UnS5CZDqdJfx"
"s3://hcp-openaccess/HCP_1200/506234/MNINonLinear/Results/tfMRI_WM/tfMRI_WM_hp200_s4_level2_MSMAll.feat/GrayordinatesStats/cope2.feat/zflame1uppertstat1.dtseries.nii","506234","MNINonLinear//Results/tfMRI_WM/tfMRI_WM_hp200_s4_level2_MSMAll.feat/GrayordinatesStats/cope2.feat/zflame1uppertstat1.dtseries.nii","yLnzKuXGITPJZMa6UMfm2Bu8691ZAa94"
"s3://hcp-openaccess/HCP_1200/506234/MNINonLinear/Results/tfMRI_WM/tfMRI_WM_hp200_s4_level2_MSMAll.feat/GrayordinatesStats/cope2.feat/zstat1.dtseries.nii","506234","MNINonLinear//Results/tfMRI_WM/tfMRI_WM_hp200_s4_level2_MSMAll.feat/GrayordinatesStats/cope2.feat/zstat1.dtseries.nii","AffIfZyRNMsNEYt0JXNbAMXH2uIuG9K3"
"s3://hcp-openaccess/HCP_1200/506234/MNINonLinear/Results/tfMRI_WM/tfMRI_WM_hp200_s4_level2_MSMAll.feat/GrayordinatesStats/cope20.feat/cope1.dtseries.nii","506234","MNINonLinear//Results/tfMRI_WM/tfMRI_WM_hp200_s4_level2_MSMAll.feat/GrayordinatesStats/cope20.feat/cope1.dtseries.nii","Nd9G8mDV4t_Q02QffTambcMmmoQY_230"
"s3://hcp-openaccess/HCP_1200/506234/MNINonLinear/Results/tfMRI_WM/tfMRI_WM_hp200_s4_level2_MSMAll.feat/GrayordinatesStats/cope20.feat/logfile","506234","MNINonLinear//Results/tfMRI_WM/tfMRI_WM_hp200_s4_level2_MSMAll.feat/GrayordinatesStats/cope20.feat/logfile","E5NHElXPFkZBn.2m9QY0TfB_UsQ4FsQQ"
"s3://hcp-openaccess/HCP_1200/506234/MNINonLinear/Results/tfMRI_WM/tfMRI_WM_hp200_s4_level2_MSMAll.feat/GrayordinatesStats/cope20.feat/mask.dtseries.nii","506234","MNINonLinear//Results/tfMRI_WM/tfMRI_WM_hp200_s4_level2_MSMAll.feat/GrayordinatesStats/cope20.feat/mask.dtseries.nii","sQ85C9tJhpsajsyn2zmVCXDPyEbwtL6p"
"s3://hcp-openaccess/HCP_1200/506234/MNINonLinear/Results/tfMRI_WM/tfMRI_WM_hp200_s4_level2_MSMAll.feat/GrayordinatesStats/cope20.feat/mean_random_effects_var1.dtseries.nii","506234","MNINonLinear//Results/tfMRI_WM/tfMRI_WM_hp200_s4_level2_MSMAll.feat/GrayordinatesStats/cope20.feat/mean_random_effects_var1.dtseries.nii","CcP6qEU0vWsJ5GqyDbXsID7hl9thEpsq"
"s3://hcp-openaccess/HCP_1200/506234/MNINonLinear/Results/tfMRI_WM/tfMRI_WM_hp200_s4_level2_MSMAll.feat/GrayordinatesStats/cope20.feat/pe1.dtseries.nii","506234","MNINonLinear//Results/tfMRI_WM/tfMRI_WM_hp200_s4_level2_MSMAll.feat/GrayordinatesStats/cope20.feat/pe1.dtseries.nii","CCqdJ3UEOHuzcsnZbF3tu55b2fjZaSCa"
"s3://hcp-openaccess/HCP_1200/506234/MNINonLinear/Results/tfMRI_WM/tfMRI_WM_hp200_s4_level2_MSMAll.feat/GrayordinatesStats/cope20.feat/res4d.dtseries.nii","506234","MNINonLinear//Results/tfMRI_WM/tfMRI_WM_hp200_s4_level2_MSMAll.feat/GrayordinatesStats/cope20.feat/res4d.dtseries.nii","T5u.qq777HlSM1jgxQPJCdClhDscRGP7"
"s3://hcp-openaccess/HCP_1200/506234/MNINonLinear/Results/tfMRI_WM/tfMRI_WM_hp200_s4_level2_MSMAll.feat/GrayordinatesStats/cope20.feat/tdof_t1.dtseries.nii","506234","MNINonLinear//Results/tfMRI_WM/tfMRI_WM_hp200_s4_level2_MSMAll.feat/GrayordinatesStats/cope20.feat/tdof_t1.dtseries.nii","YMr_ezymOhEOQnWx8v5zBKQ2ugGOriaH"
"s3://hcp-openaccess/HCP_1200/506234/MNINonLinear/Results/tfMRI_WM/tfMRI_WM_hp200_s4_level2_MSMAll.feat/GrayordinatesStats/cope20.feat/tstat1.dtseries.nii","506234","MNINonLinear//Results/tfMRI_WM/tfMRI_WM_hp200_s4_level2_MSMAll.feat/GrayordinatesStats/cope20.feat/tstat1.dtseries.nii","R_WABaYe2WtXg6KTLxf6V2NSEG3H1iWY"
"s3://hcp-openaccess/HCP_1200/506234/MNINonLinear/Results/tfMRI_WM/tfMRI_WM_hp200_s4_level2_MSMAll.feat/GrayordinatesStats/cope20.feat/varcope1.dtseries.nii","506234","MNINonLinear//Results/tfMRI_WM/tfMRI_WM_hp200_s4_level2_MSMAll.feat/GrayordinatesStats/cope20.feat/varcope1.dtseries.nii","r8gUrNPAN6zjD6i3AUSvkvBvk2MLwKxl"
"s3://hcp-openaccess/HCP_1200/506234/MNINonLinear/Results/tfMRI_WM/tfMRI_WM_hp200_s4_level2_MSMAll.feat/GrayordinatesStats/cope20.feat/weights1.dtseries.nii","506234","MNINonLinear//Results/tfMRI_WM/tfMRI_WM_hp200_s4_level2_MSMAll.feat/GrayordinatesStats/cope20.feat/weights1.dtseries.nii","p5a308RY5ra4S48D6Jk1wvWfcrG4vVTt"
"s3://hcp-openaccess/HCP_1200/506234/MNINonLinear/Results/tfMRI_WM/tfMRI_WM_hp200_s4_level2_MSMAll.feat/GrayordinatesStats/cope20.feat/zflame1lowertstat1.dtseries.nii","506234","MNINonLinear//Results/tfMRI_WM/tfMRI_WM_hp200_s4_level2_MSMAll.feat/GrayordinatesStats/cope20.feat/zflame1lowertstat1.dtseries.nii","z0iOnNFADkcyblVCF5MOHzjpWM0n4J26"
"s3://hcp-openaccess/HCP_1200/506234/MNINonLinear/Results/tfMRI_WM/tfMRI_WM_hp200_s4_level2_MSMAll.feat/GrayordinatesStats/cope20.feat/zflame1uppertstat1.dtseries.nii","506234","MNINonLinear//Results/tfMRI_WM/tfMRI_WM_hp200_s4_level2_MSMAll.feat/GrayordinatesStats/cope20.feat/zflame1uppertstat1.dtseries.nii","47kRVq2eZqEa8DcEhXClEgC6jiuDrE47"
"s3://hcp-openaccess/HCP_1200/506234/MNINonLinear/Results/tfMRI_WM/tfMRI_WM_hp200_s4_level2_MSMAll.feat/GrayordinatesStats/cope20.feat/zstat1.dtseries.nii","506234","MNINonLinear//Results/tfMRI_WM/tfMRI_WM_hp200_s4_level2_MSMAll.feat/GrayordinatesStats/cope20.feat/zstat1.dtseries.nii","uWI8JQHSeJuBFnU7RRHIqZvHjJnibx.m"
"s3://hcp-openaccess/HCP_1200/506234/MNINonLinear/Results/tfMRI_WM/tfMRI_WM_hp200_s4_level2_MSMAll.feat/GrayordinatesStats/cope21.feat/cope1.dtseries.nii","506234","MNINonLinear//Results/tfMRI_WM/tfMRI_WM_hp200_s4_level2_MSMAll.feat/GrayordinatesStats/cope21.feat/cope1.dtseries.nii","mNj_UCQEwsUL2Ji2tc_p.3Hn01kf3Byv"
"s3://hcp-openaccess/HCP_1200/506234/MNINonLinear/Results/tfMRI_WM/tfMRI_WM_hp200_s4_level2_MSMAll.feat/GrayordinatesStats/cope21.feat/logfile","506234","MNINonLinear//Results/tfMRI_WM/tfMRI_WM_hp200_s4_level2_MSMAll.feat/GrayordinatesStats/cope21.feat/logfile","hw9vzYVLTJMYtUTB3scEiyqoVNpnHhPT"
"s3://hcp-openaccess/HCP_1200/506234/MNINonLinear/Results/tfMRI_WM/tfMRI_WM_hp200_s4_level2_MSMAll.feat/GrayordinatesStats/cope21.feat/mask.dtseries.nii","506234","MNINonLinear//Results/tfMRI_WM/tfMRI_WM_hp200_s4_level2_MSMAll.feat/GrayordinatesStats/cope21.feat/mask.dtseries.nii","dgGnsfGXdRY.M7BDR2ImyphdcU__9ecL"
"s3://hcp-openaccess/HCP_1200/506234/MNINonLinear/Results/tfMRI_WM/tfMRI_WM_hp200_s4_level2_MSMAll.feat/GrayordinatesStats/cope21.feat/mean_random_effects_var1.dtseries.nii","506234","MNINonLinear//Results/tfMRI_WM/tfMRI_WM_hp200_s4_level2_MSMAll.feat/GrayordinatesStats/cope21.feat/mean_random_effects_var1.dtseries.nii","jCb0lX9FuCD75NPuYCagZxcsOXRLpuiI"
"s3://hcp-openaccess/HCP_1200/506234/MNINonLinear/Results/tfMRI_WM/tfMRI_WM_hp200_s4_level2_MSMAll.feat/GrayordinatesStats/cope21.feat/pe1.dtseries.nii","506234","MNINonLinear//Results/tfMRI_WM/tfMRI_WM_hp200_s4_level2_MSMAll.feat/GrayordinatesStats/cope21.feat/pe1.dtseries.nii","f87szzOkXVjzMoPlxs37y3hC8MzcPtCz"
"s3://hcp-openaccess/HCP_1200/506234/MNINonLinear/Results/tfMRI_WM/tfMRI_WM_hp200_s4_level2_MSMAll.feat/GrayordinatesStats/cope21.feat/res4d.dtseries.nii","506234","MNINonLinear//Results/tfMRI_WM/tfMRI_WM_hp200_s4_level2_MSMAll.feat/GrayordinatesStats/cope21.feat/res4d.dtseries.nii","fLTjsYhde_dfjdoAF7G10HcyVFZelBNX"
"s3://hcp-openaccess/HCP_1200/506234/MNINonLinear/Results/tfMRI_WM/tfMRI_WM_hp200_s4_level2_MSMAll.feat/GrayordinatesStats/cope21.feat/tdof_t1.dtseries.nii","506234","MNINonLinear//Results/tfMRI_WM/tfMRI_WM_hp200_s4_level2_MSMAll.feat/GrayordinatesStats/cope21.feat/tdof_t1.dtseries.nii","WQ8I_k1noieJajJsjfE1E8h0TShiut69"
"s3://hcp-openaccess/HCP_1200/506234/MNINonLinear/Results/tfMRI_WM/tfMRI_WM_hp200_s4_level2_MSMAll.feat/GrayordinatesStats/cope21.feat/tstat1.dtseries.nii","506234","MNINonLinear//Results/tfMRI_WM/tfMRI_WM_hp200_s4_level2_MSMAll.feat/GrayordinatesStats/cope21.feat/tstat1.dtseries.nii","3OKN00wW8j.C9poJ3GVixbGbG5tRaOR3"
"s3://hcp-openaccess/HCP_1200/506234/MNINonLinear/Results/tfMRI_WM/tfMRI_WM_hp200_s4_level2_MSMAll.feat/GrayordinatesStats/cope21.feat/varcope1.dtseries.nii","506234","MNINonLinear//Results/tfMRI_WM/tfMRI_WM_hp200_s4_level2_MSMAll.feat/GrayordinatesStats/cope21.feat/varcope1.dtseries.nii","PT3G43re7P5rNxJi_eEGc0ooRWGydueN"
"s3://hcp-openaccess/HCP_1200/506234/MNINonLinear/Results/tfMRI_WM/tfMRI_WM_hp200_s4_level2_MSMAll.feat/GrayordinatesStats/cope21.feat/weights1.dtseries.nii","506234","MNINonLinear//Results/tfMRI_WM/tfMRI_WM_hp200_s4_level2_MSMAll.feat/GrayordinatesStats/cope21.feat/weights1.dtseries.nii","m7w21oEe5FJTy3Mb2eQRgxKW8EyE4FL0"
"s3://hcp-openaccess/HCP_1200/506234/MNINonLinear/Results/tfMRI_WM/tfMRI_WM_hp200_s4_level2_MSMAll.feat/GrayordinatesStats/cope21.feat/zflame1lowertstat1.dtseries.nii","506234","MNINonLinear//Results/tfMRI_WM/tfMRI_WM_hp200_s4_level2_MSMAll.feat/GrayordinatesStats/cope21.feat/zflame1lowertstat1.dtseries.nii","uzqqmq11tv8TPPPR5YPQBnLnoQhTRCIR"
"s3://hcp-openaccess/HCP_1200/506234/MNINonLinear/Results/tfMRI_WM/tfMRI_WM_hp200_s4_level2_MSMAll.feat/GrayordinatesStats/cope21.feat/zflame1uppertstat1.dtseries.nii","506234","MNINonLinear//Results/tfMRI_WM/tfMRI_WM_hp200_s4_level2_MSMAll.feat/GrayordinatesStats/cope21.feat/zflame1uppertstat1.dtseries.nii","cosi8XUMTH9uDvp8LU7J0KMSozGGbIo0"
"s3://hcp-openaccess/HCP_1200/506234/MNINonLinear/Results/tfMRI_WM/tfMRI_WM_hp200_s4_level2_MSMAll.feat/GrayordinatesStats/cope21.feat/zstat1.dtseries.nii","506234","MNINonLinear//Results/tfMRI_WM/tfMRI_WM_hp200_s4_level2_MSMAll.feat/GrayordinatesStats/cope21.feat/zstat1.dtseries.nii","UrWuCRlz2iuU8fpHblpU3hXXKEY0tSIr"
"s3://hcp-openaccess/HCP_1200/506234/MNINonLinear/Results/tfMRI_WM/tfMRI_WM_hp200_s4_level2_MSMAll.feat/GrayordinatesStats/cope22.feat/cope1.dtseries.nii","506234","MNINonLinear//Results/tfMRI_WM/tfMRI_WM_hp200_s4_level2_MSMAll.feat/GrayordinatesStats/cope22.feat/cope1.dtseries.nii","tHJd01hlHBEyNEYkD__kJCNcI8ff2bS6"
"s3://hcp-openaccess/HCP_1200/506234/MNINonLinear/Results/tfMRI_WM/tfMRI_WM_hp200_s4_level2_MSMAll.feat/GrayordinatesStats/cope22.feat/logfile","506234","MNINonLinear//Results/tfMRI_WM/tfMRI_WM_hp200_s4_level2_MSMAll.feat/GrayordinatesStats/cope22.feat/logfile","s8ejnQKkFwe3ZPFdUPqI0hXebToyZcra"
"s3://hcp-openaccess/HCP_1200/506234/MNINonLinear/Results/tfMRI_WM/tfMRI_WM_hp200_s4_level2_MSMAll.feat/GrayordinatesStats/cope22.feat/mask.dtseries.nii","506234","MNINonLinear//Results/tfMRI_WM/tfMRI_WM_hp200_s4_level2_MSMAll.feat/GrayordinatesStats/cope22.feat/mask.dtseries.nii","H7ShRnjNUmwSdNfyBcI9amEJEMv9LUuX"
"s3://hcp-openaccess/HCP_1200/506234/MNINonLinear/Results/tfMRI_WM/tfMRI_WM_hp200_s4_level2_MSMAll.feat/GrayordinatesStats/cope22.feat/mean_random_effects_var1.dtseries.nii","506234","MNINonLinear//Results/tfMRI_WM/tfMRI_WM_hp200_s4_level2_MSMAll.feat/GrayordinatesStats/cope22.feat/mean_random_effects_var1.dtseries.nii","WjqvvV0n8DZ36qYRxwGOTHYFToicQ7Wx"
"s3://hcp-openaccess/HCP_1200/506234/MNINonLinear/Results/tfMRI_WM/tfMRI_WM_hp200_s4_level2_MSMAll.feat/GrayordinatesStats/cope22.feat/pe1.dtseries.nii","506234","MNINonLinear//Results/tfMRI_WM/tfMRI_WM_hp200_s4_level2_MSMAll.feat/GrayordinatesStats/cope22.feat/pe1.dtseries.nii","YJ.ueWUIzn6R45AQTWh6vA_MX.92WOgn"
"s3://hcp-openaccess/HCP_1200/506234/MNINonLinear/Results/tfMRI_WM/tfMRI_WM_hp200_s4_level2_MSMAll.feat/GrayordinatesStats/cope22.feat/res4d.dtseries.nii","506234","MNINonLinear//Results/tfMRI_WM/tfMRI_WM_hp200_s4_level2_MSMAll.feat/GrayordinatesStats/cope22.feat/res4d.dtseries.nii","jItGm7.Hb1Nt_V5VFTGebWh_A.deQh.9"
"s3://hcp-openaccess/HCP_1200/506234/MNINonLinear/Results/tfMRI_WM/tfMRI_WM_hp200_s4_level2_MSMAll.feat/GrayordinatesStats/cope22.feat/tdof_t1.dtseries.nii","506234","MNINonLinear//Results/tfMRI_WM/tfMRI_WM_hp200_s4_level2_MSMAll.feat/GrayordinatesStats/cope22.feat/tdof_t1.dtseries.nii","zUXU1LvCV.nnLTJFHBlwhnd_TgrZLm79"
"s3://hcp-openaccess/HCP_1200/506234/MNINonLinear/Results/tfMRI_WM/tfMRI_WM_hp200_s4_level2_MSMAll.feat/GrayordinatesStats/cope22.feat/tstat1.dtseries.nii","506234","MNINonLinear//Results/tfMRI_WM/tfMRI_WM_hp200_s4_level2_MSMAll.feat/GrayordinatesStats/cope22.feat/tstat1.dtseries.nii","uWSPAn7rhjjkIEtX1W6XOvACPjLDA2XI"
"s3://hcp-openaccess/HCP_1200/506234/MNINonLinear/Results/tfMRI_WM/tfMRI_WM_hp200_s4_level2_MSMAll.feat/GrayordinatesStats/cope22.feat/varcope1.dtseries.nii","506234","MNINonLinear//Results/tfMRI_WM/tfMRI_WM_hp200_s4_level2_MSMAll.feat/GrayordinatesStats/cope22.feat/varcope1.dtseries.nii","u255qsvqoJVR2aooHb34vRekz0X.o1jP"
"s3://hcp-openaccess/HCP_1200/506234/MNINonLinear/Results/tfMRI_WM/tfMRI_WM_hp200_s4_level2_MSMAll.feat/GrayordinatesStats/cope22.feat/weights1.dtseries.nii","506234","MNINonLinear//Results/tfMRI_WM/tfMRI_WM_hp200_s4_level2_MSMAll.feat/GrayordinatesStats/cope22.feat/weights1.dtseries.nii","KbtvpXqyjG3TXKmMcFd._ULN.hIQ2qmh"
"s3://hcp-openaccess/HCP_1200/506234/MNINonLinear/Results/tfMRI_WM/tfMRI_WM_hp200_s4_level2_MSMAll.feat/GrayordinatesStats/cope22.feat/zflame1lowertstat1.dtseries.nii","506234","MNINonLinear//Results/tfMRI_WM/tfMRI_WM_hp200_s4_level2_MSMAll.feat/GrayordinatesStats/cope22.feat/zflame1lowertstat1.dtseries.nii","lzXJjUP_DWgb8JXPRfjbcnwzSTVwJT.F"
"s3://hcp-openaccess/HCP_1200/506234/MNINonLinear/Results/tfMRI_WM/tfMRI_WM_hp200_s4_level2_MSMAll.feat/GrayordinatesStats/cope22.feat/zflame1uppertstat1.dtseries.nii","506234","MNINonLinear//Results/tfMRI_WM/tfMRI_WM_hp200_s4_level2_MSMAll.feat/GrayordinatesStats/cope22.feat/zflame1uppertstat1.dtseries.nii","fZDd4bjwtLuR6k2s2uiEqiDJrDPajkHL"
"s3://hcp-openaccess/HCP_1200/506234/MNINonLinear/Results/tfMRI_WM/tfMRI_WM_hp200_s4_level2_MSMAll.feat/GrayordinatesStats/cope22.feat/zstat1.dtseries.nii","506234","MNINonLinear//Results/tfMRI_WM/tfMRI_WM_hp200_s4_level2_MSMAll.feat/GrayordinatesStats/cope22.feat/zstat1.dtseries.nii","b8NuHD5wNHIhdgPJxQsAJERfHMP3UhQr"
"s3://hcp-openaccess/HCP_1200/506234/MNINonLinear/Results/tfMRI_WM/tfMRI_WM_hp200_s4_level2_MSMAll.feat/GrayordinatesStats/cope23.feat/cope1.dtseries.nii","506234","MNINonLinear//Results/tfMRI_WM/tfMRI_WM_hp200_s4_level2_MSMAll.feat/GrayordinatesStats/cope23.feat/cope1.dtseries.nii","wwh2zTDylMK6Sw3QkOoY3Ezulh.8dXFZ"
"s3://hcp-openaccess/HCP_1200/506234/MNINonLinear/Results/tfMRI_WM/tfMRI_WM_hp200_s4_level2_MSMAll.feat/GrayordinatesStats/cope23.feat/logfile","506234","MNINonLinear//Results/tfMRI_WM/tfMRI_WM_hp200_s4_level2_MSMAll.feat/GrayordinatesStats/cope23.feat/logfile","1UWG8IR0LwOoAY.5IXUHpYvZeK0LL6UK"
"s3://hcp-openaccess/HCP_1200/506234/MNINonLinear/Results/tfMRI_WM/tfMRI_WM_hp200_s4_level2_MSMAll.feat/GrayordinatesStats/cope23.feat/mask.dtseries.nii","506234","MNINonLinear//Results/tfMRI_WM/tfMRI_WM_hp200_s4_level2_MSMAll.feat/GrayordinatesStats/cope23.feat/mask.dtseries.nii","TpEof.an1UUUD.D5M9s_fOl4lebBFOk8"
"s3://hcp-openaccess/HCP_1200/506234/MNINonLinear/Results/tfMRI_WM/tfMRI_WM_hp200_s4_level2_MSMAll.feat/GrayordinatesStats/cope23.feat/mean_random_effects_var1.dtseries.nii","506234","MNINonLinear//Results/tfMRI_WM/tfMRI_WM_hp200_s4_level2_MSMAll.feat/GrayordinatesStats/cope23.feat/mean_random_effects_var1.dtseries.nii","tOV10klcSw4uMJHkBvP7yF7M7jcU8.9O"
"s3://hcp-openaccess/HCP_1200/506234/MNINonLinear/Results/tfMRI_WM/tfMRI_WM_hp200_s4_level2_MSMAll.feat/GrayordinatesStats/cope23.feat/pe1.dtseries.nii","506234","MNINonLinear//Results/tfMRI_WM/tfMRI_WM_hp200_s4_level2_MSMAll.feat/GrayordinatesStats/cope23.feat/pe1.dtseries.nii","JRTQ7pfiLzH8MbvjC0kKf1QoN7Y1f9mI"
"s3://hcp-openaccess/HCP_1200/506234/MNINonLinear/Results/tfMRI_WM/tfMRI_WM_hp200_s4_level2_MSMAll.feat/GrayordinatesStats/cope23.feat/res4d.dtseries.nii","506234","MNINonLinear//Results/tfMRI_WM/tfMRI_WM_hp200_s4_level2_MSMAll.feat/GrayordinatesStats/cope23.feat/res4d.dtseries.nii","onh1_z3LUvOKf8vIqUS6HOpVKvj3FaMX"
"s3://hcp-openaccess/HCP_1200/506234/MNINonLinear/Results/tfMRI_WM/tfMRI_WM_hp200_s4_level2_MSMAll.feat/GrayordinatesStats/cope23.feat/tdof_t1.dtseries.nii","506234","MNINonLinear//Results/tfMRI_WM/tfMRI_WM_hp200_s4_level2_MSMAll.feat/GrayordinatesStats/cope23.feat/tdof_t1.dtseries.nii","3qLYQ7SP30JZcxxXwtsC_yIY62ZpD0Hc"
"s3://hcp-openaccess/HCP_1200/506234/MNINonLinear/Results/tfMRI_WM/tfMRI_WM_hp200_s4_level2_MSMAll.feat/GrayordinatesStats/cope23.feat/tstat1.dtseries.nii","506234","MNINonLinear//Results/tfMRI_WM/tfMRI_WM_hp200_s4_level2_MSMAll.feat/GrayordinatesStats/cope23.feat/tstat1.dtseries.nii","e2Qw8X9pgKqyJSW9eiYt7YeKCKN.428W"
"s3://hcp-openaccess/HCP_1200/506234/MNINonLinear/Results/tfMRI_WM/tfMRI_WM_hp200_s4_level2_MSMAll.feat/GrayordinatesStats/cope23.feat/varcope1.dtseries.nii","506234","MNINonLinear//Results/tfMRI_WM/tfMRI_WM_hp200_s4_level2_MSMAll.feat/GrayordinatesStats/cope23.feat/varcope1.dtseries.nii","9cgOr9GbCL38i1628O33JCiVRYGyv4CP"
"s3://hcp-openaccess/HCP_1200/506234/MNINonLinear/Results/tfMRI_WM/tfMRI_WM_hp200_s4_level2_MSMAll.feat/GrayordinatesStats/cope23.feat/weights1.dtseries.nii","506234","MNINonLinear//Results/tfMRI_WM/tfMRI_WM_hp200_s4_level2_MSMAll.feat/GrayordinatesStats/cope23.feat/weights1.dtseries.nii","A0sanfAT0vzLsPjLykV1xj61HgtNq.wj"
"s3://hcp-openaccess/HCP_1200/506234/MNINonLinear/Results/tfMRI_WM/tfMRI_WM_hp200_s4_level2_MSMAll.feat/GrayordinatesStats/cope23.feat/zflame1lowertstat1.dtseries.nii","506234","MNINonLinear//Results/tfMRI_WM/tfMRI_WM_hp200_s4_level2_MSMAll.feat/GrayordinatesStats/cope23.feat/zflame1lowertstat1.dtseries.nii","nG5nIK_TS0hEO3F3JcEWU4.OtyffN9dL"
"s3://hcp-openaccess/HCP_1200/506234/MNINonLinear/Results/tfMRI_WM/tfMRI_WM_hp200_s4_level2_MSMAll.feat/GrayordinatesStats/cope23.feat/zflame1uppertstat1.dtseries.nii","506234","MNINonLinear//Results/tfMRI_WM/tfMRI_WM_hp200_s4_level2_MSMAll.feat/GrayordinatesStats/cope23.feat/zflame1uppertstat1.dtseries.nii","5etdoYxaQKNmG0uHpKpA4.wXzNPoOP0l"
"s3://hcp-openaccess/HCP_1200/506234/MNINonLinear/Results/tfMRI_WM/tfMRI_WM_hp200_s4_level2_MSMAll.feat/GrayordinatesStats/cope23.feat/zstat1.dtseries.nii","506234","MNINonLinear//Results/tfMRI_WM/tfMRI_WM_hp200_s4_level2_MSMAll.feat/GrayordinatesStats/cope23.feat/zstat1.dtseries.nii","pYorTjrPG6uThTBQbNM1p0yPzqr982ve"
"s3://hcp-openaccess/HCP_1200/506234/MNINonLinear/Results/tfMRI_WM/tfMRI_WM_hp200_s4_level2_MSMAll.feat/GrayordinatesStats/cope24.feat/cope1.dtseries.nii","506234","MNINonLinear//Results/tfMRI_WM/tfMRI_WM_hp200_s4_level2_MSMAll.feat/GrayordinatesStats/cope24.feat/cope1.dtseries.nii","ee3dslweCVPjbIrYQ6u1yNKVIFsoz7A8"
"s3://hcp-openaccess/HCP_1200/506234/MNINonLinear/Results/tfMRI_WM/tfMRI_WM_hp200_s4_level2_MSMAll.feat/GrayordinatesStats/cope24.feat/logfile","506234","MNINonLinear//Results/tfMRI_WM/tfMRI_WM_hp200_s4_level2_MSMAll.feat/GrayordinatesStats/cope24.feat/logfile","IGKxUdXS3LgfK4SfD_BNzuFkVtNmj68z"
"s3://hcp-openaccess/HCP_1200/506234/MNINonLinear/Results/tfMRI_WM/tfMRI_WM_hp200_s4_level2_MSMAll.feat/GrayordinatesStats/cope24.feat/mask.dtseries.nii","506234","MNINonLinear//Results/tfMRI_WM/tfMRI_WM_hp200_s4_level2_MSMAll.feat/GrayordinatesStats/cope24.feat/mask.dtseries.nii","FPdVwO186vH3Whm3o8gVVZDOfbG1Y5._"
"s3://hcp-openaccess/HCP_1200/506234/MNINonLinear/Results/tfMRI_WM/tfMRI_WM_hp200_s4_level2_MSMAll.feat/GrayordinatesStats/cope24.feat/mean_random_effects_var1.dtseries.nii","506234","MNINonLinear//Results/tfMRI_WM/tfMRI_WM_hp200_s4_level2_MSMAll.feat/GrayordinatesStats/cope24.feat/mean_random_effects_var1.dtseries.nii","jhJQcSXAcmzengmoVxc_ddK5UmYFvTbz"
"s3://hcp-openaccess/HCP_1200/506234/MNINonLinear/Results/tfMRI_WM/tfMRI_WM_hp200_s4_level2_MSMAll.feat/GrayordinatesStats/cope24.feat/pe1.dtseries.nii","506234","MNINonLinear//Results/tfMRI_WM/tfMRI_WM_hp200_s4_level2_MSMAll.feat/GrayordinatesStats/cope24.feat/pe1.dtseries.nii","FMzJ2Dk1ZEX9kKmW064fhaE1l1FyYYiL"
"s3://hcp-openaccess/HCP_1200/506234/MNINonLinear/Results/tfMRI_WM/tfMRI_WM_hp200_s4_level2_MSMAll.feat/GrayordinatesStats/cope24.feat/res4d.dtseries.nii","506234","MNINonLinear//Results/tfMRI_WM/tfMRI_WM_hp200_s4_level2_MSMAll.feat/GrayordinatesStats/cope24.feat/res4d.dtseries.nii","_qqKzYz2d4O378ksk3XndBm2X29oY9Uj"
"s3://hcp-openaccess/HCP_1200/506234/MNINonLinear/Results/tfMRI_WM/tfMRI_WM_hp200_s4_level2_MSMAll.feat/GrayordinatesStats/cope24.feat/tdof_t1.dtseries.nii","506234","MNINonLinear//Results/tfMRI_WM/tfMRI_WM_hp200_s4_level2_MSMAll.feat/GrayordinatesStats/cope24.feat/tdof_t1.dtseries.nii","Yj1WIcOMm1S97a.EaPI8eao1kQUrrklk"
"s3://hcp-openaccess/HCP_1200/506234/MNINonLinear/Results/tfMRI_WM/tfMRI_WM_hp200_s4_level2_MSMAll.feat/GrayordinatesStats/cope24.feat/tstat1.dtseries.nii","506234","MNINonLinear//Results/tfMRI_WM/tfMRI_WM_hp200_s4_level2_MSMAll.feat/GrayordinatesStats/cope24.feat/tstat1.dtseries.nii","9sxyGBfUDyQQMz1XY3uBSbfxuC.FYTTh"
"s3://hcp-openaccess/HCP_1200/506234/MNINonLinear/Results/tfMRI_WM/tfMRI_WM_hp200_s4_level2_MSMAll.feat/GrayordinatesStats/cope24.feat/varcope1.dtseries.nii","506234","MNINonLinear//Results/tfMRI_WM/tfMRI_WM_hp200_s4_level2_MSMAll.feat/GrayordinatesStats/cope24.feat/varcope1.dtseries.nii","xz9bh66T9OB7jn2d8f6jMR36ayX_FHww"
"s3://hcp-openaccess/HCP_1200/506234/MNINonLinear/Results/tfMRI_WM/tfMRI_WM_hp200_s4_level2_MSMAll.feat/GrayordinatesStats/cope24.feat/weights1.dtseries.nii","506234","MNINonLinear//Results/tfMRI_WM/tfMRI_WM_hp200_s4_level2_MSMAll.feat/GrayordinatesStats/cope24.feat/weights1.dtseries.nii","fojatLYU6Yb7KHxxWTSy.8j_YnJnXxW3"
"s3://hcp-openaccess/HCP_1200/506234/MNINonLinear/Results/tfMRI_WM/tfMRI_WM_hp200_s4_level2_MSMAll.feat/GrayordinatesStats/cope24.feat/zflame1lowertstat1.dtseries.nii","506234","MNINonLinear//Results/tfMRI_WM/tfMRI_WM_hp200_s4_level2_MSMAll.feat/GrayordinatesStats/cope24.feat/zflame1lowertstat1.dtseries.nii","6Q8YNkQK2A34.wgDd2O6Y0Hc2WA1mxuF"
"s3://hcp-openaccess/HCP_1200/506234/MNINonLinear/Results/tfMRI_WM/tfMRI_WM_hp200_s4_level2_MSMAll.feat/GrayordinatesStats/cope24.feat/zflame1uppertstat1.dtseries.nii","506234","MNINonLinear//Results/tfMRI_WM/tfMRI_WM_hp200_s4_level2_MSMAll.feat/GrayordinatesStats/cope24.feat/zflame1uppertstat1.dtseries.nii","1kFMJyxjfo24ZezCFvd0tKoKvpddtF6t"
"s3://hcp-openaccess/HCP_1200/506234/MNINonLinear/Results/tfMRI_WM/tfMRI_WM_hp200_s4_level2_MSMAll.feat/GrayordinatesStats/cope24.feat/zstat1.dtseries.nii","506234","MNINonLinear//Results/tfMRI_WM/tfMRI_WM_hp200_s4_level2_MSMAll.feat/GrayordinatesStats/cope24.feat/zstat1.dtseries.nii","afAL.kZ5os9Gb5LpjpAY7rzuI5y55EIO"
"s3://hcp-openaccess/HCP_1200/506234/MNINonLinear/Results/tfMRI_WM/tfMRI_WM_hp200_s4_level2_MSMAll.feat/GrayordinatesStats/cope25.feat/cope1.dtseries.nii","506234","MNINonLinear//Results/tfMRI_WM/tfMRI_WM_hp200_s4_level2_MSMAll.feat/GrayordinatesStats/cope25.feat/cope1.dtseries.nii","Buti5LV_3IIoIR_vAXh7LqiRv6F.DPhu"
"s3://hcp-openaccess/HCP_1200/506234/MNINonLinear/Results/tfMRI_WM/tfMRI_WM_hp200_s4_level2_MSMAll.feat/GrayordinatesStats/cope25.feat/logfile","506234","MNINonLinear//Results/tfMRI_WM/tfMRI_WM_hp200_s4_level2_MSMAll.feat/GrayordinatesStats/cope25.feat/logfile","mCksj_ORAeFKj6KENF_hll_ieUZcoajf"
"s3://hcp-openaccess/HCP_1200/506234/MNINonLinear/Results/tfMRI_WM/tfMRI_WM_hp200_s4_level2_MSMAll.feat/GrayordinatesStats/cope25.feat/mask.dtseries.nii","506234","MNINonLinear//Results/tfMRI_WM/tfMRI_WM_hp200_s4_level2_MSMAll.feat/GrayordinatesStats/cope25.feat/mask.dtseries.nii","GA0bv5NNTcbDgnlCcNvTC017rC06W8Vn"
"s3://hcp-openaccess/HCP_1200/506234/MNINonLinear/Results/tfMRI_WM/tfMRI_WM_hp200_s4_level2_MSMAll.feat/GrayordinatesStats/cope25.feat/mean_random_effects_var1.dtseries.nii","506234","MNINonLinear//Results/tfMRI_WM/tfMRI_WM_hp200_s4_level2_MSMAll.feat/GrayordinatesStats/cope25.feat/mean_random_effects_var1.dtseries.nii","yDHs4ZU.y6yTrcOxH6gZ5hKHcD.qW8E_"
"s3://hcp-openaccess/HCP_1200/506234/MNINonLinear/Results/tfMRI_WM/tfMRI_WM_hp200_s4_level2_MSMAll.feat/GrayordinatesStats/cope25.feat/pe1.dtseries.nii","506234","MNINonLinear//Results/tfMRI_WM/tfMRI_WM_hp200_s4_level2_MSMAll.feat/GrayordinatesStats/cope25.feat/pe1.dtseries.nii","8SqgBs7wkp41Aa_RD.F5VUIdombXam9c"
"s3://hcp-openaccess/HCP_1200/506234/MNINonLinear/Results/tfMRI_WM/tfMRI_WM_hp200_s4_level2_MSMAll.feat/GrayordinatesStats/cope25.feat/res4d.dtseries.nii","506234","MNINonLinear//Results/tfMRI_WM/tfMRI_WM_hp200_s4_level2_MSMAll.feat/GrayordinatesStats/cope25.feat/res4d.dtseries.nii","Oad1BkDkYPJck81z3nbgit.jvcp4wBnU"
"s3://hcp-openaccess/HCP_1200/506234/MNINonLinear/Results/tfMRI_WM/tfMRI_WM_hp200_s4_level2_MSMAll.feat/GrayordinatesStats/cope25.feat/tdof_t1.dtseries.nii","506234","MNINonLinear//Results/tfMRI_WM/tfMRI_WM_hp200_s4_level2_MSMAll.feat/GrayordinatesStats/cope25.feat/tdof_t1.dtseries.nii","I76SDNG7LsA9SSblqXUsVS3m5zhTAXrU"
"s3://hcp-openaccess/HCP_1200/506234/MNINonLinear/Results/tfMRI_WM/tfMRI_WM_hp200_s4_level2_MSMAll.feat/GrayordinatesStats/cope25.feat/tstat1.dtseries.nii","506234","MNINonLinear//Results/tfMRI_WM/tfMRI_WM_hp200_s4_level2_MSMAll.feat/GrayordinatesStats/cope25.feat/tstat1.dtseries.nii","Z4aFw.NdryNVWngZCDxs0WurWbnwfIFo"
"s3://hcp-openaccess/HCP_1200/506234/MNINonLinear/Results/tfMRI_WM/tfMRI_WM_hp200_s4_level2_MSMAll.feat/GrayordinatesStats/cope25.feat/varcope1.dtseries.nii","506234","MNINonLinear//Results/tfMRI_WM/tfMRI_WM_hp200_s4_level2_MSMAll.feat/GrayordinatesStats/cope25.feat/varcope1.dtseries.nii","enfasgp3MgynV8Un7ux1z3HdQzNaOHAh"
"s3://hcp-openaccess/HCP_1200/506234/MNINonLinear/Results/tfMRI_WM/tfMRI_WM_hp200_s4_level2_MSMAll.feat/GrayordinatesStats/cope25.feat/weights1.dtseries.nii","506234","MNINonLinear//Results/tfMRI_WM/tfMRI_WM_hp200_s4_level2_MSMAll.feat/GrayordinatesStats/cope25.feat/weights1.dtseries.nii","8FR5mW0V9rA_A.e8AFlxrLiw9x0FHc2x"
"s3://hcp-openaccess/HCP_1200/506234/MNINonLinear/Results/tfMRI_WM/tfMRI_WM_hp200_s4_level2_MSMAll.feat/GrayordinatesStats/cope25.feat/zflame1lowertstat1.dtseries.nii","506234","MNINonLinear//Results/tfMRI_WM/tfMRI_WM_hp200_s4_level2_MSMAll.feat/GrayordinatesStats/cope25.feat/zflame1lowertstat1.dtseries.nii","uRe_Up8PhP4Q_KgHakY8pHOJo3VT5_9w"
"s3://hcp-openaccess/HCP_1200/506234/MNINonLinear/Results/tfMRI_WM/tfMRI_WM_hp200_s4_level2_MSMAll.feat/GrayordinatesStats/cope25.feat/zflame1uppertstat1.dtseries.nii","506234","MNINonLinear//Results/tfMRI_WM/tfMRI_WM_hp200_s4_level2_MSMAll.feat/GrayordinatesStats/cope25.feat/zflame1uppertstat1.dtseries.nii","andPGAM9_Od2jZepPeB6.sNmBUSgdhu2"
"s3://hcp-openaccess/HCP_1200/506234/MNINonLinear/Results/tfMRI_WM/tfMRI_WM_hp200_s4_level2_MSMAll.feat/GrayordinatesStats/cope25.feat/zstat1.dtseries.nii","506234","MNINonLinear//Results/tfMRI_WM/tfMRI_WM_hp200_s4_level2_MSMAll.feat/GrayordinatesStats/cope25.feat/zstat1.dtseries.nii","Jt51oaU_QoOgVE1GJJNq8l91b_JfVOL_"
"s3://hcp-openaccess/HCP_1200/506234/MNINonLinear/Results/tfMRI_WM/tfMRI_WM_hp200_s4_level2_MSMAll.feat/GrayordinatesStats/cope26.feat/cope1.dtseries.nii","506234","MNINonLinear//Results/tfMRI_WM/tfMRI_WM_hp200_s4_level2_MSMAll.feat/GrayordinatesStats/cope26.feat/cope1.dtseries.nii","KHF4XZTKYfwgxNTj4UTDcxjXAaKUMjgP"
"s3://hcp-openaccess/HCP_1200/506234/MNINonLinear/Results/tfMRI_WM/tfMRI_WM_hp200_s4_level2_MSMAll.feat/GrayordinatesStats/cope26.feat/logfile","506234","MNINonLinear//Results/tfMRI_WM/tfMRI_WM_hp200_s4_level2_MSMAll.feat/GrayordinatesStats/cope26.feat/logfile","04dehvAeD5pqsKlrs4lv03CkSRReo1lt"
"s3://hcp-openaccess/HCP_1200/506234/MNINonLinear/Results/tfMRI_WM/tfMRI_WM_hp200_s4_level2_MSMAll.feat/GrayordinatesStats/cope26.feat/mask.dtseries.nii","506234","MNINonLinear//Results/tfMRI_WM/tfMRI_WM_hp200_s4_level2_MSMAll.feat/GrayordinatesStats/cope26.feat/mask.dtseries.nii","J7qnopUrxEyaAwM8gpnyF4t4SOA84rtt"
"s3://hcp-openaccess/HCP_1200/506234/MNINonLinear/Results/tfMRI_WM/tfMRI_WM_hp200_s4_level2_MSMAll.feat/GrayordinatesStats/cope26.feat/mean_random_effects_var1.dtseries.nii","506234","MNINonLinear//Results/tfMRI_WM/tfMRI_WM_hp200_s4_level2_MSMAll.feat/GrayordinatesStats/cope26.feat/mean_random_effects_var1.dtseries.nii","KvIogqebkf8QWDZHOSIS7qG3YMjILxyV"
"s3://hcp-openaccess/HCP_1200/506234/MNINonLinear/Results/tfMRI_WM/tfMRI_WM_hp200_s4_level2_MSMAll.feat/GrayordinatesStats/cope26.feat/pe1.dtseries.nii","506234","MNINonLinear//Results/tfMRI_WM/tfMRI_WM_hp200_s4_level2_MSMAll.feat/GrayordinatesStats/cope26.feat/pe1.dtseries.nii","z.KK9ccgrshBU0y.wug3T9_guwnRLNtP"
"s3://hcp-openaccess/HCP_1200/506234/MNINonLinear/Results/tfMRI_WM/tfMRI_WM_hp200_s4_level2_MSMAll.feat/GrayordinatesStats/cope26.feat/res4d.dtseries.nii","506234","MNINonLinear//Results/tfMRI_WM/tfMRI_WM_hp200_s4_level2_MSMAll.feat/GrayordinatesStats/cope26.feat/res4d.dtseries.nii","luxoQKDJGMRs8M5KNcOI5vsvBpzzJhH4"
"s3://hcp-openaccess/HCP_1200/506234/MNINonLinear/Results/tfMRI_WM/tfMRI_WM_hp200_s4_level2_MSMAll.feat/GrayordinatesStats/cope26.feat/tdof_t1.dtseries.nii","506234","MNINonLinear//Results/tfMRI_WM/tfMRI_WM_hp200_s4_level2_MSMAll.feat/GrayordinatesStats/cope26.feat/tdof_t1.dtseries.nii","qf0fzMZxB4z9Mfcw3dIQ_m1h7rNhOTcI"
"s3://hcp-openaccess/HCP_1200/506234/MNINonLinear/Results/tfMRI_WM/tfMRI_WM_hp200_s4_level2_MSMAll.feat/GrayordinatesStats/cope26.feat/tstat1.dtseries.nii","506234","MNINonLinear//Results/tfMRI_WM/tfMRI_WM_hp200_s4_level2_MSMAll.feat/GrayordinatesStats/cope26.feat/tstat1.dtseries.nii","7dnzRO1.HMHfcCkx1n7Q.G1N5Q.pejC2"
"s3://hcp-openaccess/HCP_1200/506234/MNINonLinear/Results/tfMRI_WM/tfMRI_WM_hp200_s4_level2_MSMAll.feat/GrayordinatesStats/cope26.feat/varcope1.dtseries.nii","506234","MNINonLinear//Results/tfMRI_WM/tfMRI_WM_hp200_s4_level2_MSMAll.feat/GrayordinatesStats/cope26.feat/varcope1.dtseries.nii","S3s.8Cu1lkWH1pV549nrCk1HBaN6SsN9"
"s3://hcp-openaccess/HCP_1200/506234/MNINonLinear/Results/tfMRI_WM/tfMRI_WM_hp200_s4_level2_MSMAll.feat/GrayordinatesStats/cope26.feat/weights1.dtseries.nii","506234","MNINonLinear//Results/tfMRI_WM/tfMRI_WM_hp200_s4_level2_MSMAll.feat/GrayordinatesStats/cope26.feat/weights1.dtseries.nii","LCYuTrsWxlxsKgeePNbsLg1ClngT9u0s"
"s3://hcp-openaccess/HCP_1200/506234/MNINonLinear/Results/tfMRI_WM/tfMRI_WM_hp200_s4_level2_MSMAll.feat/GrayordinatesStats/cope26.feat/zflame1lowertstat1.dtseries.nii","506234","MNINonLinear//Results/tfMRI_WM/tfMRI_WM_hp200_s4_level2_MSMAll.feat/GrayordinatesStats/cope26.feat/zflame1lowertstat1.dtseries.nii","zYq8y4Z9QU.60wkjX3HJFBY4UwPPUcFy"
"s3://hcp-openaccess/HCP_1200/506234/MNINonLinear/Results/tfMRI_WM/tfMRI_WM_hp200_s4_level2_MSMAll.feat/GrayordinatesStats/cope26.feat/zflame1uppertstat1.dtseries.nii","506234","MNINonLinear//Results/tfMRI_WM/tfMRI_WM_hp200_s4_level2_MSMAll.feat/GrayordinatesStats/cope26.feat/zflame1uppertstat1.dtseries.nii","AFTvgiiDELNYKvCKx1Cvl22vo30.A0Jl"
"s3://hcp-openaccess/HCP_1200/506234/MNINonLinear/Results/tfMRI_WM/tfMRI_WM_hp200_s4_level2_MSMAll.feat/GrayordinatesStats/cope26.feat/zstat1.dtseries.nii","506234","MNINonLinear//Results/tfMRI_WM/tfMRI_WM_hp200_s4_level2_MSMAll.feat/GrayordinatesStats/cope26.feat/zstat1.dtseries.nii","bmAbC56rHacMpXdrz8jIxL6Ktoh4LDyv"
"s3://hcp-openaccess/HCP_1200/506234/MNINonLinear/Results/tfMRI_WM/tfMRI_WM_hp200_s4_level2_MSMAll.feat/GrayordinatesStats/cope27.feat/cope1.dtseries.nii","506234","MNINonLinear//Results/tfMRI_WM/tfMRI_WM_hp200_s4_level2_MSMAll.feat/GrayordinatesStats/cope27.feat/cope1.dtseries.nii","hwStXPywkBsMRKMdTc4Lpqthh8aiRAyZ"
"s3://hcp-openaccess/HCP_1200/506234/MNINonLinear/Results/tfMRI_WM/tfMRI_WM_hp200_s4_level2_MSMAll.feat/GrayordinatesStats/cope27.feat/logfile","506234","MNINonLinear//Results/tfMRI_WM/tfMRI_WM_hp200_s4_level2_MSMAll.feat/GrayordinatesStats/cope27.feat/logfile","6wKHv_tgjH6FyOFyVmfgM9GRh2AdoLSF"
"s3://hcp-openaccess/HCP_1200/506234/MNINonLinear/Results/tfMRI_WM/tfMRI_WM_hp200_s4_level2_MSMAll.feat/GrayordinatesStats/cope27.feat/mask.dtseries.nii","506234","MNINonLinear//Results/tfMRI_WM/tfMRI_WM_hp200_s4_level2_MSMAll.feat/GrayordinatesStats/cope27.feat/mask.dtseries.nii","DlOI9.6DUniu0Vr.MQngUu6iHv4W12ES"
"s3://hcp-openaccess/HCP_1200/506234/MNINonLinear/Results/tfMRI_WM/tfMRI_WM_hp200_s4_level2_MSMAll.feat/GrayordinatesStats/cope27.feat/mean_random_effects_var1.dtseries.nii","506234","MNINonLinear//Results/tfMRI_WM/tfMRI_WM_hp200_s4_level2_MSMAll.feat/GrayordinatesStats/cope27.feat/mean_random_effects_var1.dtseries.nii","ju1dfxjmjeZuKjeEgcO76DJUchzxdLF8"
"s3://hcp-openaccess/HCP_1200/506234/MNINonLinear/Results/tfMRI_WM/tfMRI_WM_hp200_s4_level2_MSMAll.feat/GrayordinatesStats/cope27.feat/pe1.dtseries.nii","506234","MNINonLinear//Results/tfMRI_WM/tfMRI_WM_hp200_s4_level2_MSMAll.feat/GrayordinatesStats/cope27.feat/pe1.dtseries.nii","fAzYtOviagBbZvxVYRiGAt5S5UfsHqTA"
"s3://hcp-openaccess/HCP_1200/506234/MNINonLinear/Results/tfMRI_WM/tfMRI_WM_hp200_s4_level2_MSMAll.feat/GrayordinatesStats/cope27.feat/res4d.dtseries.nii","506234","MNINonLinear//Results/tfMRI_WM/tfMRI_WM_hp200_s4_level2_MSMAll.feat/GrayordinatesStats/cope27.feat/res4d.dtseries.nii","Du7Nnwj_I0fX0zK6kgRRdkj0viOAUizx"
"s3://hcp-openaccess/HCP_1200/506234/MNINonLinear/Results/tfMRI_WM/tfMRI_WM_hp200_s4_level2_MSMAll.feat/GrayordinatesStats/cope27.feat/tdof_t1.dtseries.nii","506234","MNINonLinear//Results/tfMRI_WM/tfMRI_WM_hp200_s4_level2_MSMAll.feat/GrayordinatesStats/cope27.feat/tdof_t1.dtseries.nii","hMMq1s8ReCroaGWp98nz4jk8ksnT47jU"
"s3://hcp-openaccess/HCP_1200/506234/MNINonLinear/Results/tfMRI_WM/tfMRI_WM_hp200_s4_level2_MSMAll.feat/GrayordinatesStats/cope27.feat/tstat1.dtseries.nii","506234","MNINonLinear//Results/tfMRI_WM/tfMRI_WM_hp200_s4_level2_MSMAll.feat/GrayordinatesStats/cope27.feat/tstat1.dtseries.nii","HB_WQ1UZCpnDE62hnX70dEWCKZVWTmfE"
"s3://hcp-openaccess/HCP_1200/506234/MNINonLinear/Results/tfMRI_WM/tfMRI_WM_hp200_s4_level2_MSMAll.feat/GrayordinatesStats/cope27.feat/varcope1.dtseries.nii","506234","MNINonLinear//Results/tfMRI_WM/tfMRI_WM_hp200_s4_level2_MSMAll.feat/GrayordinatesStats/cope27.feat/varcope1.dtseries.nii","8PvEccCa7ZHjXI4c9mmVToxVR5dNXxT8"
"s3://hcp-openaccess/HCP_1200/506234/MNINonLinear/Results/tfMRI_WM/tfMRI_WM_hp200_s4_level2_MSMAll.feat/GrayordinatesStats/cope27.feat/weights1.dtseries.nii","506234","MNINonLinear//Results/tfMRI_WM/tfMRI_WM_hp200_s4_level2_MSMAll.feat/GrayordinatesStats/cope27.feat/weights1.dtseries.nii","bkdaygQrcYGiaEveuPPZQcUKB08nF8Da"
"s3://hcp-openaccess/HCP_1200/506234/MNINonLinear/Results/tfMRI_WM/tfMRI_WM_hp200_s4_level2_MSMAll.feat/GrayordinatesStats/cope27.feat/zflame1lowertstat1.dtseries.nii","506234","MNINonLinear//Results/tfMRI_WM/tfMRI_WM_hp200_s4_level2_MSMAll.feat/GrayordinatesStats/cope27.feat/zflame1lowertstat1.dtseries.nii","ty67X5B3AWLpZadyK7QN1FksQ8KNVjJX"
"s3://hcp-openaccess/HCP_1200/506234/MNINonLinear/Results/tfMRI_WM/tfMRI_WM_hp200_s4_level2_MSMAll.feat/GrayordinatesStats/cope27.feat/zflame1uppertstat1.dtseries.nii","506234","MNINonLinear//Results/tfMRI_WM/tfMRI_WM_hp200_s4_level2_MSMAll.feat/GrayordinatesStats/cope27.feat/zflame1uppertstat1.dtseries.nii","mUTaojI5_67CZzVLz7IRLiIQGoVuN9W4"
"s3://hcp-openaccess/HCP_1200/506234/MNINonLinear/Results/tfMRI_WM/tfMRI_WM_hp200_s4_level2_MSMAll.feat/GrayordinatesStats/cope27.feat/zstat1.dtseries.nii","506234","MNINonLinear//Results/tfMRI_WM/tfMRI_WM_hp200_s4_level2_MSMAll.feat/GrayordinatesStats/cope27.feat/zstat1.dtseries.nii","Gr_8LCTcWyx5alAz8YCu4DgySFIluksF"
"s3://hcp-openaccess/HCP_1200/506234/MNINonLinear/Results/tfMRI_WM/tfMRI_WM_hp200_s4_level2_MSMAll.feat/GrayordinatesStats/cope28.feat/cope1.dtseries.nii","506234","MNINonLinear//Results/tfMRI_WM/tfMRI_WM_hp200_s4_level2_MSMAll.feat/GrayordinatesStats/cope28.feat/cope1.dtseries.nii","wyY5ahCTEOILKTZvmInHHBr8XEHYCmUS"
"s3://hcp-openaccess/HCP_1200/506234/MNINonLinear/Results/tfMRI_WM/tfMRI_WM_hp200_s4_level2_MSMAll.feat/GrayordinatesStats/cope28.feat/logfile","506234","MNINonLinear//Results/tfMRI_WM/tfMRI_WM_hp200_s4_level2_MSMAll.feat/GrayordinatesStats/cope28.feat/logfile","Vz6oJ43a5VZuxC311pq7VfJ3lDUfJGeR"
"s3://hcp-openaccess/HCP_1200/506234/MNINonLinear/Results/tfMRI_WM/tfMRI_WM_hp200_s4_level2_MSMAll.feat/GrayordinatesStats/cope28.feat/mask.dtseries.nii","506234","MNINonLinear//Results/tfMRI_WM/tfMRI_WM_hp200_s4_level2_MSMAll.feat/GrayordinatesStats/cope28.feat/mask.dtseries.nii","eQ3n22.55o6F7hItKrMaceQOYyp36Gol"
"s3://hcp-openaccess/HCP_1200/506234/MNINonLinear/Results/tfMRI_WM/tfMRI_WM_hp200_s4_level2_MSMAll.feat/GrayordinatesStats/cope28.feat/mean_random_effects_var1.dtseries.nii","506234","MNINonLinear//Results/tfMRI_WM/tfMRI_WM_hp200_s4_level2_MSMAll.feat/GrayordinatesStats/cope28.feat/mean_random_effects_var1.dtseries.nii","FBDpjxvnPZgjqlGmuMFN.P1RdZplnPGV"
"s3://hcp-openaccess/HCP_1200/506234/MNINonLinear/Results/tfMRI_WM/tfMRI_WM_hp200_s4_level2_MSMAll.feat/GrayordinatesStats/cope28.feat/pe1.dtseries.nii","506234","MNINonLinear//Results/tfMRI_WM/tfMRI_WM_hp200_s4_level2_MSMAll.feat/GrayordinatesStats/cope28.feat/pe1.dtseries.nii","Fb977HKRMSP6Sz_2h4RFnmUx89BL9u1H"
"s3://hcp-openaccess/HCP_1200/506234/MNINonLinear/Results/tfMRI_WM/tfMRI_WM_hp200_s4_level2_MSMAll.feat/GrayordinatesStats/cope28.feat/res4d.dtseries.nii","506234","MNINonLinear//Results/tfMRI_WM/tfMRI_WM_hp200_s4_level2_MSMAll.feat/GrayordinatesStats/cope28.feat/res4d.dtseries.nii","mf8PL5BR50X2NrBH1NVjXJ6A4Tsuee3F"
"s3://hcp-openaccess/HCP_1200/506234/MNINonLinear/Results/tfMRI_WM/tfMRI_WM_hp200_s4_level2_MSMAll.feat/GrayordinatesStats/cope28.feat/tdof_t1.dtseries.nii","506234","MNINonLinear//Results/tfMRI_WM/tfMRI_WM_hp200_s4_level2_MSMAll.feat/GrayordinatesStats/cope28.feat/tdof_t1.dtseries.nii","S3suowBduVGs1bLW2xpFyQM5yl.6CSWz"
"s3://hcp-openaccess/HCP_1200/506234/MNINonLinear/Results/tfMRI_WM/tfMRI_WM_hp200_s4_level2_MSMAll.feat/GrayordinatesStats/cope28.feat/tstat1.dtseries.nii","506234","MNINonLinear//Results/tfMRI_WM/tfMRI_WM_hp200_s4_level2_MSMAll.feat/GrayordinatesStats/cope28.feat/tstat1.dtseries.nii","mIUhCLDBQDjagu12878_UrFVlqHkQOPH"
"s3://hcp-openaccess/HCP_1200/506234/MNINonLinear/Results/tfMRI_WM/tfMRI_WM_hp200_s4_level2_MSMAll.feat/GrayordinatesStats/cope28.feat/varcope1.dtseries.nii","506234","MNINonLinear//Results/tfMRI_WM/tfMRI_WM_hp200_s4_level2_MSMAll.feat/GrayordinatesStats/cope28.feat/varcope1.dtseries.nii","MJGDnP0AtzizT1xx5ZzHoSxtUaWGGf1i"
"s3://hcp-openaccess/HCP_1200/506234/MNINonLinear/Results/tfMRI_WM/tfMRI_WM_hp200_s4_level2_MSMAll.feat/GrayordinatesStats/cope28.feat/weights1.dtseries.nii","506234","MNINonLinear//Results/tfMRI_WM/tfMRI_WM_hp200_s4_level2_MSMAll.feat/GrayordinatesStats/cope28.feat/weights1.dtseries.nii","fVNUt2wK31LGewxKZtRgEsNnEGhOTN3U"
"s3://hcp-openaccess/HCP_1200/506234/MNINonLinear/Results/tfMRI_WM/tfMRI_WM_hp200_s4_level2_MSMAll.feat/GrayordinatesStats/cope28.feat/zflame1lowertstat1.dtseries.nii","506234","MNINonLinear//Results/tfMRI_WM/tfMRI_WM_hp200_s4_level2_MSMAll.feat/GrayordinatesStats/cope28.feat/zflame1lowertstat1.dtseries.nii","26dZ_kkcv8Ci7jnDi0WEyHo9k5eMk_7Q"
"s3://hcp-openaccess/HCP_1200/506234/MNINonLinear/Results/tfMRI_WM/tfMRI_WM_hp200_s4_level2_MSMAll.feat/GrayordinatesStats/cope28.feat/zflame1uppertstat1.dtseries.nii","506234","MNINonLinear//Results/tfMRI_WM/tfMRI_WM_hp200_s4_level2_MSMAll.feat/GrayordinatesStats/cope28.feat/zflame1uppertstat1.dtseries.nii","rTnj_ZHpVZTd4e1keDiGEmPfr2scrHSF"
"s3://hcp-openaccess/HCP_1200/506234/MNINonLinear/Results/tfMRI_WM/tfMRI_WM_hp200_s4_level2_MSMAll.feat/GrayordinatesStats/cope28.feat/zstat1.dtseries.nii","506234","MNINonLinear//Results/tfMRI_WM/tfMRI_WM_hp200_s4_level2_MSMAll.feat/GrayordinatesStats/cope28.feat/zstat1.dtseries.nii","WvNRPF9DgpDus8fsK3Ayzsejts8BtS8U"
"s3://hcp-openaccess/HCP_1200/506234/MNINonLinear/Results/tfMRI_WM/tfMRI_WM_hp200_s4_level2_MSMAll.feat/GrayordinatesStats/cope29.feat/cope1.dtseries.nii","506234","MNINonLinear//Results/tfMRI_WM/tfMRI_WM_hp200_s4_level2_MSMAll.feat/GrayordinatesStats/cope29.feat/cope1.dtseries.nii","tVmwCeMjGd2TIJldh_.syJrKMopZWs_h"
"s3://hcp-openaccess/HCP_1200/506234/MNINonLinear/Results/tfMRI_WM/tfMRI_WM_hp200_s4_level2_MSMAll.feat/GrayordinatesStats/cope29.feat/logfile","506234","MNINonLinear//Results/tfMRI_WM/tfMRI_WM_hp200_s4_level2_MSMAll.feat/GrayordinatesStats/cope29.feat/logfile","F6se7yrWuKBvbxgWpK3fT235szlp_eeV"
"s3://hcp-openaccess/HCP_1200/506234/MNINonLinear/Results/tfMRI_WM/tfMRI_WM_hp200_s4_level2_MSMAll.feat/GrayordinatesStats/cope29.feat/mask.dtseries.nii","506234","MNINonLinear//Results/tfMRI_WM/tfMRI_WM_hp200_s4_level2_MSMAll.feat/GrayordinatesStats/cope29.feat/mask.dtseries.nii","9v9F2wG6OKaNumpLqGMtNyrxUBnI11iC"
"s3://hcp-openaccess/HCP_1200/506234/MNINonLinear/Results/tfMRI_WM/tfMRI_WM_hp200_s4_level2_MSMAll.feat/GrayordinatesStats/cope29.feat/mean_random_effects_var1.dtseries.nii","506234","MNINonLinear//Results/tfMRI_WM/tfMRI_WM_hp200_s4_level2_MSMAll.feat/GrayordinatesStats/cope29.feat/mean_random_effects_var1.dtseries.nii","AxoCb_1yFkfRTdPpbpYjt9lQtMVyi7ZF"
"s3://hcp-openaccess/HCP_1200/506234/MNINonLinear/Results/tfMRI_WM/tfMRI_WM_hp200_s4_level2_MSMAll.feat/GrayordinatesStats/cope29.feat/pe1.dtseries.nii","506234","MNINonLinear//Results/tfMRI_WM/tfMRI_WM_hp200_s4_level2_MSMAll.feat/GrayordinatesStats/cope29.feat/pe1.dtseries.nii","2PljBdW3BEbZ0.4NAXu0JrZt.sSh8quy"
"s3://hcp-openaccess/HCP_1200/506234/MNINonLinear/Results/tfMRI_WM/tfMRI_WM_hp200_s4_level2_MSMAll.feat/GrayordinatesStats/cope29.feat/res4d.dtseries.nii","506234","MNINonLinear//Results/tfMRI_WM/tfMRI_WM_hp200_s4_level2_MSMAll.feat/GrayordinatesStats/cope29.feat/res4d.dtseries.nii","FBi2gvzfUDl60_fws3OVCxtRkUQt6y_p"
"s3://hcp-openaccess/HCP_1200/506234/MNINonLinear/Results/tfMRI_WM/tfMRI_WM_hp200_s4_level2_MSMAll.feat/GrayordinatesStats/cope29.feat/tdof_t1.dtseries.nii","506234","MNINonLinear//Results/tfMRI_WM/tfMRI_WM_hp200_s4_level2_MSMAll.feat/GrayordinatesStats/cope29.feat/tdof_t1.dtseries.nii","RqzsTicbQ4wzK.BO_sDq9T_RAVpLw4JC"
"s3://hcp-openaccess/HCP_1200/506234/MNINonLinear/Results/tfMRI_WM/tfMRI_WM_hp200_s4_level2_MSMAll.feat/GrayordinatesStats/cope29.feat/tstat1.dtseries.nii","506234","MNINonLinear//Results/tfMRI_WM/tfMRI_WM_hp200_s4_level2_MSMAll.feat/GrayordinatesStats/cope29.feat/tstat1.dtseries.nii","WoWPj2.YDgn.EUWAX6n1FvB6t7IPQz8w"
"s3://hcp-openaccess/HCP_1200/506234/MNINonLinear/Results/tfMRI_WM/tfMRI_WM_hp200_s4_level2_MSMAll.feat/GrayordinatesStats/cope29.feat/varcope1.dtseries.nii","506234","MNINonLinear//Results/tfMRI_WM/tfMRI_WM_hp200_s4_level2_MSMAll.feat/GrayordinatesStats/cope29.feat/varcope1.dtseries.nii","liAWXVJuxKVBHCmdI8VWAoUFY0MqhlU."
"s3://hcp-openaccess/HCP_1200/506234/MNINonLinear/Results/tfMRI_WM/tfMRI_WM_hp200_s4_level2_MSMAll.feat/GrayordinatesStats/cope29.feat/weights1.dtseries.nii","506234","MNINonLinear//Results/tfMRI_WM/tfMRI_WM_hp200_s4_level2_MSMAll.feat/GrayordinatesStats/cope29.feat/weights1.dtseries.nii","PTN2pZK7RHrfxkyT8_wLE.Nm5BPWT.0V"
"s3://hcp-openaccess/HCP_1200/506234/MNINonLinear/Results/tfMRI_WM/tfMRI_WM_hp200_s4_level2_MSMAll.feat/GrayordinatesStats/cope29.feat/zflame1lowertstat1.dtseries.nii","506234","MNINonLinear//Results/tfMRI_WM/tfMRI_WM_hp200_s4_level2_MSMAll.feat/GrayordinatesStats/cope29.feat/zflame1lowertstat1.dtseries.nii","0TC79lLza.vwbKNRyltrmPr.4no4sVKf"
"s3://hcp-openaccess/HCP_1200/506234/MNINonLinear/Results/tfMRI_WM/tfMRI_WM_hp200_s4_level2_MSMAll.feat/GrayordinatesStats/cope29.feat/zflame1uppertstat1.dtseries.nii","506234","MNINonLinear//Results/tfMRI_WM/tfMRI_WM_hp200_s4_level2_MSMAll.feat/GrayordinatesStats/cope29.feat/zflame1uppertstat1.dtseries.nii","zI8bctU3xS9i5baArhXfd2OsNShR1Q0x"
"s3://hcp-openaccess/HCP_1200/506234/MNINonLinear/Results/tfMRI_WM/tfMRI_WM_hp200_s4_level2_MSMAll.feat/GrayordinatesStats/cope29.feat/zstat1.dtseries.nii","506234","MNINonLinear//Results/tfMRI_WM/tfMRI_WM_hp200_s4_level2_MSMAll.feat/GrayordinatesStats/cope29.feat/zstat1.dtseries.nii","0wYKKs236IrLUqSGLp1bIjm8kvoQKtO5"
"s3://hcp-openaccess/HCP_1200/506234/MNINonLinear/Results/tfMRI_WM/tfMRI_WM_hp200_s4_level2_MSMAll.feat/GrayordinatesStats/cope3.feat/cope1.dtseries.nii","506234","MNINonLinear//Results/tfMRI_WM/tfMRI_WM_hp200_s4_level2_MSMAll.feat/GrayordinatesStats/cope3.feat/cope1.dtseries.nii","h2_wZILe3Z14m6vGlE_.PkQDmqQQuhVe"
"s3://hcp-openaccess/HCP_1200/506234/MNINonLinear/Results/tfMRI_WM/tfMRI_WM_hp200_s4_level2_MSMAll.feat/GrayordinatesStats/cope3.feat/logfile","506234","MNINonLinear//Results/tfMRI_WM/tfMRI_WM_hp200_s4_level2_MSMAll.feat/GrayordinatesStats/cope3.feat/logfile","JW_LYBhzqWsejCVl42GQd11VGU4imfUt"
"s3://hcp-openaccess/HCP_1200/506234/MNINonLinear/Results/tfMRI_WM/tfMRI_WM_hp200_s4_level2_MSMAll.feat/GrayordinatesStats/cope3.feat/mask.dtseries.nii","506234","MNINonLinear//Results/tfMRI_WM/tfMRI_WM_hp200_s4_level2_MSMAll.feat/GrayordinatesStats/cope3.feat/mask.dtseries.nii","RFJrB45QoH6GhQZnhJ1bWC3w8lhIP1ii"
"s3://hcp-openaccess/HCP_1200/506234/MNINonLinear/Results/tfMRI_WM/tfMRI_WM_hp200_s4_level2_MSMAll.feat/GrayordinatesStats/cope3.feat/mean_random_effects_var1.dtseries.nii","506234","MNINonLinear//Results/tfMRI_WM/tfMRI_WM_hp200_s4_level2_MSMAll.feat/GrayordinatesStats/cope3.feat/mean_random_effects_var1.dtseries.nii","teqU2B6CopuTJw2Oon4nxwymfc_wskSL"
"s3://hcp-openaccess/HCP_1200/506234/MNINonLinear/Results/tfMRI_WM/tfMRI_WM_hp200_s4_level2_MSMAll.feat/GrayordinatesStats/cope3.feat/pe1.dtseries.nii","506234","MNINonLinear//Results/tfMRI_WM/tfMRI_WM_hp200_s4_level2_MSMAll.feat/GrayordinatesStats/cope3.feat/pe1.dtseries.nii","ORcBgwBof9jGxm0z3xL5X1b3tsiiOTw5"
"s3://hcp-openaccess/HCP_1200/506234/MNINonLinear/Results/tfMRI_WM/tfMRI_WM_hp200_s4_level2_MSMAll.feat/GrayordinatesStats/cope3.feat/res4d.dtseries.nii","506234","MNINonLinear//Results/tfMRI_WM/tfMRI_WM_hp200_s4_level2_MSMAll.feat/GrayordinatesStats/cope3.feat/res4d.dtseries.nii","CVfCiTJOCkbzAO6DKoMgeaL5ZWlBAIV1"
"s3://hcp-openaccess/HCP_1200/506234/MNINonLinear/Results/tfMRI_WM/tfMRI_WM_hp200_s4_level2_MSMAll.feat/GrayordinatesStats/cope3.feat/tdof_t1.dtseries.nii","506234","MNINonLinear//Results/tfMRI_WM/tfMRI_WM_hp200_s4_level2_MSMAll.feat/GrayordinatesStats/cope3.feat/tdof_t1.dtseries.nii","ZjdBEQHC0Wn421HntLx6I1y_1Z1Zeuh_"
"s3://hcp-openaccess/HCP_1200/506234/MNINonLinear/Results/tfMRI_WM/tfMRI_WM_hp200_s4_level2_MSMAll.feat/GrayordinatesStats/cope3.feat/tstat1.dtseries.nii","506234","MNINonLinear//Results/tfMRI_WM/tfMRI_WM_hp200_s4_level2_MSMAll.feat/GrayordinatesStats/cope3.feat/tstat1.dtseries.nii","RRF2r80yblh83zblLFHRHa9P_YT__jTX"
"s3://hcp-openaccess/HCP_1200/506234/MNINonLinear/Results/tfMRI_WM/tfMRI_WM_hp200_s4_level2_MSMAll.feat/GrayordinatesStats/cope3.feat/varcope1.dtseries.nii","506234","MNINonLinear//Results/tfMRI_WM/tfMRI_WM_hp200_s4_level2_MSMAll.feat/GrayordinatesStats/cope3.feat/varcope1.dtseries.nii","lM7fu2l2kfcCxcYWox6X.BCkUvAGrBxg"
"s3://hcp-openaccess/HCP_1200/506234/MNINonLinear/Results/tfMRI_WM/tfMRI_WM_hp200_s4_level2_MSMAll.feat/GrayordinatesStats/cope3.feat/weights1.dtseries.nii","506234","MNINonLinear//Results/tfMRI_WM/tfMRI_WM_hp200_s4_level2_MSMAll.feat/GrayordinatesStats/cope3.feat/weights1.dtseries.nii","oNYlhxHZW7SS1Ske2nY5Ga_S9SM9UzP6"
"s3://hcp-openaccess/HCP_1200/506234/MNINonLinear/Results/tfMRI_WM/tfMRI_WM_hp200_s4_level2_MSMAll.feat/GrayordinatesStats/cope3.feat/zflame1lowertstat1.dtseries.nii","506234","MNINonLinear//Results/tfMRI_WM/tfMRI_WM_hp200_s4_level2_MSMAll.feat/GrayordinatesStats/cope3.feat/zflame1lowertstat1.dtseries.nii","lOfrngMdeMMsUF5RjHCvWv3gyyaSPdEz"
"s3://hcp-openaccess/HCP_1200/506234/MNINonLinear/Results/tfMRI_WM/tfMRI_WM_hp200_s4_level2_MSMAll.feat/GrayordinatesStats/cope3.feat/zflame1uppertstat1.dtseries.nii","506234","MNINonLinear//Results/tfMRI_WM/tfMRI_WM_hp200_s4_level2_MSMAll.feat/GrayordinatesStats/cope3.feat/zflame1uppertstat1.dtseries.nii","GO9ui4_a5pG5telIYGXToiklVEIs_Zxj"
"s3://hcp-openaccess/HCP_1200/506234/MNINonLinear/Results/tfMRI_WM/tfMRI_WM_hp200_s4_level2_MSMAll.feat/GrayordinatesStats/cope3.feat/zstat1.dtseries.nii","506234","MNINonLinear//Results/tfMRI_WM/tfMRI_WM_hp200_s4_level2_MSMAll.feat/GrayordinatesStats/cope3.feat/zstat1.dtseries.nii","lRl3.cvvNalyJgQT5etIkFDGLofUPya0"
"s3://hcp-openaccess/HCP_1200/506234/MNINonLinear/Results/tfMRI_WM/tfMRI_WM_hp200_s4_level2_MSMAll.feat/GrayordinatesStats/cope30.feat/cope1.dtseries.nii","506234","MNINonLinear//Results/tfMRI_WM/tfMRI_WM_hp200_s4_level2_MSMAll.feat/GrayordinatesStats/cope30.feat/cope1.dtseries.nii","4d4LG6_021YKZjzwCkj3xWew6R3xNalN"
"s3://hcp-openaccess/HCP_1200/506234/MNINonLinear/Results/tfMRI_WM/tfMRI_WM_hp200_s4_level2_MSMAll.feat/GrayordinatesStats/cope30.feat/logfile","506234","MNINonLinear//Results/tfMRI_WM/tfMRI_WM_hp200_s4_level2_MSMAll.feat/GrayordinatesStats/cope30.feat/logfile","aZathLJj1e8jOdo4U4HbhRYYqpoP.loR"
"s3://hcp-openaccess/HCP_1200/506234/MNINonLinear/Results/tfMRI_WM/tfMRI_WM_hp200_s4_level2_MSMAll.feat/GrayordinatesStats/cope30.feat/mask.dtseries.nii","506234","MNINonLinear//Results/tfMRI_WM/tfMRI_WM_hp200_s4_level2_MSMAll.feat/GrayordinatesStats/cope30.feat/mask.dtseries.nii","eqXBaHOBEvgMbYZXpShLAoprUSEWICs4"
"s3://hcp-openaccess/HCP_1200/506234/MNINonLinear/Results/tfMRI_WM/tfMRI_WM_hp200_s4_level2_MSMAll.feat/GrayordinatesStats/cope30.feat/mean_random_effects_var1.dtseries.nii","506234","MNINonLinear//Results/tfMRI_WM/tfMRI_WM_hp200_s4_level2_MSMAll.feat/GrayordinatesStats/cope30.feat/mean_random_effects_var1.dtseries.nii","zHNHQmio1gNTUSYuMWoAXP2HTigc6icg"
"s3://hcp-openaccess/HCP_1200/506234/MNINonLinear/Results/tfMRI_WM/tfMRI_WM_hp200_s4_level2_MSMAll.feat/GrayordinatesStats/cope30.feat/pe1.dtseries.nii","506234","MNINonLinear//Results/tfMRI_WM/tfMRI_WM_hp200_s4_level2_MSMAll.feat/GrayordinatesStats/cope30.feat/pe1.dtseries.nii","fyd3txk.MSZjavZzivjNINnKvbQ13M6T"
"s3://hcp-openaccess/HCP_1200/506234/MNINonLinear/Results/tfMRI_WM/tfMRI_WM_hp200_s4_level2_MSMAll.feat/GrayordinatesStats/cope30.feat/res4d.dtseries.nii","506234","MNINonLinear//Results/tfMRI_WM/tfMRI_WM_hp200_s4_level2_MSMAll.feat/GrayordinatesStats/cope30.feat/res4d.dtseries.nii","5v1Iv450f7vE9XoeufaIWgGk.V6ntQ2j"
"s3://hcp-openaccess/HCP_1200/506234/MNINonLinear/Results/tfMRI_WM/tfMRI_WM_hp200_s4_level2_MSMAll.feat/GrayordinatesStats/cope30.feat/tdof_t1.dtseries.nii","506234","MNINonLinear//Results/tfMRI_WM/tfMRI_WM_hp200_s4_level2_MSMAll.feat/GrayordinatesStats/cope30.feat/tdof_t1.dtseries.nii","fE_cwqoFEws3ZG5IY0okytzpZUazsIZ8"
"s3://hcp-openaccess/HCP_1200/506234/MNINonLinear/Results/tfMRI_WM/tfMRI_WM_hp200_s4_level2_MSMAll.feat/GrayordinatesStats/cope30.feat/tstat1.dtseries.nii","506234","MNINonLinear//Results/tfMRI_WM/tfMRI_WM_hp200_s4_level2_MSMAll.feat/GrayordinatesStats/cope30.feat/tstat1.dtseries.nii","WvK.EiGJDnBEOnxvEsYTPwOpdB75GEr8"
"s3://hcp-openaccess/HCP_1200/506234/MNINonLinear/Results/tfMRI_WM/tfMRI_WM_hp200_s4_level2_MSMAll.feat/GrayordinatesStats/cope30.feat/varcope1.dtseries.nii","506234","MNINonLinear//Results/tfMRI_WM/tfMRI_WM_hp200_s4_level2_MSMAll.feat/GrayordinatesStats/cope30.feat/varcope1.dtseries.nii","WHEigKOXLDQoNPTuLC.zlQFg5QBeqRWN"
"s3://hcp-openaccess/HCP_1200/506234/MNINonLinear/Results/tfMRI_WM/tfMRI_WM_hp200_s4_level2_MSMAll.feat/GrayordinatesStats/cope30.feat/weights1.dtseries.nii","506234","MNINonLinear//Results/tfMRI_WM/tfMRI_WM_hp200_s4_level2_MSMAll.feat/GrayordinatesStats/cope30.feat/weights1.dtseries.nii","yRKVT1posvLO2xeEl0heeJH6tpnhWNpB"
"s3://hcp-openaccess/HCP_1200/506234/MNINonLinear/Results/tfMRI_WM/tfMRI_WM_hp200_s4_level2_MSMAll.feat/GrayordinatesStats/cope30.feat/zflame1lowertstat1.dtseries.nii","506234","MNINonLinear//Results/tfMRI_WM/tfMRI_WM_hp200_s4_level2_MSMAll.feat/GrayordinatesStats/cope30.feat/zflame1lowertstat1.dtseries.nii","S4sXSB5qmPZKUAqi9XoEsboUMhQVKIhg"
"s3://hcp-openaccess/HCP_1200/506234/MNINonLinear/Results/tfMRI_WM/tfMRI_WM_hp200_s4_level2_MSMAll.feat/GrayordinatesStats/cope30.feat/zflame1uppertstat1.dtseries.nii","506234","MNINonLinear//Results/tfMRI_WM/tfMRI_WM_hp200_s4_level2_MSMAll.feat/GrayordinatesStats/cope30.feat/zflame1uppertstat1.dtseries.nii","Jue1hCVAnLcC0V4td1mGms.tQlNNyf_O"
"s3://hcp-openaccess/HCP_1200/506234/MNINonLinear/Results/tfMRI_WM/tfMRI_WM_hp200_s4_level2_MSMAll.feat/GrayordinatesStats/cope30.feat/zstat1.dtseries.nii","506234","MNINonLinear//Results/tfMRI_WM/tfMRI_WM_hp200_s4_level2_MSMAll.feat/GrayordinatesStats/cope30.feat/zstat1.dtseries.nii","w7wHXYjva16PXGbzbKkI_eGF9153gbU."
"s3://hcp-openaccess/HCP_1200/506234/MNINonLinear/Results/tfMRI_WM/tfMRI_WM_hp200_s4_level2_MSMAll.feat/GrayordinatesStats/cope4.feat/cope1.dtseries.nii","506234","MNINonLinear//Results/tfMRI_WM/tfMRI_WM_hp200_s4_level2_MSMAll.feat/GrayordinatesStats/cope4.feat/cope1.dtseries.nii","PfOU7sFQL0PJaGDedmCxF9Xf6Wx3k6le"
"s3://hcp-openaccess/HCP_1200/506234/MNINonLinear/Results/tfMRI_WM/tfMRI_WM_hp200_s4_level2_MSMAll.feat/GrayordinatesStats/cope4.feat/logfile","506234","MNINonLinear//Results/tfMRI_WM/tfMRI_WM_hp200_s4_level2_MSMAll.feat/GrayordinatesStats/cope4.feat/logfile","VJk5Jh1FLpbmlhw2w_KOcoYM_QrcRHWw"
"s3://hcp-openaccess/HCP_1200/506234/MNINonLinear/Results/tfMRI_WM/tfMRI_WM_hp200_s4_level2_MSMAll.feat/GrayordinatesStats/cope4.feat/mask.dtseries.nii","506234","MNINonLinear//Results/tfMRI_WM/tfMRI_WM_hp200_s4_level2_MSMAll.feat/GrayordinatesStats/cope4.feat/mask.dtseries.nii","ocTqyxL8BaXRNnPtO_ghh8O1etwocs7e"
"s3://hcp-openaccess/HCP_1200/506234/MNINonLinear/Results/tfMRI_WM/tfMRI_WM_hp200_s4_level2_MSMAll.feat/GrayordinatesStats/cope4.feat/mean_random_effects_var1.dtseries.nii","506234","MNINonLinear//Results/tfMRI_WM/tfMRI_WM_hp200_s4_level2_MSMAll.feat/GrayordinatesStats/cope4.feat/mean_random_effects_var1.dtseries.nii","fT4Ib6qco16tLppNrvppCUGtOUisJfJB"
"s3://hcp-openaccess/HCP_1200/506234/MNINonLinear/Results/tfMRI_WM/tfMRI_WM_hp200_s4_level2_MSMAll.feat/GrayordinatesStats/cope4.feat/pe1.dtseries.nii","506234","MNINonLinear//Results/tfMRI_WM/tfMRI_WM_hp200_s4_level2_MSMAll.feat/GrayordinatesStats/cope4.feat/pe1.dtseries.nii","QUby9RPmt9FhqQl6kaf.1cNn.22fAFkR"
"s3://hcp-openaccess/HCP_1200/506234/MNINonLinear/Results/tfMRI_WM/tfMRI_WM_hp200_s4_level2_MSMAll.feat/GrayordinatesStats/cope4.feat/res4d.dtseries.nii","506234","MNINonLinear//Results/tfMRI_WM/tfMRI_WM_hp200_s4_level2_MSMAll.feat/GrayordinatesStats/cope4.feat/res4d.dtseries.nii","9schn3Fs_G9yijdk3sp3A41F9JY9RETw"
"s3://hcp-openaccess/HCP_1200/506234/MNINonLinear/Results/tfMRI_WM/tfMRI_WM_hp200_s4_level2_MSMAll.feat/GrayordinatesStats/cope4.feat/tdof_t1.dtseries.nii","506234","MNINonLinear//Results/tfMRI_WM/tfMRI_WM_hp200_s4_level2_MSMAll.feat/GrayordinatesStats/cope4.feat/tdof_t1.dtseries.nii","k2Ky79a2J_Xs7tXMAD1MtZRc4gt2iQ.v"
"s3://hcp-openaccess/HCP_1200/506234/MNINonLinear/Results/tfMRI_WM/tfMRI_WM_hp200_s4_level2_MSMAll.feat/GrayordinatesStats/cope4.feat/tstat1.dtseries.nii","506234","MNINonLinear//Results/tfMRI_WM/tfMRI_WM_hp200_s4_level2_MSMAll.feat/GrayordinatesStats/cope4.feat/tstat1.dtseries.nii","SYuPDh88MJ04Gr3Fq3pMDGJAMkdl903."
"s3://hcp-openaccess/HCP_1200/506234/MNINonLinear/Results/tfMRI_WM/tfMRI_WM_hp200_s4_level2_MSMAll.feat/GrayordinatesStats/cope4.feat/varcope1.dtseries.nii","506234","MNINonLinear//Results/tfMRI_WM/tfMRI_WM_hp200_s4_level2_MSMAll.feat/GrayordinatesStats/cope4.feat/varcope1.dtseries.nii","FCKcV9Zts2D09hAha8aH8YFGeq0PbUuu"
"s3://hcp-openaccess/HCP_1200/506234/MNINonLinear/Results/tfMRI_WM/tfMRI_WM_hp200_s4_level2_MSMAll.feat/GrayordinatesStats/cope4.feat/weights1.dtseries.nii","506234","MNINonLinear//Results/tfMRI_WM/tfMRI_WM_hp200_s4_level2_MSMAll.feat/GrayordinatesStats/cope4.feat/weights1.dtseries.nii","AgOPINnKEg97JepqK.Z063CBtgUeK3r1"
"s3://hcp-openaccess/HCP_1200/506234/MNINonLinear/Results/tfMRI_WM/tfMRI_WM_hp200_s4_level2_MSMAll.feat/GrayordinatesStats/cope4.feat/zflame1lowertstat1.dtseries.nii","506234","MNINonLinear//Results/tfMRI_WM/tfMRI_WM_hp200_s4_level2_MSMAll.feat/GrayordinatesStats/cope4.feat/zflame1lowertstat1.dtseries.nii","QmR9Bzi3MLIaeWoRgSki8PHwEYm7XTDS"
"s3://hcp-openaccess/HCP_1200/506234/MNINonLinear/Results/tfMRI_WM/tfMRI_WM_hp200_s4_level2_MSMAll.feat/GrayordinatesStats/cope4.feat/zflame1uppertstat1.dtseries.nii","506234","MNINonLinear//Results/tfMRI_WM/tfMRI_WM_hp200_s4_level2_MSMAll.feat/GrayordinatesStats/cope4.feat/zflame1uppertstat1.dtseries.nii","bEg603vo1vGZyBE0WQE3JaZc8yc3_AY."
"s3://hcp-openaccess/HCP_1200/506234/MNINonLinear/Results/tfMRI_WM/tfMRI_WM_hp200_s4_level2_MSMAll.feat/GrayordinatesStats/cope4.feat/zstat1.dtseries.nii","506234","MNINonLinear//Results/tfMRI_WM/tfMRI_WM_hp200_s4_level2_MSMAll.feat/GrayordinatesStats/cope4.feat/zstat1.dtseries.nii","hWPCi83Xpxipa0nIAFeI0dVKfRluW6B6"
"s3://hcp-openaccess/HCP_1200/506234/MNINonLinear/Results/tfMRI_WM/tfMRI_WM_hp200_s4_level2_MSMAll.feat/GrayordinatesStats/cope5.feat/cope1.dtseries.nii","506234","MNINonLinear//Results/tfMRI_WM/tfMRI_WM_hp200_s4_level2_MSMAll.feat/GrayordinatesStats/cope5.feat/cope1.dtseries.nii","_GvlqSQvqOiF.zJmPuYeILwcfOaL8G1k"
"s3://hcp-openaccess/HCP_1200/506234/MNINonLinear/Results/tfMRI_WM/tfMRI_WM_hp200_s4_level2_MSMAll.feat/GrayordinatesStats/cope5.feat/logfile","506234","MNINonLinear//Results/tfMRI_WM/tfMRI_WM_hp200_s4_level2_MSMAll.feat/GrayordinatesStats/cope5.feat/logfile","UGsQQGGX2uOt3mZ4PBtG3ouao9yGWU5A"
"s3://hcp-openaccess/HCP_1200/506234/MNINonLinear/Results/tfMRI_WM/tfMRI_WM_hp200_s4_level2_MSMAll.feat/GrayordinatesStats/cope5.feat/mask.dtseries.nii","506234","MNINonLinear//Results/tfMRI_WM/tfMRI_WM_hp200_s4_level2_MSMAll.feat/GrayordinatesStats/cope5.feat/mask.dtseries.nii","QNKJxm7DiTKwFWOQFgZ3HtG7b4s3JNtd"
"s3://hcp-openaccess/HCP_1200/506234/MNINonLinear/Results/tfMRI_WM/tfMRI_WM_hp200_s4_level2_MSMAll.feat/GrayordinatesStats/cope5.feat/mean_random_effects_var1.dtseries.nii","506234","MNINonLinear//Results/tfMRI_WM/tfMRI_WM_hp200_s4_level2_MSMAll.feat/GrayordinatesStats/cope5.feat/mean_random_effects_var1.dtseries.nii","qJj.kZ8TTNM95nMaTxxD.PRD8B4IIHDl"
"s3://hcp-openaccess/HCP_1200/506234/MNINonLinear/Results/tfMRI_WM/tfMRI_WM_hp200_s4_level2_MSMAll.feat/GrayordinatesStats/cope5.feat/pe1.dtseries.nii","506234","MNINonLinear//Results/tfMRI_WM/tfMRI_WM_hp200_s4_level2_MSMAll.feat/GrayordinatesStats/cope5.feat/pe1.dtseries.nii","c8uJ_UpDDDIf2tgzaRQDbQtQPxT3_Nvp"
"s3://hcp-openaccess/HCP_1200/506234/MNINonLinear/Results/tfMRI_WM/tfMRI_WM_hp200_s4_level2_MSMAll.feat/GrayordinatesStats/cope5.feat/res4d.dtseries.nii","506234","MNINonLinear//Results/tfMRI_WM/tfMRI_WM_hp200_s4_level2_MSMAll.feat/GrayordinatesStats/cope5.feat/res4d.dtseries.nii","h98MULgRKa3MBSKDx1QW547LZZ2WJx40"
"s3://hcp-openaccess/HCP_1200/506234/MNINonLinear/Results/tfMRI_WM/tfMRI_WM_hp200_s4_level2_MSMAll.feat/GrayordinatesStats/cope5.feat/tdof_t1.dtseries.nii","506234","MNINonLinear//Results/tfMRI_WM/tfMRI_WM_hp200_s4_level2_MSMAll.feat/GrayordinatesStats/cope5.feat/tdof_t1.dtseries.nii","9OuCYmV1FPGNsyhjxR0gSzzp3rssvPSw"
"s3://hcp-openaccess/HCP_1200/506234/MNINonLinear/Results/tfMRI_WM/tfMRI_WM_hp200_s4_level2_MSMAll.feat/GrayordinatesStats/cope5.feat/tstat1.dtseries.nii","506234","MNINonLinear//Results/tfMRI_WM/tfMRI_WM_hp200_s4_level2_MSMAll.feat/GrayordinatesStats/cope5.feat/tstat1.dtseries.nii","0onPnu8dMV0LwdprKOUpoOFNsGZDxWyc"
"s3://hcp-openaccess/HCP_1200/506234/MNINonLinear/Results/tfMRI_WM/tfMRI_WM_hp200_s4_level2_MSMAll.feat/GrayordinatesStats/cope5.feat/varcope1.dtseries.nii","506234","MNINonLinear//Results/tfMRI_WM/tfMRI_WM_hp200_s4_level2_MSMAll.feat/GrayordinatesStats/cope5.feat/varcope1.dtseries.nii","c5eUqT9Ib_kTAy4Nh2X0LlEcx2DvKhqn"
"s3://hcp-openaccess/HCP_1200/506234/MNINonLinear/Results/tfMRI_WM/tfMRI_WM_hp200_s4_level2_MSMAll.feat/GrayordinatesStats/cope5.feat/weights1.dtseries.nii","506234","MNINonLinear//Results/tfMRI_WM/tfMRI_WM_hp200_s4_level2_MSMAll.feat/GrayordinatesStats/cope5.feat/weights1.dtseries.nii","Ow0_N2sIf6ie1HvTqvcOO4_hkx14z.Kg"
"s3://hcp-openaccess/HCP_1200/506234/MNINonLinear/Results/tfMRI_WM/tfMRI_WM_hp200_s4_level2_MSMAll.feat/GrayordinatesStats/cope5.feat/zflame1lowertstat1.dtseries.nii","506234","MNINonLinear//Results/tfMRI_WM/tfMRI_WM_hp200_s4_level2_MSMAll.feat/GrayordinatesStats/cope5.feat/zflame1lowertstat1.dtseries.nii","U0195GdAcmVbf2aMjw8NjLJMQjA2zMa6"
"s3://hcp-openaccess/HCP_1200/506234/MNINonLinear/Results/tfMRI_WM/tfMRI_WM_hp200_s4_level2_MSMAll.feat/GrayordinatesStats/cope5.feat/zflame1uppertstat1.dtseries.nii","506234","MNINonLinear//Results/tfMRI_WM/tfMRI_WM_hp200_s4_level2_MSMAll.feat/GrayordinatesStats/cope5.feat/zflame1uppertstat1.dtseries.nii","vxddzi8R3rG1ujxU4Fs.NlK32RzaMVqT"
"s3://hcp-openaccess/HCP_1200/506234/MNINonLinear/Results/tfMRI_WM/tfMRI_WM_hp200_s4_level2_MSMAll.feat/GrayordinatesStats/cope5.feat/zstat1.dtseries.nii","506234","MNINonLinear//Results/tfMRI_WM/tfMRI_WM_hp200_s4_level2_MSMAll.feat/GrayordinatesStats/cope5.feat/zstat1.dtseries.nii","JnTuZ3UelWSUYhCfo7MqHr8x.wD_XMxk"
"s3://hcp-openaccess/HCP_1200/506234/MNINonLinear/Results/tfMRI_WM/tfMRI_WM_hp200_s4_level2_MSMAll.feat/GrayordinatesStats/cope6.feat/cope1.dtseries.nii","506234","MNINonLinear//Results/tfMRI_WM/tfMRI_WM_hp200_s4_level2_MSMAll.feat/GrayordinatesStats/cope6.feat/cope1.dtseries.nii","LBKc0cNuklyVCXsxKsR4nBEeAhJC2etv"
"s3://hcp-openaccess/HCP_1200/506234/MNINonLinear/Results/tfMRI_WM/tfMRI_WM_hp200_s4_level2_MSMAll.feat/GrayordinatesStats/cope6.feat/logfile","506234","MNINonLinear//Results/tfMRI_WM/tfMRI_WM_hp200_s4_level2_MSMAll.feat/GrayordinatesStats/cope6.feat/logfile","LjqBcnlPXAFnfiSXao7fcBAf9lWwXvMe"
"s3://hcp-openaccess/HCP_1200/506234/MNINonLinear/Results/tfMRI_WM/tfMRI_WM_hp200_s4_level2_MSMAll.feat/GrayordinatesStats/cope6.feat/mask.dtseries.nii","506234","MNINonLinear//Results/tfMRI_WM/tfMRI_WM_hp200_s4_level2_MSMAll.feat/GrayordinatesStats/cope6.feat/mask.dtseries.nii","Yeb5fLWNRKEudBvg._5gx2VRSHV.4f5A"
"s3://hcp-openaccess/HCP_1200/506234/MNINonLinear/Results/tfMRI_WM/tfMRI_WM_hp200_s4_level2_MSMAll.feat/GrayordinatesStats/cope6.feat/mean_random_effects_var1.dtseries.nii","506234","MNINonLinear//Results/tfMRI_WM/tfMRI_WM_hp200_s4_level2_MSMAll.feat/GrayordinatesStats/cope6.feat/mean_random_effects_var1.dtseries.nii",".uqVp39ialLI3L8rRVNDw3xXRWGfmufb"
"s3://hcp-openaccess/HCP_1200/506234/MNINonLinear/Results/tfMRI_WM/tfMRI_WM_hp200_s4_level2_MSMAll.feat/GrayordinatesStats/cope6.feat/pe1.dtseries.nii","506234","MNINonLinear//Results/tfMRI_WM/tfMRI_WM_hp200_s4_level2_MSMAll.feat/GrayordinatesStats/cope6.feat/pe1.dtseries.nii","IpFJhCheTH9BjggrByKw2d9jwVCdDCZB"
"s3://hcp-openaccess/HCP_1200/506234/MNINonLinear/Results/tfMRI_WM/tfMRI_WM_hp200_s4_level2_MSMAll.feat/GrayordinatesStats/cope6.feat/res4d.dtseries.nii","506234","MNINonLinear//Results/tfMRI_WM/tfMRI_WM_hp200_s4_level2_MSMAll.feat/GrayordinatesStats/cope6.feat/res4d.dtseries.nii","nRHxKM9cGB3D21J1ch0dX8uQPgXrYeow"
"s3://hcp-openaccess/HCP_1200/506234/MNINonLinear/Results/tfMRI_WM/tfMRI_WM_hp200_s4_level2_MSMAll.feat/GrayordinatesStats/cope6.feat/tdof_t1.dtseries.nii","506234","MNINonLinear//Results/tfMRI_WM/tfMRI_WM_hp200_s4_level2_MSMAll.feat/GrayordinatesStats/cope6.feat/tdof_t1.dtseries.nii","WqUzFDwVVdZ8I4glQk58K3XcnlIf.f7Z"
"s3://hcp-openaccess/HCP_1200/506234/MNINonLinear/Results/tfMRI_WM/tfMRI_WM_hp200_s4_level2_MSMAll.feat/GrayordinatesStats/cope6.feat/tstat1.dtseries.nii","506234","MNINonLinear//Results/tfMRI_WM/tfMRI_WM_hp200_s4_level2_MSMAll.feat/GrayordinatesStats/cope6.feat/tstat1.dtseries.nii","BV2TDm5RL2XbVoygogjuKVOzSIde3lu7"
"s3://hcp-openaccess/HCP_1200/506234/MNINonLinear/Results/tfMRI_WM/tfMRI_WM_hp200_s4_level2_MSMAll.feat/GrayordinatesStats/cope6.feat/varcope1.dtseries.nii","506234","MNINonLinear//Results/tfMRI_WM/tfMRI_WM_hp200_s4_level2_MSMAll.feat/GrayordinatesStats/cope6.feat/varcope1.dtseries.nii","qa9IjnU3hG3uE4SE9ieBH3gh2zzm.iTl"
"s3://hcp-openaccess/HCP_1200/506234/MNINonLinear/Results/tfMRI_WM/tfMRI_WM_hp200_s4_level2_MSMAll.feat/GrayordinatesStats/cope6.feat/weights1.dtseries.nii","506234","MNINonLinear//Results/tfMRI_WM/tfMRI_WM_hp200_s4_level2_MSMAll.feat/GrayordinatesStats/cope6.feat/weights1.dtseries.nii","lQr6bN87na0Wz2oCfV0LnBJ6WPnbKyJc"
"s3://hcp-openaccess/HCP_1200/506234/MNINonLinear/Results/tfMRI_WM/tfMRI_WM_hp200_s4_level2_MSMAll.feat/GrayordinatesStats/cope6.feat/zflame1lowertstat1.dtseries.nii","506234","MNINonLinear//Results/tfMRI_WM/tfMRI_WM_hp200_s4_level2_MSMAll.feat/GrayordinatesStats/cope6.feat/zflame1lowertstat1.dtseries.nii","AvvbiCO_e_Bd4_VP1RxToGkQZVUf7.EP"
"s3://hcp-openaccess/HCP_1200/506234/MNINonLinear/Results/tfMRI_WM/tfMRI_WM_hp200_s4_level2_MSMAll.feat/GrayordinatesStats/cope6.feat/zflame1uppertstat1.dtseries.nii","506234","MNINonLinear//Results/tfMRI_WM/tfMRI_WM_hp200_s4_level2_MSMAll.feat/GrayordinatesStats/cope6.feat/zflame1uppertstat1.dtseries.nii","_2Xe6q85yv7WI5tGJFsliys1mtxPhPdV"
"s3://hcp-openaccess/HCP_1200/506234/MNINonLinear/Results/tfMRI_WM/tfMRI_WM_hp200_s4_level2_MSMAll.feat/GrayordinatesStats/cope6.feat/zstat1.dtseries.nii","506234","MNINonLinear//Results/tfMRI_WM/tfMRI_WM_hp200_s4_level2_MSMAll.feat/GrayordinatesStats/cope6.feat/zstat1.dtseries.nii","jo9rdzhxe75TW9b2CxSXDkqqRIab_3z1"
"s3://hcp-openaccess/HCP_1200/506234/MNINonLinear/Results/tfMRI_WM/tfMRI_WM_hp200_s4_level2_MSMAll.feat/GrayordinatesStats/cope7.feat/cope1.dtseries.nii","506234","MNINonLinear//Results/tfMRI_WM/tfMRI_WM_hp200_s4_level2_MSMAll.feat/GrayordinatesStats/cope7.feat/cope1.dtseries.nii","Ozc8m.MSh2rnTHBf0aWIEyQwsdeW4wiJ"
"s3://hcp-openaccess/HCP_1200/506234/MNINonLinear/Results/tfMRI_WM/tfMRI_WM_hp200_s4_level2_MSMAll.feat/GrayordinatesStats/cope7.feat/logfile","506234","MNINonLinear//Results/tfMRI_WM/tfMRI_WM_hp200_s4_level2_MSMAll.feat/GrayordinatesStats/cope7.feat/logfile","FcbXTHL8cgG1bf7jFMoKr4bfl6r1Hz0C"
"s3://hcp-openaccess/HCP_1200/506234/MNINonLinear/Results/tfMRI_WM/tfMRI_WM_hp200_s4_level2_MSMAll.feat/GrayordinatesStats/cope7.feat/mask.dtseries.nii","506234","MNINonLinear//Results/tfMRI_WM/tfMRI_WM_hp200_s4_level2_MSMAll.feat/GrayordinatesStats/cope7.feat/mask.dtseries.nii","af2Hy3jrx_wLnTb.29F2Fb48VmOxkHir"
"s3://hcp-openaccess/HCP_1200/506234/MNINonLinear/Results/tfMRI_WM/tfMRI_WM_hp200_s4_level2_MSMAll.feat/GrayordinatesStats/cope7.feat/mean_random_effects_var1.dtseries.nii","506234","MNINonLinear//Results/tfMRI_WM/tfMRI_WM_hp200_s4_level2_MSMAll.feat/GrayordinatesStats/cope7.feat/mean_random_effects_var1.dtseries.nii","5.UrhYh78FqPFZa2PWCm6duHG1aKOzMm"
"s3://hcp-openaccess/HCP_1200/506234/MNINonLinear/Results/tfMRI_WM/tfMRI_WM_hp200_s4_level2_MSMAll.feat/GrayordinatesStats/cope7.feat/pe1.dtseries.nii","506234","MNINonLinear//Results/tfMRI_WM/tfMRI_WM_hp200_s4_level2_MSMAll.feat/GrayordinatesStats/cope7.feat/pe1.dtseries.nii","Gh2EMc9HXTz6Q0JvQK2vnMxZ6iquTkjK"
"s3://hcp-openaccess/HCP_1200/506234/MNINonLinear/Results/tfMRI_WM/tfMRI_WM_hp200_s4_level2_MSMAll.feat/GrayordinatesStats/cope7.feat/res4d.dtseries.nii","506234","MNINonLinear//Results/tfMRI_WM/tfMRI_WM_hp200_s4_level2_MSMAll.feat/GrayordinatesStats/cope7.feat/res4d.dtseries.nii","zUFLkgDgqKNULumKo7LwwwenbGuIfYMa"
"s3://hcp-openaccess/HCP_1200/506234/MNINonLinear/Results/tfMRI_WM/tfMRI_WM_hp200_s4_level2_MSMAll.feat/GrayordinatesStats/cope7.feat/tdof_t1.dtseries.nii","506234","MNINonLinear//Results/tfMRI_WM/tfMRI_WM_hp200_s4_level2_MSMAll.feat/GrayordinatesStats/cope7.feat/tdof_t1.dtseries.nii","_iykClAWQnl0HoWrf6iRmrIIWAqyDMDX"
"s3://hcp-openaccess/HCP_1200/506234/MNINonLinear/Results/tfMRI_WM/tfMRI_WM_hp200_s4_level2_MSMAll.feat/GrayordinatesStats/cope7.feat/tstat1.dtseries.nii","506234","MNINonLinear//Results/tfMRI_WM/tfMRI_WM_hp200_s4_level2_MSMAll.feat/GrayordinatesStats/cope7.feat/tstat1.dtseries.nii","UyfzWGFBkefAA2GfiQFMO9H7NHTt6eVs"
"s3://hcp-openaccess/HCP_1200/506234/MNINonLinear/Results/tfMRI_WM/tfMRI_WM_hp200_s4_level2_MSMAll.feat/GrayordinatesStats/cope7.feat/varcope1.dtseries.nii","506234","MNINonLinear//Results/tfMRI_WM/tfMRI_WM_hp200_s4_level2_MSMAll.feat/GrayordinatesStats/cope7.feat/varcope1.dtseries.nii","_UtJDVa.2Gf7N5ait26YlSLdWLF9WMqa"
"s3://hcp-openaccess/HCP_1200/506234/MNINonLinear/Results/tfMRI_WM/tfMRI_WM_hp200_s4_level2_MSMAll.feat/GrayordinatesStats/cope7.feat/weights1.dtseries.nii","506234","MNINonLinear//Results/tfMRI_WM/tfMRI_WM_hp200_s4_level2_MSMAll.feat/GrayordinatesStats/cope7.feat/weights1.dtseries.nii","ATJQJIoVxhG0v1dkQcxiPJr7Jmrppx5r"
"s3://hcp-openaccess/HCP_1200/506234/MNINonLinear/Results/tfMRI_WM/tfMRI_WM_hp200_s4_level2_MSMAll.feat/GrayordinatesStats/cope7.feat/zflame1lowertstat1.dtseries.nii","506234","MNINonLinear//Results/tfMRI_WM/tfMRI_WM_hp200_s4_level2_MSMAll.feat/GrayordinatesStats/cope7.feat/zflame1lowertstat1.dtseries.nii","FItCsK6sLlUG9vptgxTseeXIQvj..8rP"
"s3://hcp-openaccess/HCP_1200/506234/MNINonLinear/Results/tfMRI_WM/tfMRI_WM_hp200_s4_level2_MSMAll.feat/GrayordinatesStats/cope7.feat/zflame1uppertstat1.dtseries.nii","506234","MNINonLinear//Results/tfMRI_WM/tfMRI_WM_hp200_s4_level2_MSMAll.feat/GrayordinatesStats/cope7.feat/zflame1uppertstat1.dtseries.nii","AZhtgz8B0qhI.y8B4izz29JP1U78tfy7"
"s3://hcp-openaccess/HCP_1200/506234/MNINonLinear/Results/tfMRI_WM/tfMRI_WM_hp200_s4_level2_MSMAll.feat/GrayordinatesStats/cope7.feat/zstat1.dtseries.nii","506234","MNINonLinear//Results/tfMRI_WM/tfMRI_WM_hp200_s4_level2_MSMAll.feat/GrayordinatesStats/cope7.feat/zstat1.dtseries.nii","l7IKD1bNsiAqRMM0vniJJ0CGFe92Jkil"
"s3://hcp-openaccess/HCP_1200/506234/MNINonLinear/Results/tfMRI_WM/tfMRI_WM_hp200_s4_level2_MSMAll.feat/GrayordinatesStats/cope8.feat/cope1.dtseries.nii","506234","MNINonLinear//Results/tfMRI_WM/tfMRI_WM_hp200_s4_level2_MSMAll.feat/GrayordinatesStats/cope8.feat/cope1.dtseries.nii","mfZkar5fJENo9YKaTFekhSWezRy7_U9R"
"s3://hcp-openaccess/HCP_1200/506234/MNINonLinear/Results/tfMRI_WM/tfMRI_WM_hp200_s4_level2_MSMAll.feat/GrayordinatesStats/cope8.feat/logfile","506234","MNINonLinear//Results/tfMRI_WM/tfMRI_WM_hp200_s4_level2_MSMAll.feat/GrayordinatesStats/cope8.feat/logfile","aMGXNZq_ImBe2U8IRZ7coPYuPvYhw199"
"s3://hcp-openaccess/HCP_1200/506234/MNINonLinear/Results/tfMRI_WM/tfMRI_WM_hp200_s4_level2_MSMAll.feat/GrayordinatesStats/cope8.feat/mask.dtseries.nii","506234","MNINonLinear//Results/tfMRI_WM/tfMRI_WM_hp200_s4_level2_MSMAll.feat/GrayordinatesStats/cope8.feat/mask.dtseries.nii","Aw2lfGmjEjHA9mActh6T2OhLuO5mPnDB"
"s3://hcp-openaccess/HCP_1200/506234/MNINonLinear/Results/tfMRI_WM/tfMRI_WM_hp200_s4_level2_MSMAll.feat/GrayordinatesStats/cope8.feat/mean_random_effects_var1.dtseries.nii","506234","MNINonLinear//Results/tfMRI_WM/tfMRI_WM_hp200_s4_level2_MSMAll.feat/GrayordinatesStats/cope8.feat/mean_random_effects_var1.dtseries.nii","khCMhVYD230ezMDks_76LslRV4ltUH5r"
"s3://hcp-openaccess/HCP_1200/506234/MNINonLinear/Results/tfMRI_WM/tfMRI_WM_hp200_s4_level2_MSMAll.feat/GrayordinatesStats/cope8.feat/pe1.dtseries.nii","506234","MNINonLinear//Results/tfMRI_WM/tfMRI_WM_hp200_s4_level2_MSMAll.feat/GrayordinatesStats/cope8.feat/pe1.dtseries.nii","6aYlxJ6LQShW8AbKwTNpe.xEQmv39P9I"
"s3://hcp-openaccess/HCP_1200/506234/MNINonLinear/Results/tfMRI_WM/tfMRI_WM_hp200_s4_level2_MSMAll.feat/GrayordinatesStats/cope8.feat/res4d.dtseries.nii","506234","MNINonLinear//Results/tfMRI_WM/tfMRI_WM_hp200_s4_level2_MSMAll.feat/GrayordinatesStats/cope8.feat/res4d.dtseries.nii","tuXRJE09hLsQHJe7PI6Ys8DJbT.lDpoD"
"s3://hcp-openaccess/HCP_1200/506234/MNINonLinear/Results/tfMRI_WM/tfMRI_WM_hp200_s4_level2_MSMAll.feat/GrayordinatesStats/cope8.feat/tdof_t1.dtseries.nii","506234","MNINonLinear//Results/tfMRI_WM/tfMRI_WM_hp200_s4_level2_MSMAll.feat/GrayordinatesStats/cope8.feat/tdof_t1.dtseries.nii","DeWJCLjE0zcbploZ.fu3UMUbvhlzctmo"
"s3://hcp-openaccess/HCP_1200/506234/MNINonLinear/Results/tfMRI_WM/tfMRI_WM_hp200_s4_level2_MSMAll.feat/GrayordinatesStats/cope8.feat/tstat1.dtseries.nii","506234","MNINonLinear//Results/tfMRI_WM/tfMRI_WM_hp200_s4_level2_MSMAll.feat/GrayordinatesStats/cope8.feat/tstat1.dtseries.nii","KS.WeF8PsHWvOslDFSqMtmiym90jVDTl"
"s3://hcp-openaccess/HCP_1200/506234/MNINonLinear/Results/tfMRI_WM/tfMRI_WM_hp200_s4_level2_MSMAll.feat/GrayordinatesStats/cope8.feat/varcope1.dtseries.nii","506234","MNINonLinear//Results/tfMRI_WM/tfMRI_WM_hp200_s4_level2_MSMAll.feat/GrayordinatesStats/cope8.feat/varcope1.dtseries.nii","PxeA3iSOD68P9HXjPQgJ0h8HGUioyfGG"
"s3://hcp-openaccess/HCP_1200/506234/MNINonLinear/Results/tfMRI_WM/tfMRI_WM_hp200_s4_level2_MSMAll.feat/GrayordinatesStats/cope8.feat/weights1.dtseries.nii","506234","MNINonLinear//Results/tfMRI_WM/tfMRI_WM_hp200_s4_level2_MSMAll.feat/GrayordinatesStats/cope8.feat/weights1.dtseries.nii","tvf0Jut4AFsDLVnR_bVMA65nangEsJGl"
"s3://hcp-openaccess/HCP_1200/506234/MNINonLinear/Results/tfMRI_WM/tfMRI_WM_hp200_s4_level2_MSMAll.feat/GrayordinatesStats/cope8.feat/zflame1lowertstat1.dtseries.nii","506234","MNINonLinear//Results/tfMRI_WM/tfMRI_WM_hp200_s4_level2_MSMAll.feat/GrayordinatesStats/cope8.feat/zflame1lowertstat1.dtseries.nii","ywsjt8Y3OtvgCRIJDybUkYLFy7rWsca1"
"s3://hcp-openaccess/HCP_1200/506234/MNINonLinear/Results/tfMRI_WM/tfMRI_WM_hp200_s4_level2_MSMAll.feat/GrayordinatesStats/cope8.feat/zflame1uppertstat1.dtseries.nii","506234","MNINonLinear//Results/tfMRI_WM/tfMRI_WM_hp200_s4_level2_MSMAll.feat/GrayordinatesStats/cope8.feat/zflame1uppertstat1.dtseries.nii","KUjMxHyumI756pZSOeWTnyNrkwSE2rSy"
"s3://hcp-openaccess/HCP_1200/506234/MNINonLinear/Results/tfMRI_WM/tfMRI_WM_hp200_s4_level2_MSMAll.feat/GrayordinatesStats/cope8.feat/zstat1.dtseries.nii","506234","MNINonLinear//Results/tfMRI_WM/tfMRI_WM_hp200_s4_level2_MSMAll.feat/GrayordinatesStats/cope8.feat/zstat1.dtseries.nii","6QNsGae5Fq0m0gy2YR7adVg4_ZF_9nFT"
"s3://hcp-openaccess/HCP_1200/506234/MNINonLinear/Results/tfMRI_WM/tfMRI_WM_hp200_s4_level2_MSMAll.feat/GrayordinatesStats/cope9.feat/cope1.dtseries.nii","506234","MNINonLinear//Results/tfMRI_WM/tfMRI_WM_hp200_s4_level2_MSMAll.feat/GrayordinatesStats/cope9.feat/cope1.dtseries.nii","i3QDSq7CJXH09ijDFzgpqUvVEtOOX4hJ"
"s3://hcp-openaccess/HCP_1200/506234/MNINonLinear/Results/tfMRI_WM/tfMRI_WM_hp200_s4_level2_MSMAll.feat/GrayordinatesStats/cope9.feat/logfile","506234","MNINonLinear//Results/tfMRI_WM/tfMRI_WM_hp200_s4_level2_MSMAll.feat/GrayordinatesStats/cope9.feat/logfile","a2VBI3eoZjzO4HI5t1XK9HWScSzBKkJG"
"s3://hcp-openaccess/HCP_1200/506234/MNINonLinear/Results/tfMRI_WM/tfMRI_WM_hp200_s4_level2_MSMAll.feat/GrayordinatesStats/cope9.feat/mask.dtseries.nii","506234","MNINonLinear//Results/tfMRI_WM/tfMRI_WM_hp200_s4_level2_MSMAll.feat/GrayordinatesStats/cope9.feat/mask.dtseries.nii","dYYKImnjMZzMsHBHn64bKyIAk9HtJn9C"
"s3://hcp-openaccess/HCP_1200/506234/MNINonLinear/Results/tfMRI_WM/tfMRI_WM_hp200_s4_level2_MSMAll.feat/GrayordinatesStats/cope9.feat/mean_random_effects_var1.dtseries.nii","506234","MNINonLinear//Results/tfMRI_WM/tfMRI_WM_hp200_s4_level2_MSMAll.feat/GrayordinatesStats/cope9.feat/mean_random_effects_var1.dtseries.nii","Gnp9B6s_IAV1OwSguh6DvOyb9fHpdNRW"
"s3://hcp-openaccess/HCP_1200/506234/MNINonLinear/Results/tfMRI_WM/tfMRI_WM_hp200_s4_level2_MSMAll.feat/GrayordinatesStats/cope9.feat/pe1.dtseries.nii","506234","MNINonLinear//Results/tfMRI_WM/tfMRI_WM_hp200_s4_level2_MSMAll.feat/GrayordinatesStats/cope9.feat/pe1.dtseries.nii","bgeALIAwUWaewRnyZZUXm4VpwwdqXYj."
"s3://hcp-openaccess/HCP_1200/506234/MNINonLinear/Results/tfMRI_WM/tfMRI_WM_hp200_s4_level2_MSMAll.feat/GrayordinatesStats/cope9.feat/res4d.dtseries.nii","506234","MNINonLinear//Results/tfMRI_WM/tfMRI_WM_hp200_s4_level2_MSMAll.feat/GrayordinatesStats/cope9.feat/res4d.dtseries.nii","mOgZ80ypTlBeZVb82xUUASnKkVrD8dKs"
"s3://hcp-openaccess/HCP_1200/506234/MNINonLinear/Results/tfMRI_WM/tfMRI_WM_hp200_s4_level2_MSMAll.feat/GrayordinatesStats/cope9.feat/tdof_t1.dtseries.nii","506234","MNINonLinear//Results/tfMRI_WM/tfMRI_WM_hp200_s4_level2_MSMAll.feat/GrayordinatesStats/cope9.feat/tdof_t1.dtseries.nii","fku7Ya2p4Q3apfxK7CLZTXhiGfxjWJeW"
"s3://hcp-openaccess/HCP_1200/506234/MNINonLinear/Results/tfMRI_WM/tfMRI_WM_hp200_s4_level2_MSMAll.feat/GrayordinatesStats/cope9.feat/tstat1.dtseries.nii","506234","MNINonLinear//Results/tfMRI_WM/tfMRI_WM_hp200_s4_level2_MSMAll.feat/GrayordinatesStats/cope9.feat/tstat1.dtseries.nii","SzLnELqNdnLx6.eybWCLQVjynFlHfxyw"
"s3://hcp-openaccess/HCP_1200/506234/MNINonLinear/Results/tfMRI_WM/tfMRI_WM_hp200_s4_level2_MSMAll.feat/GrayordinatesStats/cope9.feat/varcope1.dtseries.nii","506234","MNINonLinear//Results/tfMRI_WM/tfMRI_WM_hp200_s4_level2_MSMAll.feat/GrayordinatesStats/cope9.feat/varcope1.dtseries.nii","ONNEKF7BybbzQ2INIgEJErAP3UHkD0z3"
"s3://hcp-openaccess/HCP_1200/506234/MNINonLinear/Results/tfMRI_WM/tfMRI_WM_hp200_s4_level2_MSMAll.feat/GrayordinatesStats/cope9.feat/weights1.dtseries.nii","506234","MNINonLinear//Results/tfMRI_WM/tfMRI_WM_hp200_s4_level2_MSMAll.feat/GrayordinatesStats/cope9.feat/weights1.dtseries.nii","wuCEVV3qH_kWnGMH.GJhYdYdD53IOCqm"
"s3://hcp-openaccess/HCP_1200/506234/MNINonLinear/Results/tfMRI_WM/tfMRI_WM_hp200_s4_level2_MSMAll.feat/GrayordinatesStats/cope9.feat/zflame1lowertstat1.dtseries.nii","506234","MNINonLinear//Results/tfMRI_WM/tfMRI_WM_hp200_s4_level2_MSMAll.feat/GrayordinatesStats/cope9.feat/zflame1lowertstat1.dtseries.nii","mAzdvepv538mOZFCKHAag48lqYOBgGbh"
"s3://hcp-openaccess/HCP_1200/506234/MNINonLinear/Results/tfMRI_WM/tfMRI_WM_hp200_s4_level2_MSMAll.feat/GrayordinatesStats/cope9.feat/zflame1uppertstat1.dtseries.nii","506234","MNINonLinear//Results/tfMRI_WM/tfMRI_WM_hp200_s4_level2_MSMAll.feat/GrayordinatesStats/cope9.feat/zflame1uppertstat1.dtseries.nii","wrED7cTqlwa0lgcr7IHJcw_zz3SXgtNY"
"s3://hcp-openaccess/HCP_1200/506234/MNINonLinear/Results/tfMRI_WM/tfMRI_WM_hp200_s4_level2_MSMAll.feat/GrayordinatesStats/cope9.feat/zstat1.dtseries.nii","506234","MNINonLinear//Results/tfMRI_WM/tfMRI_WM_hp200_s4_level2_MSMAll.feat/GrayordinatesStats/cope9.feat/zstat1.dtseries.nii","BBwJ1OlLc2RXqzxW1xw0u2DsxDX3_c1X"
"s3://hcp-openaccess/HCP_1200/506234/MNINonLinear/Results/tfMRI_WM/tfMRI_WM_hp200_s4_level2_MSMAll.feat/design.con","506234","MNINonLinear//Results/tfMRI_WM/tfMRI_WM_hp200_s4_level2_MSMAll.feat/design.con","LklIzy2n.1KNjURkAo0uDqb36431Nuo7"
"s3://hcp-openaccess/HCP_1200/506234/MNINonLinear/Results/tfMRI_WM/tfMRI_WM_hp200_s4_level2_MSMAll.feat/design.fsf","506234","MNINonLinear//Results/tfMRI_WM/tfMRI_WM_hp200_s4_level2_MSMAll.feat/design.fsf","b329ghJI3678K3h33lDiI3PJC3GWYl.4"
"s3://hcp-openaccess/HCP_1200/506234/MNINonLinear/Results/tfMRI_WM/tfMRI_WM_hp200_s4_level2_MSMAll.feat/design.grp","506234","MNINonLinear//Results/tfMRI_WM/tfMRI_WM_hp200_s4_level2_MSMAll.feat/design.grp","9mEMGctmN8e2YZ5Jih1ZZl8hfCnsTXm7"
"s3://hcp-openaccess/HCP_1200/506234/MNINonLinear/Results/tfMRI_WM/tfMRI_WM_hp200_s4_level2_MSMAll.feat/design.mat","506234","MNINonLinear//Results/tfMRI_WM/tfMRI_WM_hp200_s4_level2_MSMAll.feat/design.mat","5rKVROws8GkdQ0aLZ..KobMAT7Vu.6JG"
"s3://hcp-openaccess/HCP_1200/506234/MNINonLinear/Results/tfMRI_WM/tfMRI_WM_hp200_s4_level2_MSMAll.feat/design.png","506234","MNINonLinear//Results/tfMRI_WM/tfMRI_WM_hp200_s4_level2_MSMAll.feat/design.png","fO4CFcD8StfbtVgeP6zCNmW.zuSIfs8S"
"s3://hcp-openaccess/HCP_1200/506234/MNINonLinear/Results/tfMRI_WM/tfMRI_WM_hp200_s4_level2_MSMAll.feat/design.ppm","506234","MNINonLinear//Results/tfMRI_WM/tfMRI_WM_hp200_s4_level2_MSMAll.feat/design.ppm","fS6XbxetxMYKHNGUIt65vFfMe8utmJES"
"s3://hcp-openaccess/HCP_1200/506234/MNINonLinear/Results/tfMRI_WM/tfMRI_WM_hp200_s4_level2_MSMAll.feat/design_cov.png","506234","MNINonLinear//Results/tfMRI_WM/tfMRI_WM_hp200_s4_level2_MSMAll.feat/design_cov.png","US16SN1hKPiUt_kt.V8i7vGlodXpwHE."
"s3://hcp-openaccess/HCP_1200/506234/MNINonLinear/Results/tfMRI_WM/tfMRI_WM_hp200_s4_level2_MSMAll.feat/design_cov.ppm","506234","MNINonLinear//Results/tfMRI_WM/tfMRI_WM_hp200_s4_level2_MSMAll.feat/design_cov.ppm","y7AwOkrP2nmb8kWwsJDzs7LNYFnNsHOT"
"s3://hcp-openaccess/HCP_1200/506234/MNINonLinear/Results/tfMRI_WM/tfMRI_WM_hp200_s8_level2.feat/506234_tfMRI_WM_level2_hp200_s8.dscalar.nii","506234","MNINonLinear//Results/tfMRI_WM/tfMRI_WM_hp200_s8_level2.feat/506234_tfMRI_WM_level2_hp200_s8.dscalar.nii","UcZOBCFpGOsY0G4xpNHInBXWbxZdoh2V"
"s3://hcp-openaccess/HCP_1200/506234/MNINonLinear/Results/tfMRI_WM/tfMRI_WM_hp200_s8_level2.feat/Contrasts.txt","506234","MNINonLinear//Results/tfMRI_WM/tfMRI_WM_hp200_s8_level2.feat/Contrasts.txt","QqeYFboMZPKLlclGoJLS2peIXAqFeFjQ"
"s3://hcp-openaccess/HCP_1200/506234/MNINonLinear/Results/tfMRI_WM/tfMRI_WM_hp200_s8_level2.feat/GrayordinatesStats/cope1.feat/cope1.dtseries.nii","506234","MNINonLinear//Results/tfMRI_WM/tfMRI_WM_hp200_s8_level2.feat/GrayordinatesStats/cope1.feat/cope1.dtseries.nii","ysKTjti7B_U6NXh8sUJvSo59yIJmXpAN"
"s3://hcp-openaccess/HCP_1200/506234/MNINonLinear/Results/tfMRI_WM/tfMRI_WM_hp200_s8_level2.feat/GrayordinatesStats/cope1.feat/logfile","506234","MNINonLinear//Results/tfMRI_WM/tfMRI_WM_hp200_s8_level2.feat/GrayordinatesStats/cope1.feat/logfile","E_ky8GHthG_Qdde2xk6fnuv.MDffNvEc"
"s3://hcp-openaccess/HCP_1200/506234/MNINonLinear/Results/tfMRI_WM/tfMRI_WM_hp200_s8_level2.feat/GrayordinatesStats/cope1.feat/mask.dtseries.nii","506234","MNINonLinear//Results/tfMRI_WM/tfMRI_WM_hp200_s8_level2.feat/GrayordinatesStats/cope1.feat/mask.dtseries.nii","ol.wJ2o8kYSrEXCxcZxJxx4lNe1nolZg"
"s3://hcp-openaccess/HCP_1200/506234/MNINonLinear/Results/tfMRI_WM/tfMRI_WM_hp200_s8_level2.feat/GrayordinatesStats/cope1.feat/mean_random_effects_var1.dtseries.nii","506234","MNINonLinear//Results/tfMRI_WM/tfMRI_WM_hp200_s8_level2.feat/GrayordinatesStats/cope1.feat/mean_random_effects_var1.dtseries.nii","uaMYe5s_u_g0dOuC_U0M0UsTk3od3htB"
"s3://hcp-openaccess/HCP_1200/506234/MNINonLinear/Results/tfMRI_WM/tfMRI_WM_hp200_s8_level2.feat/GrayordinatesStats/cope1.feat/pe1.dtseries.nii","506234","MNINonLinear//Results/tfMRI_WM/tfMRI_WM_hp200_s8_level2.feat/GrayordinatesStats/cope1.feat/pe1.dtseries.nii","Xwd5nSD4lrOdu8cGA0WHUDNvTb7Dh3dM"
"s3://hcp-openaccess/HCP_1200/506234/MNINonLinear/Results/tfMRI_WM/tfMRI_WM_hp200_s8_level2.feat/GrayordinatesStats/cope1.feat/res4d.dtseries.nii","506234","MNINonLinear//Results/tfMRI_WM/tfMRI_WM_hp200_s8_level2.feat/GrayordinatesStats/cope1.feat/res4d.dtseries.nii","r6WDrorPYY6ZO6jSC6ImzBnQfHGn6s0n"
"s3://hcp-openaccess/HCP_1200/506234/MNINonLinear/Results/tfMRI_WM/tfMRI_WM_hp200_s8_level2.feat/GrayordinatesStats/cope1.feat/tdof_t1.dtseries.nii","506234","MNINonLinear//Results/tfMRI_WM/tfMRI_WM_hp200_s8_level2.feat/GrayordinatesStats/cope1.feat/tdof_t1.dtseries.nii","TfmNlJHNrsB.T5uX6dqE.f_r8Oti5JkV"
"s3://hcp-openaccess/HCP_1200/506234/MNINonLinear/Results/tfMRI_WM/tfMRI_WM_hp200_s8_level2.feat/GrayordinatesStats/cope1.feat/tstat1.dtseries.nii","506234","MNINonLinear//Results/tfMRI_WM/tfMRI_WM_hp200_s8_level2.feat/GrayordinatesStats/cope1.feat/tstat1.dtseries.nii","HpYRo_qCKSRVwZugH3PzNMnKOnzFfSV8"
"s3://hcp-openaccess/HCP_1200/506234/MNINonLinear/Results/tfMRI_WM/tfMRI_WM_hp200_s8_level2.feat/GrayordinatesStats/cope1.feat/varcope1.dtseries.nii","506234","MNINonLinear//Results/tfMRI_WM/tfMRI_WM_hp200_s8_level2.feat/GrayordinatesStats/cope1.feat/varcope1.dtseries.nii","Y4xDkHel.jhF6jw_RxsyRMQejK4brDQn"
"s3://hcp-openaccess/HCP_1200/506234/MNINonLinear/Results/tfMRI_WM/tfMRI_WM_hp200_s8_level2.feat/GrayordinatesStats/cope1.feat/weights1.dtseries.nii","506234","MNINonLinear//Results/tfMRI_WM/tfMRI_WM_hp200_s8_level2.feat/GrayordinatesStats/cope1.feat/weights1.dtseries.nii","WiJ_6PbLRf9fBwvSk9q1z6SoHs5v.oTj"
"s3://hcp-openaccess/HCP_1200/506234/MNINonLinear/Results/tfMRI_WM/tfMRI_WM_hp200_s8_level2.feat/GrayordinatesStats/cope1.feat/zflame1lowertstat1.dtseries.nii","506234","MNINonLinear//Results/tfMRI_WM/tfMRI_WM_hp200_s8_level2.feat/GrayordinatesStats/cope1.feat/zflame1lowertstat1.dtseries.nii","4lDQmTg2ajnEW53ZHDY1SHFNE4SL.Qzm"
"s3://hcp-openaccess/HCP_1200/506234/MNINonLinear/Results/tfMRI_WM/tfMRI_WM_hp200_s8_level2.feat/GrayordinatesStats/cope1.feat/zflame1uppertstat1.dtseries.nii","506234","MNINonLinear//Results/tfMRI_WM/tfMRI_WM_hp200_s8_level2.feat/GrayordinatesStats/cope1.feat/zflame1uppertstat1.dtseries.nii","9NbJpTtkQb9YVnzseUtgyVWUiaqLHmLx"
"s3://hcp-openaccess/HCP_1200/506234/MNINonLinear/Results/tfMRI_WM/tfMRI_WM_hp200_s8_level2.feat/GrayordinatesStats/cope1.feat/zstat1.dtseries.nii","506234","MNINonLinear//Results/tfMRI_WM/tfMRI_WM_hp200_s8_level2.feat/GrayordinatesStats/cope1.feat/zstat1.dtseries.nii","bgt14yzUKW.Ri7pvPKneMKoGvQRxaNvJ"
"s3://hcp-openaccess/HCP_1200/506234/MNINonLinear/Results/tfMRI_WM/tfMRI_WM_hp200_s8_level2.feat/GrayordinatesStats/cope10.feat/cope1.dtseries.nii","506234","MNINonLinear//Results/tfMRI_WM/tfMRI_WM_hp200_s8_level2.feat/GrayordinatesStats/cope10.feat/cope1.dtseries.nii","0Xk1CWiWKOnZLwqcgZREn8K_ziQ6auZO"
"s3://hcp-openaccess/HCP_1200/506234/MNINonLinear/Results/tfMRI_WM/tfMRI_WM_hp200_s8_level2.feat/GrayordinatesStats/cope10.feat/logfile","506234","MNINonLinear//Results/tfMRI_WM/tfMRI_WM_hp200_s8_level2.feat/GrayordinatesStats/cope10.feat/logfile","YWDC1RXrlSV23HAzC4EJcXWxH1CpPWX4"
"s3://hcp-openaccess/HCP_1200/506234/MNINonLinear/Results/tfMRI_WM/tfMRI_WM_hp200_s8_level2.feat/GrayordinatesStats/cope10.feat/mask.dtseries.nii","506234","MNINonLinear//Results/tfMRI_WM/tfMRI_WM_hp200_s8_level2.feat/GrayordinatesStats/cope10.feat/mask.dtseries.nii","xZAVIRR5suWr.q3EX.f7rd7gdjzhRc_S"
"s3://hcp-openaccess/HCP_1200/506234/MNINonLinear/Results/tfMRI_WM/tfMRI_WM_hp200_s8_level2.feat/GrayordinatesStats/cope10.feat/mean_random_effects_var1.dtseries.nii","506234","MNINonLinear//Results/tfMRI_WM/tfMRI_WM_hp200_s8_level2.feat/GrayordinatesStats/cope10.feat/mean_random_effects_var1.dtseries.nii","H5dzJL7W_CzrOPlFcP9Q._6Eldgl0b3x"
"s3://hcp-openaccess/HCP_1200/506234/MNINonLinear/Results/tfMRI_WM/tfMRI_WM_hp200_s8_level2.feat/GrayordinatesStats/cope10.feat/pe1.dtseries.nii","506234","MNINonLinear//Results/tfMRI_WM/tfMRI_WM_hp200_s8_level2.feat/GrayordinatesStats/cope10.feat/pe1.dtseries.nii","Mu8TNjc7Kt_HOIwM5Tc1IXnEzooO7PTI"
"s3://hcp-openaccess/HCP_1200/506234/MNINonLinear/Results/tfMRI_WM/tfMRI_WM_hp200_s8_level2.feat/GrayordinatesStats/cope10.feat/res4d.dtseries.nii","506234","MNINonLinear//Results/tfMRI_WM/tfMRI_WM_hp200_s8_level2.feat/GrayordinatesStats/cope10.feat/res4d.dtseries.nii","TZx7abt7_Mr3oneePL5dDFE8Zq2fnP2G"
"s3://hcp-openaccess/HCP_1200/506234/MNINonLinear/Results/tfMRI_WM/tfMRI_WM_hp200_s8_level2.feat/GrayordinatesStats/cope10.feat/tdof_t1.dtseries.nii","506234","MNINonLinear//Results/tfMRI_WM/tfMRI_WM_hp200_s8_level2.feat/GrayordinatesStats/cope10.feat/tdof_t1.dtseries.nii","MbXfoT37sXmUR3C0aUltSJGz0I6g.wyj"
"s3://hcp-openaccess/HCP_1200/506234/MNINonLinear/Results/tfMRI_WM/tfMRI_WM_hp200_s8_level2.feat/GrayordinatesStats/cope10.feat/tstat1.dtseries.nii","506234","MNINonLinear//Results/tfMRI_WM/tfMRI_WM_hp200_s8_level2.feat/GrayordinatesStats/cope10.feat/tstat1.dtseries.nii","r_ELuOo5dMRBpuYeet4TrfIiouLNPiiX"
"s3://hcp-openaccess/HCP_1200/506234/MNINonLinear/Results/tfMRI_WM/tfMRI_WM_hp200_s8_level2.feat/GrayordinatesStats/cope10.feat/varcope1.dtseries.nii","506234","MNINonLinear//Results/tfMRI_WM/tfMRI_WM_hp200_s8_level2.feat/GrayordinatesStats/cope10.feat/varcope1.dtseries.nii",".kRxnSi4yNJ.FnV9Kqy.y3SUgD3oykp6"
"s3://hcp-openaccess/HCP_1200/506234/MNINonLinear/Results/tfMRI_WM/tfMRI_WM_hp200_s8_level2.feat/GrayordinatesStats/cope10.feat/weights1.dtseries.nii","506234","MNINonLinear//Results/tfMRI_WM/tfMRI_WM_hp200_s8_level2.feat/GrayordinatesStats/cope10.feat/weights1.dtseries.nii","jDrNKECZomTOmx6fvVBdosJAeulSHiQ_"
"s3://hcp-openaccess/HCP_1200/506234/MNINonLinear/Results/tfMRI_WM/tfMRI_WM_hp200_s8_level2.feat/GrayordinatesStats/cope10.feat/zflame1lowertstat1.dtseries.nii","506234","MNINonLinear//Results/tfMRI_WM/tfMRI_WM_hp200_s8_level2.feat/GrayordinatesStats/cope10.feat/zflame1lowertstat1.dtseries.nii","SF1nEpjVimn8dtBR_sBbEMdiCiH74I04"
"s3://hcp-openaccess/HCP_1200/506234/MNINonLinear/Results/tfMRI_WM/tfMRI_WM_hp200_s8_level2.feat/GrayordinatesStats/cope10.feat/zflame1uppertstat1.dtseries.nii","506234","MNINonLinear//Results/tfMRI_WM/tfMRI_WM_hp200_s8_level2.feat/GrayordinatesStats/cope10.feat/zflame1uppertstat1.dtseries.nii","kYossPWoT7aurZHu75Hu02fxjOKxsu3B"
"s3://hcp-openaccess/HCP_1200/506234/MNINonLinear/Results/tfMRI_WM/tfMRI_WM_hp200_s8_level2.feat/GrayordinatesStats/cope10.feat/zstat1.dtseries.nii","506234","MNINonLinear//Results/tfMRI_WM/tfMRI_WM_hp200_s8_level2.feat/GrayordinatesStats/cope10.feat/zstat1.dtseries.nii","IdfDinrX6bK2.kTpzNRGBbIbplIgYg8b"
"s3://hcp-openaccess/HCP_1200/506234/MNINonLinear/Results/tfMRI_WM/tfMRI_WM_hp200_s8_level2.feat/GrayordinatesStats/cope11.feat/cope1.dtseries.nii","506234","MNINonLinear//Results/tfMRI_WM/tfMRI_WM_hp200_s8_level2.feat/GrayordinatesStats/cope11.feat/cope1.dtseries.nii","wzNqJcXZVrEnN2QD7tTDZQA8a..DaAaR"
"s3://hcp-openaccess/HCP_1200/506234/MNINonLinear/Results/tfMRI_WM/tfMRI_WM_hp200_s8_level2.feat/GrayordinatesStats/cope11.feat/logfile","506234","MNINonLinear//Results/tfMRI_WM/tfMRI_WM_hp200_s8_level2.feat/GrayordinatesStats/cope11.feat/logfile","Mbq7otS8BT0KUjWjImZUT6eLJbGWUMBe"
"s3://hcp-openaccess/HCP_1200/506234/MNINonLinear/Results/tfMRI_WM/tfMRI_WM_hp200_s8_level2.feat/GrayordinatesStats/cope11.feat/mask.dtseries.nii","506234","MNINonLinear//Results/tfMRI_WM/tfMRI_WM_hp200_s8_level2.feat/GrayordinatesStats/cope11.feat/mask.dtseries.nii","zR7BCpi7i2ck7Blhm7dAJUjyJCjqTrcr"
"s3://hcp-openaccess/HCP_1200/506234/MNINonLinear/Results/tfMRI_WM/tfMRI_WM_hp200_s8_level2.feat/GrayordinatesStats/cope11.feat/mean_random_effects_var1.dtseries.nii","506234","MNINonLinear//Results/tfMRI_WM/tfMRI_WM_hp200_s8_level2.feat/GrayordinatesStats/cope11.feat/mean_random_effects_var1.dtseries.nii","ZqcNrEgylNFCnAUmZL4LZedtAub8rYXE"
"s3://hcp-openaccess/HCP_1200/506234/MNINonLinear/Results/tfMRI_WM/tfMRI_WM_hp200_s8_level2.feat/GrayordinatesStats/cope11.feat/pe1.dtseries.nii","506234","MNINonLinear//Results/tfMRI_WM/tfMRI_WM_hp200_s8_level2.feat/GrayordinatesStats/cope11.feat/pe1.dtseries.nii","zihVCso69JetoPdQli3ZUY2aICX6QDUK"
"s3://hcp-openaccess/HCP_1200/506234/MNINonLinear/Results/tfMRI_WM/tfMRI_WM_hp200_s8_level2.feat/GrayordinatesStats/cope11.feat/res4d.dtseries.nii","506234","MNINonLinear//Results/tfMRI_WM/tfMRI_WM_hp200_s8_level2.feat/GrayordinatesStats/cope11.feat/res4d.dtseries.nii","Z.xHbkxaMSagR3OqPw4eTKEWztzcyQOB"
"s3://hcp-openaccess/HCP_1200/506234/MNINonLinear/Results/tfMRI_WM/tfMRI_WM_hp200_s8_level2.feat/GrayordinatesStats/cope11.feat/tdof_t1.dtseries.nii","506234","MNINonLinear//Results/tfMRI_WM/tfMRI_WM_hp200_s8_level2.feat/GrayordinatesStats/cope11.feat/tdof_t1.dtseries.nii","A_6ETaDpOU4P2SJwHm42uEJJ4qgrane7"
"s3://hcp-openaccess/HCP_1200/506234/MNINonLinear/Results/tfMRI_WM/tfMRI_WM_hp200_s8_level2.feat/GrayordinatesStats/cope11.feat/tstat1.dtseries.nii","506234","MNINonLinear//Results/tfMRI_WM/tfMRI_WM_hp200_s8_level2.feat/GrayordinatesStats/cope11.feat/tstat1.dtseries.nii","q696J94r8qbqMs3Aj3rwlgXAWOR16Vfm"
"s3://hcp-openaccess/HCP_1200/506234/MNINonLinear/Results/tfMRI_WM/tfMRI_WM_hp200_s8_level2.feat/GrayordinatesStats/cope11.feat/varcope1.dtseries.nii","506234","MNINonLinear//Results/tfMRI_WM/tfMRI_WM_hp200_s8_level2.feat/GrayordinatesStats/cope11.feat/varcope1.dtseries.nii","YLKF94VsWibpgVknNzY9y2bPswoCFNeL"
"s3://hcp-openaccess/HCP_1200/506234/MNINonLinear/Results/tfMRI_WM/tfMRI_WM_hp200_s8_level2.feat/GrayordinatesStats/cope11.feat/weights1.dtseries.nii","506234","MNINonLinear//Results/tfMRI_WM/tfMRI_WM_hp200_s8_level2.feat/GrayordinatesStats/cope11.feat/weights1.dtseries.nii","h7Xna.T3E_jiY0foKbetj9Rg4IUaUsk3"
"s3://hcp-openaccess/HCP_1200/506234/MNINonLinear/Results/tfMRI_WM/tfMRI_WM_hp200_s8_level2.feat/GrayordinatesStats/cope11.feat/zflame1lowertstat1.dtseries.nii","506234","MNINonLinear//Results/tfMRI_WM/tfMRI_WM_hp200_s8_level2.feat/GrayordinatesStats/cope11.feat/zflame1lowertstat1.dtseries.nii","MCN8sgGGt2UP7yirmweH7Y1qq8463419"
"s3://hcp-openaccess/HCP_1200/506234/MNINonLinear/Results/tfMRI_WM/tfMRI_WM_hp200_s8_level2.feat/GrayordinatesStats/cope11.feat/zflame1uppertstat1.dtseries.nii","506234","MNINonLinear//Results/tfMRI_WM/tfMRI_WM_hp200_s8_level2.feat/GrayordinatesStats/cope11.feat/zflame1uppertstat1.dtseries.nii","G6YOCkv2.qwEwiEWfrwxFtO6Iy_GJy3N"
"s3://hcp-openaccess/HCP_1200/506234/MNINonLinear/Results/tfMRI_WM/tfMRI_WM_hp200_s8_level2.feat/GrayordinatesStats/cope11.feat/zstat1.dtseries.nii","506234","MNINonLinear//Results/tfMRI_WM/tfMRI_WM_hp200_s8_level2.feat/GrayordinatesStats/cope11.feat/zstat1.dtseries.nii","w1RDyz416s865zjm2AuwmNufX_EooKC4"
"s3://hcp-openaccess/HCP_1200/506234/MNINonLinear/Results/tfMRI_WM/tfMRI_WM_hp200_s8_level2.feat/GrayordinatesStats/cope12.feat/cope1.dtseries.nii","506234","MNINonLinear//Results/tfMRI_WM/tfMRI_WM_hp200_s8_level2.feat/GrayordinatesStats/cope12.feat/cope1.dtseries.nii","3xG4v1pKLWiNBStvaQ.rqZxdZDL.GpTK"
"s3://hcp-openaccess/HCP_1200/506234/MNINonLinear/Results/tfMRI_WM/tfMRI_WM_hp200_s8_level2.feat/GrayordinatesStats/cope12.feat/logfile","506234","MNINonLinear//Results/tfMRI_WM/tfMRI_WM_hp200_s8_level2.feat/GrayordinatesStats/cope12.feat/logfile","gcvcZLf7dj_MXITr0onSap1xYJUGBAxg"
"s3://hcp-openaccess/HCP_1200/506234/MNINonLinear/Results/tfMRI_WM/tfMRI_WM_hp200_s8_level2.feat/GrayordinatesStats/cope12.feat/mask.dtseries.nii","506234","MNINonLinear//Results/tfMRI_WM/tfMRI_WM_hp200_s8_level2.feat/GrayordinatesStats/cope12.feat/mask.dtseries.nii","km.I1nQsigzCdgxuJGYjIzf3Q0ZzvY8L"
"s3://hcp-openaccess/HCP_1200/506234/MNINonLinear/Results/tfMRI_WM/tfMRI_WM_hp200_s8_level2.feat/GrayordinatesStats/cope12.feat/mean_random_effects_var1.dtseries.nii","506234","MNINonLinear//Results/tfMRI_WM/tfMRI_WM_hp200_s8_level2.feat/GrayordinatesStats/cope12.feat/mean_random_effects_var1.dtseries.nii","qxlGQ_YyP3qqKdd25PjXt9t8qXlYuLaX"
"s3://hcp-openaccess/HCP_1200/506234/MNINonLinear/Results/tfMRI_WM/tfMRI_WM_hp200_s8_level2.feat/GrayordinatesStats/cope12.feat/pe1.dtseries.nii","506234","MNINonLinear//Results/tfMRI_WM/tfMRI_WM_hp200_s8_level2.feat/GrayordinatesStats/cope12.feat/pe1.dtseries.nii","tw_L4oeuAHDSMljx5w9HsMbYjHXrv7LM"
"s3://hcp-openaccess/HCP_1200/506234/MNINonLinear/Results/tfMRI_WM/tfMRI_WM_hp200_s8_level2.feat/GrayordinatesStats/cope12.feat/res4d.dtseries.nii","506234","MNINonLinear//Results/tfMRI_WM/tfMRI_WM_hp200_s8_level2.feat/GrayordinatesStats/cope12.feat/res4d.dtseries.nii","VhaSVniX6BZ50vaJCUf8Mu.spQLW2OTa"
"s3://hcp-openaccess/HCP_1200/506234/MNINonLinear/Results/tfMRI_WM/tfMRI_WM_hp200_s8_level2.feat/GrayordinatesStats/cope12.feat/tdof_t1.dtseries.nii","506234","MNINonLinear//Results/tfMRI_WM/tfMRI_WM_hp200_s8_level2.feat/GrayordinatesStats/cope12.feat/tdof_t1.dtseries.nii","BP9UHpAWyxr6_4prDqVIKPeoqPlIiNwK"
"s3://hcp-openaccess/HCP_1200/506234/MNINonLinear/Results/tfMRI_WM/tfMRI_WM_hp200_s8_level2.feat/GrayordinatesStats/cope12.feat/tstat1.dtseries.nii","506234","MNINonLinear//Results/tfMRI_WM/tfMRI_WM_hp200_s8_level2.feat/GrayordinatesStats/cope12.feat/tstat1.dtseries.nii","vXG2Eoe6aPKOiLzEN2bIXDtnUv66C1OJ"
"s3://hcp-openaccess/HCP_1200/506234/MNINonLinear/Results/tfMRI_WM/tfMRI_WM_hp200_s8_level2.feat/GrayordinatesStats/cope12.feat/varcope1.dtseries.nii","506234","MNINonLinear//Results/tfMRI_WM/tfMRI_WM_hp200_s8_level2.feat/GrayordinatesStats/cope12.feat/varcope1.dtseries.nii","xnADJOck44_v810lyNb38PtWJzQP0EmQ"
"s3://hcp-openaccess/HCP_1200/506234/MNINonLinear/Results/tfMRI_WM/tfMRI_WM_hp200_s8_level2.feat/GrayordinatesStats/cope12.feat/weights1.dtseries.nii","506234","MNINonLinear//Results/tfMRI_WM/tfMRI_WM_hp200_s8_level2.feat/GrayordinatesStats/cope12.feat/weights1.dtseries.nii","JXJQId3tnYK2DTqJGIvlLB.WUjsULHeJ"
"s3://hcp-openaccess/HCP_1200/506234/MNINonLinear/Results/tfMRI_WM/tfMRI_WM_hp200_s8_level2.feat/GrayordinatesStats/cope12.feat/zflame1lowertstat1.dtseries.nii","506234","MNINonLinear//Results/tfMRI_WM/tfMRI_WM_hp200_s8_level2.feat/GrayordinatesStats/cope12.feat/zflame1lowertstat1.dtseries.nii","C.gfx6qqn7yQ7lOQIu6pCjnWxdlp.PxS"
"s3://hcp-openaccess/HCP_1200/506234/MNINonLinear/Results/tfMRI_WM/tfMRI_WM_hp200_s8_level2.feat/GrayordinatesStats/cope12.feat/zflame1uppertstat1.dtseries.nii","506234","MNINonLinear//Results/tfMRI_WM/tfMRI_WM_hp200_s8_level2.feat/GrayordinatesStats/cope12.feat/zflame1uppertstat1.dtseries.nii","xaSBNGLoFoRdLsw.a_lgvhIs9zLrUOgN"
"s3://hcp-openaccess/HCP_1200/506234/MNINonLinear/Results/tfMRI_WM/tfMRI_WM_hp200_s8_level2.feat/GrayordinatesStats/cope12.feat/zstat1.dtseries.nii","506234","MNINonLinear//Results/tfMRI_WM/tfMRI_WM_hp200_s8_level2.feat/GrayordinatesStats/cope12.feat/zstat1.dtseries.nii","7XYRWNV3Jsvf6yzwcW_t7B8G4JuzXzMv"
"s3://hcp-openaccess/HCP_1200/506234/MNINonLinear/Results/tfMRI_WM/tfMRI_WM_hp200_s8_level2.feat/GrayordinatesStats/cope13.feat/cope1.dtseries.nii","506234","MNINonLinear//Results/tfMRI_WM/tfMRI_WM_hp200_s8_level2.feat/GrayordinatesStats/cope13.feat/cope1.dtseries.nii","oWpqaZxZGsgzu4ojETJHvMTFsvqO5dlQ"
"s3://hcp-openaccess/HCP_1200/506234/MNINonLinear/Results/tfMRI_WM/tfMRI_WM_hp200_s8_level2.feat/GrayordinatesStats/cope13.feat/logfile","506234","MNINonLinear//Results/tfMRI_WM/tfMRI_WM_hp200_s8_level2.feat/GrayordinatesStats/cope13.feat/logfile","o57zAyOxXoaMGzYvgwmBVmxmr30nf_uW"
"s3://hcp-openaccess/HCP_1200/506234/MNINonLinear/Results/tfMRI_WM/tfMRI_WM_hp200_s8_level2.feat/GrayordinatesStats/cope13.feat/mask.dtseries.nii","506234","MNINonLinear//Results/tfMRI_WM/tfMRI_WM_hp200_s8_level2.feat/GrayordinatesStats/cope13.feat/mask.dtseries.nii","0J_MG8bT_1fJr9sblHFHqNUL1smyAyNM"
"s3://hcp-openaccess/HCP_1200/506234/MNINonLinear/Results/tfMRI_WM/tfMRI_WM_hp200_s8_level2.feat/GrayordinatesStats/cope13.feat/mean_random_effects_var1.dtseries.nii","506234","MNINonLinear//Results/tfMRI_WM/tfMRI_WM_hp200_s8_level2.feat/GrayordinatesStats/cope13.feat/mean_random_effects_var1.dtseries.nii","f0MDmK9UmSPgBBY12CxrjPTVTL97rFEx"
"s3://hcp-openaccess/HCP_1200/506234/MNINonLinear/Results/tfMRI_WM/tfMRI_WM_hp200_s8_level2.feat/GrayordinatesStats/cope13.feat/pe1.dtseries.nii","506234","MNINonLinear//Results/tfMRI_WM/tfMRI_WM_hp200_s8_level2.feat/GrayordinatesStats/cope13.feat/pe1.dtseries.nii","azhxE3ascyzileajJT84Gx8HVjEYG20r"
"s3://hcp-openaccess/HCP_1200/506234/MNINonLinear/Results/tfMRI_WM/tfMRI_WM_hp200_s8_level2.feat/GrayordinatesStats/cope13.feat/res4d.dtseries.nii","506234","MNINonLinear//Results/tfMRI_WM/tfMRI_WM_hp200_s8_level2.feat/GrayordinatesStats/cope13.feat/res4d.dtseries.nii","w0kprDFz54T.znmimbEZFgyTsDeUvee9"
"s3://hcp-openaccess/HCP_1200/506234/MNINonLinear/Results/tfMRI_WM/tfMRI_WM_hp200_s8_level2.feat/GrayordinatesStats/cope13.feat/tdof_t1.dtseries.nii","506234","MNINonLinear//Results/tfMRI_WM/tfMRI_WM_hp200_s8_level2.feat/GrayordinatesStats/cope13.feat/tdof_t1.dtseries.nii","NtPBKTLhlV.W1ZRrKVM9ZkEGtVMaT.Wm"
"s3://hcp-openaccess/HCP_1200/506234/MNINonLinear/Results/tfMRI_WM/tfMRI_WM_hp200_s8_level2.feat/GrayordinatesStats/cope13.feat/tstat1.dtseries.nii","506234","MNINonLinear//Results/tfMRI_WM/tfMRI_WM_hp200_s8_level2.feat/GrayordinatesStats/cope13.feat/tstat1.dtseries.nii","BOI0h7fkZnjBhMWuYsZINZRwY5C6hq7t"
"s3://hcp-openaccess/HCP_1200/506234/MNINonLinear/Results/tfMRI_WM/tfMRI_WM_hp200_s8_level2.feat/GrayordinatesStats/cope13.feat/varcope1.dtseries.nii","506234","MNINonLinear//Results/tfMRI_WM/tfMRI_WM_hp200_s8_level2.feat/GrayordinatesStats/cope13.feat/varcope1.dtseries.nii","2H2wK.mQ0Hezg_7s4gHLcygRU21XJh0g"
"s3://hcp-openaccess/HCP_1200/506234/MNINonLinear/Results/tfMRI_WM/tfMRI_WM_hp200_s8_level2.feat/GrayordinatesStats/cope13.feat/weights1.dtseries.nii","506234","MNINonLinear//Results/tfMRI_WM/tfMRI_WM_hp200_s8_level2.feat/GrayordinatesStats/cope13.feat/weights1.dtseries.nii","y7HpZGGAR3egUB6vJQpPqEPiRwY.0jR7"
"s3://hcp-openaccess/HCP_1200/506234/MNINonLinear/Results/tfMRI_WM/tfMRI_WM_hp200_s8_level2.feat/GrayordinatesStats/cope13.feat/zflame1lowertstat1.dtseries.nii","506234","MNINonLinear//Results/tfMRI_WM/tfMRI_WM_hp200_s8_level2.feat/GrayordinatesStats/cope13.feat/zflame1lowertstat1.dtseries.nii","ZLuuC8xyd3FKzkzzYtgxDm6QLXEs7VXp"
"s3://hcp-openaccess/HCP_1200/506234/MNINonLinear/Results/tfMRI_WM/tfMRI_WM_hp200_s8_level2.feat/GrayordinatesStats/cope13.feat/zflame1uppertstat1.dtseries.nii","506234","MNINonLinear//Results/tfMRI_WM/tfMRI_WM_hp200_s8_level2.feat/GrayordinatesStats/cope13.feat/zflame1uppertstat1.dtseries.nii","ICQhIuPTMaPETrofuXp9fs9_mrssYjPG"
"s3://hcp-openaccess/HCP_1200/506234/MNINonLinear/Results/tfMRI_WM/tfMRI_WM_hp200_s8_level2.feat/GrayordinatesStats/cope13.feat/zstat1.dtseries.nii","506234","MNINonLinear//Results/tfMRI_WM/tfMRI_WM_hp200_s8_level2.feat/GrayordinatesStats/cope13.feat/zstat1.dtseries.nii","lkAiHQdtp.XWVSLEdRrI7B.z_hUkFZ_s"
"s3://hcp-openaccess/HCP_1200/506234/MNINonLinear/Results/tfMRI_WM/tfMRI_WM_hp200_s8_level2.feat/GrayordinatesStats/cope14.feat/cope1.dtseries.nii","506234","MNINonLinear//Results/tfMRI_WM/tfMRI_WM_hp200_s8_level2.feat/GrayordinatesStats/cope14.feat/cope1.dtseries.nii","DR73aRsxzwoWp6TJJ_LEKM6uf3Z7Q8by"
"s3://hcp-openaccess/HCP_1200/506234/MNINonLinear/Results/tfMRI_WM/tfMRI_WM_hp200_s8_level2.feat/GrayordinatesStats/cope14.feat/logfile","506234","MNINonLinear//Results/tfMRI_WM/tfMRI_WM_hp200_s8_level2.feat/GrayordinatesStats/cope14.feat/logfile","RrqhUm4KOSTDg2UJx7q5T3F49AGFQgnS"
"s3://hcp-openaccess/HCP_1200/506234/MNINonLinear/Results/tfMRI_WM/tfMRI_WM_hp200_s8_level2.feat/GrayordinatesStats/cope14.feat/mask.dtseries.nii","506234","MNINonLinear//Results/tfMRI_WM/tfMRI_WM_hp200_s8_level2.feat/GrayordinatesStats/cope14.feat/mask.dtseries.nii","Ocd8BefojLM_g6wUJTyWvK6EcLN9BA8U"
"s3://hcp-openaccess/HCP_1200/506234/MNINonLinear/Results/tfMRI_WM/tfMRI_WM_hp200_s8_level2.feat/GrayordinatesStats/cope14.feat/mean_random_effects_var1.dtseries.nii","506234","MNINonLinear//Results/tfMRI_WM/tfMRI_WM_hp200_s8_level2.feat/GrayordinatesStats/cope14.feat/mean_random_effects_var1.dtseries.nii","deYS.L97zO5FrKz5vY3TDx_dU9xrK4UH"
"s3://hcp-openaccess/HCP_1200/506234/MNINonLinear/Results/tfMRI_WM/tfMRI_WM_hp200_s8_level2.feat/GrayordinatesStats/cope14.feat/pe1.dtseries.nii","506234","MNINonLinear//Results/tfMRI_WM/tfMRI_WM_hp200_s8_level2.feat/GrayordinatesStats/cope14.feat/pe1.dtseries.nii","mXn_4kOVCBQ_ClY9URS5vOULtOtSMTVs"
"s3://hcp-openaccess/HCP_1200/506234/MNINonLinear/Results/tfMRI_WM/tfMRI_WM_hp200_s8_level2.feat/GrayordinatesStats/cope14.feat/res4d.dtseries.nii","506234","MNINonLinear//Results/tfMRI_WM/tfMRI_WM_hp200_s8_level2.feat/GrayordinatesStats/cope14.feat/res4d.dtseries.nii","yvjFrHdJcG20dXQAqDiC45CwA1KCgfPb"
"s3://hcp-openaccess/HCP_1200/506234/MNINonLinear/Results/tfMRI_WM/tfMRI_WM_hp200_s8_level2.feat/GrayordinatesStats/cope14.feat/tdof_t1.dtseries.nii","506234","MNINonLinear//Results/tfMRI_WM/tfMRI_WM_hp200_s8_level2.feat/GrayordinatesStats/cope14.feat/tdof_t1.dtseries.nii","gqXOAD5xXOmNyNkNukNmUbhWx8z2U2I."
"s3://hcp-openaccess/HCP_1200/506234/MNINonLinear/Results/tfMRI_WM/tfMRI_WM_hp200_s8_level2.feat/GrayordinatesStats/cope14.feat/tstat1.dtseries.nii","506234","MNINonLinear//Results/tfMRI_WM/tfMRI_WM_hp200_s8_level2.feat/GrayordinatesStats/cope14.feat/tstat1.dtseries.nii","KZ5jAg6._fS_QUiVemNuNArOHok_81dZ"
"s3://hcp-openaccess/HCP_1200/506234/MNINonLinear/Results/tfMRI_WM/tfMRI_WM_hp200_s8_level2.feat/GrayordinatesStats/cope14.feat/varcope1.dtseries.nii","506234","MNINonLinear//Results/tfMRI_WM/tfMRI_WM_hp200_s8_level2.feat/GrayordinatesStats/cope14.feat/varcope1.dtseries.nii","R.W61lNBtjrAE90IEuvrpJ.saaeFuWzk"
"s3://hcp-openaccess/HCP_1200/506234/MNINonLinear/Results/tfMRI_WM/tfMRI_WM_hp200_s8_level2.feat/GrayordinatesStats/cope14.feat/weights1.dtseries.nii","506234","MNINonLinear//Results/tfMRI_WM/tfMRI_WM_hp200_s8_level2.feat/GrayordinatesStats/cope14.feat/weights1.dtseries.nii","xIFWkm8NDiZA1jVPwLS2ShX.f5tmut5g"
"s3://hcp-openaccess/HCP_1200/506234/MNINonLinear/Results/tfMRI_WM/tfMRI_WM_hp200_s8_level2.feat/GrayordinatesStats/cope14.feat/zflame1lowertstat1.dtseries.nii","506234","MNINonLinear//Results/tfMRI_WM/tfMRI_WM_hp200_s8_level2.feat/GrayordinatesStats/cope14.feat/zflame1lowertstat1.dtseries.nii","5shRUYL66yZ97QR2BP0h0T7fBITzngNR"
"s3://hcp-openaccess/HCP_1200/506234/MNINonLinear/Results/tfMRI_WM/tfMRI_WM_hp200_s8_level2.feat/GrayordinatesStats/cope14.feat/zflame1uppertstat1.dtseries.nii","506234","MNINonLinear//Results/tfMRI_WM/tfMRI_WM_hp200_s8_level2.feat/GrayordinatesStats/cope14.feat/zflame1uppertstat1.dtseries.nii","F4SG7ABapRWGsHM4VowfwMPP8LW6bN3c"
"s3://hcp-openaccess/HCP_1200/506234/MNINonLinear/Results/tfMRI_WM/tfMRI_WM_hp200_s8_level2.feat/GrayordinatesStats/cope14.feat/zstat1.dtseries.nii","506234","MNINonLinear//Results/tfMRI_WM/tfMRI_WM_hp200_s8_level2.feat/GrayordinatesStats/cope14.feat/zstat1.dtseries.nii","OEQk13yOuZwpxarLGK8UmX0csWPGhFoW"
"s3://hcp-openaccess/HCP_1200/506234/MNINonLinear/Results/tfMRI_WM/tfMRI_WM_hp200_s8_level2.feat/GrayordinatesStats/cope15.feat/cope1.dtseries.nii","506234","MNINonLinear//Results/tfMRI_WM/tfMRI_WM_hp200_s8_level2.feat/GrayordinatesStats/cope15.feat/cope1.dtseries.nii","HIYrkQOY1N4LubDvIW.khugVIr4rm71c"
"s3://hcp-openaccess/HCP_1200/506234/MNINonLinear/Results/tfMRI_WM/tfMRI_WM_hp200_s8_level2.feat/GrayordinatesStats/cope15.feat/logfile","506234","MNINonLinear//Results/tfMRI_WM/tfMRI_WM_hp200_s8_level2.feat/GrayordinatesStats/cope15.feat/logfile","06Drg4T3sYo1gfqgpeGXJKCvFvtWEiJN"
"s3://hcp-openaccess/HCP_1200/506234/MNINonLinear/Results/tfMRI_WM/tfMRI_WM_hp200_s8_level2.feat/GrayordinatesStats/cope15.feat/mask.dtseries.nii","506234","MNINonLinear//Results/tfMRI_WM/tfMRI_WM_hp200_s8_level2.feat/GrayordinatesStats/cope15.feat/mask.dtseries.nii","lZ27ciOszQxhb9D..pDF6EORzJAzlE5J"
"s3://hcp-openaccess/HCP_1200/506234/MNINonLinear/Results/tfMRI_WM/tfMRI_WM_hp200_s8_level2.feat/GrayordinatesStats/cope15.feat/mean_random_effects_var1.dtseries.nii","506234","MNINonLinear//Results/tfMRI_WM/tfMRI_WM_hp200_s8_level2.feat/GrayordinatesStats/cope15.feat/mean_random_effects_var1.dtseries.nii","texeqEQjNIBZsZ242z1i0UOo9.RSoY1u"
"s3://hcp-openaccess/HCP_1200/506234/MNINonLinear/Results/tfMRI_WM/tfMRI_WM_hp200_s8_level2.feat/GrayordinatesStats/cope15.feat/pe1.dtseries.nii","506234","MNINonLinear//Results/tfMRI_WM/tfMRI_WM_hp200_s8_level2.feat/GrayordinatesStats/cope15.feat/pe1.dtseries.nii","mrTqFcF3JaIOHnF7C9UASS620b9MN01Z"
"s3://hcp-openaccess/HCP_1200/506234/MNINonLinear/Results/tfMRI_WM/tfMRI_WM_hp200_s8_level2.feat/GrayordinatesStats/cope15.feat/res4d.dtseries.nii","506234","MNINonLinear//Results/tfMRI_WM/tfMRI_WM_hp200_s8_level2.feat/GrayordinatesStats/cope15.feat/res4d.dtseries.nii","xR2POPVf1vzpTscE602V5ilALqXNHM1q"
"s3://hcp-openaccess/HCP_1200/506234/MNINonLinear/Results/tfMRI_WM/tfMRI_WM_hp200_s8_level2.feat/GrayordinatesStats/cope15.feat/tdof_t1.dtseries.nii","506234","MNINonLinear//Results/tfMRI_WM/tfMRI_WM_hp200_s8_level2.feat/GrayordinatesStats/cope15.feat/tdof_t1.dtseries.nii","sEE9ZYXAfZJ_5656hczD.4iqJoLG4Qhr"
"s3://hcp-openaccess/HCP_1200/506234/MNINonLinear/Results/tfMRI_WM/tfMRI_WM_hp200_s8_level2.feat/GrayordinatesStats/cope15.feat/tstat1.dtseries.nii","506234","MNINonLinear//Results/tfMRI_WM/tfMRI_WM_hp200_s8_level2.feat/GrayordinatesStats/cope15.feat/tstat1.dtseries.nii","_rQ1IlElxQB._3LYdJbHDoytIqGtg0Fq"
"s3://hcp-openaccess/HCP_1200/506234/MNINonLinear/Results/tfMRI_WM/tfMRI_WM_hp200_s8_level2.feat/GrayordinatesStats/cope15.feat/varcope1.dtseries.nii","506234","MNINonLinear//Results/tfMRI_WM/tfMRI_WM_hp200_s8_level2.feat/GrayordinatesStats/cope15.feat/varcope1.dtseries.nii","iN313S4iQ8jJKo.Agw0awEODmHnnFtd9"
"s3://hcp-openaccess/HCP_1200/506234/MNINonLinear/Results/tfMRI_WM/tfMRI_WM_hp200_s8_level2.feat/GrayordinatesStats/cope15.feat/weights1.dtseries.nii","506234","MNINonLinear//Results/tfMRI_WM/tfMRI_WM_hp200_s8_level2.feat/GrayordinatesStats/cope15.feat/weights1.dtseries.nii","MwbhSG6HAvC_KQ6NGoSJu0q2x1LQH0H9"
"s3://hcp-openaccess/HCP_1200/506234/MNINonLinear/Results/tfMRI_WM/tfMRI_WM_hp200_s8_level2.feat/GrayordinatesStats/cope15.feat/zflame1lowertstat1.dtseries.nii","506234","MNINonLinear//Results/tfMRI_WM/tfMRI_WM_hp200_s8_level2.feat/GrayordinatesStats/cope15.feat/zflame1lowertstat1.dtseries.nii","nfvMxpnX6iDzA3fKnYWRhpGEeraouCcl"
"s3://hcp-openaccess/HCP_1200/506234/MNINonLinear/Results/tfMRI_WM/tfMRI_WM_hp200_s8_level2.feat/GrayordinatesStats/cope15.feat/zflame1uppertstat1.dtseries.nii","506234","MNINonLinear//Results/tfMRI_WM/tfMRI_WM_hp200_s8_level2.feat/GrayordinatesStats/cope15.feat/zflame1uppertstat1.dtseries.nii","oRIljMx_qXZ1..LNmTB1zlFAABTLhVRQ"
"s3://hcp-openaccess/HCP_1200/506234/MNINonLinear/Results/tfMRI_WM/tfMRI_WM_hp200_s8_level2.feat/GrayordinatesStats/cope15.feat/zstat1.dtseries.nii","506234","MNINonLinear//Results/tfMRI_WM/tfMRI_WM_hp200_s8_level2.feat/GrayordinatesStats/cope15.feat/zstat1.dtseries.nii","z9YlogO9g1IIJwWjoDs.YiNv9E8zjWl_"
"s3://hcp-openaccess/HCP_1200/506234/MNINonLinear/Results/tfMRI_WM/tfMRI_WM_hp200_s8_level2.feat/GrayordinatesStats/cope16.feat/cope1.dtseries.nii","506234","MNINonLinear//Results/tfMRI_WM/tfMRI_WM_hp200_s8_level2.feat/GrayordinatesStats/cope16.feat/cope1.dtseries.nii","QCeivQ.qgD1CSK5nrgoeZ41bYeMcT2J."
"s3://hcp-openaccess/HCP_1200/506234/MNINonLinear/Results/tfMRI_WM/tfMRI_WM_hp200_s8_level2.feat/GrayordinatesStats/cope16.feat/logfile","506234","MNINonLinear//Results/tfMRI_WM/tfMRI_WM_hp200_s8_level2.feat/GrayordinatesStats/cope16.feat/logfile","0QjqrfFjdb8b9YrRffpcJyRMdDjkD4rV"
"s3://hcp-openaccess/HCP_1200/506234/MNINonLinear/Results/tfMRI_WM/tfMRI_WM_hp200_s8_level2.feat/GrayordinatesStats/cope16.feat/mask.dtseries.nii","506234","MNINonLinear//Results/tfMRI_WM/tfMRI_WM_hp200_s8_level2.feat/GrayordinatesStats/cope16.feat/mask.dtseries.nii","UHXksUW42zPeTwQGfJMhTQYQ2wIYnkWL"
"s3://hcp-openaccess/HCP_1200/506234/MNINonLinear/Results/tfMRI_WM/tfMRI_WM_hp200_s8_level2.feat/GrayordinatesStats/cope16.feat/mean_random_effects_var1.dtseries.nii","506234","MNINonLinear//Results/tfMRI_WM/tfMRI_WM_hp200_s8_level2.feat/GrayordinatesStats/cope16.feat/mean_random_effects_var1.dtseries.nii","83FNMMsBPAhtZ5v5J.W9oGeanQrJr6sT"
"s3://hcp-openaccess/HCP_1200/506234/MNINonLinear/Results/tfMRI_WM/tfMRI_WM_hp200_s8_level2.feat/GrayordinatesStats/cope16.feat/pe1.dtseries.nii","506234","MNINonLinear//Results/tfMRI_WM/tfMRI_WM_hp200_s8_level2.feat/GrayordinatesStats/cope16.feat/pe1.dtseries.nii","RlU8vbE9zSZhoIMTNdSnBl6MfUdxmZYV"
"s3://hcp-openaccess/HCP_1200/506234/MNINonLinear/Results/tfMRI_WM/tfMRI_WM_hp200_s8_level2.feat/GrayordinatesStats/cope16.feat/res4d.dtseries.nii","506234","MNINonLinear//Results/tfMRI_WM/tfMRI_WM_hp200_s8_level2.feat/GrayordinatesStats/cope16.feat/res4d.dtseries.nii","85RHE8qUrCFrE01B2IkErPuxMDyvdW17"
"s3://hcp-openaccess/HCP_1200/506234/MNINonLinear/Results/tfMRI_WM/tfMRI_WM_hp200_s8_level2.feat/GrayordinatesStats/cope16.feat/tdof_t1.dtseries.nii","506234","MNINonLinear//Results/tfMRI_WM/tfMRI_WM_hp200_s8_level2.feat/GrayordinatesStats/cope16.feat/tdof_t1.dtseries.nii","TwaJ7yFnWlSFDe38P4sJtOSdlm0HPMmV"
"s3://hcp-openaccess/HCP_1200/506234/MNINonLinear/Results/tfMRI_WM/tfMRI_WM_hp200_s8_level2.feat/GrayordinatesStats/cope16.feat/tstat1.dtseries.nii","506234","MNINonLinear//Results/tfMRI_WM/tfMRI_WM_hp200_s8_level2.feat/GrayordinatesStats/cope16.feat/tstat1.dtseries.nii","lFETiwA6bniKvDraSWR5b7MeKhRCSa5B"
"s3://hcp-openaccess/HCP_1200/506234/MNINonLinear/Results/tfMRI_WM/tfMRI_WM_hp200_s8_level2.feat/GrayordinatesStats/cope16.feat/varcope1.dtseries.nii","506234","MNINonLinear//Results/tfMRI_WM/tfMRI_WM_hp200_s8_level2.feat/GrayordinatesStats/cope16.feat/varcope1.dtseries.nii","WmIB.jRlo1Bds6ZTvkRJ4M8fm_JtVdIV"
"s3://hcp-openaccess/HCP_1200/506234/MNINonLinear/Results/tfMRI_WM/tfMRI_WM_hp200_s8_level2.feat/GrayordinatesStats/cope16.feat/weights1.dtseries.nii","506234","MNINonLinear//Results/tfMRI_WM/tfMRI_WM_hp200_s8_level2.feat/GrayordinatesStats/cope16.feat/weights1.dtseries.nii","RRytaCk4CTzMH220oBinNEHSUjtxtSmV"
"s3://hcp-openaccess/HCP_1200/506234/MNINonLinear/Results/tfMRI_WM/tfMRI_WM_hp200_s8_level2.feat/GrayordinatesStats/cope16.feat/zflame1lowertstat1.dtseries.nii","506234","MNINonLinear//Results/tfMRI_WM/tfMRI_WM_hp200_s8_level2.feat/GrayordinatesStats/cope16.feat/zflame1lowertstat1.dtseries.nii","jYW5carLkQSzGX2ZhlJGFIIfTwtuCqzC"
"s3://hcp-openaccess/HCP_1200/506234/MNINonLinear/Results/tfMRI_WM/tfMRI_WM_hp200_s8_level2.feat/GrayordinatesStats/cope16.feat/zflame1uppertstat1.dtseries.nii","506234","MNINonLinear//Results/tfMRI_WM/tfMRI_WM_hp200_s8_level2.feat/GrayordinatesStats/cope16.feat/zflame1uppertstat1.dtseries.nii","ROCt0JfjfYNBgytlIOdWev7eI3R9IeH0"
"s3://hcp-openaccess/HCP_1200/506234/MNINonLinear/Results/tfMRI_WM/tfMRI_WM_hp200_s8_level2.feat/GrayordinatesStats/cope16.feat/zstat1.dtseries.nii","506234","MNINonLinear//Results/tfMRI_WM/tfMRI_WM_hp200_s8_level2.feat/GrayordinatesStats/cope16.feat/zstat1.dtseries.nii","G7.kVjnKXPRO_x7krj3m8dNzlS4LbB.8"
"s3://hcp-openaccess/HCP_1200/506234/MNINonLinear/Results/tfMRI_WM/tfMRI_WM_hp200_s8_level2.feat/GrayordinatesStats/cope17.feat/cope1.dtseries.nii","506234","MNINonLinear//Results/tfMRI_WM/tfMRI_WM_hp200_s8_level2.feat/GrayordinatesStats/cope17.feat/cope1.dtseries.nii","Ju1Uk_h6XBcdZTM7m5SMA_dZ2WGB6NHm"
"s3://hcp-openaccess/HCP_1200/506234/MNINonLinear/Results/tfMRI_WM/tfMRI_WM_hp200_s8_level2.feat/GrayordinatesStats/cope17.feat/logfile","506234","MNINonLinear//Results/tfMRI_WM/tfMRI_WM_hp200_s8_level2.feat/GrayordinatesStats/cope17.feat/logfile","ZoKt2e2jVldUZlCrPwV8LBgZ85OeG13b"
"s3://hcp-openaccess/HCP_1200/506234/MNINonLinear/Results/tfMRI_WM/tfMRI_WM_hp200_s8_level2.feat/GrayordinatesStats/cope17.feat/mask.dtseries.nii","506234","MNINonLinear//Results/tfMRI_WM/tfMRI_WM_hp200_s8_level2.feat/GrayordinatesStats/cope17.feat/mask.dtseries.nii","42.UPVBKh5TcYqrNcJ7Nf9sDLp6bOTtb"
"s3://hcp-openaccess/HCP_1200/506234/MNINonLinear/Results/tfMRI_WM/tfMRI_WM_hp200_s8_level2.feat/GrayordinatesStats/cope17.feat/mean_random_effects_var1.dtseries.nii","506234","MNINonLinear//Results/tfMRI_WM/tfMRI_WM_hp200_s8_level2.feat/GrayordinatesStats/cope17.feat/mean_random_effects_var1.dtseries.nii","uBV.dBWZ4HHTNwGuoe7iO6UBDUiIBGAc"
"s3://hcp-openaccess/HCP_1200/506234/MNINonLinear/Results/tfMRI_WM/tfMRI_WM_hp200_s8_level2.feat/GrayordinatesStats/cope17.feat/pe1.dtseries.nii","506234","MNINonLinear//Results/tfMRI_WM/tfMRI_WM_hp200_s8_level2.feat/GrayordinatesStats/cope17.feat/pe1.dtseries.nii","1a3auJ0wMlNU2jNT1BmO7XWrShHBgN39"
"s3://hcp-openaccess/HCP_1200/506234/MNINonLinear/Results/tfMRI_WM/tfMRI_WM_hp200_s8_level2.feat/GrayordinatesStats/cope17.feat/res4d.dtseries.nii","506234","MNINonLinear//Results/tfMRI_WM/tfMRI_WM_hp200_s8_level2.feat/GrayordinatesStats/cope17.feat/res4d.dtseries.nii","P8WU5UuD6EI3shwczXk64Kvbl.S2g3lS"
"s3://hcp-openaccess/HCP_1200/506234/MNINonLinear/Results/tfMRI_WM/tfMRI_WM_hp200_s8_level2.feat/GrayordinatesStats/cope17.feat/tdof_t1.dtseries.nii","506234","MNINonLinear//Results/tfMRI_WM/tfMRI_WM_hp200_s8_level2.feat/GrayordinatesStats/cope17.feat/tdof_t1.dtseries.nii","v_r8vNtagjcpPLrXJJvjHXVxddUdbKRn"
"s3://hcp-openaccess/HCP_1200/506234/MNINonLinear/Results/tfMRI_WM/tfMRI_WM_hp200_s8_level2.feat/GrayordinatesStats/cope17.feat/tstat1.dtseries.nii","506234","MNINonLinear//Results/tfMRI_WM/tfMRI_WM_hp200_s8_level2.feat/GrayordinatesStats/cope17.feat/tstat1.dtseries.nii","rtPjjzXyXhZYusnw21c5DXD2bukyjLC2"
"s3://hcp-openaccess/HCP_1200/506234/MNINonLinear/Results/tfMRI_WM/tfMRI_WM_hp200_s8_level2.feat/GrayordinatesStats/cope17.feat/varcope1.dtseries.nii","506234","MNINonLinear//Results/tfMRI_WM/tfMRI_WM_hp200_s8_level2.feat/GrayordinatesStats/cope17.feat/varcope1.dtseries.nii","xyNQnOdPZATtUgcjttJIliBp05lgjWj7"
"s3://hcp-openaccess/HCP_1200/506234/MNINonLinear/Results/tfMRI_WM/tfMRI_WM_hp200_s8_level2.feat/GrayordinatesStats/cope17.feat/weights1.dtseries.nii","506234","MNINonLinear//Results/tfMRI_WM/tfMRI_WM_hp200_s8_level2.feat/GrayordinatesStats/cope17.feat/weights1.dtseries.nii","JzZOl0QgZD9ANd8cncBidEImvELwwUSx"
"s3://hcp-openaccess/HCP_1200/506234/MNINonLinear/Results/tfMRI_WM/tfMRI_WM_hp200_s8_level2.feat/GrayordinatesStats/cope17.feat/zflame1lowertstat1.dtseries.nii","506234","MNINonLinear//Results/tfMRI_WM/tfMRI_WM_hp200_s8_level2.feat/GrayordinatesStats/cope17.feat/zflame1lowertstat1.dtseries.nii","tVb1ryLWwix0FtgjM0AJxOp4xi1O_rkK"
"s3://hcp-openaccess/HCP_1200/506234/MNINonLinear/Results/tfMRI_WM/tfMRI_WM_hp200_s8_level2.feat/GrayordinatesStats/cope17.feat/zflame1uppertstat1.dtseries.nii","506234","MNINonLinear//Results/tfMRI_WM/tfMRI_WM_hp200_s8_level2.feat/GrayordinatesStats/cope17.feat/zflame1uppertstat1.dtseries.nii","nRtGymY8iPPYD5kItQYPuaUYF9LD.5kd"
"s3://hcp-openaccess/HCP_1200/506234/MNINonLinear/Results/tfMRI_WM/tfMRI_WM_hp200_s8_level2.feat/GrayordinatesStats/cope17.feat/zstat1.dtseries.nii","506234","MNINonLinear//Results/tfMRI_WM/tfMRI_WM_hp200_s8_level2.feat/GrayordinatesStats/cope17.feat/zstat1.dtseries.nii","T1UO7j4crRjRcxDM4b2XVGebIzKJyqZ8"
"s3://hcp-openaccess/HCP_1200/506234/MNINonLinear/Results/tfMRI_WM/tfMRI_WM_hp200_s8_level2.feat/GrayordinatesStats/cope18.feat/cope1.dtseries.nii","506234","MNINonLinear//Results/tfMRI_WM/tfMRI_WM_hp200_s8_level2.feat/GrayordinatesStats/cope18.feat/cope1.dtseries.nii","yENkq9nacJ89wv7qQSBeVRlAiNrErh.5"
"s3://hcp-openaccess/HCP_1200/506234/MNINonLinear/Results/tfMRI_WM/tfMRI_WM_hp200_s8_level2.feat/GrayordinatesStats/cope18.feat/logfile","506234","MNINonLinear//Results/tfMRI_WM/tfMRI_WM_hp200_s8_level2.feat/GrayordinatesStats/cope18.feat/logfile","kZcn1DOpdQpc_sy7gZYyaUy0xrtU4ieU"
"s3://hcp-openaccess/HCP_1200/506234/MNINonLinear/Results/tfMRI_WM/tfMRI_WM_hp200_s8_level2.feat/GrayordinatesStats/cope18.feat/mask.dtseries.nii","506234","MNINonLinear//Results/tfMRI_WM/tfMRI_WM_hp200_s8_level2.feat/GrayordinatesStats/cope18.feat/mask.dtseries.nii","s4sGwLycvsFSrDwwXEZ3f9no2J1qqSXa"
"s3://hcp-openaccess/HCP_1200/506234/MNINonLinear/Results/tfMRI_WM/tfMRI_WM_hp200_s8_level2.feat/GrayordinatesStats/cope18.feat/mean_random_effects_var1.dtseries.nii","506234","MNINonLinear//Results/tfMRI_WM/tfMRI_WM_hp200_s8_level2.feat/GrayordinatesStats/cope18.feat/mean_random_effects_var1.dtseries.nii","w5FidmYjxRiOP7Epl9keOeQ1dvdq5VpC"
"s3://hcp-openaccess/HCP_1200/506234/MNINonLinear/Results/tfMRI_WM/tfMRI_WM_hp200_s8_level2.feat/GrayordinatesStats/cope18.feat/pe1.dtseries.nii","506234","MNINonLinear//Results/tfMRI_WM/tfMRI_WM_hp200_s8_level2.feat/GrayordinatesStats/cope18.feat/pe1.dtseries.nii","z0qca7RRb_wPhpF8LvGNUwjLWJSdYlJl"
"s3://hcp-openaccess/HCP_1200/506234/MNINonLinear/Results/tfMRI_WM/tfMRI_WM_hp200_s8_level2.feat/GrayordinatesStats/cope18.feat/res4d.dtseries.nii","506234","MNINonLinear//Results/tfMRI_WM/tfMRI_WM_hp200_s8_level2.feat/GrayordinatesStats/cope18.feat/res4d.dtseries.nii","NSJ906damk7WKDpMBiR7hK0H1Tkkk1iB"
"s3://hcp-openaccess/HCP_1200/506234/MNINonLinear/Results/tfMRI_WM/tfMRI_WM_hp200_s8_level2.feat/GrayordinatesStats/cope18.feat/tdof_t1.dtseries.nii","506234","MNINonLinear//Results/tfMRI_WM/tfMRI_WM_hp200_s8_level2.feat/GrayordinatesStats/cope18.feat/tdof_t1.dtseries.nii","3bkVu8h8LE8d6M8eizBZY3wkcnHxByAL"
"s3://hcp-openaccess/HCP_1200/506234/MNINonLinear/Results/tfMRI_WM/tfMRI_WM_hp200_s8_level2.feat/GrayordinatesStats/cope18.feat/tstat1.dtseries.nii","506234","MNINonLinear//Results/tfMRI_WM/tfMRI_WM_hp200_s8_level2.feat/GrayordinatesStats/cope18.feat/tstat1.dtseries.nii","aS6crqu7E_xbPVBDXQc9lG6iMkk_9ZFF"
"s3://hcp-openaccess/HCP_1200/506234/MNINonLinear/Results/tfMRI_WM/tfMRI_WM_hp200_s8_level2.feat/GrayordinatesStats/cope18.feat/varcope1.dtseries.nii","506234","MNINonLinear//Results/tfMRI_WM/tfMRI_WM_hp200_s8_level2.feat/GrayordinatesStats/cope18.feat/varcope1.dtseries.nii","2mhQvkqf8LRv0gWjQ1i8fL8Kxo9ptTAS"
"s3://hcp-openaccess/HCP_1200/506234/MNINonLinear/Results/tfMRI_WM/tfMRI_WM_hp200_s8_level2.feat/GrayordinatesStats/cope18.feat/weights1.dtseries.nii","506234","MNINonLinear//Results/tfMRI_WM/tfMRI_WM_hp200_s8_level2.feat/GrayordinatesStats/cope18.feat/weights1.dtseries.nii","kT19TkzRo04gEy.32Uf7h0tnJxOlhugb"
"s3://hcp-openaccess/HCP_1200/506234/MNINonLinear/Results/tfMRI_WM/tfMRI_WM_hp200_s8_level2.feat/GrayordinatesStats/cope18.feat/zflame1lowertstat1.dtseries.nii","506234","MNINonLinear//Results/tfMRI_WM/tfMRI_WM_hp200_s8_level2.feat/GrayordinatesStats/cope18.feat/zflame1lowertstat1.dtseries.nii","PkQTROXfaQpKTag5IM0VvT37ybrOlZ1G"
"s3://hcp-openaccess/HCP_1200/506234/MNINonLinear/Results/tfMRI_WM/tfMRI_WM_hp200_s8_level2.feat/GrayordinatesStats/cope18.feat/zflame1uppertstat1.dtseries.nii","506234","MNINonLinear//Results/tfMRI_WM/tfMRI_WM_hp200_s8_level2.feat/GrayordinatesStats/cope18.feat/zflame1uppertstat1.dtseries.nii","LjXjeQdQvLydAXw7qdYBxmRmOy1xAZVX"
"s3://hcp-openaccess/HCP_1200/506234/MNINonLinear/Results/tfMRI_WM/tfMRI_WM_hp200_s8_level2.feat/GrayordinatesStats/cope18.feat/zstat1.dtseries.nii","506234","MNINonLinear//Results/tfMRI_WM/tfMRI_WM_hp200_s8_level2.feat/GrayordinatesStats/cope18.feat/zstat1.dtseries.nii","tQAlWonTW4rpInaT4h4EkKj8jD7EWVkW"
"s3://hcp-openaccess/HCP_1200/506234/MNINonLinear/Results/tfMRI_WM/tfMRI_WM_hp200_s8_level2.feat/GrayordinatesStats/cope19.feat/cope1.dtseries.nii","506234","MNINonLinear//Results/tfMRI_WM/tfMRI_WM_hp200_s8_level2.feat/GrayordinatesStats/cope19.feat/cope1.dtseries.nii","5BcsHNVjV3Wvn.1CxEAwkv_Vy2Pt_A0r"
"s3://hcp-openaccess/HCP_1200/506234/MNINonLinear/Results/tfMRI_WM/tfMRI_WM_hp200_s8_level2.feat/GrayordinatesStats/cope19.feat/logfile","506234","MNINonLinear//Results/tfMRI_WM/tfMRI_WM_hp200_s8_level2.feat/GrayordinatesStats/cope19.feat/logfile","v8.NzS3_HRinePGJFMvNvt22irhC09OJ"
"s3://hcp-openaccess/HCP_1200/506234/MNINonLinear/Results/tfMRI_WM/tfMRI_WM_hp200_s8_level2.feat/GrayordinatesStats/cope19.feat/mask.dtseries.nii","506234","MNINonLinear//Results/tfMRI_WM/tfMRI_WM_hp200_s8_level2.feat/GrayordinatesStats/cope19.feat/mask.dtseries.nii","Vj..MRiYC4ua.q69b7SKA5CEQwstra27"
"s3://hcp-openaccess/HCP_1200/506234/MNINonLinear/Results/tfMRI_WM/tfMRI_WM_hp200_s8_level2.feat/GrayordinatesStats/cope19.feat/mean_random_effects_var1.dtseries.nii","506234","MNINonLinear//Results/tfMRI_WM/tfMRI_WM_hp200_s8_level2.feat/GrayordinatesStats/cope19.feat/mean_random_effects_var1.dtseries.nii","S_e25DHQMhfPZhmJLhzq6xR8kJrmynQy"
"s3://hcp-openaccess/HCP_1200/506234/MNINonLinear/Results/tfMRI_WM/tfMRI_WM_hp200_s8_level2.feat/GrayordinatesStats/cope19.feat/pe1.dtseries.nii","506234","MNINonLinear//Results/tfMRI_WM/tfMRI_WM_hp200_s8_level2.feat/GrayordinatesStats/cope19.feat/pe1.dtseries.nii","jk9GMUy1atz.bpt2raUGEcrNvMhnppM6"
"s3://hcp-openaccess/HCP_1200/506234/MNINonLinear/Results/tfMRI_WM/tfMRI_WM_hp200_s8_level2.feat/GrayordinatesStats/cope19.feat/res4d.dtseries.nii","506234","MNINonLinear//Results/tfMRI_WM/tfMRI_WM_hp200_s8_level2.feat/GrayordinatesStats/cope19.feat/res4d.dtseries.nii","NsYnqDX.QbnjHrObN2rocusXwuzH9yOD"
"s3://hcp-openaccess/HCP_1200/506234/MNINonLinear/Results/tfMRI_WM/tfMRI_WM_hp200_s8_level2.feat/GrayordinatesStats/cope19.feat/tdof_t1.dtseries.nii","506234","MNINonLinear//Results/tfMRI_WM/tfMRI_WM_hp200_s8_level2.feat/GrayordinatesStats/cope19.feat/tdof_t1.dtseries.nii","e6akD.yGrHLnRs6X6LTRULpuRiqjUc2F"
"s3://hcp-openaccess/HCP_1200/506234/MNINonLinear/Results/tfMRI_WM/tfMRI_WM_hp200_s8_level2.feat/GrayordinatesStats/cope19.feat/tstat1.dtseries.nii","506234","MNINonLinear//Results/tfMRI_WM/tfMRI_WM_hp200_s8_level2.feat/GrayordinatesStats/cope19.feat/tstat1.dtseries.nii","TPl4vsKOTfkWOgnyVM5Pp3JxZF6TRz6H"
"s3://hcp-openaccess/HCP_1200/506234/MNINonLinear/Results/tfMRI_WM/tfMRI_WM_hp200_s8_level2.feat/GrayordinatesStats/cope19.feat/varcope1.dtseries.nii","506234","MNINonLinear//Results/tfMRI_WM/tfMRI_WM_hp200_s8_level2.feat/GrayordinatesStats/cope19.feat/varcope1.dtseries.nii","wrucE7QzbTVdRqpqqLIJh5iw96ZFDNu1"
"s3://hcp-openaccess/HCP_1200/506234/MNINonLinear/Results/tfMRI_WM/tfMRI_WM_hp200_s8_level2.feat/GrayordinatesStats/cope19.feat/weights1.dtseries.nii","506234","MNINonLinear//Results/tfMRI_WM/tfMRI_WM_hp200_s8_level2.feat/GrayordinatesStats/cope19.feat/weights1.dtseries.nii","lop7ciHun1THESmHZqWZHMDzL5F3quHn"
"s3://hcp-openaccess/HCP_1200/506234/MNINonLinear/Results/tfMRI_WM/tfMRI_WM_hp200_s8_level2.feat/GrayordinatesStats/cope19.feat/zflame1lowertstat1.dtseries.nii","506234","MNINonLinear//Results/tfMRI_WM/tfMRI_WM_hp200_s8_level2.feat/GrayordinatesStats/cope19.feat/zflame1lowertstat1.dtseries.nii","rUoBJwZtq9iJmwKNF4zydcQcuVDbWAKE"
"s3://hcp-openaccess/HCP_1200/506234/MNINonLinear/Results/tfMRI_WM/tfMRI_WM_hp200_s8_level2.feat/GrayordinatesStats/cope19.feat/zflame1uppertstat1.dtseries.nii","506234","MNINonLinear//Results/tfMRI_WM/tfMRI_WM_hp200_s8_level2.feat/GrayordinatesStats/cope19.feat/zflame1uppertstat1.dtseries.nii","9egrzGnuVOu6aTwkSJJ6C9xpWJO8HSAv"
"s3://hcp-openaccess/HCP_1200/506234/MNINonLinear/Results/tfMRI_WM/tfMRI_WM_hp200_s8_level2.feat/GrayordinatesStats/cope19.feat/zstat1.dtseries.nii","506234","MNINonLinear//Results/tfMRI_WM/tfMRI_WM_hp200_s8_level2.feat/GrayordinatesStats/cope19.feat/zstat1.dtseries.nii","uEWWCIN569ZHegwaL6T.OiF7LyvdDlx_"
"s3://hcp-openaccess/HCP_1200/506234/MNINonLinear/Results/tfMRI_WM/tfMRI_WM_hp200_s8_level2.feat/GrayordinatesStats/cope2.feat/cope1.dtseries.nii","506234","MNINonLinear//Results/tfMRI_WM/tfMRI_WM_hp200_s8_level2.feat/GrayordinatesStats/cope2.feat/cope1.dtseries.nii","VVuvJNZdB1lAPdxr1_taCn2xitwAfnUn"
"s3://hcp-openaccess/HCP_1200/506234/MNINonLinear/Results/tfMRI_WM/tfMRI_WM_hp200_s8_level2.feat/GrayordinatesStats/cope2.feat/logfile","506234","MNINonLinear//Results/tfMRI_WM/tfMRI_WM_hp200_s8_level2.feat/GrayordinatesStats/cope2.feat/logfile","JalE_oC3GGPEf9Mc7mPlVT9DEf8KiqQq"
"s3://hcp-openaccess/HCP_1200/506234/MNINonLinear/Results/tfMRI_WM/tfMRI_WM_hp200_s8_level2.feat/GrayordinatesStats/cope2.feat/mask.dtseries.nii","506234","MNINonLinear//Results/tfMRI_WM/tfMRI_WM_hp200_s8_level2.feat/GrayordinatesStats/cope2.feat/mask.dtseries.nii","uZcoIpQEY_mBOr2QHqCPNzx2.vwF0O4."
"s3://hcp-openaccess/HCP_1200/506234/MNINonLinear/Results/tfMRI_WM/tfMRI_WM_hp200_s8_level2.feat/GrayordinatesStats/cope2.feat/mean_random_effects_var1.dtseries.nii","506234","MNINonLinear//Results/tfMRI_WM/tfMRI_WM_hp200_s8_level2.feat/GrayordinatesStats/cope2.feat/mean_random_effects_var1.dtseries.nii","99RiGFtZ8U6uxv1dTeFygoqI_v3CoXkN"
"s3://hcp-openaccess/HCP_1200/506234/MNINonLinear/Results/tfMRI_WM/tfMRI_WM_hp200_s8_level2.feat/GrayordinatesStats/cope2.feat/pe1.dtseries.nii","506234","MNINonLinear//Results/tfMRI_WM/tfMRI_WM_hp200_s8_level2.feat/GrayordinatesStats/cope2.feat/pe1.dtseries.nii","kEUh_olwSnHjDXnhPuiD0wltxlSjvCP6"
"s3://hcp-openaccess/HCP_1200/506234/MNINonLinear/Results/tfMRI_WM/tfMRI_WM_hp200_s8_level2.feat/GrayordinatesStats/cope2.feat/res4d.dtseries.nii","506234","MNINonLinear//Results/tfMRI_WM/tfMRI_WM_hp200_s8_level2.feat/GrayordinatesStats/cope2.feat/res4d.dtseries.nii","PoLe4BMVti5YwfHUEehHDP.xebnDzewc"
"s3://hcp-openaccess/HCP_1200/506234/MNINonLinear/Results/tfMRI_WM/tfMRI_WM_hp200_s8_level2.feat/GrayordinatesStats/cope2.feat/tdof_t1.dtseries.nii","506234","MNINonLinear//Results/tfMRI_WM/tfMRI_WM_hp200_s8_level2.feat/GrayordinatesStats/cope2.feat/tdof_t1.dtseries.nii","mNlO4iB80fJHgY8HCJ5QA0X6kDdNg1nw"
"s3://hcp-openaccess/HCP_1200/506234/MNINonLinear/Results/tfMRI_WM/tfMRI_WM_hp200_s8_level2.feat/GrayordinatesStats/cope2.feat/tstat1.dtseries.nii","506234","MNINonLinear//Results/tfMRI_WM/tfMRI_WM_hp200_s8_level2.feat/GrayordinatesStats/cope2.feat/tstat1.dtseries.nii",".7qwiIwxwvsD6omTpB2ZmTVKRErtY6sW"
"s3://hcp-openaccess/HCP_1200/506234/MNINonLinear/Results/tfMRI_WM/tfMRI_WM_hp200_s8_level2.feat/GrayordinatesStats/cope2.feat/varcope1.dtseries.nii","506234","MNINonLinear//Results/tfMRI_WM/tfMRI_WM_hp200_s8_level2.feat/GrayordinatesStats/cope2.feat/varcope1.dtseries.nii","G_TyycNrx.fVhaNHrtGdOL31jJ6KmPd6"
"s3://hcp-openaccess/HCP_1200/506234/MNINonLinear/Results/tfMRI_WM/tfMRI_WM_hp200_s8_level2.feat/GrayordinatesStats/cope2.feat/weights1.dtseries.nii","506234","MNINonLinear//Results/tfMRI_WM/tfMRI_WM_hp200_s8_level2.feat/GrayordinatesStats/cope2.feat/weights1.dtseries.nii","HPg3V8dCmGtY1ouqXT.6On9E6QfSwCBS"
"s3://hcp-openaccess/HCP_1200/506234/MNINonLinear/Results/tfMRI_WM/tfMRI_WM_hp200_s8_level2.feat/GrayordinatesStats/cope2.feat/zflame1lowertstat1.dtseries.nii","506234","MNINonLinear//Results/tfMRI_WM/tfMRI_WM_hp200_s8_level2.feat/GrayordinatesStats/cope2.feat/zflame1lowertstat1.dtseries.nii","OFG3YrOa8S61JehOtE11d1qgpvWEuLZB"
"s3://hcp-openaccess/HCP_1200/506234/MNINonLinear/Results/tfMRI_WM/tfMRI_WM_hp200_s8_level2.feat/GrayordinatesStats/cope2.feat/zflame1uppertstat1.dtseries.nii","506234","MNINonLinear//Results/tfMRI_WM/tfMRI_WM_hp200_s8_level2.feat/GrayordinatesStats/cope2.feat/zflame1uppertstat1.dtseries.nii","0P.KaspXVQ_qWWyQkTnHfPzDK.jCLBNx"
"s3://hcp-openaccess/HCP_1200/506234/MNINonLinear/Results/tfMRI_WM/tfMRI_WM_hp200_s8_level2.feat/GrayordinatesStats/cope2.feat/zstat1.dtseries.nii","506234","MNINonLinear//Results/tfMRI_WM/tfMRI_WM_hp200_s8_level2.feat/GrayordinatesStats/cope2.feat/zstat1.dtseries.nii","9raWmA7RSvk.hLbZUR7WJ23JPPbJ5u6V"
"s3://hcp-openaccess/HCP_1200/506234/MNINonLinear/Results/tfMRI_WM/tfMRI_WM_hp200_s8_level2.feat/GrayordinatesStats/cope20.feat/cope1.dtseries.nii","506234","MNINonLinear//Results/tfMRI_WM/tfMRI_WM_hp200_s8_level2.feat/GrayordinatesStats/cope20.feat/cope1.dtseries.nii","eROfoYk8RMUt5A.VSwTKw1oGmBl1SHkW"
"s3://hcp-openaccess/HCP_1200/506234/MNINonLinear/Results/tfMRI_WM/tfMRI_WM_hp200_s8_level2.feat/GrayordinatesStats/cope20.feat/logfile","506234","MNINonLinear//Results/tfMRI_WM/tfMRI_WM_hp200_s8_level2.feat/GrayordinatesStats/cope20.feat/logfile","wbY9qTlzYgmfQa_Ll9Z56W8k_gfy6RyI"
"s3://hcp-openaccess/HCP_1200/506234/MNINonLinear/Results/tfMRI_WM/tfMRI_WM_hp200_s8_level2.feat/GrayordinatesStats/cope20.feat/mask.dtseries.nii","506234","MNINonLinear//Results/tfMRI_WM/tfMRI_WM_hp200_s8_level2.feat/GrayordinatesStats/cope20.feat/mask.dtseries.nii","PWv1p5ncCGS0jmJp19pCG6A7BOsY2Kw8"
"s3://hcp-openaccess/HCP_1200/506234/MNINonLinear/Results/tfMRI_WM/tfMRI_WM_hp200_s8_level2.feat/GrayordinatesStats/cope20.feat/mean_random_effects_var1.dtseries.nii","506234","MNINonLinear//Results/tfMRI_WM/tfMRI_WM_hp200_s8_level2.feat/GrayordinatesStats/cope20.feat/mean_random_effects_var1.dtseries.nii","szfMHsxvz_owZ4UJDjH4VIvwOXhqNVlT"
"s3://hcp-openaccess/HCP_1200/506234/MNINonLinear/Results/tfMRI_WM/tfMRI_WM_hp200_s8_level2.feat/GrayordinatesStats/cope20.feat/pe1.dtseries.nii","506234","MNINonLinear//Results/tfMRI_WM/tfMRI_WM_hp200_s8_level2.feat/GrayordinatesStats/cope20.feat/pe1.dtseries.nii","mGT_EShcO7vvYYTODR9WINhq_U11MpKC"
"s3://hcp-openaccess/HCP_1200/506234/MNINonLinear/Results/tfMRI_WM/tfMRI_WM_hp200_s8_level2.feat/GrayordinatesStats/cope20.feat/res4d.dtseries.nii","506234","MNINonLinear//Results/tfMRI_WM/tfMRI_WM_hp200_s8_level2.feat/GrayordinatesStats/cope20.feat/res4d.dtseries.nii","VrZf926I4Y9IsxSTyCtTAMKe7_hzYIRb"
"s3://hcp-openaccess/HCP_1200/506234/MNINonLinear/Results/tfMRI_WM/tfMRI_WM_hp200_s8_level2.feat/GrayordinatesStats/cope20.feat/tdof_t1.dtseries.nii","506234","MNINonLinear//Results/tfMRI_WM/tfMRI_WM_hp200_s8_level2.feat/GrayordinatesStats/cope20.feat/tdof_t1.dtseries.nii","tabMsaxmKGHqS5ZUU0TjusOabrk9onxX"
"s3://hcp-openaccess/HCP_1200/506234/MNINonLinear/Results/tfMRI_WM/tfMRI_WM_hp200_s8_level2.feat/GrayordinatesStats/cope20.feat/tstat1.dtseries.nii","506234","MNINonLinear//Results/tfMRI_WM/tfMRI_WM_hp200_s8_level2.feat/GrayordinatesStats/cope20.feat/tstat1.dtseries.nii","Hx5ja5zHx4F7fBZK0qZEqcgo1FEues43"
"s3://hcp-openaccess/HCP_1200/506234/MNINonLinear/Results/tfMRI_WM/tfMRI_WM_hp200_s8_level2.feat/GrayordinatesStats/cope20.feat/varcope1.dtseries.nii","506234","MNINonLinear//Results/tfMRI_WM/tfMRI_WM_hp200_s8_level2.feat/GrayordinatesStats/cope20.feat/varcope1.dtseries.nii","QKkenDc.sWQsCOlO5aaN2kd_qXi.Rsrj"
"s3://hcp-openaccess/HCP_1200/506234/MNINonLinear/Results/tfMRI_WM/tfMRI_WM_hp200_s8_level2.feat/GrayordinatesStats/cope20.feat/weights1.dtseries.nii","506234","MNINonLinear//Results/tfMRI_WM/tfMRI_WM_hp200_s8_level2.feat/GrayordinatesStats/cope20.feat/weights1.dtseries.nii","caL_6shGUSgmcUfGF7jCbELBNs5TyeI8"
"s3://hcp-openaccess/HCP_1200/506234/MNINonLinear/Results/tfMRI_WM/tfMRI_WM_hp200_s8_level2.feat/GrayordinatesStats/cope20.feat/zflame1lowertstat1.dtseries.nii","506234","MNINonLinear//Results/tfMRI_WM/tfMRI_WM_hp200_s8_level2.feat/GrayordinatesStats/cope20.feat/zflame1lowertstat1.dtseries.nii","xPx5xWpK0VvefenC3QsNJIfjI3cAXJLp"
"s3://hcp-openaccess/HCP_1200/506234/MNINonLinear/Results/tfMRI_WM/tfMRI_WM_hp200_s8_level2.feat/GrayordinatesStats/cope20.feat/zflame1uppertstat1.dtseries.nii","506234","MNINonLinear//Results/tfMRI_WM/tfMRI_WM_hp200_s8_level2.feat/GrayordinatesStats/cope20.feat/zflame1uppertstat1.dtseries.nii","5aOUAtAs7219iCLLZJyRGSzKfES8E2bW"
"s3://hcp-openaccess/HCP_1200/506234/MNINonLinear/Results/tfMRI_WM/tfMRI_WM_hp200_s8_level2.feat/GrayordinatesStats/cope20.feat/zstat1.dtseries.nii","506234","MNINonLinear//Results/tfMRI_WM/tfMRI_WM_hp200_s8_level2.feat/GrayordinatesStats/cope20.feat/zstat1.dtseries.nii","ZNy.5Xg4tlQ_dLNrIXviyShAG2JpYiL_"
"s3://hcp-openaccess/HCP_1200/506234/MNINonLinear/Results/tfMRI_WM/tfMRI_WM_hp200_s8_level2.feat/GrayordinatesStats/cope21.feat/cope1.dtseries.nii","506234","MNINonLinear//Results/tfMRI_WM/tfMRI_WM_hp200_s8_level2.feat/GrayordinatesStats/cope21.feat/cope1.dtseries.nii","ZQas0QKPwIqDqPr4MXTNEQQG5p8fherh"
"s3://hcp-openaccess/HCP_1200/506234/MNINonLinear/Results/tfMRI_WM/tfMRI_WM_hp200_s8_level2.feat/GrayordinatesStats/cope21.feat/logfile","506234","MNINonLinear//Results/tfMRI_WM/tfMRI_WM_hp200_s8_level2.feat/GrayordinatesStats/cope21.feat/logfile","X6pl5DGkVXItxFc.63cUgxUB9vw52A5X"
"s3://hcp-openaccess/HCP_1200/506234/MNINonLinear/Results/tfMRI_WM/tfMRI_WM_hp200_s8_level2.feat/GrayordinatesStats/cope21.feat/mask.dtseries.nii","506234","MNINonLinear//Results/tfMRI_WM/tfMRI_WM_hp200_s8_level2.feat/GrayordinatesStats/cope21.feat/mask.dtseries.nii","WT1Eb16IE1GhXZDkUBqsJMt8QOusw6cQ"
"s3://hcp-openaccess/HCP_1200/506234/MNINonLinear/Results/tfMRI_WM/tfMRI_WM_hp200_s8_level2.feat/GrayordinatesStats/cope21.feat/mean_random_effects_var1.dtseries.nii","506234","MNINonLinear//Results/tfMRI_WM/tfMRI_WM_hp200_s8_level2.feat/GrayordinatesStats/cope21.feat/mean_random_effects_var1.dtseries.nii","9BtwhGQ5wSZxmhb4qMIpkU5unAg4LJyU"
"s3://hcp-openaccess/HCP_1200/506234/MNINonLinear/Results/tfMRI_WM/tfMRI_WM_hp200_s8_level2.feat/GrayordinatesStats/cope21.feat/pe1.dtseries.nii","506234","MNINonLinear//Results/tfMRI_WM/tfMRI_WM_hp200_s8_level2.feat/GrayordinatesStats/cope21.feat/pe1.dtseries.nii","AhuBymqeZ2p_FUMbbLUw..PHerFc7D_3"
"s3://hcp-openaccess/HCP_1200/506234/MNINonLinear/Results/tfMRI_WM/tfMRI_WM_hp200_s8_level2.feat/GrayordinatesStats/cope21.feat/res4d.dtseries.nii","506234","MNINonLinear//Results/tfMRI_WM/tfMRI_WM_hp200_s8_level2.feat/GrayordinatesStats/cope21.feat/res4d.dtseries.nii","Ati.Lw3Rl65z1AAw1tXjnI683jElWJEN"
"s3://hcp-openaccess/HCP_1200/506234/MNINonLinear/Results/tfMRI_WM/tfMRI_WM_hp200_s8_level2.feat/GrayordinatesStats/cope21.feat/tdof_t1.dtseries.nii","506234","MNINonLinear//Results/tfMRI_WM/tfMRI_WM_hp200_s8_level2.feat/GrayordinatesStats/cope21.feat/tdof_t1.dtseries.nii","7AtsvQCcsbVsGwA7.Y67CAvwa.bCgbe8"
"s3://hcp-openaccess/HCP_1200/506234/MNINonLinear/Results/tfMRI_WM/tfMRI_WM_hp200_s8_level2.feat/GrayordinatesStats/cope21.feat/tstat1.dtseries.nii","506234","MNINonLinear//Results/tfMRI_WM/tfMRI_WM_hp200_s8_level2.feat/GrayordinatesStats/cope21.feat/tstat1.dtseries.nii","XmlxU60QN9Y6IxEuyTC6IyN5J4W5lY3e"
"s3://hcp-openaccess/HCP_1200/506234/MNINonLinear/Results/tfMRI_WM/tfMRI_WM_hp200_s8_level2.feat/GrayordinatesStats/cope21.feat/varcope1.dtseries.nii","506234","MNINonLinear//Results/tfMRI_WM/tfMRI_WM_hp200_s8_level2.feat/GrayordinatesStats/cope21.feat/varcope1.dtseries.nii","U6d22rSLxCHLy.faMxmHQ5D57RnZF_yn"
"s3://hcp-openaccess/HCP_1200/506234/MNINonLinear/Results/tfMRI_WM/tfMRI_WM_hp200_s8_level2.feat/GrayordinatesStats/cope21.feat/weights1.dtseries.nii","506234","MNINonLinear//Results/tfMRI_WM/tfMRI_WM_hp200_s8_level2.feat/GrayordinatesStats/cope21.feat/weights1.dtseries.nii","40d6lu4ybVIb3luqk85LtWVarC3Hz_kO"
"s3://hcp-openaccess/HCP_1200/506234/MNINonLinear/Results/tfMRI_WM/tfMRI_WM_hp200_s8_level2.feat/GrayordinatesStats/cope21.feat/zflame1lowertstat1.dtseries.nii","506234","MNINonLinear//Results/tfMRI_WM/tfMRI_WM_hp200_s8_level2.feat/GrayordinatesStats/cope21.feat/zflame1lowertstat1.dtseries.nii","tSp1XB9lnIZ4Kj9Wqlj2eWwfmUF2tJzS"
"s3://hcp-openaccess/HCP_1200/506234/MNINonLinear/Results/tfMRI_WM/tfMRI_WM_hp200_s8_level2.feat/GrayordinatesStats/cope21.feat/zflame1uppertstat1.dtseries.nii","506234","MNINonLinear//Results/tfMRI_WM/tfMRI_WM_hp200_s8_level2.feat/GrayordinatesStats/cope21.feat/zflame1uppertstat1.dtseries.nii","17Z1Oa6ovqUSyYxNYfsy3kK8cuNUfVqF"
"s3://hcp-openaccess/HCP_1200/506234/MNINonLinear/Results/tfMRI_WM/tfMRI_WM_hp200_s8_level2.feat/GrayordinatesStats/cope21.feat/zstat1.dtseries.nii","506234","MNINonLinear//Results/tfMRI_WM/tfMRI_WM_hp200_s8_level2.feat/GrayordinatesStats/cope21.feat/zstat1.dtseries.nii","Li_cLqoqp6QGxVXfnCxt5xd7Pcb4trpm"
"s3://hcp-openaccess/HCP_1200/506234/MNINonLinear/Results/tfMRI_WM/tfMRI_WM_hp200_s8_level2.feat/GrayordinatesStats/cope22.feat/cope1.dtseries.nii","506234","MNINonLinear//Results/tfMRI_WM/tfMRI_WM_hp200_s8_level2.feat/GrayordinatesStats/cope22.feat/cope1.dtseries.nii","JTFwa6xnBymJF0CYKb.nNKvnZjfGC7eS"
"s3://hcp-openaccess/HCP_1200/506234/MNINonLinear/Results/tfMRI_WM/tfMRI_WM_hp200_s8_level2.feat/GrayordinatesStats/cope22.feat/logfile","506234","MNINonLinear//Results/tfMRI_WM/tfMRI_WM_hp200_s8_level2.feat/GrayordinatesStats/cope22.feat/logfile","W9o_kX3gNbdRuWVWmhWKZtM5NXLiFPNF"
"s3://hcp-openaccess/HCP_1200/506234/MNINonLinear/Results/tfMRI_WM/tfMRI_WM_hp200_s8_level2.feat/GrayordinatesStats/cope22.feat/mask.dtseries.nii","506234","MNINonLinear//Results/tfMRI_WM/tfMRI_WM_hp200_s8_level2.feat/GrayordinatesStats/cope22.feat/mask.dtseries.nii","ClgrsAPfd2cWlEZ4dJMKgvLFU9DNiyyA"
"s3://hcp-openaccess/HCP_1200/506234/MNINonLinear/Results/tfMRI_WM/tfMRI_WM_hp200_s8_level2.feat/GrayordinatesStats/cope22.feat/mean_random_effects_var1.dtseries.nii","506234","MNINonLinear//Results/tfMRI_WM/tfMRI_WM_hp200_s8_level2.feat/GrayordinatesStats/cope22.feat/mean_random_effects_var1.dtseries.nii","Tx9H50gmTaLt10NDTTbpAuUG7qDs.ESD"
"s3://hcp-openaccess/HCP_1200/506234/MNINonLinear/Results/tfMRI_WM/tfMRI_WM_hp200_s8_level2.feat/GrayordinatesStats/cope22.feat/pe1.dtseries.nii","506234","MNINonLinear//Results/tfMRI_WM/tfMRI_WM_hp200_s8_level2.feat/GrayordinatesStats/cope22.feat/pe1.dtseries.nii","7e29aGY1efI9CPeU07N4I0XHYr3S89SI"
"s3://hcp-openaccess/HCP_1200/506234/MNINonLinear/Results/tfMRI_WM/tfMRI_WM_hp200_s8_level2.feat/GrayordinatesStats/cope22.feat/res4d.dtseries.nii","506234","MNINonLinear//Results/tfMRI_WM/tfMRI_WM_hp200_s8_level2.feat/GrayordinatesStats/cope22.feat/res4d.dtseries.nii","3amNv4VTU_Iwfpz4HijlwPmeEcRCS7Lg"
"s3://hcp-openaccess/HCP_1200/506234/MNINonLinear/Results/tfMRI_WM/tfMRI_WM_hp200_s8_level2.feat/GrayordinatesStats/cope22.feat/tdof_t1.dtseries.nii","506234","MNINonLinear//Results/tfMRI_WM/tfMRI_WM_hp200_s8_level2.feat/GrayordinatesStats/cope22.feat/tdof_t1.dtseries.nii","rctX5uIhfEOMbAudqF8KWUbgnI_RIV.z"
"s3://hcp-openaccess/HCP_1200/506234/MNINonLinear/Results/tfMRI_WM/tfMRI_WM_hp200_s8_level2.feat/GrayordinatesStats/cope22.feat/tstat1.dtseries.nii","506234","MNINonLinear//Results/tfMRI_WM/tfMRI_WM_hp200_s8_level2.feat/GrayordinatesStats/cope22.feat/tstat1.dtseries.nii","6Qi3JTspM0HMf0dmukvdE1VlN2p_3QCc"
"s3://hcp-openaccess/HCP_1200/506234/MNINonLinear/Results/tfMRI_WM/tfMRI_WM_hp200_s8_level2.feat/GrayordinatesStats/cope22.feat/varcope1.dtseries.nii","506234","MNINonLinear//Results/tfMRI_WM/tfMRI_WM_hp200_s8_level2.feat/GrayordinatesStats/cope22.feat/varcope1.dtseries.nii","UOfnvHSht7LFyWliy7v6TLue5pmWDJct"
"s3://hcp-openaccess/HCP_1200/506234/MNINonLinear/Results/tfMRI_WM/tfMRI_WM_hp200_s8_level2.feat/GrayordinatesStats/cope22.feat/weights1.dtseries.nii","506234","MNINonLinear//Results/tfMRI_WM/tfMRI_WM_hp200_s8_level2.feat/GrayordinatesStats/cope22.feat/weights1.dtseries.nii","hJJ3UAqz9Y5jTdKVwZJEYfCgrCq4EMIY"
"s3://hcp-openaccess/HCP_1200/506234/MNINonLinear/Results/tfMRI_WM/tfMRI_WM_hp200_s8_level2.feat/GrayordinatesStats/cope22.feat/zflame1lowertstat1.dtseries.nii","506234","MNINonLinear//Results/tfMRI_WM/tfMRI_WM_hp200_s8_level2.feat/GrayordinatesStats/cope22.feat/zflame1lowertstat1.dtseries.nii","bFH8nnbmRh9xj3Tg9wxkTFtr.qMFq08w"
"s3://hcp-openaccess/HCP_1200/506234/MNINonLinear/Results/tfMRI_WM/tfMRI_WM_hp200_s8_level2.feat/GrayordinatesStats/cope22.feat/zflame1uppertstat1.dtseries.nii","506234","MNINonLinear//Results/tfMRI_WM/tfMRI_WM_hp200_s8_level2.feat/GrayordinatesStats/cope22.feat/zflame1uppertstat1.dtseries.nii","3dDvL7elpFKqxs1SV14Tv9FLBNCyk5OM"
"s3://hcp-openaccess/HCP_1200/506234/MNINonLinear/Results/tfMRI_WM/tfMRI_WM_hp200_s8_level2.feat/GrayordinatesStats/cope22.feat/zstat1.dtseries.nii","506234","MNINonLinear//Results/tfMRI_WM/tfMRI_WM_hp200_s8_level2.feat/GrayordinatesStats/cope22.feat/zstat1.dtseries.nii","ZRS1UPKvlHF2z8Bl3JERZjcwzQcETnkq"
"s3://hcp-openaccess/HCP_1200/506234/MNINonLinear/Results/tfMRI_WM/tfMRI_WM_hp200_s8_level2.feat/GrayordinatesStats/cope23.feat/cope1.dtseries.nii","506234","MNINonLinear//Results/tfMRI_WM/tfMRI_WM_hp200_s8_level2.feat/GrayordinatesStats/cope23.feat/cope1.dtseries.nii","Jv9WGtPBov2Zm5537EA2tig3AKznAKB3"
"s3://hcp-openaccess/HCP_1200/506234/MNINonLinear/Results/tfMRI_WM/tfMRI_WM_hp200_s8_level2.feat/GrayordinatesStats/cope23.feat/logfile","506234","MNINonLinear//Results/tfMRI_WM/tfMRI_WM_hp200_s8_level2.feat/GrayordinatesStats/cope23.feat/logfile","_bP_Zs8UjCRsQsbH2_Iepn4BHasL8.7e"
"s3://hcp-openaccess/HCP_1200/506234/MNINonLinear/Results/tfMRI_WM/tfMRI_WM_hp200_s8_level2.feat/GrayordinatesStats/cope23.feat/mask.dtseries.nii","506234","MNINonLinear//Results/tfMRI_WM/tfMRI_WM_hp200_s8_level2.feat/GrayordinatesStats/cope23.feat/mask.dtseries.nii","uZjM8t_b5QYaCzac.dqD8RFsRThfopTC"
"s3://hcp-openaccess/HCP_1200/506234/MNINonLinear/Results/tfMRI_WM/tfMRI_WM_hp200_s8_level2.feat/GrayordinatesStats/cope23.feat/mean_random_effects_var1.dtseries.nii","506234","MNINonLinear//Results/tfMRI_WM/tfMRI_WM_hp200_s8_level2.feat/GrayordinatesStats/cope23.feat/mean_random_effects_var1.dtseries.nii","vYi0uA0nA0uKwmymXiP1r2L3IHaKHuD9"
"s3://hcp-openaccess/HCP_1200/506234/MNINonLinear/Results/tfMRI_WM/tfMRI_WM_hp200_s8_level2.feat/GrayordinatesStats/cope23.feat/pe1.dtseries.nii","506234","MNINonLinear//Results/tfMRI_WM/tfMRI_WM_hp200_s8_level2.feat/GrayordinatesStats/cope23.feat/pe1.dtseries.nii","NfuM0gg0_SuP86l3_OaeBQqtdsiW3JCc"
"s3://hcp-openaccess/HCP_1200/506234/MNINonLinear/Results/tfMRI_WM/tfMRI_WM_hp200_s8_level2.feat/GrayordinatesStats/cope23.feat/res4d.dtseries.nii","506234","MNINonLinear//Results/tfMRI_WM/tfMRI_WM_hp200_s8_level2.feat/GrayordinatesStats/cope23.feat/res4d.dtseries.nii","ilX6OoJVTtAXvk6OPqa7gvusuVW7Sn1e"
"s3://hcp-openaccess/HCP_1200/506234/MNINonLinear/Results/tfMRI_WM/tfMRI_WM_hp200_s8_level2.feat/GrayordinatesStats/cope23.feat/tdof_t1.dtseries.nii","506234","MNINonLinear//Results/tfMRI_WM/tfMRI_WM_hp200_s8_level2.feat/GrayordinatesStats/cope23.feat/tdof_t1.dtseries.nii","jfUByXBLKo2mA8o2yTGzwyOUelc5Kywv"
"s3://hcp-openaccess/HCP_1200/506234/MNINonLinear/Results/tfMRI_WM/tfMRI_WM_hp200_s8_level2.feat/GrayordinatesStats/cope23.feat/tstat1.dtseries.nii","506234","MNINonLinear//Results/tfMRI_WM/tfMRI_WM_hp200_s8_level2.feat/GrayordinatesStats/cope23.feat/tstat1.dtseries.nii","LsKNutHhyKizDt6jQUtOaCZBNGvlFdaD"
"s3://hcp-openaccess/HCP_1200/506234/MNINonLinear/Results/tfMRI_WM/tfMRI_WM_hp200_s8_level2.feat/GrayordinatesStats/cope23.feat/varcope1.dtseries.nii","506234","MNINonLinear//Results/tfMRI_WM/tfMRI_WM_hp200_s8_level2.feat/GrayordinatesStats/cope23.feat/varcope1.dtseries.nii","TLUES4aGZMpE85DgxpaT5Ela1EiEj7qT"
"s3://hcp-openaccess/HCP_1200/506234/MNINonLinear/Results/tfMRI_WM/tfMRI_WM_hp200_s8_level2.feat/GrayordinatesStats/cope23.feat/weights1.dtseries.nii","506234","MNINonLinear//Results/tfMRI_WM/tfMRI_WM_hp200_s8_level2.feat/GrayordinatesStats/cope23.feat/weights1.dtseries.nii","LhGdHSUxyWQHL25OqNT.tEBYhZ0xzovP"
"s3://hcp-openaccess/HCP_1200/506234/MNINonLinear/Results/tfMRI_WM/tfMRI_WM_hp200_s8_level2.feat/GrayordinatesStats/cope23.feat/zflame1lowertstat1.dtseries.nii","506234","MNINonLinear//Results/tfMRI_WM/tfMRI_WM_hp200_s8_level2.feat/GrayordinatesStats/cope23.feat/zflame1lowertstat1.dtseries.nii","VeuqaIIxEzsPP9Sr8G.bTAG4rPYo30hw"
"s3://hcp-openaccess/HCP_1200/506234/MNINonLinear/Results/tfMRI_WM/tfMRI_WM_hp200_s8_level2.feat/GrayordinatesStats/cope23.feat/zflame1uppertstat1.dtseries.nii","506234","MNINonLinear//Results/tfMRI_WM/tfMRI_WM_hp200_s8_level2.feat/GrayordinatesStats/cope23.feat/zflame1uppertstat1.dtseries.nii","5Lcfs9jB78B1YIlxvl5LCNfUeEUgqBAF"
"s3://hcp-openaccess/HCP_1200/506234/MNINonLinear/Results/tfMRI_WM/tfMRI_WM_hp200_s8_level2.feat/GrayordinatesStats/cope23.feat/zstat1.dtseries.nii","506234","MNINonLinear//Results/tfMRI_WM/tfMRI_WM_hp200_s8_level2.feat/GrayordinatesStats/cope23.feat/zstat1.dtseries.nii","oujwJF0p3inv960eP0mdw0s1OaYknOfV"
"s3://hcp-openaccess/HCP_1200/506234/MNINonLinear/Results/tfMRI_WM/tfMRI_WM_hp200_s8_level2.feat/GrayordinatesStats/cope24.feat/cope1.dtseries.nii","506234","MNINonLinear//Results/tfMRI_WM/tfMRI_WM_hp200_s8_level2.feat/GrayordinatesStats/cope24.feat/cope1.dtseries.nii","9LAHlLrV8BdNcNqcWD2u84WgueaN1u7C"
"s3://hcp-openaccess/HCP_1200/506234/MNINonLinear/Results/tfMRI_WM/tfMRI_WM_hp200_s8_level2.feat/GrayordinatesStats/cope24.feat/logfile","506234","MNINonLinear//Results/tfMRI_WM/tfMRI_WM_hp200_s8_level2.feat/GrayordinatesStats/cope24.feat/logfile","a86xsGr9ZOgCf0IRRwteBOjRkQxofNyo"
"s3://hcp-openaccess/HCP_1200/506234/MNINonLinear/Results/tfMRI_WM/tfMRI_WM_hp200_s8_level2.feat/GrayordinatesStats/cope24.feat/mask.dtseries.nii","506234","MNINonLinear//Results/tfMRI_WM/tfMRI_WM_hp200_s8_level2.feat/GrayordinatesStats/cope24.feat/mask.dtseries.nii","sJRIDeEkCWU8VgcX_0Mnhk6QKINqYVj5"
"s3://hcp-openaccess/HCP_1200/506234/MNINonLinear/Results/tfMRI_WM/tfMRI_WM_hp200_s8_level2.feat/GrayordinatesStats/cope24.feat/mean_random_effects_var1.dtseries.nii","506234","MNINonLinear//Results/tfMRI_WM/tfMRI_WM_hp200_s8_level2.feat/GrayordinatesStats/cope24.feat/mean_random_effects_var1.dtseries.nii","Ek_ADFrK_fMzvGppxQK.lftpGYVUZ9lz"
"s3://hcp-openaccess/HCP_1200/506234/MNINonLinear/Results/tfMRI_WM/tfMRI_WM_hp200_s8_level2.feat/GrayordinatesStats/cope24.feat/pe1.dtseries.nii","506234","MNINonLinear//Results/tfMRI_WM/tfMRI_WM_hp200_s8_level2.feat/GrayordinatesStats/cope24.feat/pe1.dtseries.nii","hmVBrpyKty_JQLxyBaQnfv.aLmumJTj0"
"s3://hcp-openaccess/HCP_1200/506234/MNINonLinear/Results/tfMRI_WM/tfMRI_WM_hp200_s8_level2.feat/GrayordinatesStats/cope24.feat/res4d.dtseries.nii","506234","MNINonLinear//Results/tfMRI_WM/tfMRI_WM_hp200_s8_level2.feat/GrayordinatesStats/cope24.feat/res4d.dtseries.nii",".wutYmcpawv.UvqfwpO2witJkj9.8Zik"
"s3://hcp-openaccess/HCP_1200/506234/MNINonLinear/Results/tfMRI_WM/tfMRI_WM_hp200_s8_level2.feat/GrayordinatesStats/cope24.feat/tdof_t1.dtseries.nii","506234","MNINonLinear//Results/tfMRI_WM/tfMRI_WM_hp200_s8_level2.feat/GrayordinatesStats/cope24.feat/tdof_t1.dtseries.nii","YSuZV9pdjQDPMqKmUYgkOLfm8S3Fmxls"
"s3://hcp-openaccess/HCP_1200/506234/MNINonLinear/Results/tfMRI_WM/tfMRI_WM_hp200_s8_level2.feat/GrayordinatesStats/cope24.feat/tstat1.dtseries.nii","506234","MNINonLinear//Results/tfMRI_WM/tfMRI_WM_hp200_s8_level2.feat/GrayordinatesStats/cope24.feat/tstat1.dtseries.nii","QLDwFJJeLnrqU6njfvU.uxjx7PRquZMM"
"s3://hcp-openaccess/HCP_1200/506234/MNINonLinear/Results/tfMRI_WM/tfMRI_WM_hp200_s8_level2.feat/GrayordinatesStats/cope24.feat/varcope1.dtseries.nii","506234","MNINonLinear//Results/tfMRI_WM/tfMRI_WM_hp200_s8_level2.feat/GrayordinatesStats/cope24.feat/varcope1.dtseries.nii","WIDkyUzFzpH.vJsdqXTvYgyDqSNd2YYQ"
"s3://hcp-openaccess/HCP_1200/506234/MNINonLinear/Results/tfMRI_WM/tfMRI_WM_hp200_s8_level2.feat/GrayordinatesStats/cope24.feat/weights1.dtseries.nii","506234","MNINonLinear//Results/tfMRI_WM/tfMRI_WM_hp200_s8_level2.feat/GrayordinatesStats/cope24.feat/weights1.dtseries.nii","XNNhILIbjLYNhDYhTxjEflDnM5fsT0cL"
"s3://hcp-openaccess/HCP_1200/506234/MNINonLinear/Results/tfMRI_WM/tfMRI_WM_hp200_s8_level2.feat/GrayordinatesStats/cope24.feat/zflame1lowertstat1.dtseries.nii","506234","MNINonLinear//Results/tfMRI_WM/tfMRI_WM_hp200_s8_level2.feat/GrayordinatesStats/cope24.feat/zflame1lowertstat1.dtseries.nii","Zf7N3hl80rmAR440ZdSYmmd42SuU5RwV"
"s3://hcp-openaccess/HCP_1200/506234/MNINonLinear/Results/tfMRI_WM/tfMRI_WM_hp200_s8_level2.feat/GrayordinatesStats/cope24.feat/zflame1uppertstat1.dtseries.nii","506234","MNINonLinear//Results/tfMRI_WM/tfMRI_WM_hp200_s8_level2.feat/GrayordinatesStats/cope24.feat/zflame1uppertstat1.dtseries.nii","G272TqtGC.YtyYGjcJ3lu_Kiyrf4HWc_"
"s3://hcp-openaccess/HCP_1200/506234/MNINonLinear/Results/tfMRI_WM/tfMRI_WM_hp200_s8_level2.feat/GrayordinatesStats/cope24.feat/zstat1.dtseries.nii","506234","MNINonLinear//Results/tfMRI_WM/tfMRI_WM_hp200_s8_level2.feat/GrayordinatesStats/cope24.feat/zstat1.dtseries.nii","Y0uPZDVhvUSBQ78659rivg8MENCQoNLo"
"s3://hcp-openaccess/HCP_1200/506234/MNINonLinear/Results/tfMRI_WM/tfMRI_WM_hp200_s8_level2.feat/GrayordinatesStats/cope25.feat/cope1.dtseries.nii","506234","MNINonLinear//Results/tfMRI_WM/tfMRI_WM_hp200_s8_level2.feat/GrayordinatesStats/cope25.feat/cope1.dtseries.nii","olOiuLGbLHliTa7SBqjF0.pqD1b.HAVu"
"s3://hcp-openaccess/HCP_1200/506234/MNINonLinear/Results/tfMRI_WM/tfMRI_WM_hp200_s8_level2.feat/GrayordinatesStats/cope25.feat/logfile","506234","MNINonLinear//Results/tfMRI_WM/tfMRI_WM_hp200_s8_level2.feat/GrayordinatesStats/cope25.feat/logfile","knc2nETbGt40QnqflSqI2ZP4FCOVEfP9"
"s3://hcp-openaccess/HCP_1200/506234/MNINonLinear/Results/tfMRI_WM/tfMRI_WM_hp200_s8_level2.feat/GrayordinatesStats/cope25.feat/mask.dtseries.nii","506234","MNINonLinear//Results/tfMRI_WM/tfMRI_WM_hp200_s8_level2.feat/GrayordinatesStats/cope25.feat/mask.dtseries.nii","34NV3_4ynqNdQVFIIpjOZomhBW.86Vbq"
"s3://hcp-openaccess/HCP_1200/506234/MNINonLinear/Results/tfMRI_WM/tfMRI_WM_hp200_s8_level2.feat/GrayordinatesStats/cope25.feat/mean_random_effects_var1.dtseries.nii","506234","MNINonLinear//Results/tfMRI_WM/tfMRI_WM_hp200_s8_level2.feat/GrayordinatesStats/cope25.feat/mean_random_effects_var1.dtseries.nii","PKu4p38QTc5SAooGT1h.7kzOyueN3FB1"
"s3://hcp-openaccess/HCP_1200/506234/MNINonLinear/Results/tfMRI_WM/tfMRI_WM_hp200_s8_level2.feat/GrayordinatesStats/cope25.feat/pe1.dtseries.nii","506234","MNINonLinear//Results/tfMRI_WM/tfMRI_WM_hp200_s8_level2.feat/GrayordinatesStats/cope25.feat/pe1.dtseries.nii","v3LqGQZuveBab0XLLTZfOg4ue.wlwwTS"
"s3://hcp-openaccess/HCP_1200/506234/MNINonLinear/Results/tfMRI_WM/tfMRI_WM_hp200_s8_level2.feat/GrayordinatesStats/cope25.feat/res4d.dtseries.nii","506234","MNINonLinear//Results/tfMRI_WM/tfMRI_WM_hp200_s8_level2.feat/GrayordinatesStats/cope25.feat/res4d.dtseries.nii","5rnX8T0E30Bf3G4x4PeCE2XMxV7UULZx"
"s3://hcp-openaccess/HCP_1200/506234/MNINonLinear/Results/tfMRI_WM/tfMRI_WM_hp200_s8_level2.feat/GrayordinatesStats/cope25.feat/tdof_t1.dtseries.nii","506234","MNINonLinear//Results/tfMRI_WM/tfMRI_WM_hp200_s8_level2.feat/GrayordinatesStats/cope25.feat/tdof_t1.dtseries.nii","ckFU8_G9PSeTHGG2nXc9Le6qWTHBKA9j"
"s3://hcp-openaccess/HCP_1200/506234/MNINonLinear/Results/tfMRI_WM/tfMRI_WM_hp200_s8_level2.feat/GrayordinatesStats/cope25.feat/tstat1.dtseries.nii","506234","MNINonLinear//Results/tfMRI_WM/tfMRI_WM_hp200_s8_level2.feat/GrayordinatesStats/cope25.feat/tstat1.dtseries.nii","F4f_Y6HZOVDkqgfC0.Ix.EJhqS8WeXbe"
"s3://hcp-openaccess/HCP_1200/506234/MNINonLinear/Results/tfMRI_WM/tfMRI_WM_hp200_s8_level2.feat/GrayordinatesStats/cope25.feat/varcope1.dtseries.nii","506234","MNINonLinear//Results/tfMRI_WM/tfMRI_WM_hp200_s8_level2.feat/GrayordinatesStats/cope25.feat/varcope1.dtseries.nii","8zpZDh28KxZ4EVoUKNRFXP1h18PeTGlh"
"s3://hcp-openaccess/HCP_1200/506234/MNINonLinear/Results/tfMRI_WM/tfMRI_WM_hp200_s8_level2.feat/GrayordinatesStats/cope25.feat/weights1.dtseries.nii","506234","MNINonLinear//Results/tfMRI_WM/tfMRI_WM_hp200_s8_level2.feat/GrayordinatesStats/cope25.feat/weights1.dtseries.nii","YETN2r8nxK4McyKWK8Oh35jzh0.Eq7jN"
"s3://hcp-openaccess/HCP_1200/506234/MNINonLinear/Results/tfMRI_WM/tfMRI_WM_hp200_s8_level2.feat/GrayordinatesStats/cope25.feat/zflame1lowertstat1.dtseries.nii","506234","MNINonLinear//Results/tfMRI_WM/tfMRI_WM_hp200_s8_level2.feat/GrayordinatesStats/cope25.feat/zflame1lowertstat1.dtseries.nii","_vZAEzaT1rU_LX6wreBSjG53o2vpyY2H"
"s3://hcp-openaccess/HCP_1200/506234/MNINonLinear/Results/tfMRI_WM/tfMRI_WM_hp200_s8_level2.feat/GrayordinatesStats/cope25.feat/zflame1uppertstat1.dtseries.nii","506234","MNINonLinear//Results/tfMRI_WM/tfMRI_WM_hp200_s8_level2.feat/GrayordinatesStats/cope25.feat/zflame1uppertstat1.dtseries.nii","oIa7IhJ4_3Yt5GJeoqIHLWGkYotrjEnU"
"s3://hcp-openaccess/HCP_1200/506234/MNINonLinear/Results/tfMRI_WM/tfMRI_WM_hp200_s8_level2.feat/GrayordinatesStats/cope25.feat/zstat1.dtseries.nii","506234","MNINonLinear//Results/tfMRI_WM/tfMRI_WM_hp200_s8_level2.feat/GrayordinatesStats/cope25.feat/zstat1.dtseries.nii","kYJReszHRJdwcDEYV_osu0e61K5MNddX"
"s3://hcp-openaccess/HCP_1200/506234/MNINonLinear/Results/tfMRI_WM/tfMRI_WM_hp200_s8_level2.feat/GrayordinatesStats/cope26.feat/cope1.dtseries.nii","506234","MNINonLinear//Results/tfMRI_WM/tfMRI_WM_hp200_s8_level2.feat/GrayordinatesStats/cope26.feat/cope1.dtseries.nii","diSIX6sQ69Xt5P4zwzpq4SMURuG1pbqD"
"s3://hcp-openaccess/HCP_1200/506234/MNINonLinear/Results/tfMRI_WM/tfMRI_WM_hp200_s8_level2.feat/GrayordinatesStats/cope26.feat/logfile","506234","MNINonLinear//Results/tfMRI_WM/tfMRI_WM_hp200_s8_level2.feat/GrayordinatesStats/cope26.feat/logfile","bi4IoejvYjaN_pfS4MCfJVak4X765wk3"
"s3://hcp-openaccess/HCP_1200/506234/MNINonLinear/Results/tfMRI_WM/tfMRI_WM_hp200_s8_level2.feat/GrayordinatesStats/cope26.feat/mask.dtseries.nii","506234","MNINonLinear//Results/tfMRI_WM/tfMRI_WM_hp200_s8_level2.feat/GrayordinatesStats/cope26.feat/mask.dtseries.nii","u5ejp9yFw04ECV6iFAy24X3vWS37x5rj"
"s3://hcp-openaccess/HCP_1200/506234/MNINonLinear/Results/tfMRI_WM/tfMRI_WM_hp200_s8_level2.feat/GrayordinatesStats/cope26.feat/mean_random_effects_var1.dtseries.nii","506234","MNINonLinear//Results/tfMRI_WM/tfMRI_WM_hp200_s8_level2.feat/GrayordinatesStats/cope26.feat/mean_random_effects_var1.dtseries.nii","fFlG7GcFgrp0iLlRGHg7fWc4Eu3kHZMh"
"s3://hcp-openaccess/HCP_1200/506234/MNINonLinear/Results/tfMRI_WM/tfMRI_WM_hp200_s8_level2.feat/GrayordinatesStats/cope26.feat/pe1.dtseries.nii","506234","MNINonLinear//Results/tfMRI_WM/tfMRI_WM_hp200_s8_level2.feat/GrayordinatesStats/cope26.feat/pe1.dtseries.nii","4.RPOs4cxWXPL.BOGOjayRwR9YvnOkKy"
"s3://hcp-openaccess/HCP_1200/506234/MNINonLinear/Results/tfMRI_WM/tfMRI_WM_hp200_s8_level2.feat/GrayordinatesStats/cope26.feat/res4d.dtseries.nii","506234","MNINonLinear//Results/tfMRI_WM/tfMRI_WM_hp200_s8_level2.feat/GrayordinatesStats/cope26.feat/res4d.dtseries.nii","mArrxAeLiZPcYub1cnPRPtbusrrckf0T"
"s3://hcp-openaccess/HCP_1200/506234/MNINonLinear/Results/tfMRI_WM/tfMRI_WM_hp200_s8_level2.feat/GrayordinatesStats/cope26.feat/tdof_t1.dtseries.nii","506234","MNINonLinear//Results/tfMRI_WM/tfMRI_WM_hp200_s8_level2.feat/GrayordinatesStats/cope26.feat/tdof_t1.dtseries.nii","O5O9A6uIkv718RxCnIChh1Ucxnw7Ojxo"
"s3://hcp-openaccess/HCP_1200/506234/MNINonLinear/Results/tfMRI_WM/tfMRI_WM_hp200_s8_level2.feat/GrayordinatesStats/cope26.feat/tstat1.dtseries.nii","506234","MNINonLinear//Results/tfMRI_WM/tfMRI_WM_hp200_s8_level2.feat/GrayordinatesStats/cope26.feat/tstat1.dtseries.nii","tSEh8W6YvrRbOi6UfL98Ju14trZXC6e2"
"s3://hcp-openaccess/HCP_1200/506234/MNINonLinear/Results/tfMRI_WM/tfMRI_WM_hp200_s8_level2.feat/GrayordinatesStats/cope26.feat/varcope1.dtseries.nii","506234","MNINonLinear//Results/tfMRI_WM/tfMRI_WM_hp200_s8_level2.feat/GrayordinatesStats/cope26.feat/varcope1.dtseries.nii","bFAAeO_judHhYNppiMT8n2Ua7PkwtXkT"
"s3://hcp-openaccess/HCP_1200/506234/MNINonLinear/Results/tfMRI_WM/tfMRI_WM_hp200_s8_level2.feat/GrayordinatesStats/cope26.feat/weights1.dtseries.nii","506234","MNINonLinear//Results/tfMRI_WM/tfMRI_WM_hp200_s8_level2.feat/GrayordinatesStats/cope26.feat/weights1.dtseries.nii","MtRBS1FkkpQN74NvgNVL7fIJsVrc.B2G"
"s3://hcp-openaccess/HCP_1200/506234/MNINonLinear/Results/tfMRI_WM/tfMRI_WM_hp200_s8_level2.feat/GrayordinatesStats/cope26.feat/zflame1lowertstat1.dtseries.nii","506234","MNINonLinear//Results/tfMRI_WM/tfMRI_WM_hp200_s8_level2.feat/GrayordinatesStats/cope26.feat/zflame1lowertstat1.dtseries.nii","1mKGIB06JHBg2Z3B_5Ozrnh7UJ_Wjgb6"
"s3://hcp-openaccess/HCP_1200/506234/MNINonLinear/Results/tfMRI_WM/tfMRI_WM_hp200_s8_level2.feat/GrayordinatesStats/cope26.feat/zflame1uppertstat1.dtseries.nii","506234","MNINonLinear//Results/tfMRI_WM/tfMRI_WM_hp200_s8_level2.feat/GrayordinatesStats/cope26.feat/zflame1uppertstat1.dtseries.nii","kbwmokogavRH2PaHYyh7j3HsN41MdJUu"
"s3://hcp-openaccess/HCP_1200/506234/MNINonLinear/Results/tfMRI_WM/tfMRI_WM_hp200_s8_level2.feat/GrayordinatesStats/cope26.feat/zstat1.dtseries.nii","506234","MNINonLinear//Results/tfMRI_WM/tfMRI_WM_hp200_s8_level2.feat/GrayordinatesStats/cope26.feat/zstat1.dtseries.nii","S_zGprjYMz0RHsx3RI9PMCx43AJbWVAB"
"s3://hcp-openaccess/HCP_1200/506234/MNINonLinear/Results/tfMRI_WM/tfMRI_WM_hp200_s8_level2.feat/GrayordinatesStats/cope27.feat/cope1.dtseries.nii","506234","MNINonLinear//Results/tfMRI_WM/tfMRI_WM_hp200_s8_level2.feat/GrayordinatesStats/cope27.feat/cope1.dtseries.nii","oaGGbtoIYH5IJyZljZGw_7cRsbf7OBVd"
"s3://hcp-openaccess/HCP_1200/506234/MNINonLinear/Results/tfMRI_WM/tfMRI_WM_hp200_s8_level2.feat/GrayordinatesStats/cope27.feat/logfile","506234","MNINonLinear//Results/tfMRI_WM/tfMRI_WM_hp200_s8_level2.feat/GrayordinatesStats/cope27.feat/logfile","TOyKeN8zWBpVTF4mGcKYMzJP6bByIaCA"
"s3://hcp-openaccess/HCP_1200/506234/MNINonLinear/Results/tfMRI_WM/tfMRI_WM_hp200_s8_level2.feat/GrayordinatesStats/cope27.feat/mask.dtseries.nii","506234","MNINonLinear//Results/tfMRI_WM/tfMRI_WM_hp200_s8_level2.feat/GrayordinatesStats/cope27.feat/mask.dtseries.nii","XZPKyzT8ColbOwNjcaNbZt.tojTVZQIl"
"s3://hcp-openaccess/HCP_1200/506234/MNINonLinear/Results/tfMRI_WM/tfMRI_WM_hp200_s8_level2.feat/GrayordinatesStats/cope27.feat/mean_random_effects_var1.dtseries.nii","506234","MNINonLinear//Results/tfMRI_WM/tfMRI_WM_hp200_s8_level2.feat/GrayordinatesStats/cope27.feat/mean_random_effects_var1.dtseries.nii","XvKXLcYF_.FeVwMta0owKi2yGgX4MacQ"
"s3://hcp-openaccess/HCP_1200/506234/MNINonLinear/Results/tfMRI_WM/tfMRI_WM_hp200_s8_level2.feat/GrayordinatesStats/cope27.feat/pe1.dtseries.nii","506234","MNINonLinear//Results/tfMRI_WM/tfMRI_WM_hp200_s8_level2.feat/GrayordinatesStats/cope27.feat/pe1.dtseries.nii","0_It.gFukD8IFvaLkwFl5GdixRez7tbd"
"s3://hcp-openaccess/HCP_1200/506234/MNINonLinear/Results/tfMRI_WM/tfMRI_WM_hp200_s8_level2.feat/GrayordinatesStats/cope27.feat/res4d.dtseries.nii","506234","MNINonLinear//Results/tfMRI_WM/tfMRI_WM_hp200_s8_level2.feat/GrayordinatesStats/cope27.feat/res4d.dtseries.nii","c7IKNGZyEPyv8CqV0q8zxgqcBMjBBPnV"
"s3://hcp-openaccess/HCP_1200/506234/MNINonLinear/Results/tfMRI_WM/tfMRI_WM_hp200_s8_level2.feat/GrayordinatesStats/cope27.feat/tdof_t1.dtseries.nii","506234","MNINonLinear//Results/tfMRI_WM/tfMRI_WM_hp200_s8_level2.feat/GrayordinatesStats/cope27.feat/tdof_t1.dtseries.nii","5gtJ5t4xtgrk6DtvFmA9wW.HanL4sAZW"
"s3://hcp-openaccess/HCP_1200/506234/MNINonLinear/Results/tfMRI_WM/tfMRI_WM_hp200_s8_level2.feat/GrayordinatesStats/cope27.feat/tstat1.dtseries.nii","506234","MNINonLinear//Results/tfMRI_WM/tfMRI_WM_hp200_s8_level2.feat/GrayordinatesStats/cope27.feat/tstat1.dtseries.nii","fNuMoRu0cSBMMoZOwGpkxBkbD6KqVS91"
"s3://hcp-openaccess/HCP_1200/506234/MNINonLinear/Results/tfMRI_WM/tfMRI_WM_hp200_s8_level2.feat/GrayordinatesStats/cope27.feat/varcope1.dtseries.nii","506234","MNINonLinear//Results/tfMRI_WM/tfMRI_WM_hp200_s8_level2.feat/GrayordinatesStats/cope27.feat/varcope1.dtseries.nii","EtrOSvAC4tsG3mnjLfAR6Um8NyETAgRv"
"s3://hcp-openaccess/HCP_1200/506234/MNINonLinear/Results/tfMRI_WM/tfMRI_WM_hp200_s8_level2.feat/GrayordinatesStats/cope27.feat/weights1.dtseries.nii","506234","MNINonLinear//Results/tfMRI_WM/tfMRI_WM_hp200_s8_level2.feat/GrayordinatesStats/cope27.feat/weights1.dtseries.nii","3x4CsDq3EpUBRTq6.e8cjnZFxg1YnCmw"
"s3://hcp-openaccess/HCP_1200/506234/MNINonLinear/Results/tfMRI_WM/tfMRI_WM_hp200_s8_level2.feat/GrayordinatesStats/cope27.feat/zflame1lowertstat1.dtseries.nii","506234","MNINonLinear//Results/tfMRI_WM/tfMRI_WM_hp200_s8_level2.feat/GrayordinatesStats/cope27.feat/zflame1lowertstat1.dtseries.nii","ql.BOXXOVpKNuTDQ_nb82d2Sb60d6I2X"
"s3://hcp-openaccess/HCP_1200/506234/MNINonLinear/Results/tfMRI_WM/tfMRI_WM_hp200_s8_level2.feat/GrayordinatesStats/cope27.feat/zflame1uppertstat1.dtseries.nii","506234","MNINonLinear//Results/tfMRI_WM/tfMRI_WM_hp200_s8_level2.feat/GrayordinatesStats/cope27.feat/zflame1uppertstat1.dtseries.nii","F1YnTskhpLlTuDnHsXRxoqHuRvqMAh64"
"s3://hcp-openaccess/HCP_1200/506234/MNINonLinear/Results/tfMRI_WM/tfMRI_WM_hp200_s8_level2.feat/GrayordinatesStats/cope27.feat/zstat1.dtseries.nii","506234","MNINonLinear//Results/tfMRI_WM/tfMRI_WM_hp200_s8_level2.feat/GrayordinatesStats/cope27.feat/zstat1.dtseries.nii","SMNZeyzLxyauwQagy40gLiW6gWA2LrES"
"s3://hcp-openaccess/HCP_1200/506234/MNINonLinear/Results/tfMRI_WM/tfMRI_WM_hp200_s8_level2.feat/GrayordinatesStats/cope28.feat/cope1.dtseries.nii","506234","MNINonLinear//Results/tfMRI_WM/tfMRI_WM_hp200_s8_level2.feat/GrayordinatesStats/cope28.feat/cope1.dtseries.nii","uRYlWplkAGp_e1Q.udOHwYcItUn7g.oz"
"s3://hcp-openaccess/HCP_1200/506234/MNINonLinear/Results/tfMRI_WM/tfMRI_WM_hp200_s8_level2.feat/GrayordinatesStats/cope28.feat/logfile","506234","MNINonLinear//Results/tfMRI_WM/tfMRI_WM_hp200_s8_level2.feat/GrayordinatesStats/cope28.feat/logfile","mftZly7pAKrbQ8KGEpwjGkrK4gg41mdN"
"s3://hcp-openaccess/HCP_1200/506234/MNINonLinear/Results/tfMRI_WM/tfMRI_WM_hp200_s8_level2.feat/GrayordinatesStats/cope28.feat/mask.dtseries.nii","506234","MNINonLinear//Results/tfMRI_WM/tfMRI_WM_hp200_s8_level2.feat/GrayordinatesStats/cope28.feat/mask.dtseries.nii","hnWhzTmPs1yCfh3Gzf20EKtfIN1nPK97"
"s3://hcp-openaccess/HCP_1200/506234/MNINonLinear/Results/tfMRI_WM/tfMRI_WM_hp200_s8_level2.feat/GrayordinatesStats/cope28.feat/mean_random_effects_var1.dtseries.nii","506234","MNINonLinear//Results/tfMRI_WM/tfMRI_WM_hp200_s8_level2.feat/GrayordinatesStats/cope28.feat/mean_random_effects_var1.dtseries.nii","TR.rWmjjNKU.b19i_A2nYtulgT64rYfT"
"s3://hcp-openaccess/HCP_1200/506234/MNINonLinear/Results/tfMRI_WM/tfMRI_WM_hp200_s8_level2.feat/GrayordinatesStats/cope28.feat/pe1.dtseries.nii","506234","MNINonLinear//Results/tfMRI_WM/tfMRI_WM_hp200_s8_level2.feat/GrayordinatesStats/cope28.feat/pe1.dtseries.nii","P7foNsQATRY1bTy8BGbAK.aWtZniev7k"
"s3://hcp-openaccess/HCP_1200/506234/MNINonLinear/Results/tfMRI_WM/tfMRI_WM_hp200_s8_level2.feat/GrayordinatesStats/cope28.feat/res4d.dtseries.nii","506234","MNINonLinear//Results/tfMRI_WM/tfMRI_WM_hp200_s8_level2.feat/GrayordinatesStats/cope28.feat/res4d.dtseries.nii","UkTOggR2XE9stVCHAWRR2GUXku.OlUT9"
"s3://hcp-openaccess/HCP_1200/506234/MNINonLinear/Results/tfMRI_WM/tfMRI_WM_hp200_s8_level2.feat/GrayordinatesStats/cope28.feat/tdof_t1.dtseries.nii","506234","MNINonLinear//Results/tfMRI_WM/tfMRI_WM_hp200_s8_level2.feat/GrayordinatesStats/cope28.feat/tdof_t1.dtseries.nii","n6QH2.FNqURNTLqGdvEyALRDU8GbQlYM"
"s3://hcp-openaccess/HCP_1200/506234/MNINonLinear/Results/tfMRI_WM/tfMRI_WM_hp200_s8_level2.feat/GrayordinatesStats/cope28.feat/tstat1.dtseries.nii","506234","MNINonLinear//Results/tfMRI_WM/tfMRI_WM_hp200_s8_level2.feat/GrayordinatesStats/cope28.feat/tstat1.dtseries.nii","mXVR0cmWeJ.lJD7Osy2HP2n47NU1SJhK"
"s3://hcp-openaccess/HCP_1200/506234/MNINonLinear/Results/tfMRI_WM/tfMRI_WM_hp200_s8_level2.feat/GrayordinatesStats/cope28.feat/varcope1.dtseries.nii","506234","MNINonLinear//Results/tfMRI_WM/tfMRI_WM_hp200_s8_level2.feat/GrayordinatesStats/cope28.feat/varcope1.dtseries.nii","4RAV8kyK7mgvJHdfjQtya33yWhxI8Sj3"
"s3://hcp-openaccess/HCP_1200/506234/MNINonLinear/Results/tfMRI_WM/tfMRI_WM_hp200_s8_level2.feat/GrayordinatesStats/cope28.feat/weights1.dtseries.nii","506234","MNINonLinear//Results/tfMRI_WM/tfMRI_WM_hp200_s8_level2.feat/GrayordinatesStats/cope28.feat/weights1.dtseries.nii","2KEbKEcnEX7aCVXWd5eL0NgsveGNsAn1"
"s3://hcp-openaccess/HCP_1200/506234/MNINonLinear/Results/tfMRI_WM/tfMRI_WM_hp200_s8_level2.feat/GrayordinatesStats/cope28.feat/zflame1lowertstat1.dtseries.nii","506234","MNINonLinear//Results/tfMRI_WM/tfMRI_WM_hp200_s8_level2.feat/GrayordinatesStats/cope28.feat/zflame1lowertstat1.dtseries.nii","1dfpkFirU.73Y7j8fBl2fH3nWEJF1pGK"
"s3://hcp-openaccess/HCP_1200/506234/MNINonLinear/Results/tfMRI_WM/tfMRI_WM_hp200_s8_level2.feat/GrayordinatesStats/cope28.feat/zflame1uppertstat1.dtseries.nii","506234","MNINonLinear//Results/tfMRI_WM/tfMRI_WM_hp200_s8_level2.feat/GrayordinatesStats/cope28.feat/zflame1uppertstat1.dtseries.nii","3kOqG367QjaRv0UoApvlBq4r58Osa_ZG"
"s3://hcp-openaccess/HCP_1200/506234/MNINonLinear/Results/tfMRI_WM/tfMRI_WM_hp200_s8_level2.feat/GrayordinatesStats/cope28.feat/zstat1.dtseries.nii","506234","MNINonLinear//Results/tfMRI_WM/tfMRI_WM_hp200_s8_level2.feat/GrayordinatesStats/cope28.feat/zstat1.dtseries.nii","eh4KPAQIXmQWA9.BZ3Q_GxwKiQHJGa.N"
"s3://hcp-openaccess/HCP_1200/506234/MNINonLinear/Results/tfMRI_WM/tfMRI_WM_hp200_s8_level2.feat/GrayordinatesStats/cope29.feat/cope1.dtseries.nii","506234","MNINonLinear//Results/tfMRI_WM/tfMRI_WM_hp200_s8_level2.feat/GrayordinatesStats/cope29.feat/cope1.dtseries.nii","Gh.ulc_dWRWm64.fmoMHdB1hvpawl4k7"
"s3://hcp-openaccess/HCP_1200/506234/MNINonLinear/Results/tfMRI_WM/tfMRI_WM_hp200_s8_level2.feat/GrayordinatesStats/cope29.feat/logfile","506234","MNINonLinear//Results/tfMRI_WM/tfMRI_WM_hp200_s8_level2.feat/GrayordinatesStats/cope29.feat/logfile","ce2WS1rqrMgur7kX1z2VASAtMV2rzX.Q"
"s3://hcp-openaccess/HCP_1200/506234/MNINonLinear/Results/tfMRI_WM/tfMRI_WM_hp200_s8_level2.feat/GrayordinatesStats/cope29.feat/mask.dtseries.nii","506234","MNINonLinear//Results/tfMRI_WM/tfMRI_WM_hp200_s8_level2.feat/GrayordinatesStats/cope29.feat/mask.dtseries.nii","xx_hmT4M6U3dCaNlIkXiIECO.I7nOTS8"
"s3://hcp-openaccess/HCP_1200/506234/MNINonLinear/Results/tfMRI_WM/tfMRI_WM_hp200_s8_level2.feat/GrayordinatesStats/cope29.feat/mean_random_effects_var1.dtseries.nii","506234","MNINonLinear//Results/tfMRI_WM/tfMRI_WM_hp200_s8_level2.feat/GrayordinatesStats/cope29.feat/mean_random_effects_var1.dtseries.nii","hTgExSpDQ3wVwlkSsUw6WuB.vzZnUViY"
"s3://hcp-openaccess/HCP_1200/506234/MNINonLinear/Results/tfMRI_WM/tfMRI_WM_hp200_s8_level2.feat/GrayordinatesStats/cope29.feat/pe1.dtseries.nii","506234","MNINonLinear//Results/tfMRI_WM/tfMRI_WM_hp200_s8_level2.feat/GrayordinatesStats/cope29.feat/pe1.dtseries.nii","YvPA0n2bVJJwY5i5nefeLxvWLLS6lac4"
"s3://hcp-openaccess/HCP_1200/506234/MNINonLinear/Results/tfMRI_WM/tfMRI_WM_hp200_s8_level2.feat/GrayordinatesStats/cope29.feat/res4d.dtseries.nii","506234","MNINonLinear//Results/tfMRI_WM/tfMRI_WM_hp200_s8_level2.feat/GrayordinatesStats/cope29.feat/res4d.dtseries.nii","bPEDq5a9hjHboIxBwUZgLYenY3fAILsB"
"s3://hcp-openaccess/HCP_1200/506234/MNINonLinear/Results/tfMRI_WM/tfMRI_WM_hp200_s8_level2.feat/GrayordinatesStats/cope29.feat/tdof_t1.dtseries.nii","506234","MNINonLinear//Results/tfMRI_WM/tfMRI_WM_hp200_s8_level2.feat/GrayordinatesStats/cope29.feat/tdof_t1.dtseries.nii","QkEUbq3oBTi2WlHKmrcixEb2crjQ__Xi"
"s3://hcp-openaccess/HCP_1200/506234/MNINonLinear/Results/tfMRI_WM/tfMRI_WM_hp200_s8_level2.feat/GrayordinatesStats/cope29.feat/tstat1.dtseries.nii","506234","MNINonLinear//Results/tfMRI_WM/tfMRI_WM_hp200_s8_level2.feat/GrayordinatesStats/cope29.feat/tstat1.dtseries.nii","1wd0kSOqTpw_9YAW9Tn.JAvmNTiRAJ_H"
"s3://hcp-openaccess/HCP_1200/506234/MNINonLinear/Results/tfMRI_WM/tfMRI_WM_hp200_s8_level2.feat/GrayordinatesStats/cope29.feat/varcope1.dtseries.nii","506234","MNINonLinear//Results/tfMRI_WM/tfMRI_WM_hp200_s8_level2.feat/GrayordinatesStats/cope29.feat/varcope1.dtseries.nii","9PZghKqERRxcLwFTexBI87QW9lSV8Y0O"
"s3://hcp-openaccess/HCP_1200/506234/MNINonLinear/Results/tfMRI_WM/tfMRI_WM_hp200_s8_level2.feat/GrayordinatesStats/cope29.feat/weights1.dtseries.nii","506234","MNINonLinear//Results/tfMRI_WM/tfMRI_WM_hp200_s8_level2.feat/GrayordinatesStats/cope29.feat/weights1.dtseries.nii","ujDX4bO6iE9kRmja0k_pchm81EOlu8SZ"
"s3://hcp-openaccess/HCP_1200/506234/MNINonLinear/Results/tfMRI_WM/tfMRI_WM_hp200_s8_level2.feat/GrayordinatesStats/cope29.feat/zflame1lowertstat1.dtseries.nii","506234","MNINonLinear//Results/tfMRI_WM/tfMRI_WM_hp200_s8_level2.feat/GrayordinatesStats/cope29.feat/zflame1lowertstat1.dtseries.nii","D0owINLmcUAqmEHweeUFERB7dMr9Wu3O"
"s3://hcp-openaccess/HCP_1200/506234/MNINonLinear/Results/tfMRI_WM/tfMRI_WM_hp200_s8_level2.feat/GrayordinatesStats/cope29.feat/zflame1uppertstat1.dtseries.nii","506234","MNINonLinear//Results/tfMRI_WM/tfMRI_WM_hp200_s8_level2.feat/GrayordinatesStats/cope29.feat/zflame1uppertstat1.dtseries.nii","nyMQP19LGo5k1opfx3ROfRqqggGjHH9_"
"s3://hcp-openaccess/HCP_1200/506234/MNINonLinear/Results/tfMRI_WM/tfMRI_WM_hp200_s8_level2.feat/GrayordinatesStats/cope29.feat/zstat1.dtseries.nii","506234","MNINonLinear//Results/tfMRI_WM/tfMRI_WM_hp200_s8_level2.feat/GrayordinatesStats/cope29.feat/zstat1.dtseries.nii","YWWhUA1bElvc51tq6afPg_uzYJGRbqE3"
"s3://hcp-openaccess/HCP_1200/506234/MNINonLinear/Results/tfMRI_WM/tfMRI_WM_hp200_s8_level2.feat/GrayordinatesStats/cope3.feat/cope1.dtseries.nii","506234","MNINonLinear//Results/tfMRI_WM/tfMRI_WM_hp200_s8_level2.feat/GrayordinatesStats/cope3.feat/cope1.dtseries.nii","jR5tV4I5NXT0XrMVF2gUklk7B7GqMIML"
"s3://hcp-openaccess/HCP_1200/506234/MNINonLinear/Results/tfMRI_WM/tfMRI_WM_hp200_s8_level2.feat/GrayordinatesStats/cope3.feat/logfile","506234","MNINonLinear//Results/tfMRI_WM/tfMRI_WM_hp200_s8_level2.feat/GrayordinatesStats/cope3.feat/logfile","UUWhZkS_m1uEv5w261M_SiBWCqxzB7Cb"
"s3://hcp-openaccess/HCP_1200/506234/MNINonLinear/Results/tfMRI_WM/tfMRI_WM_hp200_s8_level2.feat/GrayordinatesStats/cope3.feat/mask.dtseries.nii","506234","MNINonLinear//Results/tfMRI_WM/tfMRI_WM_hp200_s8_level2.feat/GrayordinatesStats/cope3.feat/mask.dtseries.nii","Nd_1NpyRT9DsgMMEGRGdYSHDEuWw.8q7"
"s3://hcp-openaccess/HCP_1200/506234/MNINonLinear/Results/tfMRI_WM/tfMRI_WM_hp200_s8_level2.feat/GrayordinatesStats/cope3.feat/mean_random_effects_var1.dtseries.nii","506234","MNINonLinear//Results/tfMRI_WM/tfMRI_WM_hp200_s8_level2.feat/GrayordinatesStats/cope3.feat/mean_random_effects_var1.dtseries.nii","McCOURMgSNjJfC37aW8BOiVI4qau.Sus"
"s3://hcp-openaccess/HCP_1200/506234/MNINonLinear/Results/tfMRI_WM/tfMRI_WM_hp200_s8_level2.feat/GrayordinatesStats/cope3.feat/pe1.dtseries.nii","506234","MNINonLinear//Results/tfMRI_WM/tfMRI_WM_hp200_s8_level2.feat/GrayordinatesStats/cope3.feat/pe1.dtseries.nii","KE4sqC8L3maZid0oT1zz9cab8o65QByR"
"s3://hcp-openaccess/HCP_1200/506234/MNINonLinear/Results/tfMRI_WM/tfMRI_WM_hp200_s8_level2.feat/GrayordinatesStats/cope3.feat/res4d.dtseries.nii","506234","MNINonLinear//Results/tfMRI_WM/tfMRI_WM_hp200_s8_level2.feat/GrayordinatesStats/cope3.feat/res4d.dtseries.nii","ppdMxcJ4lv2kmkG689KyR78p_ikZpKHc"
"s3://hcp-openaccess/HCP_1200/506234/MNINonLinear/Results/tfMRI_WM/tfMRI_WM_hp200_s8_level2.feat/GrayordinatesStats/cope3.feat/tdof_t1.dtseries.nii","506234","MNINonLinear//Results/tfMRI_WM/tfMRI_WM_hp200_s8_level2.feat/GrayordinatesStats/cope3.feat/tdof_t1.dtseries.nii","iyXoQ6yfXrIe7o_TGvC3DzY.PcR0Xqtf"
"s3://hcp-openaccess/HCP_1200/506234/MNINonLinear/Results/tfMRI_WM/tfMRI_WM_hp200_s8_level2.feat/GrayordinatesStats/cope3.feat/tstat1.dtseries.nii","506234","MNINonLinear//Results/tfMRI_WM/tfMRI_WM_hp200_s8_level2.feat/GrayordinatesStats/cope3.feat/tstat1.dtseries.nii","riITcidQiBMwji9FD1jDEUDz4RnQMZJD"
"s3://hcp-openaccess/HCP_1200/506234/MNINonLinear/Results/tfMRI_WM/tfMRI_WM_hp200_s8_level2.feat/GrayordinatesStats/cope3.feat/varcope1.dtseries.nii","506234","MNINonLinear//Results/tfMRI_WM/tfMRI_WM_hp200_s8_level2.feat/GrayordinatesStats/cope3.feat/varcope1.dtseries.nii","wWr74YiZREWsy0N1CeapCZgSnubE1KUm"
"s3://hcp-openaccess/HCP_1200/506234/MNINonLinear/Results/tfMRI_WM/tfMRI_WM_hp200_s8_level2.feat/GrayordinatesStats/cope3.feat/weights1.dtseries.nii","506234","MNINonLinear//Results/tfMRI_WM/tfMRI_WM_hp200_s8_level2.feat/GrayordinatesStats/cope3.feat/weights1.dtseries.nii","N6lgiGfvhCun8ZKHwSpCFo3vXleEqM81"
"s3://hcp-openaccess/HCP_1200/506234/MNINonLinear/Results/tfMRI_WM/tfMRI_WM_hp200_s8_level2.feat/GrayordinatesStats/cope3.feat/zflame1lowertstat1.dtseries.nii","506234","MNINonLinear//Results/tfMRI_WM/tfMRI_WM_hp200_s8_level2.feat/GrayordinatesStats/cope3.feat/zflame1lowertstat1.dtseries.nii","Z.jsCa9tfYDP76XFLMhve6xd6rgxlbJ4"
"s3://hcp-openaccess/HCP_1200/506234/MNINonLinear/Results/tfMRI_WM/tfMRI_WM_hp200_s8_level2.feat/GrayordinatesStats/cope3.feat/zflame1uppertstat1.dtseries.nii","506234","MNINonLinear//Results/tfMRI_WM/tfMRI_WM_hp200_s8_level2.feat/GrayordinatesStats/cope3.feat/zflame1uppertstat1.dtseries.nii","nZHcGFulYo8L9LJ35Oh.ZFDAn_yLhRz2"
"s3://hcp-openaccess/HCP_1200/506234/MNINonLinear/Results/tfMRI_WM/tfMRI_WM_hp200_s8_level2.feat/GrayordinatesStats/cope3.feat/zstat1.dtseries.nii","506234","MNINonLinear//Results/tfMRI_WM/tfMRI_WM_hp200_s8_level2.feat/GrayordinatesStats/cope3.feat/zstat1.dtseries.nii","Sixt2rTUhXPfHgYYSHI3oky4OHl568zn"
"s3://hcp-openaccess/HCP_1200/506234/MNINonLinear/Results/tfMRI_WM/tfMRI_WM_hp200_s8_level2.feat/GrayordinatesStats/cope30.feat/cope1.dtseries.nii","506234","MNINonLinear//Results/tfMRI_WM/tfMRI_WM_hp200_s8_level2.feat/GrayordinatesStats/cope30.feat/cope1.dtseries.nii","Ea1yhtEY3J4Bj.dud9QGHsvnNf_61W4f"
"s3://hcp-openaccess/HCP_1200/506234/MNINonLinear/Results/tfMRI_WM/tfMRI_WM_hp200_s8_level2.feat/GrayordinatesStats/cope30.feat/logfile","506234","MNINonLinear//Results/tfMRI_WM/tfMRI_WM_hp200_s8_level2.feat/GrayordinatesStats/cope30.feat/logfile","O15qPIXngOiyGLZNJf30O6RREn5smxoM"
"s3://hcp-openaccess/HCP_1200/506234/MNINonLinear/Results/tfMRI_WM/tfMRI_WM_hp200_s8_level2.feat/GrayordinatesStats/cope30.feat/mask.dtseries.nii","506234","MNINonLinear//Results/tfMRI_WM/tfMRI_WM_hp200_s8_level2.feat/GrayordinatesStats/cope30.feat/mask.dtseries.nii","q5jCGKLiwfw84RNmutYFSLlvq5.41M6i"
"s3://hcp-openaccess/HCP_1200/506234/MNINonLinear/Results/tfMRI_WM/tfMRI_WM_hp200_s8_level2.feat/GrayordinatesStats/cope30.feat/mean_random_effects_var1.dtseries.nii","506234","MNINonLinear//Results/tfMRI_WM/tfMRI_WM_hp200_s8_level2.feat/GrayordinatesStats/cope30.feat/mean_random_effects_var1.dtseries.nii","hBkhXa588l3RFkcTfMhrUVxkhUOcPfdM"
"s3://hcp-openaccess/HCP_1200/506234/MNINonLinear/Results/tfMRI_WM/tfMRI_WM_hp200_s8_level2.feat/GrayordinatesStats/cope30.feat/pe1.dtseries.nii","506234","MNINonLinear//Results/tfMRI_WM/tfMRI_WM_hp200_s8_level2.feat/GrayordinatesStats/cope30.feat/pe1.dtseries.nii","RaxNqlnhhDAEBVq89JUfbEzJUxBm6.Lf"
"s3://hcp-openaccess/HCP_1200/506234/MNINonLinear/Results/tfMRI_WM/tfMRI_WM_hp200_s8_level2.feat/GrayordinatesStats/cope30.feat/res4d.dtseries.nii","506234","MNINonLinear//Results/tfMRI_WM/tfMRI_WM_hp200_s8_level2.feat/GrayordinatesStats/cope30.feat/res4d.dtseries.nii","37vOj.k2vmVSjS8mdpdN2hsPibtHpqby"
"s3://hcp-openaccess/HCP_1200/506234/MNINonLinear/Results/tfMRI_WM/tfMRI_WM_hp200_s8_level2.feat/GrayordinatesStats/cope30.feat/tdof_t1.dtseries.nii","506234","MNINonLinear//Results/tfMRI_WM/tfMRI_WM_hp200_s8_level2.feat/GrayordinatesStats/cope30.feat/tdof_t1.dtseries.nii","Pld_ipfuRjnG7.egCffFQJVBAHG6.G1x"
"s3://hcp-openaccess/HCP_1200/506234/MNINonLinear/Results/tfMRI_WM/tfMRI_WM_hp200_s8_level2.feat/GrayordinatesStats/cope30.feat/tstat1.dtseries.nii","506234","MNINonLinear//Results/tfMRI_WM/tfMRI_WM_hp200_s8_level2.feat/GrayordinatesStats/cope30.feat/tstat1.dtseries.nii","IdcPw.tAwuhVIoXM1q5t6Vt9GezBzSc2"
"s3://hcp-openaccess/HCP_1200/506234/MNINonLinear/Results/tfMRI_WM/tfMRI_WM_hp200_s8_level2.feat/GrayordinatesStats/cope30.feat/varcope1.dtseries.nii","506234","MNINonLinear//Results/tfMRI_WM/tfMRI_WM_hp200_s8_level2.feat/GrayordinatesStats/cope30.feat/varcope1.dtseries.nii","QXOdiuXEGkFTzPpdN0fhPz_KIY9dXDGG"
"s3://hcp-openaccess/HCP_1200/506234/MNINonLinear/Results/tfMRI_WM/tfMRI_WM_hp200_s8_level2.feat/GrayordinatesStats/cope30.feat/weights1.dtseries.nii","506234","MNINonLinear//Results/tfMRI_WM/tfMRI_WM_hp200_s8_level2.feat/GrayordinatesStats/cope30.feat/weights1.dtseries.nii","1wtbQOEgjIYnmq2QWx1hGtFbZQ7_.KPY"
"s3://hcp-openaccess/HCP_1200/506234/MNINonLinear/Results/tfMRI_WM/tfMRI_WM_hp200_s8_level2.feat/GrayordinatesStats/cope30.feat/zflame1lowertstat1.dtseries.nii","506234","MNINonLinear//Results/tfMRI_WM/tfMRI_WM_hp200_s8_level2.feat/GrayordinatesStats/cope30.feat/zflame1lowertstat1.dtseries.nii","ZnkHbekoYtu4ideATaLP2dIDy8IMSN7i"
"s3://hcp-openaccess/HCP_1200/506234/MNINonLinear/Results/tfMRI_WM/tfMRI_WM_hp200_s8_level2.feat/GrayordinatesStats/cope30.feat/zflame1uppertstat1.dtseries.nii","506234","MNINonLinear//Results/tfMRI_WM/tfMRI_WM_hp200_s8_level2.feat/GrayordinatesStats/cope30.feat/zflame1uppertstat1.dtseries.nii","KU3oanzPQwH2b1wc5eCFCauGpEX7E0UW"
"s3://hcp-openaccess/HCP_1200/506234/MNINonLinear/Results/tfMRI_WM/tfMRI_WM_hp200_s8_level2.feat/GrayordinatesStats/cope30.feat/zstat1.dtseries.nii","506234","MNINonLinear//Results/tfMRI_WM/tfMRI_WM_hp200_s8_level2.feat/GrayordinatesStats/cope30.feat/zstat1.dtseries.nii","FrFT1CmLvRrqWtTxph.PdL7s09bbPdMc"
"s3://hcp-openaccess/HCP_1200/506234/MNINonLinear/Results/tfMRI_WM/tfMRI_WM_hp200_s8_level2.feat/GrayordinatesStats/cope4.feat/cope1.dtseries.nii","506234","MNINonLinear//Results/tfMRI_WM/tfMRI_WM_hp200_s8_level2.feat/GrayordinatesStats/cope4.feat/cope1.dtseries.nii","w7V2QhHP7BXJHmxDnZbUkC7OhtntsfQJ"
"s3://hcp-openaccess/HCP_1200/506234/MNINonLinear/Results/tfMRI_WM/tfMRI_WM_hp200_s8_level2.feat/GrayordinatesStats/cope4.feat/logfile","506234","MNINonLinear//Results/tfMRI_WM/tfMRI_WM_hp200_s8_level2.feat/GrayordinatesStats/cope4.feat/logfile","yt3u7Nfc_y2GHIVIJVg0i5JrHvs4ZViZ"
"s3://hcp-openaccess/HCP_1200/506234/MNINonLinear/Results/tfMRI_WM/tfMRI_WM_hp200_s8_level2.feat/GrayordinatesStats/cope4.feat/mask.dtseries.nii","506234","MNINonLinear//Results/tfMRI_WM/tfMRI_WM_hp200_s8_level2.feat/GrayordinatesStats/cope4.feat/mask.dtseries.nii","BDpAcIXKFH.NpADP1PWv7evJ_q1Sd2BM"
"s3://hcp-openaccess/HCP_1200/506234/MNINonLinear/Results/tfMRI_WM/tfMRI_WM_hp200_s8_level2.feat/GrayordinatesStats/cope4.feat/mean_random_effects_var1.dtseries.nii","506234","MNINonLinear//Results/tfMRI_WM/tfMRI_WM_hp200_s8_level2.feat/GrayordinatesStats/cope4.feat/mean_random_effects_var1.dtseries.nii","s0w_0FG.aTqbU0XTvGckjnA42PGFQL7E"
"s3://hcp-openaccess/HCP_1200/506234/MNINonLinear/Results/tfMRI_WM/tfMRI_WM_hp200_s8_level2.feat/GrayordinatesStats/cope4.feat/pe1.dtseries.nii","506234","MNINonLinear//Results/tfMRI_WM/tfMRI_WM_hp200_s8_level2.feat/GrayordinatesStats/cope4.feat/pe1.dtseries.nii","yNWCm5K4bE.Llwd49I.W1ozIPgfNSb70"
"s3://hcp-openaccess/HCP_1200/506234/MNINonLinear/Results/tfMRI_WM/tfMRI_WM_hp200_s8_level2.feat/GrayordinatesStats/cope4.feat/res4d.dtseries.nii","506234","MNINonLinear//Results/tfMRI_WM/tfMRI_WM_hp200_s8_level2.feat/GrayordinatesStats/cope4.feat/res4d.dtseries.nii","LGIVDsSk9RatHMDhlZ8hU.thlBJ50AkV"
"s3://hcp-openaccess/HCP_1200/506234/MNINonLinear/Results/tfMRI_WM/tfMRI_WM_hp200_s8_level2.feat/GrayordinatesStats/cope4.feat/tdof_t1.dtseries.nii","506234","MNINonLinear//Results/tfMRI_WM/tfMRI_WM_hp200_s8_level2.feat/GrayordinatesStats/cope4.feat/tdof_t1.dtseries.nii","0gFjNuCWK.p8PsAHr0eDiZHMduF0416r"
"s3://hcp-openaccess/HCP_1200/506234/MNINonLinear/Results/tfMRI_WM/tfMRI_WM_hp200_s8_level2.feat/GrayordinatesStats/cope4.feat/tstat1.dtseries.nii","506234","MNINonLinear//Results/tfMRI_WM/tfMRI_WM_hp200_s8_level2.feat/GrayordinatesStats/cope4.feat/tstat1.dtseries.nii","an4NmkGkWxy.X7IjA8mQtWPlt1xe_FVt"
"s3://hcp-openaccess/HCP_1200/506234/MNINonLinear/Results/tfMRI_WM/tfMRI_WM_hp200_s8_level2.feat/GrayordinatesStats/cope4.feat/varcope1.dtseries.nii","506234","MNINonLinear//Results/tfMRI_WM/tfMRI_WM_hp200_s8_level2.feat/GrayordinatesStats/cope4.feat/varcope1.dtseries.nii","781D37Nyi0Ylquuuw7OxbF9SlZGy_6I1"
"s3://hcp-openaccess/HCP_1200/506234/MNINonLinear/Results/tfMRI_WM/tfMRI_WM_hp200_s8_level2.feat/GrayordinatesStats/cope4.feat/weights1.dtseries.nii","506234","MNINonLinear//Results/tfMRI_WM/tfMRI_WM_hp200_s8_level2.feat/GrayordinatesStats/cope4.feat/weights1.dtseries.nii","AxfiF.r1Tbz5biuil.OwmfQXzbuTIYlG"
"s3://hcp-openaccess/HCP_1200/506234/MNINonLinear/Results/tfMRI_WM/tfMRI_WM_hp200_s8_level2.feat/GrayordinatesStats/cope4.feat/zflame1lowertstat1.dtseries.nii","506234","MNINonLinear//Results/tfMRI_WM/tfMRI_WM_hp200_s8_level2.feat/GrayordinatesStats/cope4.feat/zflame1lowertstat1.dtseries.nii","3GjWxcEJetPO7wB3_HYqE0Ed43pxHspD"
"s3://hcp-openaccess/HCP_1200/506234/MNINonLinear/Results/tfMRI_WM/tfMRI_WM_hp200_s8_level2.feat/GrayordinatesStats/cope4.feat/zflame1uppertstat1.dtseries.nii","506234","MNINonLinear//Results/tfMRI_WM/tfMRI_WM_hp200_s8_level2.feat/GrayordinatesStats/cope4.feat/zflame1uppertstat1.dtseries.nii","taBVHsbiQxirZTmYLQ0Imvdum7qAKT2G"
"s3://hcp-openaccess/HCP_1200/506234/MNINonLinear/Results/tfMRI_WM/tfMRI_WM_hp200_s8_level2.feat/GrayordinatesStats/cope4.feat/zstat1.dtseries.nii","506234","MNINonLinear//Results/tfMRI_WM/tfMRI_WM_hp200_s8_level2.feat/GrayordinatesStats/cope4.feat/zstat1.dtseries.nii","FfFlFN9hzsdB6gxl9yX3FpROq0k3.VG9"
"s3://hcp-openaccess/HCP_1200/506234/MNINonLinear/Results/tfMRI_WM/tfMRI_WM_hp200_s8_level2.feat/GrayordinatesStats/cope5.feat/cope1.dtseries.nii","506234","MNINonLinear//Results/tfMRI_WM/tfMRI_WM_hp200_s8_level2.feat/GrayordinatesStats/cope5.feat/cope1.dtseries.nii","V3qBkcW2h0nfrDYQ9GQDTEXmGnTgnUdD"
"s3://hcp-openaccess/HCP_1200/506234/MNINonLinear/Results/tfMRI_WM/tfMRI_WM_hp200_s8_level2.feat/GrayordinatesStats/cope5.feat/logfile","506234","MNINonLinear//Results/tfMRI_WM/tfMRI_WM_hp200_s8_level2.feat/GrayordinatesStats/cope5.feat/logfile","PgTWcewDnQR0DDPDA0uWMBQiqR9GakYG"
"s3://hcp-openaccess/HCP_1200/506234/MNINonLinear/Results/tfMRI_WM/tfMRI_WM_hp200_s8_level2.feat/GrayordinatesStats/cope5.feat/mask.dtseries.nii","506234","MNINonLinear//Results/tfMRI_WM/tfMRI_WM_hp200_s8_level2.feat/GrayordinatesStats/cope5.feat/mask.dtseries.nii","2puC27Zt3ryZ_RBl.FCiEMWLjA3THQ_g"
"s3://hcp-openaccess/HCP_1200/506234/MNINonLinear/Results/tfMRI_WM/tfMRI_WM_hp200_s8_level2.feat/GrayordinatesStats/cope5.feat/mean_random_effects_var1.dtseries.nii","506234","MNINonLinear//Results/tfMRI_WM/tfMRI_WM_hp200_s8_level2.feat/GrayordinatesStats/cope5.feat/mean_random_effects_var1.dtseries.nii","i4DxX576jDkRYT9kSxr.5sAvwnuqTPHu"
"s3://hcp-openaccess/HCP_1200/506234/MNINonLinear/Results/tfMRI_WM/tfMRI_WM_hp200_s8_level2.feat/GrayordinatesStats/cope5.feat/pe1.dtseries.nii","506234","MNINonLinear//Results/tfMRI_WM/tfMRI_WM_hp200_s8_level2.feat/GrayordinatesStats/cope5.feat/pe1.dtseries.nii","t5cXUUm53t.Jo_Wi5PkZdiGgG0_iiIy_"
"s3://hcp-openaccess/HCP_1200/506234/MNINonLinear/Results/tfMRI_WM/tfMRI_WM_hp200_s8_level2.feat/GrayordinatesStats/cope5.feat/res4d.dtseries.nii","506234","MNINonLinear//Results/tfMRI_WM/tfMRI_WM_hp200_s8_level2.feat/GrayordinatesStats/cope5.feat/res4d.dtseries.nii","nL.20UZyg8FkEIgU5gzLkpdcjUDXrd1j"
"s3://hcp-openaccess/HCP_1200/506234/MNINonLinear/Results/tfMRI_WM/tfMRI_WM_hp200_s8_level2.feat/GrayordinatesStats/cope5.feat/tdof_t1.dtseries.nii","506234","MNINonLinear//Results/tfMRI_WM/tfMRI_WM_hp200_s8_level2.feat/GrayordinatesStats/cope5.feat/tdof_t1.dtseries.nii","EYNuc.HWjZOL4tKkDt1J_SsuuOsG_z15"
"s3://hcp-openaccess/HCP_1200/506234/MNINonLinear/Results/tfMRI_WM/tfMRI_WM_hp200_s8_level2.feat/GrayordinatesStats/cope5.feat/tstat1.dtseries.nii","506234","MNINonLinear//Results/tfMRI_WM/tfMRI_WM_hp200_s8_level2.feat/GrayordinatesStats/cope5.feat/tstat1.dtseries.nii","EV4JOaNXKvbNvvrUtBdrgeZXvr77A4ux"
"s3://hcp-openaccess/HCP_1200/506234/MNINonLinear/Results/tfMRI_WM/tfMRI_WM_hp200_s8_level2.feat/GrayordinatesStats/cope5.feat/varcope1.dtseries.nii","506234","MNINonLinear//Results/tfMRI_WM/tfMRI_WM_hp200_s8_level2.feat/GrayordinatesStats/cope5.feat/varcope1.dtseries.nii","_c2T_xi5BapgjRpdeJyUI9cwUtDw_jxl"
"s3://hcp-openaccess/HCP_1200/506234/MNINonLinear/Results/tfMRI_WM/tfMRI_WM_hp200_s8_level2.feat/GrayordinatesStats/cope5.feat/weights1.dtseries.nii","506234","MNINonLinear//Results/tfMRI_WM/tfMRI_WM_hp200_s8_level2.feat/GrayordinatesStats/cope5.feat/weights1.dtseries.nii","DAEgnJ_ne8Xcmh1v37zjhOLceiGrFI2f"
"s3://hcp-openaccess/HCP_1200/506234/MNINonLinear/Results/tfMRI_WM/tfMRI_WM_hp200_s8_level2.feat/GrayordinatesStats/cope5.feat/zflame1lowertstat1.dtseries.nii","506234","MNINonLinear//Results/tfMRI_WM/tfMRI_WM_hp200_s8_level2.feat/GrayordinatesStats/cope5.feat/zflame1lowertstat1.dtseries.nii","iHgNQKuUST6QmB6E2H6LWx6Kb8Kvaz1K"
"s3://hcp-openaccess/HCP_1200/506234/MNINonLinear/Results/tfMRI_WM/tfMRI_WM_hp200_s8_level2.feat/GrayordinatesStats/cope5.feat/zflame1uppertstat1.dtseries.nii","506234","MNINonLinear//Results/tfMRI_WM/tfMRI_WM_hp200_s8_level2.feat/GrayordinatesStats/cope5.feat/zflame1uppertstat1.dtseries.nii","YKNeAPw9Jg05VIJipkbfjCOqgA.KCyzv"
"s3://hcp-openaccess/HCP_1200/506234/MNINonLinear/Results/tfMRI_WM/tfMRI_WM_hp200_s8_level2.feat/GrayordinatesStats/cope5.feat/zstat1.dtseries.nii","506234","MNINonLinear//Results/tfMRI_WM/tfMRI_WM_hp200_s8_level2.feat/GrayordinatesStats/cope5.feat/zstat1.dtseries.nii","j17WITGfIyCeI8_I73DrNwH4nU35E00P"
"s3://hcp-openaccess/HCP_1200/506234/MNINonLinear/Results/tfMRI_WM/tfMRI_WM_hp200_s8_level2.feat/GrayordinatesStats/cope6.feat/cope1.dtseries.nii","506234","MNINonLinear//Results/tfMRI_WM/tfMRI_WM_hp200_s8_level2.feat/GrayordinatesStats/cope6.feat/cope1.dtseries.nii","uOHWLS8ayAeKQ79BDMK5DaH.xUqGtIuQ"
"s3://hcp-openaccess/HCP_1200/506234/MNINonLinear/Results/tfMRI_WM/tfMRI_WM_hp200_s8_level2.feat/GrayordinatesStats/cope6.feat/logfile","506234","MNINonLinear//Results/tfMRI_WM/tfMRI_WM_hp200_s8_level2.feat/GrayordinatesStats/cope6.feat/logfile","3DjX5b2Y7uoeB6H8jjRDVj.zpp8vAhmm"
"s3://hcp-openaccess/HCP_1200/506234/MNINonLinear/Results/tfMRI_WM/tfMRI_WM_hp200_s8_level2.feat/GrayordinatesStats/cope6.feat/mask.dtseries.nii","506234","MNINonLinear//Results/tfMRI_WM/tfMRI_WM_hp200_s8_level2.feat/GrayordinatesStats/cope6.feat/mask.dtseries.nii","MN8IOBCv.oDIGp_HvdJas0oV9Yt.q_5Z"
"s3://hcp-openaccess/HCP_1200/506234/MNINonLinear/Results/tfMRI_WM/tfMRI_WM_hp200_s8_level2.feat/GrayordinatesStats/cope6.feat/mean_random_effects_var1.dtseries.nii","506234","MNINonLinear//Results/tfMRI_WM/tfMRI_WM_hp200_s8_level2.feat/GrayordinatesStats/cope6.feat/mean_random_effects_var1.dtseries.nii","6LsTNKsTDIMPBAkbMEu7iIfOaRzx400q"
"s3://hcp-openaccess/HCP_1200/506234/MNINonLinear/Results/tfMRI_WM/tfMRI_WM_hp200_s8_level2.feat/GrayordinatesStats/cope6.feat/pe1.dtseries.nii","506234","MNINonLinear//Results/tfMRI_WM/tfMRI_WM_hp200_s8_level2.feat/GrayordinatesStats/cope6.feat/pe1.dtseries.nii","8XKaLqhQRcrN6hv_wFGCeYsq5VPwVqFp"
"s3://hcp-openaccess/HCP_1200/506234/MNINonLinear/Results/tfMRI_WM/tfMRI_WM_hp200_s8_level2.feat/GrayordinatesStats/cope6.feat/res4d.dtseries.nii","506234","MNINonLinear//Results/tfMRI_WM/tfMRI_WM_hp200_s8_level2.feat/GrayordinatesStats/cope6.feat/res4d.dtseries.nii","nKujtVX2hvQleKchg2TbrFwa0AQi5dem"
"s3://hcp-openaccess/HCP_1200/506234/MNINonLinear/Results/tfMRI_WM/tfMRI_WM_hp200_s8_level2.feat/GrayordinatesStats/cope6.feat/tdof_t1.dtseries.nii","506234","MNINonLinear//Results/tfMRI_WM/tfMRI_WM_hp200_s8_level2.feat/GrayordinatesStats/cope6.feat/tdof_t1.dtseries.nii","z0_82LYTt7BnIUokUEF7qZtG7C9Rn_3n"
"s3://hcp-openaccess/HCP_1200/506234/MNINonLinear/Results/tfMRI_WM/tfMRI_WM_hp200_s8_level2.feat/GrayordinatesStats/cope6.feat/tstat1.dtseries.nii","506234","MNINonLinear//Results/tfMRI_WM/tfMRI_WM_hp200_s8_level2.feat/GrayordinatesStats/cope6.feat/tstat1.dtseries.nii","Wn5BFeBQoojO0Qk6fe0C4V.R1xN8uz_V"
"s3://hcp-openaccess/HCP_1200/506234/MNINonLinear/Results/tfMRI_WM/tfMRI_WM_hp200_s8_level2.feat/GrayordinatesStats/cope6.feat/varcope1.dtseries.nii","506234","MNINonLinear//Results/tfMRI_WM/tfMRI_WM_hp200_s8_level2.feat/GrayordinatesStats/cope6.feat/varcope1.dtseries.nii","qWjNpmQ9JVi0C2UiQs6rL7OfvHIEwvjq"
"s3://hcp-openaccess/HCP_1200/506234/MNINonLinear/Results/tfMRI_WM/tfMRI_WM_hp200_s8_level2.feat/GrayordinatesStats/cope6.feat/weights1.dtseries.nii","506234","MNINonLinear//Results/tfMRI_WM/tfMRI_WM_hp200_s8_level2.feat/GrayordinatesStats/cope6.feat/weights1.dtseries.nii","yZ4AUZjbELE5Ok6bMN2ZmuSNjJUKTvh5"
"s3://hcp-openaccess/HCP_1200/506234/MNINonLinear/Results/tfMRI_WM/tfMRI_WM_hp200_s8_level2.feat/GrayordinatesStats/cope6.feat/zflame1lowertstat1.dtseries.nii","506234","MNINonLinear//Results/tfMRI_WM/tfMRI_WM_hp200_s8_level2.feat/GrayordinatesStats/cope6.feat/zflame1lowertstat1.dtseries.nii","y9pIo2WULYeG_p4Ieum117ZfBE60T.vi"
"s3://hcp-openaccess/HCP_1200/506234/MNINonLinear/Results/tfMRI_WM/tfMRI_WM_hp200_s8_level2.feat/GrayordinatesStats/cope6.feat/zflame1uppertstat1.dtseries.nii","506234","MNINonLinear//Results/tfMRI_WM/tfMRI_WM_hp200_s8_level2.feat/GrayordinatesStats/cope6.feat/zflame1uppertstat1.dtseries.nii","d7AmtldkbeYP9z2HhWuldnVc7h2xQ9mU"
"s3://hcp-openaccess/HCP_1200/506234/MNINonLinear/Results/tfMRI_WM/tfMRI_WM_hp200_s8_level2.feat/GrayordinatesStats/cope6.feat/zstat1.dtseries.nii","506234","MNINonLinear//Results/tfMRI_WM/tfMRI_WM_hp200_s8_level2.feat/GrayordinatesStats/cope6.feat/zstat1.dtseries.nii","AAX1vr9Z.epDcB4y47gs9yM5xkRiQdFj"
"s3://hcp-openaccess/HCP_1200/506234/MNINonLinear/Results/tfMRI_WM/tfMRI_WM_hp200_s8_level2.feat/GrayordinatesStats/cope7.feat/cope1.dtseries.nii","506234","MNINonLinear//Results/tfMRI_WM/tfMRI_WM_hp200_s8_level2.feat/GrayordinatesStats/cope7.feat/cope1.dtseries.nii","wrQQdJQyE0QffmFmokbcxIGddt9gRHgN"
"s3://hcp-openaccess/HCP_1200/506234/MNINonLinear/Results/tfMRI_WM/tfMRI_WM_hp200_s8_level2.feat/GrayordinatesStats/cope7.feat/logfile","506234","MNINonLinear//Results/tfMRI_WM/tfMRI_WM_hp200_s8_level2.feat/GrayordinatesStats/cope7.feat/logfile","Xot1zdNV41AVkMoRPnySUKM6AMVYj3bF"
"s3://hcp-openaccess/HCP_1200/506234/MNINonLinear/Results/tfMRI_WM/tfMRI_WM_hp200_s8_level2.feat/GrayordinatesStats/cope7.feat/mask.dtseries.nii","506234","MNINonLinear//Results/tfMRI_WM/tfMRI_WM_hp200_s8_level2.feat/GrayordinatesStats/cope7.feat/mask.dtseries.nii","iDQLTiV7uva4eTWEpTlyVMgy9.MCBYOI"
"s3://hcp-openaccess/HCP_1200/506234/MNINonLinear/Results/tfMRI_WM/tfMRI_WM_hp200_s8_level2.feat/GrayordinatesStats/cope7.feat/mean_random_effects_var1.dtseries.nii","506234","MNINonLinear//Results/tfMRI_WM/tfMRI_WM_hp200_s8_level2.feat/GrayordinatesStats/cope7.feat/mean_random_effects_var1.dtseries.nii","wKnGCD4O_9iqg64WgI9CIQ68MFc9HTSm"
"s3://hcp-openaccess/HCP_1200/506234/MNINonLinear/Results/tfMRI_WM/tfMRI_WM_hp200_s8_level2.feat/GrayordinatesStats/cope7.feat/pe1.dtseries.nii","506234","MNINonLinear//Results/tfMRI_WM/tfMRI_WM_hp200_s8_level2.feat/GrayordinatesStats/cope7.feat/pe1.dtseries.nii","5lu4KNqdT69eMftMdepA_eSLc_ayiNkD"
"s3://hcp-openaccess/HCP_1200/506234/MNINonLinear/Results/tfMRI_WM/tfMRI_WM_hp200_s8_level2.feat/GrayordinatesStats/cope7.feat/res4d.dtseries.nii","506234","MNINonLinear//Results/tfMRI_WM/tfMRI_WM_hp200_s8_level2.feat/GrayordinatesStats/cope7.feat/res4d.dtseries.nii","tD1XmjHauSflnpufuOWOZelUnZq2HBnd"
"s3://hcp-openaccess/HCP_1200/506234/MNINonLinear/Results/tfMRI_WM/tfMRI_WM_hp200_s8_level2.feat/GrayordinatesStats/cope7.feat/tdof_t1.dtseries.nii","506234","MNINonLinear//Results/tfMRI_WM/tfMRI_WM_hp200_s8_level2.feat/GrayordinatesStats/cope7.feat/tdof_t1.dtseries.nii","62b_hwfVUKzWtsFFfGEKhnRtF1yhFtpd"
"s3://hcp-openaccess/HCP_1200/506234/MNINonLinear/Results/tfMRI_WM/tfMRI_WM_hp200_s8_level2.feat/GrayordinatesStats/cope7.feat/tstat1.dtseries.nii","506234","MNINonLinear//Results/tfMRI_WM/tfMRI_WM_hp200_s8_level2.feat/GrayordinatesStats/cope7.feat/tstat1.dtseries.nii","XNdJpZhXOFFFD7hCB9boMnrK.lMI3IGb"
"s3://hcp-openaccess/HCP_1200/506234/MNINonLinear/Results/tfMRI_WM/tfMRI_WM_hp200_s8_level2.feat/GrayordinatesStats/cope7.feat/varcope1.dtseries.nii","506234","MNINonLinear//Results/tfMRI_WM/tfMRI_WM_hp200_s8_level2.feat/GrayordinatesStats/cope7.feat/varcope1.dtseries.nii","DXn6Ggzdts5gPGhr6bhjjTfOvgUvNOwj"
"s3://hcp-openaccess/HCP_1200/506234/MNINonLinear/Results/tfMRI_WM/tfMRI_WM_hp200_s8_level2.feat/GrayordinatesStats/cope7.feat/weights1.dtseries.nii","506234","MNINonLinear//Results/tfMRI_WM/tfMRI_WM_hp200_s8_level2.feat/GrayordinatesStats/cope7.feat/weights1.dtseries.nii","AhP1oXj3jPqS4x1ZjqOfqg.ncJozWF9Z"
"s3://hcp-openaccess/HCP_1200/506234/MNINonLinear/Results/tfMRI_WM/tfMRI_WM_hp200_s8_level2.feat/GrayordinatesStats/cope7.feat/zflame1lowertstat1.dtseries.nii","506234","MNINonLinear//Results/tfMRI_WM/tfMRI_WM_hp200_s8_level2.feat/GrayordinatesStats/cope7.feat/zflame1lowertstat1.dtseries.nii","C9q6nP445Lt2fuEXIo.5lW5DHbNLd66I"
"s3://hcp-openaccess/HCP_1200/506234/MNINonLinear/Results/tfMRI_WM/tfMRI_WM_hp200_s8_level2.feat/GrayordinatesStats/cope7.feat/zflame1uppertstat1.dtseries.nii","506234","MNINonLinear//Results/tfMRI_WM/tfMRI_WM_hp200_s8_level2.feat/GrayordinatesStats/cope7.feat/zflame1uppertstat1.dtseries.nii","U8vGXMwOewXoX5YYgpV1aZ.mDiJwfNMj"
"s3://hcp-openaccess/HCP_1200/506234/MNINonLinear/Results/tfMRI_WM/tfMRI_WM_hp200_s8_level2.feat/GrayordinatesStats/cope7.feat/zstat1.dtseries.nii","506234","MNINonLinear//Results/tfMRI_WM/tfMRI_WM_hp200_s8_level2.feat/GrayordinatesStats/cope7.feat/zstat1.dtseries.nii","nT0b818y.yaS43LjpfaELFHV1dxLLN5u"
"s3://hcp-openaccess/HCP_1200/506234/MNINonLinear/Results/tfMRI_WM/tfMRI_WM_hp200_s8_level2.feat/GrayordinatesStats/cope8.feat/cope1.dtseries.nii","506234","MNINonLinear//Results/tfMRI_WM/tfMRI_WM_hp200_s8_level2.feat/GrayordinatesStats/cope8.feat/cope1.dtseries.nii","qtMHwBrj42N3pjDCx46nhYNa7Cuqxuxr"
"s3://hcp-openaccess/HCP_1200/506234/MNINonLinear/Results/tfMRI_WM/tfMRI_WM_hp200_s8_level2.feat/GrayordinatesStats/cope8.feat/logfile","506234","MNINonLinear//Results/tfMRI_WM/tfMRI_WM_hp200_s8_level2.feat/GrayordinatesStats/cope8.feat/logfile","fd2wzYEB6H97HZCQzryXcQ40pc0zwXIb"
"s3://hcp-openaccess/HCP_1200/506234/MNINonLinear/Results/tfMRI_WM/tfMRI_WM_hp200_s8_level2.feat/GrayordinatesStats/cope8.feat/mask.dtseries.nii","506234","MNINonLinear//Results/tfMRI_WM/tfMRI_WM_hp200_s8_level2.feat/GrayordinatesStats/cope8.feat/mask.dtseries.nii","_KVM8lpJTf9Ho9CHUzZ9d3pTKJaEVXNT"
"s3://hcp-openaccess/HCP_1200/506234/MNINonLinear/Results/tfMRI_WM/tfMRI_WM_hp200_s8_level2.feat/GrayordinatesStats/cope8.feat/mean_random_effects_var1.dtseries.nii","506234","MNINonLinear//Results/tfMRI_WM/tfMRI_WM_hp200_s8_level2.feat/GrayordinatesStats/cope8.feat/mean_random_effects_var1.dtseries.nii","mz3QYQILbkHY7VYwwBBzQV4qqCbfJfpe"
"s3://hcp-openaccess/HCP_1200/506234/MNINonLinear/Results/tfMRI_WM/tfMRI_WM_hp200_s8_level2.feat/GrayordinatesStats/cope8.feat/pe1.dtseries.nii","506234","MNINonLinear//Results/tfMRI_WM/tfMRI_WM_hp200_s8_level2.feat/GrayordinatesStats/cope8.feat/pe1.dtseries.nii","YaFbbk.nOR8eNEzVcR3vFLsLdm6bytI8"
"s3://hcp-openaccess/HCP_1200/506234/MNINonLinear/Results/tfMRI_WM/tfMRI_WM_hp200_s8_level2.feat/GrayordinatesStats/cope8.feat/res4d.dtseries.nii","506234","MNINonLinear//Results/tfMRI_WM/tfMRI_WM_hp200_s8_level2.feat/GrayordinatesStats/cope8.feat/res4d.dtseries.nii","At8jCcZxjo6IchYTxksae5SP92y5qUZ5"
"s3://hcp-openaccess/HCP_1200/506234/MNINonLinear/Results/tfMRI_WM/tfMRI_WM_hp200_s8_level2.feat/GrayordinatesStats/cope8.feat/tdof_t1.dtseries.nii","506234","MNINonLinear//Results/tfMRI_WM/tfMRI_WM_hp200_s8_level2.feat/GrayordinatesStats/cope8.feat/tdof_t1.dtseries.nii","I7yP9GcodbqTT5JXO68id1djMz6u3Yth"
"s3://hcp-openaccess/HCP_1200/506234/MNINonLinear/Results/tfMRI_WM/tfMRI_WM_hp200_s8_level2.feat/GrayordinatesStats/cope8.feat/tstat1.dtseries.nii","506234","MNINonLinear//Results/tfMRI_WM/tfMRI_WM_hp200_s8_level2.feat/GrayordinatesStats/cope8.feat/tstat1.dtseries.nii","0kzIudVs7myi0ODVMchto937hS11UZ2s"
"s3://hcp-openaccess/HCP_1200/506234/MNINonLinear/Results/tfMRI_WM/tfMRI_WM_hp200_s8_level2.feat/GrayordinatesStats/cope8.feat/varcope1.dtseries.nii","506234","MNINonLinear//Results/tfMRI_WM/tfMRI_WM_hp200_s8_level2.feat/GrayordinatesStats/cope8.feat/varcope1.dtseries.nii","DI7gfYVaxq9KAzGOysKRvBVXvmcwAES9"
"s3://hcp-openaccess/HCP_1200/506234/MNINonLinear/Results/tfMRI_WM/tfMRI_WM_hp200_s8_level2.feat/GrayordinatesStats/cope8.feat/weights1.dtseries.nii","506234","MNINonLinear//Results/tfMRI_WM/tfMRI_WM_hp200_s8_level2.feat/GrayordinatesStats/cope8.feat/weights1.dtseries.nii","_s7hkdGNMAJ_odxwpYzR0L.fxZpwN4HG"
"s3://hcp-openaccess/HCP_1200/506234/MNINonLinear/Results/tfMRI_WM/tfMRI_WM_hp200_s8_level2.feat/GrayordinatesStats/cope8.feat/zflame1lowertstat1.dtseries.nii","506234","MNINonLinear//Results/tfMRI_WM/tfMRI_WM_hp200_s8_level2.feat/GrayordinatesStats/cope8.feat/zflame1lowertstat1.dtseries.nii","KVBo12CU3cbo0skWhXCffvWFeQ4KbUj9"
"s3://hcp-openaccess/HCP_1200/506234/MNINonLinear/Results/tfMRI_WM/tfMRI_WM_hp200_s8_level2.feat/GrayordinatesStats/cope8.feat/zflame1uppertstat1.dtseries.nii","506234","MNINonLinear//Results/tfMRI_WM/tfMRI_WM_hp200_s8_level2.feat/GrayordinatesStats/cope8.feat/zflame1uppertstat1.dtseries.nii","tU0mKBOP.5OBod8C4q8C8uDcU6sYjyYD"
"s3://hcp-openaccess/HCP_1200/506234/MNINonLinear/Results/tfMRI_WM/tfMRI_WM_hp200_s8_level2.feat/GrayordinatesStats/cope8.feat/zstat1.dtseries.nii","506234","MNINonLinear//Results/tfMRI_WM/tfMRI_WM_hp200_s8_level2.feat/GrayordinatesStats/cope8.feat/zstat1.dtseries.nii","NDJZQRAVdHjmq.VRrrqOWZpa.LhpYt.s"
"s3://hcp-openaccess/HCP_1200/506234/MNINonLinear/Results/tfMRI_WM/tfMRI_WM_hp200_s8_level2.feat/GrayordinatesStats/cope9.feat/cope1.dtseries.nii","506234","MNINonLinear//Results/tfMRI_WM/tfMRI_WM_hp200_s8_level2.feat/GrayordinatesStats/cope9.feat/cope1.dtseries.nii","kWTL5DmC75tP7nPZxjeJ5xXYR4ltutn2"
"s3://hcp-openaccess/HCP_1200/506234/MNINonLinear/Results/tfMRI_WM/tfMRI_WM_hp200_s8_level2.feat/GrayordinatesStats/cope9.feat/logfile","506234","MNINonLinear//Results/tfMRI_WM/tfMRI_WM_hp200_s8_level2.feat/GrayordinatesStats/cope9.feat/logfile","Gnd5j.QvvNdhEjZGrtsFrtSl1WTrcdYB"
"s3://hcp-openaccess/HCP_1200/506234/MNINonLinear/Results/tfMRI_WM/tfMRI_WM_hp200_s8_level2.feat/GrayordinatesStats/cope9.feat/mask.dtseries.nii","506234","MNINonLinear//Results/tfMRI_WM/tfMRI_WM_hp200_s8_level2.feat/GrayordinatesStats/cope9.feat/mask.dtseries.nii","GnJc7YlvQMmdLV.10wM0xNVnOPtI_b4I"
"s3://hcp-openaccess/HCP_1200/506234/MNINonLinear/Results/tfMRI_WM/tfMRI_WM_hp200_s8_level2.feat/GrayordinatesStats/cope9.feat/mean_random_effects_var1.dtseries.nii","506234","MNINonLinear//Results/tfMRI_WM/tfMRI_WM_hp200_s8_level2.feat/GrayordinatesStats/cope9.feat/mean_random_effects_var1.dtseries.nii","KfGo0PyWHITFC.vpbOPdcqI52DzOLkqf"
"s3://hcp-openaccess/HCP_1200/506234/MNINonLinear/Results/tfMRI_WM/tfMRI_WM_hp200_s8_level2.feat/GrayordinatesStats/cope9.feat/pe1.dtseries.nii","506234","MNINonLinear//Results/tfMRI_WM/tfMRI_WM_hp200_s8_level2.feat/GrayordinatesStats/cope9.feat/pe1.dtseries.nii","glQTYAmjSUR9OOKYrIcLXMhK1NXjavSZ"
"s3://hcp-openaccess/HCP_1200/506234/MNINonLinear/Results/tfMRI_WM/tfMRI_WM_hp200_s8_level2.feat/GrayordinatesStats/cope9.feat/res4d.dtseries.nii","506234","MNINonLinear//Results/tfMRI_WM/tfMRI_WM_hp200_s8_level2.feat/GrayordinatesStats/cope9.feat/res4d.dtseries.nii","egbM1vkgQuJ1_AxyZcpP.ruozcSzmQvC"
"s3://hcp-openaccess/HCP_1200/506234/MNINonLinear/Results/tfMRI_WM/tfMRI_WM_hp200_s8_level2.feat/GrayordinatesStats/cope9.feat/tdof_t1.dtseries.nii","506234","MNINonLinear//Results/tfMRI_WM/tfMRI_WM_hp200_s8_level2.feat/GrayordinatesStats/cope9.feat/tdof_t1.dtseries.nii","Xsn91ElBhghSft.q_5tJD9jphOY8patT"
"s3://hcp-openaccess/HCP_1200/506234/MNINonLinear/Results/tfMRI_WM/tfMRI_WM_hp200_s8_level2.feat/GrayordinatesStats/cope9.feat/tstat1.dtseries.nii","506234","MNINonLinear//Results/tfMRI_WM/tfMRI_WM_hp200_s8_level2.feat/GrayordinatesStats/cope9.feat/tstat1.dtseries.nii","joSYEJT.zir6JlLJ07xFkGIHOHLa6nb4"
"s3://hcp-openaccess/HCP_1200/506234/MNINonLinear/Results/tfMRI_WM/tfMRI_WM_hp200_s8_level2.feat/GrayordinatesStats/cope9.feat/varcope1.dtseries.nii","506234","MNINonLinear//Results/tfMRI_WM/tfMRI_WM_hp200_s8_level2.feat/GrayordinatesStats/cope9.feat/varcope1.dtseries.nii","UrXkfSlociykvf9oxUsRhe1_Ttlq1rap"
"s3://hcp-openaccess/HCP_1200/506234/MNINonLinear/Results/tfMRI_WM/tfMRI_WM_hp200_s8_level2.feat/GrayordinatesStats/cope9.feat/weights1.dtseries.nii","506234","MNINonLinear//Results/tfMRI_WM/tfMRI_WM_hp200_s8_level2.feat/GrayordinatesStats/cope9.feat/weights1.dtseries.nii","gmZONp0PrSApQLfKOF7Nog.sUJTNXcZB"
"s3://hcp-openaccess/HCP_1200/506234/MNINonLinear/Results/tfMRI_WM/tfMRI_WM_hp200_s8_level2.feat/GrayordinatesStats/cope9.feat/zflame1lowertstat1.dtseries.nii","506234","MNINonLinear//Results/tfMRI_WM/tfMRI_WM_hp200_s8_level2.feat/GrayordinatesStats/cope9.feat/zflame1lowertstat1.dtseries.nii","utKIhyDP7k3wt66jCkfOXOGBbggT5ri3"
"s3://hcp-openaccess/HCP_1200/506234/MNINonLinear/Results/tfMRI_WM/tfMRI_WM_hp200_s8_level2.feat/GrayordinatesStats/cope9.feat/zflame1uppertstat1.dtseries.nii","506234","MNINonLinear//Results/tfMRI_WM/tfMRI_WM_hp200_s8_level2.feat/GrayordinatesStats/cope9.feat/zflame1uppertstat1.dtseries.nii","jdfbshmsv9SEA3wavFyzQZE352ZPFaWY"
"s3://hcp-openaccess/HCP_1200/506234/MNINonLinear/Results/tfMRI_WM/tfMRI_WM_hp200_s8_level2.feat/GrayordinatesStats/cope9.feat/zstat1.dtseries.nii","506234","MNINonLinear//Results/tfMRI_WM/tfMRI_WM_hp200_s8_level2.feat/GrayordinatesStats/cope9.feat/zstat1.dtseries.nii","KUm7RxyXP7PPpEL7WjCNjhqaIdKn.Cfh"
"s3://hcp-openaccess/HCP_1200/506234/MNINonLinear/Results/tfMRI_WM/tfMRI_WM_hp200_s8_level2.feat/design.con","506234","MNINonLinear//Results/tfMRI_WM/tfMRI_WM_hp200_s8_level2.feat/design.con","zSY1MPkS67aoBavZAjqD3VUyIgu5b7DP"
"s3://hcp-openaccess/HCP_1200/506234/MNINonLinear/Results/tfMRI_WM/tfMRI_WM_hp200_s8_level2.feat/design.fsf","506234","MNINonLinear//Results/tfMRI_WM/tfMRI_WM_hp200_s8_level2.feat/design.fsf","enA.MKvKIQR1hsdxEiwfO9Xmvd8ZNPOZ"
"s3://hcp-openaccess/HCP_1200/506234/MNINonLinear/Results/tfMRI_WM/tfMRI_WM_hp200_s8_level2.feat/design.grp","506234","MNINonLinear//Results/tfMRI_WM/tfMRI_WM_hp200_s8_level2.feat/design.grp","p2vJXXPynh_YQz1Dj5YX775vbJvrlJWN"
"s3://hcp-openaccess/HCP_1200/506234/MNINonLinear/Results/tfMRI_WM/tfMRI_WM_hp200_s8_level2.feat/design.mat","506234","MNINonLinear//Results/tfMRI_WM/tfMRI_WM_hp200_s8_level2.feat/design.mat","QoOixMjuE9VaJF_6sQsHuY8_fOoffVSN"
"s3://hcp-openaccess/HCP_1200/506234/MNINonLinear/Results/tfMRI_WM/tfMRI_WM_hp200_s8_level2.feat/design.png","506234","MNINonLinear//Results/tfMRI_WM/tfMRI_WM_hp200_s8_level2.feat/design.png","Mvb2nvv40QJAoIyvEOw_ShBElLKfHjWo"
"s3://hcp-openaccess/HCP_1200/506234/MNINonLinear/Results/tfMRI_WM/tfMRI_WM_hp200_s8_level2.feat/design.ppm","506234","MNINonLinear//Results/tfMRI_WM/tfMRI_WM_hp200_s8_level2.feat/design.ppm","apA5CALVWAFcGzE7cRP2n4G6GMnA8taD"
"s3://hcp-openaccess/HCP_1200/506234/MNINonLinear/Results/tfMRI_WM/tfMRI_WM_hp200_s8_level2.feat/design_cov.png","506234","MNINonLinear//Results/tfMRI_WM/tfMRI_WM_hp200_s8_level2.feat/design_cov.png","cbZig5a5T6w4l9UXZUDC1sjW0yC0hmyW"
"s3://hcp-openaccess/HCP_1200/506234/MNINonLinear/Results/tfMRI_WM/tfMRI_WM_hp200_s8_level2.feat/design_cov.ppm","506234","MNINonLinear//Results/tfMRI_WM/tfMRI_WM_hp200_s8_level2.feat/design_cov.ppm","E8wqdMqB9WLmbbZcmHbGg.tfsJujOXgS"
"s3://hcp-openaccess/HCP_1200/506234/MNINonLinear/Results/tfMRI_WM_LR/EVs/0bk_body.txt","506234","MNINonLinear//Results/tfMRI_WM_LR/EVs/0bk_body.txt","OwxKNEB9J7ZAmgXvYmb1JVoxgcHI7rj6"
"s3://hcp-openaccess/HCP_1200/506234/MNINonLinear/Results/tfMRI_WM_LR/EVs/0bk_cor.txt","506234","MNINonLinear//Results/tfMRI_WM_LR/EVs/0bk_cor.txt","4vH_9G.aJDq6FSYZPIP5aWMuiBdj0bS2"
"s3://hcp-openaccess/HCP_1200/506234/MNINonLinear/Results/tfMRI_WM_LR/EVs/0bk_err.txt","506234","MNINonLinear//Results/tfMRI_WM_LR/EVs/0bk_err.txt","DVBYDVIU45MYS9AwJQHctoL_jcl1lnwQ"
"s3://hcp-openaccess/HCP_1200/506234/MNINonLinear/Results/tfMRI_WM_LR/EVs/0bk_faces.txt","506234","MNINonLinear//Results/tfMRI_WM_LR/EVs/0bk_faces.txt","TOBwTAhDIr8cLjehgM1lu9WA2GjHfxOr"
"s3://hcp-openaccess/HCP_1200/506234/MNINonLinear/Results/tfMRI_WM_LR/EVs/0bk_nlr.txt","506234","MNINonLinear//Results/tfMRI_WM_LR/EVs/0bk_nlr.txt","jCcfS3apvU5sxRQ0nykyN1GGtXTpvQwk"
"s3://hcp-openaccess/HCP_1200/506234/MNINonLinear/Results/tfMRI_WM_LR/EVs/0bk_places.txt","506234","MNINonLinear//Results/tfMRI_WM_LR/EVs/0bk_places.txt","Fv765edSAEWe0J0IEDxiyk4ZziRKxwCP"
"s3://hcp-openaccess/HCP_1200/506234/MNINonLinear/Results/tfMRI_WM_LR/EVs/0bk_tools.txt","506234","MNINonLinear//Results/tfMRI_WM_LR/EVs/0bk_tools.txt","fr5OR0gCIkCI7UcMsxZQ_WREwSngjDUs"
"s3://hcp-openaccess/HCP_1200/506234/MNINonLinear/Results/tfMRI_WM_LR/EVs/2bk_body.txt","506234","MNINonLinear//Results/tfMRI_WM_LR/EVs/2bk_body.txt","ugzkTSN5ApckTgPkUxcJjUlNGmzKDlWT"
"s3://hcp-openaccess/HCP_1200/506234/MNINonLinear/Results/tfMRI_WM_LR/EVs/2bk_cor.txt","506234","MNINonLinear//Results/tfMRI_WM_LR/EVs/2bk_cor.txt","qoaC2ufZBtx1ttLbLKa7tm_x8vAuzyOk"
"s3://hcp-openaccess/HCP_1200/506234/MNINonLinear/Results/tfMRI_WM_LR/EVs/2bk_err.txt","506234","MNINonLinear//Results/tfMRI_WM_LR/EVs/2bk_err.txt","UDp8snOffeSdkOYRfFk3eOSctBtrJFKS"
"s3://hcp-openaccess/HCP_1200/506234/MNINonLinear/Results/tfMRI_WM_LR/EVs/2bk_faces.txt","506234","MNINonLinear//Results/tfMRI_WM_LR/EVs/2bk_faces.txt","yvBCuT4l94r0xONvROfXAAWy.pO4Mg.C"
"s3://hcp-openaccess/HCP_1200/506234/MNINonLinear/Results/tfMRI_WM_LR/EVs/2bk_nlr.txt","506234","MNINonLinear//Results/tfMRI_WM_LR/EVs/2bk_nlr.txt","MSf6qPezp2Tj5BncBSJbWW02.h2nuZx0"
"s3://hcp-openaccess/HCP_1200/506234/MNINonLinear/Results/tfMRI_WM_LR/EVs/2bk_places.txt","506234","MNINonLinear//Results/tfMRI_WM_LR/EVs/2bk_places.txt","Uhaeoh4knDovG6LVu9JpN.XkkW.YSZZT"
"s3://hcp-openaccess/HCP_1200/506234/MNINonLinear/Results/tfMRI_WM_LR/EVs/2bk_tools.txt","506234","MNINonLinear//Results/tfMRI_WM_LR/EVs/2bk_tools.txt","oCuE8Tj5AsaNd_c5OmWA3VZWyL2QSW0z"
"s3://hcp-openaccess/HCP_1200/506234/MNINonLinear/Results/tfMRI_WM_LR/EVs/Sync.txt","506234","MNINonLinear//Results/tfMRI_WM_LR/EVs/Sync.txt","Wj.z..wm0Gym37OLQJHzUulnbYjn.BK_"
"s3://hcp-openaccess/HCP_1200/506234/MNINonLinear/Results/tfMRI_WM_LR/EVs/WM_Stats.csv","506234","MNINonLinear//Results/tfMRI_WM_LR/EVs/WM_Stats.csv","IOAXQIiKLlMFR8BuAxv0kppEWYmFliOV"
"s3://hcp-openaccess/HCP_1200/506234/MNINonLinear/Results/tfMRI_WM_LR/EVs/all_bk_cor.txt","506234","MNINonLinear//Results/tfMRI_WM_LR/EVs/all_bk_cor.txt","iDHc0QNUt0qSwxVcLW.DuW2Q2jG.kjNm"
"s3://hcp-openaccess/HCP_1200/506234/MNINonLinear/Results/tfMRI_WM_LR/EVs/all_bk_err.txt","506234","MNINonLinear//Results/tfMRI_WM_LR/EVs/all_bk_err.txt","DRmPTcHn_OxSoh43ujxSdNOgsrnvEz0a"
"s3://hcp-openaccess/HCP_1200/506234/MNINonLinear/Results/tfMRI_WM_LR/Movement_AbsoluteRMS.txt","506234","MNINonLinear//Results/tfMRI_WM_LR/Movement_AbsoluteRMS.txt","FMjjds370LLwHgXH2hxM4nJrSPuizgZW"
"s3://hcp-openaccess/HCP_1200/506234/MNINonLinear/Results/tfMRI_WM_LR/Movement_AbsoluteRMS_mean.txt","506234","MNINonLinear//Results/tfMRI_WM_LR/Movement_AbsoluteRMS_mean.txt","ZG6N329OjP8jgnwxmiwEfgpuuKZpA.9B"
"s3://hcp-openaccess/HCP_1200/506234/MNINonLinear/Results/tfMRI_WM_LR/Movement_Regressors.txt","506234","MNINonLinear//Results/tfMRI_WM_LR/Movement_Regressors.txt","PSqxKRuVP5OpGom_auJjpQGq6m_0PCeQ"
"s3://hcp-openaccess/HCP_1200/506234/MNINonLinear/Results/tfMRI_WM_LR/Movement_Regressors_dt.txt","506234","MNINonLinear//Results/tfMRI_WM_LR/Movement_Regressors_dt.txt","5FdpPark3EmV77N.tdlutmtr7LXXwF_t"
"s3://hcp-openaccess/HCP_1200/506234/MNINonLinear/Results/tfMRI_WM_LR/Movement_RelativeRMS.txt","506234","MNINonLinear//Results/tfMRI_WM_LR/Movement_RelativeRMS.txt","RTzMn51h3YwPh2U2Y1jScARx3grYMuCb"
"s3://hcp-openaccess/HCP_1200/506234/MNINonLinear/Results/tfMRI_WM_LR/Movement_RelativeRMS_mean.txt","506234","MNINonLinear//Results/tfMRI_WM_LR/Movement_RelativeRMS_mean.txt","NPljXerojdaKwxUH9lfjnLQR8TObGVTd"
"s3://hcp-openaccess/HCP_1200/506234/MNINonLinear/Results/tfMRI_WM_LR/PhaseOne_gdc_dc.nii.gz","506234","MNINonLinear//Results/tfMRI_WM_LR/PhaseOne_gdc_dc.nii.gz","tTN8pux4kQGUBAdPfcg_c8DO.LJ.MiZv"
"s3://hcp-openaccess/HCP_1200/506234/MNINonLinear/Results/tfMRI_WM_LR/PhaseTwo_gdc_dc.nii.gz","506234","MNINonLinear//Results/tfMRI_WM_LR/PhaseTwo_gdc_dc.nii.gz","WfJbh9SmQcJ__fbP_NElZBF2xE3U0UFx"
"s3://hcp-openaccess/HCP_1200/506234/MNINonLinear/Results/tfMRI_WM_LR/REC_run2_TAB.txt","506234","MNINonLinear//Results/tfMRI_WM_LR/REC_run2_TAB.txt","HPM7Tc96V1O0phBm6d4yf2HkwMs.5OIe"
"s3://hcp-openaccess/HCP_1200/506234/MNINonLinear/Results/tfMRI_WM_LR/RibbonVolumeToSurfaceMapping/goodvoxels.nii.gz","506234","MNINonLinear//Results/tfMRI_WM_LR/RibbonVolumeToSurfaceMapping/goodvoxels.nii.gz","_p6YhT2z1vXlZR7IpyzSutgmb.veVJc9"
"s3://hcp-openaccess/HCP_1200/506234/MNINonLinear/Results/tfMRI_WM_LR/SBRef_dc.nii.gz","506234","MNINonLinear//Results/tfMRI_WM_LR/SBRef_dc.nii.gz","CV3uLOBqCY3HH91IF04zy2es.3KYHu8Q"
"s3://hcp-openaccess/HCP_1200/506234/MNINonLinear/Results/tfMRI_WM_LR/WM_run2_TAB.txt","506234","MNINonLinear//Results/tfMRI_WM_LR/WM_run2_TAB.txt","btaVpRuHM.xy1lhGFMjy.Z8gOajpw9_P"
"s3://hcp-openaccess/HCP_1200/506234/MNINonLinear/Results/tfMRI_WM_LR/brainmask_fs.2.nii.gz","506234","MNINonLinear//Results/tfMRI_WM_LR/brainmask_fs.2.nii.gz","AYpcm8YMidq1ekn50ybINuoHcrkG_n4k"
"s3://hcp-openaccess/HCP_1200/506234/MNINonLinear/Results/tfMRI_WM_LR/tfMRI_WM_LR.L.native.func.gii","506234","MNINonLinear//Results/tfMRI_WM_LR/tfMRI_WM_LR.L.native.func.gii","ptJdTfYxYRihGfJR95723Jh_8C_pwiO1"
"s3://hcp-openaccess/HCP_1200/506234/MNINonLinear/Results/tfMRI_WM_LR/tfMRI_WM_LR.R.native.func.gii","506234","MNINonLinear//Results/tfMRI_WM_LR/tfMRI_WM_LR.R.native.func.gii","KWLZDOrBIfZHTPBc01ghbMwwJ8u.DJRf"
"s3://hcp-openaccess/HCP_1200/506234/MNINonLinear/Results/tfMRI_WM_LR/tfMRI_WM_LR.nii.gz","506234","MNINonLinear//Results/tfMRI_WM_LR/tfMRI_WM_LR.nii.gz","WS7bNhG7F3rb4y6segEkn4ZWw7U9s9Q5"
"s3://hcp-openaccess/HCP_1200/506234/MNINonLinear/Results/tfMRI_WM_LR/tfMRI_WM_LR_Atlas.dtseries.nii","506234","MNINonLinear//Results/tfMRI_WM_LR/tfMRI_WM_LR_Atlas.dtseries.nii","_TuaesndjyjZLwch3ZjJ.wnRaEA8YQCo"
"s3://hcp-openaccess/HCP_1200/506234/MNINonLinear/Results/tfMRI_WM_LR/tfMRI_WM_LR_Atlas_MSMAll.dtseries.nii","506234","MNINonLinear//Results/tfMRI_WM_LR/tfMRI_WM_LR_Atlas_MSMAll.dtseries.nii","zUdV0tRPSTzwFGtnMo6a_l7tx14loZil"
"s3://hcp-openaccess/HCP_1200/506234/MNINonLinear/Results/tfMRI_WM_LR/tfMRI_WM_LR_Jacobian.nii.gz","506234","MNINonLinear//Results/tfMRI_WM_LR/tfMRI_WM_LR_Jacobian.nii.gz","NXx7XfNgnPvd76ils7fMxKgMWIaPfaRi"
"s3://hcp-openaccess/HCP_1200/506234/MNINonLinear/Results/tfMRI_WM_LR/tfMRI_WM_LR_Physio_log.txt","506234","MNINonLinear//Results/tfMRI_WM_LR/tfMRI_WM_LR_Physio_log.txt","BRmR.4am3kPRzXViFBrcYfptEtV_w9lX"
"s3://hcp-openaccess/HCP_1200/506234/MNINonLinear/Results/tfMRI_WM_LR/tfMRI_WM_LR_SBRef.nii.gz","506234","MNINonLinear//Results/tfMRI_WM_LR/tfMRI_WM_LR_SBRef.nii.gz","T7A6Acb_nNVpfLP9_E2fka.XwOYFMh6x"
"s3://hcp-openaccess/HCP_1200/506234/MNINonLinear/Results/tfMRI_WM_LR/tfMRI_WM_LR_hp200_s4_level1.fsf","506234","MNINonLinear//Results/tfMRI_WM_LR/tfMRI_WM_LR_hp200_s4_level1.fsf","etlM6PEkVw90jaDRTqK54lnQaR8pRVcw"
"s3://hcp-openaccess/HCP_1200/506234/MNINonLinear/Results/tfMRI_WM_RL/EVs/0bk_body.txt","506234","MNINonLinear//Results/tfMRI_WM_RL/EVs/0bk_body.txt","XJVA.6cC1ICl52Dls2cl.wQX5qJi7RPW"
"s3://hcp-openaccess/HCP_1200/506234/MNINonLinear/Results/tfMRI_WM_RL/EVs/0bk_cor.txt","506234","MNINonLinear//Results/tfMRI_WM_RL/EVs/0bk_cor.txt","kPW2sOqxhEqEH0UGWee.f2_IxxDBKPNF"
"s3://hcp-openaccess/HCP_1200/506234/MNINonLinear/Results/tfMRI_WM_RL/EVs/0bk_err.txt","506234","MNINonLinear//Results/tfMRI_WM_RL/EVs/0bk_err.txt","BiuT_tfZI0lYw5UTiGyENkOWVfxTGROR"
"s3://hcp-openaccess/HCP_1200/506234/MNINonLinear/Results/tfMRI_WM_RL/EVs/0bk_faces.txt","506234","MNINonLinear//Results/tfMRI_WM_RL/EVs/0bk_faces.txt","mzTIyWuHLPtXFekN8SlTeucNCjgs5i_U"
"s3://hcp-openaccess/HCP_1200/506234/MNINonLinear/Results/tfMRI_WM_RL/EVs/0bk_nlr.txt","506234","MNINonLinear//Results/tfMRI_WM_RL/EVs/0bk_nlr.txt","jjRbkf.EqXb9dLee3ympqMUde.Vt3Xt2"
"s3://hcp-openaccess/HCP_1200/506234/MNINonLinear/Results/tfMRI_WM_RL/EVs/0bk_places.txt","506234","MNINonLinear//Results/tfMRI_WM_RL/EVs/0bk_places.txt","Oe5rN5E6KVFLt9wAdoXCfi354w8oAfSy"
"s3://hcp-openaccess/HCP_1200/506234/MNINonLinear/Results/tfMRI_WM_RL/EVs/0bk_tools.txt","506234","MNINonLinear//Results/tfMRI_WM_RL/EVs/0bk_tools.txt","aGAf7372MJjnpFCemRIaZm6F0BDcNslX"
"s3://hcp-openaccess/HCP_1200/506234/MNINonLinear/Results/tfMRI_WM_RL/EVs/2bk_body.txt","506234","MNINonLinear//Results/tfMRI_WM_RL/EVs/2bk_body.txt","jmGoD9E0f9rBXaY4YCO3tYHnij.tvNed"
"s3://hcp-openaccess/HCP_1200/506234/MNINonLinear/Results/tfMRI_WM_RL/EVs/2bk_cor.txt","506234","MNINonLinear//Results/tfMRI_WM_RL/EVs/2bk_cor.txt","d2HQGUSl6fZcY29cQ1iMh32GnKRh8iQO"
"s3://hcp-openaccess/HCP_1200/506234/MNINonLinear/Results/tfMRI_WM_RL/EVs/2bk_err.txt","506234","MNINonLinear//Results/tfMRI_WM_RL/EVs/2bk_err.txt","b5z3IqzgiNQFcxsJEdG6QXd8GVUtg4pL"
"s3://hcp-openaccess/HCP_1200/506234/MNINonLinear/Results/tfMRI_WM_RL/EVs/2bk_faces.txt","506234","MNINonLinear//Results/tfMRI_WM_RL/EVs/2bk_faces.txt","Y6M4C2sal5jiW0uLMUmTkMUEv45Pb_AB"
"s3://hcp-openaccess/HCP_1200/506234/MNINonLinear/Results/tfMRI_WM_RL/EVs/2bk_nlr.txt","506234","MNINonLinear//Results/tfMRI_WM_RL/EVs/2bk_nlr.txt","fE80LkbpOojpPtUEwxzSbDRxKcavZJpO"
"s3://hcp-openaccess/HCP_1200/506234/MNINonLinear/Results/tfMRI_WM_RL/EVs/2bk_places.txt","506234","MNINonLinear//Results/tfMRI_WM_RL/EVs/2bk_places.txt","nM3tXGc5nkpTEFBWlRkVRUjTD.b9268o"
"s3://hcp-openaccess/HCP_1200/506234/MNINonLinear/Results/tfMRI_WM_RL/EVs/2bk_tools.txt","506234","MNINonLinear//Results/tfMRI_WM_RL/EVs/2bk_tools.txt","OC9uwIlAfMwtuh29zEup.hdPzAYm5VPS"
"s3://hcp-openaccess/HCP_1200/506234/MNINonLinear/Results/tfMRI_WM_RL/EVs/Sync.txt","506234","MNINonLinear//Results/tfMRI_WM_RL/EVs/Sync.txt","P2_nBy6.Hk.KDdxEMD6UdUAq02r2Mxyp"
"s3://hcp-openaccess/HCP_1200/506234/MNINonLinear/Results/tfMRI_WM_RL/EVs/WM_Stats.csv","506234","MNINonLinear//Results/tfMRI_WM_RL/EVs/WM_Stats.csv","mkCNYmuSrsnsjYiU64oU6EiavzL3ivHT"
"s3://hcp-openaccess/HCP_1200/506234/MNINonLinear/Results/tfMRI_WM_RL/EVs/all_bk_cor.txt","506234","MNINonLinear//Results/tfMRI_WM_RL/EVs/all_bk_cor.txt","TBwKTzXW2.nzqDzHmkniIrgf_dB.DBpM"
"s3://hcp-openaccess/HCP_1200/506234/MNINonLinear/Results/tfMRI_WM_RL/EVs/all_bk_err.txt","506234","MNINonLinear//Results/tfMRI_WM_RL/EVs/all_bk_err.txt","4O4BcFDED7lT60.3DwcMempPW4HhGejw"
"s3://hcp-openaccess/HCP_1200/506234/MNINonLinear/Results/tfMRI_WM_RL/Movement_AbsoluteRMS.txt","506234","MNINonLinear//Results/tfMRI_WM_RL/Movement_AbsoluteRMS.txt","9.4U1jpqSC.z3petrSDrVsI1gJGJlI0C"
"s3://hcp-openaccess/HCP_1200/506234/MNINonLinear/Results/tfMRI_WM_RL/Movement_AbsoluteRMS_mean.txt","506234","MNINonLinear//Results/tfMRI_WM_RL/Movement_AbsoluteRMS_mean.txt","EVVjKjoLZ7epWmhGz1n98Mh7oWcxsQJR"
"s3://hcp-openaccess/HCP_1200/506234/MNINonLinear/Results/tfMRI_WM_RL/Movement_Regressors.txt","506234","MNINonLinear//Results/tfMRI_WM_RL/Movement_Regressors.txt","cAtX.A7GB0E2hrAtaLIvyo1BDVnpPh_8"
"s3://hcp-openaccess/HCP_1200/506234/MNINonLinear/Results/tfMRI_WM_RL/Movement_Regressors_dt.txt","506234","MNINonLinear//Results/tfMRI_WM_RL/Movement_Regressors_dt.txt","T76OmkRiBjyTCipd_gmoM89IIBgX49.Y"
"s3://hcp-openaccess/HCP_1200/506234/MNINonLinear/Results/tfMRI_WM_RL/Movement_RelativeRMS.txt","506234","MNINonLinear//Results/tfMRI_WM_RL/Movement_RelativeRMS.txt","DszX7_wzPSaDFYojlBIk9xJES8Hlo5DG"
"s3://hcp-openaccess/HCP_1200/506234/MNINonLinear/Results/tfMRI_WM_RL/Movement_RelativeRMS_mean.txt","506234","MNINonLinear//Results/tfMRI_WM_RL/Movement_RelativeRMS_mean.txt","w4ttIpcSp8UCRt5_mQGpNExd46E.xYpi"
"s3://hcp-openaccess/HCP_1200/506234/MNINonLinear/Results/tfMRI_WM_RL/PhaseOne_gdc_dc.nii.gz","506234","MNINonLinear//Results/tfMRI_WM_RL/PhaseOne_gdc_dc.nii.gz","ffCWCX.5ubZB37hjOJcyy3Ba92Nn_6Xq"
"s3://hcp-openaccess/HCP_1200/506234/MNINonLinear/Results/tfMRI_WM_RL/PhaseTwo_gdc_dc.nii.gz","506234","MNINonLinear//Results/tfMRI_WM_RL/PhaseTwo_gdc_dc.nii.gz","Wu30g5LSXLUj8i9pELeel8LgazxTu8CF"
"s3://hcp-openaccess/HCP_1200/506234/MNINonLinear/Results/tfMRI_WM_RL/REC_run1_TAB.txt","506234","MNINonLinear//Results/tfMRI_WM_RL/REC_run1_TAB.txt","qvoiTfEa2LNGp7ugL46wJAY3c6B4hXwH"
"s3://hcp-openaccess/HCP_1200/506234/MNINonLinear/Results/tfMRI_WM_RL/RibbonVolumeToSurfaceMapping/goodvoxels.nii.gz","506234","MNINonLinear//Results/tfMRI_WM_RL/RibbonVolumeToSurfaceMapping/goodvoxels.nii.gz","uPS9iXLR7G7TEVF46nfMYNGqGY6dANKv"
"s3://hcp-openaccess/HCP_1200/506234/MNINonLinear/Results/tfMRI_WM_RL/SBRef_dc.nii.gz","506234","MNINonLinear//Results/tfMRI_WM_RL/SBRef_dc.nii.gz","QzIUCNExHVfDbrsEmW6AlfEMM61axWwB"
"s3://hcp-openaccess/HCP_1200/506234/MNINonLinear/Results/tfMRI_WM_RL/WM_run1_TAB.txt","506234","MNINonLinear//Results/tfMRI_WM_RL/WM_run1_TAB.txt","5gKAsOSQyimBG4WHIddYNcr8Gh75T8pU"
"s3://hcp-openaccess/HCP_1200/506234/MNINonLinear/Results/tfMRI_WM_RL/brainmask_fs.2.nii.gz","506234","MNINonLinear//Results/tfMRI_WM_RL/brainmask_fs.2.nii.gz","MCUBVPvWjqEk4.qTO__UcTGVdETE2meP"
"s3://hcp-openaccess/HCP_1200/506234/MNINonLinear/Results/tfMRI_WM_RL/tfMRI_WM_RL.L.native.func.gii","506234","MNINonLinear//Results/tfMRI_WM_RL/tfMRI_WM_RL.L.native.func.gii","_zPCsvD7_iO64c6.V8a0WsLqgBicBVKm"
"s3://hcp-openaccess/HCP_1200/506234/MNINonLinear/Results/tfMRI_WM_RL/tfMRI_WM_RL.R.native.func.gii","506234","MNINonLinear//Results/tfMRI_WM_RL/tfMRI_WM_RL.R.native.func.gii","TsXLxNypUIxHNbnCUxYCwj6UvGe8oXB_"
"s3://hcp-openaccess/HCP_1200/506234/MNINonLinear/Results/tfMRI_WM_RL/tfMRI_WM_RL.nii.gz","506234","MNINonLinear//Results/tfMRI_WM_RL/tfMRI_WM_RL.nii.gz","DiPjl2DIDBKqUHCfEzaSGQpZHFqaY0ib"
"s3://hcp-openaccess/HCP_1200/506234/MNINonLinear/Results/tfMRI_WM_RL/tfMRI_WM_RL_Atlas.dtseries.nii","506234","MNINonLinear//Results/tfMRI_WM_RL/tfMRI_WM_RL_Atlas.dtseries.nii","rG6hs4lDOBCbawYPeyNVZP6.oVWRXWTu"
"s3://hcp-openaccess/HCP_1200/506234/MNINonLinear/Results/tfMRI_WM_RL/tfMRI_WM_RL_Atlas_MSMAll.dtseries.nii","506234","MNINonLinear//Results/tfMRI_WM_RL/tfMRI_WM_RL_Atlas_MSMAll.dtseries.nii","otYNL_BWw5gCuugVADjpHxpn4j3JI2wL"
"s3://hcp-openaccess/HCP_1200/506234/MNINonLinear/Results/tfMRI_WM_RL/tfMRI_WM_RL_Jacobian.nii.gz","506234","MNINonLinear//Results/tfMRI_WM_RL/tfMRI_WM_RL_Jacobian.nii.gz","vwnerJc3dL1YNfl9NL5lVyi7FYM1iM_p"
"s3://hcp-openaccess/HCP_1200/506234/MNINonLinear/Results/tfMRI_WM_RL/tfMRI_WM_RL_Physio_log.txt","506234","MNINonLinear//Results/tfMRI_WM_RL/tfMRI_WM_RL_Physio_log.txt","Mp6NNKVi7lWn2eU83Qx.BT4WpsOMHDKo"
"s3://hcp-openaccess/HCP_1200/506234/MNINonLinear/Results/tfMRI_WM_RL/tfMRI_WM_RL_SBRef.nii.gz","506234","MNINonLinear//Results/tfMRI_WM_RL/tfMRI_WM_RL_SBRef.nii.gz","Na.UI5HhrKJyqSgrbsEq3bFdu9Ly9Vz2"
"s3://hcp-openaccess/HCP_1200/506234/MNINonLinear/Results/tfMRI_WM_RL/tfMRI_WM_RL_hp200_s4_level1.fsf","506234","MNINonLinear//Results/tfMRI_WM_RL/tfMRI_WM_RL_hp200_s4_level1.fsf","YWLZ16WkqSFswOJz0yShyOXs7sf4rce6"
"s3://hcp-openaccess/HCP_1200/506234/MNINonLinear/T1w.nii.gz","506234","MNINonLinear//T1w.nii.gz","yqAYUC_aWIR35DsiknP8AuK19qeDHf1G"
"s3://hcp-openaccess/HCP_1200/506234/MNINonLinear/T1w_restore.2.nii.gz","506234","MNINonLinear//T1w_restore.2.nii.gz","mYNtQwXcf0No61ZEbp6J3JiNrW5O3mF_"
"s3://hcp-openaccess/HCP_1200/506234/MNINonLinear/T1w_restore.nii.gz","506234","MNINonLinear//T1w_restore.nii.gz","1VjxlEJeDh.4kw1y.ydEvA5Eh9RqTvCc"
"s3://hcp-openaccess/HCP_1200/506234/MNINonLinear/T1w_restore_brain.nii.gz","506234","MNINonLinear//T1w_restore_brain.nii.gz","wHqhdCPavcETTkgqY1g_LYGM01.n8D0P"
"s3://hcp-openaccess/HCP_1200/506234/MNINonLinear/T2w.nii.gz","506234","MNINonLinear//T2w.nii.gz","1K9ESMGSZqUmcM62Pl1Yv7PFcrnXmByu"
"s3://hcp-openaccess/HCP_1200/506234/MNINonLinear/T2w_restore.2.nii.gz","506234","MNINonLinear//T2w_restore.2.nii.gz","_LXYK7KzWAg3bNMEbXCGclvKyyBAqtwA"
"s3://hcp-openaccess/HCP_1200/506234/MNINonLinear/T2w_restore.nii.gz","506234","MNINonLinear//T2w_restore.nii.gz","OW0LsYlnAgvblEEKCEkAcV1Hpj6V7nDB"
"s3://hcp-openaccess/HCP_1200/506234/MNINonLinear/T2w_restore_brain.nii.gz","506234","MNINonLinear//T2w_restore_brain.nii.gz","E4koB1ZK1.RodAqv338bF92hT0FNQ0Wm"
"s3://hcp-openaccess/HCP_1200/506234/MNINonLinear/aparc+aseg.nii.gz","506234","MNINonLinear//aparc+aseg.nii.gz","mYzGDczpPhDIxUixXAGpSbaV7TpdATUn"
"s3://hcp-openaccess/HCP_1200/506234/MNINonLinear/aparc.a2009s+aseg.nii.gz","506234","MNINonLinear//aparc.a2009s+aseg.nii.gz","5lsQ1LRBwzc_cIpaLNV9vq6deX1AzP3R"
"s3://hcp-openaccess/HCP_1200/506234/MNINonLinear/brainmask_fs.nii.gz","506234","MNINonLinear//brainmask_fs.nii.gz","qKUctuf4LhRgkz3wtKMs4AvW0.m3kWWY"
"s3://hcp-openaccess/HCP_1200/506234/MNINonLinear/fsaverage_LR32k/506234.32k_fs_LR.wb.spec","506234","MNINonLinear//fsaverage_LR32k/506234.32k_fs_LR.wb.spec","RR5C2kcFCMTGPXNodn81ysDRFfAyu6DH"
"s3://hcp-openaccess/HCP_1200/506234/MNINonLinear/fsaverage_LR32k/506234.ArealDistortion_FS.32k_fs_LR.dscalar.nii","506234","MNINonLinear//fsaverage_LR32k/506234.ArealDistortion_FS.32k_fs_LR.dscalar.nii","4TbJqueMlnetXZ8FqM_XAlmf4d1CBh.Q"
"s3://hcp-openaccess/HCP_1200/506234/MNINonLinear/fsaverage_LR32k/506234.ArealDistortion_MSMAll.32k_fs_LR.dscalar.nii","506234","MNINonLinear//fsaverage_LR32k/506234.ArealDistortion_MSMAll.32k_fs_LR.dscalar.nii","nHZqIrR.4MjmES7pELOQ1Vzw290li75x"
"s3://hcp-openaccess/HCP_1200/506234/MNINonLinear/fsaverage_LR32k/506234.ArealDistortion_MSMSulc.32k_fs_LR.dscalar.nii","506234","MNINonLinear//fsaverage_LR32k/506234.ArealDistortion_MSMSulc.32k_fs_LR.dscalar.nii","sUVrLn4_HyHuUeQmn.sMIOBVWlwvs56R"
"s3://hcp-openaccess/HCP_1200/506234/MNINonLinear/fsaverage_LR32k/506234.BA.32k_fs_LR.dlabel.nii","506234","MNINonLinear//fsaverage_LR32k/506234.BA.32k_fs_LR.dlabel.nii","W7ISDdrKCQgUhCfX3eREaExwyVPVD8m4"
"s3://hcp-openaccess/HCP_1200/506234/MNINonLinear/fsaverage_LR32k/506234.BiasField_MSMAll.32k_fs_LR.dscalar.nii","506234","MNINonLinear//fsaverage_LR32k/506234.BiasField_MSMAll.32k_fs_LR.dscalar.nii","SGKIRfN3l0QWLD727dVcHLTjRGTft7BG"
"s3://hcp-openaccess/HCP_1200/506234/MNINonLinear/fsaverage_LR32k/506234.EdgeDistortion_MSMAll.32k_fs_LR.dscalar.nii","506234","MNINonLinear//fsaverage_LR32k/506234.EdgeDistortion_MSMAll.32k_fs_LR.dscalar.nii","L5SN0janAYzNXi1dBwTYBXjQSqJpoofM"
"s3://hcp-openaccess/HCP_1200/506234/MNINonLinear/fsaverage_LR32k/506234.L.ArealDistortion_FS.32k_fs_LR.shape.gii","506234","MNINonLinear//fsaverage_LR32k/506234.L.ArealDistortion_FS.32k_fs_LR.shape.gii","Fg3VgosUAidT722LSZHyNuwR7GOWgK0e"
"s3://hcp-openaccess/HCP_1200/506234/MNINonLinear/fsaverage_LR32k/506234.L.ArealDistortion_MSMSulc.32k_fs_LR.shape.gii","506234","MNINonLinear//fsaverage_LR32k/506234.L.ArealDistortion_MSMSulc.32k_fs_LR.shape.gii","FSf1PVAVS4Ey7RJ5457TsVZ2OfPzbUDd"
"s3://hcp-openaccess/HCP_1200/506234/MNINonLinear/fsaverage_LR32k/506234.L.BA.32k_fs_LR.label.gii","506234","MNINonLinear//fsaverage_LR32k/506234.L.BA.32k_fs_LR.label.gii","y7vD5clANnL91uH4kQNeQgslm.w59Kxx"
"s3://hcp-openaccess/HCP_1200/506234/MNINonLinear/fsaverage_LR32k/506234.L.MyelinMap.32k_fs_LR.func.gii","506234","MNINonLinear//fsaverage_LR32k/506234.L.MyelinMap.32k_fs_LR.func.gii","W7VKM_D_4B00aKlG9Vc7lk3hJvJNbYkv"
"s3://hcp-openaccess/HCP_1200/506234/MNINonLinear/fsaverage_LR32k/506234.L.MyelinMap_BC.32k_fs_LR.func.gii","506234","MNINonLinear//fsaverage_LR32k/506234.L.MyelinMap_BC.32k_fs_LR.func.gii","GLj.BNJvBJ6y5ibkaVtTm3B.iEKbZx69"
"s3://hcp-openaccess/HCP_1200/506234/MNINonLinear/fsaverage_LR32k/506234.L.SmoothedMyelinMap.32k_fs_LR.func.gii","506234","MNINonLinear//fsaverage_LR32k/506234.L.SmoothedMyelinMap.32k_fs_LR.func.gii","OJcLwnSb4ys.xVq2iNFGkkzPjRb6z8Mu"
"s3://hcp-openaccess/HCP_1200/506234/MNINonLinear/fsaverage_LR32k/506234.L.SmoothedMyelinMap_BC.32k_fs_LR.func.gii","506234","MNINonLinear//fsaverage_LR32k/506234.L.SmoothedMyelinMap_BC.32k_fs_LR.func.gii","_IxZa3nyOtBZOxufnP_uC4Z84ruC2cFC"
"s3://hcp-openaccess/HCP_1200/506234/MNINonLinear/fsaverage_LR32k/506234.L.aparc.32k_fs_LR.label.gii","506234","MNINonLinear//fsaverage_LR32k/506234.L.aparc.32k_fs_LR.label.gii","ZlAlbHFDFp3nuIiPVDpx4t8tgcBymzI4"
"s3://hcp-openaccess/HCP_1200/506234/MNINonLinear/fsaverage_LR32k/506234.L.aparc.a2009s.32k_fs_LR.label.gii","506234","MNINonLinear//fsaverage_LR32k/506234.L.aparc.a2009s.32k_fs_LR.label.gii","9De7R83b9r7.hjdCNxp8.1KZCsAlI.aZ"
"s3://hcp-openaccess/HCP_1200/506234/MNINonLinear/fsaverage_LR32k/506234.L.atlasroi.32k_fs_LR.shape.gii","506234","MNINonLinear//fsaverage_LR32k/506234.L.atlasroi.32k_fs_LR.shape.gii","1M5CzPxsAGIFa5Odm2ptsyrMKmUVP2PQ"
"s3://hcp-openaccess/HCP_1200/506234/MNINonLinear/fsaverage_LR32k/506234.L.corrThickness.32k_fs_LR.shape.gii","506234","MNINonLinear//fsaverage_LR32k/506234.L.corrThickness.32k_fs_LR.shape.gii","_OjQYKln3jmZlBDrELYLtZ7b96zrdY.H"
"s3://hcp-openaccess/HCP_1200/506234/MNINonLinear/fsaverage_LR32k/506234.L.curvature.32k_fs_LR.shape.gii","506234","MNINonLinear//fsaverage_LR32k/506234.L.curvature.32k_fs_LR.shape.gii","wck938ck8TW8F9XUPSwOQvF20SewvIhy"
"s3://hcp-openaccess/HCP_1200/506234/MNINonLinear/fsaverage_LR32k/506234.L.flat.32k_fs_LR.surf.gii","506234","MNINonLinear//fsaverage_LR32k/506234.L.flat.32k_fs_LR.surf.gii","AKXrO7djLhSxGB1nTPzEqZDZyxCCrasE"
"s3://hcp-openaccess/HCP_1200/506234/MNINonLinear/fsaverage_LR32k/506234.L.inflated.32k_fs_LR.surf.gii","506234","MNINonLinear//fsaverage_LR32k/506234.L.inflated.32k_fs_LR.surf.gii","_ZWWeGpBpWHO..oVc7ee5vtf1H90fHA9"
"s3://hcp-openaccess/HCP_1200/506234/MNINonLinear/fsaverage_LR32k/506234.L.inflated_MSMAll.32k_fs_LR.surf.gii","506234","MNINonLinear//fsaverage_LR32k/506234.L.inflated_MSMAll.32k_fs_LR.surf.gii","jmULcWVca5C1zsOwl7vcroHEhnbJd5pQ"
"s3://hcp-openaccess/HCP_1200/506234/MNINonLinear/fsaverage_LR32k/506234.L.midthickness.32k_fs_LR.surf.gii","506234","MNINonLinear//fsaverage_LR32k/506234.L.midthickness.32k_fs_LR.surf.gii","a8MkMQPfi.JyyVwTejLFUukbGAvXFSgY"
"s3://hcp-openaccess/HCP_1200/506234/MNINonLinear/fsaverage_LR32k/506234.L.midthickness_MSMAll.32k_fs_LR.surf.gii","506234","MNINonLinear//fsaverage_LR32k/506234.L.midthickness_MSMAll.32k_fs_LR.surf.gii","YOftZxldaKuK9y_ISiNMlRP4UedgOQOT"
"s3://hcp-openaccess/HCP_1200/506234/MNINonLinear/fsaverage_LR32k/506234.L.pial.32k_fs_LR.surf.gii","506234","MNINonLinear//fsaverage_LR32k/506234.L.pial.32k_fs_LR.surf.gii","U4bgMvMzkhmf8z9J.FaL64_rGwMRBDdq"
"s3://hcp-openaccess/HCP_1200/506234/MNINonLinear/fsaverage_LR32k/506234.L.pial_MSMAll.32k_fs_LR.surf.gii","506234","MNINonLinear//fsaverage_LR32k/506234.L.pial_MSMAll.32k_fs_LR.surf.gii","qHs.xpQ35EOYHvEh6aJ6q7X22lHCFHNs"
"s3://hcp-openaccess/HCP_1200/506234/MNINonLinear/fsaverage_LR32k/506234.L.sphere.32k_fs_LR.surf.gii","506234","MNINonLinear//fsaverage_LR32k/506234.L.sphere.32k_fs_LR.surf.gii","mmElIPr5tDSQ4RXiFyLGZcKhPulTjDxE"
"s3://hcp-openaccess/HCP_1200/506234/MNINonLinear/fsaverage_LR32k/506234.L.sulc.32k_fs_LR.shape.gii","506234","MNINonLinear//fsaverage_LR32k/506234.L.sulc.32k_fs_LR.shape.gii","uhsnM6sp0iVy84XN370Qz2FrWjw5RNB0"
"s3://hcp-openaccess/HCP_1200/506234/MNINonLinear/fsaverage_LR32k/506234.L.thickness.32k_fs_LR.shape.gii","506234","MNINonLinear//fsaverage_LR32k/506234.L.thickness.32k_fs_LR.shape.gii","aLQNhRAXiDHtYaTDyv74B.G70hUTsw9J"
"s3://hcp-openaccess/HCP_1200/506234/MNINonLinear/fsaverage_LR32k/506234.L.very_inflated.32k_fs_LR.surf.gii","506234","MNINonLinear//fsaverage_LR32k/506234.L.very_inflated.32k_fs_LR.surf.gii","o.D9E36otMrir5D3B26g.go8wDYJyoir"
"s3://hcp-openaccess/HCP_1200/506234/MNINonLinear/fsaverage_LR32k/506234.L.very_inflated_MSMAll.32k_fs_LR.surf.gii","506234","MNINonLinear//fsaverage_LR32k/506234.L.very_inflated_MSMAll.32k_fs_LR.surf.gii","fqDTVAP7_VXQmQQgKKxxTyRtD5qoz39O"
"s3://hcp-openaccess/HCP_1200/506234/MNINonLinear/fsaverage_LR32k/506234.L.white.32k_fs_LR.surf.gii","506234","MNINonLinear//fsaverage_LR32k/506234.L.white.32k_fs_LR.surf.gii","4ngFaDfq0n306.o.9OeoLOyLm8Ffvonw"
"s3://hcp-openaccess/HCP_1200/506234/MNINonLinear/fsaverage_LR32k/506234.L.white_MSMAll.32k_fs_LR.surf.gii","506234","MNINonLinear//fsaverage_LR32k/506234.L.white_MSMAll.32k_fs_LR.surf.gii","p6GLQYkdQkpdqOle12Q_aAxZ_3zitYsq"
"s3://hcp-openaccess/HCP_1200/506234/MNINonLinear/fsaverage_LR32k/506234.MSMAll.32k_fs_LR.wb.spec","506234","MNINonLinear//fsaverage_LR32k/506234.MSMAll.32k_fs_LR.wb.spec","4MpBKqgG9S2HGQMsD2lOoQD3.SM74PAs"
"s3://hcp-openaccess/HCP_1200/506234/MNINonLinear/fsaverage_LR32k/506234.MyelinMap.32k_fs_LR.dscalar.nii","506234","MNINonLinear//fsaverage_LR32k/506234.MyelinMap.32k_fs_LR.dscalar.nii","Nf8PA7r.v8O.WJtQ.OcfpMo4ffci.oHD"
"s3://hcp-openaccess/HCP_1200/506234/MNINonLinear/fsaverage_LR32k/506234.MyelinMap_BC.32k_fs_LR.dscalar.nii","506234","MNINonLinear//fsaverage_LR32k/506234.MyelinMap_BC.32k_fs_LR.dscalar.nii","SLOS8d091SIMltjzCmOCv8WQuEvBYg7H"
"s3://hcp-openaccess/HCP_1200/506234/MNINonLinear/fsaverage_LR32k/506234.MyelinMap_BC_MSMAll.32k_fs_LR.dscalar.nii","506234","MNINonLinear//fsaverage_LR32k/506234.MyelinMap_BC_MSMAll.32k_fs_LR.dscalar.nii","U.nmoHBiEqlo7DzL_RNTgbv9idpvJYVo"
"s3://hcp-openaccess/HCP_1200/506234/MNINonLinear/fsaverage_LR32k/506234.MyelinMap_MSMAll.32k_fs_LR.dscalar.nii","506234","MNINonLinear//fsaverage_LR32k/506234.MyelinMap_MSMAll.32k_fs_LR.dscalar.nii","KDfurNtMLy49nMK6LWlLcvT3qAcdBEdZ"
"s3://hcp-openaccess/HCP_1200/506234/MNINonLinear/fsaverage_LR32k/506234.R.ArealDistortion_FS.32k_fs_LR.shape.gii","506234","MNINonLinear//fsaverage_LR32k/506234.R.ArealDistortion_FS.32k_fs_LR.shape.gii","fKLXi8MItPaMpwc54r66wJoiYA3Qb0HL"
"s3://hcp-openaccess/HCP_1200/506234/MNINonLinear/fsaverage_LR32k/506234.R.ArealDistortion_MSMSulc.32k_fs_LR.shape.gii","506234","MNINonLinear//fsaverage_LR32k/506234.R.ArealDistortion_MSMSulc.32k_fs_LR.shape.gii","yLXpAc1qKNCQY15AB03wDQ8Ak0WiOapj"
"s3://hcp-openaccess/HCP_1200/506234/MNINonLinear/fsaverage_LR32k/506234.R.BA.32k_fs_LR.label.gii","506234","MNINonLinear//fsaverage_LR32k/506234.R.BA.32k_fs_LR.label.gii","UJUrq1Qtp9619kBqiNU7YQoIa_85n0i0"
"s3://hcp-openaccess/HCP_1200/506234/MNINonLinear/fsaverage_LR32k/506234.R.MyelinMap.32k_fs_LR.func.gii","506234","MNINonLinear//fsaverage_LR32k/506234.R.MyelinMap.32k_fs_LR.func.gii","Ujjzs0Rr92w_LDWOdkpQpr7pJlBROgC2"
"s3://hcp-openaccess/HCP_1200/506234/MNINonLinear/fsaverage_LR32k/506234.R.MyelinMap_BC.32k_fs_LR.func.gii","506234","MNINonLinear//fsaverage_LR32k/506234.R.MyelinMap_BC.32k_fs_LR.func.gii","Fo7PYLsh3kBKx9nQBfAftAZR4a_3Qb4l"
"s3://hcp-openaccess/HCP_1200/506234/MNINonLinear/fsaverage_LR32k/506234.R.SmoothedMyelinMap.32k_fs_LR.func.gii","506234","MNINonLinear//fsaverage_LR32k/506234.R.SmoothedMyelinMap.32k_fs_LR.func.gii","cUwYnbWSNyRKljP5XzeUzgIv7.K8RQta"
"s3://hcp-openaccess/HCP_1200/506234/MNINonLinear/fsaverage_LR32k/506234.R.SmoothedMyelinMap_BC.32k_fs_LR.func.gii","506234","MNINonLinear//fsaverage_LR32k/506234.R.SmoothedMyelinMap_BC.32k_fs_LR.func.gii","hUFea61KUwNhT.v1VjkqLxvrwr878XL8"
"s3://hcp-openaccess/HCP_1200/506234/MNINonLinear/fsaverage_LR32k/506234.R.aparc.32k_fs_LR.label.gii","506234","MNINonLinear//fsaverage_LR32k/506234.R.aparc.32k_fs_LR.label.gii","6bgJYfmcrJn7CyBSWE4LzSDQAC7VLES."
"s3://hcp-openaccess/HCP_1200/506234/MNINonLinear/fsaverage_LR32k/506234.R.aparc.a2009s.32k_fs_LR.label.gii","506234","MNINonLinear//fsaverage_LR32k/506234.R.aparc.a2009s.32k_fs_LR.label.gii","PIUihzxfu2eMV5uUBj31IVwlpiAcYdAW"
"s3://hcp-openaccess/HCP_1200/506234/MNINonLinear/fsaverage_LR32k/506234.R.atlasroi.32k_fs_LR.shape.gii","506234","MNINonLinear//fsaverage_LR32k/506234.R.atlasroi.32k_fs_LR.shape.gii","_bSLpue5_AbWSYF0vNdTNHQbY5.rsD.L"
"s3://hcp-openaccess/HCP_1200/506234/MNINonLinear/fsaverage_LR32k/506234.R.corrThickness.32k_fs_LR.shape.gii","506234","MNINonLinear//fsaverage_LR32k/506234.R.corrThickness.32k_fs_LR.shape.gii","5QKzjCFOaxjrpBoz_QNm4MQXftzibT4P"
"s3://hcp-openaccess/HCP_1200/506234/MNINonLinear/fsaverage_LR32k/506234.R.curvature.32k_fs_LR.shape.gii","506234","MNINonLinear//fsaverage_LR32k/506234.R.curvature.32k_fs_LR.shape.gii","BAWGM2Je7qQmLph305xdt4_Tkxw7cmSw"
"s3://hcp-openaccess/HCP_1200/506234/MNINonLinear/fsaverage_LR32k/506234.R.flat.32k_fs_LR.surf.gii","506234","MNINonLinear//fsaverage_LR32k/506234.R.flat.32k_fs_LR.surf.gii","BWjymBwFuxZ9GySWSIPji9jn.V393s3o"
"s3://hcp-openaccess/HCP_1200/506234/MNINonLinear/fsaverage_LR32k/506234.R.inflated.32k_fs_LR.surf.gii","506234","MNINonLinear//fsaverage_LR32k/506234.R.inflated.32k_fs_LR.surf.gii","W3y0q3NtqGIHye6DzKGhGvbGb9Vr9aCN"
"s3://hcp-openaccess/HCP_1200/506234/MNINonLinear/fsaverage_LR32k/506234.R.inflated_MSMAll.32k_fs_LR.surf.gii","506234","MNINonLinear//fsaverage_LR32k/506234.R.inflated_MSMAll.32k_fs_LR.surf.gii","TeU885PQqlS4qgXQoxQ7duF3w50fXEDR"
"s3://hcp-openaccess/HCP_1200/506234/MNINonLinear/fsaverage_LR32k/506234.R.midthickness.32k_fs_LR.surf.gii","506234","MNINonLinear//fsaverage_LR32k/506234.R.midthickness.32k_fs_LR.surf.gii","NkzEucGuAUBWVSXSeWDkbrY6OCHjLQDF"
"s3://hcp-openaccess/HCP_1200/506234/MNINonLinear/fsaverage_LR32k/506234.R.midthickness_MSMAll.32k_fs_LR.surf.gii","506234","MNINonLinear//fsaverage_LR32k/506234.R.midthickness_MSMAll.32k_fs_LR.surf.gii","cz5W7LczsgD4r5xiiIWa6jhViPNG99pM"
"s3://hcp-openaccess/HCP_1200/506234/MNINonLinear/fsaverage_LR32k/506234.R.pial.32k_fs_LR.surf.gii","506234","MNINonLinear//fsaverage_LR32k/506234.R.pial.32k_fs_LR.surf.gii","MrLAbx1gTeslLKzzMH4qFc.kxLKqv06l"
"s3://hcp-openaccess/HCP_1200/506234/MNINonLinear/fsaverage_LR32k/506234.R.pial_MSMAll.32k_fs_LR.surf.gii","506234","MNINonLinear//fsaverage_LR32k/506234.R.pial_MSMAll.32k_fs_LR.surf.gii","Xenn5Evvv2o2M5nK7CSrwK2TR3zQcuts"
"s3://hcp-openaccess/HCP_1200/506234/MNINonLinear/fsaverage_LR32k/506234.R.sphere.32k_fs_LR.surf.gii","506234","MNINonLinear//fsaverage_LR32k/506234.R.sphere.32k_fs_LR.surf.gii","NMHtRvP_xpNjHMc2FggXAeFvdQCXL1h4"
"s3://hcp-openaccess/HCP_1200/506234/MNINonLinear/fsaverage_LR32k/506234.R.sulc.32k_fs_LR.shape.gii","506234","MNINonLinear//fsaverage_LR32k/506234.R.sulc.32k_fs_LR.shape.gii","DihzlLdk_feWdIkdebsFOxFwNgxzQvwW"
"s3://hcp-openaccess/HCP_1200/506234/MNINonLinear/fsaverage_LR32k/506234.R.thickness.32k_fs_LR.shape.gii","506234","MNINonLinear//fsaverage_LR32k/506234.R.thickness.32k_fs_LR.shape.gii","j9PIU4XXr.j1xCYi9xMYZ2cZJAtPqQcJ"
"s3://hcp-openaccess/HCP_1200/506234/MNINonLinear/fsaverage_LR32k/506234.R.very_inflated.32k_fs_LR.surf.gii","506234","MNINonLinear//fsaverage_LR32k/506234.R.very_inflated.32k_fs_LR.surf.gii","bv5xjElP5QciVkxpJkDsIjFxnNRssRg9"
"s3://hcp-openaccess/HCP_1200/506234/MNINonLinear/fsaverage_LR32k/506234.R.very_inflated_MSMAll.32k_fs_LR.surf.gii","506234","MNINonLinear//fsaverage_LR32k/506234.R.very_inflated_MSMAll.32k_fs_LR.surf.gii","sTDvASsC_5Vzvux6XQPl4_nwn_Gwps5P"
"s3://hcp-openaccess/HCP_1200/506234/MNINonLinear/fsaverage_LR32k/506234.R.white.32k_fs_LR.surf.gii","506234","MNINonLinear//fsaverage_LR32k/506234.R.white.32k_fs_LR.surf.gii","mYmMZe7qO_mq6DWrdqRIAQxormhL5Z6M"
"s3://hcp-openaccess/HCP_1200/506234/MNINonLinear/fsaverage_LR32k/506234.R.white_MSMAll.32k_fs_LR.surf.gii","506234","MNINonLinear//fsaverage_LR32k/506234.R.white_MSMAll.32k_fs_LR.surf.gii","4DyNF2gOYl5Hp3wyWvjDxqRVIUXXc6fg"
"s3://hcp-openaccess/HCP_1200/506234/MNINonLinear/fsaverage_LR32k/506234.SmoothedMyelinMap.32k_fs_LR.dscalar.nii","506234","MNINonLinear//fsaverage_LR32k/506234.SmoothedMyelinMap.32k_fs_LR.dscalar.nii","Sxfz_FkR6aG5kpjR_dmmc_DQ1OvlE5DP"
"s3://hcp-openaccess/HCP_1200/506234/MNINonLinear/fsaverage_LR32k/506234.SmoothedMyelinMap_BC.32k_fs_LR.dscalar.nii","506234","MNINonLinear//fsaverage_LR32k/506234.SmoothedMyelinMap_BC.32k_fs_LR.dscalar.nii","x_JA86tefgWK2AxWnHiLFi1Z8EUwMnhZ"
"s3://hcp-openaccess/HCP_1200/506234/MNINonLinear/fsaverage_LR32k/506234.SmoothedMyelinMap_BC_MSMAll.32k_fs_LR.dscalar.nii","506234","MNINonLinear//fsaverage_LR32k/506234.SmoothedMyelinMap_BC_MSMAll.32k_fs_LR.dscalar.nii","vM91fyC0xk3aCv_UX8Qo7iWQ_fN1ZpQ1"
"s3://hcp-openaccess/HCP_1200/506234/MNINonLinear/fsaverage_LR32k/506234.SphericalDistortion_MSMAll.32k_fs_LR.dscalar.nii","506234","MNINonLinear//fsaverage_LR32k/506234.SphericalDistortion_MSMAll.32k_fs_LR.dscalar.nii","k2ry5udPtsIV3smz40BEATd.R6hfn3gE"
"s3://hcp-openaccess/HCP_1200/506234/MNINonLinear/fsaverage_LR32k/506234.aparc.32k_fs_LR.dlabel.nii","506234","MNINonLinear//fsaverage_LR32k/506234.aparc.32k_fs_LR.dlabel.nii","dxj2xbIsNLHuFxHUTt0TmFGFi9FiWsww"
"s3://hcp-openaccess/HCP_1200/506234/MNINonLinear/fsaverage_LR32k/506234.aparc.a2009s.32k_fs_LR.dlabel.nii","506234","MNINonLinear//fsaverage_LR32k/506234.aparc.a2009s.32k_fs_LR.dlabel.nii","Ra.xEVVRCzRqYe8Rb5LWkRAEeigA2GqO"
"s3://hcp-openaccess/HCP_1200/506234/MNINonLinear/fsaverage_LR32k/506234.corrThickness.32k_fs_LR.dscalar.nii","506234","MNINonLinear//fsaverage_LR32k/506234.corrThickness.32k_fs_LR.dscalar.nii","UQnCfn12LBI419vzHm4M0bQecz2Z_0gE"
"s3://hcp-openaccess/HCP_1200/506234/MNINonLinear/fsaverage_LR32k/506234.corrThickness_MSMAll.32k_fs_LR.dscalar.nii","506234","MNINonLinear//fsaverage_LR32k/506234.corrThickness_MSMAll.32k_fs_LR.dscalar.nii","H7gTSBGHX4_J.G2lRZoN1x4qNZyMuI6P"
"s3://hcp-openaccess/HCP_1200/506234/MNINonLinear/fsaverage_LR32k/506234.curvature.32k_fs_LR.dscalar.nii","506234","MNINonLinear//fsaverage_LR32k/506234.curvature.32k_fs_LR.dscalar.nii","Q6LTcNnoozGMXVOSxCfcpRkbZsjc0kXu"
"s3://hcp-openaccess/HCP_1200/506234/MNINonLinear/fsaverage_LR32k/506234.curvature_MSMAll.32k_fs_LR.dscalar.nii","506234","MNINonLinear//fsaverage_LR32k/506234.curvature_MSMAll.32k_fs_LR.dscalar.nii","OEIP7edvIknRrU3.GYY4A9XsjnDOB0ZO"
"s3://hcp-openaccess/HCP_1200/506234/MNINonLinear/fsaverage_LR32k/506234.sulc.32k_fs_LR.dscalar.nii","506234","MNINonLinear//fsaverage_LR32k/506234.sulc.32k_fs_LR.dscalar.nii","BZlZz7oUwSdVPseNWaKrSv_2qJtwxAVw"
"s3://hcp-openaccess/HCP_1200/506234/MNINonLinear/fsaverage_LR32k/506234.sulc_MSMAll.32k_fs_LR.dscalar.nii","506234","MNINonLinear//fsaverage_LR32k/506234.sulc_MSMAll.32k_fs_LR.dscalar.nii","vuqeCz.1JFiQ.wnGGbP0vGPV07gyS.Wj"
"s3://hcp-openaccess/HCP_1200/506234/MNINonLinear/fsaverage_LR32k/506234.thickness.32k_fs_LR.dscalar.nii","506234","MNINonLinear//fsaverage_LR32k/506234.thickness.32k_fs_LR.dscalar.nii","6Y8TJ4JVPe7KgAIyn4pu8uQibFYAvMPg"
"s3://hcp-openaccess/HCP_1200/506234/MNINonLinear/fsaverage_LR32k/506234.thickness_MSMAll.32k_fs_LR.dscalar.nii","506234","MNINonLinear//fsaverage_LR32k/506234.thickness_MSMAll.32k_fs_LR.dscalar.nii","KoaLtXY2ZjbK60cPb_PSDDWptBMbMpnv"
"s3://hcp-openaccess/HCP_1200/506234/MNINonLinear/ribbon.nii.gz","506234","MNINonLinear//ribbon.nii.gz","aMH8ZJWZnPf0v4B_AJJuQ2uukCVaOlpi"
"s3://hcp-openaccess/HCP_1200/506234/MNINonLinear/wmparc.nii.gz","506234","MNINonLinear//wmparc.nii.gz","SdqTqpxy6y1z9uuMemVr0Murv7TZMBkN"
"s3://hcp-openaccess/HCP_1200/506234/MNINonLinear/xfms/NonlinearRegJacobians.nii.gz","506234","MNINonLinear//xfms/NonlinearRegJacobians.nii.gz","4ih57St.AWxUrq8vUuuGTDcs7Lk3vrmz"
"s3://hcp-openaccess/HCP_1200/506234/MNINonLinear/xfms/acpc_dc2standard.nii.gz","506234","MNINonLinear//xfms/acpc_dc2standard.nii.gz","3MchLOLzcIbLDu7KHlynT_03KSznWTNz"
"s3://hcp-openaccess/HCP_1200/506234/MNINonLinear/xfms/standard2acpc_dc.nii.gz","506234","MNINonLinear//xfms/standard2acpc_dc.nii.gz","G7HMV3LHox_FG3tY.tjr8CguMvzToP17"
"s3://hcp-openaccess/HCP_1200/506234/T1w/506234/label/BA.ctab","506234","T1w//506234/label/BA.ctab","immhAVoNFbpXILc1mHoXHfiuoc6q1vu2"
"s3://hcp-openaccess/HCP_1200/506234/T1w/506234/label/BA.thresh.ctab","506234","T1w//506234/label/BA.thresh.ctab","ptZR8aYEHqLDc0UCxcYQfhg5M53cIKLF"
"s3://hcp-openaccess/HCP_1200/506234/T1w/506234/label/aparc.annot.DKTatlas40.ctab","506234","T1w//506234/label/aparc.annot.DKTatlas40.ctab","Pya1DG0fdO_2rP3cqe2WUJiUXtMwZxPW"
"s3://hcp-openaccess/HCP_1200/506234/T1w/506234/label/aparc.annot.a2009s.ctab","506234","T1w//506234/label/aparc.annot.a2009s.ctab","uaDfTRvh8QVaMDxgodKQWWySFR9G.CMi"
"s3://hcp-openaccess/HCP_1200/506234/T1w/506234/label/aparc.annot.ctab","506234","T1w//506234/label/aparc.annot.ctab","Kk_2Be6xrxyu2eNFTMIUrJlDnzejU1UP"
"s3://hcp-openaccess/HCP_1200/506234/T1w/506234/label/lh.BA.annot","506234","T1w//506234/label/lh.BA.annot",".NCfPecWBiCVpDRIiTnvkap_2lnxZVwr"
"s3://hcp-openaccess/HCP_1200/506234/T1w/506234/label/lh.BA.thresh.annot","506234","T1w//506234/label/lh.BA.thresh.annot","OhMkkGHDOpjGPEQ2F1AlQoqPVE.cLvUe"
"s3://hcp-openaccess/HCP_1200/506234/T1w/506234/label/lh.BA1.label","506234","T1w//506234/label/lh.BA1.label","1XG7nshdZWtertwrKWMHk.uh_X2xbM6x"
"s3://hcp-openaccess/HCP_1200/506234/T1w/506234/label/lh.BA1.thresh.label","506234","T1w//506234/label/lh.BA1.thresh.label","N5rw.tgKrKUGmBjTl1B.DKgds_TGWbLB"
"s3://hcp-openaccess/HCP_1200/506234/T1w/506234/label/lh.BA2.label","506234","T1w//506234/label/lh.BA2.label","Nbznb2qS5x0JA1r8w.JOrkGjNCYaeJeT"
"s3://hcp-openaccess/HCP_1200/506234/T1w/506234/label/lh.BA2.thresh.label","506234","T1w//506234/label/lh.BA2.thresh.label","XpGIvDmdD1BCoUpmHpg4SG_Qi.8RTZ3W"
"s3://hcp-openaccess/HCP_1200/506234/T1w/506234/label/lh.BA3a.label","506234","T1w//506234/label/lh.BA3a.label","A_7EZKV5KpQ9INauxF3QkDWK32oZvBlN"
"s3://hcp-openaccess/HCP_1200/506234/T1w/506234/label/lh.BA3a.thresh.label","506234","T1w//506234/label/lh.BA3a.thresh.label","Ylz7mto_puXAH5HkkOS7iEN4OyzQZNMq"
"s3://hcp-openaccess/HCP_1200/506234/T1w/506234/label/lh.BA3b.label","506234","T1w//506234/label/lh.BA3b.label","DT3tzYhfAgSqEHTiBSkYrYuw0S7JSqjs"
"s3://hcp-openaccess/HCP_1200/506234/T1w/506234/label/lh.BA3b.thresh.label","506234","T1w//506234/label/lh.BA3b.thresh.label","T81YDcvKe.uUFkCiLJT323IslxAYCQhq"
"s3://hcp-openaccess/HCP_1200/506234/T1w/506234/label/lh.BA44.label","506234","T1w//506234/label/lh.BA44.label","J.mgLzJoHEoAIwKi4gYWicnKhEq1ethO"
"s3://hcp-openaccess/HCP_1200/506234/T1w/506234/label/lh.BA44.thresh.label","506234","T1w//506234/label/lh.BA44.thresh.label","OwYj3SLRRasfuzju.caQou1YLCJDTGoW"
"s3://hcp-openaccess/HCP_1200/506234/T1w/506234/label/lh.BA45.label","506234","T1w//506234/label/lh.BA45.label","XFJp._LrvDW0FlaqEfUjosFboIavKfh2"
"s3://hcp-openaccess/HCP_1200/506234/T1w/506234/label/lh.BA45.thresh.label","506234","T1w//506234/label/lh.BA45.thresh.label","R8eKKUMqZz_FMQ6ZNdr1L6M7hOgbIMzz"
"s3://hcp-openaccess/HCP_1200/506234/T1w/506234/label/lh.BA4a.label","506234","T1w//506234/label/lh.BA4a.label","3Lqcfb2po_RF7th6RqBzNlhg_5TWn1Rw"
"s3://hcp-openaccess/HCP_1200/506234/T1w/506234/label/lh.BA4a.thresh.label","506234","T1w//506234/label/lh.BA4a.thresh.label","d_oNAlPeJZkAYot4Q83kmJeonJX5fiSa"
"s3://hcp-openaccess/HCP_1200/506234/T1w/506234/label/lh.BA4p.label","506234","T1w//506234/label/lh.BA4p.label","o2m6h.oGLaWdFCVo4owPToeFpP6E7fMQ"
"s3://hcp-openaccess/HCP_1200/506234/T1w/506234/label/lh.BA4p.thresh.label","506234","T1w//506234/label/lh.BA4p.thresh.label","S2hnXeEuvQTJnJGWIwvcdQD3c.WYdfQ4"
"s3://hcp-openaccess/HCP_1200/506234/T1w/506234/label/lh.BA6.label","506234","T1w//506234/label/lh.BA6.label","0nAStIZbsFb7Ss6myVyZcWsv9bicCpiT"
"s3://hcp-openaccess/HCP_1200/506234/T1w/506234/label/lh.BA6.thresh.label","506234","T1w//506234/label/lh.BA6.thresh.label","QjituagSdyGdZ25IdJPan1GeFXGcvCxr"
"s3://hcp-openaccess/HCP_1200/506234/T1w/506234/label/lh.MT.label","506234","T1w//506234/label/lh.MT.label","vxawXBpDSe0kQOs9zbKLb50EPME0l7k_"
"s3://hcp-openaccess/HCP_1200/506234/T1w/506234/label/lh.MT.thresh.label","506234","T1w//506234/label/lh.MT.thresh.label","rUu3sEEZuiePP5D4DCwHFu0OhGc.D7uw"
"s3://hcp-openaccess/HCP_1200/506234/T1w/506234/label/lh.V1.label","506234","T1w//506234/label/lh.V1.label","9XY23VNimsfwPD2JK9q8DulWphR1NaCQ"
"s3://hcp-openaccess/HCP_1200/506234/T1w/506234/label/lh.V1.thresh.label","506234","T1w//506234/label/lh.V1.thresh.label","4cXoUN6.PCQzxV5U6fJ3_eCghNGtlprM"
"s3://hcp-openaccess/HCP_1200/506234/T1w/506234/label/lh.V2.label","506234","T1w//506234/label/lh.V2.label","rEaj6THRBANIKtVidcDh0bifVp38ut5K"
"s3://hcp-openaccess/HCP_1200/506234/T1w/506234/label/lh.V2.thresh.label","506234","T1w//506234/label/lh.V2.thresh.label","JNxmwmH6hA.a.6YKn4SjAXMxpopsajf0"
"s3://hcp-openaccess/HCP_1200/506234/T1w/506234/label/lh.aparc.DKTatlas40.annot","506234","T1w//506234/label/lh.aparc.DKTatlas40.annot","KraNPf97wgd.Q_kk5JC0JC437_zxI9RG"
"s3://hcp-openaccess/HCP_1200/506234/T1w/506234/label/lh.aparc.a2009s.annot","506234","T1w//506234/label/lh.aparc.a2009s.annot","TrfJLWpOQ0HSuhdKeegC0J0C30zZJ6dI"
"s3://hcp-openaccess/HCP_1200/506234/T1w/506234/label/lh.aparc.annot","506234","T1w//506234/label/lh.aparc.annot","8053dY7okaJ9aPvil3MdDBX806zgV1j0"
"s3://hcp-openaccess/HCP_1200/506234/T1w/506234/label/lh.cortex.deformed.label","506234","T1w//506234/label/lh.cortex.deformed.label","Ba.6xwmjzk45vZQoLGU9pqsmOeKGxiqN"
"s3://hcp-openaccess/HCP_1200/506234/T1w/506234/label/lh.cortex.label","506234","T1w//506234/label/lh.cortex.label","XeZNj614rid.4i2oDoAGRxP44bzV6gcT"
"s3://hcp-openaccess/HCP_1200/506234/T1w/506234/label/lh.cortex.prehires.label","506234","T1w//506234/label/lh.cortex.prehires.label","Lvl4.oIjZ2LDIXP5n0wH_3_ZS4gPRAOG"
"s3://hcp-openaccess/HCP_1200/506234/T1w/506234/label/lh.entorhinal_exvivo.label","506234","T1w//506234/label/lh.entorhinal_exvivo.label","rf8CJVZpq97f.qzKO0c3qPP7sz1bCX2S"
"s3://hcp-openaccess/HCP_1200/506234/T1w/506234/label/lh.perirhinal.label","506234","T1w//506234/label/lh.perirhinal.label","7BfTCJphUNGEtyWrNRpcBlzP4ottS6_S"
"s3://hcp-openaccess/HCP_1200/506234/T1w/506234/label/rh.BA.annot","506234","T1w//506234/label/rh.BA.annot","_2axbbJK4DfT6LKv9O9JkcRDYqHPYlia"
"s3://hcp-openaccess/HCP_1200/506234/T1w/506234/label/rh.BA.thresh.annot","506234","T1w//506234/label/rh.BA.thresh.annot","dbWz86Aaz2LbRUI8hQ78FtdExKquJHbx"
"s3://hcp-openaccess/HCP_1200/506234/T1w/506234/label/rh.BA1.label","506234","T1w//506234/label/rh.BA1.label","su5pUk20T9F0T8g9KX4DHGbI9IVC0okH"
"s3://hcp-openaccess/HCP_1200/506234/T1w/506234/label/rh.BA1.thresh.label","506234","T1w//506234/label/rh.BA1.thresh.label",".42mrknq7zc3XIV0crE4FdUQrVxd9XgE"
"s3://hcp-openaccess/HCP_1200/506234/T1w/506234/label/rh.BA2.label","506234","T1w//506234/label/rh.BA2.label","ytSn0mfiF7NtZyz9H0Brj3Wv55GEVTqn"
"s3://hcp-openaccess/HCP_1200/506234/T1w/506234/label/rh.BA2.thresh.label","506234","T1w//506234/label/rh.BA2.thresh.label","B7lL_pNt590OQtS3tG.CSZUvn22a_rQ5"
"s3://hcp-openaccess/HCP_1200/506234/T1w/506234/label/rh.BA3a.label","506234","T1w//506234/label/rh.BA3a.label","5DEEJZJFlvOdqxJFf5snhr3JE8ATyXM6"
"s3://hcp-openaccess/HCP_1200/506234/T1w/506234/label/rh.BA3a.thresh.label","506234","T1w//506234/label/rh.BA3a.thresh.label","Z18I8jY5rbWSacloBpeQzRvi_XNZd_ap"
"s3://hcp-openaccess/HCP_1200/506234/T1w/506234/label/rh.BA3b.label","506234","T1w//506234/label/rh.BA3b.label","bLGveEaWCb.Cs2ssZwsj6whqAfh_mV_w"
"s3://hcp-openaccess/HCP_1200/506234/T1w/506234/label/rh.BA3b.thresh.label","506234","T1w//506234/label/rh.BA3b.thresh.label","HKZFDTJjAUqMldBggwil.iNmxt8KiR_0"
"s3://hcp-openaccess/HCP_1200/506234/T1w/506234/label/rh.BA44.label","506234","T1w//506234/label/rh.BA44.label","3ndq7zNr_4ZGtVJdAF56eYU4KlyLN2yG"
"s3://hcp-openaccess/HCP_1200/506234/T1w/506234/label/rh.BA44.thresh.label","506234","T1w//506234/label/rh.BA44.thresh.label","tyGQuTH.hojAb01zMYSttldrPIogDrzW"
"s3://hcp-openaccess/HCP_1200/506234/T1w/506234/label/rh.BA45.label","506234","T1w//506234/label/rh.BA45.label","7d9ULcu8HjH8YzpLiNGLl_gYRP6Hk6lZ"
"s3://hcp-openaccess/HCP_1200/506234/T1w/506234/label/rh.BA45.thresh.label","506234","T1w//506234/label/rh.BA45.thresh.label","H4InBzTtyAgNQk8Vv4ZZogp4PKusrLNX"
"s3://hcp-openaccess/HCP_1200/506234/T1w/506234/label/rh.BA4a.label","506234","T1w//506234/label/rh.BA4a.label","7CxZNUKZAlbwhW4IgMD5FrLtRJfR0IfL"
"s3://hcp-openaccess/HCP_1200/506234/T1w/506234/label/rh.BA4a.thresh.label","506234","T1w//506234/label/rh.BA4a.thresh.label","2X8NTRT5WLA1iiGwTqwZg6AGWKR32LAG"
"s3://hcp-openaccess/HCP_1200/506234/T1w/506234/label/rh.BA4p.label","506234","T1w//506234/label/rh.BA4p.label","viPUMBcu_v03QBMJIrvFmrUvnzrBIJpN"
"s3://hcp-openaccess/HCP_1200/506234/T1w/506234/label/rh.BA4p.thresh.label","506234","T1w//506234/label/rh.BA4p.thresh.label","2p7j3RJqAcGdg4q1wgapP4V3pZBfj333"
"s3://hcp-openaccess/HCP_1200/506234/T1w/506234/label/rh.BA6.label","506234","T1w//506234/label/rh.BA6.label","6uBwcHjv5kgXJKUWjnjNB9McP3rC3tvE"
"s3://hcp-openaccess/HCP_1200/506234/T1w/506234/label/rh.BA6.thresh.label","506234","T1w//506234/label/rh.BA6.thresh.label","Q23DAKJd56jlZoCzFH9MCffBs1Gi8yAB"
"s3://hcp-openaccess/HCP_1200/506234/T1w/506234/label/rh.MT.label","506234","T1w//506234/label/rh.MT.label","IgjPja7JdHN5CVtF1nGnYnbuLxNfcEQE"
"s3://hcp-openaccess/HCP_1200/506234/T1w/506234/label/rh.MT.thresh.label","506234","T1w//506234/label/rh.MT.thresh.label","QP7uzLK9L4ARGnod3.VtFYBWYX9BD_Lj"
"s3://hcp-openaccess/HCP_1200/506234/T1w/506234/label/rh.V1.label","506234","T1w//506234/label/rh.V1.label","hGwecwFQ.b_dOuVG3XXNCgQJmj4T9JNp"
"s3://hcp-openaccess/HCP_1200/506234/T1w/506234/label/rh.V1.thresh.label","506234","T1w//506234/label/rh.V1.thresh.label","wSHmREkLYebLJt92v9IzNXiAaYA3h..o"
"s3://hcp-openaccess/HCP_1200/506234/T1w/506234/label/rh.V2.label","506234","T1w//506234/label/rh.V2.label","BCQ6e3ktuHE.mjM0DjM1cHAPqDseEWFX"
"s3://hcp-openaccess/HCP_1200/506234/T1w/506234/label/rh.V2.thresh.label","506234","T1w//506234/label/rh.V2.thresh.label","vsxZCX2xqYRjV3Cd2btf0uFS0wjE.nxe"
"s3://hcp-openaccess/HCP_1200/506234/T1w/506234/label/rh.aparc.DKTatlas40.annot","506234","T1w//506234/label/rh.aparc.DKTatlas40.annot","_LBGv0tN9DZdH.UZ6bDpKxW6Apnp52te"
"s3://hcp-openaccess/HCP_1200/506234/T1w/506234/label/rh.aparc.a2009s.annot","506234","T1w//506234/label/rh.aparc.a2009s.annot","rw4y0Q7SdOfqd4.gcGaSw5tVvz7yFKfE"
"s3://hcp-openaccess/HCP_1200/506234/T1w/506234/label/rh.aparc.annot","506234","T1w//506234/label/rh.aparc.annot","zW2561GCmbMW8y_CMdBKV63g..M7s2ds"
"s3://hcp-openaccess/HCP_1200/506234/T1w/506234/label/rh.cortex.deformed.label","506234","T1w//506234/label/rh.cortex.deformed.label","pFSFuo_uhNjVASP9QMxbnXI.sBWrOqQE"
"s3://hcp-openaccess/HCP_1200/506234/T1w/506234/label/rh.cortex.label","506234","T1w//506234/label/rh.cortex.label","n_Ew6YVUA6wXwctsUxVGe2O2wdM.LvaW"
"s3://hcp-openaccess/HCP_1200/506234/T1w/506234/label/rh.cortex.prehires.label","506234","T1w//506234/label/rh.cortex.prehires.label","otvwwNJJdsqn3BJlJ0B9nWr8JW05xXXA"
"s3://hcp-openaccess/HCP_1200/506234/T1w/506234/label/rh.entorhinal_exvivo.label","506234","T1w//506234/label/rh.entorhinal_exvivo.label","SL0Fqa16eBCm95MH8SZMVIdy0o.aagVs"
"s3://hcp-openaccess/HCP_1200/506234/T1w/506234/label/rh.perirhinal.label","506234","T1w//506234/label/rh.perirhinal.label","SSsXDTzEwks4wdGD1FnvYItdgytHcfgs"
"s3://hcp-openaccess/HCP_1200/506234/T1w/506234/mri/.xdebug_mris_calc","506234","T1w//506234/mri/.xdebug_mris_calc","dDGwMlvADV4PBaskVFncsVTYeZEn5lE5"
"s3://hcp-openaccess/HCP_1200/506234/T1w/506234/mri/T1.mgz","506234","T1w//506234/mri/T1.mgz","AqikqZFxdto613C870iEH5xJvN8pUxFT"
"s3://hcp-openaccess/HCP_1200/506234/T1w/506234/mri/T1wMulT2w_hires.nii.gz","506234","T1w//506234/mri/T1wMulT2w_hires.nii.gz","z_3WClkHQkDpK5godb3iWktnFfI093NG"
"s3://hcp-openaccess/HCP_1200/506234/T1w/506234/mri/T1w_hires.greynorm.mgz","506234","T1w//506234/mri/T1w_hires.greynorm.mgz","mJNCk0BK2fX2OwyDYiVZMdqmQOLTQVh0"
"s3://hcp-openaccess/HCP_1200/506234/T1w/506234/mri/T1w_hires.greynorm.nii.gz","506234","T1w//506234/mri/T1w_hires.greynorm.nii.gz","ppOhQxU7idZdJt5i1bZGt_O9u0yI51OE"
"s3://hcp-openaccess/HCP_1200/506234/T1w/506234/mri/T1w_hires.greynorm_ribbon.nii.gz","506234","T1w//506234/mri/T1w_hires.greynorm_ribbon.nii.gz","mlkywsUZzIqwvw86bdoGlteA_6kAOKPE"
"s3://hcp-openaccess/HCP_1200/506234/T1w/506234/mri/T1w_hires.masked.mgz","506234","T1w//506234/mri/T1w_hires.masked.mgz","ry0UJgZXoA_iwbCY.JI0VsSYlUhf4ZCJ"
"s3://hcp-openaccess/HCP_1200/506234/T1w/506234/mri/T1w_hires.masked.norm.mgz","506234","T1w//506234/mri/T1w_hires.masked.norm.mgz","nJjZ0cx9yaGJyQwJ5Xlt72PRltJjiJVk"
"s3://hcp-openaccess/HCP_1200/506234/T1w/506234/mri/T1w_hires.nii.gz","506234","T1w//506234/mri/T1w_hires.nii.gz","BsHu88yMDgfhaWVgc0durP8fOk.woYVr"
"s3://hcp-openaccess/HCP_1200/506234/T1w/506234/mri/T1w_hires.norm.mgz","506234","T1w//506234/mri/T1w_hires.norm.mgz","6iO3oBy8mE38D5NvhuDp_bkqkboNFM3g"
"s3://hcp-openaccess/HCP_1200/506234/T1w/506234/mri/T1w_hires.norm.nii.gz","506234","T1w//506234/mri/T1w_hires.norm.nii.gz","Dfl6KjFU4Lp1d6_qcCyrUEQTa1QhxeTD"
"s3://hcp-openaccess/HCP_1200/506234/T1w/506234/mri/T1w_hires.norm_grey_myelin.nii.gz","506234","T1w//506234/mri/T1w_hires.norm_grey_myelin.nii.gz","N2ceVUACc_GvY0x6ciOeswlTu5ZaSsz7"
"s3://hcp-openaccess/HCP_1200/506234/T1w/506234/mri/T1w_hires.norm_ribbon.nii.gz","506234","T1w//506234/mri/T1w_hires.norm_ribbon.nii.gz","niIVTJbffB5lEXu7KoOr.oJbBT5pIPm4"
"s3://hcp-openaccess/HCP_1200/506234/T1w/506234/mri/T1w_hires.norm_ribbon_myelin.nii.gz","506234","T1w//506234/mri/T1w_hires.norm_ribbon_myelin.nii.gz","1l9hml.5ZT3.I4rkVRYr3QBDQNzr8v50"
"s3://hcp-openaccess/HCP_1200/506234/T1w/506234/mri/T2w_hires.nii.gz","506234","T1w//506234/mri/T2w_hires.nii.gz","ZrcPCkSz7T8wWexHNLC1Pg3AHWs77UAw"
"s3://hcp-openaccess/HCP_1200/506234/T1w/506234/mri/T2w_hires.norm.mgz","506234","T1w//506234/mri/T2w_hires.norm.mgz","BXCAxHNdhWVSudQwWP9rBWR4fcqoGiem"
"s3://hcp-openaccess/HCP_1200/506234/T1w/506234/mri/T2w_hires.norm.nii.gz","506234","T1w//506234/mri/T2w_hires.norm.nii.gz","O0mZBhLZ3NmiWUUsLlGURubixPISet0O"
"s3://hcp-openaccess/HCP_1200/506234/T1w/506234/mri/aparc+aseg.mgz","506234","T1w//506234/mri/aparc+aseg.mgz","l7MX5wAY6dlr.mOprfsd2fPaV4VQxBcT"
"s3://hcp-openaccess/HCP_1200/506234/T1w/506234/mri/aparc.a2009s+aseg.mgz","506234","T1w//506234/mri/aparc.a2009s+aseg.mgz","hD1oa0TtzKTVowQi1coLIqqXOei6.pXi"
"s3://hcp-openaccess/HCP_1200/506234/T1w/506234/mri/aseg.auto.mgz","506234","T1w//506234/mri/aseg.auto.mgz","mlBdcpfWCxzKDx0PxJEKwl3AFLkZTs0O"
"s3://hcp-openaccess/HCP_1200/506234/T1w/506234/mri/aseg.auto_noCCseg.label_intensities.txt","506234","T1w//506234/mri/aseg.auto_noCCseg.label_intensities.txt","5NWqx1JHRTKby5mqol2MJJEjwayJThut"
"s3://hcp-openaccess/HCP_1200/506234/T1w/506234/mri/aseg.auto_noCCseg.mgz","506234","T1w//506234/mri/aseg.auto_noCCseg.mgz","r1XwSaz4jpjNBZklZdJepQGj_baKRVv_"
"s3://hcp-openaccess/HCP_1200/506234/T1w/506234/mri/aseg.hires.mgz","506234","T1w//506234/mri/aseg.hires.mgz","pK_3nkCooBB3nEHrC9CzFMk9gCkmL5Cr"
"s3://hcp-openaccess/HCP_1200/506234/T1w/506234/mri/aseg.hires.nii.gz","506234","T1w//506234/mri/aseg.hires.nii.gz","Mexzv7rPgtvImWZx8AV6AFCq_7r3Vmxk"
"s3://hcp-openaccess/HCP_1200/506234/T1w/506234/mri/aseg.mgz","506234","T1w//506234/mri/aseg.mgz","W0S2yOlasNtZX7yUtw32PVtNrzq_mswQ"
"s3://hcp-openaccess/HCP_1200/506234/T1w/506234/mri/brain.finalsurfs.mgz","506234","T1w//506234/mri/brain.finalsurfs.mgz","3kVJYiiZ0BtI7CRwaRBYwQ1kCVvFWj46"
"s3://hcp-openaccess/HCP_1200/506234/T1w/506234/mri/brain.hires.mgz","506234","T1w//506234/mri/brain.hires.mgz","fhkDqd25A.a4fD2PVf8vEYpV6blXhaiI"
"s3://hcp-openaccess/HCP_1200/506234/T1w/506234/mri/brain.mgz","506234","T1w//506234/mri/brain.mgz","q0f4LW84N452_O0LyuMElt0Hca54A7nc"
"s3://hcp-openaccess/HCP_1200/506234/T1w/506234/mri/brainmask.auto.mgz","506234","T1w//506234/mri/brainmask.auto.mgz","PXS60jQVxS.OSgEaj3ETziLOek.p8MhQ"
"s3://hcp-openaccess/HCP_1200/506234/T1w/506234/mri/brainmask.mgz","506234","T1w//506234/mri/brainmask.mgz","eTS0V6BdqJsjsRy5cydC1XgheuDGQgtG"
"s3://hcp-openaccess/HCP_1200/506234/T1w/506234/mri/c_ras.mat","506234","T1w//506234/mri/c_ras.mat","zFV2xAV3ql62J76e8gPDFHAm5XQk6VMM"
"s3://hcp-openaccess/HCP_1200/506234/T1w/506234/mri/ctrl_pts.mgz","506234","T1w//506234/mri/ctrl_pts.mgz","mtyrX5B6z4mtPgM9q0YD9rZwY3p94H0N"
"s3://hcp-openaccess/HCP_1200/506234/T1w/506234/mri/dilribbon_inv.nii.gz","506234","T1w//506234/mri/dilribbon_inv.nii.gz","XJKuCRhNgCD977Xd8Ab88Sk6SuLSDF0L"
"s3://hcp-openaccess/HCP_1200/506234/T1w/506234/mri/filled.hires.mgz","506234","T1w//506234/mri/filled.hires.mgz","calIr57ZgMQxRrSm1NAz8yud2FOBzBMp"
"s3://hcp-openaccess/HCP_1200/506234/T1w/506234/mri/filled.mgz","506234","T1w//506234/mri/filled.mgz","BFnGW.UNwjwpR.X9eLd9xuMnniuXbsot"
"s3://hcp-openaccess/HCP_1200/506234/T1w/506234/mri/lh.ribbon.mgz","506234","T1w//506234/mri/lh.ribbon.mgz","1xGs8IM9BLC5VJCXvkhXjEAFevzgICA4"
"s3://hcp-openaccess/HCP_1200/506234/T1w/506234/mri/lh.ribbon.nii.gz","506234","T1w//506234/mri/lh.ribbon.nii.gz","w5Zl8db5Ii72Wo7wlbsiMfa2Vt1dNbV9"
"s3://hcp-openaccess/HCP_1200/506234/T1w/506234/mri/mri_nu_correct.mni.log","506234","T1w//506234/mri/mri_nu_correct.mni.log","AdkbFJeVPlTz4G47tp.dSFAnGM3RmZqG"
"s3://hcp-openaccess/HCP_1200/506234/T1w/506234/mri/mri_nu_correct.mni.log.bak","506234","T1w//506234/mri/mri_nu_correct.mni.log.bak","IWSGAtsrE5Snn.7CstbBW6qKI7YepdNl"
"s3://hcp-openaccess/HCP_1200/506234/T1w/506234/mri/norm.mgz","506234","T1w//506234/mri/norm.mgz","tH7g6ibqH0L3Bjh175ZKc4Xp7TG1_X.G"
"s3://hcp-openaccess/HCP_1200/506234/T1w/506234/mri/nu.mgz","506234","T1w//506234/mri/nu.mgz","rLuiZC1HlRRZmhfWUqhHUdb1plCnwM81"
"s3://hcp-openaccess/HCP_1200/506234/T1w/506234/mri/nu_noneck.mgz","506234","T1w//506234/mri/nu_noneck.mgz","ozPcCilpbCE9oXfdV59FbZzqHJ2g8Qff"
"s3://hcp-openaccess/HCP_1200/506234/T1w/506234/mri/orig.mgz","506234","T1w//506234/mri/orig.mgz","iIqXa.j6xJ2GFPNAKysyyNc.W23_AwaT"
"s3://hcp-openaccess/HCP_1200/506234/T1w/506234/mri/orig/001.mgz","506234","T1w//506234/mri/orig/001.mgz","m.DHxjKqM6teTn.QvKj9.E8gJsfi3j5i"
"s3://hcp-openaccess/HCP_1200/506234/T1w/506234/mri/orig_nu.log","506234","T1w//506234/mri/orig_nu.log","beeTtaFNcry_lVExRvaVqUrPJgkX8c8j"
"s3://hcp-openaccess/HCP_1200/506234/T1w/506234/mri/orig_nu.mgz","506234","T1w//506234/mri/orig_nu.mgz","OSs.dkdJGlazB_27MTIauD_cu5otjvQg"
"s3://hcp-openaccess/HCP_1200/506234/T1w/506234/mri/rawavg.mgz","506234","T1w//506234/mri/rawavg.mgz","UtXa.WdqYVAqzKb5Day9Ch3YQUE89kAS"
"s3://hcp-openaccess/HCP_1200/506234/T1w/506234/mri/rh.ribbon.mgz","506234","T1w//506234/mri/rh.ribbon.mgz","i1PDm92JY4tsaB.aSpyE4ojs28zp4ftt"
"s3://hcp-openaccess/HCP_1200/506234/T1w/506234/mri/rh.ribbon.nii.gz","506234","T1w//506234/mri/rh.ribbon.nii.gz","Wo7FVLrOEUIgIj4Pecaj.W.BZh64XCLO"
"s3://hcp-openaccess/HCP_1200/506234/T1w/506234/mri/ribbon.mgz","506234","T1w//506234/mri/ribbon.mgz","F1ztXylHwt9dIt.xuGIeFAZR39PFLDWK"
"s3://hcp-openaccess/HCP_1200/506234/T1w/506234/mri/ribbon.nii.gz","506234","T1w//506234/mri/ribbon.nii.gz","ra5Uu9bvgXH.WS6MjQq4RGkVjmqUacQM"
"s3://hcp-openaccess/HCP_1200/506234/T1w/506234/mri/ribbon_inv.nii.gz","506234","T1w//506234/mri/ribbon_inv.nii.gz","jXjPGUjiAEgh2QWG2n95z2z0XUXQ.Jpu"
"s3://hcp-openaccess/HCP_1200/506234/T1w/506234/mri/ribbon_s5.nii.gz","506234","T1w//506234/mri/ribbon_s5.nii.gz","f5yNSJreCUlr9FbRQBlejTsdBj53Ul.7"
"s3://hcp-openaccess/HCP_1200/506234/T1w/506234/mri/segment.dat","506234","T1w//506234/mri/segment.dat","QwPSKTeRqXI90VaTwVv.l9wZDMOrVHlN"
"s3://hcp-openaccess/HCP_1200/506234/T1w/506234/mri/talairach.label_intensities.txt","506234","T1w//506234/mri/talairach.label_intensities.txt","9ZoCavRpfLU46nbjXQYesDCfa.N9E.LZ"
"s3://hcp-openaccess/HCP_1200/506234/T1w/506234/mri/talairach.log","506234","T1w//506234/mri/talairach.log","vT74aLpvXzfGXWbyrBiPVUZ_LlPCtQJP"
"s3://hcp-openaccess/HCP_1200/506234/T1w/506234/mri/talairach_with_skull_2.log","506234","T1w//506234/mri/talairach_with_skull_2.log","42TW87kQna4Q5cOTe.T_m2oUU1.frSNO"
"s3://hcp-openaccess/HCP_1200/506234/T1w/506234/mri/transforms/1mm2hires.dat","506234","T1w//506234/mri/transforms/1mm2hires.dat","XkWu6EYvOWhEq7uUIvaqI8I7mBu9Or0t"
"s3://hcp-openaccess/HCP_1200/506234/T1w/506234/mri/transforms/T2wtoT1w.dat","506234","T1w//506234/mri/transforms/T2wtoT1w.dat","foxJ24OsVhcwfvJLFAZfmaegvuGKNLjK"
"s3://hcp-openaccess/HCP_1200/506234/T1w/506234/mri/transforms/T2wtoT1w.dat.log","506234","T1w//506234/mri/transforms/T2wtoT1w.dat.log","VL_EOzAmhK.Fe5mhXMmGSZsry4sa6TKB"
"s3://hcp-openaccess/HCP_1200/506234/T1w/506234/mri/transforms/T2wtoT1w.dat.mincost","506234","T1w//506234/mri/transforms/T2wtoT1w.dat.mincost","qJW8YRCYy0a9eydxB2GTI.HL33qh5nms"
"s3://hcp-openaccess/HCP_1200/506234/T1w/506234/mri/transforms/T2wtoT1w.dat.param","506234","T1w//506234/mri/transforms/T2wtoT1w.dat.param","FZUNuq2zK_vL5wV1PmjVv_vesm2iXUWO"
"s3://hcp-openaccess/HCP_1200/506234/T1w/506234/mri/transforms/T2wtoT1w.dat.sum","506234","T1w//506234/mri/transforms/T2wtoT1w.dat.sum","ZsJt6ilKnuKuCCbItyxq7_COro3gOnqG"
"s3://hcp-openaccess/HCP_1200/506234/T1w/506234/mri/transforms/T2wtoT1w.mat","506234","T1w//506234/mri/transforms/T2wtoT1w.mat","p8fifLRSk_gCFXzu7Ypsva.kDo4MWxP0"
"s3://hcp-openaccess/HCP_1200/506234/T1w/506234/mri/transforms/cc_up.lta","506234","T1w//506234/mri/transforms/cc_up.lta","BT4nXZvgDNBetHetJn2mxmHaQ4xaxXHo"
"s3://hcp-openaccess/HCP_1200/506234/T1w/506234/mri/transforms/eye.dat","506234","T1w//506234/mri/transforms/eye.dat","hWQ5aSAPinNPcgAivnssWQiNknRb0eQb"
"s3://hcp-openaccess/HCP_1200/506234/T1w/506234/mri/transforms/hires21mm.dat","506234","T1w//506234/mri/transforms/hires21mm.dat","XBwwtOhDHpljEqZHdQOE2QWF64GQQMOv"
"s3://hcp-openaccess/HCP_1200/506234/T1w/506234/mri/transforms/talairach.auto.xfm","506234","T1w//506234/mri/transforms/talairach.auto.xfm","2brAjQltF8a0dEZXZ.jQvG6y1l2VoeQ0"
"s3://hcp-openaccess/HCP_1200/506234/T1w/506234/mri/transforms/talairach.lta","506234","T1w//506234/mri/transforms/talairach.lta","YYptQ5jd.9fzwrlbtdD.UzkIn7HCEOcs"
"s3://hcp-openaccess/HCP_1200/506234/T1w/506234/mri/transforms/talairach.m3z","506234","T1w//506234/mri/transforms/talairach.m3z","boGgpT9tb_p8H32vWHx54PSsKAbDPtGp"
"s3://hcp-openaccess/HCP_1200/506234/T1w/506234/mri/transforms/talairach.m3z.inv.x.mgz","506234","T1w//506234/mri/transforms/talairach.m3z.inv.x.mgz","bmXb64lT_eqdsS72QdKplM97naqzbopV"
"s3://hcp-openaccess/HCP_1200/506234/T1w/506234/mri/transforms/talairach.m3z.inv.y.mgz","506234","T1w//506234/mri/transforms/talairach.m3z.inv.y.mgz","NhugI1efiPaY8oNG_AKbW8.KY9kq.lBH"
"s3://hcp-openaccess/HCP_1200/506234/T1w/506234/mri/transforms/talairach.m3z.inv.z.mgz","506234","T1w//506234/mri/transforms/talairach.m3z.inv.z.mgz","6OBL5B7tVkp9xsBGE2YBStRYm.CieWS6"
"s3://hcp-openaccess/HCP_1200/506234/T1w/506234/mri/transforms/talairach.xfm","506234","T1w//506234/mri/transforms/talairach.xfm","mOMtOoiFN5G_XSw1ouZ2cmgeuSqLb5yD"
"s3://hcp-openaccess/HCP_1200/506234/T1w/506234/mri/transforms/talairach_avi.log","506234","T1w//506234/mri/transforms/talairach_avi.log","lSvo6bl4k9EGz18uS1of080s3MMVB1qG"
"s3://hcp-openaccess/HCP_1200/506234/T1w/506234/mri/transforms/talairach_with_skull.lta","506234","T1w//506234/mri/transforms/talairach_with_skull.lta","55ZvVaqLtDhn3KdNa_0lekXxT9JIzuyD"
"s3://hcp-openaccess/HCP_1200/506234/T1w/506234/mri/transforms/talairach_with_skull_2.lta","506234","T1w//506234/mri/transforms/talairach_with_skull_2.lta","RJWbUfsC9SuCMkr38uzKhmO.KWQ7RtV7"
"s3://hcp-openaccess/HCP_1200/506234/T1w/506234/mri/transforms/talsrcimg_to_711-2C_as_mni_average_305_t4_vox2vox.txt","506234","T1w//506234/mri/transforms/talsrcimg_to_711-2C_as_mni_average_305_t4_vox2vox.txt","ci.EQ1HqhKIb4IHxnSRUNDY_Y7tDTH6a"
"s3://hcp-openaccess/HCP_1200/506234/T1w/506234/mri/white.nii.gz","506234","T1w//506234/mri/white.nii.gz","TA0MSBtVQGzAJBLS30r7PGjAUEb8RKHE"
"s3://hcp-openaccess/HCP_1200/506234/T1w/506234/mri/wm.asegedit.mgz","506234","T1w//506234/mri/wm.asegedit.mgz","515uTvCfPlSGdButCYHsDLsL_gTKYb8m"
"s3://hcp-openaccess/HCP_1200/506234/T1w/506234/mri/wm.hires.mgz","506234","T1w//506234/mri/wm.hires.mgz","6485._d369etswl02YxsXkzuPK9HuD31"
"s3://hcp-openaccess/HCP_1200/506234/T1w/506234/mri/wm.hires.nii.gz","506234","T1w//506234/mri/wm.hires.nii.gz","3lIVmdOBd53C6tzyT42eL9LMJ4N72dns"
"s3://hcp-openaccess/HCP_1200/506234/T1w/506234/mri/wm.mgz","506234","T1w//506234/mri/wm.mgz","AuJieKn_Do0rN_BIV9qL.jk1rb.su4aF"
"s3://hcp-openaccess/HCP_1200/506234/T1w/506234/mri/wm.seg.mgz","506234","T1w//506234/mri/wm.seg.mgz","nYku2QFuottVhjI90WVVVuftc5uINLkP"
"s3://hcp-openaccess/HCP_1200/506234/T1w/506234/mri/wmparc.mgz","506234","T1w//506234/mri/wmparc.mgz","OOG8WkYZhcTIrlSjm5.Cz9jbHxF647wc"
"s3://hcp-openaccess/HCP_1200/506234/T1w/506234/stats/aseg.stats","506234","T1w//506234/stats/aseg.stats","LdnLbK9.tDLyobSR5AjZEV2r6Pmx2DsT"
"s3://hcp-openaccess/HCP_1200/506234/T1w/506234/stats/lh.BA.stats","506234","T1w//506234/stats/lh.BA.stats","W2VqU.aHMUvMW5TJ_AceN65XmrPPxE3t"
"s3://hcp-openaccess/HCP_1200/506234/T1w/506234/stats/lh.BA.thresh.stats","506234","T1w//506234/stats/lh.BA.thresh.stats","x8WmSh2cfTZRrZXKeRdov4s6zsFw4eT7"
"s3://hcp-openaccess/HCP_1200/506234/T1w/506234/stats/lh.aparc.DKTatlas40.stats","506234","T1w//506234/stats/lh.aparc.DKTatlas40.stats","Fo44dNBWlKy4DaeurKdxWsEhvPAMjy9W"
"s3://hcp-openaccess/HCP_1200/506234/T1w/506234/stats/lh.aparc.a2009s.stats","506234","T1w//506234/stats/lh.aparc.a2009s.stats","CChY54DjPD44tt2shhtpVdBdrub9XHy."
"s3://hcp-openaccess/HCP_1200/506234/T1w/506234/stats/lh.aparc.stats","506234","T1w//506234/stats/lh.aparc.stats","FhAYCtjhBHBcYYZ9smNsP9ZCIr0nKSKT"
"s3://hcp-openaccess/HCP_1200/506234/T1w/506234/stats/lh.curv.stats","506234","T1w//506234/stats/lh.curv.stats","XmLURSX.rsAs2f.TgohpOIB791JNUZeC"
"s3://hcp-openaccess/HCP_1200/506234/T1w/506234/stats/lh.entorhinal_exvivo.stats","506234","T1w//506234/stats/lh.entorhinal_exvivo.stats","AHilqfEsFQkwpN3ye2cX15wNASLp11cP"
"s3://hcp-openaccess/HCP_1200/506234/T1w/506234/stats/rh.BA.stats","506234","T1w//506234/stats/rh.BA.stats","oU6E.QV2iDVOtBYC671rKQuXcnGxTIDr"
"s3://hcp-openaccess/HCP_1200/506234/T1w/506234/stats/rh.BA.thresh.stats","506234","T1w//506234/stats/rh.BA.thresh.stats","oo4p7OR3rY3b7duGwkeNbUJt89WtBOdH"
"s3://hcp-openaccess/HCP_1200/506234/T1w/506234/stats/rh.aparc.DKTatlas40.stats","506234","T1w//506234/stats/rh.aparc.DKTatlas40.stats","MaJT8DgYla.KpQEqQ7P6r2eiV2QmdOGm"
"s3://hcp-openaccess/HCP_1200/506234/T1w/506234/stats/rh.aparc.a2009s.stats","506234","T1w//506234/stats/rh.aparc.a2009s.stats","eFj4RWFSB6ObC9a32nre.oNrhh5B8Wdw"
"s3://hcp-openaccess/HCP_1200/506234/T1w/506234/stats/rh.aparc.stats","506234","T1w//506234/stats/rh.aparc.stats","woAhMbD3GT9uZyjsSV9epCsrVgeoK2Oe"
"s3://hcp-openaccess/HCP_1200/506234/T1w/506234/stats/rh.curv.stats","506234","T1w//506234/stats/rh.curv.stats","NKCWfFNZlWHyvaXDofxRd2L5hnTCnOWW"
"s3://hcp-openaccess/HCP_1200/506234/T1w/506234/stats/rh.entorhinal_exvivo.stats","506234","T1w//506234/stats/rh.entorhinal_exvivo.stats","Dt6EQfr8t4Xe33hPrRbviU25NHOQ8Uji"
"s3://hcp-openaccess/HCP_1200/506234/T1w/506234/stats/wmparc.stats","506234","T1w//506234/stats/wmparc.stats","uxdqK7M5M62kosMoWKM9lBil3AnhRhK_"
"s3://hcp-openaccess/HCP_1200/506234/T1w/506234/surf/lh.area","506234","T1w//506234/surf/lh.area","cwk36AjVtT5TNrsOSrRwV3ufbu2DHQ2Z"
"s3://hcp-openaccess/HCP_1200/506234/T1w/506234/surf/lh.area.deformed","506234","T1w//506234/surf/lh.area.deformed","ztS1PwhaUX.DIIfM.xEB_ljf1gmU3anx"
"s3://hcp-openaccess/HCP_1200/506234/T1w/506234/surf/lh.area.mid","506234","T1w//506234/surf/lh.area.mid","5fwj0PMPg_P0jol1_suxIN7sBjs0fdYO"
"s3://hcp-openaccess/HCP_1200/506234/T1w/506234/surf/lh.area.pial","506234","T1w//506234/surf/lh.area.pial","g_iaT7wFKnb6Asuw0bJYspypM09RtydB"
"s3://hcp-openaccess/HCP_1200/506234/T1w/506234/surf/lh.area.pial.T2","506234","T1w//506234/surf/lh.area.pial.T2","u9QTqTQIRmQyYHQdzBhhUF.lAR.P.EW7"
"s3://hcp-openaccess/HCP_1200/506234/T1w/506234/surf/lh.area.pial.T2.two","506234","T1w//506234/surf/lh.area.pial.T2.two","2HQbhk3Nh3cosgqMmgq9tn2yNvzYi5GQ"
"s3://hcp-openaccess/HCP_1200/506234/T1w/506234/surf/lh.area.pial.deformed","506234","T1w//506234/surf/lh.area.pial.deformed","n3QfmdmgJpQ3iGilUxLlcneeSsSo6agi"
"s3://hcp-openaccess/HCP_1200/506234/T1w/506234/surf/lh.area.prehires","506234","T1w//506234/surf/lh.area.prehires","VRzC8pIWzAny1fKK6_VAaTlKeizw00h."
"s3://hcp-openaccess/HCP_1200/506234/T1w/506234/surf/lh.avg_curv","506234","T1w//506234/surf/lh.avg_curv","xIZw_5AY6HrHu8tYzyFRRfL7WxeNh4VE"
"s3://hcp-openaccess/HCP_1200/506234/T1w/506234/surf/lh.curv","506234","T1w//506234/surf/lh.curv","etx7e5IOngaOgCNy_IkCdyHVYIr5Edve"
"s3://hcp-openaccess/HCP_1200/506234/T1w/506234/surf/lh.curv.deformed","506234","T1w//506234/surf/lh.curv.deformed","OZtFlfJMlRMo_4PGSBrA5I7jVdFOIZf0"
"s3://hcp-openaccess/HCP_1200/506234/T1w/506234/surf/lh.curv.pial","506234","T1w//506234/surf/lh.curv.pial","FhDSFZFr.4QcipOKOaSKtoujtTUcd4q1"
"s3://hcp-openaccess/HCP_1200/506234/T1w/506234/surf/lh.curv.pial.T2","506234","T1w//506234/surf/lh.curv.pial.T2","VJPM3QY4xYV2UmutBgtIicyAyBBWhq_g"
"s3://hcp-openaccess/HCP_1200/506234/T1w/506234/surf/lh.curv.pial.T2.two","506234","T1w//506234/surf/lh.curv.pial.T2.two","GiGwJxUTDprHDXkFpWEAO_OK3hSTEgsO"
"s3://hcp-openaccess/HCP_1200/506234/T1w/506234/surf/lh.curv.pial.deformed","506234","T1w//506234/surf/lh.curv.pial.deformed","_QW_TObuAVU2Z9AlEAGLJKD32OzEcGTU"
"s3://hcp-openaccess/HCP_1200/506234/T1w/506234/surf/lh.curv.prehires","506234","T1w//506234/surf/lh.curv.prehires","mSIui5CIB9SLDLXClfjizhZ4woacQ71K"
"s3://hcp-openaccess/HCP_1200/506234/T1w/506234/surf/lh.defect_borders","506234","T1w//506234/surf/lh.defect_borders","XVHqQhEtgozniQKe271DLSSR0V8z35cC"
"s3://hcp-openaccess/HCP_1200/506234/T1w/506234/surf/lh.defect_chull","506234","T1w//506234/surf/lh.defect_chull","tatYcJp9m3ES5GmCKL0fLwSUC9TlbvGl"
"s3://hcp-openaccess/HCP_1200/506234/T1w/506234/surf/lh.defect_labels","506234","T1w//506234/surf/lh.defect_labels","0b77UnOa1lJbPEdRy6EKsrJBIymHPTXN"
"s3://hcp-openaccess/HCP_1200/506234/T1w/506234/surf/lh.inflated","506234","T1w//506234/surf/lh.inflated","2my3SKWI4T8UmA25qIhkL7PsVeO5FXmV"
"s3://hcp-openaccess/HCP_1200/506234/T1w/506234/surf/lh.inflated.H","506234","T1w//506234/surf/lh.inflated.H","LpwApfs9GtfhPVDlA4Y.hxY39QpJX7Bc"
"s3://hcp-openaccess/HCP_1200/506234/T1w/506234/surf/lh.inflated.K","506234","T1w//506234/surf/lh.inflated.K","FjDMRvK2zCeAMoahXFTS5N2dE88Dyng."
"s3://hcp-openaccess/HCP_1200/506234/T1w/506234/surf/lh.inflated.nofix","506234","T1w//506234/surf/lh.inflated.nofix","MFgtjhqHvoEs5x5bwBE5iHudNxtV76s."
"s3://hcp-openaccess/HCP_1200/506234/T1w/506234/surf/lh.jacobian_white","506234","T1w//506234/surf/lh.jacobian_white","Mc3A5WNqD3zyIleG6KluD5rTBX5F6jCK"
"s3://hcp-openaccess/HCP_1200/506234/T1w/506234/surf/lh.orig","506234","T1w//506234/surf/lh.orig","ovTna_uXnW7IMJtpHQTzqPdMDXmCLxab"
"s3://hcp-openaccess/HCP_1200/506234/T1w/506234/surf/lh.orig.nofix","506234","T1w//506234/surf/lh.orig.nofix","XLva8RY9sTsgpuQzM3Hou.kCXpk5_2Bh"
"s3://hcp-openaccess/HCP_1200/506234/T1w/506234/surf/lh.pial","506234","T1w//506234/surf/lh.pial","yKu4E6E6hqse18wCBTqMRTG_5sBGMBKe"
"s3://hcp-openaccess/HCP_1200/506234/T1w/506234/surf/lh.pial.T2","506234","T1w//506234/surf/lh.pial.T2","an6CrofI9zM_hypFRa8iFb_jrDQp7cUY"
"s3://hcp-openaccess/HCP_1200/506234/T1w/506234/surf/lh.pial.T2.two","506234","T1w//506234/surf/lh.pial.T2.two","KyS4PPOcQMIU87XPxrWd56aFeeWc3YEM"
"s3://hcp-openaccess/HCP_1200/506234/T1w/506234/surf/lh.pial.deformed","506234","T1w//506234/surf/lh.pial.deformed","CWP3.iZpaa60.n9qQPGQoHjvBO2LdlzH"
"s3://hcp-openaccess/HCP_1200/506234/T1w/506234/surf/lh.pial.nii.gz","506234","T1w//506234/surf/lh.pial.nii.gz","rHxBLpE1q8WmQNCbQNQWNeR_gAHJBxeS"
"s3://hcp-openaccess/HCP_1200/506234/T1w/506234/surf/lh.pial.one","506234","T1w//506234/surf/lh.pial.one","ejFHrhg25w3DXHtFkexdAkhQwDqvEsK_"
"s3://hcp-openaccess/HCP_1200/506234/T1w/506234/surf/lh.pial.preT2","506234","T1w//506234/surf/lh.pial.preT2","kIzUTrfLC7Z5ELmb4Fz7_pEOHfHbTtM8"
"s3://hcp-openaccess/HCP_1200/506234/T1w/506234/surf/lh.pial.preT2.two","506234","T1w//506234/surf/lh.pial.preT2.two","bTx8cNUGalSYuiqzqORRoLo7DQaFf3xV"
"s3://hcp-openaccess/HCP_1200/506234/T1w/506234/surf/lh.pial.surf.gii","506234","T1w//506234/surf/lh.pial.surf.gii","NCST1dAHWlue_PXicgAwyROd.vBtX7.m"
"s3://hcp-openaccess/HCP_1200/506234/T1w/506234/surf/lh.qsphere.nofix","506234","T1w//506234/surf/lh.qsphere.nofix","6C.8YK_UGPWBXtZWRzZkbn6V6S69pBuF"
"s3://hcp-openaccess/HCP_1200/506234/T1w/506234/surf/lh.smoothwm","506234","T1w//506234/surf/lh.smoothwm","EW2OGjP4UkKSXCYXxz4NRdBgUa5YK0BM"
"s3://hcp-openaccess/HCP_1200/506234/T1w/506234/surf/lh.smoothwm.BE.crv","506234","T1w//506234/surf/lh.smoothwm.BE.crv","BDOC8YQMp.vVkh21bw_0rSpZqUjeqoVK"
"s3://hcp-openaccess/HCP_1200/506234/T1w/506234/surf/lh.smoothwm.C.crv","506234","T1w//506234/surf/lh.smoothwm.C.crv","mJIv8gOSNb5BaphUIz7fZukGhCn4Imw1"
"s3://hcp-openaccess/HCP_1200/506234/T1w/506234/surf/lh.smoothwm.FI.crv","506234","T1w//506234/surf/lh.smoothwm.FI.crv","YtqGPXI.DZgAL49YdOXlV1xqq2mM5LX_"
"s3://hcp-openaccess/HCP_1200/506234/T1w/506234/surf/lh.smoothwm.H.crv","506234","T1w//506234/surf/lh.smoothwm.H.crv","fGQGf.QAPItMHSCD1DjIoiUHFL.mYYgo"
"s3://hcp-openaccess/HCP_1200/506234/T1w/506234/surf/lh.smoothwm.K.crv","506234","T1w//506234/surf/lh.smoothwm.K.crv","UfhgJBdHtQ1KwFm4PqzKHEg.jJUOeFxj"
"s3://hcp-openaccess/HCP_1200/506234/T1w/506234/surf/lh.smoothwm.K1.crv","506234","T1w//506234/surf/lh.smoothwm.K1.crv","hSSLifl1YsinMdgkcjV1TUWzQdI_EZAZ"
"s3://hcp-openaccess/HCP_1200/506234/T1w/506234/surf/lh.smoothwm.K2.crv","506234","T1w//506234/surf/lh.smoothwm.K2.crv","Awpi2xze7cnNWIQNtx1fJcF_yh6lmdJy"
"s3://hcp-openaccess/HCP_1200/506234/T1w/506234/surf/lh.smoothwm.S.crv","506234","T1w//506234/surf/lh.smoothwm.S.crv","2CuOSTPd7oBwNZoUxabBmUw8asLu_WPZ"
"s3://hcp-openaccess/HCP_1200/506234/T1w/506234/surf/lh.smoothwm.nofix","506234","T1w//506234/surf/lh.smoothwm.nofix","RlsAHQBjVfWTk.DLZw7KPj7G0qS0v5p7"
"s3://hcp-openaccess/HCP_1200/506234/T1w/506234/surf/lh.sphere","506234","T1w//506234/surf/lh.sphere","WlEkFibDwOe9QjxrXhitRTqOlkXCg_E3"
"s3://hcp-openaccess/HCP_1200/506234/T1w/506234/surf/lh.sphere.reg","506234","T1w//506234/surf/lh.sphere.reg","s88i4RVcj9eSTVSOne0rrqtxxyDvXvtB"
"s3://hcp-openaccess/HCP_1200/506234/T1w/506234/surf/lh.sulc","506234","T1w//506234/surf/lh.sulc","g8nY3c6tntUefO.WYQm1ab8IULk6sXKy"
"s3://hcp-openaccess/HCP_1200/506234/T1w/506234/surf/lh.thickness","506234","T1w//506234/surf/lh.thickness","EQ2VidxpJ_e8bpmizFVnRzPcAOxI8hwb"
"s3://hcp-openaccess/HCP_1200/506234/T1w/506234/surf/lh.thickness.T2","506234","T1w//506234/surf/lh.thickness.T2","Wl1MAficPAJUzeQMyvO7qeBCJSbelxkX"
"s3://hcp-openaccess/HCP_1200/506234/T1w/506234/surf/lh.thickness.T2.two","506234","T1w//506234/surf/lh.thickness.T2.two","D.X7Y_CpA56X5UO1iiRVvYfRBGv1ON3l"
"s3://hcp-openaccess/HCP_1200/506234/T1w/506234/surf/lh.thickness.deformed","506234","T1w//506234/surf/lh.thickness.deformed","wm2VHgneQtvNRUwt6mOpTwkhWJEELr2_"
"s3://hcp-openaccess/HCP_1200/506234/T1w/506234/surf/lh.thickness.preT2","506234","T1w//506234/surf/lh.thickness.preT2","osgJVDQUvUQ7tqmszsvXdffAURaOvTaY"
"s3://hcp-openaccess/HCP_1200/506234/T1w/506234/surf/lh.volume","506234","T1w//506234/surf/lh.volume","cCJDw1VDLSxr3XyGkEwpMmx1ocbupfr0"
"s3://hcp-openaccess/HCP_1200/506234/T1w/506234/surf/lh.white","506234","T1w//506234/surf/lh.white","LQjWCQIiy3bxmrzHYyPlZ8862una7dXt"
"s3://hcp-openaccess/HCP_1200/506234/T1w/506234/surf/lh.white.deformed","506234","T1w//506234/surf/lh.white.deformed","jatdaaxFlfrJuRqOoiBtW0biTSPpMb_8"
"s3://hcp-openaccess/HCP_1200/506234/T1w/506234/surf/lh.white.hires","506234","T1w//506234/surf/lh.white.hires","qDgps7PSpPPIfZDZMT0Wlhmz_k9gZs6j"
"s3://hcp-openaccess/HCP_1200/506234/T1w/506234/surf/lh.white.nii.gz","506234","T1w//506234/surf/lh.white.nii.gz","jLQMB5WTa97Azjm0mBOwXTOl3.uHj7gZ"
"s3://hcp-openaccess/HCP_1200/506234/T1w/506234/surf/lh.white.prehires","506234","T1w//506234/surf/lh.white.prehires","vOCROiVv_kkhoJPdeQ.4iC92jCWRgfYA"
"s3://hcp-openaccess/HCP_1200/506234/T1w/506234/surf/lh.white.surf.gii","506234","T1w//506234/surf/lh.white.surf.gii","aOcbXkbVMWhizVSX7i0mVJcDAv0Kr2KI"
"s3://hcp-openaccess/HCP_1200/506234/T1w/506234/surf/rh.area","506234","T1w//506234/surf/rh.area","vF.h3GqJ5AgjE2a58iu3PUSzQWwEkoZx"
"s3://hcp-openaccess/HCP_1200/506234/T1w/506234/surf/rh.area.deformed","506234","T1w//506234/surf/rh.area.deformed","EswkaxFugWAFDDmhdiGkmfLOshtOWBHD"
"s3://hcp-openaccess/HCP_1200/506234/T1w/506234/surf/rh.area.mid","506234","T1w//506234/surf/rh.area.mid","0FHPMEMpYQtX3PolMWLyATv30XUvoSUe"
"s3://hcp-openaccess/HCP_1200/506234/T1w/506234/surf/rh.area.pial","506234","T1w//506234/surf/rh.area.pial","8j2Bej91y45z6JyANsgp43tWvqKsYzNn"
"s3://hcp-openaccess/HCP_1200/506234/T1w/506234/surf/rh.area.pial.T2","506234","T1w//506234/surf/rh.area.pial.T2","Ba8idtzfGQFtKjggDEsMR2T0uDsNlkfT"
"s3://hcp-openaccess/HCP_1200/506234/T1w/506234/surf/rh.area.pial.T2.two","506234","T1w//506234/surf/rh.area.pial.T2.two","yLw5Rb.MOQrtpOwb0.ZcqjPp5ZCRKd5g"
"s3://hcp-openaccess/HCP_1200/506234/T1w/506234/surf/rh.area.pial.deformed","506234","T1w//506234/surf/rh.area.pial.deformed","9WCn.nX6K9.PXD94NEQGjEPJ_dVfzyVP"
"s3://hcp-openaccess/HCP_1200/506234/T1w/506234/surf/rh.area.prehires","506234","T1w//506234/surf/rh.area.prehires","UodU24aF2Jocgxid3uyqjCjMzzRBVuAq"
"s3://hcp-openaccess/HCP_1200/506234/T1w/506234/surf/rh.avg_curv","506234","T1w//506234/surf/rh.avg_curv","fxiNub844s7y4S6lsRVOe7eFikbFPp_L"
"s3://hcp-openaccess/HCP_1200/506234/T1w/506234/surf/rh.curv","506234","T1w//506234/surf/rh.curv","spWvnIRokByWchXvwS1wzmeLf.p0Lx1k"
"s3://hcp-openaccess/HCP_1200/506234/T1w/506234/surf/rh.curv.deformed","506234","T1w//506234/surf/rh.curv.deformed","mxiEUT_CwL2.X6wnYR7Mb6b8dqHrgJ7L"
"s3://hcp-openaccess/HCP_1200/506234/T1w/506234/surf/rh.curv.pial","506234","T1w//506234/surf/rh.curv.pial","o2X7X1w6KlKcoHUnTqJF.5SL59WZ1idj"
"s3://hcp-openaccess/HCP_1200/506234/T1w/506234/surf/rh.curv.pial.T2","506234","T1w//506234/surf/rh.curv.pial.T2","ZhUHITkywCV7gi45NE7HYMIfbnghR_fx"
"s3://hcp-openaccess/HCP_1200/506234/T1w/506234/surf/rh.curv.pial.T2.two","506234","T1w//506234/surf/rh.curv.pial.T2.two","XfrexpVFMDchu1n4WmHqXH0Kva2W9yW6"
"s3://hcp-openaccess/HCP_1200/506234/T1w/506234/surf/rh.curv.pial.deformed","506234","T1w//506234/surf/rh.curv.pial.deformed","0Eij7LonnMbL7mMDwDWr31G1wSXPhdtM"
"s3://hcp-openaccess/HCP_1200/506234/T1w/506234/surf/rh.curv.prehires","506234","T1w//506234/surf/rh.curv.prehires","DY147YtNuSyOelOrM36mWpUOmd8DEqkM"
"s3://hcp-openaccess/HCP_1200/506234/T1w/506234/surf/rh.defect_borders","506234","T1w//506234/surf/rh.defect_borders",".0p87W9oKf5gi0gmUELOMP1Nonkt336E"
"s3://hcp-openaccess/HCP_1200/506234/T1w/506234/surf/rh.defect_chull","506234","T1w//506234/surf/rh.defect_chull","l4Bi1xcjHabBoL6FIT8PiyumM5pfutCa"
"s3://hcp-openaccess/HCP_1200/506234/T1w/506234/surf/rh.defect_labels","506234","T1w//506234/surf/rh.defect_labels","jdsEzvx6I1o2FSVwDF0KF6o0ff7y_11C"
"s3://hcp-openaccess/HCP_1200/506234/T1w/506234/surf/rh.inflated","506234","T1w//506234/surf/rh.inflated","MHKOG.97wz8Rhq87mUUkjXMcUNdVHxfC"
"s3://hcp-openaccess/HCP_1200/506234/T1w/506234/surf/rh.inflated.H","506234","T1w//506234/surf/rh.inflated.H","PGtQotSyuYj8clWpTzokBog6VA4_IJJy"
"s3://hcp-openaccess/HCP_1200/506234/T1w/506234/surf/rh.inflated.K","506234","T1w//506234/surf/rh.inflated.K","OJvO4sV4xI4HSTGzSn2PDX_U9YtEEiRQ"
"s3://hcp-openaccess/HCP_1200/506234/T1w/506234/surf/rh.inflated.nofix","506234","T1w//506234/surf/rh.inflated.nofix","8bPUgJqrxAe2vpLeDkZmWtIsyESOH1hP"
"s3://hcp-openaccess/HCP_1200/506234/T1w/506234/surf/rh.jacobian_white","506234","T1w//506234/surf/rh.jacobian_white","kKoVcCTNCL2ogfDtpexDqgd.wakM1Zw4"
"s3://hcp-openaccess/HCP_1200/506234/T1w/506234/surf/rh.orig","506234","T1w//506234/surf/rh.orig","0JgGnJ9o8ZZWYNJ6noNYWPyooIw8vtsA"
"s3://hcp-openaccess/HCP_1200/506234/T1w/506234/surf/rh.orig.nofix","506234","T1w//506234/surf/rh.orig.nofix","y5NF9ZhbZGUS75dBeBudUV1_vUsJVzLq"
"s3://hcp-openaccess/HCP_1200/506234/T1w/506234/surf/rh.pial","506234","T1w//506234/surf/rh.pial","bUpTTSs1Ijbj7QN_0u19PkCXm9Kq.Kma"
"s3://hcp-openaccess/HCP_1200/506234/T1w/506234/surf/rh.pial.T2","506234","T1w//506234/surf/rh.pial.T2","6mRHoz3UBTlktgMIwyUru6Fo8_tmwUb2"
"s3://hcp-openaccess/HCP_1200/506234/T1w/506234/surf/rh.pial.T2.two","506234","T1w//506234/surf/rh.pial.T2.two","HnW7bWWHjQ7AIvH0f2rLD.xnS89G.hJi"
"s3://hcp-openaccess/HCP_1200/506234/T1w/506234/surf/rh.pial.deformed","506234","T1w//506234/surf/rh.pial.deformed","yDvsVoE_zBgXjcaNge.o_fk1RWb6wCHc"
"s3://hcp-openaccess/HCP_1200/506234/T1w/506234/surf/rh.pial.nii.gz","506234","T1w//506234/surf/rh.pial.nii.gz","BT8BUun3Zc490_Bmqo3105ara65kn54u"
"s3://hcp-openaccess/HCP_1200/506234/T1w/506234/surf/rh.pial.one","506234","T1w//506234/surf/rh.pial.one","vM17f49KQhiHPrs7fXXHiK1H7OL3XwLb"
"s3://hcp-openaccess/HCP_1200/506234/T1w/506234/surf/rh.pial.preT2","506234","T1w//506234/surf/rh.pial.preT2","btrDcmNJcQ8cEynBVMwLh6VBL8upmF6d"
"s3://hcp-openaccess/HCP_1200/506234/T1w/506234/surf/rh.pial.preT2.two","506234","T1w//506234/surf/rh.pial.preT2.two","TWGzrAm7FDVzsJ78SU46aWsFd4IGH_Fm"
"s3://hcp-openaccess/HCP_1200/506234/T1w/506234/surf/rh.pial.surf.gii","506234","T1w//506234/surf/rh.pial.surf.gii","hFZ9tNrTRg2E1.Rx_nBd4aifSB3Cw_IE"
"s3://hcp-openaccess/HCP_1200/506234/T1w/506234/surf/rh.qsphere.nofix","506234","T1w//506234/surf/rh.qsphere.nofix","_8Qpz7klSGdEkIa5H_Oa6i4415_2aLkB"
"s3://hcp-openaccess/HCP_1200/506234/T1w/506234/surf/rh.smoothwm","506234","T1w//506234/surf/rh.smoothwm","sSGT8E_ypn.i_56fGfH2Z3PQjO8AyUX4"
"s3://hcp-openaccess/HCP_1200/506234/T1w/506234/surf/rh.smoothwm.BE.crv","506234","T1w//506234/surf/rh.smoothwm.BE.crv","C1VeuYtIvXgOJOqYq.Xyjy8jl7dB47N0"
"s3://hcp-openaccess/HCP_1200/506234/T1w/506234/surf/rh.smoothwm.C.crv","506234","T1w//506234/surf/rh.smoothwm.C.crv","lMgwXqeDaOu10rEYHH3M9dfryNekS8fx"
"s3://hcp-openaccess/HCP_1200/506234/T1w/506234/surf/rh.smoothwm.FI.crv","506234","T1w//506234/surf/rh.smoothwm.FI.crv","dmujEJb.RNlUAeeR4wvaVUjxxxbhymV4"
"s3://hcp-openaccess/HCP_1200/506234/T1w/506234/surf/rh.smoothwm.H.crv","506234","T1w//506234/surf/rh.smoothwm.H.crv","aI9rDQSLo5MVfKaMZg5b9.OcQN6_H_RI"
"s3://hcp-openaccess/HCP_1200/506234/T1w/506234/surf/rh.smoothwm.K.crv","506234","T1w//506234/surf/rh.smoothwm.K.crv","PBwcLwwZy15ej1_uTjMKyQ4kFDbZ7Ti6"
"s3://hcp-openaccess/HCP_1200/506234/T1w/506234/surf/rh.smoothwm.K1.crv","506234","T1w//506234/surf/rh.smoothwm.K1.crv","EfQPQNqvRcPVARlnXIJ6zRul_finWTNt"
"s3://hcp-openaccess/HCP_1200/506234/T1w/506234/surf/rh.smoothwm.K2.crv","506234","T1w//506234/surf/rh.smoothwm.K2.crv","y4HmQzI0xiXpOFKhL6HwU41REeqAQ7jw"
"s3://hcp-openaccess/HCP_1200/506234/T1w/506234/surf/rh.smoothwm.S.crv","506234","T1w//506234/surf/rh.smoothwm.S.crv","rvXO6VsZk3jw_AXOsaq76_Yuw9cIOuSR"
"s3://hcp-openaccess/HCP_1200/506234/T1w/506234/surf/rh.smoothwm.nofix","506234","T1w//506234/surf/rh.smoothwm.nofix","aRw_p88F.Z2mWvDSDsI8n_CS0l.bTNkl"
"s3://hcp-openaccess/HCP_1200/506234/T1w/506234/surf/rh.sphere","506234","T1w//506234/surf/rh.sphere","N1NAPmpfHygpTzBSBZMl3s9CvLxG2StM"
"s3://hcp-openaccess/HCP_1200/506234/T1w/506234/surf/rh.sphere.reg","506234","T1w//506234/surf/rh.sphere.reg","JyeaolbkUwMWpELJdXoBSXs4pqGy22u_"
"s3://hcp-openaccess/HCP_1200/506234/T1w/506234/surf/rh.sulc","506234","T1w//506234/surf/rh.sulc","TqFNvp_nwUkZsK9j9o6QvFmzaFoCO2eQ"
"s3://hcp-openaccess/HCP_1200/506234/T1w/506234/surf/rh.thickness","506234","T1w//506234/surf/rh.thickness","VwsuzdbLvKvU0rP5A7NTPXLmLM.O74ne"
"s3://hcp-openaccess/HCP_1200/506234/T1w/506234/surf/rh.thickness.T2","506234","T1w//506234/surf/rh.thickness.T2","09mdm7uUaQ.chsW0YJ0MLYpeSwdjSoVR"
"s3://hcp-openaccess/HCP_1200/506234/T1w/506234/surf/rh.thickness.T2.two","506234","T1w//506234/surf/rh.thickness.T2.two","QiHveC2P9lpVCt.AYe9xG6.w0mOULCP1"
"s3://hcp-openaccess/HCP_1200/506234/T1w/506234/surf/rh.thickness.deformed","506234","T1w//506234/surf/rh.thickness.deformed","YTWL3Ezs3ctsqtuJwMyslzE3UtCi.Hrb"
"s3://hcp-openaccess/HCP_1200/506234/T1w/506234/surf/rh.thickness.preT2","506234","T1w//506234/surf/rh.thickness.preT2","Qv1Cd_hS1oFW.PMcy0ns7EeJIRbyZhsW"
"s3://hcp-openaccess/HCP_1200/506234/T1w/506234/surf/rh.volume","506234","T1w//506234/surf/rh.volume","S.9yQzxt980nOqm6XXjagqhAshlICTt3"
"s3://hcp-openaccess/HCP_1200/506234/T1w/506234/surf/rh.white","506234","T1w//506234/surf/rh.white","devndGvNdLWWHt5YB.OSak4x.PHS.Rul"
"s3://hcp-openaccess/HCP_1200/506234/T1w/506234/surf/rh.white.deformed","506234","T1w//506234/surf/rh.white.deformed","kQeD_VHgS_IeIY4clMMJb4KUXdoF6Ir6"
"s3://hcp-openaccess/HCP_1200/506234/T1w/506234/surf/rh.white.hires","506234","T1w//506234/surf/rh.white.hires","vdH62CUDhHS35lchvHk2HPSYmnMoBszI"
"s3://hcp-openaccess/HCP_1200/506234/T1w/506234/surf/rh.white.nii.gz","506234","T1w//506234/surf/rh.white.nii.gz","MOKVqhGNmMgaBt.2ez1rZ1tOpUbvcSeY"
"s3://hcp-openaccess/HCP_1200/506234/T1w/506234/surf/rh.white.prehires","506234","T1w//506234/surf/rh.white.prehires","Z3BIer5wFojZ.uc0Ampb4dSqqJ6EAFdJ"
"s3://hcp-openaccess/HCP_1200/506234/T1w/506234/surf/rh.white.surf.gii","506234","T1w//506234/surf/rh.white.surf.gii","ne9Ig7rHW.spBvBRtDJVx5koWNTl0vHI"
"s3://hcp-openaccess/HCP_1200/506234/T1w/506234/touch/aparc.a2009s2aseg.touch","506234","T1w//506234/touch/aparc.a2009s2aseg.touch","42Uk_RoFO_DjV03hiE4lsmnWFzs0zXbO"
"s3://hcp-openaccess/HCP_1200/506234/T1w/506234/touch/aparc2aseg.touch","506234","T1w//506234/touch/aparc2aseg.touch","Wz.ZwxgQ5IDEH_veYIFudhDTuoDeiLui"
"s3://hcp-openaccess/HCP_1200/506234/T1w/506234/touch/asegmerge.touch","506234","T1w//506234/touch/asegmerge.touch","QRip3v.iB.zWjIkekOxf5B7p21auv0sv"
"s3://hcp-openaccess/HCP_1200/506234/T1w/506234/touch/ca_label.touch","506234","T1w//506234/touch/ca_label.touch","mqIuhNL1ce.XKzQT91jqZelHsVuSnFgD"
"s3://hcp-openaccess/HCP_1200/506234/T1w/506234/touch/ca_normalize.touch","506234","T1w//506234/touch/ca_normalize.touch","zmHgzKGlUafPeYBzs9HgdUsRLBlCXIax"
"s3://hcp-openaccess/HCP_1200/506234/T1w/506234/touch/ca_register.touch","506234","T1w//506234/touch/ca_register.touch","ddHtXvvkI.uV1U2sjhpxTni0WuPPvNuE"
"s3://hcp-openaccess/HCP_1200/506234/T1w/506234/touch/ca_register_inv.touch","506234","T1w//506234/touch/ca_register_inv.touch","da8sAi5Qf0aM4P9OnYMzcHnyFyYoAjvX"
"s3://hcp-openaccess/HCP_1200/506234/T1w/506234/touch/conform.touch","506234","T1w//506234/touch/conform.touch","DlSDsflN8.2ivDDbEnpGJD1fymyWhivI"
"s3://hcp-openaccess/HCP_1200/506234/T1w/506234/touch/cortical_ribbon.touch","506234","T1w//506234/touch/cortical_ribbon.touch","slLGIvZVeP0jZDM67F8_n2dLtLhxAP4f"
"s3://hcp-openaccess/HCP_1200/506234/T1w/506234/touch/em_register.touch","506234","T1w//506234/touch/em_register.touch","6Qg6zVqg9oE0aWJll.U_lUdkvcCKrvYA"
"s3://hcp-openaccess/HCP_1200/506234/T1w/506234/touch/fill.touch","506234","T1w//506234/touch/fill.touch","EKkr6e_0Oo.cHJhvfNcK6N27ThWQmJLH"
"s3://hcp-openaccess/HCP_1200/506234/T1w/506234/touch/inorm1.touch","506234","T1w//506234/touch/inorm1.touch","BnHx0c4p5W1iAZNpiZH8PoTAzbCvqB73"
"s3://hcp-openaccess/HCP_1200/506234/T1w/506234/touch/inorm2.touch","506234","T1w//506234/touch/inorm2.touch","a1BGTgO45ey78sNKzsfia6WHwpyuCHWO"
"s3://hcp-openaccess/HCP_1200/506234/T1w/506234/touch/lh.aparc.touch","506234","T1w//506234/touch/lh.aparc.touch","YzKLmqhC3kPO9_kxpJDKcLsyHnfSMCH4"
"s3://hcp-openaccess/HCP_1200/506234/T1w/506234/touch/lh.aparc2.touch","506234","T1w//506234/touch/lh.aparc2.touch","9JBx4FgG.U66gwB76Pl2ytb1uZ0DWq16"
"s3://hcp-openaccess/HCP_1200/506234/T1w/506234/touch/lh.aparcstats.touch","506234","T1w//506234/touch/lh.aparcstats.touch","vx50b4JpJi5Mt_xP28bRr6RhTYoqovvO"
"s3://hcp-openaccess/HCP_1200/506234/T1w/506234/touch/lh.aparcstats2.touch","506234","T1w//506234/touch/lh.aparcstats2.touch","kg1HjCYbbdT0VN1_2ajZ4I0EkVKb0ip5"
"s3://hcp-openaccess/HCP_1200/506234/T1w/506234/touch/lh.aparcstats3.touch","506234","T1w//506234/touch/lh.aparcstats3.touch","vorZPNc_y4QW33rE0ryBLgOqMur4CCT2"
"s3://hcp-openaccess/HCP_1200/506234/T1w/506234/touch/lh.avgcurv.touch","506234","T1w//506234/touch/lh.avgcurv.touch","Fmn6eEsdfj_jkbdH8D5Ay3IBk_RSYw98"
"s3://hcp-openaccess/HCP_1200/506234/T1w/506234/touch/lh.curvstats.touch","506234","T1w//506234/touch/lh.curvstats.touch","u3Udc2S1vc4Uu0OpcCtpVAEfONGlyOqj"
"s3://hcp-openaccess/HCP_1200/506234/T1w/506234/touch/lh.final_surfaces.touch","506234","T1w//506234/touch/lh.final_surfaces.touch","mV0df1mNcqSsbHKPWrIzcGWbOrBbr2Mk"
"s3://hcp-openaccess/HCP_1200/506234/T1w/506234/touch/lh.inflate1.touch","506234","T1w//506234/touch/lh.inflate1.touch","YQmZAtFcSlzrB_N1kh7rJhi.xbf7SyeR"
"s3://hcp-openaccess/HCP_1200/506234/T1w/506234/touch/lh.inflate2.touch","506234","T1w//506234/touch/lh.inflate2.touch","yFi6DBipkEAJSe_VRyTCiLbGONJpKKKa"
"s3://hcp-openaccess/HCP_1200/506234/T1w/506234/touch/lh.jacobian_white.touch","506234","T1w//506234/touch/lh.jacobian_white.touch","Vq3773.ba5iv2MNAGeNECzLROYPQKVHH"
"s3://hcp-openaccess/HCP_1200/506234/T1w/506234/touch/lh.qsphere.touch","506234","T1w//506234/touch/lh.qsphere.touch","9aoN.h5Uo1Vm.4a31prvMbw8Rm5HWDkp"
"s3://hcp-openaccess/HCP_1200/506234/T1w/506234/touch/lh.smoothwm1.touch","506234","T1w//506234/touch/lh.smoothwm1.touch","WxK.x2xa4C9p0dB4mSh9vGuxOFb8563P"
"s3://hcp-openaccess/HCP_1200/506234/T1w/506234/touch/lh.smoothwm2.touch","506234","T1w//506234/touch/lh.smoothwm2.touch","LjSNqtHv6Icg9HTvAvPA2ewPrHCTCIiU"
"s3://hcp-openaccess/HCP_1200/506234/T1w/506234/touch/lh.sphmorph.touch","506234","T1w//506234/touch/lh.sphmorph.touch","JipOAeZVp_oO9I.PAJgyS5koh5D21SCy"
"s3://hcp-openaccess/HCP_1200/506234/T1w/506234/touch/lh.sphreg.touch","506234","T1w//506234/touch/lh.sphreg.touch","U7k6PoavT1sWuXWuAEeUzOx_CHRQB1uo"
"s3://hcp-openaccess/HCP_1200/506234/T1w/506234/touch/lh.surfvolume.touch","506234","T1w//506234/touch/lh.surfvolume.touch","nseUhwpQ8xOPrOXCym_d51qtTkcGPb00"
"s3://hcp-openaccess/HCP_1200/506234/T1w/506234/touch/lh.tessellate.touch","506234","T1w//506234/touch/lh.tessellate.touch","2vqXJyNqF66knZdNn0bwZojUESlARqzu"
"s3://hcp-openaccess/HCP_1200/506234/T1w/506234/touch/lh.topofix.touch","506234","T1w//506234/touch/lh.topofix.touch","Mw33WsVCgR2f8NOjhpNSGgWyCVfzC4w6"
"s3://hcp-openaccess/HCP_1200/506234/T1w/506234/touch/lh.white_surface.touch","506234","T1w//506234/touch/lh.white_surface.touch","1Kg6wC.wMMlshdBI0wn7Z4QMjNaPTHVw"
"s3://hcp-openaccess/HCP_1200/506234/T1w/506234/touch/mri_remove_neck.touch","506234","T1w//506234/touch/mri_remove_neck.touch","xU5Lyr_Ypzlsp5IMnTwXBuozzPfg.Ar6"
"s3://hcp-openaccess/HCP_1200/506234/T1w/506234/touch/nu.touch","506234","T1w//506234/touch/nu.touch","hxNv4RSxIqdew0rAoo1F9NTepfgxVe2j"
"s3://hcp-openaccess/HCP_1200/506234/T1w/506234/touch/rh.aparc.touch","506234","T1w//506234/touch/rh.aparc.touch","uUqIb_nmw8d8zh3uMYf_NS6rKHtDrhl6"
"s3://hcp-openaccess/HCP_1200/506234/T1w/506234/touch/rh.aparc2.touch","506234","T1w//506234/touch/rh.aparc2.touch","A_pHIZrfUVQF.uS4rjrV3aircd0MV.ki"
"s3://hcp-openaccess/HCP_1200/506234/T1w/506234/touch/rh.aparcstats.touch","506234","T1w//506234/touch/rh.aparcstats.touch","x0zg8IOdkNXkeAQnPLobVMrbdmnR0wmw"
"s3://hcp-openaccess/HCP_1200/506234/T1w/506234/touch/rh.aparcstats2.touch","506234","T1w//506234/touch/rh.aparcstats2.touch","WJHUToy5GeUX7wbNIDgxkv5.LP5LUE7Q"
"s3://hcp-openaccess/HCP_1200/506234/T1w/506234/touch/rh.aparcstats3.touch","506234","T1w//506234/touch/rh.aparcstats3.touch","IxTgTzz_ltehLqgu7cM2xm0dQvQtkWZm"
"s3://hcp-openaccess/HCP_1200/506234/T1w/506234/touch/rh.avgcurv.touch","506234","T1w//506234/touch/rh.avgcurv.touch","VnZ0TQiKncfQD92FZ2xW7ndFhLRJAbrd"
"s3://hcp-openaccess/HCP_1200/506234/T1w/506234/touch/rh.curvstats.touch","506234","T1w//506234/touch/rh.curvstats.touch","avzPm_O1vfpUbN2mug24DVhauwbL60To"
"s3://hcp-openaccess/HCP_1200/506234/T1w/506234/touch/rh.final_surfaces.touch","506234","T1w//506234/touch/rh.final_surfaces.touch","hPcGWWP0LeDUFX6NtsJl84KZHqZk0JOZ"
"s3://hcp-openaccess/HCP_1200/506234/T1w/506234/touch/rh.inflate1.touch","506234","T1w//506234/touch/rh.inflate1.touch","cjHRu60kP.jV8JpJIPsVJ_f5ZEJF1An1"
"s3://hcp-openaccess/HCP_1200/506234/T1w/506234/touch/rh.inflate2.touch","506234","T1w//506234/touch/rh.inflate2.touch","8ZIfqBHyrGaYPVUSHK.oYUYp8c9Ufdks"
"s3://hcp-openaccess/HCP_1200/506234/T1w/506234/touch/rh.jacobian_white.touch","506234","T1w//506234/touch/rh.jacobian_white.touch","WhzxZ37.58zZCITqlQmuBCsWffH5x.eC"
"s3://hcp-openaccess/HCP_1200/506234/T1w/506234/touch/rh.qsphere.touch","506234","T1w//506234/touch/rh.qsphere.touch","dt1KRc49Xzap2wzApCDMsijdmd4TR2cb"
"s3://hcp-openaccess/HCP_1200/506234/T1w/506234/touch/rh.smoothwm1.touch","506234","T1w//506234/touch/rh.smoothwm1.touch","K0VScqsWO2OoUho2yoHTxpOnOULqJL0y"
"s3://hcp-openaccess/HCP_1200/506234/T1w/506234/touch/rh.smoothwm2.touch","506234","T1w//506234/touch/rh.smoothwm2.touch","LelMZZzAfgWp4GroqIsQxIBxKVQcDx8z"
"s3://hcp-openaccess/HCP_1200/506234/T1w/506234/touch/rh.sphmorph.touch","506234","T1w//506234/touch/rh.sphmorph.touch","3DlVeQxckdJFjUjNU27L.FQLrdmxm8EJ"
"s3://hcp-openaccess/HCP_1200/506234/T1w/506234/touch/rh.sphreg.touch","506234","T1w//506234/touch/rh.sphreg.touch","gvtqV.w4fhuqp2GkNjGLokpu.EWFtaaF"
"s3://hcp-openaccess/HCP_1200/506234/T1w/506234/touch/rh.surfvolume.touch","506234","T1w//506234/touch/rh.surfvolume.touch","L_ctR9D34a3Lec8MQRZN1mMlq1QGUWA7"
"s3://hcp-openaccess/HCP_1200/506234/T1w/506234/touch/rh.tessellate.touch","506234","T1w//506234/touch/rh.tessellate.touch","XG4jfdGg1vDfYi7yHWhWWp2Wkrz7WlNR"
"s3://hcp-openaccess/HCP_1200/506234/T1w/506234/touch/rh.topofix.touch","506234","T1w//506234/touch/rh.topofix.touch","NjpgM3IjbeYXMzbnkonEnsR508sqh4ei"
"s3://hcp-openaccess/HCP_1200/506234/T1w/506234/touch/rh.white_surface.touch","506234","T1w//506234/touch/rh.white_surface.touch","Fy7o.J3.sTozvjzV9abL7gkAIegCdmG5"
"s3://hcp-openaccess/HCP_1200/506234/T1w/506234/touch/segstats.touch","506234","T1w//506234/touch/segstats.touch","3rZTp1JLhIr662g53piDOeBvSToGtowl"
"s3://hcp-openaccess/HCP_1200/506234/T1w/506234/touch/skull_2.lta.touch","506234","T1w//506234/touch/skull_2.lta.touch","CmE7kGXpHy9P6WAni_PxEgqpZu8NIjOB"
"s3://hcp-openaccess/HCP_1200/506234/T1w/506234/touch/talairach.touch","506234","T1w//506234/touch/talairach.touch","O6oBQaCtr.BgQbBOYi6r3WV4oteoy2rI"
"s3://hcp-openaccess/HCP_1200/506234/T1w/506234/touch/wmaparc.stats.touch","506234","T1w//506234/touch/wmaparc.stats.touch","R_X1gxJQ03PKBPN_m7lFy.EbkOwRszVO"
"s3://hcp-openaccess/HCP_1200/506234/T1w/506234/touch/wmaparc.touch","506234","T1w//506234/touch/wmaparc.touch","dpMRuGZG9OUwSK8qfm7MJqMq9k22dhuU"
"s3://hcp-openaccess/HCP_1200/506234/T1w/506234/touch/wmsegment.touch","506234","T1w//506234/touch/wmsegment.touch","HyerMo7rg0iYgvxVoJ4ZWO_7X.TJhVUv"
"s3://hcp-openaccess/HCP_1200/506234/T1w/506234_3T.csv","506234","T1w//506234_3T.csv","9dfIPjVp3EJZAUGLrgVWqM_8lfhwPOVx"
"s3://hcp-openaccess/HCP_1200/506234/T1w/BiasField_acpc_dc.nii.gz","506234","T1w//BiasField_acpc_dc.nii.gz","aQNkHXEJGPHihnUkFeWooPJU2lGYHMbo"
"s3://hcp-openaccess/HCP_1200/506234/T1w/Diffusion.bedpostX/bvals","506234","T1w//Diffusion.bedpostX/bvals","85pKV._VnuRtm..enIx_mrYMvKuS0kKH"
"s3://hcp-openaccess/HCP_1200/506234/T1w/Diffusion.bedpostX/bvecs","506234","T1w//Diffusion.bedpostX/bvecs","k5Ju321Zf3P0PXjT9RALk_hXcbXdWxzJ"
"s3://hcp-openaccess/HCP_1200/506234/T1w/Diffusion.bedpostX/commands.txt","506234","T1w//Diffusion.bedpostX/commands.txt","ObZurr0A8tTZ8e62tUjOq305kkWdHxgV"
"s3://hcp-openaccess/HCP_1200/506234/T1w/Diffusion.bedpostX/dyads1.nii.gz","506234","T1w//Diffusion.bedpostX/dyads1.nii.gz","YST6qm.J6UaWiKdVXfuvy7acCzWKJ2iX"
"s3://hcp-openaccess/HCP_1200/506234/T1w/Diffusion.bedpostX/dyads1_dispersion.nii.gz","506234","T1w//Diffusion.bedpostX/dyads1_dispersion.nii.gz","Tg2LdJQ1YUHGmkrfdPiLybcqeGwa0dXW"
"s3://hcp-openaccess/HCP_1200/506234/T1w/Diffusion.bedpostX/dyads2.nii.gz","506234","T1w//Diffusion.bedpostX/dyads2.nii.gz","dOAnKu1xXKDXwzNKXFPMJUW9kgN6Ydsx"
"s3://hcp-openaccess/HCP_1200/506234/T1w/Diffusion.bedpostX/dyads2_dispersion.nii.gz","506234","T1w//Diffusion.bedpostX/dyads2_dispersion.nii.gz","w0Ek_zKrHPycpgqwKqS5hyCZFMkrpPmH"
"s3://hcp-openaccess/HCP_1200/506234/T1w/Diffusion.bedpostX/dyads2_thr0.05.nii.gz","506234","T1w//Diffusion.bedpostX/dyads2_thr0.05.nii.gz","qooux.CWatLymMkE4DwS6c2PDUp1BcJg"
"s3://hcp-openaccess/HCP_1200/506234/T1w/Diffusion.bedpostX/dyads2_thr0.05_modf2.nii.gz","506234","T1w//Diffusion.bedpostX/dyads2_thr0.05_modf2.nii.gz","C9HjJn7cR52hx9ykVVzGfbtznLrD8cHC"
"s3://hcp-openaccess/HCP_1200/506234/T1w/Diffusion.bedpostX/dyads3.nii.gz","506234","T1w//Diffusion.bedpostX/dyads3.nii.gz","elBK92qRBuxXotbcg0dWmdb9lV1fbfg1"
"s3://hcp-openaccess/HCP_1200/506234/T1w/Diffusion.bedpostX/dyads3_dispersion.nii.gz","506234","T1w//Diffusion.bedpostX/dyads3_dispersion.nii.gz","0_strmv8G2BV76zILQz52c1_WJvQpbvH"
"s3://hcp-openaccess/HCP_1200/506234/T1w/Diffusion.bedpostX/dyads3_thr0.05.nii.gz","506234","T1w//Diffusion.bedpostX/dyads3_thr0.05.nii.gz","cnGLHCMuEAFwraBrU2m0GRa4yyD8theR"
"s3://hcp-openaccess/HCP_1200/506234/T1w/Diffusion.bedpostX/dyads3_thr0.05_modf3.nii.gz","506234","T1w//Diffusion.bedpostX/dyads3_thr0.05_modf3.nii.gz","LH9j5_wrAUn8hV3mMGmROXVeMxEzBRZY"
"s3://hcp-openaccess/HCP_1200/506234/T1w/Diffusion.bedpostX/logs/506234_bedpostx_gpu.e1684524-1","506234","T1w//Diffusion.bedpostX/logs/506234_bedpostx_gpu.e1684524-1","OwwbzJT7v7o0mYPiHToFb3w2Yfh3Palr"
"s3://hcp-openaccess/HCP_1200/506234/T1w/Diffusion.bedpostX/logs/506234_bedpostx_gpu.e1684524-2","506234","T1w//Diffusion.bedpostX/logs/506234_bedpostx_gpu.e1684524-2","BCd27Zx5mrLATVCxY.L5Wk0qGXzDtYtE"
"s3://hcp-openaccess/HCP_1200/506234/T1w/Diffusion.bedpostX/logs/506234_bedpostx_gpu.e1684524-3","506234","T1w//Diffusion.bedpostX/logs/506234_bedpostx_gpu.e1684524-3","tSjWvjNlw1r0vEIJx2ImEQ_L0kVQwTmp"
"s3://hcp-openaccess/HCP_1200/506234/T1w/Diffusion.bedpostX/logs/506234_bedpostx_gpu.e1684524-4","506234","T1w//Diffusion.bedpostX/logs/506234_bedpostx_gpu.e1684524-4","0NDVYaUY_PdbxxuLJEv.PdbO7O8PZ1b2"
"s3://hcp-openaccess/HCP_1200/506234/T1w/Diffusion.bedpostX/logs/506234_bedpostx_gpu.o1684524-1","506234","T1w//Diffusion.bedpostX/logs/506234_bedpostx_gpu.o1684524-1","0CYe75v8nvIQzfG.uETOFJSmlADDsAoc"
"s3://hcp-openaccess/HCP_1200/506234/T1w/Diffusion.bedpostX/logs/506234_bedpostx_gpu.o1684524-2","506234","T1w//Diffusion.bedpostX/logs/506234_bedpostx_gpu.o1684524-2","65Rkc8ZREevq9AFDMEdPreOGCnk8CSDd"
"s3://hcp-openaccess/HCP_1200/506234/T1w/Diffusion.bedpostX/logs/506234_bedpostx_gpu.o1684524-3","506234","T1w//Diffusion.bedpostX/logs/506234_bedpostx_gpu.o1684524-3","YNCzbz58oAc6VHZe_wdP3MVyXvOqf73E"
"s3://hcp-openaccess/HCP_1200/506234/T1w/Diffusion.bedpostX/logs/506234_bedpostx_gpu.o1684524-4","506234","T1w//Diffusion.bedpostX/logs/506234_bedpostx_gpu.o1684524-4","Gpo3gRJx_v.xhuHfeeUQmjtNtNcsTmiM"
"s3://hcp-openaccess/HCP_1200/506234/T1w/Diffusion.bedpostX/logs/506234_bedpostx_postproc_gpu.e1684525","506234","T1w//Diffusion.bedpostX/logs/506234_bedpostx_postproc_gpu.e1684525","URiRqyZDJM10.FGFg..PssjCF4KeuODX"
"s3://hcp-openaccess/HCP_1200/506234/T1w/Diffusion.bedpostX/logs/506234_bedpostx_postproc_gpu.o1684525","506234","T1w//Diffusion.bedpostX/logs/506234_bedpostx_postproc_gpu.o1684525","1rpFsSBTsJ.X799tIwrGf4mF4IHqD8J_"
"s3://hcp-openaccess/HCP_1200/506234/T1w/Diffusion.bedpostX/logs/506234_bedpostx_preproc_gpu.e1684523","506234","T1w//Diffusion.bedpostX/logs/506234_bedpostx_preproc_gpu.e1684523","LvfJ6X5PP2zPLXCOO_gJ5vbvSpBiNmvM"
"s3://hcp-openaccess/HCP_1200/506234/T1w/Diffusion.bedpostX/logs/506234_bedpostx_preproc_gpu.o1684523","506234","T1w//Diffusion.bedpostX/logs/506234_bedpostx_preproc_gpu.o1684523","8VDnk_kHk4OrHFrWqmjJhsdqIR9qLyrE"
"s3://hcp-openaccess/HCP_1200/506234/T1w/Diffusion.bedpostX/logs/logs_gpu/part_0000-subpart_0000","506234","T1w//Diffusion.bedpostX/logs/logs_gpu/part_0000-subpart_0000","MyH.ERp6g32G_O_9aEoTPceJXXvGaWos"
"s3://hcp-openaccess/HCP_1200/506234/T1w/Diffusion.bedpostX/logs/logs_gpu/part_0000-subpart_0001","506234","T1w//Diffusion.bedpostX/logs/logs_gpu/part_0000-subpart_0001","Z7UeIlpqUYmQ5nxGxACcnccQEHA6ZEcO"
"s3://hcp-openaccess/HCP_1200/506234/T1w/Diffusion.bedpostX/logs/logs_gpu/part_0000-subpart_0002","506234","T1w//Diffusion.bedpostX/logs/logs_gpu/part_0000-subpart_0002","o1F2Uwkf9Pc3oU5ZWfEp_.f_2FWaI_eR"
"s3://hcp-openaccess/HCP_1200/506234/T1w/Diffusion.bedpostX/logs/logs_gpu/part_0000-subpart_0003","506234","T1w//Diffusion.bedpostX/logs/logs_gpu/part_0000-subpart_0003","FPEAiqxmWN93RAI4JMANw0yVPLBrZzU8"
"s3://hcp-openaccess/HCP_1200/506234/T1w/Diffusion.bedpostX/logs/logs_gpu/part_0000-subpart_0004","506234","T1w//Diffusion.bedpostX/logs/logs_gpu/part_0000-subpart_0004","79okeKqglEBBFGVmTPaUKsBS1F5m4xmv"
"s3://hcp-openaccess/HCP_1200/506234/T1w/Diffusion.bedpostX/logs/logs_gpu/part_0000-subpart_0005","506234","T1w//Diffusion.bedpostX/logs/logs_gpu/part_0000-subpart_0005","GAqGOIMDSKj7TOmJ81A3UnfeBQMl2lMv"
"s3://hcp-openaccess/HCP_1200/506234/T1w/Diffusion.bedpostX/logs/logs_gpu/part_0000-subpart_0006","506234","T1w//Diffusion.bedpostX/logs/logs_gpu/part_0000-subpart_0006",".VeTduTQAXUIuXfUhf4yA9d5D9HnU.TY"
"s3://hcp-openaccess/HCP_1200/506234/T1w/Diffusion.bedpostX/logs/logs_gpu/part_0000-subpart_0007","506234","T1w//Diffusion.bedpostX/logs/logs_gpu/part_0000-subpart_0007","Z9uaTw279pOuUBzh9JL7jw69Lo9OW58_"
"s3://hcp-openaccess/HCP_1200/506234/T1w/Diffusion.bedpostX/logs/logs_gpu/part_0000-subpart_0008","506234","T1w//Diffusion.bedpostX/logs/logs_gpu/part_0000-subpart_0008","VsTcPv0JDOQy6Frht.2M1.9E3qE2H1oj"
"s3://hcp-openaccess/HCP_1200/506234/T1w/Diffusion.bedpostX/logs/logs_gpu/part_0000-subpart_0009","506234","T1w//Diffusion.bedpostX/logs/logs_gpu/part_0000-subpart_0009","6h6V9p8St2kuvU4OX7YnWTxYn2k8z2KK"
"s3://hcp-openaccess/HCP_1200/506234/T1w/Diffusion.bedpostX/logs/logs_gpu/part_0000-subpart_0010","506234","T1w//Diffusion.bedpostX/logs/logs_gpu/part_0000-subpart_0010","tYhezSRM3sqopvKrUgr3SZCDhAgbXvY9"
"s3://hcp-openaccess/HCP_1200/506234/T1w/Diffusion.bedpostX/logs/logs_gpu/part_0000-subpart_0011","506234","T1w//Diffusion.bedpostX/logs/logs_gpu/part_0000-subpart_0011","UMFWdKfnJucLnobdLkXJPdrsWuqyRC2Q"
"s3://hcp-openaccess/HCP_1200/506234/T1w/Diffusion.bedpostX/logs/logs_gpu/part_0000-subpart_0012","506234","T1w//Diffusion.bedpostX/logs/logs_gpu/part_0000-subpart_0012","0vtlO5Ncch0knEtixjXtTS5k3zTIY5Sh"
"s3://hcp-openaccess/HCP_1200/506234/T1w/Diffusion.bedpostX/logs/logs_gpu/part_0000-subpart_0013","506234","T1w//Diffusion.bedpostX/logs/logs_gpu/part_0000-subpart_0013","9YMPXCJtlKlBvzG7iwpOA7bkjHClQLzG"
"s3://hcp-openaccess/HCP_1200/506234/T1w/Diffusion.bedpostX/logs/logs_gpu/part_0000-subpart_0014","506234","T1w//Diffusion.bedpostX/logs/logs_gpu/part_0000-subpart_0014",".uutqGGfxxKvyWnbxfbf.MduSBiqhg97"
"s3://hcp-openaccess/HCP_1200/506234/T1w/Diffusion.bedpostX/logs/logs_gpu/part_0000-subpart_0015","506234","T1w//Diffusion.bedpostX/logs/logs_gpu/part_0000-subpart_0015","_z4uzwOXsen2kIRlVbqUX7n7NNCjPFJB"
"s3://hcp-openaccess/HCP_1200/506234/T1w/Diffusion.bedpostX/logs/logs_gpu/part_0000-subpart_0016","506234","T1w//Diffusion.bedpostX/logs/logs_gpu/part_0000-subpart_0016","VzBfqnXAoGuyaX75yJdde.8qAq0UdKaN"
"s3://hcp-openaccess/HCP_1200/506234/T1w/Diffusion.bedpostX/logs/logs_gpu/part_0001-subpart_0000","506234","T1w//Diffusion.bedpostX/logs/logs_gpu/part_0001-subpart_0000","d4DasGCdeuU5sYxbZ_RXjtsDsHvjVips"
"s3://hcp-openaccess/HCP_1200/506234/T1w/Diffusion.bedpostX/logs/logs_gpu/part_0001-subpart_0001","506234","T1w//Diffusion.bedpostX/logs/logs_gpu/part_0001-subpart_0001","E9PJyuczHmEypFccdDHiC66hUMdiUhmq"
"s3://hcp-openaccess/HCP_1200/506234/T1w/Diffusion.bedpostX/logs/logs_gpu/part_0001-subpart_0002","506234","T1w//Diffusion.bedpostX/logs/logs_gpu/part_0001-subpart_0002","Xc0GjJkGWowIpld7.RwkHm4.AA6AdQ1Z"
"s3://hcp-openaccess/HCP_1200/506234/T1w/Diffusion.bedpostX/logs/logs_gpu/part_0001-subpart_0003","506234","T1w//Diffusion.bedpostX/logs/logs_gpu/part_0001-subpart_0003","UyK87g9SC4vSHTxkgJhccb1R2D.1YVXc"
"s3://hcp-openaccess/HCP_1200/506234/T1w/Diffusion.bedpostX/logs/logs_gpu/part_0001-subpart_0004","506234","T1w//Diffusion.bedpostX/logs/logs_gpu/part_0001-subpart_0004","JDye8hZiQXfCYAfw.wtLPS7ZIQWEOmDN"
"s3://hcp-openaccess/HCP_1200/506234/T1w/Diffusion.bedpostX/logs/logs_gpu/part_0001-subpart_0005","506234","T1w//Diffusion.bedpostX/logs/logs_gpu/part_0001-subpart_0005","sJIzvkgga0CvT_G26s2SoaPYd3YM5x_g"
"s3://hcp-openaccess/HCP_1200/506234/T1w/Diffusion.bedpostX/logs/logs_gpu/part_0001-subpart_0006","506234","T1w//Diffusion.bedpostX/logs/logs_gpu/part_0001-subpart_0006","j7XulqsIAhqDABqoaFCUFjcU0dBEBUUZ"
"s3://hcp-openaccess/HCP_1200/506234/T1w/Diffusion.bedpostX/logs/logs_gpu/part_0001-subpart_0007","506234","T1w//Diffusion.bedpostX/logs/logs_gpu/part_0001-subpart_0007","uKcNI7DxJJysq2acpv6ODdBNyJMW0ASK"
"s3://hcp-openaccess/HCP_1200/506234/T1w/Diffusion.bedpostX/logs/logs_gpu/part_0001-subpart_0008","506234","T1w//Diffusion.bedpostX/logs/logs_gpu/part_0001-subpart_0008","nOvmj6aAHn1YywYZww8dIRayojZz9Oc9"
"s3://hcp-openaccess/HCP_1200/506234/T1w/Diffusion.bedpostX/logs/logs_gpu/part_0001-subpart_0009","506234","T1w//Diffusion.bedpostX/logs/logs_gpu/part_0001-subpart_0009","Pu4lsC5jEKOnSMSn2f5KlbL6W5KmiMXA"
"s3://hcp-openaccess/HCP_1200/506234/T1w/Diffusion.bedpostX/logs/logs_gpu/part_0001-subpart_0010","506234","T1w//Diffusion.bedpostX/logs/logs_gpu/part_0001-subpart_0010","Azh4dD8ZcIasaRXTVKhEhGYta8n1QGhz"
"s3://hcp-openaccess/HCP_1200/506234/T1w/Diffusion.bedpostX/logs/logs_gpu/part_0001-subpart_0011","506234","T1w//Diffusion.bedpostX/logs/logs_gpu/part_0001-subpart_0011","8TE2IZUBs_XUxTdzMiwF2hXQ8Z_tNj1j"
"s3://hcp-openaccess/HCP_1200/506234/T1w/Diffusion.bedpostX/logs/logs_gpu/part_0001-subpart_0012","506234","T1w//Diffusion.bedpostX/logs/logs_gpu/part_0001-subpart_0012","PeDT8zRsH7oO5p.ECvTQ.nLe0hoasVLF"
"s3://hcp-openaccess/HCP_1200/506234/T1w/Diffusion.bedpostX/logs/logs_gpu/part_0001-subpart_0013","506234","T1w//Diffusion.bedpostX/logs/logs_gpu/part_0001-subpart_0013","knKkYNUaTy5uNEHp_k6EnV0ZEHhVe3Xn"
"s3://hcp-openaccess/HCP_1200/506234/T1w/Diffusion.bedpostX/logs/logs_gpu/part_0001-subpart_0014","506234","T1w//Diffusion.bedpostX/logs/logs_gpu/part_0001-subpart_0014","8ioTrbGnJptovShVyq1Vv7imfoW.vZwu"
"s3://hcp-openaccess/HCP_1200/506234/T1w/Diffusion.bedpostX/logs/logs_gpu/part_0001-subpart_0015","506234","T1w//Diffusion.bedpostX/logs/logs_gpu/part_0001-subpart_0015","Q0urlTvOO3ebdUagbLxuP1TuxjalkwNs"
"s3://hcp-openaccess/HCP_1200/506234/T1w/Diffusion.bedpostX/logs/logs_gpu/part_0001-subpart_0016","506234","T1w//Diffusion.bedpostX/logs/logs_gpu/part_0001-subpart_0016","jQHtYPgyZ7FVwnp0oRxTTkS4UiP18S1R"
"s3://hcp-openaccess/HCP_1200/506234/T1w/Diffusion.bedpostX/logs/logs_gpu/part_0002-subpart_0000","506234","T1w//Diffusion.bedpostX/logs/logs_gpu/part_0002-subpart_0000","KcVL5dM5LgPR4l35DIbKyXuxa2Ilagsf"
"s3://hcp-openaccess/HCP_1200/506234/T1w/Diffusion.bedpostX/logs/logs_gpu/part_0002-subpart_0001","506234","T1w//Diffusion.bedpostX/logs/logs_gpu/part_0002-subpart_0001","EDZ5DxCH7jRGo51YXO1sRTyTKVJCynDZ"
"s3://hcp-openaccess/HCP_1200/506234/T1w/Diffusion.bedpostX/logs/logs_gpu/part_0002-subpart_0002","506234","T1w//Diffusion.bedpostX/logs/logs_gpu/part_0002-subpart_0002","WKu5TgSxIE4lBpbv27vxdSFuhdMRaKq4"
"s3://hcp-openaccess/HCP_1200/506234/T1w/Diffusion.bedpostX/logs/logs_gpu/part_0002-subpart_0003","506234","T1w//Diffusion.bedpostX/logs/logs_gpu/part_0002-subpart_0003","ou2zP9fR.2U2TjMNzwwQ4OngMdKTtJCb"
"s3://hcp-openaccess/HCP_1200/506234/T1w/Diffusion.bedpostX/logs/logs_gpu/part_0002-subpart_0004","506234","T1w//Diffusion.bedpostX/logs/logs_gpu/part_0002-subpart_0004","cw1kPA8x2Rz4qnT0hjJTuODc6WbccF9K"
"s3://hcp-openaccess/HCP_1200/506234/T1w/Diffusion.bedpostX/logs/logs_gpu/part_0002-subpart_0005","506234","T1w//Diffusion.bedpostX/logs/logs_gpu/part_0002-subpart_0005","IgbHAvm3uXugCT2NoxYy3m9zjX09Tdlp"
"s3://hcp-openaccess/HCP_1200/506234/T1w/Diffusion.bedpostX/logs/logs_gpu/part_0002-subpart_0006","506234","T1w//Diffusion.bedpostX/logs/logs_gpu/part_0002-subpart_0006","bGfC4VC1MgOcLhORjCM_0UNZPeqzEK1_"
"s3://hcp-openaccess/HCP_1200/506234/T1w/Diffusion.bedpostX/logs/logs_gpu/part_0002-subpart_0007","506234","T1w//Diffusion.bedpostX/logs/logs_gpu/part_0002-subpart_0007","0Qn.H45Wyqm5aquRktrqTSymF9fzXKG7"
"s3://hcp-openaccess/HCP_1200/506234/T1w/Diffusion.bedpostX/logs/logs_gpu/part_0002-subpart_0008","506234","T1w//Diffusion.bedpostX/logs/logs_gpu/part_0002-subpart_0008","l0ZB4fD1B2j7Rt24xyqldphLD4IimVfV"
"s3://hcp-openaccess/HCP_1200/506234/T1w/Diffusion.bedpostX/logs/logs_gpu/part_0002-subpart_0009","506234","T1w//Diffusion.bedpostX/logs/logs_gpu/part_0002-subpart_0009","CVxmeNsX8HCQi0ez4Qh8lPU3aSxWwS5v"
"s3://hcp-openaccess/HCP_1200/506234/T1w/Diffusion.bedpostX/logs/logs_gpu/part_0002-subpart_0010","506234","T1w//Diffusion.bedpostX/logs/logs_gpu/part_0002-subpart_0010","z9vgqM66vIpCTco9txY5HcStZk2Vihn_"
"s3://hcp-openaccess/HCP_1200/506234/T1w/Diffusion.bedpostX/logs/logs_gpu/part_0002-subpart_0011","506234","T1w//Diffusion.bedpostX/logs/logs_gpu/part_0002-subpart_0011","9JBVySgbBrqWqDMX4iwH0YpKn_g9q0uk"
"s3://hcp-openaccess/HCP_1200/506234/T1w/Diffusion.bedpostX/logs/logs_gpu/part_0002-subpart_0012","506234","T1w//Diffusion.bedpostX/logs/logs_gpu/part_0002-subpart_0012","r4bg1Y8y24TeeBA9feZwl5nXgq97qoSZ"
"s3://hcp-openaccess/HCP_1200/506234/T1w/Diffusion.bedpostX/logs/logs_gpu/part_0002-subpart_0013","506234","T1w//Diffusion.bedpostX/logs/logs_gpu/part_0002-subpart_0013","jbRL9oTaL5091xwDVSi80RLmjAUkIqE2"
"s3://hcp-openaccess/HCP_1200/506234/T1w/Diffusion.bedpostX/logs/logs_gpu/part_0002-subpart_0014","506234","T1w//Diffusion.bedpostX/logs/logs_gpu/part_0002-subpart_0014","CK4CZpx5RMKmb.ywpWA30OEp8m87Lk3N"
"s3://hcp-openaccess/HCP_1200/506234/T1w/Diffusion.bedpostX/logs/logs_gpu/part_0002-subpart_0015","506234","T1w//Diffusion.bedpostX/logs/logs_gpu/part_0002-subpart_0015","FRTPhleTw5MnXAp4e9ULuXHa.6SgP5Vd"
"s3://hcp-openaccess/HCP_1200/506234/T1w/Diffusion.bedpostX/logs/logs_gpu/part_0002-subpart_0016","506234","T1w//Diffusion.bedpostX/logs/logs_gpu/part_0002-subpart_0016",".SNjQKVPJ3JX.pVuvSEqNinYpF3wW.5k"
"s3://hcp-openaccess/HCP_1200/506234/T1w/Diffusion.bedpostX/logs/logs_gpu/part_0003-subpart_0000","506234","T1w//Diffusion.bedpostX/logs/logs_gpu/part_0003-subpart_0000","tEKiuoN72W8toCrcFbe7gF5d4zl0sdMp"
"s3://hcp-openaccess/HCP_1200/506234/T1w/Diffusion.bedpostX/logs/logs_gpu/part_0003-subpart_0001","506234","T1w//Diffusion.bedpostX/logs/logs_gpu/part_0003-subpart_0001","QGM44ztBCRGwGVhCaigXplzKC1L_rvnM"
"s3://hcp-openaccess/HCP_1200/506234/T1w/Diffusion.bedpostX/logs/logs_gpu/part_0003-subpart_0002","506234","T1w//Diffusion.bedpostX/logs/logs_gpu/part_0003-subpart_0002","8HaqVEODDN1y39qA9dgTEdxLvkgzXjSQ"
"s3://hcp-openaccess/HCP_1200/506234/T1w/Diffusion.bedpostX/logs/logs_gpu/part_0003-subpart_0003","506234","T1w//Diffusion.bedpostX/logs/logs_gpu/part_0003-subpart_0003","q3KqbAK6AKkfdXMRHxMZ_kblJaJtha4E"
"s3://hcp-openaccess/HCP_1200/506234/T1w/Diffusion.bedpostX/logs/logs_gpu/part_0003-subpart_0004","506234","T1w//Diffusion.bedpostX/logs/logs_gpu/part_0003-subpart_0004","PfEmJqyU_WMVrsZaL_oyta.jstezA3ua"
"s3://hcp-openaccess/HCP_1200/506234/T1w/Diffusion.bedpostX/logs/logs_gpu/part_0003-subpart_0005","506234","T1w//Diffusion.bedpostX/logs/logs_gpu/part_0003-subpart_0005","gxk525i512BMygQLzIk3XB_myeD408fL"
"s3://hcp-openaccess/HCP_1200/506234/T1w/Diffusion.bedpostX/logs/logs_gpu/part_0003-subpart_0006","506234","T1w//Diffusion.bedpostX/logs/logs_gpu/part_0003-subpart_0006","c1mOiDclZGtBd6tBHEF4RgMEzGC1loWh"
"s3://hcp-openaccess/HCP_1200/506234/T1w/Diffusion.bedpostX/logs/logs_gpu/part_0003-subpart_0007","506234","T1w//Diffusion.bedpostX/logs/logs_gpu/part_0003-subpart_0007","Sq5KgKdM7bu.zS8tQbksTVCgGzzzl6Wj"
"s3://hcp-openaccess/HCP_1200/506234/T1w/Diffusion.bedpostX/logs/logs_gpu/part_0003-subpart_0008","506234","T1w//Diffusion.bedpostX/logs/logs_gpu/part_0003-subpart_0008","DSswTO0kSY3nLZO.vk0VAHN9klyeBgCT"
"s3://hcp-openaccess/HCP_1200/506234/T1w/Diffusion.bedpostX/logs/logs_gpu/part_0003-subpart_0009","506234","T1w//Diffusion.bedpostX/logs/logs_gpu/part_0003-subpart_0009","Fa0Fs5wgl4K7sTacMxSi6lWaDgZDvLFQ"
"s3://hcp-openaccess/HCP_1200/506234/T1w/Diffusion.bedpostX/logs/logs_gpu/part_0003-subpart_0010","506234","T1w//Diffusion.bedpostX/logs/logs_gpu/part_0003-subpart_0010","ZW6SGhC2gVBB_1vdbHl33w1gLSPCoeGK"
"s3://hcp-openaccess/HCP_1200/506234/T1w/Diffusion.bedpostX/logs/logs_gpu/part_0003-subpart_0011","506234","T1w//Diffusion.bedpostX/logs/logs_gpu/part_0003-subpart_0011","b9WWNfzGRzs5vgXPdy1XGn8Y8JJwsO5B"
"s3://hcp-openaccess/HCP_1200/506234/T1w/Diffusion.bedpostX/logs/logs_gpu/part_0003-subpart_0012","506234","T1w//Diffusion.bedpostX/logs/logs_gpu/part_0003-subpart_0012","NKGBac_.H5kDeUSF5y73doH02OOrNOZi"
"s3://hcp-openaccess/HCP_1200/506234/T1w/Diffusion.bedpostX/logs/logs_gpu/part_0003-subpart_0013","506234","T1w//Diffusion.bedpostX/logs/logs_gpu/part_0003-subpart_0013","n4H9XnbsDD3O4BmTeM1NwdXtXV0lyXQ9"
"s3://hcp-openaccess/HCP_1200/506234/T1w/Diffusion.bedpostX/logs/logs_gpu/part_0003-subpart_0014","506234","T1w//Diffusion.bedpostX/logs/logs_gpu/part_0003-subpart_0014","8h7O.JbK_EVqTDqiBO74vIOEkGqBR5pW"
"s3://hcp-openaccess/HCP_1200/506234/T1w/Diffusion.bedpostX/logs/logs_gpu/part_0003-subpart_0015","506234","T1w//Diffusion.bedpostX/logs/logs_gpu/part_0003-subpart_0015","5ICj60U1jyNYk6MRmXFFUQed9tXwKXNr"
"s3://hcp-openaccess/HCP_1200/506234/T1w/Diffusion.bedpostX/logs/logs_gpu/part_0003-subpart_0016","506234","T1w//Diffusion.bedpostX/logs/logs_gpu/part_0003-subpart_0016","VJMoI5dIzbviPTqdotkbNZ._yhgLrMOB"
"s3://hcp-openaccess/HCP_1200/506234/T1w/Diffusion.bedpostX/logs/monitor/0","506234","T1w//Diffusion.bedpostX/logs/monitor/0","BFStS2FX4E_7hPVx2wrMSTDZobpNrS_t"
"s3://hcp-openaccess/HCP_1200/506234/T1w/Diffusion.bedpostX/logs/monitor/1","506234","T1w//Diffusion.bedpostX/logs/monitor/1","GqvpJZu4k27vJpQVXEX1OyFxdYaz8G1M"
"s3://hcp-openaccess/HCP_1200/506234/T1w/Diffusion.bedpostX/logs/monitor/2","506234","T1w//Diffusion.bedpostX/logs/monitor/2","WK6dy1vYPHmnjyeAnsWad0d8b.CvPFeu"
"s3://hcp-openaccess/HCP_1200/506234/T1w/Diffusion.bedpostX/logs/monitor/3","506234","T1w//Diffusion.bedpostX/logs/monitor/3","uHIJHQt0Ru7fo7GEXwd8c6ewksPUxoOb"
"s3://hcp-openaccess/HCP_1200/506234/T1w/Diffusion.bedpostX/logs/postproc_ID","506234","T1w//Diffusion.bedpostX/logs/postproc_ID","oK1E6AzaPisEY5Ujzh.25KTEdXU9xlml"
"s3://hcp-openaccess/HCP_1200/506234/T1w/Diffusion.bedpostX/mean_Rsamples.nii.gz","506234","T1w//Diffusion.bedpostX/mean_Rsamples.nii.gz","zV50owSiNMiDe5hVTXOlQ4.LMufCiNhp"
"s3://hcp-openaccess/HCP_1200/506234/T1w/Diffusion.bedpostX/mean_S0samples.nii.gz","506234","T1w//Diffusion.bedpostX/mean_S0samples.nii.gz","0PeDFNemVOOoAvrKxJgNXSERvlnNuw_o"
"s3://hcp-openaccess/HCP_1200/506234/T1w/Diffusion.bedpostX/mean_d_stdsamples.nii.gz","506234","T1w//Diffusion.bedpostX/mean_d_stdsamples.nii.gz","Z996AG6Kw0QWgVVRyF1pnR1eByGX0xyP"
"s3://hcp-openaccess/HCP_1200/506234/T1w/Diffusion.bedpostX/mean_dsamples.nii.gz","506234","T1w//Diffusion.bedpostX/mean_dsamples.nii.gz","w9ulsTazZ2NBnTWDYHQN9ZsQB2teYjP0"
"s3://hcp-openaccess/HCP_1200/506234/T1w/Diffusion.bedpostX/mean_f1samples.nii.gz","506234","T1w//Diffusion.bedpostX/mean_f1samples.nii.gz","Zh.PW0grfK7D6NGeI_DmSb1veqCDFXWh"
"s3://hcp-openaccess/HCP_1200/506234/T1w/Diffusion.bedpostX/mean_f2samples.nii.gz","506234","T1w//Diffusion.bedpostX/mean_f2samples.nii.gz","N6092eDRKwzt9n.PtvJdwPiqKtydj6uF"
"s3://hcp-openaccess/HCP_1200/506234/T1w/Diffusion.bedpostX/mean_f3samples.nii.gz","506234","T1w//Diffusion.bedpostX/mean_f3samples.nii.gz","38fjYKWo12SKIZe2T57WHwH3Z7sp9A1n"
"s3://hcp-openaccess/HCP_1200/506234/T1w/Diffusion.bedpostX/mean_fsumsamples.nii.gz","506234","T1w//Diffusion.bedpostX/mean_fsumsamples.nii.gz","2GQHLzocR3Pz5jf9XHtq1bBO6DEDMsbj"
"s3://hcp-openaccess/HCP_1200/506234/T1w/Diffusion.bedpostX/mean_ph1samples.nii.gz","506234","T1w//Diffusion.bedpostX/mean_ph1samples.nii.gz","19UKSP7z2uq2nRFHm_PU7dhLvHMBXRaN"
"s3://hcp-openaccess/HCP_1200/506234/T1w/Diffusion.bedpostX/mean_ph2samples.nii.gz","506234","T1w//Diffusion.bedpostX/mean_ph2samples.nii.gz","O4Z7cy3WEJ8iHxToAvDiLYAg3.oKAdcD"
"s3://hcp-openaccess/HCP_1200/506234/T1w/Diffusion.bedpostX/mean_ph3samples.nii.gz","506234","T1w//Diffusion.bedpostX/mean_ph3samples.nii.gz","ouGSmsCgfZfQ7xeT.whhagR98HbaFLYm"
"s3://hcp-openaccess/HCP_1200/506234/T1w/Diffusion.bedpostX/mean_tausamples.nii.gz","506234","T1w//Diffusion.bedpostX/mean_tausamples.nii.gz","VA3MtxYT4xnA2h4fbvyauZnQSGUKTB6T"
"s3://hcp-openaccess/HCP_1200/506234/T1w/Diffusion.bedpostX/mean_th1samples.nii.gz","506234","T1w//Diffusion.bedpostX/mean_th1samples.nii.gz","j4M9qIB8XxRVOZZUnm_O_enX2OwXwy73"
"s3://hcp-openaccess/HCP_1200/506234/T1w/Diffusion.bedpostX/mean_th2samples.nii.gz","506234","T1w//Diffusion.bedpostX/mean_th2samples.nii.gz","L5iYATj..fxUKIpiJC49eeiLswI7fQkA"
"s3://hcp-openaccess/HCP_1200/506234/T1w/Diffusion.bedpostX/mean_th3samples.nii.gz","506234","T1w//Diffusion.bedpostX/mean_th3samples.nii.gz","_X.EY36My7rOmT6NlCKQopLi64r3KPUc"
"s3://hcp-openaccess/HCP_1200/506234/T1w/Diffusion.bedpostX/merged_f1samples.nii.gz","506234","T1w//Diffusion.bedpostX/merged_f1samples.nii.gz","U3R0WXmvNd1sWeeMtvZUzY8jFWhWND_0"
"s3://hcp-openaccess/HCP_1200/506234/T1w/Diffusion.bedpostX/merged_f2samples.nii.gz","506234","T1w//Diffusion.bedpostX/merged_f2samples.nii.gz","O.FZaLkGPAoBuumIOyHrdg8P5agHYJWf"
"s3://hcp-openaccess/HCP_1200/506234/T1w/Diffusion.bedpostX/merged_f3samples.nii.gz","506234","T1w//Diffusion.bedpostX/merged_f3samples.nii.gz","d2ZanjystloQskOLXoDhw86A_ySekp5Z"
"s3://hcp-openaccess/HCP_1200/506234/T1w/Diffusion.bedpostX/merged_ph1samples.nii.gz","506234","T1w//Diffusion.bedpostX/merged_ph1samples.nii.gz","5RQbICZMgWN43pQzO47ol8qH4.V3H8QW"
"s3://hcp-openaccess/HCP_1200/506234/T1w/Diffusion.bedpostX/merged_ph2samples.nii.gz","506234","T1w//Diffusion.bedpostX/merged_ph2samples.nii.gz","90F3V7KNa4C75tx_JiGxW1O5A2lk5UPK"
"s3://hcp-openaccess/HCP_1200/506234/T1w/Diffusion.bedpostX/merged_ph3samples.nii.gz","506234","T1w//Diffusion.bedpostX/merged_ph3samples.nii.gz","5j2L_iFvyFSmdlDWTe_uNsf34F4Gt92N"
"s3://hcp-openaccess/HCP_1200/506234/T1w/Diffusion.bedpostX/merged_th1samples.nii.gz","506234","T1w//Diffusion.bedpostX/merged_th1samples.nii.gz","wXz8V7_153A6edD9O3JFtV06Pgvp9tON"
"s3://hcp-openaccess/HCP_1200/506234/T1w/Diffusion.bedpostX/merged_th2samples.nii.gz","506234","T1w//Diffusion.bedpostX/merged_th2samples.nii.gz","VRi_i8Dpp.LkAj1X72Ux6nDZF27RaM4V"
"s3://hcp-openaccess/HCP_1200/506234/T1w/Diffusion.bedpostX/merged_th3samples.nii.gz","506234","T1w//Diffusion.bedpostX/merged_th3samples.nii.gz","s2mOf0Nyp9zlL2pkL1DUHmEwP.zSphN5"
"s3://hcp-openaccess/HCP_1200/506234/T1w/Diffusion.bedpostX/nodif_brain_mask.nii.gz","506234","T1w//Diffusion.bedpostX/nodif_brain_mask.nii.gz",".GFbROzkI4etdohgz0bHWv0oeGNl88sL"
"s3://hcp-openaccess/HCP_1200/506234/T1w/Diffusion.bedpostX/xfms/eye.mat","506234","T1w//Diffusion.bedpostX/xfms/eye.mat","p.DnNu.QeS9tF1yAtku_aVZ2tOT0WSGo"
"s3://hcp-openaccess/HCP_1200/506234/T1w/Diffusion/bvals","506234","T1w//Diffusion/bvals","u5ene5BTMIWC9BLwLdh5xFN.cmBAtan6"
"s3://hcp-openaccess/HCP_1200/506234/T1w/Diffusion/bvecs","506234","T1w//Diffusion/bvecs","CAW4djHOzXM4NHT7kfLPg5Yp6uNWgc00"
"s3://hcp-openaccess/HCP_1200/506234/T1w/Diffusion/data.nii.gz","506234","T1w//Diffusion/data.nii.gz","fcb9JGLh.i00FKl_Y.vI50Gy3b19w6TL"
"s3://hcp-openaccess/HCP_1200/506234/T1w/Diffusion/eddylogs/eddy_unwarped_images.eddy_movement_rms","506234","T1w//Diffusion/eddylogs/eddy_unwarped_images.eddy_movement_rms","EIcNZ4VF3dcXl8nEA9uy5Ph_g7V_AkwE"
"s3://hcp-openaccess/HCP_1200/506234/T1w/Diffusion/eddylogs/eddy_unwarped_images.eddy_outlier_map","506234","T1w//Diffusion/eddylogs/eddy_unwarped_images.eddy_outlier_map","23BOc6inyy5UqJENJGASWLuceJIsLmFX"
"s3://hcp-openaccess/HCP_1200/506234/T1w/Diffusion/eddylogs/eddy_unwarped_images.eddy_outlier_n_sqr_stdev_map","506234","T1w//Diffusion/eddylogs/eddy_unwarped_images.eddy_outlier_n_sqr_stdev_map","xfdhB4P.4ezUuTp.82WLtp1v.GI._4XC"
"s3://hcp-openaccess/HCP_1200/506234/T1w/Diffusion/eddylogs/eddy_unwarped_images.eddy_outlier_n_stdev_map","506234","T1w//Diffusion/eddylogs/eddy_unwarped_images.eddy_outlier_n_stdev_map","fgnHEZyWwl7twe8rtaYrmli_X0CfTdws"
"s3://hcp-openaccess/HCP_1200/506234/T1w/Diffusion/eddylogs/eddy_unwarped_images.eddy_outlier_report","506234","T1w//Diffusion/eddylogs/eddy_unwarped_images.eddy_outlier_report","b5reTt3fdLZJeqVNC.59gLqAB.PAfBQ5"
"s3://hcp-openaccess/HCP_1200/506234/T1w/Diffusion/eddylogs/eddy_unwarped_images.eddy_parameters","506234","T1w//Diffusion/eddylogs/eddy_unwarped_images.eddy_parameters","bBfn1SlNygePBVbb79pgOK2FIhl6Be0F"
"s3://hcp-openaccess/HCP_1200/506234/T1w/Diffusion/eddylogs/eddy_unwarped_images.eddy_post_eddy_shell_alignment_parameters","506234","T1w//Diffusion/eddylogs/eddy_unwarped_images.eddy_post_eddy_shell_alignment_parameters","9_JHbL_ixhmcbRZsP0g46TOwWRY_RAXg"
"s3://hcp-openaccess/HCP_1200/506234/T1w/Diffusion/eddylogs/eddy_unwarped_images.eddy_restricted_movement_rms","506234","T1w//Diffusion/eddylogs/eddy_unwarped_images.eddy_restricted_movement_rms","lQD1MbQuC8NJrl0tn8TckkZhTZCpbUot"
"s3://hcp-openaccess/HCP_1200/506234/T1w/Diffusion/grad_dev.nii.gz","506234","T1w//Diffusion/grad_dev.nii.gz","8mDdFg0XTWhto7kVWtp_.pCAk1QpDptv"
"s3://hcp-openaccess/HCP_1200/506234/T1w/Diffusion/nodif_brain_mask.nii.gz","506234","T1w//Diffusion/nodif_brain_mask.nii.gz","x7xbJCNosCQqa1qQTggU45zoijUttAiA"
"s3://hcp-openaccess/HCP_1200/506234/T1w/Native/506234.L.inflated.native.surf.gii","506234","T1w//Native/506234.L.inflated.native.surf.gii","XQE4is3p15L6gOw8TTdK.FX1K7uEVAvH"
"s3://hcp-openaccess/HCP_1200/506234/T1w/Native/506234.L.midthickness.native.surf.gii","506234","T1w//Native/506234.L.midthickness.native.surf.gii","gS_4vVnchIrIqDDkJDGZOyPj8089ckGB"
"s3://hcp-openaccess/HCP_1200/506234/T1w/Native/506234.L.pial.native.surf.gii","506234","T1w//Native/506234.L.pial.native.surf.gii","NlEapUSwheH3yTlD53SiEtbd5KT3tOZc"
"s3://hcp-openaccess/HCP_1200/506234/T1w/Native/506234.L.very_inflated.native.surf.gii","506234","T1w//Native/506234.L.very_inflated.native.surf.gii","oKLNQUoJBRpeNfaaJDLq7tK9yLfRlu1_"
"s3://hcp-openaccess/HCP_1200/506234/T1w/Native/506234.L.white.native.surf.gii","506234","T1w//Native/506234.L.white.native.surf.gii","xm4HALfeqrb4WL9zkD5V3HYlykgXT5MZ"
"s3://hcp-openaccess/HCP_1200/506234/T1w/Native/506234.R.inflated.native.surf.gii","506234","T1w//Native/506234.R.inflated.native.surf.gii","FZoffv9xFCp.YlwBVKcl1z2NRdMf1U1D"
"s3://hcp-openaccess/HCP_1200/506234/T1w/Native/506234.R.midthickness.native.surf.gii","506234","T1w//Native/506234.R.midthickness.native.surf.gii","OPnBM0dTNxd7Z2ay1ZAudTfz1haV6RzO"
"s3://hcp-openaccess/HCP_1200/506234/T1w/Native/506234.R.pial.native.surf.gii","506234","T1w//Native/506234.R.pial.native.surf.gii","RUSJ5XExtzjHd8cN7dBGCEZZGyeqtcmc"
"s3://hcp-openaccess/HCP_1200/506234/T1w/Native/506234.R.very_inflated.native.surf.gii","506234","T1w//Native/506234.R.very_inflated.native.surf.gii","taw_kujr0XCknzeiyzbxZE.f8d0muxoV"
"s3://hcp-openaccess/HCP_1200/506234/T1w/Native/506234.R.white.native.surf.gii","506234","T1w//Native/506234.R.white.native.surf.gii","tT5ACKpXEPCXQTCR7IcHfQK.g2FqzMjY"
"s3://hcp-openaccess/HCP_1200/506234/T1w/Native/506234.native.wb.spec","506234","T1w//Native/506234.native.wb.spec","ezCe9oIsk73gL5slt4ya0WT0URKipAU7"
"s3://hcp-openaccess/HCP_1200/506234/T1w/Results/rfMRI_REST1_LR/PhaseOne_gdc_dc.nii.gz","506234","T1w//Results/rfMRI_REST1_LR/PhaseOne_gdc_dc.nii.gz","c9uI7eE3PRY_1ehPCWM6nDwB_oM35MYQ"
"s3://hcp-openaccess/HCP_1200/506234/T1w/Results/rfMRI_REST1_LR/PhaseTwo_gdc_dc.nii.gz","506234","T1w//Results/rfMRI_REST1_LR/PhaseTwo_gdc_dc.nii.gz","kRj5xyL6YRB5bg3zZLkNXZPvwXMA6T4s"
"s3://hcp-openaccess/HCP_1200/506234/T1w/Results/rfMRI_REST1_LR/SBRef_dc.nii.gz","506234","T1w//Results/rfMRI_REST1_LR/SBRef_dc.nii.gz","7kv4trP9cckZuErjqxw4rhxo2PSsEphn"
"s3://hcp-openaccess/HCP_1200/506234/T1w/Results/rfMRI_REST1_RL/PhaseOne_gdc_dc.nii.gz","506234","T1w//Results/rfMRI_REST1_RL/PhaseOne_gdc_dc.nii.gz","qavqpK0D7vPzwXFlW.O_2Jw8kR0SQqPn"
"s3://hcp-openaccess/HCP_1200/506234/T1w/Results/rfMRI_REST1_RL/PhaseTwo_gdc_dc.nii.gz","506234","T1w//Results/rfMRI_REST1_RL/PhaseTwo_gdc_dc.nii.gz","mWTjWRk5uM1WqY8d8YNOcgR_nUrW_WID"
"s3://hcp-openaccess/HCP_1200/506234/T1w/Results/rfMRI_REST1_RL/SBRef_dc.nii.gz","506234","T1w//Results/rfMRI_REST1_RL/SBRef_dc.nii.gz","hcw1aLbhJM.Dgx36macUmd6XQiOjFcW."
"s3://hcp-openaccess/HCP_1200/506234/T1w/Results/rfMRI_REST2_LR/PhaseOne_gdc_dc.nii.gz","506234","T1w//Results/rfMRI_REST2_LR/PhaseOne_gdc_dc.nii.gz","dIQyKaXzGLKSi2cB2UsEwiM3gVW.HoBA"
"s3://hcp-openaccess/HCP_1200/506234/T1w/Results/rfMRI_REST2_LR/PhaseTwo_gdc_dc.nii.gz","506234","T1w//Results/rfMRI_REST2_LR/PhaseTwo_gdc_dc.nii.gz","kZI0cz7OTp95rpJWf4geCcZlSrpJIwc1"
"s3://hcp-openaccess/HCP_1200/506234/T1w/Results/rfMRI_REST2_LR/SBRef_dc.nii.gz","506234","T1w//Results/rfMRI_REST2_LR/SBRef_dc.nii.gz",".h1LhnUsdbY2oqQ5m1ADpJnGDY5cm3yk"
"s3://hcp-openaccess/HCP_1200/506234/T1w/Results/rfMRI_REST2_RL/PhaseOne_gdc_dc.nii.gz","506234","T1w//Results/rfMRI_REST2_RL/PhaseOne_gdc_dc.nii.gz","Z0gCJOMFszktR4GFnMLgEfOD0yZTkzKV"
"s3://hcp-openaccess/HCP_1200/506234/T1w/Results/rfMRI_REST2_RL/PhaseTwo_gdc_dc.nii.gz","506234","T1w//Results/rfMRI_REST2_RL/PhaseTwo_gdc_dc.nii.gz","VUElVCMZgeHl8dqk4vZV0JdE7Zftha5f"
"s3://hcp-openaccess/HCP_1200/506234/T1w/Results/rfMRI_REST2_RL/SBRef_dc.nii.gz","506234","T1w//Results/rfMRI_REST2_RL/SBRef_dc.nii.gz","TX2xCkERVFVp4jMd9.szL94leUbRNF_x"
"s3://hcp-openaccess/HCP_1200/506234/T1w/Results/tfMRI_EMOTION_LR/PhaseOne_gdc_dc.nii.gz","506234","T1w//Results/tfMRI_EMOTION_LR/PhaseOne_gdc_dc.nii.gz","hh1YNlPDj9P54iA.6E6mvvOADEqoR0uV"
"s3://hcp-openaccess/HCP_1200/506234/T1w/Results/tfMRI_EMOTION_LR/PhaseTwo_gdc_dc.nii.gz","506234","T1w//Results/tfMRI_EMOTION_LR/PhaseTwo_gdc_dc.nii.gz","zIkkObLvXqM.KsoV8iL8gWJncmLS88C4"
"s3://hcp-openaccess/HCP_1200/506234/T1w/Results/tfMRI_EMOTION_LR/SBRef_dc.nii.gz","506234","T1w//Results/tfMRI_EMOTION_LR/SBRef_dc.nii.gz","5THow7VKkT0fQV.Uwjy.m1WYPHn.Zn78"
"s3://hcp-openaccess/HCP_1200/506234/T1w/Results/tfMRI_EMOTION_RL/PhaseOne_gdc_dc.nii.gz","506234","T1w//Results/tfMRI_EMOTION_RL/PhaseOne_gdc_dc.nii.gz","FqKUHOUh35etT.BCuOKBT73XTvtW3AYK"
"s3://hcp-openaccess/HCP_1200/506234/T1w/Results/tfMRI_EMOTION_RL/PhaseTwo_gdc_dc.nii.gz","506234","T1w//Results/tfMRI_EMOTION_RL/PhaseTwo_gdc_dc.nii.gz","lJh1wxLj_ThuG5gBryhruLVqgv5i8.yw"
"s3://hcp-openaccess/HCP_1200/506234/T1w/Results/tfMRI_EMOTION_RL/SBRef_dc.nii.gz","506234","T1w//Results/tfMRI_EMOTION_RL/SBRef_dc.nii.gz","EovTzhtXT0Swku.aG6Phq_qPEhLTH67H"
"s3://hcp-openaccess/HCP_1200/506234/T1w/Results/tfMRI_GAMBLING_LR/PhaseOne_gdc_dc.nii.gz","506234","T1w//Results/tfMRI_GAMBLING_LR/PhaseOne_gdc_dc.nii.gz","pgiCteWxKFJKeLSJCWZnqNpZm.0jLka8"
"s3://hcp-openaccess/HCP_1200/506234/T1w/Results/tfMRI_GAMBLING_LR/PhaseTwo_gdc_dc.nii.gz","506234","T1w//Results/tfMRI_GAMBLING_LR/PhaseTwo_gdc_dc.nii.gz","jMYA6HAoCAkwvrSeLkGcwjYdTmppHjVD"
"s3://hcp-openaccess/HCP_1200/506234/T1w/Results/tfMRI_GAMBLING_LR/SBRef_dc.nii.gz","506234","T1w//Results/tfMRI_GAMBLING_LR/SBRef_dc.nii.gz","vrr7k88N5lfc9BNxEO3l8oso9kLbgrsP"
"s3://hcp-openaccess/HCP_1200/506234/T1w/Results/tfMRI_GAMBLING_RL/PhaseOne_gdc_dc.nii.gz","506234","T1w//Results/tfMRI_GAMBLING_RL/PhaseOne_gdc_dc.nii.gz","q6U8Pjb92CVuDz6NDWMNq2KmkQKha.eS"
"s3://hcp-openaccess/HCP_1200/506234/T1w/Results/tfMRI_GAMBLING_RL/PhaseTwo_gdc_dc.nii.gz","506234","T1w//Results/tfMRI_GAMBLING_RL/PhaseTwo_gdc_dc.nii.gz","0qOTnXTHned2UyQteegF_SZe82YJwu2Z"
"s3://hcp-openaccess/HCP_1200/506234/T1w/Results/tfMRI_GAMBLING_RL/SBRef_dc.nii.gz","506234","T1w//Results/tfMRI_GAMBLING_RL/SBRef_dc.nii.gz","7GSzG9pQr1TWDMcHvU_cdDNlwxnrqJbx"
"s3://hcp-openaccess/HCP_1200/506234/T1w/Results/tfMRI_LANGUAGE_LR/PhaseOne_gdc_dc.nii.gz","506234","T1w//Results/tfMRI_LANGUAGE_LR/PhaseOne_gdc_dc.nii.gz","NOIWNNWXdqXy_nnuTbbZM6gcGhKiwDt_"
"s3://hcp-openaccess/HCP_1200/506234/T1w/Results/tfMRI_LANGUAGE_LR/PhaseTwo_gdc_dc.nii.gz","506234","T1w//Results/tfMRI_LANGUAGE_LR/PhaseTwo_gdc_dc.nii.gz","9983fkOGXLUniYqymlDEnQOUoDlEIhtf"
"s3://hcp-openaccess/HCP_1200/506234/T1w/Results/tfMRI_LANGUAGE_LR/SBRef_dc.nii.gz","506234","T1w//Results/tfMRI_LANGUAGE_LR/SBRef_dc.nii.gz","Q95L_y5rl9YeR9qTIVWC1WfP734f.Ouf"
"s3://hcp-openaccess/HCP_1200/506234/T1w/Results/tfMRI_LANGUAGE_RL/PhaseOne_gdc_dc.nii.gz","506234","T1w//Results/tfMRI_LANGUAGE_RL/PhaseOne_gdc_dc.nii.gz","pAclcZHpExMMwkokKsjGgvOXhyoFk9zB"
"s3://hcp-openaccess/HCP_1200/506234/T1w/Results/tfMRI_LANGUAGE_RL/PhaseTwo_gdc_dc.nii.gz","506234","T1w//Results/tfMRI_LANGUAGE_RL/PhaseTwo_gdc_dc.nii.gz","EtHMsEtzBVpUL6JgR00UHECar0I6J.lb"
"s3://hcp-openaccess/HCP_1200/506234/T1w/Results/tfMRI_LANGUAGE_RL/SBRef_dc.nii.gz","506234","T1w//Results/tfMRI_LANGUAGE_RL/SBRef_dc.nii.gz","ytOrP1XpwBeiQ.vWKoohpqxkP96kzwt2"
"s3://hcp-openaccess/HCP_1200/506234/T1w/Results/tfMRI_MOTOR_LR/PhaseOne_gdc_dc.nii.gz","506234","T1w//Results/tfMRI_MOTOR_LR/PhaseOne_gdc_dc.nii.gz","gF_Y3WWdUUCzxxmcsA_dbBt2TBG4.TU4"
"s3://hcp-openaccess/HCP_1200/506234/T1w/Results/tfMRI_MOTOR_LR/PhaseTwo_gdc_dc.nii.gz","506234","T1w//Results/tfMRI_MOTOR_LR/PhaseTwo_gdc_dc.nii.gz","vih_U3RH6cOeGALFb4NM3Eq1c3tPYXmX"
"s3://hcp-openaccess/HCP_1200/506234/T1w/Results/tfMRI_MOTOR_LR/SBRef_dc.nii.gz","506234","T1w//Results/tfMRI_MOTOR_LR/SBRef_dc.nii.gz","a7av4PqgJGNcLYtWye8jbUFGXB81BcrB"
"s3://hcp-openaccess/HCP_1200/506234/T1w/Results/tfMRI_MOTOR_RL/PhaseOne_gdc_dc.nii.gz","506234","T1w//Results/tfMRI_MOTOR_RL/PhaseOne_gdc_dc.nii.gz","1zPiHFKYsigZanGry9edYzrkoLKYXxRH"
"s3://hcp-openaccess/HCP_1200/506234/T1w/Results/tfMRI_MOTOR_RL/PhaseTwo_gdc_dc.nii.gz","506234","T1w//Results/tfMRI_MOTOR_RL/PhaseTwo_gdc_dc.nii.gz","B.biiyTPJBFhO8FW8JVo27z9hSgrOIHw"
"s3://hcp-openaccess/HCP_1200/506234/T1w/Results/tfMRI_MOTOR_RL/SBRef_dc.nii.gz","506234","T1w//Results/tfMRI_MOTOR_RL/SBRef_dc.nii.gz","6xQkhPVSBbMqGN6GEWoRbh2OrUtGKBoV"
"s3://hcp-openaccess/HCP_1200/506234/T1w/Results/tfMRI_RELATIONAL_LR/PhaseOne_gdc_dc.nii.gz","506234","T1w//Results/tfMRI_RELATIONAL_LR/PhaseOne_gdc_dc.nii.gz","Jg4OqhXS8AtN_YZIumzQ2V9lPaVauD6M"
"s3://hcp-openaccess/HCP_1200/506234/T1w/Results/tfMRI_RELATIONAL_LR/PhaseTwo_gdc_dc.nii.gz","506234","T1w//Results/tfMRI_RELATIONAL_LR/PhaseTwo_gdc_dc.nii.gz","v5chsLTjnIfV2bkuuayk2V19KuH.EXSl"
"s3://hcp-openaccess/HCP_1200/506234/T1w/Results/tfMRI_RELATIONAL_LR/SBRef_dc.nii.gz","506234","T1w//Results/tfMRI_RELATIONAL_LR/SBRef_dc.nii.gz","o_9qk.DKbhDIgJjSH99nFGBwPXKJqPS7"
"s3://hcp-openaccess/HCP_1200/506234/T1w/Results/tfMRI_RELATIONAL_RL/PhaseOne_gdc_dc.nii.gz","506234","T1w//Results/tfMRI_RELATIONAL_RL/PhaseOne_gdc_dc.nii.gz","YpnG4j6HKdZO2sQTTXuXLQKLTf96dySb"
"s3://hcp-openaccess/HCP_1200/506234/T1w/Results/tfMRI_RELATIONAL_RL/PhaseTwo_gdc_dc.nii.gz","506234","T1w//Results/tfMRI_RELATIONAL_RL/PhaseTwo_gdc_dc.nii.gz","knNLjEhf7Oq28IMre.2bbKA4keb6lvMm"
"s3://hcp-openaccess/HCP_1200/506234/T1w/Results/tfMRI_RELATIONAL_RL/SBRef_dc.nii.gz","506234","T1w//Results/tfMRI_RELATIONAL_RL/SBRef_dc.nii.gz","7oV4VbI7eZP8.dCOHCJZbmTm5V6CsJ1a"
"s3://hcp-openaccess/HCP_1200/506234/T1w/Results/tfMRI_SOCIAL_LR/PhaseOne_gdc_dc.nii.gz","506234","T1w//Results/tfMRI_SOCIAL_LR/PhaseOne_gdc_dc.nii.gz","oxA4DN7L27NnP3usNfVn79WjOyfx9YB."
"s3://hcp-openaccess/HCP_1200/506234/T1w/Results/tfMRI_SOCIAL_LR/PhaseTwo_gdc_dc.nii.gz","506234","T1w//Results/tfMRI_SOCIAL_LR/PhaseTwo_gdc_dc.nii.gz","eA57i9I60n2uhcOfZBY5r4cJeVqguATQ"
"s3://hcp-openaccess/HCP_1200/506234/T1w/Results/tfMRI_SOCIAL_LR/SBRef_dc.nii.gz","506234","T1w//Results/tfMRI_SOCIAL_LR/SBRef_dc.nii.gz","Vrn8V6hhCySN6GMQJU4.1pKLgp.0i0PD"
"s3://hcp-openaccess/HCP_1200/506234/T1w/Results/tfMRI_SOCIAL_RL/PhaseOne_gdc_dc.nii.gz","506234","T1w//Results/tfMRI_SOCIAL_RL/PhaseOne_gdc_dc.nii.gz","bK8OMTvDYLVCDXjM0jRAqU3xUxn.JTad"
"s3://hcp-openaccess/HCP_1200/506234/T1w/Results/tfMRI_SOCIAL_RL/PhaseTwo_gdc_dc.nii.gz","506234","T1w//Results/tfMRI_SOCIAL_RL/PhaseTwo_gdc_dc.nii.gz","Sb0pECBgGVw9qeeBsDicDOq0qRRXhWKL"
"s3://hcp-openaccess/HCP_1200/506234/T1w/Results/tfMRI_SOCIAL_RL/SBRef_dc.nii.gz","506234","T1w//Results/tfMRI_SOCIAL_RL/SBRef_dc.nii.gz","6Td4aZTNaxmKYZ5BWOyKkKWahkQTGQIz"
"s3://hcp-openaccess/HCP_1200/506234/T1w/Results/tfMRI_WM_LR/PhaseOne_gdc_dc.nii.gz","506234","T1w//Results/tfMRI_WM_LR/PhaseOne_gdc_dc.nii.gz","aH6ngS74MryPbqvsQx2gW6Wv38JufpPf"
"s3://hcp-openaccess/HCP_1200/506234/T1w/Results/tfMRI_WM_LR/PhaseTwo_gdc_dc.nii.gz","506234","T1w//Results/tfMRI_WM_LR/PhaseTwo_gdc_dc.nii.gz","du4L48l4g1fu4FQ2_uiQzRWJ6hZnit2P"
"s3://hcp-openaccess/HCP_1200/506234/T1w/Results/tfMRI_WM_LR/SBRef_dc.nii.gz","506234","T1w//Results/tfMRI_WM_LR/SBRef_dc.nii.gz","C2srg.J8CF0p_phJmxhi8FkZiAsyzFt5"
"s3://hcp-openaccess/HCP_1200/506234/T1w/Results/tfMRI_WM_RL/PhaseOne_gdc_dc.nii.gz","506234","T1w//Results/tfMRI_WM_RL/PhaseOne_gdc_dc.nii.gz","m99rp9PKOaxIqyGisQsewhaAx22_lh4y"
"s3://hcp-openaccess/HCP_1200/506234/T1w/Results/tfMRI_WM_RL/PhaseTwo_gdc_dc.nii.gz","506234","T1w//Results/tfMRI_WM_RL/PhaseTwo_gdc_dc.nii.gz","HeizDWuP5FnUK9jTM_J3YSUkERddlDSn"
"s3://hcp-openaccess/HCP_1200/506234/T1w/Results/tfMRI_WM_RL/SBRef_dc.nii.gz","506234","T1w//Results/tfMRI_WM_RL/SBRef_dc.nii.gz","r0n9h_HUAFzkacCnWv45oEtay_QsPk2M"
"s3://hcp-openaccess/HCP_1200/506234/T1w/T1wDividedByT2w.nii.gz","506234","T1w//T1wDividedByT2w.nii.gz","GpGgQQiCTgEn7ePffqDOvabqMfQoOi1O"
"s3://hcp-openaccess/HCP_1200/506234/T1w/T1wDividedByT2w_ribbon.nii.gz","506234","T1w//T1wDividedByT2w_ribbon.nii.gz","mGEDjT2js1zNsiBFjsRaorPcP1lsiEiN"
"s3://hcp-openaccess/HCP_1200/506234/T1w/T1w_acpc_dc.nii.gz","506234","T1w//T1w_acpc_dc.nii.gz","9cbqQiCU0fQCP.QwuKZFx0h2Bt6pnyRz"
"s3://hcp-openaccess/HCP_1200/506234/T1w/T1w_acpc_dc_restore.nii.gz","506234","T1w//T1w_acpc_dc_restore.nii.gz","x9DGzkv59qRUA73qBqq8ke_mECIvmxFu"
"s3://hcp-openaccess/HCP_1200/506234/T1w/T1w_acpc_dc_restore_1.25.nii.gz","506234","T1w//T1w_acpc_dc_restore_1.25.nii.gz","Nu9q4e1cgUbqAI1LjuYKAnWhXnkYjKJx"
"s3://hcp-openaccess/HCP_1200/506234/T1w/T1w_acpc_dc_restore_brain.nii.gz","506234","T1w//T1w_acpc_dc_restore_brain.nii.gz","SuS8Uo9sO2HdStTqhXu8HShKe6be5rei"
"s3://hcp-openaccess/HCP_1200/506234/T1w/T2w_acpc_dc.nii.gz","506234","T1w//T2w_acpc_dc.nii.gz","vcaCxdzA4S7Hkdb2qLUPNpfMYVmv1Eem"
"s3://hcp-openaccess/HCP_1200/506234/T1w/T2w_acpc_dc_restore.nii.gz","506234","T1w//T2w_acpc_dc_restore.nii.gz","Rt3R_9jN_tKXLHVa..Q0jVbNfmqVSOaR"
"s3://hcp-openaccess/HCP_1200/506234/T1w/T2w_acpc_dc_restore_brain.nii.gz","506234","T1w//T2w_acpc_dc_restore_brain.nii.gz","H1lbHCHJaZBK0FqYGi46a9G59CA0h35l"
"s3://hcp-openaccess/HCP_1200/506234/T1w/aparc+aseg.nii.gz","506234","T1w//aparc+aseg.nii.gz","nXG3B8gLpJQkD5MmqwtrnvFnpCLprzYN"
"s3://hcp-openaccess/HCP_1200/506234/T1w/aparc.a2009s+aseg.nii.gz","506234","T1w//aparc.a2009s+aseg.nii.gz","yJB0_kFFDjGdJa2eGD8nfr.6nE0MUYXl"
"s3://hcp-openaccess/HCP_1200/506234/T1w/brainmask_fs.nii.gz","506234","T1w//brainmask_fs.nii.gz","ZJDEbER65RYNX8SfkmSfMxxs9ffj9WIo"
"s3://hcp-openaccess/HCP_1200/506234/T1w/fsaverage_LR32k/506234.32k_fs_LR.wb.spec","506234","T1w//fsaverage_LR32k/506234.32k_fs_LR.wb.spec","oKgcT_8FZvF5cGoj.x8Uik4B1DsDpwgL"
"s3://hcp-openaccess/HCP_1200/506234/T1w/fsaverage_LR32k/506234.L.inflated.32k_fs_LR.surf.gii","506234","T1w//fsaverage_LR32k/506234.L.inflated.32k_fs_LR.surf.gii","SgWLGlnfCZkylVmomuhEc_WRosRIkBQn"
"s3://hcp-openaccess/HCP_1200/506234/T1w/fsaverage_LR32k/506234.L.inflated_MSMAll.32k_fs_LR.surf.gii","506234","T1w//fsaverage_LR32k/506234.L.inflated_MSMAll.32k_fs_LR.surf.gii","0N9_WWKNcY.UaiNi21cvayjtk68gxH0P"
"s3://hcp-openaccess/HCP_1200/506234/T1w/fsaverage_LR32k/506234.L.midthickness.32k_fs_LR.surf.gii","506234","T1w//fsaverage_LR32k/506234.L.midthickness.32k_fs_LR.surf.gii","Z6egbJehzTnlXbwLHZAvqrJVlsXlwrBj"
"s3://hcp-openaccess/HCP_1200/506234/T1w/fsaverage_LR32k/506234.L.midthickness_MSMAll.32k_fs_LR.surf.gii","506234","T1w//fsaverage_LR32k/506234.L.midthickness_MSMAll.32k_fs_LR.surf.gii","A.1AkSzp1vx4Hv8PCD3JC_DPmkxnIyTA"
"s3://hcp-openaccess/HCP_1200/506234/T1w/fsaverage_LR32k/506234.L.midthickness_MSMAll_va.32k_fs_LR.shape.gii","506234","T1w//fsaverage_LR32k/506234.L.midthickness_MSMAll_va.32k_fs_LR.shape.gii","ueR9lJmsK1xrnhZr5hdtkTA75mkYwrGQ"
"s3://hcp-openaccess/HCP_1200/506234/T1w/fsaverage_LR32k/506234.L.pial.32k_fs_LR.surf.gii","506234","T1w//fsaverage_LR32k/506234.L.pial.32k_fs_LR.surf.gii","x.x4QY4xfwpGAPSCHpbr9mjBb8EoY0x_"
"s3://hcp-openaccess/HCP_1200/506234/T1w/fsaverage_LR32k/506234.L.pial_MSMAll.32k_fs_LR.surf.gii","506234","T1w//fsaverage_LR32k/506234.L.pial_MSMAll.32k_fs_LR.surf.gii","KYROcZF9yhgGQRbL5mffB9trQ9U6z.K8"
"s3://hcp-openaccess/HCP_1200/506234/T1w/fsaverage_LR32k/506234.L.very_inflated.32k_fs_LR.surf.gii","506234","T1w//fsaverage_LR32k/506234.L.very_inflated.32k_fs_LR.surf.gii","LsmytVn9IucbP0jk8eb.DrqbMyvqqPcG"
"s3://hcp-openaccess/HCP_1200/506234/T1w/fsaverage_LR32k/506234.L.very_inflated_MSMAll.32k_fs_LR.surf.gii","506234","T1w//fsaverage_LR32k/506234.L.very_inflated_MSMAll.32k_fs_LR.surf.gii","xxZdMikeMTYDPz3dhnwOGMhoocJwisrO"
"s3://hcp-openaccess/HCP_1200/506234/T1w/fsaverage_LR32k/506234.L.white.32k_fs_LR.surf.gii","506234","T1w//fsaverage_LR32k/506234.L.white.32k_fs_LR.surf.gii","BSrhtR6vroNDtKuqutyWFLMOsdVypNfO"
"s3://hcp-openaccess/HCP_1200/506234/T1w/fsaverage_LR32k/506234.L.white_MSMAll.32k_fs_LR.surf.gii","506234","T1w//fsaverage_LR32k/506234.L.white_MSMAll.32k_fs_LR.surf.gii","WPEuTwkZcmFZFQc9bz5IodBDjTPGI0lN"
"s3://hcp-openaccess/HCP_1200/506234/T1w/fsaverage_LR32k/506234.MSMAll.32k_fs_LR.wb.spec","506234","T1w//fsaverage_LR32k/506234.MSMAll.32k_fs_LR.wb.spec","NlKvPWK1FsKtnry7t5GjLFnT9IgtBKjW"
"s3://hcp-openaccess/HCP_1200/506234/T1w/fsaverage_LR32k/506234.R.inflated.32k_fs_LR.surf.gii","506234","T1w//fsaverage_LR32k/506234.R.inflated.32k_fs_LR.surf.gii","iIOTLNYRsyX1k3i3fmjYoy5DAZbuDCs4"
"s3://hcp-openaccess/HCP_1200/506234/T1w/fsaverage_LR32k/506234.R.inflated_MSMAll.32k_fs_LR.surf.gii","506234","T1w//fsaverage_LR32k/506234.R.inflated_MSMAll.32k_fs_LR.surf.gii","QbMnCpsnTTUWXitsujPPtAyI0LUjp3di"
"s3://hcp-openaccess/HCP_1200/506234/T1w/fsaverage_LR32k/506234.R.midthickness.32k_fs_LR.surf.gii","506234","T1w//fsaverage_LR32k/506234.R.midthickness.32k_fs_LR.surf.gii","TVtLxQ2kcP6b7yZmPv5eRetJ9mCB9.Mr"
"s3://hcp-openaccess/HCP_1200/506234/T1w/fsaverage_LR32k/506234.R.midthickness_MSMAll.32k_fs_LR.surf.gii","506234","T1w//fsaverage_LR32k/506234.R.midthickness_MSMAll.32k_fs_LR.surf.gii","QM9Z2dh4RBp6nbjZPBsylxysqtAC033s"
"s3://hcp-openaccess/HCP_1200/506234/T1w/fsaverage_LR32k/506234.R.midthickness_MSMAll_va.32k_fs_LR.shape.gii","506234","T1w//fsaverage_LR32k/506234.R.midthickness_MSMAll_va.32k_fs_LR.shape.gii",".iuyjBnMg7cKAkBb_PyclCZY8hk4NwG5"
"s3://hcp-openaccess/HCP_1200/506234/T1w/fsaverage_LR32k/506234.R.pial.32k_fs_LR.surf.gii","506234","T1w//fsaverage_LR32k/506234.R.pial.32k_fs_LR.surf.gii","U_fnTXFG5V0oEJmrLN_DP2CzNKMCcC7y"
"s3://hcp-openaccess/HCP_1200/506234/T1w/fsaverage_LR32k/506234.R.pial_MSMAll.32k_fs_LR.surf.gii","506234","T1w//fsaverage_LR32k/506234.R.pial_MSMAll.32k_fs_LR.surf.gii","XZur33zZ2UL.M4nw4gFD36i5iwwPlsx3"
"s3://hcp-openaccess/HCP_1200/506234/T1w/fsaverage_LR32k/506234.R.very_inflated.32k_fs_LR.surf.gii","506234","T1w//fsaverage_LR32k/506234.R.very_inflated.32k_fs_LR.surf.gii","XlO3iaCb_tC7OUWdCTTUXksBOblsH.8C"
"s3://hcp-openaccess/HCP_1200/506234/T1w/fsaverage_LR32k/506234.R.very_inflated_MSMAll.32k_fs_LR.surf.gii","506234","T1w//fsaverage_LR32k/506234.R.very_inflated_MSMAll.32k_fs_LR.surf.gii","Y04R71jQdQJdWMJUHfRLj7m_4GDqOJdh"
"s3://hcp-openaccess/HCP_1200/506234/T1w/fsaverage_LR32k/506234.R.white.32k_fs_LR.surf.gii","506234","T1w//fsaverage_LR32k/506234.R.white.32k_fs_LR.surf.gii","rPmxbEuX048GYmJlt6Lm6kKCh1vEZ_dC"
"s3://hcp-openaccess/HCP_1200/506234/T1w/fsaverage_LR32k/506234.R.white_MSMAll.32k_fs_LR.surf.gii","506234","T1w//fsaverage_LR32k/506234.R.white_MSMAll.32k_fs_LR.surf.gii","k069SzUFxgERD_OQpwMwh8HwYsM2Iyx_"
"s3://hcp-openaccess/HCP_1200/506234/T1w/fsaverage_LR32k/506234.midthickness_MSMAll_va.32k_fs_LR.dscalar.nii","506234","T1w//fsaverage_LR32k/506234.midthickness_MSMAll_va.32k_fs_LR.dscalar.nii","hseXappPD6yZjPtnUQ29g3uuD.TF216T"
"s3://hcp-openaccess/HCP_1200/506234/T1w/fsaverage_LR32k/506234.midthickness_MSMAll_va_norm.32k_fs_LR.dscalar.nii","506234","T1w//fsaverage_LR32k/506234.midthickness_MSMAll_va_norm.32k_fs_LR.dscalar.nii","YNuEcBmkl2IiqPb4SSluLTJg7fcfWe_3"
"s3://hcp-openaccess/HCP_1200/506234/T1w/ribbon.nii.gz","506234","T1w//ribbon.nii.gz","f3N4zrqbUbDzmYm6NmLhNBF8_Qb6EZz9"
"s3://hcp-openaccess/HCP_1200/506234/T1w/wmparc.nii.gz","506234","T1w//wmparc.nii.gz","j4Sw8y3xc0IqOhBLnKz2zO32uXE6XTrR"
"s3://hcp-openaccess/HCP_1200/506234/release-notes/Diffusion_unproc.txt","506234","release-notes/Diffusion_unproc.txt","aC1fi.3RoVFNcbLiRGrKEtvFHaEBmCLb"
"s3://hcp-openaccess/HCP_1200/506234/release-notes/ReleaseNotes.txt","506234","release-notes/ReleaseNotes.txt","u1rMmpAw6OgpBc5ZlkB9D85AxD6nLJ8d"
"s3://hcp-openaccess/HCP_1200/506234/release-notes/Structural_preproc.txt","506234","release-notes/Structural_preproc.txt","rRrUJ4jZ_xhAoy0RdfvbXk12lbu5Pjbr"
"s3://hcp-openaccess/HCP_1200/506234/release-notes/Structural_preproc_extended.txt","506234","release-notes/Structural_preproc_extended.txt","RA7ktkXU7lrQgge5YA4YwZqsxL75ZNxP"
"s3://hcp-openaccess/HCP_1200/506234/release-notes/Structural_unproc.txt","506234","release-notes/Structural_unproc.txt","HkzBuB4OzHlI3ixKvvvdeUgcr1gq0Y8g"
"s3://hcp-openaccess/HCP_1200/506234/release-notes/bedpostx.txt","506234","release-notes/bedpostx.txt",".YjC3enSJpCckMcffl5QzwfOoL4VUC9v"
"s3://hcp-openaccess/HCP_1200/506234/release-notes/rfMRI_REST1_fixextended.txt","506234","release-notes/rfMRI_REST1_fixextended.txt","eyBE9TEve8FPOlKLc8YD2en8UjE9d6U0"
"s3://hcp-openaccess/HCP_1200/506234/release-notes/rfMRI_REST1_preproc.txt","506234","release-notes/rfMRI_REST1_preproc.txt","5waFA2qC7lgt0GW289QhDI9wcxGLuK9u"
"s3://hcp-openaccess/HCP_1200/506234/release-notes/rfMRI_REST1_unproc.txt","506234","release-notes/rfMRI_REST1_unproc.txt","pIEjB5WAebHPXaWWU5BxnrtM9_Iper54"
"s3://hcp-openaccess/HCP_1200/506234/release-notes/rfMRI_REST2_fixextended.txt","506234","release-notes/rfMRI_REST2_fixextended.txt","MewfhKaV4dwoXcPVT6DxdEmVX1M8JesX"
"s3://hcp-openaccess/HCP_1200/506234/release-notes/rfMRI_REST2_preproc.txt","506234","release-notes/rfMRI_REST2_preproc.txt","1hIOmOsb2kd2sD3gm.wE8C1WGhXawVrR"
"s3://hcp-openaccess/HCP_1200/506234/release-notes/rfMRI_REST2_unproc.txt","506234","release-notes/rfMRI_REST2_unproc.txt","ewnG3C0lYnOahHs_IZlkf0ONwL5WaYPR"
"s3://hcp-openaccess/HCP_1200/506234/release-notes/rfMRI_REST_fix.txt","506234","release-notes/rfMRI_REST_fix.txt","PCBVltUD85nzJ52FGOjo6ngNr6mSZxNK"
"s3://hcp-openaccess/HCP_1200/506234/release-notes/tfMRI_EMOTION_analysis_s12.txt","506234","release-notes/tfMRI_EMOTION_analysis_s12.txt","P4cOrcZ05e.J9_2HySvY3Dmqo.SsMKUL"
"s3://hcp-openaccess/HCP_1200/506234/release-notes/tfMRI_EMOTION_analysis_s2.txt","506234","release-notes/tfMRI_EMOTION_analysis_s2.txt","iiz4IpPCgludvFaLritOpukes8QZwu7S"
"s3://hcp-openaccess/HCP_1200/506234/release-notes/tfMRI_EMOTION_analysis_s4.txt","506234","release-notes/tfMRI_EMOTION_analysis_s4.txt","nPdxVpxxG_h2KDaSswd5yzoPacTy8Toa"
"s3://hcp-openaccess/HCP_1200/506234/release-notes/tfMRI_EMOTION_analysis_s8.txt","506234","release-notes/tfMRI_EMOTION_analysis_s8.txt","CwREp1nAtzn0fLbLbzAhFxvwSZCw6HUJ"
"s3://hcp-openaccess/HCP_1200/506234/release-notes/tfMRI_EMOTION_preproc.txt","506234","release-notes/tfMRI_EMOTION_preproc.txt","m73SdlDhba5UccQVVSBytN_kZe8X9f6T"
"s3://hcp-openaccess/HCP_1200/506234/release-notes/tfMRI_EMOTION_unproc.txt","506234","release-notes/tfMRI_EMOTION_unproc.txt","LkyLkLsdE9rYqACRjs6q4IHlyxEr8f1N"
"s3://hcp-openaccess/HCP_1200/506234/release-notes/tfMRI_GAMBLING_analysis_s12.txt","506234","release-notes/tfMRI_GAMBLING_analysis_s12.txt","HLSD_kAtOoMgSbFp1.XXEMeOJ7XzWc4e"
"s3://hcp-openaccess/HCP_1200/506234/release-notes/tfMRI_GAMBLING_analysis_s2.txt","506234","release-notes/tfMRI_GAMBLING_analysis_s2.txt","mzn5k4AUxt6xXMPJNyGLXHCdxzSE7nx."
"s3://hcp-openaccess/HCP_1200/506234/release-notes/tfMRI_GAMBLING_analysis_s4.txt","506234","release-notes/tfMRI_GAMBLING_analysis_s4.txt","qst89S2xFKZnJQVkpdbMln6GxTbOplhU"
"s3://hcp-openaccess/HCP_1200/506234/release-notes/tfMRI_GAMBLING_analysis_s8.txt","506234","release-notes/tfMRI_GAMBLING_analysis_s8.txt","2pAFIgc0WpgNvopCPSbbd4sqcSbsAByz"
"s3://hcp-openaccess/HCP_1200/506234/release-notes/tfMRI_GAMBLING_preproc.txt","506234","release-notes/tfMRI_GAMBLING_preproc.txt","YCP_NEQEO_srJ3Ep5GvEgc3ijgbfeu7S"
"s3://hcp-openaccess/HCP_1200/506234/release-notes/tfMRI_GAMBLING_unproc.txt","506234","release-notes/tfMRI_GAMBLING_unproc.txt","qVF3vF2Z3w6BM868WA27wX8U7BF.9ra1"
"s3://hcp-openaccess/HCP_1200/506234/release-notes/tfMRI_LANGUAGE_analysis_s12.txt","506234","release-notes/tfMRI_LANGUAGE_analysis_s12.txt","4_tN3GFhGcL7PwYGYEOp._4lR5Omg639"
"s3://hcp-openaccess/HCP_1200/506234/release-notes/tfMRI_LANGUAGE_analysis_s2.txt","506234","release-notes/tfMRI_LANGUAGE_analysis_s2.txt","qgE1RbJu2aHDDCz49lOxG4QeQJBEH8BK"
"s3://hcp-openaccess/HCP_1200/506234/release-notes/tfMRI_LANGUAGE_analysis_s4.txt","506234","release-notes/tfMRI_LANGUAGE_analysis_s4.txt","1oBQGjOqSXh88K1CwK9OteoZwM8VqVE8"
"s3://hcp-openaccess/HCP_1200/506234/release-notes/tfMRI_LANGUAGE_analysis_s8.txt","506234","release-notes/tfMRI_LANGUAGE_analysis_s8.txt","UqabpQowNtEBmmQqTZTxlq0xc0_CuhQg"
"s3://hcp-openaccess/HCP_1200/506234/release-notes/tfMRI_LANGUAGE_preproc.txt","506234","release-notes/tfMRI_LANGUAGE_preproc.txt","7bD7aEOZm7vcTvcetk4Be5O.ujkXkp8G"
"s3://hcp-openaccess/HCP_1200/506234/release-notes/tfMRI_LANGUAGE_unproc.txt","506234","release-notes/tfMRI_LANGUAGE_unproc.txt","45rcrldDdswBlNSLNMeZwiq0Zcn.sKWa"
"s3://hcp-openaccess/HCP_1200/506234/release-notes/tfMRI_MOTOR_analysis_s12.txt","506234","release-notes/tfMRI_MOTOR_analysis_s12.txt","MJRTxfdqAUkjwD4kTFoBxhotTRAXif0s"
"s3://hcp-openaccess/HCP_1200/506234/release-notes/tfMRI_MOTOR_analysis_s2.txt","506234","release-notes/tfMRI_MOTOR_analysis_s2.txt","AmKeFypvxIVzxEGYdUNQffkd6DZ12nGZ"
"s3://hcp-openaccess/HCP_1200/506234/release-notes/tfMRI_MOTOR_analysis_s4.txt","506234","release-notes/tfMRI_MOTOR_analysis_s4.txt","mk9wlyU6EMvcW9jYoSVLMEGm8J_Muffu"
"s3://hcp-openaccess/HCP_1200/506234/release-notes/tfMRI_MOTOR_analysis_s8.txt","506234","release-notes/tfMRI_MOTOR_analysis_s8.txt","2HHM3LA31FJOzW1ttum_73qG4WghqVkS"
"s3://hcp-openaccess/HCP_1200/506234/release-notes/tfMRI_MOTOR_preproc.txt","506234","release-notes/tfMRI_MOTOR_preproc.txt","eynEgNAacpAHWu72EGzAYCoJDhQDhfDn"
"s3://hcp-openaccess/HCP_1200/506234/release-notes/tfMRI_MOTOR_unproc.txt","506234","release-notes/tfMRI_MOTOR_unproc.txt","bJlCyx6XujP9ZCc4y7efmhRXVl.3Zi9t"
"s3://hcp-openaccess/HCP_1200/506234/release-notes/tfMRI_RELATIONAL_analysis_s12.txt","506234","release-notes/tfMRI_RELATIONAL_analysis_s12.txt",".2QBtxeZccRhXuGlscJhO3zrbrmnTrE2"
"s3://hcp-openaccess/HCP_1200/506234/release-notes/tfMRI_RELATIONAL_analysis_s2.txt","506234","release-notes/tfMRI_RELATIONAL_analysis_s2.txt","u33_r1eXA3mU0J7kx0ewnTManhaOzu37"
"s3://hcp-openaccess/HCP_1200/506234/release-notes/tfMRI_RELATIONAL_analysis_s4.txt","506234","release-notes/tfMRI_RELATIONAL_analysis_s4.txt","nN2OM5F8fNqTVEW8mXx2Cg1NX9EcBVlw"
"s3://hcp-openaccess/HCP_1200/506234/release-notes/tfMRI_RELATIONAL_analysis_s8.txt","506234","release-notes/tfMRI_RELATIONAL_analysis_s8.txt","eWoC1JAE.Qaxfs6Qx595Tp7EEJw6x5PS"
"s3://hcp-openaccess/HCP_1200/506234/release-notes/tfMRI_RELATIONAL_preproc.txt","506234","release-notes/tfMRI_RELATIONAL_preproc.txt","V6t6WFNGGvN5C62qUIlShLxMHBGuNu4A"
"s3://hcp-openaccess/HCP_1200/506234/release-notes/tfMRI_RELATIONAL_unproc.txt","506234","release-notes/tfMRI_RELATIONAL_unproc.txt","wSgrkrWVHLvAiS6MSjyv.jlQjyEsJmPA"
"s3://hcp-openaccess/HCP_1200/506234/release-notes/tfMRI_SOCIAL_analysis_s12.txt","506234","release-notes/tfMRI_SOCIAL_analysis_s12.txt","NV20PsLgVGpA7Lg4S1KwUDRIo4GULrM6"
"s3://hcp-openaccess/HCP_1200/506234/release-notes/tfMRI_SOCIAL_analysis_s2.txt","506234","release-notes/tfMRI_SOCIAL_analysis_s2.txt","bvjNPNGG4Va6G067V6oUnJTVNc1Hf0Gm"
"s3://hcp-openaccess/HCP_1200/506234/release-notes/tfMRI_SOCIAL_analysis_s4.txt","506234","release-notes/tfMRI_SOCIAL_analysis_s4.txt","P81QUx9sAkGeFXK7UIbCk9gBDBxJsu0f"
"s3://hcp-openaccess/HCP_1200/506234/release-notes/tfMRI_SOCIAL_analysis_s8.txt","506234","release-notes/tfMRI_SOCIAL_analysis_s8.txt","UjO9l5FbnqncwH9vCPaC7ic.Lk4g60Yn"
"s3://hcp-openaccess/HCP_1200/506234/release-notes/tfMRI_SOCIAL_preproc.txt","506234","release-notes/tfMRI_SOCIAL_preproc.txt","VW6Ezrz9HjAL1lNRPxTFNHf5RAYzZCoT"
"s3://hcp-openaccess/HCP_1200/506234/release-notes/tfMRI_SOCIAL_unproc.txt","506234","release-notes/tfMRI_SOCIAL_unproc.txt","r3ziPPThm1oklfvMf7HPRf4hFiS2xswW"
"s3://hcp-openaccess/HCP_1200/506234/release-notes/tfMRI_WM_analysis_s12.txt","506234","release-notes/tfMRI_WM_analysis_s12.txt","DVyk_.3CFE.2fq_q_NY_0AD.5yXLuc0Z"
"s3://hcp-openaccess/HCP_1200/506234/release-notes/tfMRI_WM_analysis_s2.txt","506234","release-notes/tfMRI_WM_analysis_s2.txt","UADbi7Jd1rz7do4RubapROf58Zarj9YA"
"s3://hcp-openaccess/HCP_1200/506234/release-notes/tfMRI_WM_analysis_s4.txt","506234","release-notes/tfMRI_WM_analysis_s4.txt","FCOx073TwJfQUhFzGGmvpi3cd3gdWh5t"
"s3://hcp-openaccess/HCP_1200/506234/release-notes/tfMRI_WM_analysis_s8.txt","506234","release-notes/tfMRI_WM_analysis_s8.txt","uBrUJMeNDJCStVEAfOv1DIMsxH9duSGE"
"s3://hcp-openaccess/HCP_1200/506234/release-notes/tfMRI_WM_preproc.txt","506234","release-notes/tfMRI_WM_preproc.txt","9uO1VVuhHx0JmP6xZV8vTArqLDhE3q0f"
"s3://hcp-openaccess/HCP_1200/506234/release-notes/tfMRI_WM_unproc.txt","506234","release-notes/tfMRI_WM_unproc.txt","3jj2LtHlmZz0sIOYh1965H0RZMES3qFP"
"s3://hcp-openaccess/HCP_1200/506234/unprocessed/3T/506234_3T.csv","506234","unprocessed//3T/506234_3T.csv","5hS3Nw2N51PcUxew3fIeUHCwv3jUIdnP"
"s3://hcp-openaccess/HCP_1200/506234/unprocessed/3T/Diffusion/506234_3T_BIAS_32CH.nii.gz","506234","unprocessed//3T/Diffusion/506234_3T_BIAS_32CH.nii.gz","2TVu1IVnAfhFNZ8KlP7ULNFeZThEoo7d"
"s3://hcp-openaccess/HCP_1200/506234/unprocessed/3T/Diffusion/506234_3T_BIAS_BC.nii.gz","506234","unprocessed//3T/Diffusion/506234_3T_BIAS_BC.nii.gz","ZzUy_pXAyZcAozRtmbO3.LPDRMyEW7qo"
"s3://hcp-openaccess/HCP_1200/506234/unprocessed/3T/Diffusion/506234_3T_DWI_dir95_LR.bval","506234","unprocessed//3T/Diffusion/506234_3T_DWI_dir95_LR.bval","AxezHVGoLwAsyR_TIeRy4P04iUXVdpN7"
"s3://hcp-openaccess/HCP_1200/506234/unprocessed/3T/Diffusion/506234_3T_DWI_dir95_LR.bvec","506234","unprocessed//3T/Diffusion/506234_3T_DWI_dir95_LR.bvec","W3Vu5cGZMDDcj0kvO.Nsgp7S6a4nFBce"
"s3://hcp-openaccess/HCP_1200/506234/unprocessed/3T/Diffusion/506234_3T_DWI_dir95_LR.nii.gz","506234","unprocessed//3T/Diffusion/506234_3T_DWI_dir95_LR.nii.gz","JmjslP2MdLc6x2b1GPPAa72lxpn2AhJx"
"s3://hcp-openaccess/HCP_1200/506234/unprocessed/3T/Diffusion/506234_3T_DWI_dir95_LR_SBRef.nii.gz","506234","unprocessed//3T/Diffusion/506234_3T_DWI_dir95_LR_SBRef.nii.gz","3H63pfWmb3I9nTsccUqO1doxvrMOwKi5"
"s3://hcp-openaccess/HCP_1200/506234/unprocessed/3T/Diffusion/506234_3T_DWI_dir95_RL.bval","506234","unprocessed//3T/Diffusion/506234_3T_DWI_dir95_RL.bval","5pKAan9O35EbsgKL7z0.Mc1c6K7nETWm"
"s3://hcp-openaccess/HCP_1200/506234/unprocessed/3T/Diffusion/506234_3T_DWI_dir95_RL.bvec","506234","unprocessed//3T/Diffusion/506234_3T_DWI_dir95_RL.bvec",".xf9qPq.slG1TCP3_1cV21sfhlUXIBSM"
"s3://hcp-openaccess/HCP_1200/506234/unprocessed/3T/Diffusion/506234_3T_DWI_dir95_RL.nii.gz","506234","unprocessed//3T/Diffusion/506234_3T_DWI_dir95_RL.nii.gz","JOIM7zgfwWvM2d70kmxy0dD2bqw3W2J4"
"s3://hcp-openaccess/HCP_1200/506234/unprocessed/3T/Diffusion/506234_3T_DWI_dir95_RL_SBRef.nii.gz","506234","unprocessed//3T/Diffusion/506234_3T_DWI_dir95_RL_SBRef.nii.gz","qOFNcRuZEcY0VVlNOeXcndNnyqck6_F0"
"s3://hcp-openaccess/HCP_1200/506234/unprocessed/3T/Diffusion/506234_3T_DWI_dir96_LR.bval","506234","unprocessed//3T/Diffusion/506234_3T_DWI_dir96_LR.bval","2pqcuRlWFc2outqvK3fDZAiK5MEZOxrT"
"s3://hcp-openaccess/HCP_1200/506234/unprocessed/3T/Diffusion/506234_3T_DWI_dir96_LR.bvec","506234","unprocessed//3T/Diffusion/506234_3T_DWI_dir96_LR.bvec","yI.A6q3_NqGCRDutfAZeGrqhrg8NzEEe"
"s3://hcp-openaccess/HCP_1200/506234/unprocessed/3T/Diffusion/506234_3T_DWI_dir96_LR.nii.gz","506234","unprocessed//3T/Diffusion/506234_3T_DWI_dir96_LR.nii.gz","H9VzhV3YRyEcTgliok6EMNQM2Rfmg6Zc"
"s3://hcp-openaccess/HCP_1200/506234/unprocessed/3T/Diffusion/506234_3T_DWI_dir96_LR_SBRef.nii.gz","506234","unprocessed//3T/Diffusion/506234_3T_DWI_dir96_LR_SBRef.nii.gz","qL.TfiFn5KyFZPcwYA0eLHbG43tufpOf"
"s3://hcp-openaccess/HCP_1200/506234/unprocessed/3T/Diffusion/506234_3T_DWI_dir96_RL.bval","506234","unprocessed//3T/Diffusion/506234_3T_DWI_dir96_RL.bval","rB1RRUTienccQHGuZOktkvmXptdoRVLD"
"s3://hcp-openaccess/HCP_1200/506234/unprocessed/3T/Diffusion/506234_3T_DWI_dir96_RL.bvec","506234","unprocessed//3T/Diffusion/506234_3T_DWI_dir96_RL.bvec","svEfdK4eMM9Zl_oHlpTnj040lPRNJHtw"
"s3://hcp-openaccess/HCP_1200/506234/unprocessed/3T/Diffusion/506234_3T_DWI_dir96_RL.nii.gz","506234","unprocessed//3T/Diffusion/506234_3T_DWI_dir96_RL.nii.gz","qT.kej0jxruL64OUvRGFnuUiPN4WhF2w"
"s3://hcp-openaccess/HCP_1200/506234/unprocessed/3T/Diffusion/506234_3T_DWI_dir96_RL_SBRef.nii.gz","506234","unprocessed//3T/Diffusion/506234_3T_DWI_dir96_RL_SBRef.nii.gz","X5Ib3wyhWPBYPdZmnkRdBQFULVzgWvOG"
"s3://hcp-openaccess/HCP_1200/506234/unprocessed/3T/Diffusion/506234_3T_DWI_dir97_LR.bval","506234","unprocessed//3T/Diffusion/506234_3T_DWI_dir97_LR.bval","mvEYk.Rr3AhR5ZmIAC8VZHMux3eJNSwg"
"s3://hcp-openaccess/HCP_1200/506234/unprocessed/3T/Diffusion/506234_3T_DWI_dir97_LR.bvec","506234","unprocessed//3T/Diffusion/506234_3T_DWI_dir97_LR.bvec","L8li14gM_thLn.BBRwEM0g5Z6FMPk.gI"
"s3://hcp-openaccess/HCP_1200/506234/unprocessed/3T/Diffusion/506234_3T_DWI_dir97_LR.nii.gz","506234","unprocessed//3T/Diffusion/506234_3T_DWI_dir97_LR.nii.gz","gp6Z4g_pn2ikEfmINPUxGjeuDatnptVm"
"s3://hcp-openaccess/HCP_1200/506234/unprocessed/3T/Diffusion/506234_3T_DWI_dir97_LR_SBRef.nii.gz","506234","unprocessed//3T/Diffusion/506234_3T_DWI_dir97_LR_SBRef.nii.gz","R7aNRo_x.1TAZQZM24FmMgbeiV18QI5x"
"s3://hcp-openaccess/HCP_1200/506234/unprocessed/3T/Diffusion/506234_3T_DWI_dir97_RL.bval","506234","unprocessed//3T/Diffusion/506234_3T_DWI_dir97_RL.bval","GSNHKoaUh2GINeODmktmdPc7x7F9UtYt"
"s3://hcp-openaccess/HCP_1200/506234/unprocessed/3T/Diffusion/506234_3T_DWI_dir97_RL.bvec","506234","unprocessed//3T/Diffusion/506234_3T_DWI_dir97_RL.bvec","OgpGEu1jDsYgs0csX_xU8K0wwENU_nFz"
"s3://hcp-openaccess/HCP_1200/506234/unprocessed/3T/Diffusion/506234_3T_DWI_dir97_RL.nii.gz","506234","unprocessed//3T/Diffusion/506234_3T_DWI_dir97_RL.nii.gz","6UBG6rfDYzhvOHfwlx29bFT552jGi.Gt"
"s3://hcp-openaccess/HCP_1200/506234/unprocessed/3T/Diffusion/506234_3T_DWI_dir97_RL_SBRef.nii.gz","506234","unprocessed//3T/Diffusion/506234_3T_DWI_dir97_RL_SBRef.nii.gz","j.EAZivp0dE0po86h4_VEroUNUqzNWnr"
"s3://hcp-openaccess/HCP_1200/506234/unprocessed/3T/Diffusion/LINKED_DATA/PHYSIO/506234_3T_DWI_dir95_LR_Physio_log.txt","506234","unprocessed//3T/Diffusion/LINKED_DATA/PHYSIO/506234_3T_DWI_dir95_LR_Physio_log.txt","39vkljVSQDO1SNIVu7RN1eWVU4z_xLyP"
"s3://hcp-openaccess/HCP_1200/506234/unprocessed/3T/Diffusion/LINKED_DATA/PHYSIO/506234_3T_DWI_dir95_RL_Physio_log.txt","506234","unprocessed//3T/Diffusion/LINKED_DATA/PHYSIO/506234_3T_DWI_dir95_RL_Physio_log.txt","5xFS5_glUO9ahXgg1ZbPjSosU5CtOjEm"
"s3://hcp-openaccess/HCP_1200/506234/unprocessed/3T/Diffusion/LINKED_DATA/PHYSIO/506234_3T_DWI_dir96_LR_Physio_log.txt","506234","unprocessed//3T/Diffusion/LINKED_DATA/PHYSIO/506234_3T_DWI_dir96_LR_Physio_log.txt","o501F0H.TaUidoecru2yzqa67hgnTwBY"
"s3://hcp-openaccess/HCP_1200/506234/unprocessed/3T/Diffusion/LINKED_DATA/PHYSIO/506234_3T_DWI_dir96_RL_Physio_log.txt","506234","unprocessed//3T/Diffusion/LINKED_DATA/PHYSIO/506234_3T_DWI_dir96_RL_Physio_log.txt","ZSYzF1lXbJh3Zi5Bgacs7UoLYNHsTI0M"
"s3://hcp-openaccess/HCP_1200/506234/unprocessed/3T/Diffusion/LINKED_DATA/PHYSIO/506234_3T_DWI_dir97_LR_Physio_log.txt","506234","unprocessed//3T/Diffusion/LINKED_DATA/PHYSIO/506234_3T_DWI_dir97_LR_Physio_log.txt","JQJ9wJ9W1Bvy2uVBmR4SSiyhOn_5n5V4"
"s3://hcp-openaccess/HCP_1200/506234/unprocessed/3T/Diffusion/LINKED_DATA/PHYSIO/506234_3T_DWI_dir97_RL_Physio_log.txt","506234","unprocessed//3T/Diffusion/LINKED_DATA/PHYSIO/506234_3T_DWI_dir97_RL_Physio_log.txt","SAd9JsHsGX4POeChFgpWTpXJIrreLSa8"
"s3://hcp-openaccess/HCP_1200/506234/unprocessed/3T/T1w_MPR1/506234_3T_AFI.nii.gz","506234","unprocessed//3T/T1w_MPR1/506234_3T_AFI.nii.gz","dD.CtgYATAVQW2O1Hx.s51HbP6zfY4Y8"
"s3://hcp-openaccess/HCP_1200/506234/unprocessed/3T/T1w_MPR1/506234_3T_BIAS_32CH.nii.gz","506234","unprocessed//3T/T1w_MPR1/506234_3T_BIAS_32CH.nii.gz","xJKd0xQ8AV9NyWm2EJln1GukTzVhYBBI"
"s3://hcp-openaccess/HCP_1200/506234/unprocessed/3T/T1w_MPR1/506234_3T_BIAS_BC.nii.gz","506234","unprocessed//3T/T1w_MPR1/506234_3T_BIAS_BC.nii.gz","3vakNxtH_2nfNqEUnAvEBq8kt6DD56Pl"
"s3://hcp-openaccess/HCP_1200/506234/unprocessed/3T/T1w_MPR1/506234_3T_FieldMap_Magnitude.nii.gz","506234","unprocessed//3T/T1w_MPR1/506234_3T_FieldMap_Magnitude.nii.gz","jrHk4NHt651IgzfgRUvIsO0hJhBaPsBi"
"s3://hcp-openaccess/HCP_1200/506234/unprocessed/3T/T1w_MPR1/506234_3T_FieldMap_Phase.nii.gz","506234","unprocessed//3T/T1w_MPR1/506234_3T_FieldMap_Phase.nii.gz","pWR52Pqzn2rHfOda.xDYDXVQw6X3N3A5"
"s3://hcp-openaccess/HCP_1200/506234/unprocessed/3T/T1w_MPR1/506234_3T_T1w_MPR1.nii.gz","506234","unprocessed//3T/T1w_MPR1/506234_3T_T1w_MPR1.nii.gz","hOJYStUD9kvylWcaqR8WYMman9ENNqQm"
"s3://hcp-openaccess/HCP_1200/506234/unprocessed/3T/T2w_SPC1/506234_3T_AFI.nii.gz","506234","unprocessed//3T/T2w_SPC1/506234_3T_AFI.nii.gz","_DsKBHErBzjI8dJjnm9uzhq70pli446T"
"s3://hcp-openaccess/HCP_1200/506234/unprocessed/3T/T2w_SPC1/506234_3T_BIAS_32CH.nii.gz","506234","unprocessed//3T/T2w_SPC1/506234_3T_BIAS_32CH.nii.gz","49m5AZnVEiWyOkYbV_TvPRtPusQQxMj_"
"s3://hcp-openaccess/HCP_1200/506234/unprocessed/3T/T2w_SPC1/506234_3T_BIAS_BC.nii.gz","506234","unprocessed//3T/T2w_SPC1/506234_3T_BIAS_BC.nii.gz","TAdJ_GL0MX1DiTk7W.89v2Q2RYsJipIJ"
"s3://hcp-openaccess/HCP_1200/506234/unprocessed/3T/T2w_SPC1/506234_3T_FieldMap_Magnitude.nii.gz","506234","unprocessed//3T/T2w_SPC1/506234_3T_FieldMap_Magnitude.nii.gz","ylHxP_A9O7J7i68V6GIEwso6asZ9C.ci"
"s3://hcp-openaccess/HCP_1200/506234/unprocessed/3T/T2w_SPC1/506234_3T_FieldMap_Phase.nii.gz","506234","unprocessed//3T/T2w_SPC1/506234_3T_FieldMap_Phase.nii.gz","u.UBOugbHGaU1iRZfigkPPbJ2Zf1mCR4"
"s3://hcp-openaccess/HCP_1200/506234/unprocessed/3T/T2w_SPC1/506234_3T_T2w_SPC1.nii.gz","506234","unprocessed//3T/T2w_SPC1/506234_3T_T2w_SPC1.nii.gz","Rq6KOG3r.GpYPx_uDvV73PmrC5Jbkamg"
"s3://hcp-openaccess/HCP_1200/506234/unprocessed/3T/rfMRI_REST1_LR/506234_3T_BIAS_32CH.nii.gz","506234","unprocessed//3T/rfMRI_REST1_LR/506234_3T_BIAS_32CH.nii.gz","pLvV9YIHLkpGn2_BdbCr44xDS2CSrCci"
"s3://hcp-openaccess/HCP_1200/506234/unprocessed/3T/rfMRI_REST1_LR/506234_3T_BIAS_BC.nii.gz","506234","unprocessed//3T/rfMRI_REST1_LR/506234_3T_BIAS_BC.nii.gz","3Kyswsd165WSSb9eM6mc5F5mqrCbzD8P"
"s3://hcp-openaccess/HCP_1200/506234/unprocessed/3T/rfMRI_REST1_LR/506234_3T_SpinEchoFieldMap_LR.nii.gz","506234","unprocessed//3T/rfMRI_REST1_LR/506234_3T_SpinEchoFieldMap_LR.nii.gz","JqDwUmRF0iITDaiackoo3RrFE6NOcQKT"
"s3://hcp-openaccess/HCP_1200/506234/unprocessed/3T/rfMRI_REST1_LR/506234_3T_SpinEchoFieldMap_RL.nii.gz","506234","unprocessed//3T/rfMRI_REST1_LR/506234_3T_SpinEchoFieldMap_RL.nii.gz","9a3FzA7tgR.FndWzrY3WL_wl3ll.HLh6"
"s3://hcp-openaccess/HCP_1200/506234/unprocessed/3T/rfMRI_REST1_LR/506234_3T_rfMRI_REST1_LR.nii.gz","506234","unprocessed//3T/rfMRI_REST1_LR/506234_3T_rfMRI_REST1_LR.nii.gz","xFUfBDzKuI65umRsRmmtDW0tRDiVKwzd"
"s3://hcp-openaccess/HCP_1200/506234/unprocessed/3T/rfMRI_REST1_LR/506234_3T_rfMRI_REST1_LR_SBRef.nii.gz","506234","unprocessed//3T/rfMRI_REST1_LR/506234_3T_rfMRI_REST1_LR_SBRef.nii.gz","DzlnLqDBSf5RVQIAIy.rY7F9GWxXSfDN"
"s3://hcp-openaccess/HCP_1200/506234/unprocessed/3T/rfMRI_REST1_LR/LINKED_DATA/PHYSIO/506234_3T_rfMRI_REST1_LR_Physio_log.txt","506234","unprocessed//3T/rfMRI_REST1_LR/LINKED_DATA/PHYSIO/506234_3T_rfMRI_REST1_LR_Physio_log.txt","moOTL6jKG86S4JW4k.8ED5vVDUUikYCi"
"s3://hcp-openaccess/HCP_1200/506234/unprocessed/3T/rfMRI_REST1_RL/506234_3T_BIAS_32CH.nii.gz","506234","unprocessed//3T/rfMRI_REST1_RL/506234_3T_BIAS_32CH.nii.gz","WJMCEHVfWJU4dUj3rfNOJG8UMO2rgJ7v"
"s3://hcp-openaccess/HCP_1200/506234/unprocessed/3T/rfMRI_REST1_RL/506234_3T_BIAS_BC.nii.gz","506234","unprocessed//3T/rfMRI_REST1_RL/506234_3T_BIAS_BC.nii.gz","LDoD0vqQbtDleN..XtJ6fDNH4UTvQQDG"
"s3://hcp-openaccess/HCP_1200/506234/unprocessed/3T/rfMRI_REST1_RL/506234_3T_SpinEchoFieldMap_LR.nii.gz","506234","unprocessed//3T/rfMRI_REST1_RL/506234_3T_SpinEchoFieldMap_LR.nii.gz","ausMwb3rwEhDAZjEvW5CKVQ5IQ01AHFE"
"s3://hcp-openaccess/HCP_1200/506234/unprocessed/3T/rfMRI_REST1_RL/506234_3T_SpinEchoFieldMap_RL.nii.gz","506234","unprocessed//3T/rfMRI_REST1_RL/506234_3T_SpinEchoFieldMap_RL.nii.gz","h27wCrSS21cyI2ucrL6OBAHmlT5lmeTT"
"s3://hcp-openaccess/HCP_1200/506234/unprocessed/3T/rfMRI_REST1_RL/506234_3T_rfMRI_REST1_RL.nii.gz","506234","unprocessed//3T/rfMRI_REST1_RL/506234_3T_rfMRI_REST1_RL.nii.gz","WeHK4PUZe5WsyEodMHIw76506ImM8CRs"
"s3://hcp-openaccess/HCP_1200/506234/unprocessed/3T/rfMRI_REST1_RL/506234_3T_rfMRI_REST1_RL_SBRef.nii.gz","506234","unprocessed//3T/rfMRI_REST1_RL/506234_3T_rfMRI_REST1_RL_SBRef.nii.gz","vIyBf_EdNCScH2xH3_bwKJpyYup83CQ1"
"s3://hcp-openaccess/HCP_1200/506234/unprocessed/3T/rfMRI_REST1_RL/LINKED_DATA/PHYSIO/506234_3T_rfMRI_REST1_RL_Physio_log.txt","506234","unprocessed//3T/rfMRI_REST1_RL/LINKED_DATA/PHYSIO/506234_3T_rfMRI_REST1_RL_Physio_log.txt","_U.VUiCwoLmj_dMV8uUqCqeIbWWVAxZs"
"s3://hcp-openaccess/HCP_1200/506234/unprocessed/3T/rfMRI_REST2_LR/506234_3T_BIAS_32CH.nii.gz","506234","unprocessed//3T/rfMRI_REST2_LR/506234_3T_BIAS_32CH.nii.gz","G4URqQNdh43Jjo0chbDHlj01.yG5VLeT"
"s3://hcp-openaccess/HCP_1200/506234/unprocessed/3T/rfMRI_REST2_LR/506234_3T_BIAS_BC.nii.gz","506234","unprocessed//3T/rfMRI_REST2_LR/506234_3T_BIAS_BC.nii.gz","2KiuGjmL8R.FWNcH_2upBaYdAmoWz3Ve"
"s3://hcp-openaccess/HCP_1200/506234/unprocessed/3T/rfMRI_REST2_LR/506234_3T_SpinEchoFieldMap_LR.nii.gz","506234","unprocessed//3T/rfMRI_REST2_LR/506234_3T_SpinEchoFieldMap_LR.nii.gz","vcy8368024tSUS6g3wVwu3Xs_rTOi9Ua"
"s3://hcp-openaccess/HCP_1200/506234/unprocessed/3T/rfMRI_REST2_LR/506234_3T_SpinEchoFieldMap_RL.nii.gz","506234","unprocessed//3T/rfMRI_REST2_LR/506234_3T_SpinEchoFieldMap_RL.nii.gz","b.uw9Ug9em8RbvsczoGFIb0VV1ACYKSb"
"s3://hcp-openaccess/HCP_1200/506234/unprocessed/3T/rfMRI_REST2_LR/506234_3T_rfMRI_REST2_LR.nii.gz","506234","unprocessed//3T/rfMRI_REST2_LR/506234_3T_rfMRI_REST2_LR.nii.gz","k2ng8T_ikzfw68GuN4dGhC9wbFCdJFeO"
"s3://hcp-openaccess/HCP_1200/506234/unprocessed/3T/rfMRI_REST2_LR/506234_3T_rfMRI_REST2_LR_SBRef.nii.gz","506234","unprocessed//3T/rfMRI_REST2_LR/506234_3T_rfMRI_REST2_LR_SBRef.nii.gz","vmp4ovhxUE9d6d41Hxvo126J_0_yg6qu"
"s3://hcp-openaccess/HCP_1200/506234/unprocessed/3T/rfMRI_REST2_LR/LINKED_DATA/PHYSIO/506234_3T_rfMRI_REST2_LR_Physio_log.txt","506234","unprocessed//3T/rfMRI_REST2_LR/LINKED_DATA/PHYSIO/506234_3T_rfMRI_REST2_LR_Physio_log.txt","Clyi4OcltbpJGaUP51u3ommXVTa8EwZ5"
"s3://hcp-openaccess/HCP_1200/506234/unprocessed/3T/rfMRI_REST2_RL/506234_3T_BIAS_32CH.nii.gz","506234","unprocessed//3T/rfMRI_REST2_RL/506234_3T_BIAS_32CH.nii.gz","6usGBirbed5phu.2hAxbXd1.AGlsMdlL"
"s3://hcp-openaccess/HCP_1200/506234/unprocessed/3T/rfMRI_REST2_RL/506234_3T_BIAS_BC.nii.gz","506234","unprocessed//3T/rfMRI_REST2_RL/506234_3T_BIAS_BC.nii.gz","GMsTZg37TSAW2yaB.0klPi8id1oSudA6"
"s3://hcp-openaccess/HCP_1200/506234/unprocessed/3T/rfMRI_REST2_RL/506234_3T_SpinEchoFieldMap_LR.nii.gz","506234","unprocessed//3T/rfMRI_REST2_RL/506234_3T_SpinEchoFieldMap_LR.nii.gz","xem9k9qRsT5ck8M_g3eaY9xGmZpfKrCr"
"s3://hcp-openaccess/HCP_1200/506234/unprocessed/3T/rfMRI_REST2_RL/506234_3T_SpinEchoFieldMap_RL.nii.gz","506234","unprocessed//3T/rfMRI_REST2_RL/506234_3T_SpinEchoFieldMap_RL.nii.gz","wLJGR9Mqc8cY.564CwYRfgx.ORs6Ukac"
"s3://hcp-openaccess/HCP_1200/506234/unprocessed/3T/rfMRI_REST2_RL/506234_3T_rfMRI_REST2_RL.nii.gz","506234","unprocessed//3T/rfMRI_REST2_RL/506234_3T_rfMRI_REST2_RL.nii.gz","yNHJ0f.kqQvcwD_zMBXV9GH9_YnpLreT"
"s3://hcp-openaccess/HCP_1200/506234/unprocessed/3T/rfMRI_REST2_RL/506234_3T_rfMRI_REST2_RL_SBRef.nii.gz","506234","unprocessed//3T/rfMRI_REST2_RL/506234_3T_rfMRI_REST2_RL_SBRef.nii.gz","uG0Tqh50865CTIwqOLASfmqvAUMm3YAJ"
"s3://hcp-openaccess/HCP_1200/506234/unprocessed/3T/rfMRI_REST2_RL/LINKED_DATA/PHYSIO/506234_3T_rfMRI_REST2_RL_Physio_log.txt","506234","unprocessed//3T/rfMRI_REST2_RL/LINKED_DATA/PHYSIO/506234_3T_rfMRI_REST2_RL_Physio_log.txt","My0PP.DeCPBV2vA6konh9N8U2oWgGpfr"
"s3://hcp-openaccess/HCP_1200/506234/unprocessed/3T/tfMRI_EMOTION_LR/506234_3T_BIAS_32CH.nii.gz","506234","unprocessed//3T/tfMRI_EMOTION_LR/506234_3T_BIAS_32CH.nii.gz","EnFODa9_wwqi820eyhH3YWiNLy8b4QiN"
"s3://hcp-openaccess/HCP_1200/506234/unprocessed/3T/tfMRI_EMOTION_LR/506234_3T_BIAS_BC.nii.gz","506234","unprocessed//3T/tfMRI_EMOTION_LR/506234_3T_BIAS_BC.nii.gz","TVFE5WNuGNSBpSBxtkXZpU77BXoaCp5u"
"s3://hcp-openaccess/HCP_1200/506234/unprocessed/3T/tfMRI_EMOTION_LR/506234_3T_SpinEchoFieldMap_LR.nii.gz","506234","unprocessed//3T/tfMRI_EMOTION_LR/506234_3T_SpinEchoFieldMap_LR.nii.gz","wBPblEiaZbs4TzHre2zF_DjK5O9hFqF."
"s3://hcp-openaccess/HCP_1200/506234/unprocessed/3T/tfMRI_EMOTION_LR/506234_3T_SpinEchoFieldMap_RL.nii.gz","506234","unprocessed//3T/tfMRI_EMOTION_LR/506234_3T_SpinEchoFieldMap_RL.nii.gz","ZAxSNL_uqbk0pBS.rJohfab_JSbgBMIW"
"s3://hcp-openaccess/HCP_1200/506234/unprocessed/3T/tfMRI_EMOTION_LR/506234_3T_tfMRI_EMOTION_LR.nii.gz","506234","unprocessed//3T/tfMRI_EMOTION_LR/506234_3T_tfMRI_EMOTION_LR.nii.gz","Iu3fPofYsltjTdMpHEu_aPOqESr1sDxV"
"s3://hcp-openaccess/HCP_1200/506234/unprocessed/3T/tfMRI_EMOTION_LR/506234_3T_tfMRI_EMOTION_LR_SBRef.nii.gz","506234","unprocessed//3T/tfMRI_EMOTION_LR/506234_3T_tfMRI_EMOTION_LR_SBRef.nii.gz","OXxQAjszW.lYPy_djMIieYlQJE87SCif"
"s3://hcp-openaccess/HCP_1200/506234/unprocessed/3T/tfMRI_EMOTION_LR/LINKED_DATA/EPRIME/506234_3T_EMOTION_run2_TAB.txt","506234","unprocessed//3T/tfMRI_EMOTION_LR/LINKED_DATA/EPRIME/506234_3T_EMOTION_run2_TAB.txt","hQzIEzfD.TsrKvMcq3Kcx565nj1X9N7."
"s3://hcp-openaccess/HCP_1200/506234/unprocessed/3T/tfMRI_EMOTION_LR/LINKED_DATA/EPRIME/EVs/EMOTION_Stats.csv","506234","unprocessed//3T/tfMRI_EMOTION_LR/LINKED_DATA/EPRIME/EVs/EMOTION_Stats.csv",".4aHJLc0TwE0bc.PnBSPxwqZBPyN1GWB"
"s3://hcp-openaccess/HCP_1200/506234/unprocessed/3T/tfMRI_EMOTION_LR/LINKED_DATA/EPRIME/EVs/Sync.txt","506234","unprocessed//3T/tfMRI_EMOTION_LR/LINKED_DATA/EPRIME/EVs/Sync.txt","mgDfHvGT46lO90kua5qcl98c8TkuHyHp"
"s3://hcp-openaccess/HCP_1200/506234/unprocessed/3T/tfMRI_EMOTION_LR/LINKED_DATA/EPRIME/EVs/fear.txt","506234","unprocessed//3T/tfMRI_EMOTION_LR/LINKED_DATA/EPRIME/EVs/fear.txt","voUCqOJIlCTZLd8DaMgAbrsz0xhNdWmQ"
"s3://hcp-openaccess/HCP_1200/506234/unprocessed/3T/tfMRI_EMOTION_LR/LINKED_DATA/EPRIME/EVs/neut.txt","506234","unprocessed//3T/tfMRI_EMOTION_LR/LINKED_DATA/EPRIME/EVs/neut.txt","1Y91D6jfPH6b4sJJ53zd2qBv6bBJhYon"
"s3://hcp-openaccess/HCP_1200/506234/unprocessed/3T/tfMRI_EMOTION_LR/LINKED_DATA/PHYSIO/506234_3T_tfMRI_EMOTION_LR_Physio_log.txt","506234","unprocessed//3T/tfMRI_EMOTION_LR/LINKED_DATA/PHYSIO/506234_3T_tfMRI_EMOTION_LR_Physio_log.txt","5vG9vTtMVDNgVlmiWsIWC99ukh8D7sPg"
"s3://hcp-openaccess/HCP_1200/506234/unprocessed/3T/tfMRI_EMOTION_RL/506234_3T_BIAS_32CH.nii.gz","506234","unprocessed//3T/tfMRI_EMOTION_RL/506234_3T_BIAS_32CH.nii.gz","KarxXl5.yEHYmlEKbKxeMXkL2OiM.3JY"
"s3://hcp-openaccess/HCP_1200/506234/unprocessed/3T/tfMRI_EMOTION_RL/506234_3T_BIAS_BC.nii.gz","506234","unprocessed//3T/tfMRI_EMOTION_RL/506234_3T_BIAS_BC.nii.gz","eTs06dIDRJdDhif4.S16Nz5rQ8CQJGVu"
"s3://hcp-openaccess/HCP_1200/506234/unprocessed/3T/tfMRI_EMOTION_RL/506234_3T_SpinEchoFieldMap_LR.nii.gz","506234","unprocessed//3T/tfMRI_EMOTION_RL/506234_3T_SpinEchoFieldMap_LR.nii.gz","DeVNy0.V9Yh4V9oljWgZGKjrKsxInj83"
"s3://hcp-openaccess/HCP_1200/506234/unprocessed/3T/tfMRI_EMOTION_RL/506234_3T_SpinEchoFieldMap_RL.nii.gz","506234","unprocessed//3T/tfMRI_EMOTION_RL/506234_3T_SpinEchoFieldMap_RL.nii.gz","iavcqWFB.kBnwzIhg3kdKjVUD9vVXlhg"
"s3://hcp-openaccess/HCP_1200/506234/unprocessed/3T/tfMRI_EMOTION_RL/506234_3T_tfMRI_EMOTION_RL.nii.gz","506234","unprocessed//3T/tfMRI_EMOTION_RL/506234_3T_tfMRI_EMOTION_RL.nii.gz","PJXOudvzpoPog3jkl9CmRxDxtaj4.yLS"
"s3://hcp-openaccess/HCP_1200/506234/unprocessed/3T/tfMRI_EMOTION_RL/506234_3T_tfMRI_EMOTION_RL_SBRef.nii.gz","506234","unprocessed//3T/tfMRI_EMOTION_RL/506234_3T_tfMRI_EMOTION_RL_SBRef.nii.gz","V30VisdYonsm6JZo5hetRFbdzU6nz2fn"
"s3://hcp-openaccess/HCP_1200/506234/unprocessed/3T/tfMRI_EMOTION_RL/LINKED_DATA/EPRIME/506234_3T_EMOTION_run1_TAB.txt","506234","unprocessed//3T/tfMRI_EMOTION_RL/LINKED_DATA/EPRIME/506234_3T_EMOTION_run1_TAB.txt","mukesShTZI6caonTdrIqqxh9DrNydkQJ"
"s3://hcp-openaccess/HCP_1200/506234/unprocessed/3T/tfMRI_EMOTION_RL/LINKED_DATA/EPRIME/EVs/EMOTION_Stats.csv","506234","unprocessed//3T/tfMRI_EMOTION_RL/LINKED_DATA/EPRIME/EVs/EMOTION_Stats.csv","K_cDdUQP1lVx.a4awVF8uEZF3wTu.Cuh"
"s3://hcp-openaccess/HCP_1200/506234/unprocessed/3T/tfMRI_EMOTION_RL/LINKED_DATA/EPRIME/EVs/Sync.txt","506234","unprocessed//3T/tfMRI_EMOTION_RL/LINKED_DATA/EPRIME/EVs/Sync.txt","CPUMToLadR6Uff1PsM0YZqRZqEdH3QJd"
"s3://hcp-openaccess/HCP_1200/506234/unprocessed/3T/tfMRI_EMOTION_RL/LINKED_DATA/EPRIME/EVs/fear.txt","506234","unprocessed//3T/tfMRI_EMOTION_RL/LINKED_DATA/EPRIME/EVs/fear.txt","FHJEIR74puK5cUR0vf5swFw29Z70Q9mJ"
"s3://hcp-openaccess/HCP_1200/506234/unprocessed/3T/tfMRI_EMOTION_RL/LINKED_DATA/EPRIME/EVs/neut.txt","506234","unprocessed//3T/tfMRI_EMOTION_RL/LINKED_DATA/EPRIME/EVs/neut.txt","tG42WAmFwVsqhRG4jc6oNH3TYrhFV1pl"
"s3://hcp-openaccess/HCP_1200/506234/unprocessed/3T/tfMRI_EMOTION_RL/LINKED_DATA/PHYSIO/506234_3T_tfMRI_EMOTION_RL_Physio_log.txt","506234","unprocessed//3T/tfMRI_EMOTION_RL/LINKED_DATA/PHYSIO/506234_3T_tfMRI_EMOTION_RL_Physio_log.txt","ORoE2YDYKOk2RPJNevygBEBdO2a9KSMY"
"s3://hcp-openaccess/HCP_1200/506234/unprocessed/3T/tfMRI_GAMBLING_LR/506234_3T_BIAS_32CH.nii.gz","506234","unprocessed//3T/tfMRI_GAMBLING_LR/506234_3T_BIAS_32CH.nii.gz","aqJo3SevXGCiirLIwnTVHgnQOS55ZdI5"
"s3://hcp-openaccess/HCP_1200/506234/unprocessed/3T/tfMRI_GAMBLING_LR/506234_3T_BIAS_BC.nii.gz","506234","unprocessed//3T/tfMRI_GAMBLING_LR/506234_3T_BIAS_BC.nii.gz","bMgZvHqxATWliyOsMlNQbhYBaVJsjAoa"
"s3://hcp-openaccess/HCP_1200/506234/unprocessed/3T/tfMRI_GAMBLING_LR/506234_3T_SpinEchoFieldMap_LR.nii.gz","506234","unprocessed//3T/tfMRI_GAMBLING_LR/506234_3T_SpinEchoFieldMap_LR.nii.gz","FR0fb3WvaSc1kPgZTXbgrQT3gK.unKXR"
"s3://hcp-openaccess/HCP_1200/506234/unprocessed/3T/tfMRI_GAMBLING_LR/506234_3T_SpinEchoFieldMap_RL.nii.gz","506234","unprocessed//3T/tfMRI_GAMBLING_LR/506234_3T_SpinEchoFieldMap_RL.nii.gz","TbGkbUjvziwWshFK9c4Yc5AonJKkMV9C"
"s3://hcp-openaccess/HCP_1200/506234/unprocessed/3T/tfMRI_GAMBLING_LR/506234_3T_tfMRI_GAMBLING_LR.nii.gz","506234","unprocessed//3T/tfMRI_GAMBLING_LR/506234_3T_tfMRI_GAMBLING_LR.nii.gz","9hmUV7P40uuqHVVEYHtJ9BYOLFDWbssc"
"s3://hcp-openaccess/HCP_1200/506234/unprocessed/3T/tfMRI_GAMBLING_LR/506234_3T_tfMRI_GAMBLING_LR_SBRef.nii.gz","506234","unprocessed//3T/tfMRI_GAMBLING_LR/506234_3T_tfMRI_GAMBLING_LR_SBRef.nii.gz","_y3bjwQw2RzKcMWsWiqGGP6oW2Lk84Ti"
"s3://hcp-openaccess/HCP_1200/506234/unprocessed/3T/tfMRI_GAMBLING_LR/LINKED_DATA/EPRIME/506234_3T_GAMBLING_run2_TAB.txt","506234","unprocessed//3T/tfMRI_GAMBLING_LR/LINKED_DATA/EPRIME/506234_3T_GAMBLING_run2_TAB.txt","XAAq3Sqg2ntAljeH_z6WCpHAjBmXkhnF"
"s3://hcp-openaccess/HCP_1200/506234/unprocessed/3T/tfMRI_GAMBLING_LR/LINKED_DATA/EPRIME/EVs/GAMBLING_Stats.csv","506234","unprocessed//3T/tfMRI_GAMBLING_LR/LINKED_DATA/EPRIME/EVs/GAMBLING_Stats.csv","2U1YuH.IjKuthTIe0sgtYutRlshuykhk"
"s3://hcp-openaccess/HCP_1200/506234/unprocessed/3T/tfMRI_GAMBLING_LR/LINKED_DATA/EPRIME/EVs/Sync.txt","506234","unprocessed//3T/tfMRI_GAMBLING_LR/LINKED_DATA/EPRIME/EVs/Sync.txt","N4hYxM9jvedAt4Fu4zfoN7VmH2u.hfmO"
"s3://hcp-openaccess/HCP_1200/506234/unprocessed/3T/tfMRI_GAMBLING_LR/LINKED_DATA/EPRIME/EVs/loss.txt","506234","unprocessed//3T/tfMRI_GAMBLING_LR/LINKED_DATA/EPRIME/EVs/loss.txt","fbNvKD.rzf8EImmRgOo4lSGcUHlc47wT"
"s3://hcp-openaccess/HCP_1200/506234/unprocessed/3T/tfMRI_GAMBLING_LR/LINKED_DATA/EPRIME/EVs/loss_event.txt","506234","unprocessed//3T/tfMRI_GAMBLING_LR/LINKED_DATA/EPRIME/EVs/loss_event.txt","VDPnF4wGlvfDZdatc2bA7tdb7iPiIHwU"
"s3://hcp-openaccess/HCP_1200/506234/unprocessed/3T/tfMRI_GAMBLING_LR/LINKED_DATA/EPRIME/EVs/neut_event.txt","506234","unprocessed//3T/tfMRI_GAMBLING_LR/LINKED_DATA/EPRIME/EVs/neut_event.txt","cd13hWhX9Ev_QgCEur_8Us4TeE4dumW6"
"s3://hcp-openaccess/HCP_1200/506234/unprocessed/3T/tfMRI_GAMBLING_LR/LINKED_DATA/EPRIME/EVs/win.txt","506234","unprocessed//3T/tfMRI_GAMBLING_LR/LINKED_DATA/EPRIME/EVs/win.txt","auUoU4gH79LJyYvGgsNIKlzWuWoiVKve"
"s3://hcp-openaccess/HCP_1200/506234/unprocessed/3T/tfMRI_GAMBLING_LR/LINKED_DATA/EPRIME/EVs/win_event.txt","506234","unprocessed//3T/tfMRI_GAMBLING_LR/LINKED_DATA/EPRIME/EVs/win_event.txt","dXmL4YDuIIca5L09BS4AbjV0ELrZwNgr"
"s3://hcp-openaccess/HCP_1200/506234/unprocessed/3T/tfMRI_GAMBLING_LR/LINKED_DATA/PHYSIO/506234_3T_tfMRI_GAMBLING_LR_Physio_log.txt","506234","unprocessed//3T/tfMRI_GAMBLING_LR/LINKED_DATA/PHYSIO/506234_3T_tfMRI_GAMBLING_LR_Physio_log.txt","cwUwcw6bZKSKaWFE6Of51Zerh8pEbH0c"
"s3://hcp-openaccess/HCP_1200/506234/unprocessed/3T/tfMRI_GAMBLING_RL/506234_3T_BIAS_32CH.nii.gz","506234","unprocessed//3T/tfMRI_GAMBLING_RL/506234_3T_BIAS_32CH.nii.gz",".YJ3.d0etrd3DcDTPoXerRG4MPgX98QZ"
"s3://hcp-openaccess/HCP_1200/506234/unprocessed/3T/tfMRI_GAMBLING_RL/506234_3T_BIAS_BC.nii.gz","506234","unprocessed//3T/tfMRI_GAMBLING_RL/506234_3T_BIAS_BC.nii.gz","kxG.tckOI8Y4EgaQAlNQGeDixT1jw9nf"
"s3://hcp-openaccess/HCP_1200/506234/unprocessed/3T/tfMRI_GAMBLING_RL/506234_3T_SpinEchoFieldMap_LR.nii.gz","506234","unprocessed//3T/tfMRI_GAMBLING_RL/506234_3T_SpinEchoFieldMap_LR.nii.gz","CNadBoiOimmmclLSqRk9EBm4F6NsIUqb"
"s3://hcp-openaccess/HCP_1200/506234/unprocessed/3T/tfMRI_GAMBLING_RL/506234_3T_SpinEchoFieldMap_RL.nii.gz","506234","unprocessed//3T/tfMRI_GAMBLING_RL/506234_3T_SpinEchoFieldMap_RL.nii.gz","0mby.zkH0d49noCFhyjCw8affL36AAwB"
"s3://hcp-openaccess/HCP_1200/506234/unprocessed/3T/tfMRI_GAMBLING_RL/506234_3T_tfMRI_GAMBLING_RL.nii.gz","506234","unprocessed//3T/tfMRI_GAMBLING_RL/506234_3T_tfMRI_GAMBLING_RL.nii.gz","ayCTpMeXL4HSrgIaXLZehPKwOxCvttgk"
"s3://hcp-openaccess/HCP_1200/506234/unprocessed/3T/tfMRI_GAMBLING_RL/506234_3T_tfMRI_GAMBLING_RL_SBRef.nii.gz","506234","unprocessed//3T/tfMRI_GAMBLING_RL/506234_3T_tfMRI_GAMBLING_RL_SBRef.nii.gz","vZpsF7m3jX.4uldKEu5tokCy4z_jvYXk"
"s3://hcp-openaccess/HCP_1200/506234/unprocessed/3T/tfMRI_GAMBLING_RL/LINKED_DATA/EPRIME/506234_3T_GAMBLING_run1_TAB.txt","506234","unprocessed//3T/tfMRI_GAMBLING_RL/LINKED_DATA/EPRIME/506234_3T_GAMBLING_run1_TAB.txt","SI1392ZafsGMa8n7_rQXmvH0p.Wv_W0l"
"s3://hcp-openaccess/HCP_1200/506234/unprocessed/3T/tfMRI_GAMBLING_RL/LINKED_DATA/EPRIME/EVs/GAMBLING_Stats.csv","506234","unprocessed//3T/tfMRI_GAMBLING_RL/LINKED_DATA/EPRIME/EVs/GAMBLING_Stats.csv","8RNQhFybpxXx1FgD1dU0lcwpOmsrvBbY"
"s3://hcp-openaccess/HCP_1200/506234/unprocessed/3T/tfMRI_GAMBLING_RL/LINKED_DATA/EPRIME/EVs/Sync.txt","506234","unprocessed//3T/tfMRI_GAMBLING_RL/LINKED_DATA/EPRIME/EVs/Sync.txt","kM_7rpmt6DabEc51nFSjHFkdLFWStsX0"
"s3://hcp-openaccess/HCP_1200/506234/unprocessed/3T/tfMRI_GAMBLING_RL/LINKED_DATA/EPRIME/EVs/loss.txt","506234","unprocessed//3T/tfMRI_GAMBLING_RL/LINKED_DATA/EPRIME/EVs/loss.txt","W5nq32I2bboE_FbjUegVVQdwId4RGBtQ"
"s3://hcp-openaccess/HCP_1200/506234/unprocessed/3T/tfMRI_GAMBLING_RL/LINKED_DATA/EPRIME/EVs/loss_event.txt","506234","unprocessed//3T/tfMRI_GAMBLING_RL/LINKED_DATA/EPRIME/EVs/loss_event.txt","hhtvSh6PWf.1AT9Ix5fASGKPwPHN.FbF"
"s3://hcp-openaccess/HCP_1200/506234/unprocessed/3T/tfMRI_GAMBLING_RL/LINKED_DATA/EPRIME/EVs/neut_event.txt","506234","unprocessed//3T/tfMRI_GAMBLING_RL/LINKED_DATA/EPRIME/EVs/neut_event.txt","6tsXTpDrIU5BMgsdDgsd8GBKbsXU070U"
"s3://hcp-openaccess/HCP_1200/506234/unprocessed/3T/tfMRI_GAMBLING_RL/LINKED_DATA/EPRIME/EVs/win.txt","506234","unprocessed//3T/tfMRI_GAMBLING_RL/LINKED_DATA/EPRIME/EVs/win.txt","IpQIyDIhvgEW2wNU8MfkmD4DuKG85y3y"
"s3://hcp-openaccess/HCP_1200/506234/unprocessed/3T/tfMRI_GAMBLING_RL/LINKED_DATA/EPRIME/EVs/win_event.txt","506234","unprocessed//3T/tfMRI_GAMBLING_RL/LINKED_DATA/EPRIME/EVs/win_event.txt","vcVccRleOtt0uYOo9xnYnlgYeB4WClly"
"s3://hcp-openaccess/HCP_1200/506234/unprocessed/3T/tfMRI_GAMBLING_RL/LINKED_DATA/PHYSIO/506234_3T_tfMRI_GAMBLING_RL_Physio_log.txt","506234","unprocessed//3T/tfMRI_GAMBLING_RL/LINKED_DATA/PHYSIO/506234_3T_tfMRI_GAMBLING_RL_Physio_log.txt","QS0JK3Kbsrr2exbT1O2V6z5aTo_BbHtJ"
"s3://hcp-openaccess/HCP_1200/506234/unprocessed/3T/tfMRI_LANGUAGE_LR/506234_3T_BIAS_32CH.nii.gz","506234","unprocessed//3T/tfMRI_LANGUAGE_LR/506234_3T_BIAS_32CH.nii.gz","T0gkLvC2lWvhNcJ6A7uBGxgfqN0G0lzu"
"s3://hcp-openaccess/HCP_1200/506234/unprocessed/3T/tfMRI_LANGUAGE_LR/506234_3T_BIAS_BC.nii.gz","506234","unprocessed//3T/tfMRI_LANGUAGE_LR/506234_3T_BIAS_BC.nii.gz","Z7nbbaErnYWXl6PmCxsVi70JZTWg0ZUd"
"s3://hcp-openaccess/HCP_1200/506234/unprocessed/3T/tfMRI_LANGUAGE_LR/506234_3T_SpinEchoFieldMap_LR.nii.gz","506234","unprocessed//3T/tfMRI_LANGUAGE_LR/506234_3T_SpinEchoFieldMap_LR.nii.gz","HMqU_t3Q5tvIxDMXi7iUBSLYXInCrDd1"
"s3://hcp-openaccess/HCP_1200/506234/unprocessed/3T/tfMRI_LANGUAGE_LR/506234_3T_SpinEchoFieldMap_RL.nii.gz","506234","unprocessed//3T/tfMRI_LANGUAGE_LR/506234_3T_SpinEchoFieldMap_RL.nii.gz","EROPS.Rj9oqG1yDVvhr.TAKNIrYFiMG2"
"s3://hcp-openaccess/HCP_1200/506234/unprocessed/3T/tfMRI_LANGUAGE_LR/506234_3T_tfMRI_LANGUAGE_LR.nii.gz","506234","unprocessed//3T/tfMRI_LANGUAGE_LR/506234_3T_tfMRI_LANGUAGE_LR.nii.gz","t5Gb9fDj9msTDtLzgZzSxvi5tyXT4roN"
"s3://hcp-openaccess/HCP_1200/506234/unprocessed/3T/tfMRI_LANGUAGE_LR/506234_3T_tfMRI_LANGUAGE_LR_SBRef.nii.gz","506234","unprocessed//3T/tfMRI_LANGUAGE_LR/506234_3T_tfMRI_LANGUAGE_LR_SBRef.nii.gz","1bFLsMJTwGM5.Cz7SULymLBSrJ19WrVp"
"s3://hcp-openaccess/HCP_1200/506234/unprocessed/3T/tfMRI_LANGUAGE_LR/LINKED_DATA/EPRIME/506234_3T_LANGUAGE_run2_TAB.txt","506234","unprocessed//3T/tfMRI_LANGUAGE_LR/LINKED_DATA/EPRIME/506234_3T_LANGUAGE_run2_TAB.txt","qBng73N1L1nw8ulmlGGDxgzjs.AYwgdN"
"s3://hcp-openaccess/HCP_1200/506234/unprocessed/3T/tfMRI_LANGUAGE_LR/LINKED_DATA/EPRIME/EVs/LANGUAGE_Stats.csv","506234","unprocessed//3T/tfMRI_LANGUAGE_LR/LINKED_DATA/EPRIME/EVs/LANGUAGE_Stats.csv","dS3OtVeznuRfLEcIgg8cfD4JyUEekS0z"
"s3://hcp-openaccess/HCP_1200/506234/unprocessed/3T/tfMRI_LANGUAGE_LR/LINKED_DATA/EPRIME/EVs/Sync.txt","506234","unprocessed//3T/tfMRI_LANGUAGE_LR/LINKED_DATA/EPRIME/EVs/Sync.txt","Yq6RdwehqbN8XLYa13BfVXjXkYribZtJ"
"s3://hcp-openaccess/HCP_1200/506234/unprocessed/3T/tfMRI_LANGUAGE_LR/LINKED_DATA/EPRIME/EVs/cue.txt","506234","unprocessed//3T/tfMRI_LANGUAGE_LR/LINKED_DATA/EPRIME/EVs/cue.txt","qacIFYjLtJwcNZiZ9tyZHbO2Zpcr5.rR"
"s3://hcp-openaccess/HCP_1200/506234/unprocessed/3T/tfMRI_LANGUAGE_LR/LINKED_DATA/EPRIME/EVs/math.txt","506234","unprocessed//3T/tfMRI_LANGUAGE_LR/LINKED_DATA/EPRIME/EVs/math.txt","7I5iyuHKnzusghpnUy2VtmkK5axmDlT9"
"s3://hcp-openaccess/HCP_1200/506234/unprocessed/3T/tfMRI_LANGUAGE_LR/LINKED_DATA/EPRIME/EVs/present_math.txt","506234","unprocessed//3T/tfMRI_LANGUAGE_LR/LINKED_DATA/EPRIME/EVs/present_math.txt","4GeSctMaztqGSr51qbZbqjgImwCsXVJE"
"s3://hcp-openaccess/HCP_1200/506234/unprocessed/3T/tfMRI_LANGUAGE_LR/LINKED_DATA/EPRIME/EVs/present_story.txt","506234","unprocessed//3T/tfMRI_LANGUAGE_LR/LINKED_DATA/EPRIME/EVs/present_story.txt","OMEBUvVYnJhoEKiFWyGlatylajmuZyRi"
"s3://hcp-openaccess/HCP_1200/506234/unprocessed/3T/tfMRI_LANGUAGE_LR/LINKED_DATA/EPRIME/EVs/question_math.txt","506234","unprocessed//3T/tfMRI_LANGUAGE_LR/LINKED_DATA/EPRIME/EVs/question_math.txt","q3wj8J1datkdVsnW09xSEPSdFIy.xbZQ"
"s3://hcp-openaccess/HCP_1200/506234/unprocessed/3T/tfMRI_LANGUAGE_LR/LINKED_DATA/EPRIME/EVs/question_story.txt","506234","unprocessed//3T/tfMRI_LANGUAGE_LR/LINKED_DATA/EPRIME/EVs/question_story.txt","ED5cRQThGtmrhLHAtEqisT0bzXMoWl1a"
"s3://hcp-openaccess/HCP_1200/506234/unprocessed/3T/tfMRI_LANGUAGE_LR/LINKED_DATA/EPRIME/EVs/response_math.txt","506234","unprocessed//3T/tfMRI_LANGUAGE_LR/LINKED_DATA/EPRIME/EVs/response_math.txt","WQNrtUmzTnphbRmyNil82SNUO8S_7zju"
"s3://hcp-openaccess/HCP_1200/506234/unprocessed/3T/tfMRI_LANGUAGE_LR/LINKED_DATA/EPRIME/EVs/response_story.txt","506234","unprocessed//3T/tfMRI_LANGUAGE_LR/LINKED_DATA/EPRIME/EVs/response_story.txt","aBkuUDFrQ427LlVkVe085ikQnP7_jzwn"
"s3://hcp-openaccess/HCP_1200/506234/unprocessed/3T/tfMRI_LANGUAGE_LR/LINKED_DATA/EPRIME/EVs/story.txt","506234","unprocessed//3T/tfMRI_LANGUAGE_LR/LINKED_DATA/EPRIME/EVs/story.txt","Bn2KilYBTLAJ.rZTI9DCDY81RJ.ztj7s"
"s3://hcp-openaccess/HCP_1200/506234/unprocessed/3T/tfMRI_LANGUAGE_LR/LINKED_DATA/PHYSIO/506234_3T_tfMRI_LANGUAGE_LR_Physio_log.txt","506234","unprocessed//3T/tfMRI_LANGUAGE_LR/LINKED_DATA/PHYSIO/506234_3T_tfMRI_LANGUAGE_LR_Physio_log.txt","6BP.hyfnj6U1a_47clqbQeqWpCIoen9T"
"s3://hcp-openaccess/HCP_1200/506234/unprocessed/3T/tfMRI_LANGUAGE_RL/506234_3T_BIAS_32CH.nii.gz","506234","unprocessed//3T/tfMRI_LANGUAGE_RL/506234_3T_BIAS_32CH.nii.gz","gAhoj4tWTx3pX9o7F7SdIAyHkBVebzTw"
"s3://hcp-openaccess/HCP_1200/506234/unprocessed/3T/tfMRI_LANGUAGE_RL/506234_3T_BIAS_BC.nii.gz","506234","unprocessed//3T/tfMRI_LANGUAGE_RL/506234_3T_BIAS_BC.nii.gz","T9mHMDsediZbs4gQFjedegrRTy5ClBFy"
"s3://hcp-openaccess/HCP_1200/506234/unprocessed/3T/tfMRI_LANGUAGE_RL/506234_3T_SpinEchoFieldMap_LR.nii.gz","506234","unprocessed//3T/tfMRI_LANGUAGE_RL/506234_3T_SpinEchoFieldMap_LR.nii.gz","dfX9aBs9MLUY_D1r2f8O2nG0eH.d2yju"
"s3://hcp-openaccess/HCP_1200/506234/unprocessed/3T/tfMRI_LANGUAGE_RL/506234_3T_SpinEchoFieldMap_RL.nii.gz","506234","unprocessed//3T/tfMRI_LANGUAGE_RL/506234_3T_SpinEchoFieldMap_RL.nii.gz","aaMT7meN3wj.KGobNLh1bLNE_O1aRJsm"
"s3://hcp-openaccess/HCP_1200/506234/unprocessed/3T/tfMRI_LANGUAGE_RL/506234_3T_tfMRI_LANGUAGE_RL.nii.gz","506234","unprocessed//3T/tfMRI_LANGUAGE_RL/506234_3T_tfMRI_LANGUAGE_RL.nii.gz","QPowLFSRiUk44ibiUgUj6QtILUtKfQ.8"
"s3://hcp-openaccess/HCP_1200/506234/unprocessed/3T/tfMRI_LANGUAGE_RL/506234_3T_tfMRI_LANGUAGE_RL_SBRef.nii.gz","506234","unprocessed//3T/tfMRI_LANGUAGE_RL/506234_3T_tfMRI_LANGUAGE_RL_SBRef.nii.gz","9vPjnXcwWuvLEWAXl0nlO5r33DI04Pf7"
"s3://hcp-openaccess/HCP_1200/506234/unprocessed/3T/tfMRI_LANGUAGE_RL/LINKED_DATA/EPRIME/506234_3T_LANGUAGE_run1_TAB.txt","506234","unprocessed//3T/tfMRI_LANGUAGE_RL/LINKED_DATA/EPRIME/506234_3T_LANGUAGE_run1_TAB.txt","uUzkQyBrWLQoGFmdwBnuTQWPZcOiJK2L"
"s3://hcp-openaccess/HCP_1200/506234/unprocessed/3T/tfMRI_LANGUAGE_RL/LINKED_DATA/EPRIME/EVs/LANGUAGE_Stats.csv","506234","unprocessed//3T/tfMRI_LANGUAGE_RL/LINKED_DATA/EPRIME/EVs/LANGUAGE_Stats.csv","AqHUftKpnxWHiv.Ti4QEb.Ohw8aWWVEB"
"s3://hcp-openaccess/HCP_1200/506234/unprocessed/3T/tfMRI_LANGUAGE_RL/LINKED_DATA/EPRIME/EVs/Sync.txt","506234","unprocessed//3T/tfMRI_LANGUAGE_RL/LINKED_DATA/EPRIME/EVs/Sync.txt","Rg7fsTb3aeexyVYcX7azMbKDKiWqgzf3"
"s3://hcp-openaccess/HCP_1200/506234/unprocessed/3T/tfMRI_LANGUAGE_RL/LINKED_DATA/EPRIME/EVs/cue.txt","506234","unprocessed//3T/tfMRI_LANGUAGE_RL/LINKED_DATA/EPRIME/EVs/cue.txt","SRz4.76V7fQZh2wjWx7pKW0zQPwWUQDl"
"s3://hcp-openaccess/HCP_1200/506234/unprocessed/3T/tfMRI_LANGUAGE_RL/LINKED_DATA/EPRIME/EVs/math.txt","506234","unprocessed//3T/tfMRI_LANGUAGE_RL/LINKED_DATA/EPRIME/EVs/math.txt","1V50VIphcMQixUukn8Jj7RPBu9qLqZBL"
"s3://hcp-openaccess/HCP_1200/506234/unprocessed/3T/tfMRI_LANGUAGE_RL/LINKED_DATA/EPRIME/EVs/present_math.txt","506234","unprocessed//3T/tfMRI_LANGUAGE_RL/LINKED_DATA/EPRIME/EVs/present_math.txt","vEGXw_cWQf4Rvp1NgI0EVSTpjoxbWPfm"
"s3://hcp-openaccess/HCP_1200/506234/unprocessed/3T/tfMRI_LANGUAGE_RL/LINKED_DATA/EPRIME/EVs/present_story.txt","506234","unprocessed//3T/tfMRI_LANGUAGE_RL/LINKED_DATA/EPRIME/EVs/present_story.txt","qqTTDwIGXAkDfP.LKOqwrpzxDXdfiVg."
"s3://hcp-openaccess/HCP_1200/506234/unprocessed/3T/tfMRI_LANGUAGE_RL/LINKED_DATA/EPRIME/EVs/question_math.txt","506234","unprocessed//3T/tfMRI_LANGUAGE_RL/LINKED_DATA/EPRIME/EVs/question_math.txt","wNbgaOfHtnUNzSrwTwPfafTSyfVF9.vb"
"s3://hcp-openaccess/HCP_1200/506234/unprocessed/3T/tfMRI_LANGUAGE_RL/LINKED_DATA/EPRIME/EVs/question_story.txt","506234","unprocessed//3T/tfMRI_LANGUAGE_RL/LINKED_DATA/EPRIME/EVs/question_story.txt","mYyJ8WOQiGuGzVwanSxej53TT8Q5_RkV"
"s3://hcp-openaccess/HCP_1200/506234/unprocessed/3T/tfMRI_LANGUAGE_RL/LINKED_DATA/EPRIME/EVs/response_math.txt","506234","unprocessed//3T/tfMRI_LANGUAGE_RL/LINKED_DATA/EPRIME/EVs/response_math.txt","_Jz28DeexMYJtirL7KCi2dQOAibiZJv."
"s3://hcp-openaccess/HCP_1200/506234/unprocessed/3T/tfMRI_LANGUAGE_RL/LINKED_DATA/EPRIME/EVs/response_story.txt","506234","unprocessed//3T/tfMRI_LANGUAGE_RL/LINKED_DATA/EPRIME/EVs/response_story.txt","a.sXbWPuxiaC6Z2eF1k.FiZ4Dyq6HG8e"
"s3://hcp-openaccess/HCP_1200/506234/unprocessed/3T/tfMRI_LANGUAGE_RL/LINKED_DATA/EPRIME/EVs/story.txt","506234","unprocessed//3T/tfMRI_LANGUAGE_RL/LINKED_DATA/EPRIME/EVs/story.txt","QhzdviCO9UPpebpSf60OxC6_OpMuc48b"
"s3://hcp-openaccess/HCP_1200/506234/unprocessed/3T/tfMRI_LANGUAGE_RL/LINKED_DATA/PHYSIO/506234_3T_tfMRI_LANGUAGE_RL_Physio_log.txt","506234","unprocessed//3T/tfMRI_LANGUAGE_RL/LINKED_DATA/PHYSIO/506234_3T_tfMRI_LANGUAGE_RL_Physio_log.txt","xrfE8WqAVYIwHoXqamZnfNubrmcoqofh"
"s3://hcp-openaccess/HCP_1200/506234/unprocessed/3T/tfMRI_MOTOR_LR/506234_3T_BIAS_32CH.nii.gz","506234","unprocessed//3T/tfMRI_MOTOR_LR/506234_3T_BIAS_32CH.nii.gz","1k8Yu0Fcn_vwUrSiJ8JFzqX8rHYDr5Nz"
"s3://hcp-openaccess/HCP_1200/506234/unprocessed/3T/tfMRI_MOTOR_LR/506234_3T_BIAS_BC.nii.gz","506234","unprocessed//3T/tfMRI_MOTOR_LR/506234_3T_BIAS_BC.nii.gz","TlLIE9OUTVP.PFLi4azR_PsC5ViX5f.k"
"s3://hcp-openaccess/HCP_1200/506234/unprocessed/3T/tfMRI_MOTOR_LR/506234_3T_SpinEchoFieldMap_LR.nii.gz","506234","unprocessed//3T/tfMRI_MOTOR_LR/506234_3T_SpinEchoFieldMap_LR.nii.gz","pqAGV0.2wtmLKUZ_7K3cWqlLAH529SQy"
"s3://hcp-openaccess/HCP_1200/506234/unprocessed/3T/tfMRI_MOTOR_LR/506234_3T_SpinEchoFieldMap_RL.nii.gz","506234","unprocessed//3T/tfMRI_MOTOR_LR/506234_3T_SpinEchoFieldMap_RL.nii.gz","yL4pUP5jMK2mCD1mn_ed_yIPYYlUCMe0"
"s3://hcp-openaccess/HCP_1200/506234/unprocessed/3T/tfMRI_MOTOR_LR/506234_3T_tfMRI_MOTOR_LR.nii.gz","506234","unprocessed//3T/tfMRI_MOTOR_LR/506234_3T_tfMRI_MOTOR_LR.nii.gz","BmRARtk9EH2pp.EZJC6KpfqyqkcaeusS"
"s3://hcp-openaccess/HCP_1200/506234/unprocessed/3T/tfMRI_MOTOR_LR/506234_3T_tfMRI_MOTOR_LR_SBRef.nii.gz","506234","unprocessed//3T/tfMRI_MOTOR_LR/506234_3T_tfMRI_MOTOR_LR_SBRef.nii.gz","KavRJbrPw2Vsl4VLcBfGI.eiJGxrArOl"
"s3://hcp-openaccess/HCP_1200/506234/unprocessed/3T/tfMRI_MOTOR_LR/LINKED_DATA/EPRIME/506234_3T_MOTOR_run2_TAB.txt","506234","unprocessed//3T/tfMRI_MOTOR_LR/LINKED_DATA/EPRIME/506234_3T_MOTOR_run2_TAB.txt","0OBEIZu.IafaUecwszPNtsKeqrQOre4c"
"s3://hcp-openaccess/HCP_1200/506234/unprocessed/3T/tfMRI_MOTOR_LR/LINKED_DATA/EPRIME/EVs/Sync.txt","506234","unprocessed//3T/tfMRI_MOTOR_LR/LINKED_DATA/EPRIME/EVs/Sync.txt","lENcEg9Ex2RsfGNkbm7MDqTZlOwANM_b"
"s3://hcp-openaccess/HCP_1200/506234/unprocessed/3T/tfMRI_MOTOR_LR/LINKED_DATA/EPRIME/EVs/cue.txt","506234","unprocessed//3T/tfMRI_MOTOR_LR/LINKED_DATA/EPRIME/EVs/cue.txt","gX8t2wFhBLO6VartKqLZmn1cHtHJerRi"
"s3://hcp-openaccess/HCP_1200/506234/unprocessed/3T/tfMRI_MOTOR_LR/LINKED_DATA/EPRIME/EVs/lf.txt","506234","unprocessed//3T/tfMRI_MOTOR_LR/LINKED_DATA/EPRIME/EVs/lf.txt","rDHEU9o82BS3FvHgowk6jCunAAtRgQ_p"
"s3://hcp-openaccess/HCP_1200/506234/unprocessed/3T/tfMRI_MOTOR_LR/LINKED_DATA/EPRIME/EVs/lh.txt","506234","unprocessed//3T/tfMRI_MOTOR_LR/LINKED_DATA/EPRIME/EVs/lh.txt","C1.3hNItQjuCeKnj8YbA5Era1PReVYIg"
"s3://hcp-openaccess/HCP_1200/506234/unprocessed/3T/tfMRI_MOTOR_LR/LINKED_DATA/EPRIME/EVs/rf.txt","506234","unprocessed//3T/tfMRI_MOTOR_LR/LINKED_DATA/EPRIME/EVs/rf.txt","5RiItNJkaLCijgHPhDpwknFhAYd_sRQh"
"s3://hcp-openaccess/HCP_1200/506234/unprocessed/3T/tfMRI_MOTOR_LR/LINKED_DATA/EPRIME/EVs/rh.txt","506234","unprocessed//3T/tfMRI_MOTOR_LR/LINKED_DATA/EPRIME/EVs/rh.txt","6viXSiAwh_JwyorBj0ZxmAC80Q9QUXXq"
"s3://hcp-openaccess/HCP_1200/506234/unprocessed/3T/tfMRI_MOTOR_LR/LINKED_DATA/EPRIME/EVs/t.txt","506234","unprocessed//3T/tfMRI_MOTOR_LR/LINKED_DATA/EPRIME/EVs/t.txt","ZNwdfbeyRPRQjHqJZ.sy_bAC0sM9s_Rv"
"s3://hcp-openaccess/HCP_1200/506234/unprocessed/3T/tfMRI_MOTOR_LR/LINKED_DATA/PHYSIO/506234_3T_tfMRI_MOTOR_LR_Physio_log.txt","506234","unprocessed//3T/tfMRI_MOTOR_LR/LINKED_DATA/PHYSIO/506234_3T_tfMRI_MOTOR_LR_Physio_log.txt","53J6UVuaMi7VChbIj5Ra_Bh2eou0ZY7o"
"s3://hcp-openaccess/HCP_1200/506234/unprocessed/3T/tfMRI_MOTOR_RL/506234_3T_BIAS_32CH.nii.gz","506234","unprocessed//3T/tfMRI_MOTOR_RL/506234_3T_BIAS_32CH.nii.gz","ZV7ejRUReGflhkNCcWMxZxq38w_a_dy0"
"s3://hcp-openaccess/HCP_1200/506234/unprocessed/3T/tfMRI_MOTOR_RL/506234_3T_BIAS_BC.nii.gz","506234","unprocessed//3T/tfMRI_MOTOR_RL/506234_3T_BIAS_BC.nii.gz","LUt0QC8W9As3dDOre9FrZLUkykbylD.M"
"s3://hcp-openaccess/HCP_1200/506234/unprocessed/3T/tfMRI_MOTOR_RL/506234_3T_SpinEchoFieldMap_LR.nii.gz","506234","unprocessed//3T/tfMRI_MOTOR_RL/506234_3T_SpinEchoFieldMap_LR.nii.gz","FcHe64.CK8WJS4NCBQYvdAypFtW8Quzz"
"s3://hcp-openaccess/HCP_1200/506234/unprocessed/3T/tfMRI_MOTOR_RL/506234_3T_SpinEchoFieldMap_RL.nii.gz","506234","unprocessed//3T/tfMRI_MOTOR_RL/506234_3T_SpinEchoFieldMap_RL.nii.gz","2fqsQFfaPxX2KrBE6lvlf3cPgZfaYPe7"
"s3://hcp-openaccess/HCP_1200/506234/unprocessed/3T/tfMRI_MOTOR_RL/506234_3T_tfMRI_MOTOR_RL.nii.gz","506234","unprocessed//3T/tfMRI_MOTOR_RL/506234_3T_tfMRI_MOTOR_RL.nii.gz","hP.IWpYGod9vddCfVOwVWdgt4lSBrVsF"
"s3://hcp-openaccess/HCP_1200/506234/unprocessed/3T/tfMRI_MOTOR_RL/506234_3T_tfMRI_MOTOR_RL_SBRef.nii.gz","506234","unprocessed//3T/tfMRI_MOTOR_RL/506234_3T_tfMRI_MOTOR_RL_SBRef.nii.gz","8CskHIDaS7BzCMM2fqU33OOhgVjSI68X"
"s3://hcp-openaccess/HCP_1200/506234/unprocessed/3T/tfMRI_MOTOR_RL/LINKED_DATA/EPRIME/506234_3T_MOTOR_run1_TAB.txt","506234","unprocessed//3T/tfMRI_MOTOR_RL/LINKED_DATA/EPRIME/506234_3T_MOTOR_run1_TAB.txt","9MXsoXvKER48U4PViaZoTfi3bL0nL25N"
"s3://hcp-openaccess/HCP_1200/506234/unprocessed/3T/tfMRI_MOTOR_RL/LINKED_DATA/EPRIME/EVs/Sync.txt","506234","unprocessed//3T/tfMRI_MOTOR_RL/LINKED_DATA/EPRIME/EVs/Sync.txt","OsI4sLIY73ZphPX56b47LXkgrl5QSiXY"
"s3://hcp-openaccess/HCP_1200/506234/unprocessed/3T/tfMRI_MOTOR_RL/LINKED_DATA/EPRIME/EVs/cue.txt","506234","unprocessed//3T/tfMRI_MOTOR_RL/LINKED_DATA/EPRIME/EVs/cue.txt","hh8g98GftVwGE.D41eJTznffNlV3eAUc"
"s3://hcp-openaccess/HCP_1200/506234/unprocessed/3T/tfMRI_MOTOR_RL/LINKED_DATA/EPRIME/EVs/lf.txt","506234","unprocessed//3T/tfMRI_MOTOR_RL/LINKED_DATA/EPRIME/EVs/lf.txt","BLD8CMzIGkpwCuQwEtPNQmFOeypDNdID"
"s3://hcp-openaccess/HCP_1200/506234/unprocessed/3T/tfMRI_MOTOR_RL/LINKED_DATA/EPRIME/EVs/lh.txt","506234","unprocessed//3T/tfMRI_MOTOR_RL/LINKED_DATA/EPRIME/EVs/lh.txt","RxI_uV0.DgNFHBYmnmusqUpCeT2nqkQ9"
"s3://hcp-openaccess/HCP_1200/506234/unprocessed/3T/tfMRI_MOTOR_RL/LINKED_DATA/EPRIME/EVs/rf.txt","506234","unprocessed//3T/tfMRI_MOTOR_RL/LINKED_DATA/EPRIME/EVs/rf.txt","LZ0Aj7AxUehGIKle5iFmaBfun9M8Z7I8"
"s3://hcp-openaccess/HCP_1200/506234/unprocessed/3T/tfMRI_MOTOR_RL/LINKED_DATA/EPRIME/EVs/rh.txt","506234","unprocessed//3T/tfMRI_MOTOR_RL/LINKED_DATA/EPRIME/EVs/rh.txt","btdYbTp2og7t2No1.pWZWfvLvpAcyBAq"
"s3://hcp-openaccess/HCP_1200/506234/unprocessed/3T/tfMRI_MOTOR_RL/LINKED_DATA/EPRIME/EVs/t.txt","506234","unprocessed//3T/tfMRI_MOTOR_RL/LINKED_DATA/EPRIME/EVs/t.txt","w05SPQy4kNEuXyUcE6HfKjWJ1FRjinvT"
"s3://hcp-openaccess/HCP_1200/506234/unprocessed/3T/tfMRI_MOTOR_RL/LINKED_DATA/PHYSIO/506234_3T_tfMRI_MOTOR_RL_Physio_log.txt","506234","unprocessed//3T/tfMRI_MOTOR_RL/LINKED_DATA/PHYSIO/506234_3T_tfMRI_MOTOR_RL_Physio_log.txt","QhwYjo0nYMSxpQuWsHmWz0JpaJAjk0cJ"
"s3://hcp-openaccess/HCP_1200/506234/unprocessed/3T/tfMRI_RELATIONAL_LR/506234_3T_BIAS_32CH.nii.gz","506234","unprocessed//3T/tfMRI_RELATIONAL_LR/506234_3T_BIAS_32CH.nii.gz","1e0kNJehPxgzKGv9ByhgN8l6mP08.Cpr"
"s3://hcp-openaccess/HCP_1200/506234/unprocessed/3T/tfMRI_RELATIONAL_LR/506234_3T_BIAS_BC.nii.gz","506234","unprocessed//3T/tfMRI_RELATIONAL_LR/506234_3T_BIAS_BC.nii.gz","Hb1cIUB6IfQy3LDMCQWfQjuMUyJzOcPq"
"s3://hcp-openaccess/HCP_1200/506234/unprocessed/3T/tfMRI_RELATIONAL_LR/506234_3T_SpinEchoFieldMap_LR.nii.gz","506234","unprocessed//3T/tfMRI_RELATIONAL_LR/506234_3T_SpinEchoFieldMap_LR.nii.gz","EE1EAbwp.qUjrH3rGFNM2l0bqqxZCrSW"
"s3://hcp-openaccess/HCP_1200/506234/unprocessed/3T/tfMRI_RELATIONAL_LR/506234_3T_SpinEchoFieldMap_RL.nii.gz","506234","unprocessed//3T/tfMRI_RELATIONAL_LR/506234_3T_SpinEchoFieldMap_RL.nii.gz","MDZeLmCsMJn7tcyZuX9tZZR3dtGP_w2w"
"s3://hcp-openaccess/HCP_1200/506234/unprocessed/3T/tfMRI_RELATIONAL_LR/506234_3T_tfMRI_RELATIONAL_LR.nii.gz","506234","unprocessed//3T/tfMRI_RELATIONAL_LR/506234_3T_tfMRI_RELATIONAL_LR.nii.gz","EEJX62F9pPDsrSrlalg_lJftGVJC4rAM"
"s3://hcp-openaccess/HCP_1200/506234/unprocessed/3T/tfMRI_RELATIONAL_LR/506234_3T_tfMRI_RELATIONAL_LR_SBRef.nii.gz","506234","unprocessed//3T/tfMRI_RELATIONAL_LR/506234_3T_tfMRI_RELATIONAL_LR_SBRef.nii.gz","PjTITM5rk2z21RDK6MhDOD0YBOmRfPnc"
"s3://hcp-openaccess/HCP_1200/506234/unprocessed/3T/tfMRI_RELATIONAL_LR/LINKED_DATA/EPRIME/506234_3T_RELATIONAL_run2_TAB.txt","506234","unprocessed//3T/tfMRI_RELATIONAL_LR/LINKED_DATA/EPRIME/506234_3T_RELATIONAL_run2_TAB.txt","gJhL8swtP6PNPBFrGE_KqK_EFbmIppE_"
"s3://hcp-openaccess/HCP_1200/506234/unprocessed/3T/tfMRI_RELATIONAL_LR/LINKED_DATA/EPRIME/EVs/RELATIONAL_Stats.csv","506234","unprocessed//3T/tfMRI_RELATIONAL_LR/LINKED_DATA/EPRIME/EVs/RELATIONAL_Stats.csv","w1K26ynziUryl7r8T9uISqDeAD8u57a6"
"s3://hcp-openaccess/HCP_1200/506234/unprocessed/3T/tfMRI_RELATIONAL_LR/LINKED_DATA/EPRIME/EVs/Sync.txt","506234","unprocessed//3T/tfMRI_RELATIONAL_LR/LINKED_DATA/EPRIME/EVs/Sync.txt","_5zUniagEYfW.XBQT4FtvLOWsZXo_B5t"
"s3://hcp-openaccess/HCP_1200/506234/unprocessed/3T/tfMRI_RELATIONAL_LR/LINKED_DATA/EPRIME/EVs/error.txt","506234","unprocessed//3T/tfMRI_RELATIONAL_LR/LINKED_DATA/EPRIME/EVs/error.txt","84UiNV9MLXJa3ziAev1E__pks7oFoLRZ"
"s3://hcp-openaccess/HCP_1200/506234/unprocessed/3T/tfMRI_RELATIONAL_LR/LINKED_DATA/EPRIME/EVs/match.txt","506234","unprocessed//3T/tfMRI_RELATIONAL_LR/LINKED_DATA/EPRIME/EVs/match.txt","Ss_ZZ.3hVk2L1FDuqwPsX8045nyC45ib"
"s3://hcp-openaccess/HCP_1200/506234/unprocessed/3T/tfMRI_RELATIONAL_LR/LINKED_DATA/EPRIME/EVs/relation.txt","506234","unprocessed//3T/tfMRI_RELATIONAL_LR/LINKED_DATA/EPRIME/EVs/relation.txt","WM3zRTsomqOsTsxMDj2zDcS42t0mAI8Q"
"s3://hcp-openaccess/HCP_1200/506234/unprocessed/3T/tfMRI_RELATIONAL_LR/LINKED_DATA/PHYSIO/506234_3T_tfMRI_RELATIONAL_LR_Physio_log.txt","506234","unprocessed//3T/tfMRI_RELATIONAL_LR/LINKED_DATA/PHYSIO/506234_3T_tfMRI_RELATIONAL_LR_Physio_log.txt","1akrIwKMi11FF2Kk_6NkDUXjC.CLPAO7"
"s3://hcp-openaccess/HCP_1200/506234/unprocessed/3T/tfMRI_RELATIONAL_RL/506234_3T_BIAS_32CH.nii.gz","506234","unprocessed//3T/tfMRI_RELATIONAL_RL/506234_3T_BIAS_32CH.nii.gz","R182a0B1VkIQtJY2VRwrgypW6LH3sxYM"
"s3://hcp-openaccess/HCP_1200/506234/unprocessed/3T/tfMRI_RELATIONAL_RL/506234_3T_BIAS_BC.nii.gz","506234","unprocessed//3T/tfMRI_RELATIONAL_RL/506234_3T_BIAS_BC.nii.gz","TzopG152d1f6t3q49yS87QBJMWZ3QGPd"
"s3://hcp-openaccess/HCP_1200/506234/unprocessed/3T/tfMRI_RELATIONAL_RL/506234_3T_SpinEchoFieldMap_LR.nii.gz","506234","unprocessed//3T/tfMRI_RELATIONAL_RL/506234_3T_SpinEchoFieldMap_LR.nii.gz","o3H5cHeDSWE_YGqIBWosqMm.K0ZVvO_I"
"s3://hcp-openaccess/HCP_1200/506234/unprocessed/3T/tfMRI_RELATIONAL_RL/506234_3T_SpinEchoFieldMap_RL.nii.gz","506234","unprocessed//3T/tfMRI_RELATIONAL_RL/506234_3T_SpinEchoFieldMap_RL.nii.gz","iCvXv7YKe2Fsq5e6aeARBvgqC6ozRXtq"
"s3://hcp-openaccess/HCP_1200/506234/unprocessed/3T/tfMRI_RELATIONAL_RL/506234_3T_tfMRI_RELATIONAL_RL.nii.gz","506234","unprocessed//3T/tfMRI_RELATIONAL_RL/506234_3T_tfMRI_RELATIONAL_RL.nii.gz","Kqi4p5.i3rsQW6HQw9yObRzOcNL2NhQO"
"s3://hcp-openaccess/HCP_1200/506234/unprocessed/3T/tfMRI_RELATIONAL_RL/506234_3T_tfMRI_RELATIONAL_RL_SBRef.nii.gz","506234","unprocessed//3T/tfMRI_RELATIONAL_RL/506234_3T_tfMRI_RELATIONAL_RL_SBRef.nii.gz","2uOjssnMZkw.Qe2RR90EVw5EZjzGYoZI"
"s3://hcp-openaccess/HCP_1200/506234/unprocessed/3T/tfMRI_RELATIONAL_RL/LINKED_DATA/EPRIME/506234_3T_RELATIONAL_run1_TAB.txt","506234","unprocessed//3T/tfMRI_RELATIONAL_RL/LINKED_DATA/EPRIME/506234_3T_RELATIONAL_run1_TAB.txt","u.l6RCr9xh2uh7qv3YvQEdlMSzDJb.S6"
"s3://hcp-openaccess/HCP_1200/506234/unprocessed/3T/tfMRI_RELATIONAL_RL/LINKED_DATA/EPRIME/EVs/RELATIONAL_Stats.csv","506234","unprocessed//3T/tfMRI_RELATIONAL_RL/LINKED_DATA/EPRIME/EVs/RELATIONAL_Stats.csv","1eq0AtwgmMDIB1EG1G7BepbTxKjvtJg2"
"s3://hcp-openaccess/HCP_1200/506234/unprocessed/3T/tfMRI_RELATIONAL_RL/LINKED_DATA/EPRIME/EVs/Sync.txt","506234","unprocessed//3T/tfMRI_RELATIONAL_RL/LINKED_DATA/EPRIME/EVs/Sync.txt","TtdjXZcQm1O6gP47mQmsH3fcukXj6aib"
"s3://hcp-openaccess/HCP_1200/506234/unprocessed/3T/tfMRI_RELATIONAL_RL/LINKED_DATA/EPRIME/EVs/error.txt","506234","unprocessed//3T/tfMRI_RELATIONAL_RL/LINKED_DATA/EPRIME/EVs/error.txt","JUOt.Df1rZQWW4OQUW8Khdt9Rh4IcMmm"
"s3://hcp-openaccess/HCP_1200/506234/unprocessed/3T/tfMRI_RELATIONAL_RL/LINKED_DATA/EPRIME/EVs/match.txt","506234","unprocessed//3T/tfMRI_RELATIONAL_RL/LINKED_DATA/EPRIME/EVs/match.txt","iBJpjUIC3AAUfutVkdkKq4o82cAdyEpB"
"s3://hcp-openaccess/HCP_1200/506234/unprocessed/3T/tfMRI_RELATIONAL_RL/LINKED_DATA/EPRIME/EVs/relation.txt","506234","unprocessed//3T/tfMRI_RELATIONAL_RL/LINKED_DATA/EPRIME/EVs/relation.txt","lRjxZQaQ8wzjVxHpjmuPkpyg6NP1d6pa"
"s3://hcp-openaccess/HCP_1200/506234/unprocessed/3T/tfMRI_RELATIONAL_RL/LINKED_DATA/PHYSIO/506234_3T_tfMRI_RELATIONAL_RL_Physio_log.txt","506234","unprocessed//3T/tfMRI_RELATIONAL_RL/LINKED_DATA/PHYSIO/506234_3T_tfMRI_RELATIONAL_RL_Physio_log.txt","2x6LSIDDLmHjHdyXT3uGgBDyR5sHp.gr"
"s3://hcp-openaccess/HCP_1200/506234/unprocessed/3T/tfMRI_SOCIAL_LR/506234_3T_BIAS_32CH.nii.gz","506234","unprocessed//3T/tfMRI_SOCIAL_LR/506234_3T_BIAS_32CH.nii.gz","eik.nEZM27QvBK2nPKGcvSzHsjv9McUy"
"s3://hcp-openaccess/HCP_1200/506234/unprocessed/3T/tfMRI_SOCIAL_LR/506234_3T_BIAS_BC.nii.gz","506234","unprocessed//3T/tfMRI_SOCIAL_LR/506234_3T_BIAS_BC.nii.gz","2_DU3hyHFd6vYxS8A697siL204zHPXBp"
"s3://hcp-openaccess/HCP_1200/506234/unprocessed/3T/tfMRI_SOCIAL_LR/506234_3T_SpinEchoFieldMap_LR.nii.gz","506234","unprocessed//3T/tfMRI_SOCIAL_LR/506234_3T_SpinEchoFieldMap_LR.nii.gz","gt3ArHm4893EJKcOMkur6X0gom2v_AYG"
"s3://hcp-openaccess/HCP_1200/506234/unprocessed/3T/tfMRI_SOCIAL_LR/506234_3T_SpinEchoFieldMap_RL.nii.gz","506234","unprocessed//3T/tfMRI_SOCIAL_LR/506234_3T_SpinEchoFieldMap_RL.nii.gz","2NAY3v1.blSkNE5r55l9NwZbzA9tSdZz"
"s3://hcp-openaccess/HCP_1200/506234/unprocessed/3T/tfMRI_SOCIAL_LR/506234_3T_tfMRI_SOCIAL_LR.nii.gz","506234","unprocessed//3T/tfMRI_SOCIAL_LR/506234_3T_tfMRI_SOCIAL_LR.nii.gz","4YT5Akzr23vKQB6l3ZK7R8MYK079Q8c5"
"s3://hcp-openaccess/HCP_1200/506234/unprocessed/3T/tfMRI_SOCIAL_LR/506234_3T_tfMRI_SOCIAL_LR_SBRef.nii.gz","506234","unprocessed//3T/tfMRI_SOCIAL_LR/506234_3T_tfMRI_SOCIAL_LR_SBRef.nii.gz","iUicv.EkKRrMZ1P7zHpelYLGNEifgq6q"
"s3://hcp-openaccess/HCP_1200/506234/unprocessed/3T/tfMRI_SOCIAL_LR/LINKED_DATA/EPRIME/506234_3T_SOCIAL_run2_TAB.txt","506234","unprocessed//3T/tfMRI_SOCIAL_LR/LINKED_DATA/EPRIME/506234_3T_SOCIAL_run2_TAB.txt","k9PlRnDEJneXkZ7j3sAjwOqjQnB5Odpj"
"s3://hcp-openaccess/HCP_1200/506234/unprocessed/3T/tfMRI_SOCIAL_LR/LINKED_DATA/EPRIME/EVs/SOCIAL_Stats.csv","506234","unprocessed//3T/tfMRI_SOCIAL_LR/LINKED_DATA/EPRIME/EVs/SOCIAL_Stats.csv","pkOPm.BdVomg0MyzRt0KcuudTsVOb30."
"s3://hcp-openaccess/HCP_1200/506234/unprocessed/3T/tfMRI_SOCIAL_LR/LINKED_DATA/EPRIME/EVs/Sync.txt","506234","unprocessed//3T/tfMRI_SOCIAL_LR/LINKED_DATA/EPRIME/EVs/Sync.txt","ilJVw_bJTRWob3p2OfSMHZOejxr6WjCU"
"s3://hcp-openaccess/HCP_1200/506234/unprocessed/3T/tfMRI_SOCIAL_LR/LINKED_DATA/EPRIME/EVs/mental.txt","506234","unprocessed//3T/tfMRI_SOCIAL_LR/LINKED_DATA/EPRIME/EVs/mental.txt","7SVE9xgwNEHv9omPHeqzdH_CI8IUsvts"
"s3://hcp-openaccess/HCP_1200/506234/unprocessed/3T/tfMRI_SOCIAL_LR/LINKED_DATA/EPRIME/EVs/mental_resp.txt","506234","unprocessed//3T/tfMRI_SOCIAL_LR/LINKED_DATA/EPRIME/EVs/mental_resp.txt","KbNo2GhRZWHXRpWq1TwQOJlB5JlhSYbf"
"s3://hcp-openaccess/HCP_1200/506234/unprocessed/3T/tfMRI_SOCIAL_LR/LINKED_DATA/EPRIME/EVs/other_resp.txt","506234","unprocessed//3T/tfMRI_SOCIAL_LR/LINKED_DATA/EPRIME/EVs/other_resp.txt","kX.3TfQQ8uwbUSVq1OqnUGVSVd9MndAk"
"s3://hcp-openaccess/HCP_1200/506234/unprocessed/3T/tfMRI_SOCIAL_LR/LINKED_DATA/EPRIME/EVs/rnd.txt","506234","unprocessed//3T/tfMRI_SOCIAL_LR/LINKED_DATA/EPRIME/EVs/rnd.txt","itIZQc.MsSsP3rm2CrIJ3UWvgw5CjkRa"
"s3://hcp-openaccess/HCP_1200/506234/unprocessed/3T/tfMRI_SOCIAL_LR/LINKED_DATA/PHYSIO/506234_3T_tfMRI_SOCIAL_LR_Physio_log.txt","506234","unprocessed//3T/tfMRI_SOCIAL_LR/LINKED_DATA/PHYSIO/506234_3T_tfMRI_SOCIAL_LR_Physio_log.txt","y0lAWn8CouqeRxZkIxv9FqmTgv18jsmD"
"s3://hcp-openaccess/HCP_1200/506234/unprocessed/3T/tfMRI_SOCIAL_RL/506234_3T_BIAS_32CH.nii.gz","506234","unprocessed//3T/tfMRI_SOCIAL_RL/506234_3T_BIAS_32CH.nii.gz","BtaKECGCeKRq3I.dviAyNKbUSm8.JgMc"
"s3://hcp-openaccess/HCP_1200/506234/unprocessed/3T/tfMRI_SOCIAL_RL/506234_3T_BIAS_BC.nii.gz","506234","unprocessed//3T/tfMRI_SOCIAL_RL/506234_3T_BIAS_BC.nii.gz","4Rb5ggd5zUemrVamVFhUnKHlvFYsgzRK"
"s3://hcp-openaccess/HCP_1200/506234/unprocessed/3T/tfMRI_SOCIAL_RL/506234_3T_SpinEchoFieldMap_LR.nii.gz","506234","unprocessed//3T/tfMRI_SOCIAL_RL/506234_3T_SpinEchoFieldMap_LR.nii.gz","fPpF3o4fb8qa1iljv573sIDYkHGOxYTZ"
"s3://hcp-openaccess/HCP_1200/506234/unprocessed/3T/tfMRI_SOCIAL_RL/506234_3T_SpinEchoFieldMap_RL.nii.gz","506234","unprocessed//3T/tfMRI_SOCIAL_RL/506234_3T_SpinEchoFieldMap_RL.nii.gz","rh.EVeYXjYcCuMHCqtQkOdBGcsGLn30d"
"s3://hcp-openaccess/HCP_1200/506234/unprocessed/3T/tfMRI_SOCIAL_RL/506234_3T_tfMRI_SOCIAL_RL.nii.gz","506234","unprocessed//3T/tfMRI_SOCIAL_RL/506234_3T_tfMRI_SOCIAL_RL.nii.gz",".iZsymgsqW4302EmjBbd7PgKvjEnx23k"
"s3://hcp-openaccess/HCP_1200/506234/unprocessed/3T/tfMRI_SOCIAL_RL/506234_3T_tfMRI_SOCIAL_RL_SBRef.nii.gz","506234","unprocessed//3T/tfMRI_SOCIAL_RL/506234_3T_tfMRI_SOCIAL_RL_SBRef.nii.gz","NBd.wiG8wUqr0q94vw49jiUZkLOUeivO"
"s3://hcp-openaccess/HCP_1200/506234/unprocessed/3T/tfMRI_SOCIAL_RL/LINKED_DATA/EPRIME/506234_3T_SOCIAL_run1_TAB.txt","506234","unprocessed//3T/tfMRI_SOCIAL_RL/LINKED_DATA/EPRIME/506234_3T_SOCIAL_run1_TAB.txt","QFw9WpZEjjJgGFo4_mINhQe6rqOePqhq"
"s3://hcp-openaccess/HCP_1200/506234/unprocessed/3T/tfMRI_SOCIAL_RL/LINKED_DATA/EPRIME/EVs/SOCIAL_Stats.csv","506234","unprocessed//3T/tfMRI_SOCIAL_RL/LINKED_DATA/EPRIME/EVs/SOCIAL_Stats.csv","co5PUe0whK4YqW36kv4n3fwQYcjulKif"
"s3://hcp-openaccess/HCP_1200/506234/unprocessed/3T/tfMRI_SOCIAL_RL/LINKED_DATA/EPRIME/EVs/Sync.txt","506234","unprocessed//3T/tfMRI_SOCIAL_RL/LINKED_DATA/EPRIME/EVs/Sync.txt","sr9C4ujLqV64Gt6VYeIIHSAjMy_O2p_m"
"s3://hcp-openaccess/HCP_1200/506234/unprocessed/3T/tfMRI_SOCIAL_RL/LINKED_DATA/EPRIME/EVs/mental.txt","506234","unprocessed//3T/tfMRI_SOCIAL_RL/LINKED_DATA/EPRIME/EVs/mental.txt","_r5T2PnKliGvniFHg5C_BGLgLv6kUWrh"
"s3://hcp-openaccess/HCP_1200/506234/unprocessed/3T/tfMRI_SOCIAL_RL/LINKED_DATA/EPRIME/EVs/mental_resp.txt","506234","unprocessed//3T/tfMRI_SOCIAL_RL/LINKED_DATA/EPRIME/EVs/mental_resp.txt","UR33ezwWMEK3_5acd.Q._7xerqd28mg9"
"s3://hcp-openaccess/HCP_1200/506234/unprocessed/3T/tfMRI_SOCIAL_RL/LINKED_DATA/EPRIME/EVs/other_resp.txt","506234","unprocessed//3T/tfMRI_SOCIAL_RL/LINKED_DATA/EPRIME/EVs/other_resp.txt","lRQ_GdFrwqhMfvdd8AxL5oFvPOEViet0"
"s3://hcp-openaccess/HCP_1200/506234/unprocessed/3T/tfMRI_SOCIAL_RL/LINKED_DATA/EPRIME/EVs/rnd.txt","506234","unprocessed//3T/tfMRI_SOCIAL_RL/LINKED_DATA/EPRIME/EVs/rnd.txt","aTBH6W.jtlFW9gySs8G5cjMR_HZaGGo3"
"s3://hcp-openaccess/HCP_1200/506234/unprocessed/3T/tfMRI_SOCIAL_RL/LINKED_DATA/PHYSIO/506234_3T_tfMRI_SOCIAL_RL_Physio_log.txt","506234","unprocessed//3T/tfMRI_SOCIAL_RL/LINKED_DATA/PHYSIO/506234_3T_tfMRI_SOCIAL_RL_Physio_log.txt","QOqsaaY10oK49lQDH2g7TCbVg5s5sm6_"
"s3://hcp-openaccess/HCP_1200/506234/unprocessed/3T/tfMRI_WM_LR/506234_3T_BIAS_32CH.nii.gz","506234","unprocessed//3T/tfMRI_WM_LR/506234_3T_BIAS_32CH.nii.gz","Du3EvQWSmCkgOI0dtLvxzbYM7Rt8QAUP"
"s3://hcp-openaccess/HCP_1200/506234/unprocessed/3T/tfMRI_WM_LR/506234_3T_BIAS_BC.nii.gz","506234","unprocessed//3T/tfMRI_WM_LR/506234_3T_BIAS_BC.nii.gz","khBPnzmV6cHboaimTnCSUhiNlYLZP.6M"
"s3://hcp-openaccess/HCP_1200/506234/unprocessed/3T/tfMRI_WM_LR/506234_3T_SpinEchoFieldMap_LR.nii.gz","506234","unprocessed//3T/tfMRI_WM_LR/506234_3T_SpinEchoFieldMap_LR.nii.gz","JYIQZr0oZJ5_TvXtRT6hpjZDzBYeakkF"
"s3://hcp-openaccess/HCP_1200/506234/unprocessed/3T/tfMRI_WM_LR/506234_3T_SpinEchoFieldMap_RL.nii.gz","506234","unprocessed//3T/tfMRI_WM_LR/506234_3T_SpinEchoFieldMap_RL.nii.gz","ubM3c1AMcw5dGXf5pMnJRjlAycJ8FuO8"
"s3://hcp-openaccess/HCP_1200/506234/unprocessed/3T/tfMRI_WM_LR/506234_3T_tfMRI_WM_LR.nii.gz","506234","unprocessed//3T/tfMRI_WM_LR/506234_3T_tfMRI_WM_LR.nii.gz","8NM7vfVDQxMTG6BpWWT1TbQ7yAXf.azk"
"s3://hcp-openaccess/HCP_1200/506234/unprocessed/3T/tfMRI_WM_LR/506234_3T_tfMRI_WM_LR_SBRef.nii.gz","506234","unprocessed//3T/tfMRI_WM_LR/506234_3T_tfMRI_WM_LR_SBRef.nii.gz","Zlob0D5g8UstGJ_n1GeSUyOguV_Rta0z"
"s3://hcp-openaccess/HCP_1200/506234/unprocessed/3T/tfMRI_WM_LR/LINKED_DATA/EPRIME/506234_3T_REC_run2_TAB.txt","506234","unprocessed//3T/tfMRI_WM_LR/LINKED_DATA/EPRIME/506234_3T_REC_run2_TAB.txt","BXZ_w9SotEfuVt2EsGIj4Iq_giZTJa1U"
"s3://hcp-openaccess/HCP_1200/506234/unprocessed/3T/tfMRI_WM_LR/LINKED_DATA/EPRIME/506234_3T_WM_run2_TAB.txt","506234","unprocessed//3T/tfMRI_WM_LR/LINKED_DATA/EPRIME/506234_3T_WM_run2_TAB.txt","7YIRV3wDlf3sz2AT7SMVDbUNNTCinkr_"
"s3://hcp-openaccess/HCP_1200/506234/unprocessed/3T/tfMRI_WM_LR/LINKED_DATA/EPRIME/EVs/0bk_body.txt","506234","unprocessed//3T/tfMRI_WM_LR/LINKED_DATA/EPRIME/EVs/0bk_body.txt","g3JgWsmYhEXGK5LAIVgpr0qntdcPLQx0"
"s3://hcp-openaccess/HCP_1200/506234/unprocessed/3T/tfMRI_WM_LR/LINKED_DATA/EPRIME/EVs/0bk_cor.txt","506234","unprocessed//3T/tfMRI_WM_LR/LINKED_DATA/EPRIME/EVs/0bk_cor.txt","NoL4csE0p9ZBvw8iwoGM4ED3oaBqCciP"
"s3://hcp-openaccess/HCP_1200/506234/unprocessed/3T/tfMRI_WM_LR/LINKED_DATA/EPRIME/EVs/0bk_err.txt","506234","unprocessed//3T/tfMRI_WM_LR/LINKED_DATA/EPRIME/EVs/0bk_err.txt","J5cTjZQlzFFGBSXSa97JKoXmgkhluxHw"
"s3://hcp-openaccess/HCP_1200/506234/unprocessed/3T/tfMRI_WM_LR/LINKED_DATA/EPRIME/EVs/0bk_faces.txt","506234","unprocessed//3T/tfMRI_WM_LR/LINKED_DATA/EPRIME/EVs/0bk_faces.txt","Q9Q4SNo2kh2lEuy0fc9t2kqz4RTwEMEs"
"s3://hcp-openaccess/HCP_1200/506234/unprocessed/3T/tfMRI_WM_LR/LINKED_DATA/EPRIME/EVs/0bk_nlr.txt","506234","unprocessed//3T/tfMRI_WM_LR/LINKED_DATA/EPRIME/EVs/0bk_nlr.txt","SV6yEZrrezJalSta6Do5mraREfImjruw"
"s3://hcp-openaccess/HCP_1200/506234/unprocessed/3T/tfMRI_WM_LR/LINKED_DATA/EPRIME/EVs/0bk_places.txt","506234","unprocessed//3T/tfMRI_WM_LR/LINKED_DATA/EPRIME/EVs/0bk_places.txt","OrCmq0RPJJJU407t1uuI.61WEnvxh8Tb"
"s3://hcp-openaccess/HCP_1200/506234/unprocessed/3T/tfMRI_WM_LR/LINKED_DATA/EPRIME/EVs/0bk_tools.txt","506234","unprocessed//3T/tfMRI_WM_LR/LINKED_DATA/EPRIME/EVs/0bk_tools.txt","rzGwypJCms6JZ4FrrVQBUJHpGBRLaGgu"
"s3://hcp-openaccess/HCP_1200/506234/unprocessed/3T/tfMRI_WM_LR/LINKED_DATA/EPRIME/EVs/2bk_body.txt","506234","unprocessed//3T/tfMRI_WM_LR/LINKED_DATA/EPRIME/EVs/2bk_body.txt","_Jy_5x2qC_9ALImq5Y4DUH8ZLOh.1rsf"
"s3://hcp-openaccess/HCP_1200/506234/unprocessed/3T/tfMRI_WM_LR/LINKED_DATA/EPRIME/EVs/2bk_cor.txt","506234","unprocessed//3T/tfMRI_WM_LR/LINKED_DATA/EPRIME/EVs/2bk_cor.txt","QIaXp1TLzds.yfaAMj04N.WHHvOZI05k"
"s3://hcp-openaccess/HCP_1200/506234/unprocessed/3T/tfMRI_WM_LR/LINKED_DATA/EPRIME/EVs/2bk_err.txt","506234","unprocessed//3T/tfMRI_WM_LR/LINKED_DATA/EPRIME/EVs/2bk_err.txt","8matxUyPUvL4895_ZP5A6T59LypHLV41"
"s3://hcp-openaccess/HCP_1200/506234/unprocessed/3T/tfMRI_WM_LR/LINKED_DATA/EPRIME/EVs/2bk_faces.txt","506234","unprocessed//3T/tfMRI_WM_LR/LINKED_DATA/EPRIME/EVs/2bk_faces.txt","TyU9CdonydsXf3GKMfIgQn4npOV3xPBn"
"s3://hcp-openaccess/HCP_1200/506234/unprocessed/3T/tfMRI_WM_LR/LINKED_DATA/EPRIME/EVs/2bk_nlr.txt","506234","unprocessed//3T/tfMRI_WM_LR/LINKED_DATA/EPRIME/EVs/2bk_nlr.txt","_VPeC_M34P.73FZpgnq1rrPyOQ0e01Dt"
"s3://hcp-openaccess/HCP_1200/506234/unprocessed/3T/tfMRI_WM_LR/LINKED_DATA/EPRIME/EVs/2bk_places.txt","506234","unprocessed//3T/tfMRI_WM_LR/LINKED_DATA/EPRIME/EVs/2bk_places.txt","xuZrTG8CjJYY_UmfHfX7it._RyNKUjQ_"
"s3://hcp-openaccess/HCP_1200/506234/unprocessed/3T/tfMRI_WM_LR/LINKED_DATA/EPRIME/EVs/2bk_tools.txt","506234","unprocessed//3T/tfMRI_WM_LR/LINKED_DATA/EPRIME/EVs/2bk_tools.txt","YoB6w17FIpJeKnmESrNQTwgWsnKtkVdW"
"s3://hcp-openaccess/HCP_1200/506234/unprocessed/3T/tfMRI_WM_LR/LINKED_DATA/EPRIME/EVs/Sync.txt","506234","unprocessed//3T/tfMRI_WM_LR/LINKED_DATA/EPRIME/EVs/Sync.txt","m27hDTqSnG3QZUa0Tf6D4b58uuvu.lfi"
"s3://hcp-openaccess/HCP_1200/506234/unprocessed/3T/tfMRI_WM_LR/LINKED_DATA/EPRIME/EVs/WM_Stats.csv","506234","unprocessed//3T/tfMRI_WM_LR/LINKED_DATA/EPRIME/EVs/WM_Stats.csv","VYm6TVt7nOb4SBsKtnE2GTU2qsnBWUvj"
"s3://hcp-openaccess/HCP_1200/506234/unprocessed/3T/tfMRI_WM_LR/LINKED_DATA/EPRIME/EVs/all_bk_cor.txt","506234","unprocessed//3T/tfMRI_WM_LR/LINKED_DATA/EPRIME/EVs/all_bk_cor.txt","DEh_KFqTT4ub7h_yheW_aWeUvJ7angQr"
"s3://hcp-openaccess/HCP_1200/506234/unprocessed/3T/tfMRI_WM_LR/LINKED_DATA/EPRIME/EVs/all_bk_err.txt","506234","unprocessed//3T/tfMRI_WM_LR/LINKED_DATA/EPRIME/EVs/all_bk_err.txt","qu6gjU12nkgiyTSgXxxT.Td.MBQZvPnV"
"s3://hcp-openaccess/HCP_1200/506234/unprocessed/3T/tfMRI_WM_LR/LINKED_DATA/PHYSIO/506234_3T_tfMRI_WM_LR_Physio_log.txt","506234","unprocessed//3T/tfMRI_WM_LR/LINKED_DATA/PHYSIO/506234_3T_tfMRI_WM_LR_Physio_log.txt","G9dturPxpZQInrfq2LwTEuR94_59iJWA"
"s3://hcp-openaccess/HCP_1200/506234/unprocessed/3T/tfMRI_WM_RL/506234_3T_BIAS_32CH.nii.gz","506234","unprocessed//3T/tfMRI_WM_RL/506234_3T_BIAS_32CH.nii.gz","C0OWobXTHvoXpwJYfWKDfZ3RpyfJScHg"
"s3://hcp-openaccess/HCP_1200/506234/unprocessed/3T/tfMRI_WM_RL/506234_3T_BIAS_BC.nii.gz","506234","unprocessed//3T/tfMRI_WM_RL/506234_3T_BIAS_BC.nii.gz","XS8oohnDsBT5DFQFgZn7yJnLKu8SoOEN"
"s3://hcp-openaccess/HCP_1200/506234/unprocessed/3T/tfMRI_WM_RL/506234_3T_SpinEchoFieldMap_LR.nii.gz","506234","unprocessed//3T/tfMRI_WM_RL/506234_3T_SpinEchoFieldMap_LR.nii.gz","a3n8ToA2lSvd9NOjG7._wVOEiA6ric6A"
"s3://hcp-openaccess/HCP_1200/506234/unprocessed/3T/tfMRI_WM_RL/506234_3T_SpinEchoFieldMap_RL.nii.gz","506234","unprocessed//3T/tfMRI_WM_RL/506234_3T_SpinEchoFieldMap_RL.nii.gz","EroryNsIvFV3fW9hnTdnEmc4hGcl2sBK"
"s3://hcp-openaccess/HCP_1200/506234/unprocessed/3T/tfMRI_WM_RL/506234_3T_tfMRI_WM_RL.nii.gz","506234","unprocessed//3T/tfMRI_WM_RL/506234_3T_tfMRI_WM_RL.nii.gz","7Or1Vn9v6Td7Zm7xSEbamfRGvOoTQ89t"
"s3://hcp-openaccess/HCP_1200/506234/unprocessed/3T/tfMRI_WM_RL/506234_3T_tfMRI_WM_RL_SBRef.nii.gz","506234","unprocessed//3T/tfMRI_WM_RL/506234_3T_tfMRI_WM_RL_SBRef.nii.gz","tr0Cg6uZYk0IARMqwUGY0o7_KqziM7u6"
"s3://hcp-openaccess/HCP_1200/506234/unprocessed/3T/tfMRI_WM_RL/LINKED_DATA/EPRIME/506234_3T_REC_run1_TAB.txt","506234","unprocessed//3T/tfMRI_WM_RL/LINKED_DATA/EPRIME/506234_3T_REC_run1_TAB.txt","gJSd9xPvg1RCD2jQlQjaT16lUOCmJTY4"
"s3://hcp-openaccess/HCP_1200/506234/unprocessed/3T/tfMRI_WM_RL/LINKED_DATA/EPRIME/506234_3T_WM_run1_TAB.txt","506234","unprocessed//3T/tfMRI_WM_RL/LINKED_DATA/EPRIME/506234_3T_WM_run1_TAB.txt","n_boNFjFyO5YDH3jzy8BThNxe3bAmYFt"
"s3://hcp-openaccess/HCP_1200/506234/unprocessed/3T/tfMRI_WM_RL/LINKED_DATA/EPRIME/EVs/0bk_body.txt","506234","unprocessed//3T/tfMRI_WM_RL/LINKED_DATA/EPRIME/EVs/0bk_body.txt","YUL3wAHbr5wRl.xv6M9DXJ3u2HV1BKAO"
"s3://hcp-openaccess/HCP_1200/506234/unprocessed/3T/tfMRI_WM_RL/LINKED_DATA/EPRIME/EVs/0bk_cor.txt","506234","unprocessed//3T/tfMRI_WM_RL/LINKED_DATA/EPRIME/EVs/0bk_cor.txt","fZNpx1rw.YcsNMgqP.HNm2lRSKH2JwW_"
"s3://hcp-openaccess/HCP_1200/506234/unprocessed/3T/tfMRI_WM_RL/LINKED_DATA/EPRIME/EVs/0bk_err.txt","506234","unprocessed//3T/tfMRI_WM_RL/LINKED_DATA/EPRIME/EVs/0bk_err.txt","RLjEcjQ7W3lvqYMQylet6ye3OR78wgU7"
"s3://hcp-openaccess/HCP_1200/506234/unprocessed/3T/tfMRI_WM_RL/LINKED_DATA/EPRIME/EVs/0bk_faces.txt","506234","unprocessed//3T/tfMRI_WM_RL/LINKED_DATA/EPRIME/EVs/0bk_faces.txt","_tIT3DrF10cgbwOUq38luYx9dTLq8o44"
"s3://hcp-openaccess/HCP_1200/506234/unprocessed/3T/tfMRI_WM_RL/LINKED_DATA/EPRIME/EVs/0bk_nlr.txt","506234","unprocessed//3T/tfMRI_WM_RL/LINKED_DATA/EPRIME/EVs/0bk_nlr.txt","ebK3Cp5gTZK2CBp4QJ7BQGRN7Od68HNK"
"s3://hcp-openaccess/HCP_1200/506234/unprocessed/3T/tfMRI_WM_RL/LINKED_DATA/EPRIME/EVs/0bk_places.txt","506234","unprocessed//3T/tfMRI_WM_RL/LINKED_DATA/EPRIME/EVs/0bk_places.txt","KVQGVCep97z9FMU7g6ckEfhDpkt097KD"
"s3://hcp-openaccess/HCP_1200/506234/unprocessed/3T/tfMRI_WM_RL/LINKED_DATA/EPRIME/EVs/0bk_tools.txt","506234","unprocessed//3T/tfMRI_WM_RL/LINKED_DATA/EPRIME/EVs/0bk_tools.txt","NCoTd_SoVFC0AljorLSs1A52HRgnB3df"
"s3://hcp-openaccess/HCP_1200/506234/unprocessed/3T/tfMRI_WM_RL/LINKED_DATA/EPRIME/EVs/2bk_body.txt","506234","unprocessed//3T/tfMRI_WM_RL/LINKED_DATA/EPRIME/EVs/2bk_body.txt","JyIEpEqGUTsBctBf9UDGhKpfUteknV45"
"s3://hcp-openaccess/HCP_1200/506234/unprocessed/3T/tfMRI_WM_RL/LINKED_DATA/EPRIME/EVs/2bk_cor.txt","506234","unprocessed//3T/tfMRI_WM_RL/LINKED_DATA/EPRIME/EVs/2bk_cor.txt","yBYB3kHjnZXYS.1O.mALvySTFDVNhf3v"
"s3://hcp-openaccess/HCP_1200/506234/unprocessed/3T/tfMRI_WM_RL/LINKED_DATA/EPRIME/EVs/2bk_err.txt","506234","unprocessed//3T/tfMRI_WM_RL/LINKED_DATA/EPRIME/EVs/2bk_err.txt","nQYnx3LJyUIWQHOteD6gF7aBarGxCO7H"
"s3://hcp-openaccess/HCP_1200/506234/unprocessed/3T/tfMRI_WM_RL/LINKED_DATA/EPRIME/EVs/2bk_faces.txt","506234","unprocessed//3T/tfMRI_WM_RL/LINKED_DATA/EPRIME/EVs/2bk_faces.txt","o3J9Z5hc4rvJp2L_d_OkfZYsQkBhuQps"
"s3://hcp-openaccess/HCP_1200/506234/unprocessed/3T/tfMRI_WM_RL/LINKED_DATA/EPRIME/EVs/2bk_nlr.txt","506234","unprocessed//3T/tfMRI_WM_RL/LINKED_DATA/EPRIME/EVs/2bk_nlr.txt","Sz6vyLjvLsBE0eFH4gqOq2OVt0JDO719"
"s3://hcp-openaccess/HCP_1200/506234/unprocessed/3T/tfMRI_WM_RL/LINKED_DATA/EPRIME/EVs/2bk_places.txt","506234","unprocessed//3T/tfMRI_WM_RL/LINKED_DATA/EPRIME/EVs/2bk_places.txt","MJM7XN.Nqmk6wmbf5MZKfXZTLdP_JX4t"
"s3://hcp-openaccess/HCP_1200/506234/unprocessed/3T/tfMRI_WM_RL/LINKED_DATA/EPRIME/EVs/2bk_tools.txt","506234","unprocessed//3T/tfMRI_WM_RL/LINKED_DATA/EPRIME/EVs/2bk_tools.txt","cXQnDPWKoomLIBU1mfVYGBA6grCn7eFZ"
"s3://hcp-openaccess/HCP_1200/506234/unprocessed/3T/tfMRI_WM_RL/LINKED_DATA/EPRIME/EVs/Sync.txt","506234","unprocessed//3T/tfMRI_WM_RL/LINKED_DATA/EPRIME/EVs/Sync.txt","5MXxQhLpxbZ_HiDoWn62Qd_Ojcny5bVe"
"s3://hcp-openaccess/HCP_1200/506234/unprocessed/3T/tfMRI_WM_RL/LINKED_DATA/EPRIME/EVs/WM_Stats.csv","506234","unprocessed//3T/tfMRI_WM_RL/LINKED_DATA/EPRIME/EVs/WM_Stats.csv","f9YHbVc1notgdwIJQkmByaM7eAA9tVd6"
"s3://hcp-openaccess/HCP_1200/506234/unprocessed/3T/tfMRI_WM_RL/LINKED_DATA/EPRIME/EVs/all_bk_cor.txt","506234","unprocessed//3T/tfMRI_WM_RL/LINKED_DATA/EPRIME/EVs/all_bk_cor.txt","xYmq1W0SxceWUfVjYEQBKrl9ho8bsZOB"
"s3://hcp-openaccess/HCP_1200/506234/unprocessed/3T/tfMRI_WM_RL/LINKED_DATA/EPRIME/EVs/all_bk_err.txt","506234","unprocessed//3T/tfMRI_WM_RL/LINKED_DATA/EPRIME/EVs/all_bk_err.txt","RnC4agzxI.1S4Y4Kx0TcLhPgsualCiiT"
"s3://hcp-openaccess/HCP_1200/506234/unprocessed/3T/tfMRI_WM_RL/LINKED_DATA/PHYSIO/506234_3T_tfMRI_WM_RL_Physio_log.txt","506234","unprocessed//3T/tfMRI_WM_RL/LINKED_DATA/PHYSIO/506234_3T_tfMRI_WM_RL_Physio_log.txt",".8DBkcDtKzD0molWaZ9vVaudVoqD2uzQ"
